1 0.45127 0.628358 0.0196546 0.103723
1 0.553145 0.363416 0.011821 0.046139
1 0.521625 0.429774 0.0128399 0.0579898
1 0.371533 0.554422 0.0114725 0.0616194
1 0.474673 0.552874 0.0181546 0.0897181
0 0.552448 0.373242 0.0146869 0.0409676
1 0.325222 0.750285 0.0260007 0.0768918
1 0.50594 0.291082 0.00856513 0.0400205
1 0.325213 0.771448 0.0285429 0.106335
0 0.775064 0.743194 0.0724879 0.0709019
1 0.388751 0.443692 0.0107857 0.0485321
1 0.3752 0.446763 0.0109918 0.0494169
1 0.521629 0.252394 0.00826954 0.0373859
1 0.560953 0.220426 0.0080011 0.0355164
1 0.53634 0.219882 0.00844974 0.0387175
0 0.71755 0.686517 0.0220371 0.0880479
1 0.476481 0.539979 0.0163822 0.0734183
1 0.530682 0.153266 0.00589789 0.0251609
0 0.458935 0.492243 0.0152671 0.0600114
1 0.413955 0.50551 0.0174636 0.0549194
1 0.487659 0.361025 0.0111582 0.0477047
1 0.35954 0.494343 0.011324 0.0560088
1 0.460613 0.483573 0.0132564 0.0564842
0 0.696621 0.637186 0.0174458 0.070896
1 0.339488 0.56031 0.0117463 0.0488251
1 0.490591 0.368621 0.00970096 0.050459
1 0.559895 0.223475 0.00887621 0.0361119
1 0.499195 0.433509 0.0120705 0.0587941
1 0.418589 0.542225 0.0135228 0.0560861
1 0.559848 0.259188 0.00803439 0.0372991
0 0.559331 0.267463 0.00891917 0.038174
1 0.340614 0.565582 0.0140328 0.0583026
1 0.456499 0.382418 0.0112438 0.0505881
1 0.546387 0.161594 0.00811481 0.0277033
1 0.415745 0.513168 0.0155041 0.0646887
0 0.522667 0.450421 0.0156023 0.0485457
1 0.482474 0.372587 0.00996258 0.0484783
1 0.505679 0.26071 0.00863466 0.032014
1 0.407013 0.518391 0.012361 0.0514155
1 0.3735 0.439273 0.0120883 0.0461616
0 0.786892 0.739465 0.095714 0.0796244
1 0.506862 0.250692 0.00928125 0.0329446
1 0.379342 0.447555 0.0104764 0.0458326
1 0.456483 0.369849 0.0115076 0.0400011
1 0.45504 0.390091 0.0103 0.0412457
1 0.481107 0.322659 0.010314 0.0363502
1 0.486945 0.371145 0.0109379 0.0476629
