1 0.1991 0.497474 0.0404249 0.0328986
1 0.35822 0.471444 0.0334642 0.0284841
1 0.84223 0.47383 0.0460785 0.0345679
1 0.606776 0.471078 0.0234556 0.0374911
1 0.482459 0.506639 0.0263746 0.0356157
1 0.21163 0.583821 0.0422367 0.0380329
1 0.689916 0.431603 0.0242188 0.0381283
1 0.821068 0.545414 0.0253166 0.0363701
1 0.871646 0.583146 0.0425196 0.0351938
1 0.40548 0.324775 0.0279375 0.0310893
1 0.285597 0.456203 0.024193 0.037168
1 0.577046 0.531369 0.0267757 0.0361577
1 0.932154 0.544628 0.0349438 0.035112
1 0.765848 0.59389 0.0342771 0.0377024
1 0.0916135 0.546885 0.0553591 0.039664
1 0.594433 0.611135 0.0313204 0.0331028
1 0.937585 0.544601 0.0239079 0.0342291
1 0.0287493 0.431666 0.0574985 0.0286809
1 0.0106126 0.550778 0.0212252 0.0276374
1 0.0146421 0.431093 0.0292535 0.0274113
