1 0.517187 0.66875 0.015625 0.0402778
1 0.517969 0.585764 0.0109375 0.0416667
1 0.515625 0.493056 0.0125 0.0402778
1 0.134961 0.301736 0.0179687 0.0298611
0 0.515625 0.494444 0.0132813 0.0430556
1 0.130664 0.288542 0.0128906 0.0270833
1 0.139648 0.305035 0.0132813 0.0215278
1 0.133789 0.341667 0.0210938 0.0291667
1 0.988281 0.1125 0.021875 0.0364583
1 0.517187 0.499306 0.0140625 0.0513889
1 0.407813 0.614583 0.0109375 0.0277778
0 0.628125 0.215278 0.028125 0.0638889
0 0.517187 0.66875 0.015625 0.0402778
1 0.135059 0.306944 0.01875 0.0291667
1 0.410156 0.617361 0.0125 0.0277778
0 0.517969 0.585764 0.0109375 0.0416667
1 0.136133 0.296701 0.0230469 0.0364583
1 0.137695 0.346528 0.0222656 0.0291667
1 0.514844 0.675 0.021875 0.0388889
1 0.337109 0.615625 0.0109375 0.0236111
1 0.135547 0.337587 0.0257812 0.0414931
1 0.407031 0.609375 0.0125 0.0354167
0 0.517187 0.499306 0.0140625 0.0513889
1 0.255664 0.482639 0.0148437 0.0236111
1 0.105859 0.550347 0.0126953 0.025
1 0.89375 0.780556 0.0171875 0.025
0 0.94375 0.752083 0.028125 0.0708333
1 0.514063 0.494097 0.0171875 0.0416667
1 0.953125 0.178819 0.028125 0.0583333
1 0.903906 0.755556 0.0359375 0.075
1 0.429688 0.444792 0.009375 0.0319444
0 0.171094 0.976389 0.0140625 0.0180556
0 0.953125 0.178819 0.028125 0.0583333
1 0.158203 0.307639 0.00976562 0.0291667
0 0.903906 0.755556 0.0359375 0.075
1 0.339258 0.620833 0.0144531 0.025
1 0.904688 0.752778 0.028125 0.0666667
1 0.171094 0.976389 0.0140625 0.0180556
0 0.948438 0.180208 0.03125 0.0486111
1 0.569531 0.462153 0.0078125 0.0208333
1 0.514063 0.586806 0.0195312 0.0423611
1 0.448438 0.447917 0.0140625 0.0375
1 0.253906 0.475347 0.0148437 0.0243056
1 0.863281 0.763889 0.0296875 0.0583333
1 0.476953 0.505208 0.0125 0.0354167
1 0.646875 0.172396 0.0125 0.0451389
1 0.157422 0.288021 0.00996094 0.0270833
1 0.629297 0.217361 0.0265625 0.0611111
0 0.630859 0.220139 0.0203125 0.0590278
1 0.948438 0.180208 0.03125 0.0486111
1 0.332422 0.576389 0.00703125 0.0180556
1 0.120898 0.571528 0.0179687 0.0243056
1 0.984375 0.8375 0.021875 0.0222222
0 0.946875 0.7625 0.03125 0.0958333
1 0.25625 0.480208 0.0179687 0.0201389
1 0.334766 0.610417 0.0101562 0.0291667
1 0.0106445 0.0623264 0.0168945 0.0239583
1 0.404687 0.586111 0.0125 0.0263889
0 0.634375 0.196701 0.0421875 0.102778
0 0.170312 0.972222 0.0195312 0.0194444
0 0.904688 0.752778 0.028125 0.0666667
1 0.9875 0.115799 0.025 0.0458333
1 0.105664 0.546528 0.0138672 0.0305556
1 0.90625 0.803472 0.01875 0.0263889
1 0.116406 0.553472 0.025 0.0291667
1 0.338867 0.612153 0.0167969 0.0333333
1 0.429688 0.265799 0.0109375 0.0246528
1 0.789062 0.546181 0.021875 0.0375
1 0.417188 0.621181 0.0109375 0.0270833
1 0.65 0.184722 0.009375 0.0291667
1 0.94375 0.752083 0.028125 0.0708333
1 0.356641 0.207118 0.00703125 0.0222222
1 0.437109 0.600694 0.0117188 0.0402778
0 0.989844 0.11033 0.0203125 0.0355903
1 0.445312 0.374653 0.015625 0.0229167
1 0.313672 0.606597 0.009375 0.0243056
1 0.473047 0.435417 0.0132813 0.0305556
1 0.439063 0.258333 0.009375 0.0194444
0 0.904688 0.773611 0.0328125 0.111111
1 0.98125 0.609028 0.0125 0.0277778
1 0.457031 0.598264 0.01875 0.025
1 0.982813 0.11441 0.034375 0.0496528
1 0.694922 0.708333 0.0132813 0.0236111
0 0.482422 0.0191406 0.0273438 0.0356771
0 0.951563 0.763194 0.0484375 0.101389
1 0.151758 0.718056 0.0142578 0.0305556
1 0.990234 0.103472 0.0195312 0.0467014
1 0.443359 0.259028 0.0109375 0.0246528
0 0.789844 0.544444 0.028125 0.0416667
0 0.475 0.0251845 0.0421875 0.0472005
1 0.947656 0.746528 0.0359375 0.0638889
1 0.452344 0.445486 0.0140625 0.0416667
0 0.627344 0.212847 0.0359375 0.0729167
1 0.521875 0.66875 0.0265625 0.0430556
0 0.989062 0.838889 0.01875 0.0222222
1 0.989062 0.838889 0.01875 0.0222222
1 0.0163574 0.0621528 0.0148437 0.0241319
1 0.12793 0.560417 0.0224609 0.0291667
1 0.138086 0.257292 0.0128906 0.0256944
1 0.898438 0.763889 0.040625 0.075
1 0.472656 0.43125 0.015625 0.0347222
1 0.443359 0.253819 0.00859375 0.0229167
1 0.172852 0.306424 0.0140625 0.028125
1 0.431641 0.873611 0.0164062 0.0333333
0 0.0422363 0.498611 0.0838867 0.143056
1 0.789062 0.705556 0.0140625 0.0277778
1 0.9875 0.0998264 0.025 0.0583333
1 0.0296387 0.0880208 0.0105469 0.0253472
0 0.789062 0.546181 0.021875 0.0375
1 0.428906 0.439583 0.0109375 0.0472222
1 0.864062 0.768056 0.0375 0.0736111
0 0.482812 0.0317817 0.0265625 0.0525825
0 0.885156 0.7875 0.0734375 0.1375
1 0.126953 0.28559 0.0226563 0.0350694
1 0.982813 0.8375 0.03125 0.025
0 0.339258 0.620833 0.0144531 0.025
0 0.984375 0.8375 0.021875 0.0222222
1 0.517969 0.586111 0.0125 0.0430556
1 0.517969 0.669097 0.015625 0.0409722
1 0.515625 0.49375 0.0125 0.0423611
0 0.515625 0.495139 0.0125 0.0444444
0 0.517969 0.671528 0.015625 0.0430556
0 0.517187 0.501042 0.0132813 0.0576389
0 0.517969 0.585069 0.0132813 0.04375
0 0.973437 0.933333 0.0375 0.0222222
1 0.9875 0.111458 0.0234375 0.0395833
1 0.517187 0.501042 0.0132813 0.0576389
0 0.515625 0.510417 0.0171875 0.0763889
0 0.4375 0.598611 0.0625 0.0819444
1 0.13418 0.334375 0.0242187 0.0465278
1 0.131348 0.291319 0.0171875 0.0381944
0 0.807813 0.429167 0.0484375 0.0472222
1 0.134277 0.306771 0.0238281 0.0670139
1 0.792188 0.705556 0.025 0.0305556
0 0.44375 0.426389 0.046875 0.0819444
0 0.988281 0.11059 0.0234375 0.0402778
0 0.591016 0.122049 0.0359375 0.0444444
0 0.45 0.388108 0.06875 0.161285
0 0.949219 0.181424 0.03125 0.05
0 0.448047 0.416667 0.0632813 0.104167
0 0.170898 0.977778 0.0179687 0.0222222
1 0.515625 0.510417 0.0171875 0.0763889
0 0.432813 0.582639 0.0734375 0.102083
0 0.903125 0.674653 0.04375 0.0618056
0 0.587109 0.305208 0.0585938 0.145139
0 0.442969 0.595833 0.0460938 0.0763889
0 0.138086 0.314583 0.0326172 0.0868056
0 0.976562 0.930556 0.040625 0.0277778
0 0.454688 0.324392 0.071875 0.110937
0 0.13418 0.334375 0.0242187 0.0465278
0 0.632812 0.200347 0.0414063 0.102778
1 0.134766 0.341667 0.0246094 0.0375
0 0.450781 0.368837 0.0796875 0.202604
0 0.985937 0.840278 0.028125 0.0277778
0 0.789844 0.708333 0.03125 0.0347222
0 0.953906 0.183854 0.034375 0.0565972
0 0.792188 0.706944 0.028125 0.0277778
1 0.953906 0.183854 0.034375 0.0565972
0 0.579687 0.389236 0.034375 0.0520833
1 0.985937 0.115451 0.028125 0.0489583
1 0.988281 0.105382 0.0234375 0.05
0 0.644531 0.182118 0.0625 0.157986
1 0.89375 0.781944 0.0171875 0.025
0 0.451562 0.604861 0.0328125 0.0541667
0 0.790625 0.545139 0.025 0.0388889
0 0.134277 0.306771 0.0238281 0.0670139
1 0.170898 0.977778 0.0179687 0.0222222
0 0.898438 0.675 0.05625 0.0722222
1 0.136523 0.29566 0.0289063 0.0704861
1 0.138086 0.314583 0.0326172 0.0868056
0 0.0438965 0.491667 0.0866211 0.155556
0 0.934375 0.147049 0.06875 0.126042
0 0.454688 0.6 0.028125 0.0458333
0 0.583984 0.378472 0.0453125 0.0791667
0 0.582422 0.319792 0.0453125 0.0972222
0 0.134766 0.341667 0.0246094 0.0375
0 0.579687 0.336458 0.0375 0.0618056
0 0.904688 0.757639 0.040625 0.0736111
1 0.467187 0.311111 0.0171875 0.0513889
1 0.407813 0.600347 0.0210938 0.0590278
1 0.439453 0.598264 0.0171875 0.0513889
1 0.515625 0.671875 0.0203125 0.0465278
0 0.934375 0.131402 0.075 0.176432
0 0.91875 0.779167 0.159375 0.145833
0 0.415625 0.595833 0.0382813 0.075
1 0.789844 0.708333 0.03125 0.0347222
0 0.402344 0.430556 0.01875 0.0527778
1 0.517578 0.590278 0.015625 0.0597222
0 0.904688 0.773611 0.125 0.126389
0 0.447656 0.584722 0.040625 0.0819444
0 0.451562 0.313715 0.0765625 0.149653
1 0.790625 0.545139 0.025 0.0388889
1 0.904688 0.757639 0.040625 0.0736111
0 0.181641 0.292708 0.121094 0.158333
1 0.514844 0.586111 0.0203125 0.0458333
0 0.979688 0.618056 0.0375 0.0604167
0 0.433594 0.428472 0.078125 0.0805556
0 0.794531 0.705556 0.034375 0.0361111
0 0.136523 0.29566 0.0289063 0.0704861
0 0.412109 0.600347 0.0296875 0.0652778
0 0.430859 0.603472 0.0296875 0.0597222
0 0.798437 0.697917 0.0421875 0.0458333
0 0.975 0.838194 0.040625 0.0361111
0 0.583594 0.259201 0.0484375 0.0607639
0 0.365625 0.690278 0.04375 0.0486111
1 0.427734 0.261806 0.0132813 0.0347222
1 0.949219 0.181424 0.03125 0.05
0 0.413281 0.855556 0.0640625 0.0805556
0 0.986328 0.0987847 0.0273438 0.0631944
0 0.452344 0.436806 0.0453125 0.0694444
1 0.986719 0.838889 0.025 0.0277778
1 0.435937 0.599306 0.0148437 0.0541667
0 0.992188 0.800694 0.015625 0.0430556
0 0.932813 0.756944 0.109375 0.0944444
0 0.8 0.329253 0.03125 0.0470486
0 0.361328 0.695833 0.0515625 0.0611111
0 0.407422 0.603125 0.0203125 0.05625
0 0.153906 0.287153 0.078125 0.141667
0 0.933594 0.776389 0.132812 0.122222
0 0.630859 0.212847 0.0359375 0.0788194
0 0.5875 0.351302 0.0515625 0.0862847
0 0.578906 0.398611 0.03125 0.0388889
0 0.272656 0.453472 0.0546875 0.0694444
1 0.514063 0.499653 0.0171875 0.0534722
0 0.576563 0.401389 0.028125 0.03125
0 0.450391 0.765278 0.0203125 0.05
0 0.892187 0.758333 0.090625 0.0888889
0 0.670313 0.396875 0.0515625 0.0798611
1 0.449219 0.3625 0.0171875 0.0409722
0 0.925 0.587847 0.0328125 0.0319444
1 0.454688 0.6 0.028125 0.0458333
1 0.337109 0.611111 0.0148437 0.0375
0 0.435937 0.580556 0.040625 0.0930556
1 0.339258 0.615278 0.0164062 0.0347222
0 0.892969 0.793056 0.134375 0.136111
0 0.985937 0.115451 0.028125 0.0489583
0 0.94375 0.751389 0.040625 0.075
0 0.339258 0.615278 0.0164062 0.0347222
0 0.591797 0.332292 0.0617188 0.167361
0 0.889063 0.698611 0.08125 0.111111
0 0.404297 0.580208 0.133594 0.11875
0 0.609375 0.416667 0.08125 0.119444
0 0.796875 0.544444 0.040625 0.0444444
0 0.131348 0.291319 0.0171875 0.0381944
0 0.258203 0.475 0.0242187 0.0298611
1 0.451562 0.604861 0.0328125 0.0541667
0 0.144531 0.310069 0.0472656 0.0986111
0 0.339063 0.610417 0.0195312 0.0388889
0 0.623438 0.409722 0.05625 0.0902778
0 0.0293945 0.786111 0.0306641 0.0555556
0 0.614844 0.222743 0.121875 0.262847
0 0.573438 0.342708 0.0257812 0.0493056
1 0.904688 0.802778 0.021875 0.0305556
1 0.992188 0.800694 0.015625 0.0430556
1 0.904688 0.753472 0.03125 0.075
0 0.971094 0.793056 0.0578125 0.0833333
0 0.468359 0.319792 0.0390625 0.0756944
1 0.448438 0.449306 0.0234375 0.0513889
0 0.0664062 0.496528 0.130078 0.160417
0 0.514063 0.499653 0.0171875 0.0534722
0 0.982813 0.970139 0.034375 0.0263889
0 0.784375 0.702604 0.04375 0.0503472
0 0.458594 0.434028 0.04375 0.0604167
0 0.814062 0.429514 0.0578125 0.05625
0 0.936719 0.163845 0.075 0.170226
0 0.93125 0.804167 0.134375 0.129167
0 0.825 0.0688368 0.059375 0.0819444
0 0.0320435 0.802778 0.0251709 0.0222222
0 0.934375 0.119965 0.10625 0.195139
0 0.776563 0.697222 0.059375 0.0583333
1 0.427344 0.255382 0.0140625 0.0427083
0 0.469922 0.430208 0.0210938 0.0520833
0 0.694141 0.707639 0.0171875 0.0236111
1 0.989062 0.113021 0.021875 0.0541667
1 0.403906 0.440972 0.025 0.0541667
1 0.986328 0.0987847 0.0273438 0.0631944
1 0.437891 0.256597 0.0265625 0.0322917
1 0.468359 0.319792 0.0390625 0.0756944
1 0.44375 0.370833 0.021875 0.0291667
0 0.583594 0.286806 0.053125 0.115278
1 0.0320435 0.802778 0.0251709 0.0222222
0 0.461719 0.319792 0.05625 0.0930556
0 0.860937 0.100781 0.040625 0.0453125
0 0.439453 0.598264 0.0171875 0.0513889
1 0.517969 0.586111 0.0109375 0.0416667
1 0.517187 0.667708 0.015625 0.0423611
1 0.516406 0.493056 0.0125 0.0416667
1 0.464844 0.306944 0.0109375 0.0319444
1 0.171094 0.977778 0.0175781 0.0222222
1 0.464063 0.309028 0.015625 0.0416667
1 0.133008 0.342361 0.0210938 0.0277778
1 0.475781 0.310764 0.0265625 0.04375
1 0.40625 0.601389 0.0171875 0.0513889
0 0.517187 0.667708 0.015625 0.0423611
1 0.468359 0.33125 0.01875 0.0472222
0 0.516016 0.49375 0.0125 0.0430556
1 0.44375 0.254861 0.0109375 0.0270833
1 0.46875 0.303819 0.0171875 0.0361111
1 0.133594 0.300694 0.0236328 0.0430556
1 0.407813 0.609028 0.0171875 0.0402778
0 0.102344 0.0772569 0.204688 0.154514
1 0.428125 0.26441 0.0125 0.0305556
0 0.916406 0.788194 0.167187 0.176389
1 0.517187 0.498611 0.0140625 0.0541667
1 0.129688 0.291319 0.0138672 0.0284722
1 0.471875 0.321875 0.0328125 0.0611111
1 0.458594 0.3375 0.0171875 0.0347222
1 0.427344 0.257639 0.0125 0.0375
1 0.448047 0.598958 0.0296875 0.0402778
0 0.0763672 0.0836806 0.152734 0.167361
1 0.473437 0.305903 0.0265625 0.0423611
0 0.432031 0.5875 0.0726563 0.0777778
1 0.462109 0.314236 0.01875 0.0534722
0 0.517969 0.586111 0.0109375 0.0416667
1 0.134961 0.34375 0.0246094 0.0368056
1 0.136523 0.305903 0.0255859 0.0402778
1 0.453125 0.600694 0.028125 0.0319444
1 0.438281 0.257292 0.0125 0.0232639
0 0.409766 0.597917 0.03125 0.0659722
1 0.986719 0.111372 0.0265625 0.0387153
0 0.445703 0.580208 0.0523437 0.08125
1 0.409375 0.601389 0.0296875 0.0590278
0 0.464453 0.325 0.0507812 0.0791667
1 0.448438 0.363194 0.015625 0.0347222
1 0.4375 0.598264 0.01875 0.05
1 0.413672 0.615972 0.0179687 0.0361111
0 0.438281 0.426389 0.0546875 0.0805556
1 0.444531 0.370833 0.0203125 0.0333333
1 0.144922 0.316319 0.0480469 0.0833333
1 0.4625 0.295139 0.0171875 0.0368056
0 0.948438 0.179167 0.0359375 0.0527778
0 0.6 0.327083 0.084375 0.192361
1 0.46875 0.426736 0.021875 0.04375
0 0.438281 0.433333 0.0445312 0.06875
0 0.45 0.429167 0.0546875 0.0659722
0 0.171094 0.977778 0.0175781 0.0222222
1 0.337109 0.615972 0.0117188 0.0236111
0 0.453125 0.600694 0.028125 0.0319444
1 0.514844 0.671528 0.0203125 0.0444444
0 0.89375 0.798611 0.196875 0.175
1 0.442969 0.364583 0.0234375 0.0375
0 0.945312 0.963194 0.10625 0.0736111
0 0.448047 0.598958 0.0296875 0.0402778
1 0.464453 0.325 0.0507812 0.0791667
0 0.444531 0.370833 0.0203125 0.0333333
1 0.140625 0.292361 0.0417969 0.0638889
1 0.464453 0.340885 0.0273438 0.0390625
1 0.129102 0.300174 0.0748047 0.119792
1 0.333203 0.576736 0.00703125 0.0201389
1 0.515625 0.505556 0.0140625 0.0638889
0 0.5875 0.300868 0.0609375 0.132986
0 0.133008 0.342361 0.0210938 0.0277778
0 0.436719 0.574306 0.0671875 0.0923611
1 0.89375 0.779861 0.01875 0.0347222
1 0.360938 0.210938 0.0140625 0.0204861
0 0.0950195 0.276736 0.175195 0.18125
0 0.925 0.757118 0.145313 0.213542
0 0.633594 0.202083 0.040625 0.0958333
1 0.457812 0.34375 0.0273438 0.0395833
0 0.941406 0.175521 0.046875 0.0614583
1 0.110376 0.300694 0.122217 0.125
0 0.909375 0.835417 0.178125 0.213889
1 0.976562 0.933333 0.040625 0.025
0 0.583594 0.384028 0.04375 0.0666667
0 0.434375 0.559028 0.065625 0.0659722
0 0.110376 0.300694 0.122217 0.125
0 0.0948242 0.166493 0.189648 0.332986
0 0.417578 0.597917 0.0476562 0.0645833
0 0.455469 0.327431 0.0734375 0.111806
0 0.427734 0.427083 0.0703125 0.075
0 0.444531 0.438194 0.03125 0.0583333
0 0.398438 0.5875 0.114063 0.101389
1 0.448438 0.602083 0.0351562 0.0527778
1 0.444531 0.438194 0.03125 0.0583333
1 0.514063 0.493056 0.0171875 0.0444444
0 0.4375 0.598264 0.01875 0.05
0 0.828125 0.77934 0.290625 0.205208
0 0.220117 0.325694 0.205859 0.191667
0 0.586719 0.121094 0.0625 0.0501736
0 0.133594 0.300694 0.0236328 0.0430556
1 0.128223 0.316493 0.0408203 0.0788194
1 0.448438 0.268056 0.0125 0.0357639
1 0.339063 0.618403 0.0160156 0.0263889
0 0.4375 0.36875 0.0359375 0.0388889
0 0.603516 0.361806 0.0914062 0.129167
1 0.449219 0.446528 0.0171875 0.0444444
0 0.118945 0.266493 0.209375 0.212847
0 0.45 0.418056 0.0609375 0.0763889
1 0.445703 0.580208 0.0523437 0.08125
0 0.448438 0.602083 0.0351562 0.0527778
1 0.126758 0.307639 0.0507812 0.0888889
1 0.126172 0.295486 0.03125 0.0590278
1 0.455469 0.272049 0.009375 0.0322917
1 0.335742 0.609722 0.0136719 0.0291667
1 0.645312 0.388889 0.00859375 0.0298611
0 0.405469 0.597917 0.0171875 0.0486111
0 0.451953 0.338889 0.0351562 0.0381944
1 0.467187 0.268924 0.015625 0.0326389
1 0.0329102 0.802778 0.0236328 0.0194444
0 0.423047 0.419792 0.090625 0.101389
1 0.948438 0.180556 0.034375 0.0520833
1 0.417578 0.597917 0.0476562 0.0645833
1 0.907031 0.961111 0.0234375 0.0222222
0 0.0988037 0.228646 0.195361 0.273264
0 0.422656 0.604167 0.0390625 0.0555556
0 0.917188 0.665972 0.0953125 0.0555556
1 0.338672 0.611111 0.0179687 0.0291667
1 0.170703 0.974306 0.0226563 0.025
0 0.934375 0.422569 0.121875 0.102778
0 0.407813 0.609028 0.0171875 0.0402778
0 0.404687 0.604167 0.0328125 0.0513889
1 0.451953 0.338889 0.0351562 0.0381944
1 0.982813 0.978472 0.034375 0.0375
0 0.441406 0.384115 0.0734375 0.163715
0 0.426562 0.547222 0.0476562 0.0416667
1 0.357031 0.207292 0.00859375 0.0208333
0 0.864258 0.75 0.258984 0.245833
0 0.144922 0.316319 0.0480469 0.0833333
0 0.458594 0.3375 0.0171875 0.0347222
0 0.582031 0.34375 0.0421875 0.0541667
0 0.591406 0.119618 0.0734375 0.0649306
0 0.988281 0.111285 0.0234375 0.0392361
0 0.589063 0.377083 0.05625 0.0833333
1 0.470313 0.33533 0.034375 0.0543403
1 0.448828 0.372569 0.0195312 0.03125
0 0.834375 0.804167 0.259375 0.188889
0 0.468359 0.33125 0.01875 0.0472222
1 0.151758 0.308854 0.0640625 0.0934028
0 0.934375 0.768056 0.13125 0.147222
0 0.445312 0.373698 0.0921875 0.191493
1 0.901563 0.747222 0.0375 0.0583333
0 0.187695 0.30625 0.154297 0.158333
0 0.585938 0.261458 0.053125 0.0631944
1 0.570312 0.345833 0.021875 0.0423611
0 0.589063 0.272569 0.0578125 0.0854167
1 0.422656 0.604167 0.0390625 0.0555556
0 0.413672 0.615972 0.0179687 0.0361111
0 0.98125 0.203819 0.0375 0.0572917
1 0.983594 0.838889 0.028125 0.0277778
1 0.99375 0.961111 0.0125 0.0222222
0 0.0709961 0.520139 0.141992 0.155556
1 0.645312 0.395833 0.0109375 0.0444444
1 0.139844 0.34158 0.0308594 0.0390625
0 0.129102 0.300174 0.0748047 0.119792
0 0.5875 0.323264 0.059375 0.19375
1 0.435937 0.579861 0.06875 0.0875
0 0.669531 0.398264 0.0546875 0.0722222
1 0.425 0.263542 0.0171875 0.0395833
1 0.404687 0.604167 0.0328125 0.0513889
0 0.46875 0.426736 0.021875 0.04375
0 0.126758 0.307639 0.0507812 0.0888889
0 0.926562 0.144097 0.0734375 0.126736
0 0.442969 0.364583 0.0234375 0.0375
0 0.140625 0.292361 0.0417969 0.0638889
0 0.151758 0.308854 0.0640625 0.0934028
0 0.457812 0.34375 0.0273438 0.0395833
0 0.920313 0.9375 0.153125 0.125
0 0.622656 0.398958 0.0453125 0.0479167
0 0.170703 0.974306 0.0226563 0.025
1 0.428906 0.275347 0.0171875 0.0430556
1 0.886719 0.763889 0.05625 0.0611111
0 0.595312 0.360503 0.0703125 0.109549
0 0.629687 0.216667 0.0328125 0.0680556
0 0.385059 0.595833 0.111133 0.0958333
0 0.418848 0.621528 0.10918 0.15
0 0.464063 0.309028 0.015625 0.0416667
0 0.940625 0.657639 0.117188 0.166667
0 0.517187 0.498611 0.0140625 0.0541667
0 0.516406 0.490278 0.0117188 0.0388889
0 0.517969 0.668056 0.0140625 0.0388889
1 0.517969 0.668056 0.0140625 0.0388889
0 0.517969 0.586111 0.0109375 0.0409722
1 0.517969 0.585764 0.0109375 0.0395833
1 0.516406 0.490972 0.0117188 0.0388889
0 0.517187 0.538542 0.01875 0.135417
1 0.131641 0.340625 0.015625 0.0222222
1 0.13418 0.304167 0.0181641 0.0243056
0 0.170898 0.976389 0.0164062 0.0138889
1 0.13623 0.347222 0.015625 0.0201389
1 0.27168 0.510069 0.0136719 0.0159722
1 0.336328 0.615972 0.0109375 0.0194444
1 0.284375 0.5375 0.0125 0.0131944
1 0.135156 0.345139 0.0179687 0.0270833
0 0.628906 0.214757 0.028125 0.0673611
1 0.253711 0.481597 0.0160156 0.0194444
1 0.790625 0.702083 0.0125 0.0152778
0 0.516406 0.519097 0.0140625 0.0979167
1 0.314063 0.607986 0.00859375 0.0173611
1 0.139355 0.307639 0.0130859 0.0177083
1 0.138477 0.348611 0.0148437 0.0208333
1 0.332422 0.577778 0.00546875 0.0131944
1 0.129883 0.292014 0.0132813 0.0194444
1 0.255469 0.480556 0.0171875 0.0159722
0 0.17002 0.969444 0.0181641 0.0166667
0 0.336328 0.615972 0.0109375 0.0194444
1 0.790625 0.705556 0.015625 0.0180556
0 0.635938 0.190972 0.0460938 0.118056
1 0.170898 0.976389 0.0164062 0.0138889
0 0.9875 0.11059 0.021875 0.0381944
1 0.338867 0.620833 0.0140625 0.0194444
1 0.135352 0.341667 0.0222656 0.0291667
1 0.695703 0.710417 0.0140625 0.0180556
1 0.234375 0.214236 0.009375 0.0208333
0 0.13623 0.347222 0.015625 0.0201389
0 0.936719 0.139757 0.0546875 0.132639
0 0.585156 0.122917 0.05625 0.0503472
1 0.517969 0.668403 0.015625 0.0409722
1 0.51875 0.586111 0.0125 0.0402778
1 0.516406 0.492361 0.0125 0.0409722
1 0.791406 0.701389 0.0140625 0.0166667
0 0.517969 0.670139 0.0148437 0.0416667
0 0.51875 0.586458 0.0117188 0.0395833
1 0.790625 0.704167 0.015625 0.0194444
0 0.516406 0.49375 0.0125 0.0423611
1 0.171484 0.977778 0.0164062 0.0222222
1 0.272266 0.511806 0.0128906 0.0208333
1 0.133105 0.340278 0.021875 0.0340278
1 0.133496 0.303125 0.0216797 0.0486111
1 0.428906 0.265972 0.0109375 0.0270833
1 0.464844 0.30816 0.0101562 0.025
1 0.253906 0.48125 0.0140625 0.0222222
1 0.454688 0.334809 0.0109375 0.0303819
1 0.463281 0.305556 0.0109375 0.0291667
1 0.133398 0.318056 0.0248047 0.0770833
1 0.407813 0.601389 0.0171875 0.0527778
1 0.439844 0.258333 0.0101562 0.0239583
1 0.461719 0.31059 0.015625 0.0329861
1 0.785937 0.709722 0.021875 0.025
1 0.645312 0.390972 0.0078125 0.0333333
1 0.469141 0.339583 0.0140625 0.0291667
0 0.0418945 0.5 0.0837891 0.155556
1 0.443359 0.257292 0.0101562 0.0253472
1 0.514063 0.493056 0.0171875 0.0430556
0 0.973437 0.933333 0.034375 0.0222222
1 0.985937 0.839583 0.028125 0.0277778
1 0.456641 0.602083 0.0195312 0.0305556
1 0.332617 0.576389 0.00703125 0.0194444
1 0.131055 0.293056 0.0167969 0.0347222
0 0.171484 0.977778 0.0164062 0.0222222
1 0.903125 0.757639 0.0359375 0.0722222
0 0.791406 0.701389 0.0140625 0.0166667
0 0.133301 0.317014 0.0230469 0.0791667
1 0.135352 0.314063 0.0234375 0.0614583
1 0.448828 0.367361 0.0109375 0.0277778
1 0.482422 0.315972 0.0132813 0.0305556
1 0.517187 0.501736 0.0140625 0.0548611
1 0.9 0.76875 0.0296875 0.05
1 0.447266 0.373611 0.0125 0.0291667
1 0.233984 0.215278 0.009375 0.0222222
1 0.428125 0.254514 0.0109375 0.0381944
1 0.970312 0.934028 0.028125 0.0194444
0 0.921875 0.779167 0.15625 0.133333
0 0.948438 0.179861 0.034375 0.0541667
1 0.875 0.758333 0.05625 0.0666667
1 0.336719 0.616667 0.0125 0.025
1 0.989844 0.1125 0.01875 0.0385417
1 0.275781 0.513194 0.01875 0.0222222
1 0.440234 0.597917 0.0132813 0.0381944
1 0.460156 0.290972 0.0109375 0.0267361
0 0.628906 0.216493 0.028125 0.065625
1 0.978125 0.976389 0.0265625 0.0305556
1 0.176953 0.30625 0.0121094 0.0277778
1 0.4625 0.330903 0.0234375 0.0520833
1 0.469531 0.297743 0.0132813 0.0267361
1 0.252734 0.473958 0.0132813 0.0208333
1 0.448438 0.336806 0.01875 0.0375
0 0.456641 0.602083 0.0195312 0.0305556
1 0.607031 0.398958 0.0101562 0.0333333
0 0.964063 0.770833 0.071875 0.116667
1 0.632812 0.222049 0.0171875 0.0621528
0 0.978125 0.976389 0.0265625 0.0305556
1 0.450781 0.455208 0.0117188 0.03125
1 0.25625 0.480556 0.015625 0.0159722
1 0.157031 0.304688 0.0152344 0.0649306
0 0.408594 0.600694 0.0203125 0.0583333
1 0.630078 0.217708 0.0257812 0.0659722
1 0.4375 0.6 0.0125 0.05
0 0.969531 0.934722 0.0296875 0.0222222
1 0.158594 0.289757 0.0107422 0.0399306
0 0.0424316 0.530903 0.0848633 0.0840278
1 0.276563 0.520833 0.0210938 0.0361111
1 0.860937 0.761111 0.025 0.0527778
0 0.985937 0.838889 0.0265625 0.0291667
1 0.135547 0.301389 0.0271484 0.0604167
1 0.339453 0.619097 0.0171875 0.0256944
1 0.252344 0.460417 0.0117188 0.0194444
0 0.452344 0.599653 0.028125 0.0472222
0 0.942969 0.784722 0.114063 0.15
1 0.442969 0.362153 0.0171875 0.03125
0 0.4625 0.330903 0.0234375 0.0520833
1 0.173828 0.297569 0.0171875 0.0458333
1 0.854688 0.715278 0.009375 0.0166667
0 0.907031 0.756944 0.0421875 0.0791667
1 0.98125 0.8375 0.0375 0.0388889
1 0.173633 0.976389 0.0171875 0.0236111
1 0.804688 0.685417 0.0125 0.0166667
1 0.457812 0.343403 0.015625 0.0340278
0 0.990625 0.108247 0.01875 0.0369792
1 0.982813 0.974306 0.034375 0.0333333
1 0.467578 0.344097 0.0140625 0.0284722
1 0.971875 0.840278 0.05 0.0375
0 0.150781 0.312326 0.0609375 0.100347
1 0.791406 0.7 0.0171875 0.025
1 0.136133 0.334722 0.0263672 0.0520833
1 0.617969 0.395139 0.0203125 0.0305556
1 0.452734 0.444792 0.0125 0.0402778
1 0.921875 0.779167 0.15625 0.133333
1 0.632812 0.355556 0.009375 0.0263889
0 0.875 0.758333 0.05625 0.0666667
1 0.425391 0.266319 0.0164062 0.0326389
1 0.350977 0.19375 0.00976562 0.025
0 0.133105 0.340278 0.021875 0.0340278
1 0.90625 0.802083 0.015625 0.0236111
1 0.448828 0.268403 0.0117188 0.0305556
1 0.452734 0.608333 0.0265625 0.0388889
1 0.432813 0.362847 0.0125 0.0243056
0 0.946875 0.17053 0.040625 0.0721354
1 0.356836 0.206597 0.00820312 0.0236111
1 0.283398 0.536806 0.0125 0.0125
1 0.439063 0.59375 0.0132813 0.0416667
1 0.982813 0.852778 0.034375 0.0472222
1 0.517969 0.66875 0.015625 0.0416667
1 0.516406 0.492708 0.0117188 0.0402778
1 0.517969 0.586806 0.0109375 0.0402778
0 0.517969 0.670486 0.015625 0.04375
0 0.516016 0.494792 0.0125 0.0430556
1 0.517187 0.500694 0.0125 0.0534722
0 0.517969 0.586806 0.0109375 0.0402778
1 0.133984 0.342361 0.0199219 0.0305556
1 0.134961 0.303646 0.0207031 0.0298611
1 0.407813 0.600694 0.0171875 0.0569444
0 0.517187 0.500694 0.0125 0.0534722
1 0.790625 0.702778 0.015625 0.0194444
1 0.791406 0.705556 0.015625 0.0222222
0 0.453125 0.446875 0.015625 0.0479167
1 0.986719 0.840972 0.0234375 0.025
0 0.454688 0.602083 0.0242187 0.0354167
1 0.515625 0.672222 0.0210938 0.0444444
0 0.447656 0.600694 0.0335938 0.0583333
1 0.463672 0.302431 0.0117188 0.034375
0 0.443359 0.433681 0.034375 0.0652778
0 0.630859 0.217361 0.0304688 0.0729167
1 0.139062 0.307813 0.0144531 0.0225694
1 0.632812 0.227778 0.015625 0.0597222
1 0.989062 0.107726 0.0203125 0.0359375
1 0.452734 0.443056 0.0140625 0.0472222
1 0.440234 0.595139 0.0164062 0.0486111
0 0.453516 0.428819 0.0476562 0.0631944
1 0.63125 0.219444 0.025 0.0715278
1 0.136914 0.345833 0.01875 0.0298611
0 0.432813 0.582639 0.0226563 0.0819444
1 0.7875 0.709028 0.021875 0.0277778
0 0.439063 0.593056 0.015625 0.0527778
1 0.972656 0.973611 0.0140625 0.025
1 0.892187 0.783333 0.0140625 0.0222222
0 0.463281 0.431944 0.0328125 0.0493056
1 0.130957 0.290625 0.0179687 0.0270833
0 0.452344 0.605903 0.0304688 0.0479167
0 0.461719 0.440972 0.0359375 0.0680556
1 0.515625 0.509722 0.0132813 0.0569444
1 0.436328 0.597569 0.0148437 0.0541667
0 0.375879 0.584028 0.0935547 0.109722
0 0.424219 0.567014 0.0546875 0.113889
0 0.43125 0.600694 0.0234375 0.0611111
1 0.517969 0.590278 0.0140625 0.0486111
1 0.428516 0.259375 0.0132813 0.0375
0 0.435937 0.572222 0.0671875 0.0944444
0 0.409375 0.598958 0.01875 0.0666667
1 0.984375 0.966667 0.0203125 0.0222222
1 0.994531 0.958333 0.009375 0.0194444
0 0.444531 0.579861 0.05 0.0791667
1 0.450781 0.454167 0.0140625 0.0402778
1 0.978125 0.979167 0.021875 0.0305556
0 0.445703 0.425 0.0484375 0.0791667
1 0.974219 0.933333 0.0390625 0.0222222
1 0.454688 0.602083 0.0242187 0.0354167
1 0.901563 0.761111 0.03125 0.0666667
1 0.992578 0.811111 0.0148437 0.0222222
0 0.64375 0.184722 0.0570313 0.14375
0 0.467578 0.429167 0.0242187 0.0444444
0 0.515625 0.672222 0.0210938 0.0444444
0 0.413281 0.579861 0.0328125 0.105556
0 0.445312 0.44375 0.0304688 0.0541667
1 0.254687 0.48125 0.0179687 0.025
1 0.632031 0.249653 0.0125 0.0465278
1 0.176758 0.309028 0.0117188 0.0284722
0 0.515625 0.509722 0.0132813 0.0569444
0 0.985937 0.839583 0.025 0.0277778
1 0.413281 0.608333 0.0203125 0.0527778
1 0.971094 0.933333 0.03125 0.0194444
0 0.455469 0.599306 0.03125 0.0486111
1 0.51875 0.677083 0.0171875 0.0555556
0 0.436328 0.597569 0.0148437 0.0541667
1 0.170996 0.977778 0.0173828 0.0222222
1 0.410937 0.598958 0.025 0.0680556
1 0.991406 0.109201 0.0171875 0.040625
1 0.470313 0.327083 0.0125 0.0520833
1 0.982031 0.865278 0.021875 0.0180556
1 0.442187 0.257986 0.0117188 0.028125
1 0.90625 0.801389 0.0125 0.0194444
1 0.174219 0.301042 0.0148437 0.0444444
1 0.992188 0.81875 0.015625 0.0180556
1 0.439063 0.259722 0.009375 0.0298611
1 0.428906 0.440278 0.0109375 0.0444444
1 0.96875 0.838889 0.01875 0.0277778
1 0.157813 0.300521 0.0136719 0.0503472
1 0.514063 0.49375 0.0171875 0.0458333
1 0.949219 0.181944 0.0328125 0.0461806
1 0.853906 0.718056 0.0109375 0.0222222
0 0.635938 0.191319 0.0453125 0.129167
1 0.467187 0.302778 0.0125 0.0347222
1 0.485938 0.0163194 0.0203125 0.0251736
0 0.403906 0.588194 0.0296875 0.0881944
1 0.992188 0.103212 0.015625 0.0427083
1 0.521875 0.670486 0.0265625 0.0465278
1 0.489062 0.0147135 0.021875 0.0253472
1 0.15957 0.291667 0.0144531 0.0416667
1 0.892969 0.767361 0.0453125 0.0680556
1 0.517969 0.66875 0.015625 0.0402778
1 0.516406 0.491667 0.0117188 0.0381944
1 0.518359 0.585069 0.0125 0.0402778
0 0.517969 0.670139 0.015625 0.0430556
0 0.518359 0.585417 0.0117188 0.0416667
0 0.516406 0.493403 0.0125 0.0423611
1 0.13457 0.304861 0.0207031 0.0256944
1 0.13252 0.341667 0.0208984 0.0305556
1 0.170996 0.977778 0.0169922 0.025
1 0.988281 0.110937 0.0234375 0.0378472
1 0.1375 0.307292 0.0173828 0.0222222
1 0.13125 0.294792 0.0199219 0.0326389
1 0.517187 0.498611 0.0132813 0.0569444
1 0.134766 0.328472 0.025 0.0625
1 0.135156 0.342014 0.0226563 0.0381944
0 0.629687 0.214931 0.0265625 0.0722222
1 0.630469 0.216319 0.025 0.0736111
0 0.989062 0.110243 0.021875 0.0364583
0 0.948438 0.180035 0.03125 0.0482639
1 0.255273 0.482639 0.0183594 0.0208333
1 0.517969 0.587153 0.0140625 0.0555556
1 0.989453 0.103299 0.0210938 0.0524306
0 0.517187 0.498611 0.0132813 0.0569444
0 0.971875 0.934028 0.03125 0.0208333
1 0.134375 0.296007 0.0261719 0.0461806
1 0.170215 0.975 0.0197266 0.0222222
1 0.790625 0.701389 0.01875 0.0152778
1 0.522266 0.66875 0.0257812 0.0416667
1 0.407422 0.600694 0.015625 0.0527778
1 0.514453 0.493056 0.0171875 0.0416667
1 0.991406 0.108507 0.0171875 0.0378472
1 0.632031 0.210938 0.0328125 0.0809028
1 0.949219 0.178472 0.03125 0.0527778
0 0.170996 0.977778 0.0169922 0.025
0 0.945312 0.164583 0.0375 0.0802083
2 0.910937 0.784722 0.14375 0.141667
1 0.15752 0.297569 0.0119141 0.05
0 0.517969 0.587153 0.0140625 0.0555556
1 0.158398 0.288889 0.0126953 0.0347222
1 0.517969 0.669097 0.015625 0.0395833
1 0.516406 0.492361 0.0117188 0.0402778
1 0.518359 0.585417 0.0117188 0.0395833
0 0.517969 0.670833 0.015625 0.0430556
0 0.518359 0.586458 0.0117188 0.0402778
0 0.516406 0.494097 0.0125 0.04375
1 0.517187 0.500694 0.0132813 0.0569444
0 0.517187 0.500694 0.0132813 0.0569444
1 0.133008 0.336806 0.0226563 0.0423611
0 0.9875 0.107813 0.0234375 0.0451389
0 0.0518555 0.490972 0.103711 0.169444
1 0.132812 0.315278 0.0222656 0.0743056
1 0.517187 0.529514 0.015625 0.1125
0 0.517187 0.529514 0.015625 0.1125
1 0.517969 0.590278 0.0140625 0.0520833
0 0.988672 0.101042 0.0226563 0.0576389
1 0.9875 0.109462 0.021875 0.0423611
0 0.948438 0.18125 0.0328125 0.0520833
1 0.514063 0.49375 0.0171875 0.0458333
1 0.516406 0.493056 0.0125 0.0402778
1 0.517578 0.66875 0.0148437 0.0416667
1 0.518359 0.586111 0.0117188 0.0402778
0 0.517578 0.670486 0.0148437 0.04375
0 0.517969 0.586111 0.0109375 0.0402778
0 0.516016 0.494792 0.0125 0.0430556
1 0.789844 0.702778 0.0109375 0.0166667
1 0.790625 0.704861 0.0109375 0.0180556
0 0.971094 0.933333 0.03125 0.0222222
1 0.517187 0.5 0.0125 0.0541667
1 0.133203 0.343056 0.0207031 0.0291667
0 0.517187 0.5 0.0125 0.0541667
1 0.9875 0.109549 0.021875 0.0420139
1 0.785937 0.707639 0.015625 0.0236111
0 0.9875 0.109549 0.021875 0.0420139
1 0.133789 0.301042 0.0212891 0.0402778
2 0.885938 0.7625 0.08125 0.0777778
1 0.390234 0.359722 0.0109375 0.0375
0 0.9875 0.100521 0.025 0.0628472
0 0.0477539 0.491667 0.0955078 0.159722
0 0.949219 0.181424 0.03125 0.0489583
1 0.632031 0.232639 0.0125 0.04375
1 0.135937 0.346528 0.0201172 0.0305556
1 0.854688 0.715278 0.0078125 0.0152778
0 0.975 0.931944 0.0375 0.0277778
1 0.389062 0.35625 0.0101562 0.0305556
0 0.134668 0.345139 0.0197266 0.0333333
1 0.410937 0.377778 0.0117188 0.0291667
0 0.171094 0.977778 0.0148437 0.0194444
1 0.803906 0.686806 0.0078125 0.0125
1 0.971875 0.972222 0.009375 0.0194444
1 0.971875 0.933333 0.034375 0.0222222
1 0.428906 0.259722 0.0117188 0.0402778
0 0.0240234 0.684549 0.0480469 0.264236
1 0.133496 0.339931 0.0214844 0.0423611
1 0.253516 0.48125 0.0140625 0.0222222
1 0.63125 0.217708 0.0234375 0.06875
1 0.567969 0.346875 0.0125 0.0416667
0 0.630469 0.215451 0.025 0.0690972
1 0.136523 0.31875 0.0296875 0.0819444
0 0.936719 0.138542 0.0546875 0.133681
0 0.903125 0.755556 0.034375 0.0708333
1 0.131836 0.296875 0.0195312 0.0375
1 0.984375 0.96875 0.015625 0.0180556
1 0.45 0.450694 0.0125 0.0416667
1 0.516016 0.492361 0.0117188 0.0388889
1 0.51875 0.584722 0.0109375 0.0395833
1 0.517969 0.669444 0.0140625 0.0402778
0 0.517969 0.670486 0.0140625 0.0423611
0 0.516406 0.492361 0.0125 0.0402778
0 0.518359 0.585417 0.0109375 0.0402778
1 0.134863 0.344444 0.0189453 0.0298611
1 0.135059 0.304514 0.0177734 0.0256944
0 0.971875 0.933333 0.03125 0.0222222
1 0.130469 0.291319 0.0152344 0.0256944
1 0.790625 0.701389 0.0125 0.0138889
1 0.254297 0.480556 0.0132813 0.0208333
0 0.0584961 0.491667 0.116992 0.170833
1 0.271484 0.5125 0.0140625 0.0201389
0 0.589063 0.117361 0.0640625 0.0496528
1 0.791406 0.704861 0.0140625 0.0180556
0 0.9875 0.110764 0.0234375 0.0381944
0 0.171289 0.976389 0.0148437 0.0166667
1 0.516797 0.5 0.0125 0.0569444
1 0.138867 0.308333 0.0136719 0.0201389
1 0.134961 0.33967 0.0226563 0.0387153
1 0.253125 0.476042 0.0132813 0.0208333
0 0.630469 0.215625 0.0273438 0.0715278
1 0.632031 0.218403 0.0203125 0.0673611
0 0.170703 0.970139 0.01875 0.0152778
0 0.516797 0.5 0.0125 0.0569444
1 0.514063 0.494097 0.0171875 0.0444444
1 0.970312 0.933333 0.03125 0.0208333
0 0.790625 0.701389 0.0125 0.0138889
0 0.134863 0.344444 0.0189453 0.0298611
1 0.630469 0.215625 0.0273438 0.0715278
1 0.177783 0.309896 0.0108398 0.021875
0 0.971094 0.972222 0.0109375 0.0166667
1 0.971094 0.972222 0.0109375 0.0166667
0 0.975 0.933333 0.0375 0.0277778
1 0.105957 0.552083 0.0109375 0.0263889
0 0.907812 0.959028 0.025 0.0208333
2 0.882031 0.763194 0.071875 0.0680556
0 0.0698242 0.509722 0.137695 0.183333
1 0.516406 0.492708 0.0125 0.0395833
1 0.517969 0.66875 0.015625 0.0416667
1 0.51875 0.584722 0.0125 0.0402778
0 0.517969 0.670139 0.015625 0.0444444
0 0.516406 0.49375 0.0125 0.0430556
0 0.518359 0.585069 0.0117188 0.0409722
1 0.133203 0.343056 0.0191406 0.0277778
0 0.971875 0.933333 0.034375 0.0236111
1 0.517187 0.498958 0.0125 0.05625
1 0.133887 0.302083 0.0197266 0.0368056
1 0.971094 0.934028 0.03125 0.0208333
0 0.948438 0.179861 0.034375 0.0513889
1 0.254102 0.479861 0.0140625 0.0208333
1 0.633203 0.212326 0.0304688 0.0819444
1 0.790625 0.705556 0.015625 0.0222222
1 0.789844 0.704167 0.0140625 0.0166667
1 0.134082 0.347222 0.0183594 0.0270833
3 0.882812 0.759722 0.071875 0.0694444
2 0.882812 0.759722 0.071875 0.0694444
1 0.517969 0.589583 0.0140625 0.0541667
0 0.633203 0.210069 0.0335938 0.0868056
1 0.901563 0.756944 0.034375 0.0722222
1 0.171094 0.976389 0.0171875 0.0222222
1 0.131543 0.294444 0.0183594 0.0361111
1 0.137305 0.322569 0.0289063 0.075
0 0.903125 0.754861 0.03125 0.0722222
1 0.408594 0.603125 0.021875 0.0541667
1 0.972656 0.973611 0.0140625 0.0222222
1 0.136133 0.345139 0.0210938 0.0333333
3 0.903125 0.754861 0.03125 0.0722222
1 0.133789 0.311458 0.0226563 0.0555556
1 0.514453 0.495139 0.0171875 0.0472222
0 0.90625 0.959722 0.025 0.025
1 0.271875 0.511806 0.0132813 0.0236111
1 0.515625 0.670139 0.0203125 0.0458333
0 0.976562 0.933333 0.040625 0.0305556
1 0.985937 0.107639 0.028125 0.0522569
1 0.7875 0.709028 0.021875 0.0291667
1 0.979688 0.976389 0.025 0.0277778
0 0.460156 0.438542 0.0328125 0.0638889
0 0.821094 0.0831597 0.05 0.0520833
1 0.109863 0.552083 0.0246094 0.0381944
0 0.979688 0.215625 0.040625 0.0857639
1 0.25293 0.476389 0.0144531 0.0236111
1 0.516406 0.492361 0.0117188 0.0402778
1 0.517969 0.669444 0.0140625 0.0402778
1 0.51875 0.584722 0.0125 0.0402778
0 0.517969 0.670833 0.0140625 0.0444444
0 0.518359 0.585417 0.0117188 0.0409722
0 0.516406 0.494444 0.0125 0.0430556
1 0.517187 0.498611 0.0125 0.0555556
1 0.390625 0.358333 0.0117188 0.0354167
1 0.254102 0.480208 0.0144531 0.0201389
1 0.790625 0.702778 0.015625 0.0166667
1 0.408203 0.602083 0.0210938 0.0555556
1 0.13457 0.302778 0.01875 0.0354167
0 0.971875 0.933333 0.0328125 0.0222222
0 0.948438 0.180208 0.034375 0.0527778
1 0.134961 0.345139 0.0185547 0.0319444
1 0.391406 0.363889 0.0148437 0.0458333
0 0.517187 0.498611 0.0125 0.0555556
1 0.969531 0.934722 0.028125 0.0194444
0 0.902344 0.754167 0.0328125 0.0694444
1 0.25293 0.476389 0.0144531 0.0222222
1 0.517969 0.590278 0.0132813 0.0527778
1 0.171289 0.977083 0.015625 0.0208333
0 0.408594 0.602083 0.021875 0.0576389
0 0.634375 0.204514 0.0351562 0.0986111
1 0.271484 0.513194 0.0148437 0.0215278
1 0.131348 0.294444 0.0177734 0.0361111
0 0.583594 0.118924 0.0546875 0.0493056
1 0.514063 0.495833 0.0171875 0.0479167
0 0.171289 0.977083 0.015625 0.0208333
1 0.517969 0.669097 0.0148437 0.0409722
1 0.516406 0.492361 0.0125 0.0388889
1 0.51875 0.584722 0.0109375 0.0395833
1 0.790625 0.702778 0.0125 0.0138889
0 0.517969 0.670833 0.015625 0.0430556
0 0.518359 0.585069 0.0109375 0.0402778
1 0.791406 0.704167 0.0125 0.0180556
0 0.516406 0.494444 0.0125 0.0416667
1 0.134766 0.344097 0.0183594 0.03125
1 0.135547 0.30625 0.0171875 0.0236111
1 0.254102 0.480556 0.0132813 0.0194444
0 0.585547 0.119184 0.0578125 0.0484375
1 0.390625 0.359028 0.0125 0.0347222
1 0.517187 0.498611 0.0125 0.0555556
2 0.88125 0.761111 0.06875 0.0583333
1 0.255469 0.479167 0.0164062 0.0159722
0 0.171094 0.977778 0.0148437 0.0180556
0 0.971875 0.933333 0.03125 0.0208333
1 0.985937 0.108854 0.025 0.0461806
1 0.785937 0.708333 0.01875 0.0222222
1 0.271484 0.5125 0.0136719 0.0194444
2 0.882812 0.755556 0.075 0.0791667
1 0.252734 0.476389 0.0132813 0.0215278
1 0.517969 0.589583 0.0140625 0.0534722
1 0.803906 0.686806 0.009375 0.0125
1 0.854688 0.715972 0.0078125 0.0152778
1 0.514063 0.494444 0.0171875 0.0430556
1 0.391016 0.364236 0.0148437 0.0451389
1 0.970312 0.934722 0.028125 0.0194444
0 0.949219 0.180729 0.0328125 0.0517361
3 0.859375 0.760417 0.025 0.05
0 0.623828 0.0752604 0.028125 0.0338542
1 0.985156 0.970833 0.0140625 0.0166667
1 0.134961 0.335069 0.021875 0.0465278
3 0.864062 0.761111 0.034375 0.0527778
1 0.138281 0.307986 0.0148437 0.0222222
1 0.516406 0.492708 0.0125 0.0395833
1 0.517969 0.66875 0.0148437 0.0402778
1 0.518359 0.584722 0.0125 0.0402778
0 0.517969 0.670833 0.015625 0.0444444
0 0.516406 0.494097 0.0125 0.0430556
0 0.518359 0.585069 0.0117188 0.0409722
1 0.134473 0.345486 0.0189453 0.0305556
1 0.134668 0.304861 0.0195312 0.0305556
1 0.790625 0.703472 0.0125 0.0166667
1 0.390625 0.361111 0.0125 0.0395833
0 0.949219 0.180556 0.0328125 0.0517361
1 0.131641 0.292708 0.0183594 0.0336806
1 0.633984 0.21875 0.0234375 0.0673611
1 0.253516 0.479861 0.0132813 0.0208333
1 0.514453 0.494444 0.0171875 0.0444444
1 0.271289 0.5125 0.0140625 0.0222222
0 0.63125 0.216319 0.0265625 0.0708333
1 0.171484 0.977083 0.0148437 0.0194444
1 0.134961 0.329253 0.0230469 0.0637153
1 0.517969 0.676389 0.015625 0.0555556
1 0.785937 0.709722 0.0203125 0.0236111
1 0.638281 0.213542 0.021875 0.0732639
1 0.517187 0.589583 0.0140625 0.0527778
1 0.515625 0.670139 0.0203125 0.0458333
0 0.94375 0.143229 0.04375 0.125
0 0.634375 0.220486 0.0234375 0.0631944
1 0.408594 0.601389 0.021875 0.0569444
1 0.517969 0.66875 0.015625 0.0416667
1 0.516406 0.492708 0.0125 0.0402778
1 0.51875 0.584375 0.0125 0.0409722
0 0.517969 0.670486 0.015625 0.0451389
0 0.516406 0.494444 0.0125 0.04375
0 0.51875 0.584722 0.0125 0.0416667
1 0.134863 0.345486 0.0183594 0.0298611
1 0.135059 0.306771 0.0179687 0.0274306
1 0.133398 0.342014 0.0191406 0.025
1 0.790625 0.702083 0.0125 0.0152778
0 0.971875 0.934028 0.028125 0.0194444
1 0.134961 0.347222 0.0162109 0.0236111
1 0.514453 0.495139 0.0171875 0.0458333
1 0.632031 0.215799 0.0328125 0.0729167
1 0.390625 0.361806 0.0125 0.0402778
1 0.516406 0.50625 0.0140625 0.0625
1 0.130664 0.294271 0.0167969 0.0305556
0 0.95 0.18125 0.03125 0.0503472
1 0.517969 0.589583 0.0140625 0.0527778
1 0.969531 0.934722 0.0265625 0.0166667
1 0.17168 0.977778 0.0148437 0.0208333
1 0.985937 0.109635 0.025 0.0394097
0 0.632031 0.215799 0.0328125 0.0729167
0 0.617969 0.174306 0.0796875 0.161806
1 0.517969 0.66875 0.015625 0.0416667
1 0.516016 0.493056 0.0125 0.0402778
1 0.518359 0.584722 0.0125 0.0416667
1 0.516797 0.498611 0.0125 0.0541667
0 0.517969 0.670139 0.015625 0.0444444
0 0.516016 0.494444 0.0125 0.04375
0 0.51875 0.584722 0.0125 0.0416667
1 0.790625 0.702778 0.0125 0.0166667
0 0.639063 0.182595 0.0578125 0.143837
0 0.635156 0.198611 0.0390625 0.108333
1 0.635156 0.198611 0.0390625 0.108333
0 0.617188 0.175347 0.0796875 0.159722
0 0.822656 0.0815972 0.0515625 0.0519097
1 0.133984 0.301736 0.0203125 0.0368056
1 0.634375 0.215972 0.0265625 0.0729167
1 0.408594 0.602778 0.021875 0.0569444
1 0.514063 0.494444 0.0171875 0.0458333
1 0.785937 0.706944 0.01875 0.0222222
1 0.803906 0.6875 0.009375 0.0111111
1 0.516016 0.50625 0.0132813 0.0625
1 0.135156 0.346181 0.0175781 0.0291667
0 0.61875 0.164236 0.103125 0.190972
1 0.133008 0.341319 0.01875 0.0222222
1 0.985937 0.109288 0.025 0.0430556
1 0.131641 0.294792 0.01875 0.0319444
0 0.632812 0.158507 0.078125 0.195486
1 0.254492 0.48125 0.0148437 0.0180556
0 0.408594 0.599306 0.0234375 0.0597222
1 0.134766 0.347569 0.015625 0.0215278
1 0.517969 0.66875 0.015625 0.0416667
1 0.516406 0.492361 0.0125 0.0388889
1 0.51875 0.584722 0.0125 0.0402778
0 0.517969 0.670139 0.015625 0.0444444
0 0.516406 0.49375 0.0125 0.0423611
1 0.516797 0.498264 0.0125 0.0534722
0 0.51875 0.584722 0.0125 0.0416667
1 0.13457 0.302083 0.0199219 0.0333333
1 0.789844 0.703472 0.0125 0.0166667
1 0.255078 0.480903 0.0140625 0.01875
1 0.135449 0.345486 0.0167969 0.0284722
1 0.517187 0.588194 0.0140625 0.05
1 0.131445 0.294792 0.0183594 0.03125
0 0.635547 0.197917 0.0414063 0.108681
0 0.636719 0.188542 0.0515625 0.129861
0 0.621484 0.17947 0.06875 0.149392
1 0.133203 0.340972 0.0191406 0.0222222
1 0.514063 0.49375 0.0171875 0.0430556
1 0.390625 0.361806 0.0132813 0.0402778
1 0.634375 0.212326 0.028125 0.0788194
1 0.985937 0.108854 0.025 0.0451389
1 0.96875 0.935417 0.0265625 0.0194444
1 0.634766 0.201562 0.0382813 0.101042
1 0.78418 0.708333 0.0191406 0.0222222
1 0.516016 0.669792 0.0210938 0.0451389
1 0.517969 0.66875 0.015625 0.0416667
1 0.516406 0.492361 0.0125 0.0402778
1 0.51875 0.584722 0.0125 0.0402778
0 0.517969 0.670139 0.015625 0.0444444
0 0.51875 0.584722 0.0125 0.0416667
0 0.516406 0.49375 0.0125 0.0423611
1 0.135156 0.345833 0.0171875 0.0291667
1 0.517578 0.588889 0.0132813 0.05
1 0.134277 0.302083 0.0205078 0.0347222
1 0.790625 0.702778 0.0140625 0.0166667
0 0.635938 0.195486 0.0390625 0.1125
1 0.514063 0.49375 0.0171875 0.0430556
1 0.634766 0.204514 0.0320312 0.0930556
1 0.96875 0.934722 0.028125 0.0194444
1 0.131738 0.295486 0.0197266 0.034375
1 0.254687 0.480556 0.0140625 0.0194444
1 0.133203 0.342361 0.0195312 0.0236111
1 0.516016 0.670833 0.021875 0.0472222
1 0.255859 0.479167 0.0164062 0.0152778
1 0.517969 0.66875 0.015625 0.0416667
1 0.516406 0.492361 0.0125 0.0402778
1 0.51875 0.584375 0.0125 0.0402778
0 0.517969 0.670139 0.015625 0.0444444
0 0.51875 0.584722 0.0117188 0.0409722
1 0.134961 0.345833 0.0171875 0.0291667
0 0.516406 0.49375 0.0125 0.0430556
1 0.790625 0.703472 0.015625 0.0166667
1 0.134375 0.303299 0.0199219 0.0333333
1 0.517578 0.588889 0.0132813 0.05
1 0.635156 0.198611 0.0359375 0.104167
1 0.96875 0.934722 0.028125 0.0194444
1 0.516016 0.669792 0.0210938 0.0451389
1 0.635156 0.207986 0.0296875 0.0861111
0 0.6375 0.190972 0.046875 0.121528
1 0.514063 0.494444 0.0171875 0.0444444
1 0.133301 0.342708 0.0193359 0.0256944
1 0.7875 0.70625 0.021875 0.0236111
0 0.971875 0.934722 0.034375 0.0236111
1 0.985937 0.10625 0.025 0.0475694
1 0.51875 0.675 0.015625 0.0555556
1 0.131836 0.295486 0.0203125 0.0347222
1 0.517969 0.669097 0.015625 0.0423611
1 0.516406 0.492708 0.0125 0.0402778
1 0.51875 0.584722 0.0125 0.0402778
1 0.517187 0.498611 0.0125 0.0520833
0 0.517969 0.670139 0.015625 0.0444444
0 0.518359 0.584722 0.0117188 0.0416667
1 0.134961 0.346181 0.0175781 0.0298611
0 0.516406 0.49375 0.0125 0.0430556
0 0.632031 0.180556 0.0484375 0.141667
1 0.134375 0.303819 0.0191406 0.0319444
1 0.789062 0.702778 0.015625 0.0166667
1 0.969531 0.934722 0.028125 0.0194444
1 0.133398 0.343056 0.0193359 0.0263889
1 0.635938 0.195486 0.0390625 0.1125
1 0.790625 0.705556 0.0171875 0.0194444
0 0.635938 0.195182 0.040625 0.112413
1 0.515625 0.670486 0.021875 0.0479167
1 0.971875 0.934722 0.034375 0.025
1 0.51875 0.674306 0.015625 0.0555556
1 0.17168 0.977778 0.0152344 0.0194444
1 0.514063 0.494444 0.0171875 0.0444444
0 0.971875 0.934722 0.034375 0.025
1 0.106055 0.553125 0.0136719 0.0243056
1 0.635156 0.209028 0.028125 0.0847222
0 0.926562 0.122895 0.078125 0.16428
1 0.7875 0.705556 0.021875 0.025
1 0.131836 0.295312 0.0199219 0.0333333
0 0.0426758 0.491667 0.0853516 0.154167
1 0.517969 0.669444 0.015625 0.0430556
1 0.516406 0.492708 0.0125 0.0402778
1 0.51875 0.584722 0.0125 0.0402778
1 0.517187 0.498611 0.0125 0.0513889
0 0.517969 0.670139 0.015625 0.0444444
1 0.134961 0.345833 0.0175781 0.0291667
0 0.51875 0.584722 0.0125 0.0416667
0 0.516406 0.49375 0.0125 0.0430556
1 0.789844 0.703472 0.0171875 0.0180556
1 0.134277 0.302604 0.0201172 0.034375
1 0.970312 0.934722 0.028125 0.0194444
1 0.971875 0.934722 0.034375 0.025
1 0.171777 0.977778 0.0154297 0.0194444
0 0.625781 0.181554 0.0609375 0.13967
1 0.515625 0.670833 0.021875 0.0486111
1 0.7875 0.705556 0.021875 0.025
1 0.514063 0.494444 0.0171875 0.0444444
0 0.635938 0.196918 0.0390625 0.109635
0 0.971875 0.934722 0.034375 0.025
1 0.131934 0.295833 0.0205078 0.0350694
1 0.105859 0.553125 0.0140625 0.025
1 0.633203 0.209549 0.0289063 0.084375
1 0.517969 0.669444 0.015625 0.0430556
1 0.516406 0.493056 0.0125 0.0402778
1 0.51875 0.584722 0.0125 0.0402778
1 0.517187 0.498611 0.0125 0.0520833
1 0.134961 0.345833 0.0175781 0.0291667
1 0.789844 0.702778 0.0171875 0.0194444
1 0.969531 0.935417 0.028125 0.0208333
0 0.517969 0.670139 0.015625 0.0444444
1 0.171875 0.977778 0.015625 0.0208333
1 0.13418 0.302083 0.0207031 0.0361111
1 0.971875 0.934722 0.034375 0.025
0 0.51875 0.584722 0.0125 0.0416667
0 0.621094 0.182986 0.0703125 0.137153
0 0.516406 0.49375 0.0125 0.0430556
1 0.516016 0.670833 0.021875 0.0486111
1 0.786719 0.705556 0.021875 0.025
1 0.514063 0.494444 0.0171875 0.0444444
0 0.635547 0.197049 0.0398437 0.109722
1 0.132031 0.296354 0.0207031 0.0364583
0 0.948438 0.18125 0.03125 0.0513889
1 0.633594 0.209549 0.0296875 0.0850694
0 0.928125 0.122656 0.075 0.165451
1 0.517969 0.669444 0.015625 0.0430556
1 0.516406 0.493056 0.0125 0.0402778
1 0.51875 0.584375 0.0125 0.0402778
1 0.517187 0.498611 0.0125 0.0520833
1 0.134961 0.346181 0.0175781 0.0291667
1 0.789062 0.702778 0.015625 0.0180556
0 0.517969 0.670139 0.015625 0.0444444
1 0.96875 0.935417 0.028125 0.0208333
0 0.51875 0.584722 0.0125 0.0409722
1 0.790625 0.704861 0.015625 0.0208333
1 0.134082 0.301736 0.0208984 0.0368056
1 0.171777 0.977778 0.0158203 0.0208333
1 0.971875 0.934722 0.034375 0.025
0 0.516406 0.49375 0.0125 0.0430556
0 0.621875 0.183507 0.0679687 0.135069
1 0.516016 0.670833 0.021875 0.0486111
1 0.514063 0.494444 0.0171875 0.0444444
1 0.133398 0.343056 0.0195312 0.0256944
0 0.635156 0.193403 0.0484375 0.119444
1 0.132031 0.296181 0.0207031 0.0364583
1 0.786719 0.70625 0.021875 0.025
0 0.928125 0.121376 0.075 0.168359
0 0.948438 0.181597 0.03125 0.0513889
1 0.517969 0.669444 0.015625 0.0430556
1 0.516406 0.493056 0.0125 0.0402778
1 0.51875 0.584722 0.0125 0.0402778
1 0.517187 0.498611 0.0125 0.0520833
0 0.517969 0.670139 0.015625 0.0444444
1 0.135059 0.346181 0.0175781 0.0291667
0 0.51875 0.584722 0.0125 0.0409722
1 0.789062 0.702778 0.015625 0.0166667
0 0.516406 0.49375 0.0125 0.0430556
1 0.790625 0.704861 0.015625 0.0208333
1 0.96875 0.935417 0.028125 0.0208333
1 0.171777 0.977778 0.0158203 0.0194444
1 0.133984 0.302083 0.0207031 0.0368056
0 0.619922 0.183333 0.071875 0.134722
1 0.516016 0.670833 0.021875 0.0486111
1 0.514063 0.494444 0.0171875 0.0444444
0 0.635547 0.193403 0.05 0.119444
1 0.132031 0.296181 0.0207031 0.0361111
1 0.133398 0.342708 0.0195312 0.025
1 0.786719 0.70625 0.021875 0.025
1 0.517969 0.669097 0.015625 0.0423611
1 0.516406 0.493056 0.0125 0.0402778
1 0.51875 0.584722 0.0125 0.0402778
1 0.517187 0.498611 0.0125 0.0520833
0 0.517969 0.670139 0.015625 0.0444444
0 0.51875 0.584722 0.0125 0.0402778
1 0.135059 0.346181 0.0175781 0.0291667
0 0.516406 0.49375 0.0125 0.0430556
1 0.789062 0.702778 0.015625 0.0166667
1 0.171777 0.977778 0.0158203 0.0194444
1 0.133984 0.301562 0.0208984 0.0378472
1 0.790625 0.704861 0.015625 0.0208333
1 0.96875 0.936111 0.028125 0.0194444
1 0.516016 0.670833 0.021875 0.0486111
0 0.620313 0.18303 0.0703125 0.134635
1 0.514063 0.494444 0.0171875 0.0444444
1 0.971875 0.935417 0.034375 0.0236111
1 0.132031 0.296528 0.0207031 0.0361111
1 0.517969 0.669444 0.015625 0.0430556
1 0.516406 0.493056 0.0125 0.0402778
1 0.51875 0.584722 0.0125 0.0402778
1 0.517187 0.498611 0.0125 0.0520833
0 0.517969 0.670139 0.015625 0.0444444
0 0.51875 0.584722 0.0125 0.0402778
1 0.135059 0.346181 0.0175781 0.0291667
0 0.516406 0.49375 0.0125 0.0430556
1 0.789062 0.702778 0.015625 0.0166667
1 0.171777 0.977778 0.0158203 0.0194444
1 0.133984 0.301562 0.0208984 0.0378472
1 0.790625 0.704861 0.015625 0.0208333
1 0.96875 0.936111 0.028125 0.0194444
1 0.516016 0.670833 0.021875 0.0486111
0 0.620313 0.18303 0.0710938 0.134635
1 0.514063 0.494444 0.0171875 0.0444444
1 0.971875 0.935417 0.0328125 0.0236111
1 0.132031 0.296528 0.0207031 0.0361111
