0 0.486719 0.0936921 0.0630208 0.0642361
0 0.0213053 0.384722 0.0422852 0.0648148
0 0.0508464 0.216319 0.0697917 0.0678241
0 0.358854 0.171528 0.0885417 0.0902778
0 0.654167 0.0100984 0.0333333 0.0184606
0 0.358333 0.97963 0.0364583 0.0407407
1 0.31224 0.319444 0.0119792 0.0324074
3 0.366146 0.640741 0.126042 0.207407
1 0.859375 0.936111 0.0135417 0.0185185
0 0.371354 0.660185 0.170833 0.105556
1 0.858333 0.919907 0.0125 0.0194444
3 0.42474 0.581481 0.125521 0.207407
0 0.59375 0.584259 0.0354167 0.0527778
3 0.391667 0.625926 0.125 0.207407
1 0.857292 0.939815 0.009375 0.0111111
3 0.0507812 0.216435 0.0690104 0.0666667
3 0.349479 0.67037 0.128125 0.207407
2 0.0511719 0.216204 0.0686198 0.0685185
1 0.657292 0.00967882 0.0364583 0.0180845
2 0.358854 0.170833 0.0875 0.0898148
3 0.358594 0.170602 0.0875 0.0888889
0 0.450521 0.664352 0.190625 0.432407
3 0.45 0.566667 0.125 0.207407
1 0.0215658 0.376389 0.0428711 0.0472222
0 0.358333 0.618519 0.15625 0.0481481
0 0.422396 0.611111 0.166667 0.125926
0 0.411979 0.697222 0.188542 0.426852
3 0.47474 0.537037 0.125521 0.207407
0 0.647396 0.00969329 0.0229167 0.0181713
3 0.486458 0.0943866 0.0625 0.0619213
0 0.664583 0.00911458 0.0458333 0.0168981
0 0.454427 0.575 0.169271 0.124074
1 0.267969 0.218576 0.0125 0.0230324
0 0.486719 0.0921296 0.0630208 0.0662037
0 0.0517253 0.215509 0.0697266 0.0722222
0 0.357031 0.170139 0.0921875 0.0888889
0 0.0220215 0.384259 0.0431966 0.0666667
0 0.657292 0.00911458 0.0385417 0.0182292
0 0.66875 0.00949074 0.0604167 0.0189815
0 0.0344482 0.220139 0.03514 0.0625
0 0.475 0.0934028 0.0395833 0.0625
0 0.65 0.00943287 0.025 0.0177083
0 0.669792 0.00648148 0.075 0.012963
1 0.655208 0.0094184 0.0333333 0.0188368
0 0.00372721 0.403704 0.00686849 0.0287037
0 0.658333 0.00954861 0.0416667 0.0190972
1 0.307813 0.560185 0.0125 0.012963
0 0.670833 0.00966435 0.0666667 0.0193287
0 0.6625 0 0.0979167 0
0 0.639583 0.00949074 0.0458333 0.0173032
0 0.0166992 0.4 0.033138 0.037037
1 0.429948 0.436806 0.00989583 0.0138889
0 0.486719 0.0929398 0.0630208 0.0652778
0 0.0515625 0.21713 0.0700521 0.0703704
0 0.357292 0.170833 0.0916667 0.0907407
0 0.0215169 0.385185 0.0424479 0.0652778
0 0.655208 0.00978009 0.03125 0.0192708
1 0.859375 0.927778 0.0166667 0.0351852
1 0.311979 0.319213 0.0114583 0.0305556
1 0.276563 0.538426 0.009375 0.0203704
0 0.0410807 0.300694 0.0191406 0.0208333
1 0.654688 0.00975116 0.0322917 0.0195023
1 0.421354 0.423843 0.0109375 0.0125
0 0.343229 0.18287 0.0604167 0.0643518
1 0.278125 0.541667 0.00833333 0.0166667
1 0.542708 0.34537 0.00625 0.0324074
0 0.0439453 0.306944 0.0252604 0.0333333
0 0.372396 0.165856 0.0625 0.0796296
1 0.482292 0.397685 0.0046875 0.0175926
1 0.429688 0.437731 0.009375 0.0148148
0 0.358854 0.977778 0.0380208 0.0407407
1 0.591667 0.698148 0.00729167 0.012963
1 0.8 0.784259 0.0166667 0.0148148
1 0.278906 0.5375 0.00885417 0.0222222
1 0.334115 0.144676 0.0265625 0.0300926
1 0.836979 0.767593 0.0145833 0.0194444
1 0.540625 0.345602 0.00833333 0.0337963
1 0.0219727 0.384954 0.0436849 0.0662037
1 0.420052 0.428472 0.0135417 0.0222222
1 0.268229 0.21875 0.0104167 0.025463
1 0.0410807 0.300694 0.0191406 0.0208333
1 0.310417 0.199769 0.0140625 0.031713
1 0.944271 0.549074 0.0145833 0.0148148
1 0.341406 0.314815 0.00729167 0.0138889
0 0.0544596 0.00908565 0.0335286 0.0173032
0 0.485938 0.0924769 0.0625 0.0652778
0 0.0519206 0.215972 0.0697266 0.0722222
0 0.0213867 0.385417 0.0427734 0.0662037
0 0.650521 0.0093316 0.021875 0.0179109
1 0.311979 0.318981 0.0125 0.0314815
0 0.657292 0.00978009 0.0354167 0.0175926
1 0.859375 0.926852 0.0145833 0.037037
0 0.373437 0.160532 0.0583333 0.0678241
1 0.654167 0.00959201 0.0291667 0.019184
0 0.651563 0.00891204 0.028125 0.0178241
0 0.00310059 0.412037 0.00620117 0.0648148
0 0.651042 0.00954861 0.0625 0.0190972
0 0 0.393519 0 0.10787
0 0.870833 0.0702546 0.102083 0.134722
1 0.430208 0.437037 0.009375 0.012963
0 0.486458 0.0929977 0.0635417 0.065162
0 0.357292 0.170718 0.0921875 0.087963
0 0.0511719 0.216204 0.0705729 0.0680556
0 0.0220052 0.384259 0.0432292 0.0648148
1 0.31276 0.319213 0.0119792 0.0314815
0 0.656771 0.00920139 0.0375 0.0184028
0 0.666667 0.010706 0.0625 0.0180556
1 0.276042 0.537963 0.0104167 0.0203704
1 0.430208 0.436574 0.009375 0.0143519
0 0.021875 0.402315 0.04375 0.0305556
0 0.003125 0.403472 0.00561523 0.0273148
1 0.421354 0.426389 0.0114583 0.0157407
1 0.0222331 0.381944 0.0425781 0.0592593
1 0.427865 0.4375 0.0140625 0.0175926
1 0.421875 0.423611 0.0104167 0.0101852
1 0.3 0.524537 0.00729167 0.0111111
0 0.0404948 0.298148 0.0167969 0.0157407
0 0.0463867 0.00642361 0.0147786 0.0126736
0 0.680208 0.0144676 0.0875 0.0289352
1 0.28151 0.535185 0.0213542 0.0240741
0 0.0432292 0.299769 0.0223958 0.0208333
0 0.683333 0.0239294 0.0927083 0.0478588
0 0.651042 0.00844907 0.0239583 0.0168981
0 0.335938 0.171412 0.0520833 0.0833333
0 0.0215007 0.403241 0.0430013 0.0351852
0 0.00459798 0.40463 0.00838216 0.0305556
1 0.289844 0.532407 0.00572917 0.0148148
0 0.313021 0.318981 0.0114583 0.0314815
0 0.0140788 0.0262442 0.0269206 0.0499421
0 0.644271 0.0103154 0.0791667 0.0206308
0 0.357552 0.171528 0.090625 0.0875
0 0.0517253 0.216435 0.0697266 0.0694444
0 0.486198 0.0938079 0.0630208 0.0646991
0 0.0221354 0.384722 0.0432292 0.0675926
0 0.654688 0.00970775 0.0322917 0.0186053
1 0.3125 0.318981 0.0114583 0.0324074
1 0.859375 0.925926 0.0145833 0.0388889
1 0.265625 0.218519 0.00833333 0.0203704
0 0.665104 0.00713252 0.05625 0.0133391
0 0.66875 0.0102286 0.0625 0.0184896
0 0.00322266 0.406019 0.0063151 0.0333333
0 0.46849 0.119676 0.00833333 0.012037
1 0.859375 0.934259 0.0145833 0.0222222
0 0.613542 0.00746528 0.0354167 0.0121528
0 0.0317057 0.245602 0.00852865 0.0101852
0 0.642187 0.00815972 0.0197917 0.0145255
0 0.335156 0.208102 0.00677083 0.012037
0 0.473437 0.0936921 0.0375 0.0644676
0 0.338542 0.20787 0.00520833 0.0125
0 0.46276 0.119676 0.0114583 0.0115741
0 0.330729 0.209028 0.00520833 0.0111111
1 0.654167 0.0100116 0.0333333 0.0178241
0 0.342187 0.207639 0.00625 0.0125
0 0.6 0.0101852 0.0604167 0.0177083
0 0.336458 0.151157 0.0520833 0.0405093
0 0.647917 0.00957755 0.0229167 0.015625
0 0.547917 0.00439815 0.0166667 0.0068287
0 0.641667 0.0110532 0.0270833 0.0177662
0 0.00347493 0.4125 0.00694987 0.025
0 0.346094 0.20787 0.00833333 0.0125
0 0.326823 0.209491 0.00729167 0.0106481
0 0.619792 0.00646701 0.0197917 0.00975116
0 0.660417 0.00273437 0.025 0.00546875
0 0.542708 0.00442708 0.025 0.00694444
0 0.025057 0.244907 0.0132975 0.0111111
0 0.0347656 0.245833 0.00898437 0.00925926
0 0.472656 0.119676 0.00833333 0.012037
0 0.00406087 0.416204 0.00748698 0.012037
1 0.797396 0.785185 0.0239583 0.0203704
0 0.667708 0.000188079 0.028125 0.000376157
0 0.486458 0.0932292 0.0635417 0.0626157
0 0.0518229 0.217361 0.0700521 0.0708333
0 0.358594 0.171528 0.0885417 0.0907407
0 0.0218424 0.384722 0.0431641 0.0657407
0 0.65 0.00976562 0.0395833 0.0186632
0 0.638542 0.00928819 0.0583333 0.0182292
0 0.359115 0.990741 0.0364583 0.0185185
0 0.358854 0.97963 0.0375 0.0407407
0 0.660937 0.00975116 0.053125 0.0195023
1 0.269271 0.218981 0.0125 0.024537
0 0.486458 0.0935764 0.0635417 0.0633102
0 0.0519857 0.217593 0.0718099 0.0717593
0 0.357812 0.170833 0.090625 0.087963
0 0.0218587 0.383796 0.0437174 0.0634259
0 0.65625 0.00976562 0.0395833 0.0195312
0 0.358854 0.97963 0.0375 0.0407407
0 0.226432 0.0206308 0.0195312 0.0411458
1 0.3125 0.319676 0.0114583 0.0328704
0 0.486458 0.0934028 0.0625 0.0631944
0 0.0527344 0.216667 0.071875 0.0694444
0 0.35651 0.170602 0.0932292 0.0898148
0 0.0213867 0.38287 0.0423828 0.062037
0 0.647917 0.00956308 0.0166667 0.0191262
0 0.654167 0.00960648 0.0291667 0.019213
0 0.641667 0.00931713 0.0208333 0.0180556
0 0.358854 0.977778 0.0375 0.0444444
1 0.644792 0.00920139 0.0104167 0.0184028
0 0.00310059 0.400926 0.00538737 0.0240741
0 0.666667 0.00988137 0.0541667 0.0197627
1 0.265625 0.214352 0.00729167 0.0162037
0 0.486458 0.09375 0.0635417 0.062963
0 0.0518229 0.217245 0.0705729 0.0701389
0 0.65625 0.00963542 0.0354167 0.0192708
0 0.0218587 0.382407 0.0431315 0.0601852
0 0.357812 0.171065 0.090625 0.0888889
0 0.648958 0.00921586 0.0229167 0.0184317
1 0.794792 0.785648 0.025 0.0222222
0 0.0221842 0.405093 0.0426107 0.107407
0 0.667708 0.00495515 0.0729167 0.0099103
0 0.670313 0.00963542 0.06875 0.0192708
0 0.357292 0.171528 0.0921875 0.0888889
0 0.486458 0.093287 0.0635417 0.0643518
0 0.0509766 0.218171 0.0686198 0.0710648
0 0.0213216 0.375463 0.0426432 0.0449074
0 0.660417 0.00969329 0.0416667 0.0193866
1 0.859375 0.925926 0.0145833 0.037037
1 0.3125 0.318981 0.0114583 0.0314815
0 0.679167 0.00966435 0.08125 0.0193287
0 0.498437 0.0116319 0.0270833 0.0232639
1 0.792708 0.783333 0.0208333 0.0194444
0 0.490104 0.0119792 0.0458333 0.0239583
0 0.0424479 0.301852 0.0223958 0.0268519
0 0.0451172 0.296296 0.027474 0.037963
0 0.6375 0.00789931 0.015625 0.0152199
0 0.625 0.00766782 0.0479167 0.0148727
0 0.65 0.00969329 0.021875 0.0188657
1 0.859375 0.932407 0.0145833 0.0222222
0 0.0559245 0.00976562 0.0328125 0.0190683
0 0.0408203 0.30787 0.0186198 0.0185185
0 0.486458 0.0936343 0.0635417 0.0634259
0 0.0510417 0.217361 0.068099 0.0689815
0 0.356771 0.17037 0.0927083 0.0884259
0 0.0215495 0.38287 0.043099 0.0611111
0 0.665104 0.00946181 0.0541667 0.0182292
0 0.654688 0.00966435 0.0322917 0.0186343
1 0.3125 0.318981 0.0104167 0.0314815
0 0.618229 0.00975116 0.090625 0.0189236
0 0.657292 0.00902778 0.0520833 0.0180556
0 0.0649902 0.0077691 0.0515299 0.014265
1 0.79375 0.782407 0.0208333 0.0166667
0 0.486458 0.0938657 0.0635417 0.0643518
0 0.0515625 0.217593 0.0710938 0.0712963
0 0.357292 0.171644 0.0927083 0.0909722
0 0.020931 0.385417 0.0416016 0.0648148
0 0.656771 0.00973669 0.0395833 0.0192998
1 0.859375 0.926389 0.0145833 0.037963
0 0.64375 0.00870949 0.025 0.0167245
1 0.00457357 0.4 0.00830078 0.0212963
0 0.00457357 0.4 0.00830078 0.0212963
3 0.857292 0.927315 0.01875 0.0361111
0 0.486719 0.093287 0.0635417 0.0643518
0 0.0517253 0.21713 0.0708984 0.0703704
0 0.357812 0.170602 0.0927083 0.0893519
0 0.0216146 0.381944 0.0432292 0.0592593
0 0.65625 0.010272 0.0354167 0.0198495
0 0.0023763 0.399769 0.00416667 0.0217593
1 0.798958 0.784259 0.0145833 0.0148148
0 0.644271 0.00957755 0.0302083 0.0181134
1 0.855208 0.940741 0.00729167 0.00740741
0 0.00528158 0.400926 0.0102376 0.0240741
0 0.356771 0.171875 0.0927083 0.0858796
0 0.486719 0.0930556 0.0635417 0.0641204
0 0.0514323 0.217245 0.0703125 0.0706019
0 0.0210449 0.381944 0.0418945 0.0583333
0 0.65625 0.00980903 0.0375 0.0196181
0 0.00258789 0.399537 0.0047526 0.0222222
0 0.647917 0.010026 0.025 0.0197049
0 0.00308431 0.404167 0.00558268 0.0199074
0 0.00432943 0.402315 0.00833333 0.0240741
0 0.486458 0.0931134 0.0635417 0.065162
0 0.357031 0.171065 0.0927083 0.0881944
0 0.0522461 0.216898 0.0710286 0.0699074
0 0.657292 0.00969329 0.0416667 0.0188657
0 0.0215169 0.374306 0.042513 0.0425926
0 0.647396 0.00972222 0.028125 0.0184606
1 0.3125 0.318981 0.0114583 0.0314815
0 0.0511719 0.217824 0.0695312 0.0703704
0 0.486458 0.0936343 0.0635417 0.0643518
0 0.356771 0.171065 0.0932292 0.0898148
0 0.021582 0.378009 0.0426432 0.050463
0 0.650521 0.0099537 0.025 0.0188079
0 0.658333 0.00966435 0.0395833 0.0185185
0 0.642708 0.0101562 0.0270833 0.01875
0 0.486719 0.0932292 0.0640625 0.0646991
0 0.0512695 0.217593 0.0684245 0.0680556
0 0.655729 0.0101562 0.0364583 0.0192708
0 0.0216146 0.376389 0.0427083 0.0472222
0 0.356771 0.17037 0.09375 0.0884259
0 0.645833 0.00873843 0.0291667 0.0160301
0 0.00289714 0.396759 0.0054362 0.0166667
0 0.00503743 0.399074 0.00948893 0.0212963
0 0.00335286 0.404861 0.00615234 0.0194444
0 0.486458 0.0928819 0.0635417 0.0646991
0 0.0511068 0.216319 0.0695312 0.0701389
0 0.356771 0.170833 0.0927083 0.0893519
0 0.021582 0.379167 0.0429036 0.0527778
0 0.65625 0.00993924 0.0354167 0.0193576
0 0.00262044 0.396296 0.00455729 0.0152778
0 0.486458 0.0930556 0.0635417 0.0636574
0 0.0514323 0.216898 0.0703125 0.0703704
0 0.356771 0.171528 0.09375 0.0877315
0 0.0216797 0.37963 0.0425781 0.0537037
0 0.656771 0.00978009 0.0375 0.019213
0 0.00354818 0.399537 0.00628255 0.0212963
0 0.645833 0.00795718 0.0302083 0.0151042
0 0.486458 0.0927083 0.0635417 0.0643518
0 0.0513672 0.217361 0.0696615 0.0699074
0 0.0213867 0.377778 0.0423828 0.0490741
0 0.356771 0.170602 0.0927083 0.087963
0 0.65625 0.010026 0.0364583 0.0195312
0 0.0218424 0.394907 0.0426432 0.0851852
1 0.858854 0.926852 0.0145833 0.0351852
0 0.645312 0.00833333 0.0291667 0.0157986
0 0.486458 0.0931134 0.0635417 0.0649306
0 0.0509766 0.21713 0.069401 0.0703704
0 0.356771 0.170139 0.0927083 0.0884259
0 0.0216797 0.377083 0.0423828 0.0486111
0 0.655208 0.0102141 0.0354167 0.0191551
0 0.486458 0.0931713 0.0630208 0.0645833
0 0.050944 0.217593 0.0689453 0.0708333
0 0.356771 0.17037 0.0927083 0.0888889
0 0.65625 0.00960648 0.0375 0.019213
0 0.0217773 0.376389 0.0419271 0.0472222
0 0.486458 0.0929977 0.0635417 0.0644676
0 0.0510417 0.21713 0.0690104 0.0708333
0 0.356771 0.17037 0.0927083 0.0893519
0 0.65625 0.00969329 0.0354167 0.0189236
0 0.0217122 0.378241 0.0424479 0.05
0 0.486458 0.0931134 0.0635417 0.0640046
0 0.0508464 0.217245 0.0690104 0.0701389
0 0.357031 0.170255 0.0921875 0.0888889
0 0.0215495 0.379398 0.0427734 0.0527778
0 0.65625 0.00969329 0.0354167 0.0191551
0 0.486458 0.0931134 0.0635417 0.0640046
0 0.0508464 0.217245 0.0690104 0.0701389
0 0.356771 0.170255 0.0927083 0.0888889
0 0.0215495 0.379398 0.0427734 0.0527778
0 0.65625 0.00969329 0.0354167 0.0191551
