0 0.585417 0.142824 0.0458333 0.0766204
0 0.344792 0.0523727 0.0572917 0.0549769
0 0.324219 0.0910301 0.059375 0.0540509
0 0.889583 0.341204 0.0625 0.0541667
0 0.138802 0.367593 0.071875 0.0671296
0 0.0642578 0.475926 0.0720052 0.0759259
0 0.477604 0.132176 0.0458333 0.0703704
0 0.284115 0.710185 0.0755208 0.131481
0 0.449219 0.401389 0.0526042 0.0953704
0 0.494271 0.310648 0.0520833 0.0907407
0 0.963802 0.312037 0.0723958 0.0851852
0 0.960417 0.0909144 0.0791667 0.101505
0 0.497917 0.0674769 0.0385417 0.0666667
0 0.298177 0.136574 0.0677083 0.0564815
0 0.29974 0.371296 0.0375 0.0740741
0 0.0324544 0.0418981 0.0649089 0.0837963
1 0.447135 0.154861 0.0229167 0.0388889
0 0.965625 0.121644 0.06875 0.0368056
0 0.408333 0.00512153 0.0177083 0.00836227
0 0.341406 0.33588 0.0390625 0.0509259
1 0.386719 0.777315 0.0135417 0.025
2 0.283789 0.710185 0.0751302 0.131481
1 0.342448 0.336806 0.0411458 0.0523148
0 0.446354 0.154282 0.021875 0.0377315
1 0.3 0.37037 0.0364583 0.0722222
1 0.477604 0.132292 0.0447917 0.0699074
3 0.284115 0.710185 0.0755208 0.131481
3 0.494271 0.311574 0.0520833 0.0935185
0 0.396875 0.00538194 0.0416667 0.00862269
2 0.494271 0.311111 0.0526042 0.0925926
3 0.448958 0.401389 0.0520833 0.0944444
3 0.138151 0.368056 0.0723958 0.0657407
2 0.138411 0.367593 0.0721354 0.0662037
1 0.498958 0.0678819 0.0395833 0.0686343
0 0.0835937 0.477315 0.0315104 0.0740741
1 0.585417 0.142824 0.0458333 0.0759259
1 0.451562 0.158218 0.0322917 0.0467593
1 0.248958 0.123495 0.0151042 0.018287
3 0.0632975 0.476852 0.0736654 0.075
2 0.0636882 0.475926 0.0726237 0.0759259
1 0.742708 0.997685 0.00625 0.00462963
0 0.279167 0.44537 0.0333333 0.0648148
2 0.298698 0.136111 0.0671875 0.055787
2 0.448958 0.401389 0.0520833 0.0944444
2 0.323958 0.0909722 0.059375 0.0548611
1 0.335677 0.33287 0.0270833 0.0453704
3 0.888542 0.341204 0.0625 0.0546296
1 0.408333 0.00509259 0.01875 0.00896991
0 0.284896 0.709259 0.0760417 0.131481
0 0.449479 0.399769 0.0515625 0.0976852
0 0.323958 0.0893519 0.0604167 0.0574074
0 0.585417 0.14213 0.0458333 0.0773148
0 0.298438 0.135417 0.0671875 0.0564815
0 0.138542 0.368056 0.0713542 0.0648148
0 0.889583 0.341204 0.0645833 0.0583333
0 0.344531 0.0505208 0.0578125 0.0579861
0 0.497135 0.0681134 0.0369792 0.0697917
0 0.494792 0.311111 0.053125 0.0935185
0 0.0640788 0.474884 0.071582 0.0780093
0 0.960156 0.0876302 0.0796875 0.0990451
0 0.298438 0.371296 0.034375 0.0768519
0 0.448698 0.153472 0.0270833 0.0388889
0 0.285677 0.134722 0.0421875 0.0520833
0 0.876042 0.343056 0.0375 0.0555556
0 0.294792 0.359722 0.0270833 0.0527778
0 0.335156 0.331481 0.0255208 0.0425926
0 0.121224 0.366204 0.0372396 0.0611111
0 0.340104 0.335185 0.0375 0.0509259
0 0.478125 0.133912 0.0416667 0.0673611
0 0.0445312 0.458218 0.034375 0.0428241
1 0.297917 0.371528 0.0338542 0.0773148
0 0.477604 0.115509 0.0447917 0.101852
0 0.486458 0.32338 0.0354167 0.0699074
0 0.457552 0.153704 0.0453125 0.0412037
0 0.265365 0.737037 0.0369792 0.0777778
0 0.0595052 0.460995 0.0653646 0.0483796
1 0.496875 0.0679398 0.0369792 0.0701389
0 0.309896 0.0884838 0.0322917 0.0538194
0 0.0878906 0.484259 0.024349 0.0592593
1 0.295312 0.354167 0.028125 0.0416667
2 0.960417 0.0881944 0.0791667 0.101389
0 0.964323 0.310185 0.0713542 0.0884259
2 0.585417 0.142593 0.0458333 0.0768519
0 0.939062 0.0854167 0.0364583 0.0990741
0 0.442187 0.412963 0.0364583 0.0717593
1 0.246875 0.131944 0.0226563 0.0333333
1 0.402865 0.761111 0.0135417 0.0277778
0 0.332292 0.0487124 0.0333333 0.0525752
0 0.872396 0.350694 0.0302083 0.0425926
0 0.494271 0.310185 0.053125 0.0907407
0 0.448958 0.399306 0.053125 0.0944444
0 0.323958 0.0908565 0.0604167 0.0550926
0 0.344792 0.0522569 0.0598958 0.0563657
0 0.585417 0.142593 0.046875 0.0782407
0 0.13877 0.368056 0.0724609 0.062963
0 0.284896 0.712037 0.0755208 0.12963
0 0.298698 0.135185 0.06875 0.0532407
0 0.886979 0.339815 0.0614583 0.0574074
0 0.960677 0.0875145 0.0786458 0.103675
0 0.477604 0.132841 0.0458333 0.0704282
0 0.297396 0.370602 0.0333333 0.075463
0 0.497917 0.0688802 0.0385417 0.0712674
0 0.446354 0.151389 0.0229167 0.0319444
0 0.334896 0.33125 0.0270833 0.0425926
1 0.426562 0.946296 0.00833333 0.0185185
0 0.0643392 0.474537 0.0731445 0.0851852
1 0.38724 0.778241 0.0135417 0.0268519
1 0.26875 0.0612269 0.0114583 0.0296296
0 0.0593587 0.461574 0.0648763 0.0490741
0 0.448177 0.157523 0.0270833 0.0456019
1 0.638542 0.0748264 0.00833333 0.0116898
0 0.963281 0.314352 0.0734375 0.087963
1 0.425 0.953704 0.0125 0.037037
1 0.420312 0.944444 0.021875 0.0185185
0 0.408854 0.00523727 0.0177083 0.00908565
0 0.966146 0.118287 0.0677083 0.0321759
1 0.240625 0.146296 0.0111979 0.0171296
1 0.408854 0.00538194 0.0171875 0.0083044
0 0.273177 0.728704 0.0541667 0.0925926
1 0.426562 0.948148 0.0114583 0.0259259
1 0.911458 0.352778 0.0135417 0.0175926
0 0.407292 0.00322627 0.0208333 0.00645255
0 0.283854 0.711111 0.0755208 0.12963
0 0.495052 0.311343 0.0505208 0.0949074
0 0.138411 0.368519 0.071875 0.0657407
0 0.448958 0.400463 0.0510417 0.0962963
0 0.297917 0.135648 0.0671875 0.0574074
0 0.324219 0.091088 0.059375 0.0571759
0 0.585417 0.14294 0.0458333 0.0775463
0 0.344792 0.0524306 0.0572917 0.055787
0 0.503125 0.0700376 0.0489583 0.0728877
0 0.477604 0.131221 0.04375 0.0676505
0 0.302083 0.369907 0.0427083 0.0731481
0 0.8875 0.340046 0.0604167 0.0541667
0 0.963542 0.313426 0.0708333 0.0851852
0 0.063737 0.472685 0.0714844 0.0712963
0 0.44375 0.156829 0.0177083 0.0430556
1 0.25026 0.123843 0.0151042 0.0180556
1 0.26875 0.0603009 0.0114583 0.0287037
0 0.453385 0.160648 0.0369792 0.0523148
0 0.279687 0.443519 0.0364583 0.062963
0 0.335417 0.327546 0.025 0.0356481
0 0.865625 0.351389 0.0166667 0.0388889
2 0.138411 0.368519 0.0721354 0.0648148
1 0.241927 0.139583 0.0140625 0.0291667
0 0.408333 0.00457176 0.01875 0.00758102
0 0.0316488 0.0685185 0.0627441 0.137037
0 0.284115 0.710648 0.0770833 0.130556
0 0.585417 0.143171 0.0458333 0.0770833
0 0.13877 0.36875 0.0719401 0.0671296
0 0.344531 0.0519097 0.0578125 0.0552083
0 0.49375 0.310648 0.0520833 0.0925926
0 0.44974 0.400694 0.053125 0.0953704
0 0.0640625 0.474074 0.0729167 0.0740741
0 0.323958 0.0905671 0.059375 0.0556713
0 0.298698 0.136574 0.0682292 0.0560185
0 0.888021 0.341898 0.0614583 0.0611111
0 0.298958 0.370833 0.0354167 0.074537
0 0.501823 0.079919 0.0453125 0.0936343
0 0.476562 0.12989 0.04375 0.0656829
0 0.960417 0.0827546 0.0791667 0.0916667
1 0.269271 0.0612269 0.0119792 0.030787
0 0.447396 0.156944 0.0239583 0.0444444
0 0.963021 0.3125 0.071875 0.087963
0 0.948438 0.317593 0.04375 0.0777778
0 0.403646 0.00431134 0.0239583 0.00813079
1 0.246745 0.134954 0.021875 0.0402778
1 0.251823 0.128935 0.0114583 0.0293981
0 0.407292 0.0037037 0.0166667 0.00740741
1 0.251302 0.124074 0.0125 0.0173611
0 0.453125 0.157639 0.0359375 0.050463
0 0.39401 0.00451389 0.0447917 0.00873843
0 0.281771 0.442361 0.0395833 0.0625
0 0.969792 0.120602 0.0583333 0.0358796
0 0.340885 0.335648 0.0401042 0.0527778
0 0.965104 0.0661024 0.0697917 0.0552951
0 0.70625 0.968518 0.0333333 0.062963
0 0.392448 0.00704572 0.046875 0.0140914
0 0.960417 0.114583 0.0791667 0.0534722
1 0.272396 0.439815 0.0208333 0.0425926
1 0.242708 0.137153 0.0140625 0.0351852
1 0.26875 0.436806 0.0125 0.0263889
1 0.266667 0.4375 0.009375 0.0222222
0 0.5 0.0644097 0.0411458 0.0612269
0 0.378906 0.00529514 0.075 0.0103877
1 0.0027832 0.336574 0.00481771 0.0106481
1 0.237891 0.00454282 0.0078125 0.00850694
0 0.261523 0.0255498 0.0873698 0.0510995
1 0.386458 0.776852 0.0135417 0.0259259
0 0.941146 0.319907 0.0270833 0.0717593
0 0.315365 0.00860822 0.0692708 0.0154803
0 0.0122477 0.158796 0.0244954 0.0708333
0 0.308854 0.377778 0.05625 0.087963
0 0.277604 0.435648 0.03125 0.0462963
0 0.00670573 0.258333 0.0129557 0.0356481
1 0.0282552 0.348611 0.00703125 0.0148148
1 0.279948 0.44213 0.0354167 0.0592593
0 0.228385 0.78287 0.0299479 0.0583333
2 0.138021 0.369907 0.0731771 0.0652778
0 0.283919 0.710185 0.0759115 0.130556
0 0.585417 0.143287 0.0479167 0.0782407
0 0.449479 0.400463 0.053125 0.0935185
0 0.138151 0.368981 0.0721354 0.0638889
0 0.344792 0.0517361 0.0572917 0.0563657
0 0.494792 0.310185 0.0515625 0.0916667
0 0.324219 0.0907986 0.059375 0.0552083
0 0.298698 0.135648 0.0677083 0.0541667
0 0.8875 0.340972 0.0604167 0.0574074
0 0.497917 0.0683883 0.0385417 0.0715567
0 0.476302 0.129514 0.04375 0.0659722
0 0.0639486 0.466204 0.0726237 0.0583333
0 0.299219 0.375 0.0359375 0.0833333
0 0.959896 0.0862413 0.0802083 0.0978877
0 0.0447917 0.0426505 0.0895833 0.0853009
1 0.386458 0.776852 0.0125 0.0240741
0 0.407813 0.00373264 0.01875 0.00746528
0 0.484375 0.316204 0.0302083 0.0782407
0 0.403125 0.00377604 0.028125 0.00755208
0 0.9625 0.311343 0.0729167 0.0893519
0 0.336979 0.330556 0.0302083 0.0421296
0 0.449479 0.150463 0.0276042 0.0337963
0 0.317448 0.157176 0.0119792 0.012037
1 0.268229 0.0600116 0.00989583 0.0309028
0 0.31875 0.157176 0.025 0.012037
0 0.307031 0.381019 0.0526042 0.0935185
0 0.483333 0.349769 0.0104167 0.012037
1 0.240234 0.146528 0.00859375 0.0162037
0 0.261979 0.771296 0.009375 0.00925926
0 0.115625 0.387269 0.0169271 0.0125
0 0.575 0.173843 0.025 0.0148148
0 0.314063 0.137269 0.0354167 0.0527778
1 0.240625 0.13912 0.009375 0.0310185
0 0.263021 0.767593 0.0177083 0.0148148
0 0.579167 0.177662 0.00833333 0.00949074
0 0.436979 0.439583 0.009375 0.0125
0 0.485938 0.349537 0.00833333 0.012037
0 0.11888 0.3875 0.00911458 0.012963
0 0.265104 0.771296 0.00833333 0.00925926
0 0.339844 0.112616 0.0145833 0.0111111
0 0.258854 0.77037 0.0125 0.0111111
0 0.575 0.177315 0.0125 0.00972222
0 0.870833 0.364352 0.0229167 0.0111111
0 0.578646 0.174074 0.0114583 0.0138889
0 0.155599 0.394676 0.0138021 0.012037
0 0.439844 0.439352 0.00729167 0.012963
0 0.909896 0.356944 0.0145833 0.0125
0 0.339063 0.112269 0.028125 0.0115741
0 0.267969 0.770833 0.00833333 0.0101852
0 0.14974 0.394444 0.0104167 0.012963
0 0.317969 0.415741 0.0286458 0.0259259
0 0.360677 0.0746528 0.0145833 0.0118056
0 0.483854 0.346528 0.0270833 0.0166667
0 0.58125 0.177546 0.00833333 0.00925926
0 0.120573 0.365741 0.0367187 0.0592593
0 0.489062 0.349537 0.00833333 0.0125
0 0.433854 0.439352 0.0177083 0.012963
0 0.939583 0.349306 0.00625 0.0106481
0 0.148698 0.393981 0.0177083 0.012963
0 0.383073 0.00391348 0.0697917 0.00782697
0 0.942708 0.349537 0.00625 0.0111111
0 0.438021 0.436806 0.028125 0.0189815
0 0.9375 0.349537 0.009375 0.0101852
0 0.967448 0.337037 0.0651042 0.0212963
0 0.260677 0.754167 0.0270833 0.0416667
0 0.118229 0.38287 0.03125 0.0226852
0 0.953125 0.321296 0.05 0.0703704
0 0.322917 0.15706 0.0114583 0.012037
0 0.320312 0.420602 0.0223958 0.0162037
0 0.159505 0.394907 0.00885417 0.012037
0 0.35599 0.0519531 0.0348958 0.0551215
0 0.0914714 0.497685 0.0166667 0.0296296
0 0.39375 0.003682 0.046875 0.007364
0 0.572917 0.176157 0.0208333 0.012037
0 0.271354 0.770833 0.00729167 0.0101852
0 0.262044 0.762963 0.0300781 0.0240741
0 0.440885 0.443519 0.00885417 0.00833333
0 0.947396 0.349074 0.00729167 0.0111111
0 0.154948 0.372685 0.0385417 0.0574074
0 0.0272624 0.0422743 0.0545247 0.0845486
0 0.439583 0.40463 0.03125 0.0842593
0 0.442708 0.439352 0.00625 0.0134259
0 0.438021 0.443287 0.0104167 0.0087963
0 0.0902995 0.501852 0.0160156 0.0194444
0 0.333594 0.418981 0.0505208 0.0342593
0 0.324219 0.0903356 0.0588542 0.0552083
0 0.585417 0.142708 0.0458333 0.0784722
0 0.344792 0.0517361 0.0572917 0.0561343
0 0.283854 0.710185 0.0760417 0.131481
0 0.494792 0.310648 0.0515625 0.0916667
0 0.45 0.400463 0.0520833 0.0935185
0 0.138574 0.367593 0.0718099 0.0657407
0 0.298438 0.135301 0.0666667 0.05625
0 0.888021 0.340278 0.0614583 0.0574074
0 0.0632975 0.473611 0.0713216 0.075
0 0.497917 0.0688657 0.0385417 0.0719907
0 0.47526 0.131134 0.0427083 0.0696759
0 0.959896 0.0857494 0.0802083 0.0997975
0 0.445573 0.153472 0.0213542 0.037963
0 0.300521 0.393519 0.040625 0.123148
1 0.638021 0.075 0.00833333 0.0122685
0 0.9625 0.312963 0.0708333 0.0861111
1 0.241146 0.138426 0.0119792 0.0331019
1 0.250651 0.132639 0.0145833 0.0351852
0 0.409375 0.00480324 0.0197917 0.00882523
1 0.959375 0.900463 0.01875 0.0537037
1 0.250781 0.123843 0.0130208 0.01875
0 0.954167 0.127083 0.0166667 0.0152778
0 0.3 0.359259 0.0395833 0.0537037
1 0.545313 0.673148 0.0114583 0.0388889
0 0.28431 0.710185 0.0761719 0.12963
0 0.494271 0.310417 0.053125 0.0930556
0 0.298438 0.135995 0.0677083 0.0560185
0 0.323958 0.0905093 0.0604167 0.055787
0 0.448958 0.400694 0.0541667 0.0944444
0 0.888021 0.342593 0.0614583 0.0592593
0 0.138314 0.369444 0.0723307 0.0675926
0 0.344531 0.0516059 0.0583333 0.0562789
0 0.960156 0.086169 0.0796875 0.100347
0 0.963542 0.315509 0.0708333 0.0837963
0 0.0636068 0.474537 0.0731771 0.0768519
0 0.585417 0.143056 0.046875 0.0787037
0 0.476042 0.131829 0.0447917 0.0678241
0 0.504687 0.0749421 0.0510417 0.0820602
3 0.299219 0.370833 0.0369792 0.0740741
0 0.298958 0.371296 0.0364583 0.0763889
0 0.446875 0.153935 0.0239583 0.037037
0 0.0445312 0.0421875 0.0890625 0.084375
0 0.408333 0.003125 0.0182292 0.00625
0 0.0121501 0.15787 0.0243001 0.0708333
1 0.251563 0.123843 0.0119792 0.0180556
0 0.406771 0.00481771 0.0223958 0.0073206
1 0.238411 0.00432581 0.00729167 0.00865162
0 0.968229 0.120602 0.0635417 0.0347222
2 0.299219 0.370833 0.0369792 0.0740741
1 0.242057 0.13588 0.0143229 0.0398148
1 0.250521 0.128472 0.0145833 0.0268519
1 0.386458 0.777778 0.0135417 0.0259259
2 0.137988 0.369213 0.0729818 0.0662037
1 0.455729 0.890741 0.0177083 0.0314815
0 0.242188 0.137153 0.0140625 0.037037
1 0.246354 0.134722 0.0229167 0.0388889
0 0.284375 0.710648 0.0760417 0.128704
0 0.344792 0.0508102 0.0572917 0.0565972
0 0.323958 0.0899306 0.059375 0.05625
0 0.138411 0.368981 0.0721354 0.062963
0 0.585417 0.142593 0.0458333 0.0784722
0 0.494271 0.310185 0.0526042 0.0912037
0 0.298438 0.13588 0.0677083 0.0550926
0 0.45 0.400926 0.0520833 0.0935185
0 0.063737 0.474537 0.0717448 0.0740741
0 0.888021 0.341898 0.0614583 0.0587963
0 0.297917 0.370833 0.0333333 0.075
0 0.499219 0.0681713 0.0411458 0.0694444
0 0.960417 0.0847367 0.0791667 0.0999711
1 0.241406 0.134954 0.0125 0.0407407
0 0.505208 0.0826389 0.0520833 0.0986111
0 0.480208 0.135764 0.0375 0.056713
1 0.245312 0.134491 0.0205729 0.0402778
0 0.342448 0.334259 0.040625 0.05
0 0.446354 0.152894 0.0229167 0.037963
1 0.426562 0.946296 0.00885417 0.0203704
0 0.8625 0.352083 0.0104167 0.0351852
1 0.384896 0.777778 0.0104167 0.0259259
0 0.284115 0.445833 0.0197917 0.0416667
1 0.238151 0.00444155 0.00911458 0.0088831
1 0.239844 0.144444 0.00807292 0.0199074
0 0.314323 0.411111 0.015625 0.0287037
0 0.284375 0.710185 0.0760417 0.131481
0 0.494271 0.310185 0.053125 0.0925926
0 0.137988 0.368287 0.0724609 0.0671296
0 0.449479 0.400463 0.0520833 0.0935185
0 0.298177 0.136111 0.0671875 0.0550926
0 0.585417 0.142593 0.0479167 0.0766204
0 0.323958 0.0903935 0.0588542 0.0553241
0 0.344271 0.0516782 0.0572917 0.0561343
0 0.476042 0.130671 0.0432292 0.0678241
0 0.501042 0.0689236 0.0447917 0.071875
0 0.888542 0.341667 0.0614583 0.0583333
0 0.960417 0.0860098 0.0791667 0.0976562
0 0.3 0.370602 0.0375 0.0759259
0 0.0634766 0.476389 0.0730469 0.0787037
0 0.446094 0.155093 0.0223958 0.0412037
0 0.409375 0.00441262 0.0161458 0.00760995
0 0.409115 0.00340712 0.0166667 0.00681424
0 0.584896 0.143171 0.046875 0.0775463
0 0.283854 0.711111 0.0760417 0.130556
0 0.448958 0.400926 0.053125 0.0935185
0 0.960417 0.0875 0.0791667 0.101157
0 0.49401 0.310648 0.0526042 0.0925926
0 0.138411 0.368519 0.0716146 0.0657407
0 0.323958 0.0905093 0.059375 0.0569444
0 0.344792 0.051331 0.0572917 0.0555556
0 0.298438 0.135648 0.0677083 0.0560185
0 0.0640625 0.474537 0.071875 0.075
0 0.8875 0.34213 0.0625 0.0601852
0 0.501562 0.0703125 0.046875 0.0746528
0 0.963542 0.313426 0.0729167 0.0888889
0 0.476042 0.130527 0.04375 0.0671875
0 0.297917 0.372222 0.034375 0.0768519
0 0.445573 0.150926 0.0208333 0.0310185
0 0.342708 0.333796 0.040625 0.0481481
1 0.3875 0.777778 0.0151042 0.0259259
1 0.245052 0.135185 0.0192708 0.037963
0 0.403125 0.004239 0.0291667 0.00847801
0 0.278125 0.447222 0.0322917 0.0694444
0 0.334896 0.332176 0.0255208 0.0439815
0 0.0432943 0.0418981 0.0865885 0.0826389
1 0.240885 0.137037 0.0104167 0.0342593
0 0.296354 0.353009 0.0302083 0.0398148
0 0.394792 0.0041088 0.046875 0.00821759
0 0.409375 0.00412326 0.0171875 0.00824653
0 0.270312 0.43912 0.0177083 0.050463
0 0.382812 0.00365307 0.0708333 0.00730613
0 0.284375 0.711111 0.0755208 0.12963
0 0.494271 0.310417 0.053125 0.0925926
0 0.584896 0.143056 0.046875 0.0773148
0 0.323958 0.0906829 0.0604167 0.0556713
0 0.344792 0.0523727 0.0578125 0.0550926
0 0.448958 0.400926 0.0520833 0.0935185
0 0.138542 0.368981 0.071875 0.0666667
0 0.298958 0.13588 0.0682292 0.0555556
0 0.888542 0.34213 0.0604167 0.0601852
0 0.0638021 0.475463 0.0723958 0.0759259
0 0.476562 0.13044 0.0447917 0.0666667
0 0.959896 0.0655093 0.0802083 0.0556713
0 0.5 0.068533 0.0432292 0.0698785
0 0.959896 0.0894531 0.0802083 0.102575
0 0.296094 0.370833 0.0302083 0.075463
0 0.407292 0.00318287 0.0197917 0.00636574
0 0.0520833 0.0423611 0.104167 0.0847222
0 0.408333 0.00434028 0.0177083 0.00752315
0 0.511979 0.131019 0.0114583 0.0138889
0 0.445312 0.151389 0.0203125 0.0342593
0 0.377083 0.0036603 0.0807292 0.0073206
0 0.296354 0.35463 0.0302083 0.0425926
0 0.384115 0.00316117 0.0661458 0.00632234
0 0.959896 0.121181 0.0802083 0.0414352
0 0.238151 0.00287905 0.0078125 0.0057581
0 0.396094 0.00362413 0.0447917 0.00724826
1 0.238151 0.00287905 0.0078125 0.0057581
0 0.222656 0.00270544 0.0619792 0.00541088
1 0.426302 0.946296 0.00833333 0.0185185
0 0.585417 0.143056 0.0458333 0.0763889
0 0.284115 0.710185 0.0755208 0.12963
0 0.494271 0.310648 0.0520833 0.0925926
0 0.138053 0.369444 0.0718099 0.0643518
0 0.449479 0.400926 0.0510417 0.0916667
0 0.344792 0.0516782 0.0583333 0.0555556
0 0.063916 0.477315 0.072168 0.0787037
0 0.324219 0.0908565 0.0598958 0.055787
0 0.297917 0.135417 0.0677083 0.0555556
0 0.888021 0.342593 0.0614583 0.0606481
0 0.477344 0.132407 0.0458333 0.0706019
0 0.503125 0.0720486 0.046875 0.077662
0 0.960156 0.0868056 0.0796875 0.099537
0 0.300521 0.379167 0.0395833 0.0916667
0 0.448438 0.160069 0.0260417 0.0493056
0 0.408333 0.00422454 0.0166667 0.00758102
0 0.342187 0.337037 0.0395833 0.0546296
0 0.963542 0.311806 0.0729167 0.0944444
0 0.283594 0.448611 0.0375 0.062963
1 0.327344 0.00471643 0.00572917 0.00850694
0 0.286719 0.416204 0.0510417 0.124074
0 0.403125 0.00432581 0.028125 0.00865162
1 0.238542 0.00413773 0.00677083 0.00827546
0 0.284375 0.710648 0.0755208 0.130556
0 0.494792 0.310648 0.0510417 0.0921296
0 0.585417 0.143287 0.0458333 0.0777778
0 0.449219 0.401157 0.0520833 0.0935185
0 0.323958 0.0906829 0.0604167 0.0559028
0 0.138509 0.368981 0.0724609 0.0657407
0 0.345052 0.0515046 0.0588542 0.055787
0 0.298698 0.135995 0.0682292 0.055787
0 0.888542 0.341667 0.0625 0.0583333
0 0.960417 0.0876736 0.0791667 0.103588
0 0.476042 0.131366 0.04375 0.069213
0 0.0360677 0.0418981 0.0720052 0.0833333
0 0.498177 0.0683449 0.0385417 0.0702546
0 0.0639974 0.474537 0.0733073 0.0759259
0 0.296875 0.371759 0.03125 0.0759259
0 0.445833 0.150463 0.0208333 0.0324074
0 0.963542 0.314815 0.0729167 0.0851852
0 0.407813 0.00477431 0.0208333 0.00763889
0 0.334896 0.330324 0.025 0.0407407
0 0.395573 0.00437645 0.046875 0.00875289
0 0.401563 0.00497685 0.0322917 0.00917245
1 0.327604 0.00520833 0.00520833 0.00885417
0 0.341146 0.336574 0.0375 0.0518519
0 0.284375 0.710648 0.0760417 0.130556
0 0.960417 0.0892216 0.0791667 0.105584
0 0.344792 0.0522569 0.0572917 0.055787
0 0.585417 0.142708 0.0458333 0.0775463
0 0.324219 0.090162 0.0598958 0.0555556
0 0.298177 0.135417 0.0677083 0.0560185
0 0.494531 0.309722 0.0520833 0.0907407
0 0.138314 0.368981 0.0718099 0.0666667
0 0.449219 0.399769 0.0526042 0.0930556
0 0.888021 0.341667 0.0614583 0.0601852
0 0.498437 0.0848958 0.0395833 0.102662
0 0.477083 0.131916 0.0458333 0.0704282
0 0.963542 0.313657 0.0729167 0.0902778
0 0.0641276 0.475 0.0729167 0.0777778
0 0.297917 0.370833 0.0338542 0.075
0 0.445833 0.150926 0.021875 0.0319444
0 0.0392578 0.0421875 0.0785156 0.084375
0 0.408854 0.00477431 0.01875 0.00844907
1 0.24375 0.135648 0.0161458 0.037963
1 0.26875 0.0604167 0.0114583 0.0314815
1 0.247656 0.133102 0.0197917 0.0351852
1 0.241406 0.139236 0.0119792 0.0314815
0 0.176693 0.0555556 0.103385 0.111111
0 0.497396 0.065408 0.0375 0.06386
1 0.445833 0.150926 0.0213542 0.0319444
0 0.278125 0.442824 0.0322917 0.0625
0 0.296094 0.348843 0.0302083 0.0310185
1 0.248958 0.125926 0.0171875 0.0212963
0 0.403906 0.00393519 0.0286458 0.00787037
0 0.23776 0.00448495 0.00885417 0.00896991
1 0.238021 0.00442708 0.0078125 0.00868056
0 0.238542 0.0037037 0.0078125 0.00648148
0 0.327604 0.00436921 0.0125 0.00688657
0 0.969792 0.122454 0.0604167 0.037963
1 0.408854 0.00434028 0.0177083 0.00810185
0 0.284115 0.711111 0.0755208 0.12963
0 0.585417 0.142824 0.046875 0.0777778
0 0.494271 0.310648 0.0526042 0.0916667
0 0.448958 0.400926 0.0520833 0.0944444
0 0.324479 0.0903356 0.0604167 0.0561343
0 0.298438 0.136343 0.0677083 0.0550926
0 0.344792 0.0518519 0.0578125 0.055787
0 0.138574 0.369676 0.0718099 0.0648148
0 0.960417 0.0884259 0.0791667 0.106713
0 0.0415365 0.0426505 0.0830729 0.0836806
0 0.888021 0.340741 0.0625 0.0574074
0 0.498958 0.0842014 0.0416667 0.102431
0 0.476562 0.132407 0.0447917 0.0706019
0 0.445573 0.151389 0.0213542 0.0324074
3 0.297656 0.374537 0.0328125 0.0814815
0 0.407552 0.00425347 0.0177083 0.00758102
0 0.296354 0.368981 0.0291667 0.0712963
1 0.269271 0.0603009 0.0119792 0.030787
0 0.0632813 0.469907 0.0708333 0.0648148
3 0.295312 0.346991 0.0286458 0.0263889
1 0.238281 0.00451389 0.00729167 0.00896991
0 0.283919 0.710648 0.0759115 0.12963
0 0.494271 0.311111 0.0520833 0.0925926
0 0.344792 0.0518519 0.0583333 0.0545139
0 0.585417 0.142593 0.0458333 0.0777778
0 0.448958 0.400926 0.0520833 0.0944444
0 0.324219 0.090162 0.0598958 0.0560185
0 0.298438 0.13588 0.0682292 0.0555556
0 0.138542 0.369213 0.071875 0.0643518
0 0.888542 0.342593 0.0604167 0.0601852
0 0.0640788 0.473148 0.0728841 0.0722222
0 0.496875 0.068287 0.0364583 0.06875
0 0.476562 0.133073 0.04375 0.0718171
0 0.444792 0.152199 0.01875 0.0335648
0 0.959896 0.0903935 0.0802083 0.106481
0 0.334375 0.33125 0.0260417 0.0416667
0 0.29974 0.381944 0.0369792 0.0967593
0 0.0438802 0.0416667 0.0875 0.0826389
3 0.3 0.37963 0.0375 0.0912037
0 0.295573 0.362037 0.0286458 0.0564815
0 0.39974 0.00409433 0.0364583 0.00818866
3 0.295573 0.353009 0.0286458 0.0384259
0 0.38099 0.00177951 0.0744792 0.00355903
0 0.409115 0.0051794 0.0177083 0.0072338
0 0.284375 0.710185 0.0760417 0.12963
0 0.494271 0.310185 0.0520833 0.0907407
0 0.585417 0.142593 0.0458333 0.0773148
0 0.449479 0.400694 0.0515625 0.0944444
0 0.138249 0.369213 0.0714193 0.0657407
0 0.323958 0.0903935 0.0604167 0.055787
0 0.298438 0.135995 0.06875 0.0541667
0 0.344792 0.0525463 0.0572917 0.0555556
0 0.476562 0.132639 0.0447917 0.0703704
0 0.888021 0.341204 0.0614583 0.0583333
0 0.0639323 0.473148 0.0721354 0.0712963
0 0.497656 0.0691551 0.0380208 0.0695602
0 0.444271 0.152546 0.01875 0.0356481
0 0.409375 0.00447049 0.01875 0.00763889
0 0.401563 0.00474537 0.034375 0.00810185
0 0.960417 0.0892216 0.0791667 0.10489
0 0.335156 0.330093 0.0239583 0.0393519
0 0.3 0.377778 0.0375 0.087963
3 0.297917 0.375231 0.0338542 0.0819444
0 0.0340495 0.0420139 0.0678385 0.0826389
1 0.914583 0.352778 0.00833333 0.012963
0 0.395312 0.00483218 0.0520833 0.00896991
0 0.340625 0.336111 0.0375 0.0513889
0 0.295312 0.36875 0.028125 0.0694444
1 0.40625 0.00497685 0.0244792 0.00775463
0 0.265104 0.00558449 0.01875 0.0100116
1 0.328125 0.00480324 0.00520833 0.00844907
0 0.284115 0.710185 0.0760417 0.12963
0 0.494271 0.310648 0.0520833 0.0916667
0 0.585417 0.14213 0.0458333 0.0782407
0 0.448958 0.400926 0.0515625 0.0944444
0 0.298438 0.13588 0.06875 0.0550926
0 0.344792 0.0519676 0.0583333 0.0549769
0 0.324219 0.0907407 0.0598958 0.0555556
0 0.137988 0.369444 0.0719401 0.0652778
0 0.959896 0.090162 0.0802083 0.107176
0 0.497135 0.0679253 0.0375 0.0694734
0 0.476302 0.13206 0.0447917 0.0696759
0 0.888021 0.341204 0.0614583 0.0583333
0 0.44401 0.154167 0.01875 0.0388889
0 0.063737 0.471296 0.0722656 0.0703704
0 0.0335612 0.0419126 0.0671224 0.0837674
0 0.297396 0.37037 0.0322917 0.0731481
1 0.914583 0.354167 0.00625 0.0111111
3 0.297917 0.374074 0.0333333 0.0814815
0 0.334896 0.330556 0.025 0.0407407
1 0.965625 0.349306 0.00833333 0.0134259
1 0.914583 0.351389 0.00833333 0.0166667
1 0.44375 0.154398 0.01875 0.0395833
0 0.284115 0.710185 0.0760417 0.12963
0 0.585417 0.142593 0.0458333 0.0773148
0 0.494271 0.310417 0.0520833 0.0902778
0 0.44974 0.400926 0.0510417 0.0935185
0 0.344531 0.0516782 0.0583333 0.0559028
0 0.138151 0.369444 0.0723958 0.0648148
0 0.298177 0.135185 0.0682292 0.0541667
0 0.323958 0.090162 0.0604167 0.0550926
0 0.888542 0.340278 0.0604167 0.0555556
0 0.497917 0.0690394 0.0385417 0.0707176
0 0.959896 0.0890191 0.0802083 0.105295
0 0.0638184 0.471412 0.0723633 0.0701389
0 0.476562 0.131916 0.04375 0.0699653
0 0.444271 0.152778 0.01875 0.0351852
0 0.297917 0.375 0.034375 0.0824074
0 0.0326823 0.0420139 0.0653646 0.0831019
0 0.334896 0.331019 0.025 0.0412037
0 0.398958 0.00389178 0.0385417 0.00778356
1 0.44401 0.152778 0.0182292 0.0356481
0 0.295833 0.357407 0.0291667 0.0472222
0 0.408333 0.00402199 0.0197917 0.00700232
0 0.284375 0.710185 0.0755208 0.12963
0 0.49401 0.31088 0.0520833 0.0912037
0 0.585417 0.142593 0.046875 0.0782407
0 0.448958 0.401157 0.0520833 0.0935185
0 0.298438 0.135301 0.0677083 0.0555556
0 0.323958 0.090162 0.0604167 0.0560185
0 0.344531 0.0519676 0.0578125 0.0555556
0 0.138021 0.368981 0.0723958 0.0648148
0 0.888021 0.340278 0.0614583 0.0569444
0 0.476562 0.132292 0.0447917 0.0706019
0 0.497917 0.0698929 0.0385417 0.0727141
0 0.444271 0.15162 0.01875 0.0337963
0 0.960417 0.0887153 0.0791667 0.101505
0 0.334896 0.330324 0.0244792 0.0402778
0 0.0638021 0.470833 0.0722656 0.0694444
1 0.26875 0.0598958 0.0125 0.0319444
0 0.0339193 0.0420139 0.0673177 0.0835648
0 0.298438 0.373843 0.0354167 0.0819444
0 0.404687 0.00416667 0.0270833 0.00717593
0 0.28431 0.710185 0.0751302 0.12963
0 0.494271 0.310648 0.0520833 0.0907407
0 0.585417 0.142361 0.0458333 0.0773148
0 0.344792 0.0517506 0.0572917 0.0555266
0 0.448958 0.400926 0.0520833 0.0944444
0 0.323958 0.090625 0.0604167 0.055787
0 0.298438 0.135764 0.0677083 0.055787
0 0.138151 0.369213 0.0721354 0.0652778
0 0.497396 0.0686921 0.0375 0.0704861
0 0.892708 0.3375 0.0520833 0.05
0 0.476562 0.13206 0.0447917 0.0696759
0 0.444271 0.152546 0.01875 0.0356481
0 0.063916 0.470486 0.0719076 0.068287
0 0.960417 0.0889902 0.0791667 0.106973
0 0.034375 0.0425347 0.0682292 0.0831019
0 0.295833 0.372917 0.0296875 0.0787037
0 0.334896 0.330556 0.0244792 0.0407407
0 0.398958 0.00413773 0.0375 0.00775463
0 0.409375 0.00465856 0.0177083 0.0072338
3 0.297656 0.376852 0.0333333 0.0861111
0 0.393229 0.00373264 0.0510417 0.00746528
0 0.284375 0.710185 0.0755208 0.12963
0 0.585417 0.142593 0.0458333 0.0773148
0 0.494271 0.310185 0.0520833 0.0902778
0 0.344531 0.0517361 0.0578125 0.0550926
0 0.448958 0.400926 0.0510417 0.0930556
0 0.324219 0.0902778 0.0598958 0.0560185
0 0.298438 0.135648 0.0682292 0.0550926
0 0.138281 0.369444 0.0721354 0.0657407
0 0.888021 0.340972 0.0614583 0.0574074
0 0.497656 0.0691117 0.0380208 0.0719618
0 0.960417 0.0894821 0.0791667 0.105295
0 0.476042 0.131684 0.0447917 0.0690394
0 0.0638021 0.469907 0.0720052 0.0666667
0 0.445312 0.152431 0.021875 0.0354167
0 0.335156 0.330556 0.0244792 0.0407407
0 0.963542 0.310648 0.0729167 0.0916667
0 0.298698 0.374074 0.0354167 0.0814815
0 0.0336019 0.0425347 0.0666504 0.0835648
0 0.397396 0.00444155 0.0401042 0.0083912
0 0.295573 0.354167 0.0286458 0.0402778
0 0.408073 0.00438368 0.01875 0.00795718
1 0.965625 0.349537 0.00833333 0.0143519
0 0.284375 0.710185 0.0755208 0.12963
0 0.585417 0.142593 0.046875 0.0773148
0 0.494271 0.310185 0.0526042 0.0916667
0 0.344792 0.0522135 0.0572917 0.0557581
0 0.324219 0.090162 0.0598958 0.055787
0 0.449479 0.400926 0.0520833 0.0939815
0 0.298438 0.135417 0.0677083 0.0555556
0 0.137988 0.369444 0.0719401 0.0648148
0 0.960417 0.0893663 0.0791667 0.103906
0 0.888021 0.341204 0.0614583 0.0583333
0 0.497396 0.0684028 0.0375 0.0701389
0 0.063737 0.470486 0.0720052 0.068287
0 0.476042 0.131597 0.04375 0.0689815
0 0.445312 0.152315 0.0208333 0.0347222
0 0.0336589 0.0424913 0.0670573 0.0833044
0 0.335417 0.330556 0.025 0.0407407
0 0.301042 0.379398 0.0395833 0.0907407
0 0.963542 0.315278 0.0729167 0.0828704
1 0.26875 0.0599537 0.0125 0.0310185
0 0.295833 0.351157 0.0291667 0.0342593
0 0.284375 0.710185 0.0755208 0.12963
0 0.585417 0.142593 0.0458333 0.0773148
0 0.494271 0.310417 0.0526042 0.0912037
0 0.449479 0.400926 0.0520833 0.0935185
0 0.323958 0.0903356 0.0604167 0.0556713
0 0.298438 0.135648 0.0682292 0.0550926
0 0.344531 0.0521412 0.0583333 0.0555556
0 0.138249 0.369444 0.0724609 0.0648148
0 0.960417 0.0886574 0.0791667 0.103704
0 0.497135 0.0685185 0.0375 0.0699074
0 0.475521 0.131279 0.04375 0.0684607
0 0.89375 0.337731 0.05 0.05
0 0.063737 0.470486 0.0722656 0.068287
0 0.0316732 0.0424913 0.0630859 0.0833044
0 0.445052 0.151968 0.0208333 0.0342593
0 0.334896 0.331019 0.0244792 0.0416667
0 0.3 0.378241 0.0380208 0.0888889
0 0.963802 0.313889 0.0723958 0.0851852
3 0.297917 0.378241 0.0338542 0.0888889
0 0.295573 0.350926 0.0286458 0.0333333
0 0.284375 0.710185 0.0755208 0.12963
0 0.585417 0.142593 0.0458333 0.0773148
0 0.494271 0.310417 0.0526042 0.0912037
0 0.449479 0.400926 0.0520833 0.0935185
0 0.323958 0.0903356 0.0604167 0.0556713
0 0.298438 0.135764 0.0682292 0.0550926
0 0.344531 0.0521412 0.0583333 0.0555556
0 0.138249 0.369444 0.0724609 0.0648148
0 0.960417 0.0886574 0.0791667 0.103704
0 0.497135 0.0685185 0.0375 0.0699074
0 0.475521 0.131279 0.04375 0.0684607
0 0.89375 0.337731 0.05 0.05
0 0.063737 0.470486 0.0722656 0.068287
0 0.0316406 0.0424769 0.0630208 0.0832176
0 0.445052 0.151968 0.0208333 0.0342593
0 0.334896 0.331019 0.0244792 0.0416667
0 0.3 0.378241 0.0380208 0.0888889
0 0.963802 0.313889 0.0723958 0.0851852
3 0.297917 0.378241 0.0338542 0.0888889
0 0.295573 0.350926 0.0286458 0.0333333
