1 0.5375 0.453935 0.0104167 0.0143519
0 0.3125 0.668519 0.0104167 0.0601852
1 0.196745 0.97037 0.0151042 0.0185185
0 0.39974 0.00486111 0.0109375 0.00873843
1 0.205599 0.0638889 0.00703125 0.0219907
1 0.205469 0.0518519 0.0078125 0.0465278
1 0.39974 0.00486111 0.0109375 0.00873843
3 0.5375 0.453935 0.0104167 0.0152778
1 0.282813 0.708333 0.0125 0.0203704
1 0.281771 0.696296 0.0177083 0.0444444
0 0.310156 0.662037 0.0171875 0.0759259
1 0.5375 0.453009 0.0104167 0.0143519
1 0.310156 0.6625 0.0171875 0.0787037
1 0.196875 0.97037 0.0161458 0.0185185
1 0.196354 0.97037 0.0153646 0.0185185
1 0.538542 0.453704 0.0125 0.0157407
1 0.419792 0.994444 0.0197917 0.0111111
0 0.213802 0.128588 0.126563 0.118056
0 0.419792 0.994444 0.0197917 0.0111111
1 0.119401 0.246296 0.00989583 0.00925926
1 0.451562 0.95463 0.0104167 0.0203704
1 0.205339 0.0656829 0.00729167 0.01875
0 0.309896 0.661574 0.0166667 0.075
1 0.4 0.00447049 0.0104167 0.00778356
1 0.420312 0.993981 0.0171875 0.012037
1 0.28151 0.696296 0.0171875 0.0425926
0 0.309896 0.661111 0.0166667 0.0777778
1 0.329167 0.488889 0.0125 0.0277778
1 0.309375 0.662037 0.0166667 0.0787037
1 0.195964 0.97037 0.0158854 0.0185185
1 0.205339 0.066956 0.00598958 0.0149306
1 0.196354 0.97037 0.015625 0.0185185
1 0.282292 0.712037 0.0109375 0.0148148
1 0.282292 0.697222 0.0151042 0.0444444
1 0.536458 0.453704 0.00833333 0.0166667
0 0.0438802 0.221528 0.0697917 0.0560185
0 0.399219 0.00451389 0.00989583 0.00711806
1 0.399219 0.00451389 0.00989583 0.00711806
1 0.207031 0.0675926 0.00963542 0.0164352
0 0.11569 0.692593 0.118359 0.375
0 0.103646 0.738426 0.170833 0.352778
1 0.195964 0.966667 0.0166667 0.0222222
1 0.190365 0.398843 0.00598958 0.0175926
1 0.391667 0.709259 0.01875 0.037963
1 0.5375 0.455093 0.0125 0.0185185
1 0.207682 0.0659144 0.0119792 0.0201389
1 0.281771 0.696296 0.0177083 0.0444444
1 0.399479 0.00454282 0.0114583 0.00908565
1 0.539583 0.458796 0.0166667 0.0268519
0 0.399479 0.00454282 0.0114583 0.00908565
1 0.205729 0.0664352 0.00625 0.0180556
0 0.309635 0.661111 0.0177083 0.0777778
0 0.40026 0.00461516 0.0109375 0.00923032
1 0.400521 0.00377604 0.0104167 0.00755208
1 0.197266 0.969444 0.0140625 0.0166667
1 0.196745 0.97037 0.0158854 0.0185185
1 0.281771 0.705093 0.015625 0.0268519
1 0.282292 0.710185 0.0130208 0.0166667
1 0.4 0.00448495 0.0114583 0.00865162
1 0.28125 0.696296 0.0182292 0.0444444
1 0.205208 0.0657986 0.00729167 0.0197917
1 0.200651 0.969444 0.0229167 0.0240741
0 0.399479 0.00402199 0.0104167 0.00804398
1 0.196875 0.97037 0.0151042 0.0185185
1 0.39974 0.00481771 0.0114583 0.00917245
1 0.419792 0.994444 0.0182292 0.0111111
0 0.4 0.00458623 0.0114583 0.00847801
1 0.538021 0.455093 0.0125 0.0185185
0 0.420312 0.994444 0.01875 0.0111111
0 0.399479 0.00351562 0.0119792 0.00703125
1 0.420312 0.994444 0.01875 0.0111111
1 0.20625 0.0670139 0.00729167 0.0157407
1 0.536979 0.454167 0.009375 0.0166667
1 0.196875 0.97037 0.0161458 0.0185185
1 0.399479 0.00351562 0.0119792 0.00703125
0 0.385938 0.00391348 0.0541667 0.00782697
1 0.536979 0.45463 0.0104167 0.0175926
1 0.205469 0.066088 0.00572917 0.0178241
0 0.399479 0.00451389 0.0104167 0.00902778
1 0.399479 0.00455729 0.0104167 0.00911458
1 0.0613118 0.00646701 0.00680339 0.0121238
1 0.205078 0.0661458 0.00625 0.0173611
1 0.399479 0.00407986 0.0104167 0.00815972
0 0.399479 0.00465856 0.0114583 0.00818866
1 0.420573 0.994444 0.0171875 0.00925926
1 0.311719 0.67037 0.0130208 0.0574074
1 0.399479 0.00399306 0.0104167 0.00784144
1 0.204948 0.0671296 0.00677083 0.0137731
1 0.310156 0.662037 0.0166667 0.0759259
1 0.420833 0.994444 0.0166667 0.0111111
0 0.399479 0.0046875 0.0114583 0.00868056
1 0.204948 0.0600694 0.00755208 0.0289352
1 0.205469 0.0655671 0.00729167 0.0168981
0 0.420833 0.994444 0.0177083 0.0111111
1 0.205469 0.0660301 0.00677083 0.0158565
0 0.420312 0.994444 0.0177083 0.0111111
2 0.419792 0.995833 0.015625 0.00833333
0 0.399479 0.00445602 0.0104167 0.0083912
1 0.205469 0.0657407 0.00729167 0.0162037
1 0.4 0.00523727 0.0145833 0.0101273
1 0.205469 0.066088 0.00677083 0.0152778
1 0.399479 0.00493345 0.0114583 0.00891204
1 0.282552 0.709259 0.0125 0.0194444
1 0.205208 0.0663194 0.00677083 0.015625
1 0.5375 0.453704 0.0104167 0.0166667
1 0.399479 0.00512153 0.0114583 0.00914352
1 0.205208 0.0663194 0.00651042 0.0145833
1 0.205208 0.0659144 0.00625 0.0140046
1 0.399479 0.00438368 0.0114583 0.00850694
0 0.420833 0.994444 0.0166667 0.0111111
0 0.399479 0.00438368 0.0114583 0.00850694
0 0.39974 0.00474537 0.0109375 0.00882523
