0 0.5625 0.445833 0.03125 0.0842593
0 0.572917 0.0962384 0.0375 0.0755787
0 0.551042 0.17338 0.0333333 0.0717593
0 0.520052 0.257176 0.0380208 0.0902778
0 0.686458 0.0300347 0.0333333 0.0600694
0 0.597917 0.0282118 0.0333333 0.0556134
0 0.284896 0.412037 0.0489583 0.087037
0 0.6625 0.109838 0.0333333 0.0743056
1 0.507292 0.556481 0.0104167 0.0240741
0 0.297917 0.956944 0.0510417 0.0861111
0 0.590104 0.347685 0.0364583 0.0824074
1 0.494271 0.567593 0.009375 0.0240741
1 0.204948 0.221238 0.0122396 0.0269676
0 0.607292 0.27037 0.0229167 0.0675926
0 0.510938 0.615741 0.0203125 0.0314815
1 0.646875 0.164815 0.0229167 0.0384259
1 0.686979 0.0300926 0.0322917 0.0601852
0 0.485156 0.480093 0.0192708 0.062037
1 0.484896 0.480093 0.0197917 0.062037
1 0.607292 0.269444 0.0229167 0.0703704
1 0.598958 0.0276693 0.0333333 0.0550781
1 0.663542 0.109462 0.03125 0.073669
1 0.590625 0.347917 0.0354167 0.0828704
1 0.510938 0.615741 0.0197917 0.0324074
1 0.572917 0.0961806 0.0375 0.0738426
1 0.5625 0.44537 0.03125 0.0833333
1 0.551042 0.172685 0.0333333 0.0710648
3 0.284635 0.4125 0.0505208 0.0861111
0 0.204948 0.221238 0.0122396 0.0269676
1 0.223438 0.220833 0.00833333 0.0185185
0 0.646875 0.165278 0.0229167 0.0393519
1 0.358854 0.649074 0.0078125 0.0148148
1 0.519792 0.255556 0.0375 0.0875
0 0.90625 0.789352 0.0395833 0.0685185
1 0.365104 0.574537 0.00729167 0.0148148
0 0.494271 0.568056 0.009375 0.0231481
0 0.517187 0.616667 0.0322917 0.0342593
3 0.297396 0.957176 0.0510417 0.0856481
0 0.507292 0.556481 0.0104167 0.0240741
2 0.297917 0.957176 0.0510417 0.0856481
2 0.284375 0.4125 0.05 0.087037
1 0.523958 0.615741 0.0458333 0.0324074
0 0.30625 0.601852 0.0458333 0.0592593
0 0.551042 0.173148 0.0333333 0.0722222
0 0.572917 0.0961806 0.0385417 0.0759259
0 0.663021 0.109606 0.0333333 0.0743056
0 0.520052 0.257639 0.0380208 0.0898148
0 0.5625 0.446065 0.03125 0.0865741
0 0.298958 0.956481 0.0489583 0.087037
0 0.685417 0.0298032 0.03125 0.0596065
0 0.598958 0.0283854 0.034375 0.0567708
0 0.284896 0.4125 0.0494792 0.087037
1 0.485156 0.47963 0.0203125 0.062963
1 0.205469 0.221759 0.0135417 0.0273148
1 0.507552 0.555556 0.0109375 0.0240741
0 0.607813 0.271759 0.025 0.0652778
0 0.485417 0.479514 0.0197917 0.0613426
0 0.508594 0.612037 0.0161458 0.0259259
0 0.516146 0.614352 0.03125 0.0305556
0 0.589583 0.353935 0.0354167 0.0981481
1 0.508333 0.611111 0.015625 0.0240741
1 0.494792 0.567593 0.0114583 0.0240741
0 0.591667 0.325926 0.0354167 0.0416667
0 0.646875 0.16088 0.025 0.0305556
0 0.524479 0.615278 0.0479167 0.0333333
0 0.614583 0.27037 0.0375 0.0703704
1 0.598958 0.0282986 0.0333333 0.0561343
0 0.507812 0.555556 0.0109375 0.0231481
1 0.520312 0.25735 0.0375 0.0917824
1 0.5625 0.446296 0.03125 0.087963
1 0.686458 0.0297164 0.03125 0.0594329
1 0.223047 0.220602 0.009375 0.0194444
2 0.519792 0.256944 0.0375 0.0912037
0 0.29375 0.966667 0.0375 0.0666667
1 0.608333 0.271759 0.025 0.0666667
0 0.205469 0.221296 0.0125 0.0263889
1 0.572917 0.0963542 0.0385417 0.0758102
1 0.551042 0.172454 0.0333333 0.0717593
0 0.591667 0.399769 0.0395833 0.190278
1 0.284896 0.412037 0.05 0.087963
0 0.507031 0.615741 0.0208333 0.0351852
1 0.358854 0.649074 0.00833333 0.0166667
0 0.520052 0.256944 0.0390625 0.0930556
0 0.551562 0.173611 0.034375 0.0736111
0 0.572917 0.0969907 0.0395833 0.0766204
0 0.664062 0.110446 0.034375 0.076331
0 0.598958 0.0280599 0.0354167 0.0554543
0 0.686979 0.0300926 0.0333333 0.0601852
0 0.299479 0.956481 0.0489583 0.087037
0 0.563021 0.44537 0.0322917 0.0861111
0 0.283854 0.412963 0.0489583 0.0888889
1 0.205729 0.221991 0.0135417 0.0287037
0 0.60625 0.285185 0.0229167 0.0407407
0 0.589583 0.346065 0.0375 0.0800926
0 0.510938 0.611111 0.0197917 0.0240741
1 0.360677 0.651389 0.0114583 0.0222222
0 0.646875 0.16088 0.0239583 0.0333333
1 0.507292 0.556481 0.0104167 0.0268519
0 0.51276 0.615741 0.0239583 0.0333333
0 0.607292 0.268056 0.025 0.0759259
0 0.485417 0.480556 0.01875 0.0611111
1 0.494271 0.569444 0.009375 0.0259259
1 0.497396 0.568519 0.01875 0.0259259
1 0.365104 0.575 0.00729167 0.0166667
1 0.368229 0.66713 0.0135417 0.0231481
1 0.223177 0.221065 0.00885417 0.0189815
1 0.510677 0.611111 0.01875 0.0240741
0 0.594271 0.327546 0.0291667 0.0430556
1 0.356771 0.575 0.0239583 0.0166667
1 0.51276 0.615741 0.0239583 0.0333333
1 0.294271 0.656944 0.0161458 0.0157407
1 0.485417 0.47963 0.0192708 0.062963
1 0.339844 0.65 0.065625 0.0222222
0 0.520052 0.61713 0.0390625 0.0361111
1 0.491667 0.57037 0.0380208 0.0259259
0 0.509635 0.625 0.0223958 0.0527778
0 0.50599 0.559259 0.0109375 0.0277778
1 0.985937 0.757407 0.0166667 0.0148148
1 0.341927 0.574537 0.0630208 0.0185185
1 0.364583 0.659259 0.0208333 0.0388889
1 0.220313 0.220428 0.0158854 0.0193287
1 0.60625 0.285185 0.0229167 0.0407407
0 0.285417 0.411111 0.05 0.087963
0 0.572917 0.0974537 0.0385417 0.0773148
0 0.520052 0.256944 0.0380208 0.0921296
0 0.598958 0.0280671 0.0354167 0.0561343
0 0.5625 0.445602 0.0322917 0.0847222
0 0.551562 0.173727 0.034375 0.0729167
0 0.663021 0.110214 0.0333333 0.0744792
0 0.6875 0.0300347 0.0354167 0.0600694
0 0.298438 0.956481 0.0489583 0.087037
0 0.605729 0.270833 0.0208333 0.0685185
0 0.509375 0.612963 0.0166667 0.0277778
0 0.646875 0.163657 0.0229167 0.037963
0 0.589583 0.349537 0.0375 0.0888889
0 0.501042 0.562037 0.0229167 0.037037
0 0.494271 0.567593 0.009375 0.0259259
0 0.56875 0.415278 0.01875 0.0240741
1 0.494271 0.566667 0.009375 0.0277778
0 0.297135 0.332176 0.0453125 0.0726852
0 0.521354 0.619444 0.0416667 0.0407407
0 0.507812 0.55463 0.0104167 0.0222222
1 0.509375 0.612963 0.0166667 0.0277778
0 0.485156 0.479514 0.0197917 0.0631944
0 0.597917 0.509144 0.0458333 0.113194
1 0.501042 0.562037 0.0229167 0.037963
0 0.511719 0.605556 0.0197917 0.0166667
1 0.507552 0.553704 0.0104167 0.0203704
0 0.6125 0.00665509 0.00833333 0.0128472
0 0.551562 0.173148 0.0333333 0.0722222
0 0.572917 0.0965856 0.0395833 0.0771991
0 0.663542 0.109751 0.0333333 0.0754051
0 0.519792 0.25787 0.0375 0.0912037
0 0.284375 0.412037 0.05 0.0898148
0 0.563021 0.446296 0.0322917 0.0861111
0 0.598437 0.027662 0.034375 0.0550926
0 0.688542 0.0304398 0.0354167 0.0608796
0 0.298698 0.956481 0.0510417 0.087037
0 0.606771 0.268981 0.0239583 0.0712963
0 0.509375 0.612963 0.0177083 0.0277778
0 0.646354 0.164352 0.0239583 0.037963
0 0.589583 0.352315 0.0364583 0.0953704
1 0.494271 0.568519 0.0104167 0.0259259
1 0.501042 0.562037 0.0234375 0.037037
1 0.497396 0.564352 0.015625 0.0333333
0 0.501042 0.562037 0.0239583 0.0388889
0 0.485156 0.47963 0.01875 0.0611111
0 0.590625 0.331481 0.0375 0.0518519
1 0.485417 0.480671 0.01875 0.0627315
1 0.205339 0.221759 0.0127604 0.0282407
0 0.516667 0.614815 0.0333333 0.0324074
1 0.507292 0.555556 0.0109375 0.0240741
1 0.508854 0.62037 0.0166667 0.0407407
0 0.497396 0.564352 0.015625 0.0333333
0 0.513281 0.622222 0.0255208 0.0462963
0 0.205339 0.221759 0.0127604 0.0282407
1 0.875 0.00570023 0.00729167 0.0107639
1 0.358854 0.536111 0.00833333 0.0203704
0 0.507292 0.555556 0.0109375 0.0240741
0 0.614583 0.27037 0.0416667 0.0712963
0 0.563542 0.0292245 0.101042 0.0582176
1 0.509635 0.612963 0.01875 0.0277778
1 0.598958 0.0278067 0.0354167 0.0556134
1 0.358854 0.65 0.00833333 0.0203704
0 0.5875 0.375463 0.03125 0.0509259
0 0.494271 0.568519 0.0104167 0.0259259
0 0.571354 0.416204 0.015625 0.0240741
1 0.0273438 0.251852 0.0117188 0.0194444
1 0.5625 0.445833 0.0333333 0.0851852
0 0.572396 0.0972801 0.0395833 0.0765046
0 0.551562 0.172917 0.0333333 0.0722222
0 0.663021 0.109491 0.034375 0.0756944
0 0.598437 0.0278646 0.034375 0.0556134
0 0.685417 0.0306134 0.03125 0.0605324
0 0.298438 0.955324 0.0510417 0.0856481
0 0.519792 0.257407 0.0385417 0.0893519
0 0.5625 0.445833 0.03125 0.0842593
0 0.284375 0.411574 0.05 0.0888889
0 0.60625 0.284722 0.0208333 0.0425926
0 0.510938 0.613889 0.0223958 0.0296296
0 0.645833 0.161343 0.025 0.0319444
1 0.507552 0.556481 0.00989583 0.0277778
1 0.205208 0.221065 0.0125 0.0277778
0 0.589583 0.349074 0.0354167 0.087037
1 0.494792 0.568519 0.0104167 0.0259259
0 0.557292 0.48287 0.0145833 0.0111111
0 0.301042 0.6 0.0348958 0.0527778
0 0.51849 0.614352 0.0380208 0.0314815
0 0.65625 0.14213 0.015625 0.0106481
0 0.561458 0.48287 0.00833333 0.0111111
0 0.661458 0.14213 0.00625 0.0111111
0 0.290104 0.994444 0.00833333 0.0111111
0 0.29375 0.994444 0.00729167 0.0111111
0 0.511458 0.297685 0.0166667 0.0101852
0 0.285417 0.994444 0.00833333 0.0111111
0 0.296354 0.994444 0.00520833 0.0111111
0 0.515885 0.298148 0.00885417 0.0101852
0 0.591146 0.33287 0.034375 0.0546296
1 0.365625 0.575 0.00833333 0.0175926
0 0.548958 0.202662 0.00833333 0.0122685
0 0.546875 0.202662 0.0229167 0.0122685
0 0.564062 0.128472 0.0114583 0.012037
0 0.558333 0.478704 0.0229167 0.0166667
0 0.30026 0.994444 0.00572917 0.0111111
0 0.590625 0.0520833 0.0145833 0.00949074
0 0.56875 0.00996817 0.0145833 0.0176794
0 0.28099 0.994444 0.00885417 0.0111111
0 0.606771 0.296759 0.021875 0.0175926
0 0.270247 0.955556 0.107422 0.087037
0 0.663021 0.141898 0.00625 0.0111111
0 0.56875 0.128472 0.00729167 0.0122685
0 0.594792 0.0523727 0.00833333 0.00925926
0 0.304427 0.994444 0.00625 0.0111111
0 0.518229 0.297685 0.00729167 0.0111111
0 0.564583 0.128241 0.0208333 0.0125
0 0.572917 0.0129051 0.0354167 0.0239583
0 0.507292 0.556944 0.00833333 0.0268519
0 0.55 0.205903 0.00833333 0.00833333
0 0.294271 0.444907 0.0239583 0.0212963
0 0.551042 0.202662 0.00729167 0.0122685
0 0.277604 0.994444 0.00729167 0.0111111
0 0.583333 0.376852 0.0229167 0.0296296
0 0.517187 0.653704 0.034375 0.109259
0 0.5875 0.381019 0.03125 0.0212963
0 0.565625 0.131944 0.0104167 0.00833333
0 0.544792 0.205787 0.0166667 0.0087963
0 0.566667 0.0122685 0.0166667 0.0231481
0 0.580729 0.384722 0.0166667 0.0148148
0 0.494792 0.567593 0.0104167 0.0259259
0 0.541667 0.35 0.133333 0.087963
1 0.479688 0.505093 0.00729167 0.012037
1 0.358594 0.536574 0.00885417 0.0212963
0 0.5875 0.374769 0.0322917 0.0356481
0 0.666667 0.141551 0.00833333 0.0115741
0 0.308854 0.994444 0.0078125 0.0111111
0 0.676042 0.0586806 0.00833333 0.0104167
0 0.514844 0.292593 0.0265625 0.0185185
0 0.551562 0.17338 0.0333333 0.0731481
0 0.663542 0.109722 0.0333333 0.0761574
0 0.573438 0.0972222 0.0375 0.0768519
0 0.520312 0.257639 0.0385417 0.0898148
0 0.563021 0.446759 0.0322917 0.0814815
0 0.284635 0.411806 0.0494792 0.0884259
0 0.598958 0.0279803 0.0354167 0.0559606
0 0.6875 0.0296296 0.0333333 0.0592593
0 0.299479 0.956481 0.0489583 0.087037
1 0.494271 0.568519 0.0104167 0.0240741
1 0.484896 0.481019 0.0197917 0.0611111
1 0.507031 0.556944 0.0109375 0.0259259
0 0.590625 0.349074 0.0375 0.0898148
0 0.510677 0.616667 0.0213542 0.0351852
0 0.645833 0.163657 0.025 0.037037
1 0.359375 0.65 0.009375 0.0203704
1 0.205469 0.221528 0.0119792 0.0263889
1 0.365104 0.574074 0.0078125 0.0166667
1 0.296354 0.657407 0.015625 0.0166667
0 0.609375 0.27037 0.0270833 0.0625
1 0.358854 0.536574 0.009375 0.0212963
0 0.205339 0.221296 0.0122396 0.0268519
1 0.368229 0.659259 0.0125 0.0203704
1 0.365104 0.572222 0.0104167 0.0222222
1 0.598958 0.0274884 0.0333333 0.0549769
1 0.36875 0.574074 0.0145833 0.0166667
1 0.223177 0.220313 0.00885417 0.0204861
1 0.365885 0.576389 0.0104167 0.0212963
0 0.484896 0.481944 0.0197917 0.0592593
1 0.573438 0.096875 0.0375 0.0766204
1 0.503646 0.560185 0.015625 0.0277778
1 0.510417 0.614815 0.0208333 0.0324074
1 0.520312 0.257639 0.0385417 0.0916667
0 0.6125 0.252373 0.0333333 0.102662
0 0.298958 0.955324 0.05 0.0856481
0 0.284635 0.412963 0.0505208 0.0888889
0 0.572917 0.0967014 0.0395833 0.0758102
0 0.663542 0.109606 0.0333333 0.0763889
0 0.551042 0.173032 0.0333333 0.0719907
0 0.598958 0.0278356 0.0354167 0.0556713
0 0.6875 0.0295428 0.0354167 0.0590856
0 0.519792 0.256944 0.0385417 0.0893519
0 0.5625 0.445833 0.03125 0.0851852
0 0.646875 0.161111 0.025 0.0319444
1 0.205469 0.221991 0.0135417 0.0273148
0 0.60625 0.284028 0.0208333 0.0402778
0 0.513542 0.613426 0.0260417 0.0277778
0 0.590104 0.347685 0.0375 0.0842593
1 0.365104 0.575 0.0078125 0.0166667
1 0.494271 0.568519 0.0104167 0.0259259
0 0.205469 0.221701 0.0130208 0.0278935
1 0.358854 0.537037 0.00833333 0.0222222
1 0.507552 0.555556 0.0104167 0.0240741
1 0.223438 0.221759 0.009375 0.0203704
0 0.485417 0.480556 0.0197917 0.062963
0 0.508854 0.612037 0.0177083 0.0259259
1 0.501042 0.562963 0.021875 0.037037
1 0.505729 0.559259 0.0145833 0.0296296
0 0.605729 0.269444 0.0208333 0.0694444
0 0.591667 0.331944 0.0354167 0.0527778
0 0.494531 0.568519 0.0104167 0.0259259
0 0.520833 0.624074 0.0427083 0.05
1 0.366146 0.570833 0.0104167 0.025
1 0.359375 0.65 0.009375 0.0203704
0 0.501042 0.562963 0.021875 0.037037
0 0.663542 0.110156 0.0333333 0.0750579
0 0.519792 0.257639 0.0385417 0.0916667
0 0.551042 0.17338 0.0333333 0.0726852
0 0.572917 0.0971065 0.0385417 0.0759259
0 0.298438 0.957639 0.05 0.0847222
0 0.597917 0.0280671 0.0354167 0.0561343
0 0.686979 0.0293403 0.0333333 0.0586806
0 0.5625 0.446759 0.0333333 0.0833333
0 0.284375 0.412037 0.0489583 0.0888889
0 0.509896 0.613426 0.01875 0.0296296
0 0.590625 0.349074 0.0375 0.087963
0 0.646354 0.16088 0.0229167 0.0328704
0 0.485156 0.47963 0.0192708 0.062037
1 0.49401 0.567593 0.009375 0.0240741
0 0.605729 0.27963 0.0208333 0.0490741
1 0.507292 0.556481 0.0104167 0.0259259
1 0.204948 0.221759 0.0125 0.0287037
1 0.498437 0.561111 0.0166667 0.0351852
1 0.485156 0.480093 0.0192708 0.062037
1 0.509896 0.613426 0.01875 0.0296296
1 0.364583 0.575 0.0078125 0.0157407
1 0.875 0.00600405 0.00729167 0.0118924
0 0.298438 0.957176 0.05 0.0856481
0 0.284375 0.411806 0.0510417 0.0875
0 0.572917 0.0969907 0.0375 0.0761574
0 0.551562 0.173148 0.0333333 0.0724537
0 0.663021 0.109954 0.0333333 0.075463
0 0.519792 0.257407 0.0375 0.0921296
0 0.598437 0.0277488 0.034375 0.0551505
0 0.6875 0.0297454 0.0333333 0.0594907
0 0.5625 0.446759 0.0333333 0.0851852
1 0.484896 0.480556 0.0197917 0.062037
0 0.646354 0.161111 0.0239583 0.0328704
0 0.511458 0.615278 0.021875 0.0324074
1 0.494531 0.568056 0.0104167 0.0240741
0 0.60625 0.272685 0.0208333 0.0634259
0 0.516667 0.616667 0.0333333 0.0361111
1 0.507292 0.555556 0.0104167 0.025
0 0.590625 0.352315 0.0375 0.0935185
1 0.360156 0.65 0.0114583 0.0222222
1 0.50625 0.561111 0.0130208 0.0314815
0 0.484896 0.480093 0.0197917 0.062963
1 0.484115 0.492593 0.0182292 0.037037
1 0.511198 0.614815 0.0213542 0.0314815
0 0.507812 0.556944 0.0104167 0.0268519
0 0.494792 0.567593 0.0114583 0.0240741
0 0.615625 0 0.05 0
1 0.48125 0.497222 0.0125 0.0277778
0 0.519792 0.25787 0.0385417 0.0912037
0 0.572917 0.0974537 0.0395833 0.0763889
0 0.551042 0.173611 0.034375 0.0731481
0 0.284635 0.412963 0.0505208 0.0888889
0 0.297917 0.956481 0.0526042 0.087037
0 0.6625 0.110417 0.0333333 0.0763889
0 0.688542 0.0299262 0.0354167 0.0592448
0 0.5625 0.445833 0.0322917 0.0851852
0 0.598958 0.0281539 0.0354167 0.0559606
0 0.590104 0.349306 0.0364583 0.0865741
0 0.605729 0.270833 0.0197917 0.0657407
0 0.509896 0.615278 0.0182292 0.0314815
0 0.646354 0.161806 0.0239583 0.0324074
0 0.501042 0.561111 0.0229167 0.0351852
0 0.485156 0.479167 0.0192708 0.062037
1 0.501042 0.563426 0.0229167 0.0296296
0 0.499479 0.565741 0.0197917 0.0240741
1 0.919271 0.18125 0.0229167 0.037037
1 0.485156 0.480093 0.0192708 0.0611111
1 0.510156 0.614815 0.0182292 0.0305556
1 0.296354 0.656482 0.0166667 0.0157407
1 0.204948 0.221065 0.0125 0.0277778
0 0.517448 0.614815 0.0317708 0.0314815
0 0.91875 0.18125 0.0229167 0.0358796
0 0.553125 0.00659722 0.0166667 0.0130787
0 0.572917 0.0971644 0.0395833 0.0751157
0 0.551042 0.17338 0.0333333 0.0719907
0 0.520052 0.258333 0.0380208 0.0912037
0 0.663542 0.109838 0.0333333 0.0756944
0 0.598437 0.0278646 0.0354167 0.0556134
0 0.284375 0.412269 0.0505208 0.0893519
0 0.298958 0.956481 0.05 0.087037
0 0.6875 0.0293692 0.0354167 0.057581
1 0.205208 0.221528 0.0125 0.0277778
0 0.560938 0.446991 0.028125 0.0828704
0 0.510156 0.614352 0.0197917 0.0305556
0 0.60625 0.272917 0.0208333 0.0643518
1 0.507812 0.556019 0.009375 0.025
1 0.494531 0.568056 0.00989583 0.0240741
1 0.364583 0.574537 0.00833333 0.0157407
0 0.590625 0.359954 0.0375 0.10787
0 0.494531 0.567593 0.00989583 0.0240741
1 0.223568 0.220833 0.00859375 0.0189815
0 0.646875 0.16088 0.0239583 0.0328704
0 0.485156 0.481019 0.0197917 0.0601852
0 0.591146 0.337037 0.0364583 0.0625
0 0.507812 0.555556 0.009375 0.0240741
0 0.204948 0.221528 0.0125 0.0273148
0 0.223438 0.220891 0.00833333 0.0211806
0 0.60625 0.285417 0.0208333 0.0384259
1 0.484896 0.482407 0.0197917 0.0583333
1 0.510417 0.613889 0.0197917 0.0296296
0 0.590625 0.396296 0.0375 0.181481
0 0.867188 0 0.107292 0
0 0.551042 0.174074 0.0333333 0.0722222
0 0.520052 0.258333 0.0380208 0.0898148
0 0.572917 0.0975694 0.0395833 0.0761574
0 0.284896 0.412037 0.05 0.0888889
0 0.663542 0.110185 0.0333333 0.0743056
0 0.298438 0.956481 0.05 0.0851852
0 0.597917 0.028125 0.0354167 0.05625
0 0.5625 0.446528 0.03125 0.0828704
0 0.6875 0.0300637 0.0333333 0.0601273
0 0.646875 0.172222 0.0239583 0.0546296
0 0.605729 0.274306 0.0208333 0.0601852
0 0.511979 0.61713 0.0229167 0.0361111
1 0.507812 0.556481 0.009375 0.0259259
1 0.494792 0.568056 0.0104167 0.025
1 0.205469 0.221528 0.0130208 0.0287037
0 0.485156 0.480556 0.0197917 0.062963
0 0.592188 0.340278 0.0333333 0.0694444
1 0.495833 0.562963 0.0125 0.0351852
1 0.485156 0.480671 0.0197917 0.0627315
1 0.223307 0.221354 0.00963542 0.0193287
1 0.365104 0.574537 0.00729167 0.0157407
0 0.521354 0.618056 0.040625 0.037963
1 0.503646 0.559259 0.0166667 0.0296296
0 0.589583 0.355093 0.0354167 0.101852
0 0.507812 0.557407 0.0104167 0.0277778
0 0.610417 0.0135706 0.0114583 0.0270255
1 0.478125 0.499537 0.00729167 0.0240741
0 0.488021 0.714815 0.0239583 0.0592593
0 0.551042 0.173958 0.0333333 0.0726852
0 0.520312 0.257812 0.0375 0.0899306
0 0.297917 0.956481 0.0510417 0.087037
0 0.572917 0.097338 0.0395833 0.0766204
0 0.284896 0.4125 0.0505208 0.0888889
0 0.663542 0.110446 0.0333333 0.0754051
0 0.598437 0.0285373 0.034375 0.0565828
0 0.688542 0.0296875 0.0354167 0.059375
0 0.559896 0.451852 0.0260417 0.0731481
0 0.510417 0.614815 0.0197917 0.0314815
1 0.507292 0.556481 0.0104167 0.0259259
1 0.494271 0.568056 0.0104167 0.025
0 0.646354 0.160648 0.0239583 0.0333333
0 0.60625 0.273148 0.0208333 0.062963
1 0.205208 0.221817 0.0130208 0.028588
0 0.591146 0.351852 0.0364583 0.0935185
1 0.484896 0.48287 0.0197917 0.0583333
0 0.484896 0.482292 0.0197917 0.0594907
1 0.505208 0.560185 0.0125 0.0296296
0 0.51875 0.615741 0.0364583 0.0333333
0 0.555729 0.00704572 0.0135417 0.0134549
1 0.358854 0.650926 0.00833333 0.0203704
0 0.298698 0.956481 0.0494792 0.087037
0 0.551042 0.17338 0.0333333 0.0731481
0 0.572917 0.0971065 0.0385417 0.0756944
0 0.520312 0.25735 0.0375 0.0899306
0 0.663542 0.109954 0.0333333 0.0761574
0 0.284635 0.411574 0.0510417 0.0888889
0 0.598437 0.027662 0.034375 0.0545139
0 0.6875 0.0298322 0.034375 0.0596644
0 0.561979 0.446296 0.0302083 0.0861111
0 0.511458 0.614352 0.0208333 0.0296296
1 0.494531 0.568519 0.00989583 0.0240741
1 0.205208 0.221759 0.0130208 0.0282407
0 0.60625 0.273148 0.0208333 0.062963
0 0.646875 0.159954 0.0239583 0.0310185
1 0.507812 0.556944 0.009375 0.0268519
1 0.364844 0.575 0.00833333 0.0148148
1 0.484896 0.480671 0.0197917 0.0608796
1 0.501302 0.561111 0.0229167 0.0351852
0 0.590625 0.351389 0.0375 0.0907407
0 0.484896 0.480093 0.0197917 0.0611111
1 0.223047 0.220602 0.00885417 0.0208333
1 0.359896 0.813889 0.00989583 0.0185185
1 0.505729 0.560185 0.0145833 0.0342593
0 0.866667 0.00729167 0.025 0.0138889
0 0.496875 0.56713 0.0145833 0.025
1 0.510417 0.613889 0.0192708 0.0287037
1 0.481771 0.499537 0.0135417 0.0212963
0 0.502865 0.561111 0.0197917 0.0351852
0 0.551042 0.173611 0.0333333 0.0731481
0 0.298177 0.957176 0.05 0.0856481
0 0.519792 0.25787 0.0375 0.0916667
0 0.663021 0.109925 0.0333333 0.0769097
0 0.572917 0.0975694 0.0395833 0.0773148
0 0.598437 0.0288484 0.0354167 0.0565394
0 0.5625 0.446065 0.03125 0.0856481
0 0.6875 0.0299769 0.034375 0.0599537
0 0.284115 0.412269 0.0494792 0.0884259
0 0.509896 0.612963 0.0177083 0.0277778
0 0.590625 0.35 0.0375 0.0898148
0 0.605729 0.27037 0.0208333 0.0652778
0 0.646875 0.160069 0.0229167 0.0305556
1 0.205078 0.221354 0.0127604 0.0258102
1 0.485417 0.484259 0.0197917 0.0537037
1 0.509635 0.6125 0.0177083 0.0268519
0 0.551042 0.173611 0.0333333 0.0731481
0 0.298438 0.956481 0.05 0.087037
0 0.519792 0.258102 0.0375 0.0912037
0 0.572917 0.0972222 0.0395833 0.0763889
0 0.663021 0.110532 0.0333333 0.0766204
0 0.597917 0.028588 0.0354167 0.0560185
0 0.284896 0.412037 0.05 0.0888889
0 0.6875 0.0298322 0.0333333 0.0596644
0 0.590625 0.348148 0.0375 0.0861111
0 0.646354 0.161806 0.025 0.0342593
0 0.508854 0.614815 0.0166667 0.0296296
1 0.205469 0.221354 0.0127604 0.027662
0 0.605208 0.274074 0.0197917 0.0583333
0 0.5625 0.446759 0.0333333 0.0842593
0 0.517708 0.616204 0.034375 0.0324074
0 0.520312 0.257407 0.0375 0.0907407
0 0.572917 0.0972222 0.0375 0.0768519
0 0.551042 0.173727 0.0333333 0.0733796
0 0.298438 0.955556 0.0510417 0.087037
0 0.663021 0.109925 0.0333333 0.0764468
0 0.284635 0.4125 0.05 0.087037
0 0.598437 0.0287905 0.0354167 0.0568866
0 0.6875 0.0299769 0.0333333 0.0594907
0 0.5625 0.446759 0.03125 0.0833333
0 0.590625 0.347685 0.0375 0.0842593
1 0.205339 0.221528 0.0125 0.0282407
0 0.646875 0.16088 0.0229167 0.0319444
0 0.508854 0.613426 0.015625 0.0268519
0 0.605208 0.273611 0.0197917 0.0601852
1 0.222917 0.220775 0.009375 0.0204861
0 0.517448 0.618056 0.0338542 0.0361111
1 0.508594 0.612963 0.0151042 0.0259259
3 0.509115 0.613889 0.0161458 0.0277778
0 0.519792 0.257465 0.0375 0.090625
0 0.551042 0.17338 0.0333333 0.0726852
0 0.572917 0.0972801 0.0375 0.0760417
0 0.663542 0.109954 0.0333333 0.0763889
0 0.298177 0.955324 0.0510417 0.0856481
0 0.598437 0.028559 0.0354167 0.0571181
0 0.688542 0.029919 0.0354167 0.059838
0 0.5625 0.446065 0.03125 0.0837963
0 0.284375 0.4125 0.05 0.0888889
0 0.60625 0.27338 0.0208333 0.0606481
0 0.509375 0.614352 0.0177083 0.0296296
0 0.646875 0.162037 0.0239583 0.0328704
1 0.205208 0.221528 0.0130208 0.0282407
0 0.590104 0.35 0.0375 0.0907407
1 0.509635 0.613426 0.0177083 0.0277778
0 0.551042 0.173611 0.0333333 0.0731481
0 0.298698 0.956481 0.0494792 0.087037
0 0.284896 0.412269 0.05 0.0875
0 0.519792 0.257407 0.0375 0.0907407
0 0.663542 0.109838 0.0333333 0.0759259
0 0.572917 0.0971644 0.0375 0.0762732
0 0.598437 0.0281178 0.0354167 0.0558015
0 0.5625 0.446296 0.03125 0.0833333
0 0.688542 0.0298322 0.0354167 0.0596644
0 0.509896 0.615741 0.0177083 0.0333333
0 0.605729 0.27338 0.0197917 0.0606481
0 0.590625 0.350694 0.0375 0.0907407
0 0.646875 0.162153 0.0229167 0.0331019
1 0.205469 0.221817 0.0122396 0.027662
0 0.484896 0.48044 0.01875 0.0613426
1 0.484896 0.481019 0.01875 0.0611111
0 0.551042 0.173843 0.0333333 0.0733796
0 0.297917 0.955324 0.0510417 0.0856481
0 0.520052 0.25735 0.0380208 0.0908565
0 0.663021 0.10952 0.0333333 0.0754051
0 0.572917 0.0971065 0.0395833 0.0773148
0 0.284635 0.4125 0.05 0.0888889
0 0.597917 0.0284144 0.0354167 0.0559028
0 0.688542 0.0298611 0.0354167 0.0597222
0 0.5625 0.446528 0.03125 0.0837963
0 0.509896 0.613889 0.0177083 0.0287037
1 0.205208 0.221296 0.0125 0.0282407
0 0.605208 0.274074 0.0208333 0.0583333
0 0.646354 0.160417 0.0239583 0.0305556
0 0.590104 0.351389 0.0375 0.0921296
1 0.483854 0.485185 0.0177083 0.0518519
1 0.48125 0.491667 0.0114583 0.0407407
0 0.520052 0.25787 0.0369792 0.0912037
0 0.551042 0.17338 0.0333333 0.0731481
0 0.572917 0.0969329 0.0395833 0.0760417
0 0.298177 0.955787 0.0505208 0.0884259
0 0.597917 0.0282914 0.0354167 0.0562645
0 0.663021 0.109838 0.0333333 0.0759259
0 0.6875 0.0299769 0.0333333 0.0599537
0 0.284375 0.412037 0.0494792 0.087963
0 0.509635 0.615741 0.0171875 0.0314815
0 0.563021 0.447685 0.0322917 0.0824074
0 0.60625 0.273611 0.0208333 0.062963
1 0.205469 0.221528 0.0125 0.0282407
0 0.646354 0.161806 0.0239583 0.0328704
0 0.590104 0.349537 0.0375 0.0888889
1 0.484896 0.483796 0.01875 0.0555556
0 0.572917 0.0971065 0.0395833 0.0756944
0 0.520052 0.257812 0.0369792 0.0908565
0 0.551042 0.173727 0.0333333 0.0724537
0 0.298698 0.956481 0.05 0.087037
0 0.663021 0.109751 0.0333333 0.0758681
0 0.598958 0.0279008 0.0354167 0.0557726
0 0.284635 0.412037 0.05 0.087963
0 0.6875 0.0297454 0.0333333 0.0594907
1 0.205208 0.221528 0.0125 0.0277778
0 0.509896 0.613889 0.0177083 0.0277778
0 0.563021 0.447222 0.0322917 0.0814815
0 0.60625 0.27338 0.0208333 0.062037
0 0.646354 0.161111 0.0239583 0.0314815
0 0.590625 0.349306 0.0375 0.0875
1 0.484896 0.484259 0.0192708 0.0537037
1 0.222917 0.220833 0.00885417 0.0194444
0 0.514583 0.614815 0.028125 0.0314815
0 0.520312 0.25787 0.0375 0.0907407
0 0.572917 0.0972222 0.0395833 0.0763889
0 0.551042 0.173611 0.0333333 0.0726852
0 0.663542 0.109954 0.0333333 0.0752315
0 0.298438 0.955556 0.0510417 0.087037
0 0.598437 0.0284071 0.0354167 0.0563802
0 0.688021 0.0301505 0.0354167 0.0601852
0 0.284635 0.412269 0.05 0.0884259
0 0.5625 0.447685 0.03125 0.0814815
1 0.205208 0.221528 0.0130208 0.0282407
0 0.509896 0.614352 0.0177083 0.0287037
0 0.605729 0.273611 0.0197917 0.0611111
0 0.590625 0.349074 0.0375 0.087037
0 0.646875 0.160995 0.0239583 0.0314815
1 0.484896 0.48287 0.0197917 0.0564815
1 0.223177 0.220833 0.009375 0.0199074
0 0.485156 0.48287 0.0197917 0.0574074
0 0.519792 0.256887 0.0375 0.0908565
0 0.551042 0.173611 0.0333333 0.0731481
0 0.572917 0.0971644 0.0395833 0.0765046
0 0.663542 0.109751 0.0333333 0.0758681
0 0.297917 0.955556 0.0515625 0.087037
0 0.598437 0.028125 0.0354167 0.05625
0 0.284375 0.412269 0.05 0.0875
0 0.688021 0.0300347 0.0354167 0.0600694
1 0.205208 0.221528 0.0125 0.0277778
0 0.5625 0.447222 0.03125 0.0814815
0 0.509635 0.613889 0.0171875 0.0277778
0 0.605729 0.27338 0.0197917 0.0606481
0 0.646354 0.160417 0.0239583 0.0300926
0 0.590625 0.349306 0.0375 0.0875
1 0.484896 0.48287 0.0197917 0.0564815
0 0.484896 0.48287 0.0197917 0.0574074
0 0.519792 0.256887 0.0375 0.0908565
0 0.551042 0.173611 0.0333333 0.0731481
0 0.572917 0.0971644 0.0395833 0.0765046
0 0.663542 0.109751 0.0333333 0.0758681
0 0.297917 0.955556 0.0515625 0.087037
0 0.598437 0.028125 0.0354167 0.05625
0 0.284375 0.412269 0.05 0.0875
0 0.688021 0.0300347 0.0354167 0.0600694
1 0.205208 0.221528 0.0125 0.0277778
0 0.5625 0.447222 0.03125 0.0814815
0 0.509635 0.613889 0.0171875 0.0277778
0 0.605729 0.27338 0.0197917 0.0606481
0 0.646354 0.160417 0.0239583 0.0300926
0 0.590625 0.349306 0.0375 0.0875
1 0.484896 0.48287 0.0197917 0.0564815
0 0.484896 0.48287 0.0197917 0.0574074
