2 0.483854 0.771296 0.0729167 0.127778
0 0.0917969 0.0211516 0.0627604 0.0414931
0 0.359375 0.0384838 0.0604167 0.0636574
0 0.0468424 0.176736 0.0524089 0.049537
0 0.351562 0.00886863 0.0296875 0.0149595
1 0.828646 0.631481 0.0114583 0.0296296
0 0.983333 0.582407 0.0333333 0.131481
0 0.361458 0.00833333 0.0489583 0.0157407
1 0.828125 0.625 0.0114583 0.0212963
1 0.234245 0.153819 0.0106771 0.0377315
0 0.345052 0.00787037 0.0166667 0.0149884
3 0.359375 0.0387153 0.0604167 0.0628472
1 0.828646 0.643056 0.0104167 0.00740741
0 0.329427 0.00894097 0.0104167 0.0171875
1 0.809375 0.5 0.0177083 0.012963
2 0.484896 0.735185 0.0729167 0.0555556
1 0.832292 0.630556 0.025 0.0333333
1 0.831771 0.635185 0.0177083 0.0240741
2 0.359375 0.0383681 0.0604167 0.0628472
1 0.769792 0.515278 0.01875 0.0148148
1 0.0469727 0.178472 0.0503255 0.0462963
2 0.484896 0.768981 0.071875 0.127778
0 0.359896 0.0382234 0.0614583 0.064294
0 0.0910156 0.0212457 0.0619792 0.0414207
0 0.353125 0.00762442 0.0322917 0.0147859
0 0.0468424 0.173958 0.0520182 0.0550926
0 0.360677 0.00627894 0.0520833 0.0125579
0 0.0447266 0.156944 0.0477865 0.0907407
0 0.0773437 0.0207755 0.0346354 0.0399306
0 0.347396 0.0394676 0.0364583 0.0634259
1 0.35 0.00755208 0.0260417 0.0146991
0 0.361719 0.00928819 0.0515625 0.015162
0 0.332292 0.00912905 0.015625 0.0175058
0 0.0362956 0.174769 0.0316406 0.0527778
0 0.367188 0.00636574 0.065625 0.0127315
0 0.355208 0.00203993 0.0671875 0.00407986
1 0.326823 0.331481 0.0119792 0.0138889
1 0.829167 0.62963 0.0125 0.0324074
1 0.358854 0.00749421 0.04375 0.0146412
1 0.771875 0.513889 0.0229167 0.0148148
2 0.484635 0.77037 0.0723958 0.127778
0 0.360417 0.0398727 0.0635417 0.0665509
0 0.0914062 0.0216146 0.0635417 0.0432292
1 0.828646 0.630556 0.0125 0.0296296
0 0.0464518 0.171991 0.051888 0.0578704
0 0.35625 0.00882523 0.0375 0.0157407
0 0.349479 0.00821759 0.0234375 0.015162
1 0.329948 0.0100839 0.0125 0.0195891
0 0.0024821 0.235417 0.00449219 0.0217593
0 0.330208 0.00993924 0.0125 0.0193576
1 0.263021 0.953704 0.015625 0.0185185
1 0.238021 0.155787 0.01875 0.0416667
1 0.260677 0.952778 0.0104167 0.0166667
0 0.0835937 0.0856481 0.0182292 0.0278935
1 0.301302 0.316667 0.00625 0.0138889
1 0.433333 0.225521 0.0197917 0.0396991
1 0.8125 0.499537 0.0125 0.0138889
1 0.298958 0.314815 0.0104167 0.0185185
1 0.346875 0.00813079 0.0177083 0.0153356
1 0.4375 0.224942 0.0125 0.0288194
0 0.00250651 0.239757 0.00501302 0.0575231
0 0.00240072 0.228704 0.0042806 0.0328704
0 0.0864583 0.0893519 0.025 0.0347222
0 0.36224 0.00847801 0.0515625 0.016956
1 0.288542 0.0260923 0.00833333 0.0323061
1 0.784896 0.603704 0.0125 0.0166667
1 0.661458 0.110185 0.0145833 0.0157407
1 0.289583 0.0204861 0.00833333 0.021412
1 0.233594 0.148843 0.00885417 0.0277778
1 0.433073 0.21794 0.0166667 0.0270833
1 0.2625 0.155208 0.009375 0.0115741
1 0.501042 0.180093 0.0046875 0.0222222
1 0.341927 0.0106047 0.0369792 0.0188947
1 0.353646 0.00850694 0.0322917 0.0152199
0 0.00269369 0.0709491 0.0043457 0.0210648
1 0.304688 0.315278 0.0114583 0.0189815
2 0.484635 0.769444 0.071875 0.125926
0 0.359375 0.0398148 0.0614583 0.0644676
0 0.0910807 0.0213542 0.0615885 0.0425926
0 0.0468831 0.161574 0.0519368 0.0819444
1 0.828646 0.62963 0.0135417 0.0333333
1 0.235156 0.154977 0.0140625 0.0368056
1 0.329688 0.010706 0.0125 0.0190972
0 0.349479 0.00896991 0.0270833 0.0148148
0 0.34349 0.00836227 0.0145833 0.0152778
0 0.330208 0.00914352 0.0125 0.0172454
0 0.361458 0.00925926 0.0510417 0.0138889
1 0.34349 0.00836227 0.0140625 0.0155671
0 0.00197754 0.239583 0.00395508 0.025463
0 0.00186768 0.249769 0.00373535 0.0486111
1 0.00195312 0.237037 0.00390625 0.0240741
0 0.360156 0.0383681 0.0625 0.0627315
2 0.484375 0.77037 0.0729167 0.12963
0 0.0915365 0.0239005 0.0630208 0.0478009
1 0.23776 0.153935 0.0174479 0.0402778
0 0.358854 0.00659722 0.0427083 0.0131944
1 0.3 0.311574 0.00833333 0.0212963
0 0.330208 0.00590278 0.0114583 0.0113426
0 0.320573 0.00746528 0.0385417 0.0125579
0 0.0492513 0.17963 0.0577474 0.0462963
1 0.330208 0.00590278 0.0114583 0.0113426
1 0.828646 0.628704 0.0125 0.0333333
0 0.348177 0.00788484 0.021875 0.0156539
0 0.360417 0.00873843 0.05625 0.0140046
0 0.582292 0.00824653 0.01875 0.0155093
1 0.330208 0.00905671 0.0125 0.0173032
1 0.348177 0.00788484 0.021875 0.0156539
1 0.304427 0.309722 0.0182292 0.0259259
0 0.0689453 0.179051 0.0973958 0.0483796
0 0.307813 0.00769676 0.0770833 0.0153935
0 0.358333 0.00371817 0.040625 0.00743634
1 0.320573 0.00746528 0.0385417 0.0125579
0 0.330208 0.00895544 0.0125 0.0173322
1 0.319792 0.301389 0.00520833 0.00972222
0 0.484375 0.769907 0.0729167 0.128704
3 0.484896 0.77037 0.071875 0.12963
0 0.343229 0.00833333 0.0645833 0.0131944
2 0.484375 0.769444 0.071875 0.127778
0 0.359896 0.0384259 0.0614583 0.0649306
0 0.0921875 0.0220486 0.0619792 0.0415509
0 0.0476237 0.177431 0.0541016 0.0456019
0 0.353125 0.00791377 0.0302083 0.0154225
0 0.364062 0.00804398 0.0526042 0.0157407
1 0.829167 0.62963 0.0125 0.0314815
1 0.234896 0.153241 0.0114583 0.0444444
0 0.336979 0.00760995 0.0197917 0.0138889
1 0.147135 0.164468 0.00677083 0.00833333
0 0.331771 0.00675637 0.00989583 0.0120081
0 0.352865 0.00837674 0.0296875 0.0167535
0 0.365625 0.00703125 0.05625 0.0140625
0 0.364583 0.00714699 0.0552083 0.00804398
0 0.0348958 0.194213 0.00625 0.012037
0 0.0307617 0.193866 0.0114583 0.0122685
0 0.0485677 0.19375 0.0290365 0.0134259
0 0.344792 0.00734954 0.0171875 0.0128472
0 0.333333 0.0100405 0.0145833 0.017419
0 0.0023763 0.2375 0.00452474 0.0189815
0 0.338542 0.0112558 0.0239583 0.0181134
0 0.00447591 0.219387 0.00895182 0.0565972
0 0.044987 0.194213 0.0113281 0.012037
0 0.0124512 0.156221 0.0249023 0.12228
2 0.802083 0.57037 0.0552083 0.155556
0 0.0567708 0.193056 0.0395833 0.0152778
2 0.829167 0.630093 0.0125 0.0305556
0 0.350521 0.0659722 0.00729167 0.00902778
0 0.0378255 0.158333 0.0342448 0.0412037
0 0.347656 0.0663194 0.00885417 0.00925926
0 0.363281 0.00662616 0.0536458 0.0132523
0 0.344792 0.0663194 0.009375 0.00925926
0 0.339063 0.0615741 0.0177083 0.0128472
2 0.484635 0.769444 0.0723958 0.127778
0 0.359896 0.0377604 0.0614583 0.0635995
0 0.0919271 0.0220775 0.0625 0.0441551
1 0.26276 0.95 0.0145833 0.0148148
0 0.348437 0.00843461 0.0234375 0.0166377
0 0.35625 0.00808738 0.0385417 0.0161748
1 0.345833 0.00853588 0.01875 0.0168981
0 0.0449219 0.176852 0.0477865 0.0472222
1 0.291667 0.0211227 0.0135417 0.0226852
1 0.330729 0.00983796 0.0145833 0.019213
1 0.23724 0.155093 0.0171875 0.0388889
1 0.336458 0.00962095 0.0208333 0.0179687
0 0.358073 0.00697338 0.0515625 0.012037
0 0.336458 0.00962095 0.0208333 0.0179687
1 0.261198 0.955556 0.0192708 0.0222222
1 0.292708 0.0265046 0.015625 0.0329861
2 0.484375 0.769444 0.0729167 0.12963
0 0.359375 0.0390625 0.0635417 0.0614583
0 0.0919271 0.0217014 0.0630208 0.0430556
0 0.0459635 0.177315 0.0509115 0.0472222
0 0.356771 0.00642361 0.0395833 0.0126736
1 0.235417 0.154977 0.0135417 0.0381944
0 0.347917 0.00692998 0.021875 0.01386
1 0.300781 0.312037 0.00729167 0.0212963
1 0.303125 0.310648 0.0114583 0.0240741
0 0.358594 0.00373264 0.0458333 0.00746528
0 0.0753906 0.0206597 0.0296875 0.0398148
0 0.356771 0.00653935 0.0385417 0.0130787
0 0.332292 0.00706019 0.0135417 0.0141204
0 0.338021 0.0072772 0.0239583 0.0145544
1 0.242448 0.162731 0.0078125 0.0217593
2 0.484375 0.77037 0.071875 0.126852
0 0.359375 0.0376736 0.0604167 0.0614583
0 0.0916667 0.0219907 0.0617188 0.0439815
0 0.0453125 0.177083 0.0497396 0.0472222
0 0.344531 0.00749421 0.0166667 0.0148148
0 0.363021 0.00590278 0.05625 0.0118056
0 0.3625 0.00889757 0.0520833 0.0135127
2 0.484375 0.769444 0.0729167 0.127778
0 0.359896 0.0385706 0.0625 0.0631366
0 0.0915365 0.0218822 0.0630208 0.0428096
0 0.348958 0.00745081 0.025 0.0146123
0 0.363542 0.00737847 0.0546875 0.0146412
0 0.044987 0.178704 0.0483073 0.0481481
0 0.338021 0.00685764 0.0239583 0.0134259
0 0.0402913 0.16794 0.039209 0.0678241
2 0.484115 0.77037 0.0729167 0.127778
0 0.359896 0.0387153 0.0614583 0.0637731
0 0.0914062 0.0219835 0.0621094 0.0437645
0 0.0466227 0.15787 0.0512858 0.0884259
0 0.363542 0.00768229 0.0541667 0.0153646
0 0.348958 0.00815972 0.025 0.0158565
1 0.828646 0.62963 0.0125 0.0314815
1 0.828125 0.640741 0.0104167 0.0111111
0 0.330208 0.00800058 0.0125 0.0156539
0 0.361198 0.00808738 0.0505208 0.0161748
0 0.336458 0.00798611 0.015625 0.0152778
1 0.827083 0.642593 0.0104167 0.00740741
1 0.829167 0.6375 0.0125 0.0175926
0 0.00209961 0.235185 0.00397135 0.0175926
1 0.328906 0.00763889 0.0109375 0.0150463
1 0.344792 0.00769676 0.0166667 0.0148727
1 0.26276 0.951852 0.015625 0.0166667
2 0.828646 0.62963 0.0125 0.0287037
0 0.0453776 0.174769 0.0489583 0.0527778
1 0.830208 0.642593 0.0145833 0.00833333
2 0.484375 0.769907 0.071875 0.127778
0 0.359896 0.0388021 0.0625 0.0601273
0 0.091276 0.0222222 0.0625 0.0431713
0 0.361458 0.0083478 0.0505208 0.0144387
0 0.0450439 0.152315 0.0491048 0.0981481
0 0.348437 0.00820312 0.0239583 0.0149595
1 0.234115 0.154745 0.009375 0.0375
0 0.330208 0.00818866 0.0114583 0.0155671
0 0.360417 0.00480324 0.059375 0.00960648
0 0.335938 0.00798611 0.0140625 0.0151042
1 0.828646 0.629167 0.0125 0.0324074
0 0.0947917 0.910185 0.00976562 0.0148148
0 0.0374023 0.169676 0.0335286 0.0638889
0 0.336979 0.0110677 0.01875 0.0157118
2 0.484375 0.769444 0.0729167 0.127778
0 0.359375 0.0387153 0.0625 0.0643518
0 0.0914062 0.0244213 0.0630208 0.0488426
1 0.829167 0.628704 0.0125 0.0333333
0 0.0491536 0.165278 0.0576823 0.0731481
0 0.365104 0.00938947 0.0583333 0.0176794
0 0.347917 0.00901331 0.0229167 0.0175058
0 0.332292 0.00930266 0.0140625 0.0186053
1 0.329688 0.0088397 0.0114583 0.0176794
1 0.344271 0.00824653 0.0151042 0.0164352
1 0.26276 0.951852 0.0145833 0.0148148
1 0.333333 0.00846354 0.0104167 0.0169271
2 0.484635 0.769907 0.0729167 0.126852
0 0.360156 0.0378762 0.0614583 0.0625579
0 0.0919271 0.0219835 0.0627604 0.0429543
0 0.0447917 0.175 0.0483073 0.0541667
1 0.829167 0.630556 0.0125 0.0314815
0 0.361198 0.00870949 0.05 0.0156829
0 0.349479 0.00856481 0.0260417 0.0153935
1 0.23737 0.155093 0.0164062 0.0384259
0 0.333333 0.00791377 0.0135417 0.0154803
2 0.829167 0.631019 0.0125 0.0305556
0 0.338281 0.010272 0.0234375 0.0186921
1 0.726042 0.30787 0.0125 0.0148148
0 0.363021 0.00638021 0.0572917 0.0127604
2 0.484375 0.769444 0.0729167 0.127778
0 0.359375 0.0381366 0.0604167 0.0616898
0 0.0915365 0.0214988 0.0630208 0.0429977
0 0.0444336 0.176852 0.0473307 0.050463
0 0.359375 0.00813079 0.0447917 0.0153935
0 0.35026 0.00849248 0.0260417 0.0161169
1 0.828646 0.62963 0.0125 0.0314815
1 0.828125 0.638889 0.0104167 0.0148148
0 0.339844 0.00801505 0.0317708 0.0158565
0 0.33125 0.00753762 0.0135417 0.0149016
0 0.332812 0.00950521 0.0197917 0.0190104
2 0.484375 0.769444 0.0729167 0.127778
0 0.360156 0.0394097 0.0614583 0.0640046
0 0.0919922 0.0219618 0.0636719 0.0429977
0 0.364062 0.00856481 0.0552083 0.0159722
0 0.350521 0.00868056 0.028125 0.0159722
1 0.828646 0.628704 0.0114583 0.0314815
0 0.0446615 0.174769 0.0477865 0.0532407
0 0.367448 0.00681424 0.0625 0.0136285
2 0.484375 0.769444 0.0729167 0.127778
0 0.359375 0.0392072 0.0614583 0.0641782
0 0.091862 0.0237558 0.063151 0.0463542
0 0.361979 0.00896991 0.0520833 0.0157407
0 0.347917 0.00891204 0.0229167 0.0161458
0 0.0442383 0.170139 0.0469401 0.0643518
0 0.364062 0.00784144 0.0541667 0.0156829
1 0.263281 0.951852 0.0145833 0.0148148
0 0.342708 0.00827546 0.0239583 0.0153935
1 0.828125 0.629167 0.0125 0.0324074
2 0.484896 0.769907 0.071875 0.126852
0 0.359896 0.0393519 0.0614583 0.0657407
0 0.0917969 0.0216435 0.0627604 0.0425926
0 0.353125 0.0087963 0.034375 0.0162616
1 0.2625 0.951852 0.0145833 0.0166667
0 0.0450521 0.174769 0.0492188 0.0523148
0 0.0449137 0.155787 0.048584 0.0902778
0 0.364062 0.00870949 0.05625 0.017419
0 0.344271 0.00772569 0.0260417 0.0146412
2 0.484375 0.769907 0.0729167 0.126852
0 0.359896 0.038831 0.0604167 0.0631944
0 0.0917318 0.0219907 0.0634115 0.0439815
0 0.0440023 0.166898 0.0470215 0.0685185
1 0.828646 0.62963 0.0125 0.0333333
0 0.352083 0.00862269 0.03125 0.015625
0 0.361979 0.0088397 0.0510417 0.0158854
1 0.262565 0.950926 0.0154948 0.0166667
0 0.363542 0.00726273 0.0541667 0.0145255
2 0.828646 0.630093 0.0125 0.0324074
2 0.484375 0.769907 0.0729167 0.126852
0 0.359896 0.0387153 0.0614583 0.0644676
0 0.0919922 0.0214048 0.0639323 0.0420284
0 0.0447998 0.174421 0.048291 0.0534722
0 0.359375 0.0088831 0.0458333 0.0167245
0 0.35 0.00821759 0.028125 0.0159144
1 0.828646 0.62963 0.0125 0.0333333
0 0.364323 0.00743634 0.05625 0.0148727
1 0.263086 0.950926 0.0154948 0.0166667
0 0.34375 0.00943287 0.028125 0.0178241
2 0.484635 0.769444 0.0723958 0.125926
0 0.359635 0.0390046 0.0614583 0.0641204
0 0.0917318 0.0217086 0.0632813 0.0432726
1 0.828646 0.630093 0.0125 0.0324074
0 0.0445312 0.177315 0.0473958 0.0486111
0 0.350781 0.00911458 0.0291667 0.0163773
0 0.360417 0.0093316 0.0494792 0.0166377
0 0.345313 0.00807292 0.0239583 0.0156829
2 0.484375 0.769444 0.071875 0.127778
0 0.359635 0.0383391 0.0609375 0.063831
0 0.0917318 0.0217014 0.063151 0.0421296
0 0.0458008 0.174769 0.0498047 0.0541667
1 0.828646 0.62963 0.0125 0.0333333
0 0.35 0.00914352 0.028125 0.0162037
0 0.360417 0.00934607 0.05 0.0162037
0 0.342708 0.00765336 0.0197917 0.0143229
2 0.484635 0.769444 0.0723958 0.127778
0 0.359896 0.0388889 0.0604167 0.0623843
0 0.0916667 0.0215856 0.0627604 0.0431713
0 0.045516 0.175116 0.0493327 0.0525463
0 0.359896 0.00863715 0.046875 0.0168692
1 0.828646 0.62963 0.0125 0.0333333
0 0.349479 0.00898437 0.0265625 0.0172164
2 0.484375 0.769907 0.0723958 0.126852
0 0.359896 0.0380787 0.0609375 0.0631944
0 0.0916667 0.0216508 0.0627604 0.0425781
0 0.357812 0.00920139 0.0432292 0.0164352
0 0.046224 0.174306 0.0513021 0.0541667
0 0.349479 0.00853588 0.0260417 0.0157986
1 0.828646 0.62963 0.0125 0.0333333
2 0.484375 0.769907 0.0723958 0.127778
0 0.359896 0.0382813 0.0614583 0.0625579
0 0.0916667 0.0215567 0.0625 0.0425347
0 0.356771 0.00921586 0.040625 0.0162905
0 0.0460612 0.174421 0.0508464 0.0543981
1 0.828646 0.62963 0.0125 0.0333333
0 0.348698 0.00828993 0.025 0.0154225
0 0.363542 0.00784144 0.0541667 0.0156829
2 0.484375 0.769907 0.0723958 0.127778
0 0.359896 0.0383102 0.0614583 0.0625
0 0.0916667 0.0215567 0.0625 0.0425347
0 0.356771 0.00921586 0.040625 0.0162905
0 0.0460612 0.174421 0.0508464 0.0543981
1 0.828646 0.62963 0.0125 0.0333333
0 0.348698 0.00827546 0.025 0.0154514
0 0.363281 0.00784144 0.0536458 0.0156829
