2 0.425521 0.560648 0.110417 0.187963
1 0.393229 0.528704 0.0171875 0.0407407
3 0.42526 0.560648 0.107813 0.187963
0 0.922917 0.940278 0.152083 0.119444
1 0.623958 0.00208333 0.00625 0.00416667
2 0.425521 0.501852 0.108333 0.0722222
0 0.393229 0.528704 0.0171875 0.0407407
2 0.422917 0.524074 0.109375 0.113889
2 0.424219 0.559259 0.108854 0.185185
1 0.392708 0.527778 0.0177083 0.0388889
2 0.396094 0.559259 0.053125 0.187037
2 0.42474 0.558333 0.110937 0.185185
1 0.39349 0.528241 0.0171875 0.0398148
1 0.389062 0.522685 0.00833333 0.0277778
1 0.968229 0.647222 0.0104167 0.012963
1 0.970833 0.647685 0.0166667 0.0138889
1 0.623958 0.0021412 0.00625 0.00428241
1 0.00441895 0.141898 0.0082194 0.0148148
2 0.423958 0.560185 0.109375 0.185185
1 0.392708 0.528241 0.0166667 0.0398148
0 0.968229 0.766667 0.0635417 0.255556
2 0.972917 0.766667 0.0541667 0.251852
2 0.423438 0.560648 0.1125 0.186111
1 0.392969 0.528704 0.0177083 0.0407407
1 0.37526 0.515741 0.0135417 0.0185185
0 0.422917 0.560648 0.109375 0.187037
3 0.422656 0.560185 0.110417 0.187037
0 0.393229 0.528241 0.0177083 0.0407407
2 0.424479 0.560185 0.108333 0.187037
1 0.393229 0.529167 0.0166667 0.0407407
2 0.966927 0.778241 0.0661458 0.273148
0 0.967188 0.860185 0.065625 0.112963
0 0.422135 0.646759 0.00677083 0.0101852
0 0.41849 0.646759 0.00729167 0.0101852
0 0.426042 0.646759 0.00625 0.0101852
0 0.393229 0.528704 0.0166667 0.0407407
0 0.430208 0.646759 0.00729167 0.0101852
0 0.967448 0.777778 0.0651042 0.272222
0 0.414062 0.647222 0.00729167 0.0111111
0 0.410417 0.647222 0.00729167 0.0111111
0 0.434635 0.646759 0.00677083 0.0101852
2 0.423438 0.560185 0.111458 0.187037
1 0.392969 0.527778 0.0177083 0.0388889
1 0.0917969 0.486574 0.0145833 0.0175926
1 0.374479 0.515741 0.0114583 0.0166667
1 0.621875 0.728704 0.0135417 0.0518519
0 0.392969 0.527778 0.0182292 0.0407407
2 0.424479 0.560185 0.110417 0.185185
1 0.392708 0.528704 0.0171875 0.0407407
3 0.33125 0.322685 0.0510417 0.0675926
0 0.33125 0.322685 0.0510417 0.0675926
2 0.330729 0.322685 0.0520833 0.0675926
0 0.392708 0.528704 0.0177083 0.0416667
3 0.424479 0.561574 0.109896 0.181481
1 0.389844 0.518519 0.0114583 0.0203704
2 0.423958 0.560185 0.110417 0.185185
1 0.393229 0.528704 0.0166667 0.0416667
2 0.966146 0.7875 0.0677083 0.29537
0 0.392708 0.528241 0.0177083 0.0416667
2 0.423958 0.559722 0.110417 0.186111
1 0.392708 0.528241 0.0177083 0.0407407
2 0.423958 0.560185 0.110417 0.185185
1 0.392969 0.527778 0.0171875 0.0388889
1 0.373958 0.518519 0.0114583 0.0203704
1 0.392708 0.537037 0.0145833 0.0259259
3 0.424479 0.559722 0.109375 0.185185
2 0.423958 0.560185 0.110417 0.185185
1 0.393229 0.527778 0.0177083 0.0407407
0 0.622396 0.00253183 0.0166667 0.00506366
0 0.610417 0.0020327 0.09375 0.00406539
2 0.424479 0.560185 0.109375 0.185185
1 0.393229 0.528704 0.0177083 0.0407407
3 0.425 0.559259 0.110417 0.184259
3 0.332292 0.32338 0.0494792 0.0638889
0 0.42474 0.559259 0.109896 0.185185
2 0.425 0.559259 0.110937 0.187037
1 0.392708 0.528241 0.0177083 0.0407407
2 0.424479 0.560185 0.110417 0.187037
1 0.393229 0.528704 0.0177083 0.0407407
2 0.423438 0.560185 0.111458 0.185185
1 0.393229 0.528241 0.0171875 0.0398148
1 0.3875 0.513426 0.00625 0.0101852
1 0.388542 0.524074 0.00833333 0.0296296
2 0.424219 0.560185 0.109896 0.187037
1 0.393229 0.527778 0.0177083 0.0388889
2 0.423958 0.560185 0.110417 0.187037
1 0.392708 0.527778 0.0177083 0.0407407
2 0.424219 0.559722 0.109896 0.185185
1 0.393229 0.527778 0.0166667 0.0398148
1 0.403646 0.975926 0.00416667 0.00740741
2 0.423958 0.559259 0.110417 0.187037
1 0.393229 0.528241 0.0166667 0.0398148
2 0.423958 0.559722 0.110417 0.186111
1 0.393229 0.528241 0.0171875 0.0398148
2 0.424219 0.559722 0.109375 0.186111
1 0.393229 0.527778 0.0166667 0.0407407
2 0.424479 0.560185 0.110417 0.187037
1 0.393229 0.527778 0.0177083 0.0388889
2 0.424479 0.560185 0.109375 0.187037
1 0.393229 0.528241 0.0177083 0.0398148
2 0.424479 0.559722 0.110417 0.187037
1 0.393229 0.528704 0.0177083 0.0407407
2 0.332292 0.322454 0.0489583 0.0652778
2 0.424479 0.559722 0.110417 0.187037
1 0.393229 0.528704 0.0177083 0.0407407
2 0.332292 0.322454 0.0489583 0.0652778
