0 0.269271 0.172801 0.0572917 0.0502315
0 0.165104 0.444676 0.0791667 0.0662037
0 0.482812 0.338426 0.0447917 0.0925926
0 0.0243815 0.8 0.0478516 0.0666667
0 0.817708 0.45463 0.0666667 0.0796296
0 0.30625 0.0938657 0.0630208 0.0655093
0 0.330208 0.047092 0.0635417 0.0618345
0 0.188542 0.376852 0.0682292 0.0578704
0 0.245833 0.686574 0.059375 0.0833333
0 0.207422 0.322685 0.0661458 0.0555556
0 0.367188 0.375463 0.05625 0.087037
0 0.251302 0.224016 0.0640625 0.0501157
0 0.407813 0.575 0.0515625 0.114815
0 0.196354 0.727315 0.04375 0.0740741
0 0.369531 0.703704 0.0520833 0.118519
0 0.385417 0.290741 0.0572917 0.0796296
0 0.986198 0.146644 0.0276042 0.0719907
0 0.866667 0.151389 0.1125 0.0967593
0 0.573958 0.172917 0.0458333 0.0967593
0 0.338542 0.410185 0.0322917 0.0509259
0 0.923437 0.3875 0.153125 0.131944
0 0.180469 0.831481 0.0338542 0.0685185
1 0.338542 0.410185 0.0322917 0.0509259
0 0.864062 0.183333 0.0854167 0.0333333
0 0.0255778 0.0134549 0.0259277 0.0260995
2 0.866667 0.151852 0.1125 0.0976852
0 0.592708 0.0117766 0.015625 0.021875
3 0.482812 0.338426 0.0458333 0.0925926
1 0.0666016 0.539815 0.0173177 0.0203704
0 0.0317057 0.0170428 0.0376302 0.0336227
0 0.264583 0.708333 0.0234375 0.037963
0 0.88125 0.180093 0.0729167 0.0296296
3 0.164844 0.444907 0.0802083 0.0657407
2 0.482552 0.338426 0.0447917 0.0930556
2 0.207943 0.323843 0.0648438 0.0537037
3 0.369271 0.703704 0.0520833 0.118519
3 0.250781 0.223206 0.0651042 0.0508102
2 0.165104 0.444444 0.0796875 0.0657407
2 0.369271 0.702778 0.0520833 0.118519
2 0.923958 0.388194 0.15 0.139352
3 0.207813 0.323148 0.0645833 0.0546296
3 0.30625 0.0939815 0.0625 0.0652778
1 0.6375 0.125926 0.00625 0.012963
1 0.986198 0.14456 0.0276042 0.0761574
3 0.574479 0.171759 0.0458333 0.0976852
2 0.188542 0.377315 0.0677083 0.0583333
3 0.269271 0.172917 0.0572917 0.050463
0 0.260938 0.701852 0.0296875 0.0537037
1 0.6375 0.135185 0.00625 0.0305556
1 0.0244954 0.8 0.0484701 0.0675926
3 0.188281 0.377778 0.0677083 0.0555556
0 0.0229655 0.00853588 0.020931 0.0166667
2 0.30625 0.093287 0.0630208 0.0652778
2 0.573958 0.171875 0.0458333 0.0979167
3 0.246615 0.686111 0.059375 0.0833333
2 0.407552 0.575926 0.0510417 0.112963
0 0.233854 0.681481 0.0335938 0.0731481
3 0.407813 0.575 0.0515625 0.114815
2 0.26875 0.172685 0.0567708 0.05
1 0.592708 0.0116319 0.015625 0.0221065
0 0.0832682 0.0461806 0.0634115 0.0907407
2 0.251302 0.222222 0.0645833 0.0518519
0 0.867188 0.150231 0.114583 0.0981481
0 0.408333 0.575463 0.05 0.115741
0 0.574479 0.173032 0.0458333 0.0988426
0 0.817708 0.453704 0.0666667 0.0796296
0 0.370833 0.703704 0.0520833 0.118519
0 0.306771 0.0935185 0.0625 0.0664352
0 0.188802 0.376852 0.0682292 0.0574074
0 0.165365 0.442593 0.0791667 0.0666667
0 0.482812 0.338657 0.0447917 0.0916667
0 0.207682 0.321296 0.0651042 0.0555556
0 0.330729 0.0460069 0.0635417 0.0642361
0 0.269271 0.171759 0.0572917 0.0523148
0 0.233333 0.678704 0.0328125 0.0694444
0 0.383333 0.291667 0.0520833 0.0814815
0 0.250911 0.222917 0.0638021 0.0527778
0 0.242708 0.684259 0.0515625 0.0805556
0 0.338542 0.409722 0.0333333 0.0523148
0 0.0244792 0.8 0.0480469 0.0666667
0 0.365625 0.374537 0.053125 0.0787037
0 0.196484 0.727315 0.0450521 0.0759259
0 0.985937 0.14456 0.028125 0.0747685
0 0.192448 0.321759 0.034375 0.0564815
0 0.17526 0.375926 0.040625 0.0583333
1 0.422917 0.933102 0.0145833 0.0263889
0 0.293229 0.0921296 0.0364583 0.0652778
3 0.985937 0.141204 0.028125 0.0805556
0 0.571354 0.18912 0.0395833 0.0657407
0 0.238542 0.223206 0.0395833 0.0508102
0 0.31875 0.04375 0.040625 0.0590278
0 0.80625 0.457523 0.04375 0.0738426
0 0.840104 0.153009 0.0625 0.0902778
0 0.207292 0.749537 0.065625 0.122222
2 0.482552 0.337963 0.0453125 0.0935185
0 0.147396 0.447685 0.0429688 0.0592593
1 0.232812 0.678704 0.03125 0.0685185
0 0.904167 0.388426 0.114583 0.12963
3 0.194531 0.726852 0.040625 0.0740741
0 0.255859 0.171296 0.0309896 0.0509259
0 0.565625 0.205093 0.0270833 0.0324074
0 0.479167 0.351852 0.0375 0.0648148
0 0.207552 0.323148 0.0653646 0.0555556
0 0.483073 0.337963 0.0458333 0.0935185
0 0.575 0.172685 0.0458333 0.100926
0 0.269271 0.172917 0.0572917 0.0513889
0 0.189583 0.377315 0.0697917 0.0592593
0 0.165625 0.444907 0.0802083 0.0648148
0 0.330208 0.0472801 0.0645833 0.0613426
0 0.369792 0.702778 0.0536458 0.12037
0 0.407813 0.575 0.053125 0.116667
0 0.30651 0.0927083 0.0645833 0.068287
0 0.866146 0.151736 0.113542 0.102083
0 0.365365 0.371065 0.053125 0.0828704
0 0.817708 0.455093 0.0666667 0.0814815
0 0.985937 0.141319 0.028125 0.0784722
0 0.251302 0.222917 0.0666667 0.0527778
0 0.233984 0.67963 0.0341146 0.0703704
0 0.195312 0.72037 0.0427083 0.0648148
0 0.384896 0.292824 0.0567708 0.0875
0 0.0242513 0.8 0.0472005 0.0648148
1 0.423438 0.935417 0.0130208 0.0291667
0 0.339323 0.408796 0.0354167 0.05
0 0.834896 0.153588 0.053125 0.0877315
0 0.245833 0.683796 0.059375 0.0824074
0 0.905208 0.388194 0.11875 0.126852
0 0.864583 0.18125 0.0895833 0.0342593
0 0.262956 0.708796 0.0209635 0.0351852
0 0.247135 0.700463 0.0609375 0.05
0 0.985937 0.121296 0.028125 0.118519
1 0.184766 0.807407 0.015625 0.0222222
0 0.0706868 0.0749421 0.0560221 0.0934028
1 0.178385 0.82963 0.0315104 0.0675926
1 0.529688 0.238194 0.00833333 0.0115741
1 0.182292 0.813889 0.0229167 0.0351852
0 0.194792 0.747222 0.0416667 0.118519
0 0.876042 0.403241 0.0604167 0.0925926
3 0.194661 0.739352 0.0414063 0.100926
0 0.864583 0.176389 0.1125 0.0497685
1 0.863542 0.95 0.0166667 0.0222222
1 0.0658203 0.539815 0.0203125 0.0212963
1 0.0613932 0.562963 0.0186198 0.0296296
1 0.123828 0.372454 0.009375 0.0115741
0 0.83125 0.185417 0.04375 0.0263889
3 0.985937 0.122569 0.028125 0.115972
1 0.192318 0.8 0.0354167 0.037037
0 0.261458 0.701389 0.025 0.0490741
0 0.260352 0.686111 0.0303385 0.0833333
1 0.176693 0.817593 0.0265625 0.0425926
0 0.179427 0.812037 0.0276042 0.0333333
0 0.88125 0.125231 0.075 0.0481481
0 0.408854 0.573148 0.0473958 0.114815
0 0.30651 0.0935185 0.0630208 0.0680556
0 0.330208 0.0462963 0.0640625 0.0631944
0 0.816667 0.45463 0.0645833 0.0787037
0 0.574479 0.172917 0.0447917 0.1
0 0.164551 0.443519 0.0797526 0.0648148
0 0.370052 0.702778 0.0515625 0.118519
0 0.188542 0.377778 0.0682292 0.0574074
0 0.207292 0.322917 0.0651042 0.0583333
0 0.364583 0.370602 0.0510417 0.0810185
0 0.3875 0.288657 0.059375 0.0768519
0 0.269336 0.172454 0.0571615 0.0518519
0 0.0245117 0.799074 0.0488932 0.0666667
0 0.482552 0.337963 0.0447917 0.0935185
0 0.195052 0.726852 0.0421875 0.0740741
0 0.250781 0.222164 0.0645833 0.0528935
0 0.233594 0.677778 0.0322917 0.0666667
0 0.244792 0.683796 0.0546875 0.0777778
0 0.340104 0.409722 0.0375 0.0518519
0 0.985937 0.141667 0.028125 0.0793981
0 0.898958 0.389815 0.105208 0.124074
1 0.0608073 0.562037 0.0192708 0.0314815
0 0.866667 0.148611 0.114583 0.0967593
0 0.0393229 0.0920139 0.0773437 0.181713
0 0.180859 0.829167 0.0309896 0.0666667
0 0.592708 0.0113354 0.0166667 0.0220052
0 0.261719 0.703704 0.0203125 0.0453704
0 0.184635 0.806944 0.0164062 0.0212963
1 0.423438 0.933333 0.0151042 0.0296296
1 0.184635 0.806481 0.0153646 0.0203704
0 0.891146 0.122685 0.0604167 0.0412037
2 0.0404622 0.118866 0.0807943 0.237731
2 0.866667 0.148958 0.114583 0.0969907
2 0.9 0.388889 0.10625 0.125463
0 0.25638 0.702315 0.0320312 0.0472222
0 0.0647135 0.122454 0.129427 0.244907
0 0 0.789815 0 0.111111
3 0.866667 0.152431 0.116667 0.0986111
0 0.186068 0.844444 0.0411458 0.0981481
0 0 0.817593 0 0.115741
1 0.592708 0.0112269 0.0166667 0.0224537
1 0.0671224 0.539815 0.016276 0.0203704
2 0.817187 0.455093 0.0645833 0.0796296
0 0.991667 0.158102 0.0166667 0.0449074
0 0.817708 0.45463 0.0677083 0.0805556
0 0.369792 0.703704 0.053125 0.12037
0 0.165365 0.444444 0.0796875 0.0666667
0 0.188672 0.377315 0.0695312 0.0583333
0 0.330208 0.0462384 0.0640625 0.0657407
0 0.208073 0.323148 0.0651042 0.0574074
0 0.482812 0.338426 0.0458333 0.0916667
0 0.408333 0.575 0.0520833 0.114815
0 0.306771 0.093287 0.0645833 0.0673611
0 0.575 0.172454 0.046875 0.100463
0 0.269271 0.171991 0.0572917 0.0523148
0 0.251302 0.222454 0.065625 0.0537037
0 0.365625 0.372685 0.053125 0.0833333
0 0.388021 0.290046 0.0604167 0.0810185
0 0.0243815 0.8 0.048763 0.0703704
0 0.866667 0.151389 0.114583 0.100926
0 0.338542 0.409722 0.034375 0.0527778
0 0.921875 0.384259 0.154167 0.137037
0 0.197135 0.739352 0.0447917 0.100926
0 0.234896 0.679167 0.0359375 0.0694444
0 0.986458 0.140972 0.0270833 0.0814815
0 0.85625 0.174537 0.0916667 0.0490741
0 0.245052 0.685185 0.0567708 0.0833333
0 0.986458 0.158565 0.0270833 0.0458333
1 0.6375 0.136111 0.00625 0.0319444
0 0.182031 0.82963 0.0385417 0.0666667
1 0.424479 0.934259 0.0161458 0.0296296
0 0.86875 0.405093 0.04375 0.087963
0 0.832292 0.186227 0.0479167 0.025463
1 0.0651042 0.561111 0.0111979 0.0314815
0 0.264323 0.701852 0.0203125 0.0555556
0 0.863542 0.182176 0.08125 0.0333333
0 0.966667 0.364352 0.0645833 0.0907407
1 0.0614421 0.562037 0.0187826 0.0324074
0 0.592708 0.0117477 0.0166667 0.0228009
1 0.0673177 0.538889 0.0153646 0.0166667
0 0.0227214 0.824074 0.0448568 0.0222222
0 0.0128255 0.823611 0.0248698 0.0203704
1 0.170573 0.833796 0.0161458 0.025
1 0.177344 0.831481 0.0296875 0.062963
0 0.186198 0.844444 0.0484375 0.0962963
1 0.0664062 0.542593 0.0175781 0.0259259
0 0.0130534 0.127778 0.0259766 0.0847222
1 0.592188 0.011603 0.0177083 0.023206
0 0.849479 0.185532 0.0760417 0.0284722
0 0.333594 0.413889 0.0229167 0.0435185
0 0.212109 0.763889 0.0757812 0.140741
0 0.370313 0.702778 0.053125 0.118519
0 0.817187 0.454167 0.0666667 0.0787037
0 0.482552 0.338426 0.0453125 0.0935185
0 0.207292 0.322917 0.0661458 0.0550926
0 0.164811 0.443981 0.0802734 0.0648148
0 0.330469 0.0460793 0.0640625 0.0596933
0 0.901042 0.385417 0.110417 0.127315
0 0.269336 0.172222 0.0582031 0.0523148
0 0.847917 0.150029 0.15 0.101331
0 0.407813 0.575926 0.0510417 0.116667
0 0.307292 0.0929977 0.0635417 0.0670139
0 0.365104 0.371296 0.0541667 0.0814815
0 0.188411 0.377315 0.0695312 0.0583333
0 0.385938 0.290741 0.05625 0.0824074
0 0.574479 0.173264 0.0458333 0.0979167
0 0.232292 0.676852 0.0307292 0.0666667
0 0.251042 0.222164 0.0640625 0.0519676
0 0.196615 0.726852 0.0447917 0.0759259
1 0.424219 0.933565 0.0151042 0.0291667
0 0.985937 0.158102 0.0270833 0.0467593
0 0.339323 0.408333 0.0348958 0.0518519
0 0.0111287 0.825 0.0216878 0.0185185
0 0.851042 0.184838 0.141667 0.0300926
0 0.865625 0.138194 0.114583 0.0731481
0 0.85 0.184722 0.075 0.0305556
0 0.475 0.379167 0.0119792 0.0115741
0 0.865625 0.180324 0.0791667 0.0263889
0 0.986458 0.17338 0.0270833 0.0148148
0 0.986458 0.143056 0.0270833 0.0777778
0 0.85625 0.192593 0.127083 0.0138889
0 0.569792 0.198727 0.0354167 0.0460648
0 0.317187 0.119676 0.0239583 0.0125
0 0.845312 0.193403 0.0104167 0.0122685
0 0.358854 0.756481 0.0140625 0.0111111
0 0.0249349 0.800463 0.0490885 0.0666667
0 0.478125 0.37963 0.00885417 0.0111111
0 0.849479 0.193287 0.0125 0.0125
0 0.566667 0.216435 0.0104167 0.0111111
0 0.865104 0.170718 0.113542 0.0576389
0 0.359896 0.736111 0.03125 0.0518519
0 0.471875 0.378704 0.021875 0.012037
0 0.566667 0.212037 0.0270833 0.0185185
0 0.563542 0.215162 0.0208333 0.0127315
0 0.360938 0.756944 0.00833333 0.0111111
1 0.422396 0.932407 0.0109375 0.0240741
0 0.569792 0.216435 0.009375 0.0115741
0 0.319792 0.12037 0.00885417 0.0115741
0 0.398438 0.593056 0.03125 0.0787037
0 0.00768229 0.826852 0.0153646 0.0166667
0 0.859375 0.188542 0.102083 0.0212963
0 0.841146 0.193519 0.0125 0.0122685
0 0.209505 0.72963 0.0695312 0.0796296
0 0.48125 0.37963 0.00833333 0.0111111
0 0.0238607 0.822685 0.0464193 0.0222222
0 0.253125 0.702778 0.0421875 0.05
0 0.880208 0.183102 0.0625 0.0180556
0 0.252344 0.242361 0.0588542 0.0106481
0 0.311458 0.119097 0.0302083 0.0136574
0 0.858333 0.19294 0.0625 0.0125
0 0.359896 0.752778 0.0302083 0.0166667
0 0.836458 0.193519 0.0260417 0.012037
0 0.399479 0.625926 0.0104167 0.012963
0 0.14349 0.448148 0.0372396 0.0583333
0 0.172656 0.378241 0.0369792 0.0574074
0 0.186198 0.43912 0.0375 0.0578704
0 0.833333 0.18588 0.05 0.0273148
0 0.798958 0.489352 0.00729167 0.0101852
0 0.909896 0.142361 0.0260417 0.0108796
0 0.322396 0.12037 0.00729167 0.0115741
0 0.259831 0.72037 0.0136719 0.012963
0 0.989062 0.177778 0.0145833 0.00925926
0 0.234896 0.70463 0.0122396 0.00925926
0 0.397917 0.625463 0.0177083 0.012963
0 0.364583 0.756944 0.0078125 0.0111111
0 0.260352 0.713889 0.0272135 0.0259259
0 0.572917 0.216435 0.00625 0.0115741
0 0.360938 0.747222 0.0333333 0.0277778
0 0.398958 0.621296 0.0286458 0.0203704
0 0.140104 0.469444 0.0130208 0.012963
0 0.802604 0.488889 0.00833333 0.0111111
0 0.138281 0.469444 0.0244792 0.0138889
0 0.16849 0.401157 0.00833333 0.0111111
0 0.475521 0.375926 0.0291667 0.0166667
0 0.901563 0.12419 0.04375 0.0467593
0 0.380729 0.403241 0.0166667 0.0148148
0 0.191146 0.460995 0.0104167 0.0113426
0 0.141927 0.473611 0.0101562 0.00925926
0 0.378906 0.407176 0.0109375 0.0106481
0 0.264518 0.221296 0.0386719 0.0523148
0 0.024707 0.827315 0.0369141 0.012963
0 0.267708 0.242593 0.0135417 0.00925926
0 0.23112 0.243981 0.00885417 0.00833333
0 0.235156 0.243981 0.00859375 0.00833333
0 0.794792 0.489352 0.00833333 0.0101852
0 0.40026 0.629167 0.0114583 0.00925926
0 0.16276 0.400926 0.0135417 0.0111111
0 0.246875 0.70463 0.01875 0.0111111
0 0.246615 0.687037 0.0567708 0.0805556
0 0.197135 0.750926 0.0440104 0.12037
0 0.892708 0.142361 0.00833333 0.0111111
0 0.144531 0.473611 0.00885417 0.00925926
0 0.402083 0.625926 0.009375 0.012963
0 0.994792 0.17662 0.00833333 0.0101852
0 0.342187 0.0724537 0.0291667 0.0119213
0 0.805729 0.488889 0.00729167 0.0101852
0 0.382031 0.407407 0.009375 0.0101852
0 0.821875 0.184491 0.025 0.0236111
0 0.798958 0.486111 0.0291667 0.0148148
0 0.357292 0.00460069 0.0109375 0.00752315
0 0.825 0.154051 0.03125 0.0865741
0 0.483333 0.379167 0.00625 0.012037
0 0.15599 0.473148 0.00989583 0.00833333
0 0.327604 0.120255 0.0114583 0.0115741
0 0.397396 0.628704 0.0135417 0.0101852
0 0.308594 0.00549769 0.0161458 0.00960648
0 0.0289388 0.825 0.0367187 0.0148148
0 0.882292 0.178009 0.0708333 0.0291667
0 0.192448 0.460995 0.0197917 0.0113426
0 0.239323 0.70463 0.00677083 0.00925926
0 0.913542 0.00721933 0.1 0.0144387
3 0.196745 0.726852 0.0450521 0.0759259
0 0.575 0.216204 0.00625 0.0115741
0 0.146875 0.473148 0.00651042 0.00925926
0 0.826563 0.193287 0.009375 0.0106481
0 0.345313 0.0737269 0.0203125 0.0101852
0 0.263607 0.719907 0.0154948 0.012963
0 0.560417 0.212963 0.0166667 0.0166667
0 0.0222982 0.220602 0.0445964 0.283796
0 0.151302 0.473148 0.00729167 0.00833333
0 0.158594 0.473148 0.0161458 0.00925926
0 0.926042 0.0163267 0.140625 0.0325087
0 0.1375 0.472685 0.0177083 0.0101852
0 0.230859 0.70463 0.0216146 0.0111111
0 0.203385 0.375 0.0398437 0.0564815
0 0.270052 0.240278 0.0244792 0.012037
0 0.269792 0.242824 0.00833333 0.00833333
0 0.238281 0.243981 0.00989583 0.00925926
0 0.570833 0.21331 0.0125 0.0159722
0 0.205729 0.760185 0.0635417 0.0833333
0 0.917188 0.0337963 0.163542 0.0675926
1 0.563542 0.215162 0.0208333 0.0127315
0 0.864583 0.437037 0.0354167 0.0222222
0 0.335417 0.42963 0.00885417 0.0111111
0 0.271094 0.240278 0.0130208 0.012037
0 0.0359049 0.8 0.0253255 0.062963
0 0.220052 0.321759 0.040625 0.0546296
0 0.141667 0.458218 0.0335938 0.0354167
0 0.236198 0.22309 0.0346354 0.0501157
0 0.315104 0.0057581 0.015625 0.0099537
0 0.339583 0.423611 0.03125 0.0194444
0 0.338542 0.0057581 0.0192708 0.00983796
0 0.269271 0.171875 0.0572917 0.0511574
0 0.482812 0.339352 0.0442708 0.0935185
0 0.188281 0.376852 0.06875 0.0574074
0 0.370833 0.702315 0.0510417 0.118519
0 0.817708 0.45463 0.0666667 0.0805556
0 0.408333 0.574074 0.05 0.116667
0 0.207682 0.321065 0.0653646 0.0541667
0 0.306771 0.0931134 0.0625 0.065625
0 0.364583 0.372222 0.0520833 0.0851852
0 0.575 0.172569 0.0458333 0.0997685
0 0.330208 0.0456597 0.0635417 0.0635417
0 0.165495 0.443519 0.0789063 0.0666667
0 0.3875 0.291204 0.0609375 0.0824074
0 0.251042 0.221296 0.0651042 0.0537037
0 0.985937 0.140972 0.028125 0.0819444
0 0.0242839 0.799074 0.0484375 0.0666667
0 0.901042 0.3875 0.110417 0.128704
0 0.196094 0.739815 0.04375 0.101852
0 0.865625 0.149074 0.114583 0.0990741
0 0.233333 0.683333 0.0328125 0.0777778
0 0.338542 0.409028 0.034375 0.0523148
0 0.0236328 0.00963542 0.0220703 0.019213
0 0.246354 0.686111 0.0588542 0.0833333
0 0.986458 0.156481 0.0270833 0.0490741
0 0.879167 0.391667 0.0645833 0.117593
0 0.978125 0.366667 0.04375 0.100926
0 0.842188 0.15162 0.065625 0.0939815
0 0.195833 0.777315 0.0445312 0.175
1 0.0617025 0.558333 0.0198242 0.0407407
1 0.530208 0.238426 0.00833333 0.012037
0 0.188542 0.37662 0.0692708 0.0578704
0 0.30625 0.0936921 0.0640625 0.066088
0 0.573958 0.172569 0.0458333 0.0993056
0 0.482812 0.338426 0.0447917 0.0925926
0 0.817708 0.45463 0.0666667 0.0796296
0 0.364844 0.375463 0.053125 0.0898148
0 0.369792 0.703704 0.053125 0.12037
0 0.407552 0.575926 0.0526042 0.116667
0 0.330208 0.0454282 0.0640625 0.0630787
0 0.164844 0.443981 0.0807292 0.0657407
0 0.207552 0.321991 0.065625 0.0550926
0 0.251042 0.221528 0.0661458 0.0532407
0 0.386979 0.29537 0.0614583 0.0888889
0 0.268815 0.172222 0.0582031 0.05
0 0.86875 0.150347 0.11875 0.0976852
0 0.194792 0.731944 0.0416667 0.0861111
0 0.0244792 0.800463 0.0489583 0.0666667
0 0.986198 0.140972 0.0276042 0.0791667
0 0.901042 0.386574 0.109375 0.127778
0 0.182422 0.847222 0.0388021 0.0981481
0 0.231771 0.679167 0.0296875 0.0675926
1 0.636458 0.1375 0.00833333 0.0342593
0 0.339063 0.409722 0.0348958 0.0537037
3 0.195052 0.731481 0.0421875 0.0842593
0 0.245443 0.687037 0.0575521 0.0851852
0 0.971875 0.367824 0.05625 0.101389
0 0.86875 0.181366 0.0697917 0.0298611
1 0.423958 0.933333 0.0145833 0.0296296
3 0.985417 0.137963 0.0291667 0.0851852
0 0.0636556 0.55463 0.0239909 0.0481481
2 0.330729 0.0444444 0.0635417 0.0622685
2 0.165104 0.443981 0.0796875 0.0648148
0 0.817708 0.45463 0.0666667 0.0796296
0 0.165104 0.44537 0.0802083 0.0638889
0 0.370313 0.703241 0.0520833 0.118519
0 0.407552 0.575 0.0515625 0.116667
0 0.30625 0.0929398 0.0635417 0.0662037
0 0.188542 0.378472 0.06875 0.0555556
0 0.482812 0.338889 0.0442708 0.0916667
0 0.330208 0.0458189 0.0635417 0.0625289
0 0.26901 0.171644 0.05625 0.0518519
0 0.207682 0.322685 0.0658854 0.0550926
0 0.575 0.171991 0.0458333 0.0990741
0 0.867188 0.149769 0.115625 0.0958333
0 0.0239583 0.799074 0.0477865 0.0648148
0 0.251042 0.222222 0.065625 0.0527778
0 0.246224 0.685185 0.0580729 0.0814815
0 0.922656 0.389352 0.154687 0.133333
0 0.986458 0.157755 0.0270833 0.0456019
0 0.364583 0.373148 0.0510417 0.0796296
0 0.388542 0.293519 0.0625 0.087037
0 0.338542 0.40787 0.0333333 0.0490741
1 0.636979 0.135764 0.00625 0.03125
0 0.195312 0.727778 0.0411458 0.0759259
0 0.234635 0.683333 0.0354167 0.0768519
0 0.985937 0.136111 0.028125 0.0886574
0 0.196875 0.748611 0.0447917 0.115741
0 1 0.15544 0 0.0592593
0 0.203385 0.718518 0.0229167 0.0555556
0 0.21901 0.798148 0.0130208 0.0259259
1 0.42474 0.934259 0.0177083 0.0296296
0 0.364844 0.34213 0.0489583 0.138889
0 0.264062 0.700926 0.021875 0.0518519
0 0.791667 0.470833 0.0145833 0.0453704
0 0.182031 0.822222 0.0291667 0.0518519
0 0.217448 0.79537 0.021875 0.0314815
1 0.634375 0.136343 0.0104167 0.0319444
1 0.640625 0.13588 0.0125 0.0328704
0 1 0.133825 0 0.0953125
0 0.407292 0.575 0.0520833 0.114815
0 0.369531 0.703241 0.0536458 0.119444
0 0.208073 0.322685 0.065625 0.0569444
0 0.30625 0.0939815 0.0625 0.0652778
0 0.165104 0.44375 0.0796875 0.0652778
0 0.188802 0.377315 0.06875 0.0574074
0 0.817708 0.45463 0.0666667 0.0805556
0 0.330469 0.0459491 0.0635417 0.0600694
0 0.86875 0.150579 0.120833 0.0993056
0 0.482552 0.337731 0.0442708 0.0939815
0 0.269206 0.172222 0.0574219 0.0513889
0 0.38776 0.290278 0.0609375 0.0796296
0 0.574479 0.173148 0.0447917 0.0976852
0 0.365104 0.371759 0.053125 0.0805556
0 0.251042 0.221991 0.0661458 0.0523148
0 0.0241862 0.799074 0.0479167 0.0657407
0 0.233203 0.678241 0.0325521 0.0666667
0 0.246354 0.684259 0.0583333 0.0777778
0 0.196484 0.72963 0.0434896 0.0805556
0 0.338802 0.410185 0.0348958 0.0527778
0 0.985937 0.138166 0.028125 0.085706
3 0.985937 0.12989 0.028125 0.100868
0 0.181771 0.823148 0.0348958 0.0564815
1 0.636979 0.137153 0.00625 0.0310185
0 0.20612 0.737963 0.0632813 0.0990741
0 0.369531 0.703704 0.0526042 0.118519
0 0.482812 0.339352 0.0447917 0.0925926
0 0.407292 0.575926 0.0520833 0.115741
0 0.364583 0.371296 0.0520833 0.0805556
0 0.207813 0.323148 0.065625 0.0564815
0 0.188542 0.377778 0.06875 0.0564815
0 0.575 0.172338 0.0458333 0.0997685
0 0.269206 0.172222 0.0574219 0.0523148
0 0.817708 0.454167 0.0666667 0.0777778
0 0.165365 0.445833 0.0796875 0.062963
0 0.330208 0.0452546 0.0635417 0.0645833
0 0.30625 0.0934606 0.0630208 0.0665509
0 0.867708 0.151736 0.114583 0.0993056
0 0.386979 0.290509 0.0604167 0.0800926
0 0.922917 0.390509 0.154167 0.13287
0 0.251042 0.221759 0.0651042 0.0546296
0 0.985937 0.140278 0.028125 0.0793981
0 0.0245443 0.799537 0.0490885 0.0657407
0 0.245833 0.686111 0.0578125 0.0814815
0 0.195573 0.718518 0.04375 0.0592593
0 0.338542 0.408333 0.0338542 0.0486111
0 0.233594 0.67963 0.0333333 0.0685185
0 0.179948 0.82037 0.0333333 0.0481481
1 0.636979 0.13588 0.00625 0.0310185
0 0.179688 0.848148 0.0335938 0.103704
0 0.227344 0.791667 0.0252604 0.0407407
0 0.866667 0.183333 0.0770833 0.0314815
1 0.0657552 0.564815 0.0106771 0.025
1 0.633854 0.135648 0.0125 0.0296296
0 0.851042 0.185185 0.075 0.0287037
0 0.986458 0.158796 0.0270833 0.0430556
0 0.180599 0.884259 0.0361979 0.177778
2 0.753125 0.996296 0.0125 0.00740741
0 0.876042 0.401389 0.0604167 0.0981481
0 0.592708 0.0113932 0.0166667 0.0224682
0 0.369792 0.703704 0.053125 0.118519
0 0.482812 0.338889 0.0453125 0.0935185
0 0.164811 0.444907 0.0797526 0.0648148
0 0.30651 0.0938657 0.0635417 0.0664352
0 0.269531 0.172569 0.0578125 0.0516204
0 0.408073 0.575463 0.0515625 0.114815
0 0.330208 0.0466435 0.0635417 0.0627315
0 0.575 0.172801 0.0458333 0.0993056
0 0.188802 0.377083 0.06875 0.0574074
0 0.866667 0.150926 0.1125 0.100926
0 0.207682 0.322685 0.0658854 0.0546296
0 0.817708 0.45463 0.0666667 0.0796296
0 0.251302 0.222685 0.065625 0.0527778
0 0.364583 0.371759 0.0520833 0.0814815
0 0.386979 0.289815 0.059375 0.0787037
0 0.23151 0.678704 0.0291667 0.0666667
0 0.0242513 0.800926 0.0483724 0.0685185
0 0.338281 0.409491 0.0338542 0.0509259
0 0.195964 0.738889 0.0427083 0.0981481
0 0.194271 0.721296 0.040625 0.062963
0 0.922917 0.388889 0.154167 0.134259
3 0.986458 0.141204 0.0270833 0.0796296
0 0.986198 0.141435 0.0276042 0.0784722
0 0.180469 0.823611 0.0354167 0.0555556
1 0.636458 0.135648 0.00625 0.0305556
0 0.183333 0.735185 0.0177083 0.0722222
0 0.188281 0.72963 0.0283854 0.0740741
0 0.482812 0.339352 0.0447917 0.0907407
0 0.370313 0.703704 0.0520833 0.118519
0 0.407813 0.574074 0.0510417 0.114815
0 0.574479 0.173495 0.0447917 0.0974537
0 0.817708 0.455093 0.0666667 0.0805556
0 0.30625 0.0938657 0.0635417 0.0666667
0 0.165365 0.443981 0.0802083 0.0657407
0 0.330208 0.0465278 0.0645833 0.0631944
0 0.188542 0.377778 0.06875 0.0583333
0 0.269271 0.171991 0.0578125 0.0527778
0 0.207682 0.322685 0.0658854 0.0569444
0 0.364844 0.37338 0.0526042 0.0828704
0 0.986458 0.141204 0.0270833 0.0805556
0 0.3875 0.292824 0.0609375 0.0851852
0 0.251563 0.220428 0.0661458 0.0572917
0 0.866146 0.150347 0.113542 0.101157
0 0.0245768 0.801389 0.0491536 0.0694444
0 0.234635 0.681944 0.0351562 0.0740741
0 0.197917 0.72963 0.046875 0.0787037
0 0.345313 0.411574 0.0458333 0.0555556
0 0.206641 0.736111 0.0658854 0.0944444
0 0.185417 0.831481 0.0411458 0.0666667
0 0.26276 0.703704 0.0234375 0.0518519
0 0.26224 0.687037 0.0265625 0.0824074
0 0.98724 0.156713 0.0255208 0.0481481
0 0.901042 0.390972 0.110417 0.136574
0 0.248958 0.686111 0.0578125 0.0824074
0 0.878125 0.178472 0.0791667 0.0263889
0 0.565104 0.20625 0.0260417 0.0319444
0 0.370313 0.703241 0.0520833 0.119444
0 0.30625 0.0936921 0.0645833 0.0667824
0 0.482812 0.339352 0.0447917 0.0935185
0 0.330208 0.0469763 0.0645833 0.0627604
0 0.26901 0.172569 0.0578125 0.0511574
0 0.188932 0.377778 0.0697917 0.0574074
0 0.165625 0.44375 0.0802083 0.0662037
0 0.207813 0.32338 0.0664062 0.0550926
0 0.817708 0.454861 0.0677083 0.0800926
0 0.575 0.17338 0.0458333 0.1
0 0.408333 0.575 0.05 0.116667
0 0.251432 0.22338 0.0658854 0.05
0 0.365104 0.374537 0.053125 0.087037
0 0.869271 0.150694 0.119792 0.101389
0 0.388021 0.295833 0.0625 0.0907407
0 0.195703 0.72037 0.0424479 0.0611111
0 0.0244141 0.8 0.0480469 0.0685185
0 0.233854 0.67963 0.034375 0.0703704
0 0.247005 0.685185 0.0606771 0.0796296
0 0.923437 0.386111 0.153125 0.131481
0 0.339583 0.408796 0.0354167 0.05
0 0.986198 0.143056 0.0276042 0.075463
0 0.0494792 0.0543403 0.0989583 0.107523
0 0.0382813 0.0888889 0.0765625 0.176389
0 0.0262451 0.0166594 0.02889 0.0318432
0 0.0244141 0.00993924 0.0250651 0.0183738
0 0.0516602 0.145486 0.10332 0.20625
2 0.986198 0.143056 0.0276042 0.075463
1 0.446354 0.00506366 0.00520833 0.00856481
1 0.328125 0.42037 0.0125 0.0287037
0 0.371875 0.0174334 0.0302083 0.0348669
0 0.268815 0.171991 0.0571615 0.0513889
0 0.188281 0.377778 0.06875 0.0574074
0 0.30625 0.0930556 0.0635417 0.0675926
0 0.330208 0.046195 0.0645833 0.0645544
0 0.867708 0.150231 0.116667 0.0990741
0 0.165234 0.44375 0.0802083 0.0662037
0 0.483073 0.338426 0.0447917 0.0916667
0 0.575 0.172569 0.0458333 0.0988426
0 0.369792 0.702778 0.0520833 0.118519
0 0.207422 0.322685 0.0658854 0.0560185
0 0.817708 0.455093 0.0677083 0.0805556
0 0.408594 0.574074 0.0505208 0.114815
0 0.365104 0.374074 0.0541667 0.087037
0 0.9 0.3875 0.10625 0.12963
0 0.383333 0.29537 0.0520833 0.0912037
0 0.0240397 0.800463 0.0480794 0.0694444
0 0.196094 0.735648 0.0442708 0.0925926
0 0.247135 0.6875 0.0604167 0.0851852
0 0.986458 0.140741 0.0270833 0.0805556
0 0.233594 0.680556 0.0333333 0.0722222
0 0.251042 0.221991 0.0661458 0.0523148
0 0.338802 0.409259 0.034375 0.049537
0 0.0296224 0.0135127 0.0352214 0.0258681
0 0.0264323 0.0101418 0.0283854 0.0192419
1 0.636979 0.136343 0.00625 0.0310185
0 0.179948 0.816204 0.0341146 0.0398148
1 0.445833 0.00496238 0.00520833 0.00882523
1 0.0645671 0.55463 0.0182617 0.0462963
1 0.0125 0.826389 0.0238281 0.0166667
0 0.306771 0.0934028 0.0635417 0.0668981
0 0.369792 0.703241 0.0520833 0.118519
0 0.269271 0.172454 0.0578125 0.0523148
0 0.482812 0.339352 0.0447917 0.0925926
0 0.188802 0.377315 0.06875 0.0569444
0 0.575 0.172685 0.0458333 0.0990741
0 0.165104 0.443519 0.0802083 0.0657407
0 0.817708 0.455093 0.0666667 0.0796296
0 0.207552 0.32338 0.065625 0.0546296
0 0.407292 0.575 0.0515625 0.116667
0 0.330208 0.0462963 0.0645833 0.0622685
0 0.866146 0.150579 0.115625 0.0997685
0 0.364583 0.373611 0.0520833 0.0851852
0 0.382292 0.291204 0.05 0.0814815
0 0.898958 0.387037 0.105208 0.132407
0 0.233073 0.680556 0.0317708 0.0722222
0 0.338542 0.409259 0.0333333 0.050463
0 0.985937 0.140307 0.028125 0.0818866
0 0.251432 0.218403 0.0653646 0.0590278
3 0.985417 0.141204 0.0270833 0.0796296
0 0.024707 0.800926 0.0490234 0.0685185
3 0.195312 0.733333 0.0419271 0.087037
0 0.245573 0.688426 0.0572917 0.0740741
0 0.369531 0.703704 0.0526042 0.118519
0 0.306771 0.0936343 0.0635417 0.0668981
0 0.165104 0.443981 0.0796875 0.0648148
0 0.26901 0.171412 0.0572917 0.0520833
0 0.188542 0.377546 0.06875 0.0578704
0 0.817708 0.454861 0.0666667 0.0810185
0 0.407813 0.575 0.05 0.116667
0 0.207682 0.322685 0.0658854 0.0564815
0 0.575 0.172685 0.0458333 0.0990741
0 0.482812 0.338889 0.0447917 0.0925926
0 0.330208 0.0463542 0.0635417 0.0614583
0 0.365104 0.373611 0.053125 0.0837963
0 0.868229 0.150347 0.11875 0.100463
0 0.388021 0.291667 0.0614583 0.0828704
0 0.0240885 0.800926 0.0477865 0.0666667
0 0.251302 0.22338 0.065625 0.050463
0 0.232292 0.680556 0.0302083 0.0722222
0 0.243359 0.684722 0.0523437 0.0805556
0 0.3375 0.409722 0.0322917 0.05
0 0.196094 0.721759 0.0432292 0.062963
0 0.985937 0.141088 0.028125 0.081713
0 0.204948 0.73287 0.0619792 0.0861111
0 0.261719 0.70463 0.0229167 0.0462963
0 0.0246582 0.00870949 0.0230143 0.0156829
0 0.903125 0.388194 0.1125 0.133796
0 0.249219 0.701389 0.0479167 0.0527778
0 0.18112 0.834259 0.0382813 0.0759259
0 0.0492188 0.0457755 0.0954427 0.090162
0 0.482812 0.338889 0.0442708 0.0916667
0 0.269271 0.172106 0.0578125 0.0518519
0 0.575 0.172685 0.0458333 0.0976852
0 0.370313 0.703704 0.0520833 0.118519
0 0.306771 0.093287 0.0635417 0.0673611
0 0.408333 0.574074 0.05 0.114815
0 0.188542 0.377778 0.06875 0.0569444
0 0.817708 0.45463 0.0666667 0.0796296
0 0.165104 0.444444 0.0802083 0.0657407
0 0.866667 0.150926 0.114583 0.0976852
0 0.330208 0.0463542 0.0645833 0.0630787
0 0.207813 0.322917 0.065625 0.0555556
0 0.364583 0.372685 0.053125 0.0833333
0 0.251563 0.222627 0.065625 0.0510417
0 0.385156 0.290741 0.05625 0.0796296
0 0.232292 0.682407 0.0304688 0.0759259
0 0.0239909 0.801389 0.0479818 0.0675926
0 0.985937 0.141435 0.028125 0.0805556
0 0.338021 0.410417 0.0333333 0.0513889
0 0.405729 0.290509 0.0979167 0.0800926
0 0.245052 0.683333 0.05625 0.0777778
0 0.196875 0.736111 0.0453125 0.0925926
0 0.0249023 0.00927373 0.0251302 0.0170428
1 0.0109863 0.825926 0.021582 0.0175926
3 0.985937 0.141319 0.028125 0.0800926
0 0.369271 0.703241 0.0520833 0.119444
0 0.407552 0.575 0.0505208 0.116667
0 0.482812 0.338889 0.0442708 0.0930556
0 0.330208 0.0462818 0.0645833 0.0627604
0 0.575 0.173148 0.0458333 0.0986111
0 0.306771 0.0930556 0.0635417 0.0666667
0 0.188672 0.376852 0.0690104 0.0569444
0 0.165234 0.444444 0.0802083 0.0657407
0 0.866146 0.150463 0.115625 0.0986111
0 0.269336 0.171991 0.0582031 0.0523148
0 0.207813 0.323148 0.065625 0.0564815
0 0.817708 0.45463 0.0666667 0.0796296
0 0.364583 0.372685 0.0520833 0.0824074
0 0.986458 0.141088 0.0270833 0.0800926
0 0.38099 0.289352 0.0484375 0.0777778
0 0.024056 0.800463 0.048112 0.0675926
0 0.231901 0.67963 0.0296875 0.0703704
0 0.251302 0.222222 0.065625 0.0518519
0 0.338281 0.409722 0.0338542 0.0509259
0 0.195703 0.736574 0.0442708 0.0935185
0 0.190104 0.808333 0.0234375 0.0277778
0 0.2625 0.705556 0.0234375 0.0444444
0 0.259961 0.688889 0.0311198 0.0759259
0 0.482812 0.33912 0.0442708 0.0902778
0 0.369792 0.703241 0.0520833 0.119444
0 0.866146 0.151042 0.114583 0.0972222
0 0.165365 0.444444 0.0802083 0.0657407
0 0.407813 0.575 0.0510417 0.114815
0 0.575 0.172685 0.0458333 0.0986111
0 0.330208 0.0465133 0.0645833 0.0625289
0 0.306771 0.093287 0.0635417 0.0662037
0 0.188672 0.377778 0.0690104 0.0574074
0 0.269271 0.171875 0.0578125 0.0516204
0 0.207552 0.322685 0.0661458 0.0550926
0 0.817708 0.45463 0.0666667 0.0787037
0 0.985937 0.140972 0.028125 0.0798611
0 0.024056 0.800926 0.0478516 0.0675926
0 0.364323 0.372454 0.0515625 0.0833333
0 0.232031 0.679167 0.0299479 0.0685185
0 0.38099 0.290972 0.0473958 0.0796296
0 0.251302 0.222454 0.065625 0.050463
0 0.3375 0.409722 0.0322917 0.0509259
0 0.195833 0.723148 0.0432292 0.0648148
0 0.264062 0.709259 0.0197917 0.0388889
0 0.0242839 0.00895544 0.0230469 0.01739
0 0.179427 0.812963 0.0286458 0.0333333
0 0.482812 0.33912 0.0447917 0.0925926
0 0.369271 0.703241 0.0520833 0.119444
0 0.575 0.172917 0.0458333 0.0990741
0 0.329948 0.0457321 0.0640625 0.0640914
0 0.306771 0.0930556 0.0635417 0.0668981
0 0.188802 0.376852 0.06875 0.0564815
0 0.26901 0.171644 0.0572917 0.0511574
0 0.207552 0.322454 0.0661458 0.0550926
0 0.165104 0.444213 0.0807292 0.0652778
0 0.817708 0.454398 0.0666667 0.0791667
0 0.866667 0.150463 0.114583 0.0972222
0 0.407813 0.575 0.0510417 0.114815
0 0.0240885 0.8 0.0481771 0.0666667
0 0.364062 0.372454 0.0515625 0.0828704
0 0.251042 0.221759 0.0651042 0.0523148
0 0.232031 0.680093 0.0296875 0.0703704
0 0.381771 0.292361 0.05 0.0837963
0 0.33776 0.409722 0.0328125 0.0518519
0 0.0244141 0.00936053 0.0236979 0.0177951
0 0.197135 0.741204 0.046875 0.102778
3 0.985937 0.140972 0.028125 0.0791667
0 0.986458 0.14213 0.0270833 0.0773148
0 0.263021 0.710185 0.0203125 0.0351852
1 0.0654948 0.563889 0.0122396 0.0296296
0 0.369792 0.703704 0.0520833 0.118519
0 0.482552 0.338889 0.0442708 0.0925926
0 0.407813 0.575 0.0510417 0.114815
0 0.30651 0.0931713 0.0630208 0.0666667
0 0.188802 0.377315 0.0690104 0.0578704
0 0.330208 0.0462818 0.0645833 0.0634549
0 0.575 0.172685 0.0458333 0.0986111
0 0.165625 0.444213 0.0802083 0.0652778
0 0.269206 0.172338 0.0574219 0.0520833
0 0.207552 0.322685 0.0661458 0.0555556
0 0.817708 0.455093 0.0666667 0.0796296
0 0.866667 0.150347 0.115625 0.0974537
0 0.0240723 0.800926 0.0481445 0.0685185
0 0.364583 0.37338 0.0520833 0.0837963
0 0.251302 0.222454 0.065625 0.0509259
0 0.231771 0.67963 0.0291667 0.0685185
0 0.38125 0.289583 0.0484375 0.0782407
0 0.338542 0.409491 0.0333333 0.0509259
0 0.195964 0.725 0.0434896 0.0703704
0 0.0249674 0.00966435 0.0244141 0.0179398
0 0.263021 0.705556 0.021875 0.0444444
0 0.922396 0.383333 0.153125 0.133333
1 0.014091 0.826852 0.027417 0.0166667
0 0.986458 0.143866 0.0270833 0.0747685
0 0.482812 0.33912 0.0447917 0.0921296
0 0.188672 0.378009 0.0690104 0.0583333
0 0.866667 0.150926 0.114583 0.0986111
0 0.369531 0.703241 0.0515625 0.117593
0 0.30651 0.0930556 0.0630208 0.0671296
0 0.575 0.171991 0.0458333 0.0981481
0 0.329948 0.0459491 0.0645833 0.0638889
0 0.407813 0.575 0.05 0.114815
0 0.165365 0.444676 0.0802083 0.0652778
0 0.207552 0.323148 0.0661458 0.0555556
0 0.269271 0.172222 0.0578125 0.0523148
0 0.817708 0.45463 0.0666667 0.0796296
0 0.0241536 0.800926 0.0478516 0.0685185
0 0.364583 0.372917 0.0526042 0.0833333
0 0.231901 0.680093 0.0294271 0.0703704
0 0.251042 0.222222 0.0651042 0.0518519
0 0.38125 0.289815 0.0489583 0.0787037
0 0.338281 0.409028 0.0338542 0.0513889
0 0.196354 0.723611 0.04375 0.0666667
0 0.986458 0.143056 0.0270833 0.0763889
0 0.0247884 0.00925926 0.0247721 0.0181713
0 0.482812 0.338889 0.0447917 0.0921296
0 0.866667 0.15081 0.114583 0.0979167
0 0.407813 0.575 0.0510417 0.116667
0 0.369792 0.703704 0.0520833 0.118519
0 0.306771 0.0931134 0.0635417 0.0670139
0 0.575 0.172569 0.0458333 0.0983796
0 0.188672 0.377315 0.0690104 0.0574074
0 0.330208 0.0458478 0.0645833 0.063397
0 0.269271 0.171991 0.0572917 0.0513889
0 0.207552 0.322917 0.0666667 0.0560185
0 0.165365 0.444676 0.0802083 0.0652778
0 0.817708 0.45463 0.0666667 0.0796296
0 0.0242025 0.800926 0.0481445 0.0685185
0 0.364583 0.372685 0.0520833 0.0824074
0 0.383333 0.290741 0.0520833 0.0800926
0 0.231771 0.679167 0.0296875 0.0685185
0 0.251042 0.221701 0.065625 0.0519676
0 0.338021 0.409491 0.0333333 0.0509259
0 0.985937 0.141782 0.028125 0.0784722
0 0.196094 0.723148 0.0440104 0.0666667
0 0.262435 0.70787 0.0209635 0.037963
0 0.180729 0.813889 0.0328125 0.0351852
3 0.985937 0.141088 0.028125 0.0793981
0 0.0243978 0.00943287 0.0234701 0.0177083
0 0.194661 0.746759 0.0414063 0.112963
0 0.247396 0.684259 0.0510417 0.0796296
0 0.866667 0.150463 0.114583 0.0981481
0 0.369792 0.703704 0.0520833 0.118519
0 0.482812 0.338889 0.0442708 0.0925926
0 0.188672 0.377315 0.0690104 0.0574074
0 0.407813 0.575 0.0510417 0.115741
0 0.306771 0.0931713 0.0635417 0.0664352
0 0.575 0.172454 0.0458333 0.099537
0 0.329948 0.0462963 0.0645833 0.0628472
0 0.817708 0.45463 0.0666667 0.0787037
0 0.207552 0.322917 0.0664062 0.0555556
0 0.165072 0.444907 0.0802734 0.0648148
0 0.26901 0.171759 0.0578125 0.0516204
0 0.0240723 0.800926 0.0480143 0.0685185
0 0.364062 0.372685 0.0520833 0.0833333
0 0.382292 0.290741 0.05 0.0796296
0 0.251042 0.222222 0.065625 0.0509259
0 0.231901 0.678704 0.0296875 0.0685185
0 0.33776 0.409259 0.0333333 0.0509259
0 0.195964 0.724074 0.0440104 0.0685185
3 0.985937 0.140972 0.028125 0.0796296
0 0.985937 0.141898 0.028125 0.0782407
0 0.922656 0.387037 0.154687 0.131481
0 0.023877 0.00914352 0.0230143 0.0174769
0 0.866667 0.150463 0.114583 0.0981481
0 0.369792 0.703704 0.0520833 0.118519
0 0.482812 0.338889 0.0442708 0.0925926
0 0.188672 0.377315 0.0690104 0.0574074
0 0.407813 0.575 0.0510417 0.115741
0 0.306771 0.0932292 0.0635417 0.0665509
0 0.575 0.172454 0.0458333 0.099537
0 0.329948 0.0462963 0.0645833 0.0628472
0 0.817708 0.45463 0.0666667 0.0787037
0 0.207552 0.322917 0.0664062 0.0555556
0 0.165072 0.444676 0.0802734 0.0643518
0 0.26901 0.171759 0.0578125 0.0516204
0 0.024056 0.800926 0.0479818 0.0685185
0 0.364062 0.372685 0.0520833 0.0833333
0 0.382292 0.290741 0.05 0.0796296
0 0.251042 0.222222 0.065625 0.0509259
0 0.231901 0.678704 0.0296875 0.0685185
0 0.33776 0.409259 0.0333333 0.0509259
0 0.195964 0.724074 0.0440104 0.0685185
3 0.985937 0.140972 0.028125 0.0796296
0 0.985937 0.141898 0.028125 0.0782407
0 0.922656 0.387037 0.154687 0.131481
0 0.0238932 0.00914352 0.0230469 0.0174769
