3 0.493229 0.148148 0.0572917 0.0782407
1 0.260938 0.0550926 0.00885417 0.0289352
0 0.49349 0.148148 0.0567708 0.0777778
0 0.160156 0.0140914 0.0565104 0.0270255
3 0.49375 0.148032 0.0567708 0.0798611
3 0.49375 0.147338 0.0572917 0.0780093
1 0.261458 0.0576968 0.00833333 0.0231481
0 0.49349 0.14838 0.0567708 0.0796296
1 0.260156 0.0533565 0.009375 0.0266204
0 0.00883789 0.0304398 0.0162435 0.0594907
3 0.493229 0.148148 0.05625 0.0766204
3 0.490104 0.00510706 0.0567708 0.0102141
1 0.260417 0.0542824 0.00885417 0.0296296
3 0.500781 0.00429688 0.0578125 0.00859375
3 0.472917 0.00494792 0.05 0.00989583
3 0.7 0.00387731 0.0333333 0.00775463
0 0.493229 0.147917 0.05625 0.0777778
2 0.0435221 0.910185 0.0861328 0.17963
3 0.49375 0.148264 0.0567708 0.0787037
1 0.261003 0.0538773 0.0102865 0.03125
3 0.502083 0.182639 0.0395833 0.00972222
3 0.492708 0.183102 0.0510417 0.00833333
0 0.49375 0.148032 0.0572917 0.0777778
0 0.00856527 0.0250289 0.0164632 0.0487847
3 0.486458 0.158102 0.0427083 0.0585648
3 0.508333 0.00572917 0.053125 0.0102431
3 0.504167 0.178472 0.0364583 0.0175926
0 0.151432 0.00507812 0.0114583 0.00896991
2 0.49375 0.148264 0.0567708 0.0787037
3 0.503646 0.153125 0.0364583 0.06875
3 0.483854 0.173611 0.0364583 0.0273148
3 0.494271 0.124884 0.059375 0.0300926
3 0.48776 0.180556 0.04375 0.012963
3 0.49375 0.148264 0.0572917 0.0789352
2 0.0437174 0.910185 0.0874349 0.17963
1 0.260938 0.0545284 0.00989583 0.0307581
0 0.00976562 0.994444 0.0077474 0.0111111
3 0.513021 0.00499132 0.040625 0.00998264
3 0.491927 0.18125 0.00729167 0.0101852
0 0.0144206 0.994444 0.0061849 0.0111111
3 0.495833 0.18125 0.00729167 0.0101852
3 0.488021 0.181019 0.0078125 0.0101852
3 0.500781 0.00704572 0.0630208 0.0113137
0 0.0184733 0.994444 0.00716146 0.0111111
0 0.00423991 0.994444 0.00786133 0.0111111
3 0.500521 0.18125 0.00885417 0.0101852
0 0.0221029 0.994444 0.0063151 0.0111111
3 0.49349 0.183102 0.0125 0.00740741
3 0.484375 0.180903 0.00833333 0.0101852
3 0.497396 0.182986 0.0114583 0.00787037
3 0.490104 0.00784144 0.0697917 0.014294
0 0.0258138 0.994444 0.00605469 0.0111111
3 0.261393 0.0555556 0.00950521 0.0287037
3 0.521354 0.00439815 0.021875 0.0087963
0 0.0434896 0.910185 0.0869792 0.17963
3 0.481771 0.180787 0.009375 0.0106481
3 0.49375 0.146991 0.05625 0.0787037
1 0.261523 0.0543837 0.0102865 0.0315104
3 0.49349 0.147338 0.0572917 0.0787037
3 0.49375 0.146991 0.0552083 0.0773148
2 0.0445964 0.910185 0.0891927 0.17963
2 0.493229 0.147222 0.05625 0.0773148
0 0.49375 0.147222 0.0552083 0.0773148
3 0.493229 0.147454 0.05625 0.0759259
3 0.49349 0.147917 0.05625 0.0773148
3 0.49349 0.147917 0.05625 0.0777778
1 0.260677 0.0552662 0.00833333 0.0289352
2 0.49375 0.147685 0.0572917 0.0777778
0 0.49375 0.147917 0.05625 0.0777778
3 0.49349 0.148148 0.0567708 0.0777778
2 0.0437826 0.87037 0.0861328 0.101852
3 0.493229 0.147685 0.05625 0.0773148
0 0.0445312 0.90787 0.0890625 0.175
3 0.493229 0.147685 0.05625 0.0782407
0 0.00837402 0.025434 0.016748 0.0497106
0 0.0117228 0.991667 0.00930176 0.0166667
0 0.017627 0.99537 0.0106445 0.00925926
0 0.0128215 0.99537 0.00951335 0.00925926
0 0.0173828 0.991667 0.0110026 0.0166667
3 0.49349 0.147685 0.05625 0.0768519
2 0.369271 0.28912 0.0645833 0.105556
1 0.41875 0.32963 0.003125 0.012963
2 0.0435547 0.910648 0.0871094 0.178704
3 0.493229 0.148264 0.05625 0.0770833
3 0.493229 0.147685 0.05625 0.0763889
3 0.493229 0.147685 0.05625 0.0768519
1 0.262565 0.0527778 0.0144531 0.0347222
3 0.493229 0.147454 0.0572917 0.0777778
3 0.49349 0.147801 0.05625 0.0773148
1 0.2625 0.0536458 0.0135417 0.0334491
1 0.419271 0.328935 0.00416667 0.0166667
3 0.49349 0.147801 0.05625 0.0766204
3 0.49375 0.147917 0.05625 0.0768519
3 0.49349 0.147801 0.05625 0.0766204
3 0.49349 0.147685 0.05625 0.0768519
2 0.36875 0.290278 0.0635417 0.107407
3 0.49349 0.147685 0.05625 0.0768519
2 0.36875 0.290278 0.0635417 0.107407
