0 0.435417 0.961111 0.05 0.0777778
0 0.479688 0.0221644 0.0322917 0.0435185
0 0.741667 0.946296 0.0458333 0.107407
1 0.848958 0.168981 0.0177083 0.0398148
1 0.755208 0.345833 0.021875 0.0425926
0 0.755208 0.346296 0.0208333 0.0416667
0 0.848958 0.169213 0.0177083 0.0388889
1 0.626042 0.72037 0.0125 0.0314815
0 0.532812 0.0174769 0.03125 0.0334491
0 0.594792 0.0051794 0.00833333 0.00862269
1 0.610417 0.42963 0.0208333 0.0490741
0 0.611458 0.0051794 0.0125 0.00914352
0 0.554167 0.0182798 0.0708333 0.0350839
0 0.610417 0.430093 0.0208333 0.0490741
3 0.742708 0.946296 0.0458333 0.107407
0 0.603125 0.00555556 0.0270833 0.00989583
0 0.592708 0.00533854 0.00833333 0.00876736
2 0.435677 0.961111 0.0505208 0.0777778
1 0.755729 0.344444 0.0239583 0.0462963
1 0.626562 0.72037 0.0125 0.0305556
0 0.480208 0.0214988 0.0291667 0.0429977
1 0.611458 0.42963 0.0229167 0.05
1 0.849479 0.169213 0.01875 0.0398148
0 0.435937 0.960417 0.0515625 0.0791667
0 0.755729 0.344213 0.0239583 0.0458333
0 0.741667 0.946296 0.04375 0.107407
2 0.742188 0.946296 0.0458333 0.107407
0 0.611458 0.430093 0.0229167 0.05
1 0.611979 0.419444 0.0208333 0.0282407
0 0.409375 0.960417 0.105208 0.0791667
3 0.742708 0.946296 0.0458333 0.107407
2 0.436458 0.960648 0.05 0.0787037
1 0.480208 0.0212963 0.0291667 0.0422454
0 0.436198 0.961111 0.0505208 0.0777778
0 0.479167 0.0215278 0.0328125 0.0428241
1 0.627083 0.72037 0.0104167 0.0314815
0 0.75625 0.344444 0.025 0.0462963
1 0.757292 0.343981 0.0270833 0.0462963
0 0.742188 0.945833 0.0447917 0.108333
0 0.848958 0.168519 0.01875 0.0393519
1 0.850521 0.167593 0.0166667 0.037037
1 0.549479 0.964815 0.009375 0.0259259
1 0.760417 0.335648 0.0197917 0.0296296
1 0.989583 0.769907 0.0104167 0.0185185
1 0.548958 0.972222 0.0104167 0.0407407
0 0.547917 0.0184606 0.0604167 0.0349537
1 0.479427 0.0217086 0.0328125 0.0430411
1 0.552083 0.975926 0.01875 0.0481481
0 0.627083 0.72037 0.0125 0.0314815
0 0.732292 0.944907 0.025 0.110185
0 0.479688 0.0216508 0.0322917 0.0430411
0 0.848958 0.168634 0.0177083 0.0388889
0 0.754687 0.344676 0.021875 0.0449074
1 0.848958 0.168171 0.0177083 0.0386574
1 0.627083 0.718518 0.0104167 0.0277778
0 0.527604 0.0168981 0.01875 0.0328125
1 0.627083 0.7125 0.0104167 0.0166667
0 0.543229 0.0173032 0.05 0.0346065
0 0.533854 0.0171007 0.03125 0.0332755
1 0.754687 0.344444 0.021875 0.0453704
0 0.742708 0.946296 0.04375 0.107407
1 0.594792 0.00486111 0.00625 0.00821759
0 0.436458 0.961111 0.05 0.0777778
0 0.478646 0.021535 0.034375 0.0430411
0 0.742708 0.946296 0.0458333 0.107407
1 0.627083 0.719907 0.0114583 0.0305556
1 0.849479 0.169213 0.0177083 0.0398148
1 0.75625 0.34375 0.025 0.0462963
1 0.611458 0.429398 0.0229167 0.0513889
0 0.471354 0.00801505 0.0166667 0.0159144
0 0.848958 0.168866 0.0166667 0.0391204
0 0.75625 0.343981 0.025 0.0467593
1 0.479427 0.0216725 0.0328125 0.0433449
0 0.611458 0.428935 0.0229167 0.050463
0 0.448438 0.023206 0.0958333 0.046412
0 0.304688 0.88287 0.130208 0.234259
1 0.467448 0.00613426 0.00885417 0.0121528
0 0.436458 0.96088 0.05 0.0782407
0 0.480208 0.0216942 0.0296875 0.0429543
0 0.742708 0.946065 0.0458333 0.10787
1 0.848958 0.169444 0.0177083 0.0416667
0 0.548958 0.01739 0.0635417 0.0347801
1 0.75625 0.343981 0.025 0.0476852
0 0.434896 0.994444 0.00729167 0.0111111
0 0.43125 0.994444 0.00833333 0.0111111
1 0.626562 0.72037 0.0114583 0.0333333
0 0.438021 0.994444 0.00625 0.0111111
0 0.427083 0.994444 0.00833333 0.0111111
0 0.486458 0.0380787 0.0104167 0.0107639
0 0.534896 0.0174117 0.034375 0.0339265
0 0.441927 0.994444 0.00625 0.0111111
0 0.755729 0.344444 0.0229167 0.0481481
0 0.445833 0.994444 0.00625 0.0111111
0 0.564062 0.016088 0.0927083 0.0321759
0 0.422917 0.994444 0.00833333 0.0111111
0 0.563672 0.0106481 0.0893229 0.0208333
0 0.742708 0.99537 0.0416667 0.00740741
0 0.451042 0.994444 0.00833333 0.0111111
0 0.75 0.99537 0.0125 0.00925926
0 0.548437 0.0282986 0.059375 0.0123843
0 0.745833 0.99537 0.0145833 0.00925926
0 0.483333 0.0382523 0.0197917 0.0108796
1 0.611458 0.422454 0.0208333 0.0365741
0 0.848958 0.169097 0.0177083 0.0414352
0 0.754167 0.99537 0.0114583 0.00925926
0 0.739583 0.994444 0.00833333 0.0111111
0 0.489062 0.0377315 0.009375 0.0108796
0 0.53125 0.0296586 0.009375 0.0101273
0 0.742708 0.945833 0.046875 0.108333
0 0.479167 0.0217593 0.03125 0.0435185
0 0.436979 0.960185 0.0489583 0.0796296
1 0.757292 0.344907 0.0270833 0.0486111
1 0.849479 0.169329 0.0177083 0.0412037
1 0.626562 0.719907 0.0114583 0.0314815
1 0.989583 0.769444 0.0125 0.0194444
1 0.611458 0.427315 0.0229167 0.0458333
1 0.105859 0.353704 0.0213542 0.0606481
1 0.748958 0.357176 0.0114583 0.025
0 0.743229 0.946065 0.0447917 0.10787
1 0.626562 0.72037 0.0114583 0.0314815
0 0.48125 0.0216725 0.028125 0.0433449
0 0.436458 0.961111 0.0510417 0.0777778
0 0.848958 0.168981 0.01875 0.0407407
1 0.848958 0.16875 0.01875 0.0398148
1 0.989583 0.769444 0.0114583 0.0185185
0 0.757292 0.344907 0.0270833 0.0462963
1 0.756771 0.344444 0.0260417 0.0462963
0 0.626562 0.72037 0.0125 0.0333333
0 0.742708 0.946065 0.0447917 0.10787
1 0.626042 0.719907 0.0104167 0.0314815
0 0.48125 0.021875 0.0270833 0.04375
1 0.848958 0.168056 0.0166667 0.037963
0 0.435937 0.961111 0.0510417 0.0777778
0 0.848958 0.168056 0.01875 0.0388889
1 0.75625 0.344444 0.025 0.0453704
1 0.594792 0.00460069 0.00729167 0.00885417
0 0.75625 0.344213 0.025 0.0453704
0 0.55 0.969444 0.0125 0.0425926
0 0.549479 0.962963 0.0114583 0.0259259
1 0.989583 0.77037 0.0104167 0.0185185
0 0.741667 0.946296 0.0458333 0.105556
0 0.479167 0.021072 0.03125 0.0419994
1 0.627083 0.719444 0.0125 0.0314815
0 0.435417 0.961111 0.0520833 0.0777778
1 0.849479 0.16875 0.01875 0.0400463
0 0.479167 0.0221644 0.0322917 0.0431713
1 0.849479 0.168866 0.0177083 0.0402778
0 0.435677 0.96088 0.0515625 0.0782407
1 0.755729 0.344444 0.0239583 0.0462963
1 0.626042 0.719907 0.0104167 0.0314815
0 0.560938 0.0181424 0.0854167 0.0362847
0 0.755208 0.344213 0.0229167 0.0458333
0 0.849479 0.169213 0.0177083 0.0402778
1 0.73125 0.996296 0.0166667 0.0037037
1 0.729167 0.996296 0.0104167 0.00740741
0 0.545313 0.0176505 0.0541667 0.0347222
1 0.722396 0.996296 0.0104167 0.00740741
0 0.741667 0.996296 0.0375 0.0037037
0 0.547917 0.0296875 0.059375 0.016088
1 0.594792 0.00455729 0.00625 0.00885417
1 0.760417 0.883333 0.0135417 0.0203704
1 0.719271 0.99537 0.00833333 0.00925926
1 0.746354 0.997222 0.0354167 0.00555556
0 0.73125 0.996296 0.0166667 0.0037037
0 0.746354 0.997222 0.0354167 0.00555556
0 0.742188 0.946296 0.0458333 0.105556
1 0.626042 0.72037 0.0104167 0.0314815
0 0.479167 0.0217303 0.03125 0.0433449
1 0.849479 0.16875 0.0177083 0.0384259
0 0.435156 0.961111 0.0526042 0.0777778
1 0.757292 0.344213 0.025 0.0462963
0 0.756771 0.343981 0.025 0.0462963
0 0.849479 0.169097 0.0177083 0.0388889
1 0.610937 0.428704 0.021875 0.0490741
0 0.610937 0.42963 0.021875 0.0509259
0 0.742708 0.94537 0.0458333 0.105556
0 0.478385 0.0217882 0.0338542 0.0435764
1 0.626042 0.72037 0.0104167 0.0314815
1 0.756771 0.344907 0.025 0.0481481
1 0.611458 0.428241 0.0208333 0.05
1 0.85 0.16875 0.01875 0.0407407
0 0.849479 0.169329 0.01875 0.0416667
0 0.756771 0.344907 0.025 0.0462963
1 0.613542 0.42037 0.0177083 0.0333333
1 0.605729 0.441667 0.0114583 0.0277778
0 0.742708 0.946296 0.0458333 0.105556
0 0.435937 0.961111 0.0510417 0.0777778
0 0.482812 0.0217014 0.0255208 0.0429398
1 0.849479 0.169097 0.0177083 0.0405093
1 0.75625 0.344907 0.025 0.0472222
1 0.626562 0.72037 0.0114583 0.0305556
0 0.849479 0.169097 0.0177083 0.0409722
0 0.75625 0.344907 0.025 0.0467593
0 0.466667 0.00630787 0.00833333 0.0118056
1 0.610937 0.429861 0.0229167 0.0523148
0 0.469531 0.0124132 0.0161458 0.0244213
0 0.742188 0.946296 0.0458333 0.107407
0 0.436458 0.960648 0.0510417 0.0787037
0 0.479688 0.0214771 0.0322917 0.0426939
1 0.611458 0.428704 0.0229167 0.05
1 0.85 0.168519 0.0166667 0.037963
1 0.626042 0.719907 0.0104167 0.0305556
1 0.75625 0.344676 0.025 0.0467593
1 0.594792 0.00457176 0.00625 0.0087963
0 0.755208 0.344676 0.0229167 0.0467593
0 0.611458 0.429167 0.0229167 0.05
0 0.746875 0.99537 0.0145833 0.00740741
0 0.738021 0.99537 0.0114583 0.00925926
0 0.741667 0.99537 0.0145833 0.00740741
0 0.849479 0.168403 0.0177083 0.0391204
0 0.594792 0.00441262 0.00625 0.00740741
0 0.751042 0.99537 0.0125 0.00740741
1 0.845833 0.170139 0.0114583 0.0384259
0 0.478646 0.0217882 0.0338542 0.0428819
1 0.848958 0.16956 0.0177083 0.0418981
1 0.594792 0.00447049 0.00625 0.00842014
1 0.595833 0.00474537 0.00625 0.00659722
0 0.848958 0.169792 0.01875 0.0428241
0 0.478646 0.021752 0.0333333 0.0428385
0 0.742188 0.946528 0.0447917 0.106944
0 0.849479 0.168056 0.0177083 0.0384259
1 0.849479 0.168287 0.0177083 0.0388889
1 0.626042 0.719444 0.0104167 0.0296296
0 0.478646 0.0215929 0.0333333 0.0426939
1 0.85 0.168519 0.0166667 0.0388889
0 0.742708 0.946528 0.0458333 0.106944
1 0.626042 0.719907 0.0125 0.0314815
0 0.849479 0.168634 0.0177083 0.0391204
1 0.594792 0.00428241 0.00625 0.00827546
0 0.479167 0.0218461 0.0322917 0.0433449
0 0.742708 0.946296 0.0458333 0.107407
1 0.85 0.168519 0.0166667 0.0393519
0 0.85 0.16875 0.0166667 0.0393519
0 0.742708 0.946065 0.0458333 0.10787
0 0.479167 0.0216146 0.0322917 0.0427662
1 0.848958 0.168981 0.0166667 0.0391204
0 0.754167 0.34537 0.0208333 0.0453704
0 0.435677 0.96088 0.0510417 0.0782407
0 0.848958 0.168981 0.0166667 0.0393519
1 0.754687 0.34537 0.021875 0.0462963
1 0.626562 0.72037 0.0114583 0.0314815
0 0.478646 0.0219401 0.0322917 0.0433883
1 0.626042 0.72037 0.0125 0.0314815
0 0.742708 0.946528 0.0458333 0.106944
1 0.848958 0.16875 0.0177083 0.0398148
0 0.848958 0.168866 0.0177083 0.0400463
0 0.754167 0.344907 0.0229167 0.0462963
0 0.429427 0.96088 0.0640625 0.0782407
0 0.478385 0.0219256 0.0333333 0.0431858
1 0.849479 0.168519 0.0166667 0.0388889
0 0.742708 0.946528 0.0458333 0.106944
1 0.755208 0.344676 0.0229167 0.0458333
0 0.754687 0.344444 0.021875 0.0462963
1 0.626562 0.719907 0.0114583 0.0314815
0 0.848958 0.168519 0.0166667 0.0388889
0 0.479167 0.0215856 0.0322917 0.0429398
1 0.849479 0.168519 0.0177083 0.0388889
1 0.626562 0.719907 0.0114583 0.0314815
0 0.742708 0.94537 0.0458333 0.107407
1 0.755208 0.344444 0.0229167 0.0462963
0 0.755208 0.344444 0.0229167 0.0462963
1 0.594792 0.00422454 0.00625 0.00833333
0 0.479167 0.0218678 0.0328125 0.04307
1 0.849479 0.168519 0.0177083 0.0388889
0 0.742708 0.946528 0.0458333 0.106944
1 0.626562 0.719907 0.0114583 0.0314815
1 0.754687 0.344444 0.021875 0.0458333
0 0.754687 0.344676 0.021875 0.0462963
0 0.849479 0.168519 0.0177083 0.0388889
0 0.478646 0.0219329 0.0333333 0.0434028
1 0.848958 0.168519 0.0166667 0.0388889
0 0.742708 0.946528 0.0447917 0.106944
1 0.754687 0.344444 0.0229167 0.0462963
0 0.848958 0.168519 0.0166667 0.0388889
0 0.478646 0.0219329 0.0333333 0.0434028
1 0.848958 0.168519 0.0166667 0.0388889
0 0.742708 0.946528 0.0447917 0.106944
1 0.754687 0.344444 0.0229167 0.0462963
0 0.848958 0.168519 0.0166667 0.0388889
