0 0.713542 0.594444 0.0666667 0.0722222
0 0.878646 0.674074 0.0666667 0.0740741
0 0.652083 0.65 0.0572917 0.075
0 0.738542 0.787037 0.0625 0.0814815
0 0.803125 0.736111 0.065625 0.0796296
0 0.783333 0.541667 0.0645833 0.0796296
0 0.877083 0.468981 0.0625 0.0685185
0 0.579687 0.697222 0.0645833 0.0796296
0 0.625 0.0149957 0.0479167 0.0299624
0 0.524219 0.957176 0.0557292 0.0856481
0 0.597917 0.889815 0.0645833 0.0722222
0 0.95 0.415046 0.0583333 0.0662037
0 0.988542 0.375926 0.0229167 0.0583333
0 0.665625 0.825926 0.0645833 0.0666667
0 0.993229 0.575463 0.0135417 0.0546296
1 0.635417 0.816667 0.0125 0.0203704
1 0.61875 0.834259 0.00833333 0.0203704
1 0.335417 0.622685 0.0104167 0.0212963
0 0.683333 0.808796 0.0291667 0.0342593
2 0.783854 0.541667 0.0635417 0.0796296
3 0.876562 0.469444 0.0614583 0.0685185
3 0.783333 0.541204 0.0645833 0.0805556
0 0.635417 0.816667 0.0125 0.0203704
3 0.579167 0.698148 0.0645833 0.0796296
3 0.738542 0.787963 0.0625 0.0833333
3 0.878125 0.674537 0.0666667 0.075
0 0.685938 0.803704 0.0229167 0.0240741
1 0.993229 0.575926 0.0135417 0.0527778
1 0.535286 0.937037 0.0315104 0.0444444
1 0.625 0.0150752 0.0479167 0.029456
0 0.535937 0.936806 0.0302083 0.0449074
0 0.61875 0.834259 0.00833333 0.0194444
3 0.652083 0.65 0.05625 0.0740741
2 0.878646 0.674074 0.0666667 0.075
0 0.905208 0.0453559 0.0552083 0.0896123
3 0.949479 0.415509 0.0583333 0.0652778
1 0.685938 0.803704 0.0229167 0.0240741
3 0.713021 0.594444 0.065625 0.0722222
2 0.803125 0.735648 0.065625 0.0787037
3 0.803125 0.736111 0.0645833 0.0796296
2 0.949479 0.414815 0.0583333 0.0657407
2 0.579687 0.697222 0.0645833 0.0796296
3 0.597917 0.891204 0.0645833 0.0703704
2 0.738542 0.7875 0.0625 0.0824074
2 0.713542 0.593982 0.0666667 0.0712963
0 0.739583 0.787963 0.0645833 0.0833333
0 0.878646 0.674074 0.0677083 0.0777778
0 0.580208 0.698148 0.0645833 0.0814815
0 0.803125 0.734259 0.065625 0.0787037
0 0.783333 0.540741 0.0625 0.0796296
0 0.652083 0.649537 0.05625 0.075
0 0.877083 0.468634 0.0614583 0.0701389
0 0.713542 0.594444 0.065625 0.0740741
0 0.597917 0.888889 0.0645833 0.0759259
0 0.95 0.412963 0.0583333 0.0671296
0 0.625521 0.0146991 0.0489583 0.0293981
0 0.993229 0.576852 0.0135417 0.0537037
0 0.514583 0.965741 0.0375 0.0685185
0 0.988021 0.376852 0.0239583 0.0560185
1 0.636458 0.816667 0.0145833 0.0203704
0 0.523958 0.956481 0.05625 0.087037
0 0.863542 0.681944 0.0375 0.062963
0 0.863542 0.473611 0.0333333 0.0592593
0 0.7 0.596296 0.0395833 0.0666667
1 0.335938 0.622685 0.0114583 0.0212963
0 0.65 0.835185 0.0333333 0.0509259
0 0.567708 0.701852 0.0395833 0.0722222
0 0.938542 0.416204 0.0364583 0.0625
0 0.584375 0.896296 0.0385417 0.0611111
0 0.726042 0.79213 0.0375 0.0740741
0 0.771354 0.546296 0.0385417 0.0685185
0 0.788542 0.738889 0.0354167 0.0685185
0 0.657812 0.830093 0.0489583 0.0611111
0 0.64375 0.833333 0.0208333 0.0509259
0 0.614583 0.0142361 0.0270833 0.0283565
0 0.642708 0.653704 0.0375 0.0666667
0 0.536328 0.934954 0.0294271 0.0412037
0 0.636979 0.828704 0.0145833 0.0435185
0 0.990625 0.582407 0.01875 0.0666667
0 0.6375 0.817593 0.0135417 0.0222222
1 0.625 0.0147859 0.0489583 0.029456
0 0.652083 0.649074 0.0583333 0.0759259
0 0.950521 0.413889 0.0583333 0.0666667
0 0.579687 0.698148 0.065625 0.0833333
0 0.802604 0.736111 0.065625 0.0814815
0 0.739062 0.7875 0.0645833 0.0842593
0 0.597917 0.889815 0.065625 0.0777778
0 0.713542 0.59537 0.0666667 0.0759259
0 0.877083 0.469444 0.0604167 0.0694444
0 0.878125 0.674074 0.0666667 0.0777778
0 0.784375 0.540278 0.0645833 0.0814815
0 0.625 0.0147859 0.0479167 0.0289352
0 0.988542 0.377778 0.0229167 0.0532407
0 0.99375 0.574537 0.0125 0.0462963
1 0.165625 0.197801 0.00729167 0.0155093
0 0.523438 0.95463 0.0572917 0.0851852
1 0.305729 0.812037 0.009375 0.012963
1 0.335938 0.623611 0.0104167 0.0222222
1 0.636458 0.816667 0.0145833 0.0222222
0 0.667708 0.825926 0.0729167 0.0685185
0 0.506771 0.962037 0.0208333 0.0703704
1 0.1625 0.196759 0.0125 0.0152778
1 0.506771 0.964815 0.0208333 0.0666667
1 0.270833 0.872222 0.0135417 0.0185185
0 0.671875 0.80787 0.05 0.0333333
0 0.625 0.0026765 0.05 0.00535301
1 0.822917 0.246296 0.0125 0.0148148
1 0.271875 0.635185 0.00729167 0.0185185
1 0.8125 0.127083 0.01875 0.0393519
0 0.636458 0.816667 0.0145833 0.0212963
1 0.99375 0.577315 0.0125 0.0527778
1 0.759375 0.616667 0.00625 0.00925926
1 0.919792 0.0105903 0.025 0.0210648
1 0.151172 0.209838 0.0119792 0.0178241
1 0.266927 0.871759 0.0208333 0.0194444
1 0.133854 0.278241 0.00807292 0.0148148
0 0.680729 0.80463 0.034375 0.0259259
0 0.526563 0.933102 0.053125 0.0412037
1 0.507031 0.986111 0.0192708 0.0240741
1 0.61875 0.833796 0.00833333 0.0194444
0 0.992969 0.575926 0.0140625 0.05
1 0.192448 0.281019 0.0114583 0.012963
0 0.713542 0.594444 0.0666667 0.0759259
0 0.878646 0.673148 0.0666667 0.0777778
0 0.579687 0.698148 0.065625 0.0833333
0 0.802604 0.734722 0.0645833 0.0805556
0 0.739062 0.787963 0.0635417 0.0851852
0 0.652083 0.65 0.05625 0.075
0 0.597396 0.889815 0.0645833 0.0759259
0 0.784375 0.539815 0.0625 0.0814815
0 0.95 0.41412 0.0583333 0.0666667
0 0.876562 0.468403 0.0604167 0.0724537
0 0.626042 0.0149016 0.0479167 0.0295718
0 0.523698 0.955556 0.0557292 0.0851852
0 0.988021 0.377315 0.0239583 0.0537037
0 0.99375 0.575 0.0125 0.0472222
0 0.663542 0.827778 0.0614583 0.0666667
1 0.636458 0.816204 0.0145833 0.0203704
0 0.636458 0.816204 0.0145833 0.0203704
0 0.618229 0.834259 0.009375 0.0203704
0 0.513281 0.962963 0.0338542 0.0703704
1 0.618229 0.834722 0.009375 0.0203704
0 0.54375 0.919444 0.0166667 0.0111111
0 0.533854 0.935417 0.0364583 0.0439815
3 0.0688802 0.00407986 0.0235677 0.00815972
0 0.506771 0.962963 0.0208333 0.0685185
3 0.064974 0.00440538 0.0132813 0.00881076
0 0.686458 0.796296 0.01875 0.0111111
0 0.609375 0.0146484 0.0166667 0.0291522
0 0.642708 0.837037 0.01875 0.0481481
0 0.802604 0.735648 0.0666667 0.0814815
0 0.652083 0.65 0.0583333 0.0759259
0 0.878125 0.673148 0.0666667 0.0759259
0 0.713542 0.593982 0.0666667 0.075
0 0.784375 0.541667 0.0645833 0.0814815
0 0.579687 0.697685 0.0645833 0.0842593
0 0.739062 0.787037 0.0635417 0.0833333
0 0.877083 0.468981 0.0625 0.0694444
0 0.597917 0.889815 0.065625 0.0759259
0 0.949479 0.414815 0.059375 0.0675926
0 0.626042 0.0142072 0.0479167 0.0281829
0 0.993229 0.576852 0.0125 0.0518519
0 0.514583 0.964815 0.0364583 0.0666667
0 0.988021 0.377778 0.0239583 0.0537037
1 0.811458 0.124421 0.01875 0.044213
0 0.527995 0.941667 0.0481771 0.0555556
0 0.524219 0.955556 0.0567708 0.0888889
1 0.636458 0.816204 0.0135417 0.0185185
0 0.650521 0.834722 0.0354167 0.0537037
0 0.54375 0.918981 0.0145833 0.0101852
0 0.645833 0.839815 0.025 0.0425926
0 0.683333 0.815741 0.0958333 0.05
1 0.805208 0.126273 0.0333333 0.0414352
0 0.665625 0.827778 0.0666667 0.0722222
1 0.993229 0.577315 0.0125 0.0509259
1 0.315885 0.768981 0.009375 0.0157407
0 0.922396 0.240046 0.0395833 0.0583333
0 0.636458 0.815741 0.0125 0.0194444
0 0.549089 1 0.101823 0
1 0.267448 0.872222 0.00885417 0.0157407
0 0.683854 0.799537 0.0229167 0.0157407
0 0.542708 0.925926 0.01875 0.0240741
1 0.269792 0.882407 0.0135417 0.037037
0 0.958854 0.59213 0.0822917 0.0342593
1 0.9875 0.377778 0.0229167 0.0537037
0 0.677083 0.803241 0.0375 0.0231481
0 0.473437 1 0.096875 0
0 0.573958 0.999537 0.101042 0.000925926
1 0.636979 0.822685 0.015625 0.0333333
0 0.528125 1 0.078125 0
0 0.969271 0.5875 0.0125 0.0240741
0 0.615625 1 0.0989583 0
0 0.686979 0.796296 0.0166667 0.00925926
0 0.656771 0.999074 0.0958333 0.00185185
1 0.30599 0.00454282 0.0104167 0.00850694
0 0.196354 0.825 0.0158854 0.0222222
1 0.166146 0.197917 0.0078125 0.0152778
0 0.680208 0.999537 0.09375 0.000925926
0 0.546875 0.921296 0.0145833 0.0148148
1 0.638542 0.83287 0.0145833 0.0509259
0 0.578125 0.908333 0.025 0.0361111
0 0.580208 0.699074 0.0645833 0.0833333
0 0.713542 0.59537 0.0666667 0.0740741
0 0.652604 0.65 0.0572917 0.0759259
0 0.739583 0.787963 0.0635417 0.0833333
0 0.597917 0.891667 0.065625 0.0777778
0 0.783854 0.541204 0.0635417 0.0796296
0 0.802604 0.735185 0.065625 0.0796296
0 0.878125 0.674074 0.0666667 0.0759259
0 0.95 0.414815 0.059375 0.0657407
0 0.876562 0.468981 0.0614583 0.0694444
0 0.524219 0.95463 0.0567708 0.0814815
0 0.626042 0.0144965 0.0489583 0.0289931
0 0.665625 0.825926 0.0666667 0.0703704
0 0.992708 0.576389 0.0125 0.0527778
0 0.9875 0.377083 0.0239583 0.0583333
0 0.648438 0.839815 0.03125 0.0407407
0 0.653125 0.833796 0.0395833 0.0546296
0 0.514583 0.959259 0.0375 0.0759259
1 0.305208 0.812037 0.009375 0.0148148
1 0.636458 0.817593 0.0145833 0.0222222
0 0.861458 0.497685 0.009375 0.0111111
0 0.635938 0.682407 0.00833333 0.0111111
0 0.639063 0.682407 0.00729167 0.0111111
0 0.991667 0.401389 0.0104167 0.0111111
0 0.854167 0.497685 0.0114583 0.0111111
0 0.58125 0.902315 0.0333333 0.0509259
0 0.864583 0.498148 0.00833333 0.0111111
0 0.560417 0.734259 0.00833333 0.00925926
0 0.642708 0.682407 0.00729167 0.0111111
0 0.633333 0.682407 0.0166667 0.0111111
0 0.866667 0.497685 0.00833333 0.0111111
0 0.564583 0.734259 0.00833333 0.0111111
0 0.507812 0.993519 0.009375 0.00925926
0 0.50625 0.989815 0.0130208 0.0148148
0 0.99375 0.400926 0.00833333 0.012037
0 0.69375 0.624537 0.00833333 0.012037
0 0.509375 0.988889 0.00625 0.0148148
0 0.867708 0.705556 0.00729167 0.012037
0 0.6375 0.822222 0.0145833 0.0361111
0 0.555208 0.734259 0.0125 0.00925926
0 0.509375 0.993519 0.00625 0.0111111
0 0.764583 0.573611 0.0208333 0.012963
0 0.504687 0.993519 0.0125 0.00925926
0 0.864583 0.705556 0.00833333 0.0111111
0 0.861458 0.705556 0.00833333 0.0111111
0 0.645312 0.853704 0.0239583 0.012963
0 0.68125 0.800926 0.03125 0.0212963
0 0.782812 0.766667 0.025 0.0148148
0 0.513542 0.984259 0.0354167 0.0222222
0 0.870833 0.497685 0.00729167 0.0111111
1 0.61875 0.834722 0.00833333 0.0203704
0 0.645833 0.682407 0.00833333 0.0111111
0 0.567708 0.733333 0.00729167 0.0111111
0 0.514063 0.994444 0.00833333 0.0111111
0 0.582292 0.920833 0.009375 0.012963
0 0.786458 0.77037 0.00833333 0.00925926
0 0.697396 0.624537 0.00833333 0.012037
0 0.671354 0.811111 0.0510417 0.0425926
0 0.51875 0.994444 0.00885417 0.0111111
0 0.871354 0.705556 0.00729167 0.012963
0 0.626562 0.00179398 0.034375 0.00358796
0 0.511458 0.974074 0.0302083 0.0444444
0 0.876042 0.498148 0.00625 0.0111111
1 0.335677 0.622685 0.0109375 0.0222222
0 0.782812 0.77037 0.0104167 0.0101852
0 0.792708 0.769907 0.00833333 0.0101852
0 0.636458 0.817593 0.0145833 0.0222222
0 0.996875 0.599074 0.00416667 0.00925926
0 0.875 0.705556 0.00625 0.012963
0 0.789062 0.77037 0.00833333 0.0101852
0 0.9875 0.399537 0.0208333 0.0138889
0 0.522917 0.994444 0.00729167 0.0111111
0 0.723958 0.823148 0.00833333 0.0111111
0 0.576563 0.92037 0.0208333 0.012963
0 1 0.576389 0 0.0592593
0 0.689583 0.624537 0.015625 0.012037
0 0.796875 0.769907 0.00625 0.0101852
1 0.6375 0.822222 0.0145833 0.0361111
0 0.729167 0.823148 0.00833333 0.0111111
0 0.5125 0.988889 0.00833333 0.0148148
0 0.726042 0.823148 0.00833333 0.0111111
0 0.76875 0.574074 0.0125 0.012963
0 0.517708 0.988889 0.009375 0.0148148
0 0.766667 0.577315 0.0104167 0.00833333
0 0.993229 0.374537 0.0135417 0.062037
0 0.797917 0.538889 0.0354167 0.075
0 0.995313 0.6 0.00833333 0.0111111
0 0.529167 0.994444 0.00416667 0.0111111
0 0.936979 0.443981 0.009375 0.00787037
0 0.769792 0.576852 0.00833333 0.00925926
0 0.932813 0.439815 0.021875 0.012963
0 0.527995 0.994444 0.00859375 0.0111111
0 0.995833 0.400463 0.00625 0.0111111
0 0.701042 0.625 0.00833333 0.0111111
0 0.800521 0.769907 0.00625 0.0101852
0 0.571354 0.733333 0.00729167 0.0111111
1 0.267188 0.873148 0.009375 0.0185185
0 0.889063 0.46713 0.0375 0.0666667
0 0.648958 0.853704 0.0125 0.012963
0 0.61875 0.835185 0.009375 0.0222222
0 0.856771 0.705556 0.0135417 0.0111111
0 0.529688 0.99537 0.0145833 0.00740741
0 0.855729 0.497222 0.0177083 0.012963
0 0.734375 0.823148 0.00625 0.0111111
0 0.939583 0.443519 0.00833333 0.00833333
0 0.685938 0.797222 0.0208333 0.012963
0 0.619792 0.00127315 0.025 0.0025463
0 0.534375 0.994444 0.00833333 0.0111111
0 0.65 0.681944 0.00833333 0.012037
0 0.738542 0.822685 0.00833333 0.0111111
0 0.635417 0.00163484 0.0260417 0.00326968
0 0.995833 0.589815 0.00625 0.0240741
0 0.778646 0.768519 0.0145833 0.012963
0 0.933333 0.443519 0.0125 0.00833333
1 0.646875 0.833333 0.0291667 0.0555556
0 0.698958 0.627778 0.0104167 0.00833333
1 0.315885 0.769907 0.00989583 0.0166667
0 0.721875 0.819444 0.0291667 0.0166667
0 0.677083 0.80463 0.0395833 0.0287037
0 0.995833 0.577778 0.00833333 0.0555556
0 0.576042 0.733333 0.00625 0.0111111
0 0.995833 0.396759 0.00625 0.0171296
0 0.772396 0.576852 0.00729167 0.00925926
0 0.879687 0.705093 0.00833333 0.012963
0 0.701563 0.627778 0.00833333 0.00833333
0 0.803125 0.736574 0.065625 0.0805556
0 0.878125 0.674074 0.0666667 0.0777778
0 0.713542 0.594444 0.0645833 0.0722222
0 0.579687 0.697222 0.0645833 0.0833333
0 0.784375 0.541667 0.0645833 0.0814815
0 0.652083 0.65 0.05625 0.0759259
0 0.877083 0.468981 0.0625 0.0703704
0 0.95 0.414815 0.059375 0.0675926
0 0.739583 0.787963 0.0625 0.087037
0 0.597917 0.889815 0.0645833 0.0759259
0 0.626562 0.0144387 0.05 0.0285301
0 0.99375 0.575926 0.0125 0.05
0 0.52487 0.956481 0.0585938 0.0851852
1 0.270312 0.872685 0.0145833 0.0194444
0 0.988021 0.377546 0.0239583 0.0555556
1 0.635938 0.816667 0.0135417 0.0203704
1 0.305729 0.811111 0.0104167 0.0138889
1 0.269792 0.8875 0.0166667 0.0481481
1 0.335677 0.623148 0.0109375 0.0222222
1 0.61875 0.834259 0.0104167 0.0203704
1 0.636979 0.823148 0.0145833 0.0351852
0 0.665625 0.827315 0.0666667 0.075
1 0.305729 0.815741 0.0104167 0.0240741
1 0.642708 0.835185 0.0208333 0.0537037
1 0.305729 0.807407 0.0114583 0.0203704
1 0.266927 0.874074 0.0171875 0.0185185
0 0.61875 0.835185 0.0104167 0.0222222
0 0.783854 0.540741 0.0645833 0.0796296
0 0.579687 0.697222 0.065625 0.0814815
0 0.739583 0.7875 0.0645833 0.0842593
0 0.713542 0.593518 0.0666667 0.075
0 0.803125 0.735185 0.065625 0.0796296
0 0.878125 0.674074 0.0666667 0.0768519
0 0.652083 0.65 0.0583333 0.0759259
0 0.597917 0.888889 0.065625 0.0759259
0 0.95 0.414352 0.0604167 0.0685185
0 0.877083 0.468056 0.0625 0.0694444
0 0.664583 0.826852 0.0645833 0.0703704
0 0.523698 0.956481 0.0557292 0.087037
0 0.625521 0.0144097 0.0489583 0.0288194
0 0.988021 0.377778 0.0239583 0.0541667
0 0.992708 0.576852 0.0145833 0.0518519
0 0.513802 0.972222 0.0348958 0.0537037
1 0.618229 0.834259 0.009375 0.0203704
1 0.636458 0.81713 0.0135417 0.0212963
0 0.613542 0.0143808 0.025 0.0287616
0 0.54375 0.918519 0.015625 0.00833333
1 0.335938 0.623148 0.0109375 0.0222222
0 0.530729 0.940741 0.0427083 0.0537037
1 0.323958 0.660185 0.0114583 0.0185185
1 0.315885 0.769444 0.00989583 0.0166667
0 0.505729 0.972222 0.01875 0.0518519
0 0.702083 0.960185 0.0666667 0.0796296
2 0.949479 0.414815 0.0604167 0.0666667
0 0.996875 0.585185 0.00625 0.037037
1 0.270052 0.872685 0.0125 0.0185185
0 0.61875 0.835185 0.0104167 0.0222222
0 0.579687 0.697685 0.0645833 0.0824074
0 0.802604 0.735185 0.065625 0.0796296
0 0.878125 0.674074 0.0666667 0.0759259
0 0.739583 0.787037 0.0645833 0.0833333
0 0.597917 0.888889 0.0645833 0.0740741
0 0.713542 0.594907 0.0666667 0.0722222
0 0.652083 0.65 0.05625 0.0759259
0 0.877083 0.468634 0.0604167 0.0701389
0 0.783333 0.541667 0.0635417 0.0796296
0 0.95 0.414815 0.0604167 0.0648148
0 0.625521 0.0146701 0.0479167 0.0293403
0 0.992708 0.575 0.0145833 0.0509259
0 0.988542 0.378241 0.0229167 0.0537037
1 0.305469 0.811574 0.00989583 0.0138889
1 0.634375 0.817593 0.0125 0.0222222
1 0.335417 0.623148 0.009375 0.0222222
0 1 0.56713 0 0.0666667
0 0.664583 0.825463 0.0666667 0.0703704
0 0.525521 0.957639 0.0572917 0.0847222
1 0.618229 0.834259 0.00833333 0.0194444
0 0.994792 0.585185 0.0104167 0.0740741
0 1 0.36875 0 0.0814815
0 1 0.590741 0 0.087037
0 0.802604 0.735648 0.065625 0.0787037
0 0.878125 0.674537 0.0666667 0.0759259
0 0.713542 0.594444 0.0666667 0.0740741
0 0.579687 0.697685 0.0645833 0.0824074
0 0.739583 0.787037 0.0625 0.0842593
0 0.652083 0.650463 0.05625 0.0759259
0 0.783333 0.541667 0.0645833 0.0777778
0 0.948958 0.414583 0.0604167 0.0662037
0 0.597917 0.885648 0.0645833 0.0657407
0 0.876562 0.468981 0.0625 0.0712963
0 0.625521 0.014634 0.0489583 0.0290654
0 0.992708 0.575 0.0125 0.05
0 0.524219 0.955787 0.0567708 0.0884259
0 0.988021 0.377083 0.0239583 0.0555556
1 0.636458 0.817593 0.0145833 0.0222222
0 0.683854 0.805556 0.028125 0.0296296
0 0.636458 0.818519 0.0135417 0.0231481
0 0.625 0.00898437 0.05 0.0179687
1 0.992708 0.575 0.0125 0.0481481
0 0.994792 0.572222 0.00833333 0.0444444
0 0.6625 0.827778 0.059375 0.0685185
0 0.580208 0.698148 0.0645833 0.0824074
0 0.803125 0.736111 0.0666667 0.0805556
0 0.713021 0.594907 0.0666667 0.0759259
0 0.652083 0.650463 0.0583333 0.0759259
0 0.878125 0.674074 0.0677083 0.0759259
0 0.739583 0.787963 0.0645833 0.0833333
0 0.784375 0.539815 0.0645833 0.0833333
0 0.876042 0.468519 0.0625 0.0731481
0 0.597917 0.889352 0.0645833 0.075
0 0.95 0.415278 0.0604167 0.0657407
0 0.625521 0.0149595 0.0489583 0.0296875
0 0.9875 0.378472 0.0229167 0.0537037
0 0.992708 0.575 0.0125 0.0444444
0 0.523958 0.955556 0.05625 0.0851852
0 0.683854 0.801852 0.0270833 0.0203704
0 0.64375 0.839815 0.0208333 0.0388889
0 0.650521 0.836111 0.034375 0.0481481
0 0.511719 0.962963 0.0307292 0.0685185
1 0.635417 0.816667 0.0125 0.0203704
0 0.542708 0.918519 0.0177083 0.0111111
0 0.528646 0.938889 0.046875 0.05
0 0.677604 0.80463 0.0145833 0.0185185
0 0.402344 0.736574 0.0244792 0.142593
0 0.673958 0.805556 0.00729167 0.0166667
0 0.636458 0.816667 0.0125 0.0203704
0 0.655208 0.825926 0.04375 0.0675926
0 0.638021 0.824074 0.0145833 0.0388889
2 0.770833 0.128935 0.0333333 0.0796296
0 0.542708 0.921296 0.0197917 0.0148148
0 0.505729 0.968518 0.0177083 0.0574074
0 0.436719 0.736574 0.0963542 0.147222
1 0.625 0.0150174 0.0479167 0.0300347
0 0.579687 0.698148 0.0645833 0.0814815
0 0.878125 0.674537 0.0666667 0.0768519
0 0.713542 0.594907 0.0666667 0.0731481
0 0.802604 0.735185 0.065625 0.0796296
0 0.652083 0.65 0.0583333 0.0759259
0 0.597917 0.890278 0.0645833 0.0740741
0 0.739583 0.788426 0.0635417 0.0842593
0 0.877083 0.469444 0.0625 0.0703704
0 0.625521 0.0146918 0.0489583 0.0290654
0 0.784375 0.540278 0.0645833 0.0814815
0 0.95 0.414815 0.0604167 0.0657407
0 0.992708 0.574074 0.0145833 0.0462963
1 0.305469 0.812037 0.009375 0.012963
0 0.988542 0.377315 0.0229167 0.0537037
0 0.523958 0.957407 0.0552083 0.0851852
0 0.684375 0.806019 0.025 0.0287037
0 0.528646 0.942361 0.0447917 0.0560185
0 0.636458 0.815741 0.0125 0.0203704
0 0.655208 0.831481 0.04375 0.0592593
0 0.644271 0.835185 0.021875 0.0518519
0 0.515104 0.963889 0.0364583 0.0722222
0 0.638542 0.832407 0.0125 0.0527778
1 0.636458 0.815741 0.0125 0.0185185
0 0.305729 0.812037 0.009375 0.0148148
0 0.921354 0 0.113542 0
0 0.652083 0.650463 0.0583333 0.075
0 0.802604 0.735648 0.065625 0.0796296
0 0.579687 0.698148 0.0645833 0.0814815
0 0.713542 0.594444 0.0666667 0.0740741
0 0.878646 0.674074 0.0677083 0.0759259
0 0.876562 0.468981 0.0625 0.0703704
0 0.738542 0.787963 0.0645833 0.0842593
0 0.783854 0.538426 0.0645833 0.0861111
0 0.597917 0.890278 0.0645833 0.0768519
0 0.95 0.414815 0.0604167 0.0666667
0 0.625 0.0149016 0.0479167 0.0298032
0 0.524479 0.956481 0.05625 0.0851852
0 0.988021 0.377083 0.0239583 0.0550926
0 0.993229 0.574074 0.0135417 0.05
0 0.663542 0.826852 0.0625 0.0703704
1 0.335938 0.623148 0.0114583 0.0240741
1 0.305469 0.811111 0.009375 0.012963
0 1 0.573148 0 0.0518519
0 0.803125 0.736111 0.0666667 0.0814815
0 0.652083 0.65 0.0572917 0.0759259
0 0.580208 0.698148 0.0645833 0.0833333
0 0.713542 0.594907 0.0666667 0.0740741
0 0.879167 0.674074 0.0666667 0.0777778
0 0.784375 0.541667 0.0645833 0.0796296
0 0.739583 0.788426 0.0635417 0.0851852
0 0.95 0.415278 0.0583333 0.0657407
0 0.597917 0.889815 0.065625 0.0759259
0 0.877083 0.468634 0.0625 0.0719907
0 0.625521 0.0147859 0.0489583 0.0295718
0 0.525 0.956481 0.0572917 0.087037
0 0.665625 0.825926 0.0645833 0.0685185
0 0.988021 0.37662 0.0239583 0.0569444
0 0.993229 0.576852 0.0135417 0.0537037
0 0.683854 0.80463 0.0291667 0.0277778
0 0.673958 0.805093 0.0479167 0.0277778
1 0.636458 0.815741 0.0125 0.0185185
0 0.580208 0.698148 0.0645833 0.0814815
0 0.713542 0.594444 0.065625 0.0722222
0 0.784375 0.541667 0.0645833 0.0796296
0 0.652083 0.65 0.05625 0.0759259
0 0.803125 0.735648 0.065625 0.0796296
0 0.739583 0.787037 0.0645833 0.0833333
0 0.879167 0.673148 0.0666667 0.0740741
0 0.597917 0.889815 0.0645833 0.075
0 0.95 0.415278 0.0583333 0.0666667
0 0.877083 0.468981 0.0625 0.0722222
0 0.625521 0.0148727 0.0489583 0.0296296
0 0.99375 0.573148 0.0125 0.0425926
0 0.988542 0.376852 0.0229167 0.0560185
1 0.335677 0.623148 0.0109375 0.0222222
0 0.523958 0.956481 0.05625 0.087037
1 0.61875 0.834722 0.00833333 0.0203704
0 0.665625 0.827315 0.0666667 0.0675926
1 0.636458 0.816667 0.0135417 0.0203704
1 0.305729 0.812037 0.0104167 0.0148148
0 0.61875 0.834259 0.009375 0.0185185
0 0.644792 0.830556 0.025 0.0592593
0 0.653646 0.82963 0.0416667 0.0611111
0 0.636458 0.816667 0.0125 0.0212963
1 0.323438 0.659259 0.009375 0.0166667
0 0.580208 0.698148 0.0645833 0.0814815
0 0.803125 0.735185 0.0666667 0.0796296
0 0.783854 0.541204 0.0645833 0.0796296
0 0.878125 0.673148 0.0666667 0.075
0 0.739583 0.787037 0.0645833 0.0833333
0 0.713542 0.594444 0.065625 0.0740741
0 0.652083 0.650463 0.0572917 0.0759259
0 0.949479 0.414815 0.0604167 0.0666667
0 0.597917 0.889352 0.0645833 0.075
0 0.877083 0.468519 0.0625 0.0712963
0 0.625521 0.014728 0.0489583 0.0287037
0 0.988021 0.378472 0.0239583 0.0523148
0 0.992708 0.573611 0.0125 0.0462963
0 0.523958 0.955556 0.05625 0.0851852
0 0.655729 0.828704 0.0447917 0.062963
0 0.641667 0.0136285 0.015625 0.0258102
0 0.64375 0.8375 0.0208333 0.0462963
0 0.992708 0.583333 0.0145833 0.0638889
0 0.652083 0.650926 0.0572917 0.0759259
0 0.739583 0.7875 0.0635417 0.0824074
0 0.597917 0.889815 0.0645833 0.0740741
0 0.580208 0.697685 0.0645833 0.0805556
0 0.713542 0.594907 0.0666667 0.0731481
0 0.877083 0.468981 0.0625 0.0712963
0 0.878646 0.673611 0.0666667 0.075
0 0.803125 0.735185 0.0645833 0.0796296
0 0.95 0.414815 0.059375 0.0652778
0 0.783333 0.541204 0.0645833 0.0796296
0 0.625 0.0152778 0.0479167 0.029456
0 0.524219 0.956481 0.0557292 0.0851852
0 0.992708 0.575 0.0125 0.0462963
0 0.661458 0.828704 0.05625 0.0648148
0 0.64375 0.841204 0.0208333 0.0398148
0 0.9875 0.378935 0.025 0.0518519
0 0.625 0.00432581 0.05 0.00865162
0 0.686458 0.802778 0.0229167 0.0222222
0 0.683333 0.806944 0.0291667 0.0314815
0 0.688542 0.799537 0.01875 0.0157407
0 0.529167 0.937037 0.04375 0.0462963
1 0.636458 0.816667 0.0135417 0.0203704
0 0.636458 0.816667 0.0125 0.0203704
0 0.651042 0.831481 0.0354167 0.0592593
0 0.803125 0.735648 0.0666667 0.0796296
0 0.580208 0.698148 0.0645833 0.0814815
0 0.878646 0.673611 0.0666667 0.0759259
0 0.652083 0.65 0.0572917 0.0759259
0 0.713542 0.594444 0.0666667 0.0740741
0 0.95 0.415278 0.0604167 0.0662037
0 0.739583 0.787037 0.0645833 0.0851852
0 0.783333 0.541667 0.0645833 0.0796296
0 0.597917 0.888889 0.0645833 0.0740741
0 0.877083 0.468403 0.0625 0.0706019
0 0.625521 0.0149812 0.0489583 0.0294126
0 0.992708 0.573148 0.0125 0.0453704
0 0.523958 0.956481 0.05625 0.0851852
0 0.9875 0.378241 0.0229167 0.0527778
0 0.655729 0.827778 0.0458333 0.0648148
0 0.686979 0.799074 0.021875 0.0148148
0 0.6875 0.796759 0.01875 0.0111111
0 0.685417 0.802778 0.025 0.0222222
0 0.652083 0.65 0.0583333 0.0740741
0 0.802604 0.735185 0.065625 0.0805556
0 0.579687 0.697685 0.0645833 0.0814815
0 0.713542 0.594444 0.0666667 0.0740741
0 0.949479 0.414815 0.059375 0.0666667
0 0.878125 0.673148 0.0666667 0.0759259
0 0.739583 0.787037 0.0635417 0.0833333
0 0.783333 0.541667 0.0645833 0.0796296
0 0.597917 0.888889 0.0645833 0.0740741
0 0.877083 0.468056 0.0625 0.0712963
0 0.625521 0.0145761 0.0489583 0.0288339
0 0.992708 0.575463 0.0135417 0.0453704
0 0.523438 0.956481 0.0552083 0.0851852
0 0.9875 0.378704 0.0229167 0.0527778
0 0.655208 0.829167 0.04375 0.0638889
0 0.6875 0.8 0.01875 0.0166667
0 0.6875 0.803241 0.0229167 0.0240741
0 0.644792 0.835185 0.0229167 0.0518519
0 0.580208 0.697222 0.0645833 0.0814815
0 0.713542 0.593982 0.0666667 0.075
0 0.652083 0.65 0.0583333 0.075
0 0.803125 0.735185 0.0645833 0.0796296
0 0.95 0.415046 0.059375 0.0662037
0 0.783333 0.541667 0.0645833 0.0796296
0 0.739583 0.7875 0.0645833 0.0842593
0 0.879167 0.673148 0.0666667 0.0740741
0 0.597917 0.889815 0.065625 0.0759259
0 0.877083 0.468519 0.0625 0.0712963
0 0.626042 0.0147859 0.05 0.0293981
0 0.524219 0.956481 0.0557292 0.0851852
0 0.992708 0.574537 0.0125 0.0453704
0 0.988542 0.378241 0.0229167 0.0527778
0 0.663542 0.825926 0.0604167 0.0703704
0 0.685938 0.80463 0.0229167 0.0259259
0 0.644271 0.834259 0.021875 0.0555556
0 0.686458 0.799537 0.0208333 0.0157407
0 0.195443 0.825 0.0138021 0.0203704
0 0.713542 0.594444 0.0666667 0.0740741
0 0.579687 0.698148 0.0645833 0.0814815
0 0.652083 0.65 0.0583333 0.0759259
0 0.803125 0.735185 0.0645833 0.0796296
0 0.878646 0.673611 0.0666667 0.0759259
0 0.597917 0.889815 0.0645833 0.0740741
0 0.783854 0.541667 0.0645833 0.0796296
0 0.739583 0.787963 0.0645833 0.0842593
0 0.95 0.414815 0.059375 0.0666667
0 0.877083 0.468519 0.0625 0.0722222
0 0.625521 0.0151114 0.0489583 0.0294994
0 0.523958 0.956481 0.05625 0.0851852
0 0.992708 0.575 0.0125 0.0462963
0 0.664583 0.825926 0.0625 0.0703704
0 0.988021 0.378935 0.0239583 0.0523148
0 0.685938 0.803704 0.0229167 0.0240741
1 0.636458 0.816667 0.0135417 0.0222222
0 0.803125 0.736111 0.0645833 0.0814815
0 0.579687 0.698148 0.0645833 0.0814815
0 0.652083 0.65 0.0572917 0.0759259
0 0.713542 0.594444 0.065625 0.0740741
0 0.95 0.414583 0.0604167 0.0662037
0 0.783333 0.541667 0.0645833 0.0796296
0 0.878646 0.673611 0.0666667 0.075
0 0.739583 0.787037 0.0645833 0.0833333
0 0.597917 0.889352 0.065625 0.075
0 0.877083 0.468519 0.0625 0.0722222
0 0.625 0.0149378 0.0479167 0.0291522
0 0.992708 0.576852 0.0135417 0.0481481
0 0.664062 0.827315 0.0625 0.0685185
0 0.988021 0.378472 0.0239583 0.0527778
0 0.524479 0.957407 0.0552083 0.0851852
0 0.686458 0.801852 0.0208333 0.0185185
0 0.510677 0.994444 0.00833333 0.0111111
0 0.652083 0.65 0.0572917 0.0740741
0 0.803125 0.736111 0.0645833 0.0805556
0 0.713542 0.594444 0.065625 0.0740741
0 0.580208 0.697685 0.0645833 0.0814815
0 0.95 0.414815 0.059375 0.0657407
0 0.878646 0.674074 0.0666667 0.0759259
0 0.783333 0.541204 0.0645833 0.0796296
0 0.597917 0.889815 0.0645833 0.0740741
0 0.739583 0.7875 0.0645833 0.0833333
0 0.625521 0.0149595 0.0489583 0.0295718
0 0.877083 0.468519 0.0625 0.0712963
0 0.992708 0.575463 0.0135417 0.0462963
0 0.9875 0.377778 0.0229167 0.0532407
0 0.524479 0.956481 0.0552083 0.0851852
0 0.664583 0.827778 0.0635417 0.0685185
0 0.66875 0.811111 0.0583333 0.0388889
1 0.636458 0.816667 0.0135417 0.0222222
0 0.652083 0.65 0.0572917 0.075
0 0.803125 0.735648 0.0645833 0.0805556
0 0.580208 0.697685 0.0645833 0.0814815
0 0.95 0.414815 0.059375 0.0666667
0 0.713542 0.594444 0.0666667 0.0740741
0 0.783333 0.541667 0.0645833 0.0796296
0 0.878646 0.674074 0.0666667 0.0759259
0 0.597917 0.888889 0.0645833 0.0740741
0 0.739583 0.787037 0.0635417 0.0833333
0 0.877083 0.468519 0.0625 0.0712963
0 0.625521 0.0149233 0.0489583 0.0291811
0 0.992708 0.575926 0.0125 0.0462963
0 0.988021 0.378241 0.0239583 0.0527778
0 0.524219 0.956481 0.0546875 0.0851852
0 0.657812 0.827778 0.0489583 0.0666667
0 0.671875 0.811111 0.0520833 0.0388889
1 0.636458 0.816667 0.0135417 0.0222222
0 0.686458 0.800926 0.021875 0.0166667
0 0.803125 0.736111 0.0645833 0.0796296
0 0.579687 0.698148 0.0645833 0.0814815
0 0.652083 0.65 0.0583333 0.075
0 0.783333 0.541667 0.0645833 0.0796296
0 0.713542 0.594444 0.065625 0.0731481
0 0.95 0.414815 0.059375 0.0662037
0 0.878646 0.674074 0.0666667 0.0759259
0 0.877083 0.468519 0.0625 0.0712963
0 0.597917 0.888889 0.065625 0.0731481
0 0.739583 0.787037 0.0645833 0.0833333
0 0.625521 0.0148655 0.0489583 0.0291811
0 0.992708 0.575926 0.0125 0.0462963
0 0.663542 0.827778 0.0625 0.0666667
0 0.988021 0.378241 0.0239583 0.0527778
0 0.523958 0.956481 0.0552083 0.0851852
0 0.675 0.809259 0.0458333 0.0351852
0 0.685417 0.8 0.0229167 0.0166667
1 0.636458 0.816667 0.0135417 0.0222222
0 0.803125 0.736111 0.0645833 0.0796296
0 0.579687 0.698148 0.0645833 0.0814815
0 0.652083 0.65 0.0583333 0.075
0 0.783333 0.541667 0.0645833 0.0796296
0 0.713542 0.594444 0.065625 0.0731481
0 0.95 0.414815 0.059375 0.0662037
0 0.878646 0.674074 0.0666667 0.0759259
0 0.877083 0.468519 0.0625 0.0712963
0 0.597917 0.888889 0.065625 0.0731481
0 0.739583 0.787037 0.0645833 0.0833333
0 0.625521 0.0148655 0.0489583 0.0291811
0 0.992708 0.575926 0.0125 0.0462963
0 0.663542 0.827778 0.0625 0.0666667
0 0.988021 0.378241 0.0239583 0.0527778
0 0.523958 0.956481 0.0552083 0.0851852
0 0.675 0.809259 0.0458333 0.0351852
0 0.685417 0.8 0.0229167 0.0166667
1 0.636458 0.816667 0.0135417 0.0222222
