0 0.692708 0.498958 0.0354167 0.111343
0 0.122135 0.113889 0.0536458 0.0631944
0 0.130762 0.15625 0.0421224 0.0569444
0 0.0684896 0.360185 0.0565104 0.0837963
0 0.185156 0.673148 0.0703125 0.1
0 0.144564 0.292593 0.0567057 0.0814815
0 0.108789 0.0856481 0.0610677 0.0625
1 0.29349 0.0126664 0.0109375 0.0246672
0 0.236198 0.215741 0.0328125 0.050463
1 0.644792 0.787037 0.0145833 0.0555556
0 0.645312 0.787037 0.0145833 0.0555556
1 0.434115 0.443981 0.00989583 0.0157407
0 0.713542 0.762963 0.0125 0.0240741
1 0.713542 0.762963 0.0125 0.0240741
1 0.536458 0.00480324 0.0104167 0.00856481
0 0.210677 0.00746528 0.0177083 0.0135995
0 0.536458 0.00480324 0.0104167 0.00856481
0 0.29349 0.0126085 0.0109375 0.0248987
0 0.155599 0.00632234 0.0171875 0.0118345
1 0.129915 0.156134 0.0412109 0.0571759
3 0.0683757 0.360648 0.0562174 0.0851852
0 0.578646 0.00462963 0.00833333 0.00810185
1 0.578646 0.00462963 0.00833333 0.00810185
1 0.235677 0.215741 0.0338542 0.0509259
3 0.144401 0.292824 0.0557292 0.0796296
2 0.185417 0.672685 0.0697917 0.0990741
1 0.122786 0.113773 0.0520833 0.0634259
2 0.0679687 0.360417 0.0565104 0.0837963
2 0.692708 0.5 0.0375 0.112037
3 0.185417 0.672222 0.0695312 0.1
3 0.692708 0.499537 0.0375 0.112963
3 0.708333 0.344444 0.125 0.207407
0 0.112109 0.0987847 0.0658854 0.0383102
0 0.69375 0.499884 0.0375 0.113194
0 0.186328 0.672685 0.0703125 0.100926
0 0.0684896 0.359722 0.0565104 0.0833333
0 0.144531 0.291667 0.0567708 0.0814815
0 0.109505 0.0842593 0.0625 0.0631944
0 0.127604 0.15463 0.0356771 0.0569444
0 0.12194 0.112992 0.0545573 0.0661458
1 0.714063 0.762963 0.0125 0.0240741
1 0.645833 0.786574 0.0166667 0.0574074
0 0.0955078 0.087037 0.0345052 0.0587963
0 0.645833 0.787037 0.0166667 0.0574074
1 0.29375 0.0119502 0.0114583 0.0239005
0 0.241927 0.215278 0.0226563 0.05
0 0.0600098 0.365741 0.0390951 0.0703704
0 0.134505 0.29537 0.0364583 0.0731481
0 0.11237 0.0988426 0.06875 0.0694444
0 0.235677 0.216204 0.0338542 0.0537037
0 0.169401 0.669444 0.0372396 0.0962963
0 0.714063 0.762963 0.0125 0.0240741
1 0.24362 0.214815 0.0192708 0.0490741
1 0.127474 0.15463 0.0364583 0.0569444
0 0.0684245 0.359491 0.0575521 0.0824074
0 0.144043 0.291667 0.0556641 0.0819444
0 0.107747 0.0847801 0.0592448 0.0626157
0 0.113932 0.111458 0.0726563 0.0710648
0 0.692708 0.499074 0.0375 0.114815
1 0.714583 0.762963 0.0125 0.0240741
0 0.185677 0.673148 0.0708333 0.105556
0 0.236198 0.213889 0.0348958 0.049537
0 0.130339 0.155324 0.0427083 0.0578704
1 0.434375 0.443981 0.00989583 0.0157407
0 0.645833 0.786111 0.0145833 0.0592593
1 0.645833 0.786111 0.015625 0.0574074
1 0.434375 0.449074 0.0104167 0.0268519
1 0.535937 0.00467303 0.0104167 0.00934607
1 0.601042 0.233796 0.00833333 0.0240741
1 0.292188 0.00791377 0.00885417 0.0153067
1 0.196354 0.77037 0.00833333 0.0111111
1 0.267448 0.0898148 0.00885417 0.0134259
1 0.224479 0.533333 0.0200521 0.0185185
1 0.0780599 0.0304109 0.0108073 0.0146412
1 0.210807 0.00753762 0.0182292 0.014728
1 0.183594 0.764815 0.0078125 0.012963
1 0.0379557 0.121528 0.0145833 0.0263889
0 0.210807 0.00753762 0.0182292 0.014728
1 0.29349 0.0121817 0.0114583 0.0239005
1 0.619792 0.211343 0.00625 0.012963
1 0.578125 0.00402922 0.00833333 0.00805845
1 0.447917 0.936806 0.0302083 0.0300926
1 0.190234 0.768981 0.0200521 0.0148148
1 0.645833 0.774074 0.0145833 0.0333333
0 0.130208 0.990741 0.00989583 0.0185185
0 0.185937 0.671759 0.0692708 0.1
0 0.113411 0.0988426 0.0705729 0.0939815
0 0.0684245 0.360185 0.056901 0.0842593
0 0.692708 0.498611 0.0375 0.112963
0 0.145573 0.29213 0.0580729 0.0814815
0 0.645833 0.786574 0.0145833 0.0583333
0 0.132552 0.156019 0.0460938 0.062963
0 0.118359 0.119184 0.0611979 0.073206
0 0.22474 0.53287 0.0177083 0.0148148
0 0.645833 0.775926 0.0125 0.0351852
0 0.125488 0.134606 0.0281901 0.0252315
1 0.698958 0.110532 0.0104167 0.0178241
1 0.714583 0.762963 0.0125 0.0240741
0 0.233333 0.215278 0.040625 0.0518519
1 0.0375326 0.122917 0.013737 0.0263889
0 0.108724 0.0835648 0.0601562 0.0625
1 0.130208 0.990741 0.00989583 0.0185185
0 0.130339 0.990741 0.00989583 0.0185185
1 0.707292 0.765741 0.116667 0.137037
1 0.601042 0.232639 0.00833333 0.0212963
0 0.676042 0.50081 0.0729167 0.115046
1 0.291927 0.00604745 0.00885417 0.011169
1 0.536458 0.00451389 0.0104167 0.00833333
0 0.652083 0.535648 0.135417 0.208333
1 0.645833 0.775926 0.0125 0.0351852
0 0 0.324074 0 0.114352
1 0.210677 0.00789931 0.0200521 0.0150463
0 0.186198 0.672685 0.0713542 0.102778
0 0.113672 0.114236 0.071875 0.0615741
0 0.692708 0.49919 0.0375 0.114583
0 0.0688965 0.360185 0.0577799 0.0824074
0 0.144271 0.29213 0.0559896 0.0824074
1 0.714583 0.763426 0.0125 0.025
1 0.292188 0.00980903 0.009375 0.0196181
0 0.128613 0.15787 0.0386068 0.0606481
0 0.645312 0.786111 0.0145833 0.0592593
1 0.601042 0.234259 0.0104167 0.024537
0 0.208854 0.215509 0.0890625 0.0564815
1 0.645312 0.786111 0.0145833 0.0592593
1 0.0376302 0.124074 0.0135417 0.0298611
0 0.141536 0.157639 0.0643229 0.0625
1 0.290104 0.0100116 0.015625 0.0190394
0 0.590625 0.246528 0.0854167 0.0541667
1 0.433333 0.452315 0.0125 0.0361111
0 0.0566406 0.0291377 0.103906 0.0570023
0 0.240625 0.00500579 0.0171875 0.00960648
0 0.210286 0.0057581 0.0182292 0.0114005
0 0.108984 0.0984954 0.0627604 0.0909722
0 0.582812 0.2375 0.0677083 0.0328704
0 0.127474 0.136343 0.0367187 0.0189815
1 0.206641 0.00584491 0.0111979 0.0112847
1 0.0785156 0.0186632 0.00976562 0.0337384
0 0.154427 0.00581597 0.021875 0.0114005
0 0.00747884 0.0264178 0.0147298 0.0520255
0 0.186198 0.671296 0.0708333 0.101852
0 0.0689453 0.360648 0.0582031 0.0828704
0 0.69375 0.498611 0.0375 0.113889
0 0.144661 0.292593 0.0559896 0.0824074
0 0.11875 0.114381 0.0622396 0.0661458
0 0.111784 0.0855903 0.0673177 0.0637731
0 0.127474 0.15787 0.0359375 0.0583333
0 0.645833 0.786111 0.0145833 0.0583333
0 0.0966146 0.0875579 0.0371094 0.0577546
0 0.404687 0.348148 0.0125 0.0601852
0 0.686979 0.55 0.015625 0.0111111
0 0.235677 0.214815 0.034375 0.0518519
0 0.402344 0.34537 0.0078125 0.0564815
0 0.691667 0.55 0.0104167 0.012037
1 0.714583 0.762963 0.0125 0.025
1 0.645312 0.786111 0.0145833 0.0592593
0 0.411198 0.347917 0.025 0.0615741
0 0.0490234 0.394907 0.0119141 0.012037
0 0.131641 0.327315 0.00677083 0.012037
1 0.291927 0.00672743 0.00833333 0.0125868
0 0.686458 0.549074 0.0229167 0.012963
0 0.125911 0.327315 0.0125 0.0115741
0 0.210156 0.00601852 0.0171875 0.0110532
0 0.244271 0.216204 0.0171875 0.0467593
0 0.134896 0.327083 0.00729167 0.012037
0 0.0560547 0.394907 0.00729167 0.012037
0 0.137891 0.326852 0.00651042 0.0125
0 0.135189 0.302315 0.0374349 0.062963
0 0.0621094 0.394676 0.00755208 0.012963
0 0.689583 0.547222 0.0291667 0.0185185
0 0.0595052 0.394676 0.00768229 0.0125
0 0.203385 0.718056 0.0177083 0.0101852
0 0.0511068 0.394676 0.0205729 0.0125
0 0.0529297 0.72037 0.0121094 0.0111111
0 0.223047 0.215741 0.0601562 0.0537037
0 0.696354 0.549537 0.00625 0.012037
0 0.0665365 0.394444 0.00846354 0.0138889
0 0.203906 0.718518 0.0111979 0.00925926
0 0.690104 0.524074 0.0302083 0.062963
0 0.0863932 0.111111 0.0130208 0.0111111
0 0.106901 0.141204 0.0106771 0.0115741
0 0.142448 0.326852 0.00625 0.012037
0 0.197917 0.717593 0.0151042 0.0111111
0 0.0871745 0.0176432 0.031901 0.0348524
0 0.204167 0.714352 0.0291667 0.0148148
0 0.245833 0.225926 0.0130208 0.025463
0 0.0628906 0.70463 0.0358073 0.0444444
0 0.110872 0.141435 0.00677083 0.0115741
0 0.120052 0.0732639 0.0388021 0.040162
0 0.226562 0.47963 0.0375 0.0277778
0 0.127311 0.32662 0.0203776 0.0125
1 0.686458 0.0398148 0.00625 0.0100694
0 0.197917 0.713889 0.0244792 0.0148148
0 0.0533854 0.397685 0.0109375 0.00833333
0 0.207813 0.714815 0.0195312 0.012963
0 0.0264648 0.0292896 0.0521484 0.0583189
0 0.120833 0.138194 0.0132813 0.0162037
0 0.130599 0.11331 0.0375 0.0636574
0 0.151172 0.00665509 0.0140625 0.0112269
0 0.185937 0.672222 0.0700521 0.101852
0 0.693229 0.49919 0.0375 0.114583
0 0.113021 0.0997107 0.0695312 0.0927083
0 0.145866 0.292593 0.0577474 0.0805556
0 0.0705729 0.358796 0.0598958 0.0847222
1 0.645312 0.786574 0.015625 0.0583333
1 0.714063 0.763426 0.0125 0.025
1 0.601042 0.234722 0.0104167 0.0259259
0 0.127995 0.156944 0.0367187 0.0569444
0 0.235286 0.21875 0.0354167 0.0597222
1 0.183854 0.765278 0.00833333 0.012963
1 0.434375 0.444444 0.0114583 0.0194444
1 0.619792 0.210417 0.00625 0.0148148
0 0.645312 0.787037 0.015625 0.0592593
1 0.589063 0.793519 0.009375 0.0277778
0 0.0077474 0.0270906 0.0154948 0.0535735
1 0.434115 0.452778 0.0125 0.037037
1 0.196745 0.768519 0.00911458 0.0148148
1 0.565625 0.914352 0.00833333 0.0398148
1 0.565625 0.909259 0.00625 0.0296296
1 0.716667 0.769444 0.0145833 0.0351852
0 0.185937 0.672685 0.0708333 0.102778
0 0.113542 0.0996528 0.0708333 0.09375
0 0.0686849 0.358796 0.0582031 0.0851852
0 0.692708 0.499537 0.0375 0.114815
0 0.144824 0.29213 0.0572266 0.0805556
0 0.644792 0.787037 0.0166667 0.0574074
0 0.121549 0.113166 0.0561198 0.0644097
1 0.714063 0.763426 0.0125 0.025
0 0.12972 0.15706 0.0421224 0.0585648
0 0.235677 0.216551 0.0359375 0.0543981
1 0.601562 0.234722 0.00729167 0.0268519
1 0.645312 0.787037 0.015625 0.0574074
1 0.293229 0.0129919 0.0119792 0.0259838
1 0.536458 0.00460069 0.0104167 0.00908565
1 0.250651 0.0729167 0.00520833 0.0106481
1 0.578125 0.00441985 0.00833333 0.0088397
0 0.211198 0.00584491 0.0192708 0.0116898
0 0.214844 0.217361 0.0770833 0.0569444
0 0.185937 0.672222 0.0703125 0.101852
0 0.69375 0.499074 0.0354167 0.112963
0 0.145703 0.292593 0.0575521 0.0805556
0 0.113151 0.0997107 0.0703125 0.0924769
0 0.0690104 0.359722 0.0571615 0.0833333
0 0.128125 0.157176 0.0367187 0.0576389
1 0.713542 0.763426 0.0125 0.025
0 0.645312 0.786574 0.0145833 0.0564815
1 0.536458 0.00478877 0.0104167 0.00928819
1 0.577083 0.00422454 0.0114583 0.00844907
0 0.125391 0.113542 0.046875 0.0636574
0 0.242188 0.215278 0.0208333 0.0518519
1 0.645312 0.786574 0.0145833 0.0564815
1 0.292188 0.0103154 0.0104167 0.0206308
0 0.574479 0.0047526 0.0166667 0.00950521
1 0.433854 0.452778 0.0104167 0.0351852
1 0.536458 0.00956308 0.0104167 0.0184317
1 0.714583 0.769444 0.0135417 0.037037
1 0.575521 0.00435475 0.015625 0.00870949
0 0.217969 0.216204 0.0697917 0.0555556
1 0.433854 0.445139 0.0109375 0.0203704
0 0.536458 0.00435475 0.009375 0.00870949
1 0.577083 0.0100694 0.0104167 0.0195602
0 0.185547 0.672222 0.0705729 0.101852
0 0.69375 0.499074 0.0354167 0.112963
0 0.108529 0.0840857 0.0613281 0.0616898
0 0.0692057 0.359491 0.0580729 0.0842593
0 0.145313 0.293056 0.0572917 0.0814815
0 0.121875 0.113397 0.0552083 0.0639468
0 0.134082 0.155324 0.0495443 0.0625
1 0.645833 0.786111 0.0145833 0.0574074
1 0.714063 0.763426 0.0125 0.025
0 0.645833 0.787037 0.015625 0.0574074
1 0.536458 0.00465856 0.0104167 0.00868056
0 0.210417 0.00516493 0.0174479 0.0103299
0 0.186328 0.673148 0.0700521 0.103704
0 0.693229 0.499537 0.0375 0.112963
0 0.145605 0.292593 0.0582682 0.0805556
0 0.0691406 0.360648 0.0588542 0.0824074
0 0.111198 0.0978009 0.0661458 0.0863426
0 0.113802 0.115046 0.0716146 0.0648148
0 0.127734 0.159144 0.0364583 0.0625
0 0.645833 0.786111 0.0166667 0.0583333
1 0.645833 0.786111 0.0166667 0.0583333
0 0.107357 0.0171224 0.0769531 0.0330006
1 0.714063 0.762963 0.0125 0.0240741
0 0.210547 0.00681424 0.0177083 0.0136285
0 0.0913411 0.0181713 0.0446615 0.0358796
0 0.116471 0.0153863 0.0509115 0.0304543
0 0.140104 0.00619213 0.0104167 0.0123843
1 0.293229 0.0122685 0.0125 0.0241898
0 0.216016 0.227373 0.0744792 0.0767361
1 0.0375651 0.122917 0.0139323 0.0300926
1 0.536458 0.00462963 0.0104167 0.00908565
0 0.111003 0.00787037 0.0759115 0.0157407
0 0.151172 0.0067419 0.034375 0.0134838
0 0.185807 0.673611 0.0705729 0.102778
0 0.143717 0.293056 0.0542318 0.0805556
0 0.0686198 0.360185 0.0572917 0.0833333
0 0.110807 0.0963542 0.0658854 0.0853009
0 0.69375 0.498958 0.0375 0.113194
0 0.127865 0.155787 0.0361979 0.0564815
0 0.113867 0.114352 0.0714844 0.0636574
0 0.233594 0.222685 0.0395833 0.0662037
1 0.645312 0.785648 0.015625 0.0574074
0 0.645312 0.786111 0.015625 0.0574074
1 0.714583 0.762963 0.0125 0.0240741
0 0.536458 0.00448495 0.0104167 0.00896991
0 0.523438 0.00352286 0.0645833 0.00704572
0 0.213281 0.00659722 0.0247396 0.0131366
1 0.536458 0.00351562 0.0104167 0.00703125
1 0.433333 0.452083 0.0125 0.0365741
0 0.575521 0.00429688 0.0145833 0.00859375
1 0.105469 0.959259 0.00755208 0.0222222
0 0.195182 0.00532407 0.0973958 0.0106481
0 0.185677 0.672685 0.0708333 0.101852
0 0.112891 0.100029 0.0695312 0.0934606
0 0.69375 0.499074 0.0375 0.112963
0 0.069515 0.360648 0.0594076 0.0824074
0 0.145345 0.293519 0.0587891 0.0805556
0 0.644792 0.786111 0.0166667 0.0574074
0 0.143262 0.15625 0.0681641 0.0643518
0 0.234635 0.225 0.0369792 0.0708333
1 0.714063 0.763426 0.0125 0.0240741
1 0.536458 0.00442708 0.0104167 0.0087963
1 0.645833 0.786574 0.0166667 0.0583333
0 0.211068 0.00622106 0.0179687 0.0123843
1 0.578125 0.00412326 0.00833333 0.00824653
1 0.433333 0.453241 0.0125 0.0361111
1 0.291927 0.00507812 0.00833333 0.0101562
0 0.578125 0.00393519 0.00833333 0.00787037
0 0.223698 0.21875 0.0596354 0.0587963
1 0.235677 0.00506366 0.00520833 0.00966435
0 0.185937 0.673148 0.071875 0.101852
0 0.0688965 0.359722 0.0580404 0.0842593
0 0.113802 0.102344 0.0729167 0.089294
0 0.14502 0.292361 0.0578776 0.0814815
0 0.693229 0.498611 0.0375 0.114815
0 0.109896 0.0842593 0.0638021 0.0631944
0 0.124805 0.114149 0.0490885 0.0629051
0 0.14375 0.156019 0.0682292 0.0578704
0 0.233594 0.222917 0.0393229 0.0680556
0 0.645833 0.786111 0.0145833 0.0592593
1 0.645833 0.786111 0.0145833 0.0592593
0 0.109896 0.0717593 0.0643229 0.0377315
1 0.536458 0.00489005 0.0104167 0.0083912
1 0.292448 0.00588831 0.00625 0.0106771
1 0.578125 0.00451389 0.0104167 0.00827546
0 0.210156 0.00594618 0.0171875 0.0106192
1 0.714063 0.762963 0.0125 0.025
0 0.576042 0.00480324 0.0135417 0.00833333
0 0.185937 0.671759 0.0708333 0.101852
0 0.0693359 0.360417 0.058724 0.0828704
0 0.69375 0.498611 0.0375 0.112963
0 0.109375 0.0999421 0.0625 0.0931713
0 0.145182 0.292593 0.0578125 0.0814815
0 0.121484 0.11331 0.0546875 0.0641204
0 0.127865 0.157639 0.0364583 0.0606481
0 0.645833 0.786111 0.0145833 0.0574074
1 0.714063 0.762963 0.0125 0.0240741
0 0.233594 0.223843 0.0395833 0.0703704
1 0.536458 0.00477431 0.0104167 0.00902778
1 0.578125 0.00442708 0.00833333 0.00810185
1 0.645833 0.786111 0.015625 0.0583333
1 0.293229 0.0124421 0.0114583 0.0241898
0 0.210677 0.00551215 0.01875 0.0107639
0 0.576042 0.00460069 0.0125 0.0083912
1 0.552083 0.321759 0.0166667 0.0333333
1 0.698958 0.111111 0.0114583 0.0194444
0 0.536458 0.00477431 0.0104167 0.00902778
1 0.575 0.00405093 0.0145833 0.00810185
0 0.186328 0.672222 0.0705729 0.101852
0 0.0696452 0.360185 0.059668 0.0828704
0 0.145443 0.292593 0.0580729 0.0814815
0 0.693229 0.499074 0.0364583 0.112963
0 0.10918 0.0989583 0.0623698 0.0928241
0 0.124089 0.113426 0.0507812 0.062963
0 0.127832 0.15706 0.0365234 0.0594907
1 0.293229 0.0121021 0.0114583 0.0237124
0 0.645833 0.786111 0.0145833 0.0574074
0 0.233854 0.221759 0.0395833 0.0657407
1 0.578646 0.00429688 0.00833333 0.00824653
0 0.24401 0.221817 0.01875 0.0637731
1 0.535417 0.00471643 0.00833333 0.00850694
0 0.108854 0.0773727 0.0619792 0.0491898
0 0.185937 0.672222 0.0703125 0.101852
0 0.11263 0.0997107 0.0695312 0.0934028
0 0.0686198 0.359722 0.0578125 0.0837963
0 0.692708 0.498148 0.0375 0.112963
0 0.144271 0.293056 0.05625 0.0814815
0 0.142741 0.156713 0.0666016 0.0601852
0 0.645833 0.786574 0.0145833 0.0574074
0 0.127572 0.156481 0.0360026 0.0583333
0 0.220833 0.218287 0.0651042 0.0587963
0 0.232031 0.216204 0.0421875 0.0537037
1 0.29375 0.0125072 0.0125 0.0241753
0 0.186328 0.672685 0.0705729 0.102778
0 0.693229 0.498264 0.0364583 0.112731
0 0.0688965 0.359722 0.0580404 0.0833333
0 0.110091 0.0844329 0.0636719 0.0630787
0 0.114974 0.114554 0.0695312 0.0634838
0 0.144271 0.292824 0.0554687 0.0810185
0 0.128874 0.158681 0.0386068 0.0581019
0 0.128125 0.114786 0.0416667 0.0639468
0 0.645312 0.785185 0.0145833 0.0574074
0 0.231771 0.215509 0.0427083 0.0527778
0 0.141016 0.15787 0.0630208 0.0590278
1 0.578125 0.00403646 0.00833333 0.00807292
1 0.29349 0.0127604 0.0114583 0.0248264
1 0.535417 0.00465856 0.0104167 0.00859375
0 0.535937 0.00431134 0.0104167 0.00821759
0 0.577083 0.00434028 0.0125 0.00813079
0 0.211068 0.00795718 0.01875 0.0151042
2 0.578125 0.00451389 0.009375 0.00868056
0 0.578646 0.00389178 0.00833333 0.00778356
2 0.535937 0.00484664 0.0104167 0.00882523
0 0.240755 0.222454 0.0247396 0.0671296
1 0.714063 0.762963 0.0125 0.0259259
0 0.186068 0.672685 0.0705729 0.102778
0 0.693229 0.498611 0.0364583 0.112963
0 0.0685059 0.359954 0.0575195 0.0828704
0 0.110482 0.0833333 0.064974 0.0622685
0 0.12194 0.114005 0.0550781 0.0643518
0 0.143978 0.292593 0.0547526 0.0805556
0 0.127734 0.157639 0.0361979 0.0574074
0 0.644792 0.786111 0.0145833 0.0592593
0 0.233333 0.224306 0.0395833 0.0699074
1 0.293229 0.0121528 0.0119792 0.0243056
0 0.186068 0.672222 0.0708333 0.101852
0 0.0683594 0.359722 0.0570313 0.0824074
0 0.692708 0.499074 0.0354167 0.112963
0 0.121875 0.114149 0.0552083 0.0647569
0 0.144792 0.292593 0.0572917 0.0805556
0 0.109635 0.0838542 0.0632813 0.0616898
0 0.645312 0.786111 0.0145833 0.0574074
0 0.127995 0.15706 0.0364583 0.0581019
0 0.233203 0.217824 0.040625 0.0564815
1 0.714063 0.762963 0.0125 0.0240741
0 0.24375 0.220602 0.01875 0.0597222
1 0.29349 0.0114294 0.0104167 0.0221644
0 0.0685547 0.360185 0.0575521 0.0833333
0 0.186068 0.672685 0.0705729 0.102778
0 0.145052 0.292361 0.0572917 0.0800926
0 0.692708 0.499074 0.0375 0.112963
0 0.109961 0.0839699 0.0641927 0.0621528
0 0.113281 0.106973 0.0713542 0.076331
0 0.127995 0.156944 0.0367187 0.0606481
0 0.644792 0.786111 0.0145833 0.0574074
1 0.714063 0.762963 0.0125 0.0259259
0 0.232552 0.220428 0.0416667 0.0628472
0 0.124349 0.114236 0.0494792 0.0643518
1 0.433854 0.452778 0.0109375 0.0351852
0 0.21901 0.221817 0.0690104 0.065625
0 0.0933594 0.0884838 0.030599 0.0559028
1 0.644792 0.786111 0.0145833 0.0574074
0 0.186068 0.673148 0.0703125 0.102778
0 0.0686198 0.360185 0.0572917 0.0824074
0 0.692708 0.49919 0.0375 0.114583
0 0.145182 0.292593 0.0570313 0.0810185
0 0.110352 0.0833912 0.0647135 0.0616898
0 0.113542 0.11412 0.071875 0.0638889
0 0.645312 0.786111 0.015625 0.0574074
0 0.127604 0.156713 0.0361979 0.0583333
0 0.233073 0.220139 0.040625 0.0611111
1 0.714063 0.762963 0.0125 0.0259259
1 0.645312 0.786111 0.015625 0.0583333
1 0.29349 0.0129702 0.0119792 0.0244068
0 0.139616 0.156481 0.0598307 0.0587963
0 0.185937 0.673148 0.0705729 0.103704
0 0.06875 0.360185 0.0572917 0.0824074
0 0.692708 0.499074 0.0375 0.113889
0 0.110156 0.0865741 0.0645833 0.0662037
0 0.144759 0.292593 0.0563151 0.0805556
0 0.113672 0.114786 0.0721354 0.0630208
0 0.128646 0.15706 0.0382813 0.0581019
1 0.714063 0.762963 0.0125 0.0240741
0 0.645312 0.786111 0.015625 0.0574074
0 0.232812 0.22338 0.0411458 0.0671296
1 0.29349 0.0124349 0.0119792 0.0245515
0 0.24349 0.224595 0.0192708 0.0693287
1 0.433854 0.452778 0.0114583 0.0342593
1 0.645312 0.785185 0.015625 0.0574074
0 0.185937 0.673148 0.0708333 0.103704
0 0.692708 0.49919 0.0375 0.114583
0 0.113672 0.113889 0.0721354 0.0652778
0 0.0688151 0.360185 0.0574219 0.0824074
0 0.144499 0.29213 0.0557943 0.0805556
0 0.10957 0.0836227 0.0628906 0.0612269
0 0.136458 0.155787 0.0533854 0.0601852
0 0.645312 0.786111 0.015625 0.0574074
0 0.232812 0.219039 0.0411458 0.0591435
1 0.714583 0.762963 0.0125 0.0259259
1 0.29349 0.0125072 0.0125 0.0244068
1 0.433854 0.452778 0.0114583 0.0351852
0 0.243099 0.218981 0.0203125 0.0564815
0 0.128646 0.150926 0.0375 0.0467593
0 0.129427 0.138079 0.0398437 0.0983796
1 0.645312 0.786111 0.015625 0.0574074
0 0.185937 0.673148 0.0708333 0.103704
0 0.113216 0.100463 0.0709635 0.0914352
0 0.0686361 0.360185 0.0575195 0.0824074
0 0.692708 0.49919 0.0375 0.114583
0 0.145052 0.292593 0.0567708 0.0796296
0 0.10944 0.0831019 0.0628906 0.0601852
0 0.132812 0.15625 0.046875 0.0592593
0 0.645312 0.786111 0.015625 0.0574074
1 0.714063 0.762963 0.0125 0.0259259
0 0.229167 0.219213 0.0481771 0.0592593
1 0.433854 0.452778 0.0114583 0.0351852
0 0.243229 0.220602 0.0197917 0.0601852
1 0.29349 0.0125868 0.0125 0.0246528
1 0.645312 0.785648 0.015625 0.0574074
0 0.185937 0.673148 0.0708333 0.103704
0 0.113216 0.100463 0.0709635 0.0914352
0 0.0686361 0.360185 0.0575195 0.0824074
0 0.692708 0.49919 0.0375 0.114583
0 0.145052 0.292593 0.0567708 0.0796296
0 0.10944 0.0831019 0.0628906 0.0601852
0 0.132812 0.15625 0.046875 0.0592593
0 0.645312 0.786111 0.015625 0.0574074
1 0.714063 0.762963 0.0125 0.0259259
0 0.229167 0.219213 0.0484375 0.0592593
1 0.433854 0.452778 0.0114583 0.0351852
0 0.243229 0.220602 0.0197917 0.0601852
1 0.29349 0.0125868 0.0125 0.0246528
1 0.645312 0.785648 0.015625 0.0574074
