2 0.479688 0.461227 0.1 0.157176
1 0.953125 0.267361 0.0145833 0.0236111
1 0.948958 0.293056 0.0166667 0.025
2 0.479948 0.426389 0.0994792 0.0898148
0 0.333333 0.364352 0.0447917 0.0611111
1 0.95625 0.293056 0.03125 0.0259259
1 0.947917 0.297222 0.0145833 0.0175926
3 0.479688 0.461111 0.0989583 0.156481
1 0.951042 0.276389 0.015625 0.0444444
0 0.952604 0.266667 0.0145833 0.0226852
1 0.91875 0.130324 0.00833333 0.00856481
1 0.950521 0.282407 0.0166667 0.025
1 0.945833 0.302546 0.0104167 0.00740741
3 0.333333 0.36412 0.0447917 0.0601852
0 0.459375 0.290046 0.175 0.518056
2 0.479167 0.460301 0.1 0.157176
1 0.951042 0.280093 0.0208333 0.05
2 0.457031 0.460648 0.053125 0.15463
1 0.957292 0.27963 0.034375 0.0518519
1 0.859896 0.15 0.0197917 0.0180556
2 0.480208 0.460185 0.1 0.157407
1 0.951042 0.27963 0.01875 0.0490741
1 0.952083 0.270139 0.0166667 0.0300926
3 0.926562 0.121528 0.146875 0.243056
0 0.950521 0.280093 0.0208333 0.0490741
1 0.917708 0.128356 0.00833333 0.00740741
2 0.479167 0.424306 0.0989583 0.0856481
1 0.915104 0.128704 0.0125 0.00787037
2 0.479688 0.461111 0.0989583 0.153704
1 0.951042 0.279861 0.0197917 0.050463
1 0.952604 0.269907 0.015625 0.0305556
0 0.333333 0.363889 0.0458333 0.0643518
2 0.48099 0.423611 0.100521 0.0833333
3 0.333854 0.364352 0.0453125 0.062963
2 0.475781 0.405093 0.0880208 0.0462963
2 0.479688 0.460995 0.0989583 0.157639
1 0.953125 0.268981 0.0145833 0.0287037
1 0.952083 0.279861 0.0177083 0.050463
2 0.479948 0.460069 0.0984375 0.155787
1 0.952604 0.274074 0.015625 0.037963
2 0.479688 0.460648 0.0989583 0.156481
1 0.172656 0.683333 0.0140625 0.0111111
1 0.172396 0.688889 0.0145833 0.0185185
1 0.952604 0.270602 0.015625 0.0319444
1 0.952083 0.279861 0.0166667 0.050463
1 0.220573 0.658796 0.00572917 0.00925926
1 0.169401 0.690278 0.0208333 0.0222222
2 0.479167 0.460185 0.1 0.157407
0 0.333333 0.363889 0.0458333 0.062037
3 0.333333 0.363889 0.0458333 0.062963
2 0.333073 0.363889 0.0458333 0.062963
1 0.953125 0.269213 0.0145833 0.0268519
2 0.479948 0.461111 0.0994792 0.15463
1 0.952604 0.269907 0.015625 0.0287037
2 0.479688 0.461111 0.1 0.156481
1 0.952083 0.280324 0.0166667 0.0509259
2 0.479688 0.461111 0.101042 0.159259
1 0.951563 0.280787 0.01875 0.050463
1 0.953125 0.268287 0.0166667 0.025
1 0.858333 0.151157 0.01875 0.0212963
1 0.95 0.297222 0.01875 0.0138889
1 0.969792 0.516667 0.01875 0.0231481
1 0.945833 0.300926 0.0104167 0.00925926
1 0.172526 0.685185 0.0148437 0.012963
1 0.171875 0.688889 0.015625 0.0222222
1 0.965625 0.515741 0.01875 0.0203704
2 0.479427 0.460185 0.0994792 0.156481
1 0.951042 0.280093 0.0197917 0.0509259
2 0.479688 0.460185 0.1 0.15463
1 0.952604 0.280093 0.015625 0.0509259
3 0.333333 0.363426 0.0447917 0.0611111
0 0.334115 0.363889 0.0442708 0.0611111
0 0.480208 0.460185 0.1 0.155556
2 0.480208 0.460185 0.1 0.155556
1 0.953125 0.280787 0.0145833 0.050463
2 0.479688 0.459722 0.0989583 0.157407
2 0.479688 0.461227 0.1 0.155324
1 0.953125 0.273148 0.0145833 0.0351852
2 0.479427 0.460185 0.0994792 0.156481
2 0.479688 0.460069 0.1 0.155787
1 0.969792 0.514815 0.01875 0.0185185
2 0.479427 0.460648 0.0994792 0.156481
1 0.952083 0.27963 0.0145833 0.049537
1 0.172135 0.683333 0.0140625 0.0101852
2 0.479688 0.460185 0.1 0.155556
1 0.953125 0.276852 0.0145833 0.0435185
2 0.479948 0.460185 0.0994792 0.155556
1 0.952604 0.280093 0.015625 0.05
2 0.479688 0.460069 0.0989583 0.155787
1 0.952083 0.279398 0.0166667 0.0509259
2 0.479688 0.460069 0.1 0.155787
1 0.952604 0.279861 0.015625 0.049537
2 0.479688 0.460069 0.1 0.155787
1 0.952604 0.279167 0.015625 0.0490741
2 0.479688 0.460995 0.1 0.155787
1 0.952604 0.27963 0.015625 0.05
2 0.479688 0.460995 0.1 0.155787
1 0.952604 0.27963 0.015625 0.05
