0 0.538672 0.552778 0.0476562 0.0648148
0 0.790625 0.220891 0.04375 0.0637731
0 0.53138 0.260185 0.0309896 0.0694444
0 0.592708 0.313889 0.040625 0.062963
0 0.59375 0.228183 0.0322917 0.0667824
0 0.56875 0.152083 0.0291667 0.0680556
0 0.601042 0.409722 0.0208333 0.0731481
0 0.0279867 0.325926 0.0412923 0.05
0 0.510417 0.186574 0.028125 0.0569444
0 0.69375 0.281944 0.04375 0.0555556
0 0.0155924 0.263657 0.0311849 0.050463
0 0.928125 0.0950231 0.0416667 0.0458333
1 0.469271 0.0689815 0.00729167 0.0210648
0 0.0717448 0.502315 0.0397135 0.0342593
0 0.0789063 0.538426 0.0523437 0.0462963
0 0.739583 0.277778 0.0375 0.0472222
0 0.0206706 0.296296 0.0402344 0.0509259
1 0.0847656 0.617593 0.0114583 0.0194444
1 0.740104 0.277778 0.0364583 0.0476852
1 0.0207031 0.295833 0.0402344 0.05
1 0.0279622 0.325926 0.041276 0.05
0 0.792708 0.0144748 0.025 0.0277633
1 0.0158529 0.263889 0.0317057 0.049537
0 0.614583 0.202778 0.025 0.0712963
1 0.928125 0.0949074 0.0395833 0.0458333
1 0.601042 0.409259 0.0208333 0.0722222
1 0.694792 0.281944 0.0416667 0.0546296
1 0.449219 0.0518519 0.00729167 0.0145833
1 0.510677 0.186806 0.028125 0.0569444
1 0.790625 0.221065 0.0427083 0.0634259
0 0.611458 0.484259 0.0166667 0.0333333
1 0.0715007 0.502315 0.0395508 0.0342593
1 0.611458 0.484259 0.0166667 0.0333333
1 0.56875 0.151852 0.0291667 0.0680556
1 0.59375 0.228241 0.03125 0.0662037
0 0.0847656 0.617593 0.0111979 0.0194444
0 0.808333 0.00529514 0.0104167 0.00931713
1 0.0781901 0.537963 0.0511719 0.0462963
1 0.792708 0.0143229 0.025 0.0274306
1 0.614583 0.202778 0.025 0.0703704
1 0.9625 0.00578704 0.00833333 0.00989583
0 0.0908854 0.617593 0.0229167 0.0203704
1 0.636458 0.304861 0.00833333 0.0143519
1 0.0908854 0.617593 0.0229167 0.0203704
0 0.454688 0.997685 0.00625 0.00462963
1 0.808333 0.00529514 0.0104167 0.00931713
1 0.592708 0.313426 0.0416667 0.062963
0 0.111068 0.689815 0.0265625 0.0305556
1 0.454688 0.997685 0.00625 0.00462963
1 0.539062 0.552778 0.0479167 0.0666667
0 0.46901 0.0688657 0.0078125 0.0210648
0 0.511458 0.671296 0.028125 0.0574074
0 0.809375 0.00633681 0.0145833 0.0108218
1 0.53138 0.259954 0.0309896 0.0689815
0 0.530729 0.259028 0.03125 0.0703704
0 0.568229 0.151852 0.0291667 0.0685185
0 0.601042 0.408796 0.0208333 0.0731481
0 0.790625 0.220891 0.0447917 0.0665509
0 0.510417 0.187037 0.028125 0.0590278
0 0.59375 0.227546 0.0333333 0.0680556
0 0.538542 0.552778 0.0479167 0.0685185
0 0.592708 0.313657 0.0416667 0.0638889
0 0.739583 0.276852 0.0375 0.0472222
0 0.0277344 0.32662 0.0414063 0.0523148
0 0.695312 0.281019 0.0427083 0.0574074
0 0.0153035 0.262037 0.0304606 0.0481481
0 0.928125 0.0949074 0.0416667 0.0460648
0 0.0739583 0.536111 0.0434896 0.05
0 0.0208333 0.294444 0.0404948 0.0527778
0 0.0680827 0.498611 0.0328451 0.0444444
1 0.469531 0.0696759 0.009375 0.0212963
1 0.601042 0.408796 0.0208333 0.0722222
1 0.898438 0.580556 0.0208333 0.0240741
1 0.59375 0.227778 0.0322917 0.0675926
0 0.617188 0.479167 0.0291667 0.0444444
0 0.0797526 0.527778 0.0566406 0.0666667
1 0.510938 0.187269 0.028125 0.0592593
0 0.399479 0.0462963 0.04375 0.0925926
1 0.593229 0.31412 0.0416667 0.0643518
1 0.739583 0.276389 0.0375 0.0472222
1 0.530729 0.259954 0.03125 0.0708333
1 0.568229 0.152083 0.0291667 0.0685185
1 0.614062 0.275463 0.0104167 0.0148148
1 0.696354 0.281944 0.0416667 0.0574074
0 0.53125 0.558333 0.0333333 0.0574074
1 0.0277344 0.326852 0.0414063 0.0518519
3 0.601042 0.409259 0.0197917 0.0731481
0 0.7875 0.140625 0.0270833 0.0530093
0 0.613021 0.483333 0.0208333 0.0351852
0 0.538542 0.552778 0.05 0.0666667
0 0.59375 0.228241 0.0333333 0.0666667
0 0.53112 0.259491 0.0315104 0.0689815
0 0.601042 0.409259 0.0208333 0.0731481
0 0.56875 0.152662 0.0302083 0.0706019
0 0.510417 0.187384 0.0291667 0.0594907
0 0.592708 0.313426 0.0416667 0.062037
0 0.790625 0.220602 0.0458333 0.0643518
0 0.0282878 0.326157 0.0419271 0.0509259
0 0.0157389 0.263426 0.0308919 0.05
0 0.0734375 0.502778 0.0428385 0.037037
0 0.0207031 0.294907 0.0397786 0.0462963
0 0.928125 0.0947917 0.0416667 0.0462963
0 0.0777995 0.534259 0.0519531 0.0537037
0 0.739062 0.277315 0.0395833 0.0476852
0 0.695833 0.278241 0.0427083 0.0509259
1 0.085026 0.618519 0.0114583 0.0203704
0 0.6125 0.484722 0.0197917 0.0333333
1 0.469531 0.070081 0.0078125 0.0228009
0 0.0852865 0.618519 0.0114583 0.0203704
1 0.0772135 0.0412616 0.0117188 0.0179398
1 0.203646 0.470833 0.00989583 0.0157407
0 0.616667 0.209954 0.028125 0.0759259
1 0.9625 0.00535301 0.00833333 0.0102431
1 0.828125 0.0856481 0.0104167 0.0136574
0 0.715625 0.27963 0.0875 0.0518519
1 0.205208 0.472222 0.0140625 0.0185185
0 0.770833 0.181481 0.0270833 0.0398148
1 0.0733236 0.502778 0.0426758 0.037037
0 0.0880208 0.618519 0.0183594 0.0222222
1 0.199219 0.471296 0.0208333 0.0166667
1 0.0817057 0.619444 0.0199219 0.0185185
1 0.0206543 0.293981 0.0398112 0.0435185
1 0.0276042 0.32662 0.0421224 0.0513889
0 0.510938 0.186921 0.0291667 0.0599537
0 0.790625 0.220428 0.04375 0.0646991
0 0.538542 0.552315 0.0479167 0.0666667
0 0.601042 0.408796 0.0208333 0.0722222
0 0.530729 0.258796 0.03125 0.0694444
0 0.592708 0.313426 0.0416667 0.062963
0 0.59375 0.227836 0.0333333 0.0674769
0 0.56875 0.152778 0.0302083 0.0694444
0 0.0277995 0.325926 0.0416667 0.0509259
0 0.694271 0.283102 0.0447917 0.0587963
0 0.739583 0.27662 0.0375 0.0472222
0 0.614583 0.20162 0.025 0.0699074
0 0.611979 0.484259 0.01875 0.0314815
1 0.469792 0.0696759 0.00833333 0.0228009
0 0.077474 0.513889 0.0503906 0.0962963
0 0.015918 0.264352 0.0318359 0.0555556
0 0.0847005 0.617593 0.0106771 0.0194444
1 0.9625 0.0056713 0.00833333 0.00972222
0 0.0232422 0.296296 0.0464844 0.0546296
0 0.0749349 0.493519 0.0467448 0.0537037
1 0.0848958 0.618519 0.0104167 0.0185185
1 0.996875 0.192708 0.00625 0.0166667
1 0.611979 0.483333 0.01875 0.0314815
0 0.9625 0.00555556 0.00833333 0.0098669
0 0.0769368 0.53287 0.0495117 0.0546296
0 0.519792 0.197569 0.0104167 0.0375
0 0.0218913 0.284491 0.0437826 0.100926
0 0.517969 0.202315 0.0135417 0.0277778
0 0 0.350926 0 0.125
1 0.614062 0.275926 0.0104167 0.0157407
0 0 0.381481 0 0.127778
0 0.601042 0.408796 0.0208333 0.0722222
0 0.53112 0.259028 0.0315104 0.0689815
0 0.592708 0.313889 0.0416667 0.062963
0 0.59375 0.228009 0.0333333 0.0652778
0 0.790625 0.220775 0.04375 0.0649306
0 0.538411 0.553241 0.0481771 0.0675926
0 0.510938 0.186111 0.0291667 0.0576389
0 0.56875 0.152546 0.0291667 0.0699074
0 0.928125 0.0947917 0.040625 0.0456019
0 0.739583 0.276852 0.0395833 0.0481481
0 0.0273438 0.326389 0.0420573 0.0509259
1 0.469792 0.0690972 0.00833333 0.0212963
0 0.695312 0.281944 0.0416667 0.0574074
0 0.0243652 0.294907 0.0480143 0.116667
1 0.963021 0.00520833 0.00833333 0.00931713
0 0.794792 0.014417 0.0385417 0.028805
0 0.611458 0.483333 0.0177083 0.0351852
0 0.510938 0.672222 0.0270833 0.0611111
1 0.635417 0.304861 0.00625 0.0148148
0 0.615625 0.206019 0.0260417 0.0800926
0 0.7875 0.14375 0.0291667 0.0618056
0 0.617708 0.482407 0.0291667 0.0351852
0 0.0789063 0.527778 0.053776 0.0685185
1 0.928125 0.0949074 0.0416667 0.0458333
1 0.828125 0.0855324 0.0104167 0.0125
1 0.510677 0.186574 0.0286458 0.0583333
0 0.80625 0.00462963 0.01875 0.00891204
1 0.592708 0.313889 0.0416667 0.062963
0 0.771875 0.0136502 0.0770833 0.0260561
1 0.758854 0.593982 0.00833333 0.0111111
1 0.634375 0.304167 0.0104167 0.0175926
0 0.795833 0.0137153 0.0854167 0.0258102
0 0.814583 0.0358507 0.0770833 0.0713542
1 0.0274414 0.326389 0.0416016 0.0509259
1 0.601042 0.408796 0.0208333 0.0722222
0 0.0854167 0.618056 0.0130208 0.0203704
0 0.963021 0.00507812 0.00833333 0.00928819
0 0.797917 0.00818866 0.0333333 0.0163773
0 0.0672526 0.541667 0.0290365 0.0388889
1 0.449479 0.0512731 0.00677083 0.0142361
0 0.56875 0.152083 0.0291667 0.0694444
0 0.538411 0.552778 0.0481771 0.0666667
0 0.791146 0.219907 0.0447917 0.0643518
0 0.601042 0.409259 0.0208333 0.0731481
0 0.59375 0.227546 0.0333333 0.0666667
0 0.592708 0.313426 0.040625 0.0611111
0 0.53112 0.259722 0.0315104 0.0694444
0 0.510677 0.18669 0.0286458 0.0576389
0 0.0278076 0.325 0.042041 0.0527778
0 0.0774902 0.533796 0.0504883 0.0555556
0 0.0741536 0.5 0.04375 0.0407407
0 0.0166504 0.263889 0.0324544 0.0546296
0 0.928646 0.0947338 0.0427083 0.0466435
1 0.469271 0.0696181 0.00729167 0.0224537
0 0.0218587 0.295139 0.0422201 0.0513889
0 0.0742025 0.510185 0.0445638 0.0203704
0 0.69375 0.28287 0.0458333 0.0583333
0 0.739583 0.277546 0.0375 0.049537
0 0.614583 0.482407 0.0229167 0.037037
0 0.741667 0.291667 0.0322917 0.0199074
0 0.0851562 0.618519 0.0127604 0.0194444
0 0.523438 0.57963 0.0145833 0.012963
0 0.915104 0.112269 0.0135417 0.0108796
0 0.6125 0.496296 0.0135417 0.00925926
0 0.778125 0.246296 0.00833333 0.0111111
0 0.536458 0.289352 0.0104167 0.0101852
0 0.775 0.246065 0.0125 0.0111111
0 0.615625 0.496296 0.0166667 0.0111111
0 0.602083 0.439352 0.0104167 0.012037
0 0.597917 0.439352 0.0135417 0.012963
0 0.597917 0.254167 0.0104167 0.012963
0 0.533333 0.289352 0.0104167 0.0111111
0 0.570312 0.180324 0.009375 0.0134259
0 0.089974 0.618519 0.0221354 0.0203704
0 0.573958 0.18044 0.0104167 0.0131944
0 0.602083 0.254167 0.0125 0.012963
0 0.594792 0.254398 0.00833333 0.0125
0 0.527214 0.578704 0.0247396 0.012963
0 0.8 0.0149884 0.0458333 0.0299769
0 0.530729 0.57963 0.009375 0.012963
1 0.635938 0.30463 0.00625 0.0138889
0 0.539583 0.289352 0.0104167 0.0101852
0 0.0240885 0.300463 0.0358073 0.0203704
0 0.0645182 0.555556 0.0208333 0.0111111
0 0.609375 0.492593 0.0145833 0.0148148
0 0.603125 0.336111 0.0125 0.0138889
0 0.784375 0.246296 0.00833333 0.012037
0 0.604167 0.439583 0.00625 0.012037
0 0.6125 0.473148 0.0197917 0.0546296
0 0.6 0.339352 0.009375 0.00972222
0 0.514063 0.209259 0.00729167 0.012963
0 0.511458 0.209491 0.00729167 0.0125
0 0.574479 0.183681 0.0114583 0.00902778
0 0.602083 0.442361 0.0125 0.00925926
0 0.0251953 0.358333 0.0414714 0.0138889
1 0.449219 0.0523148 0.00729167 0.0168981
0 0.06875 0.544444 0.0322917 0.0314815
0 0.5375 0.285648 0.015625 0.0157407
0 0.428125 0.0568287 0.00729167 0.0108796
0 0.602604 0.339583 0.009375 0.00925926
0 0.577083 0.180556 0.0104167 0.012963
0 0.593229 0.313426 0.0416667 0.062963
0 0.539062 0.552778 0.0479167 0.0675926
0 0.601562 0.409259 0.021875 0.0722222
0 0.53138 0.259722 0.0309896 0.0694444
0 0.791146 0.220833 0.0447917 0.0652778
0 0.510677 0.18669 0.028125 0.0587963
0 0.59375 0.22772 0.0333333 0.0649306
0 0.56875 0.151852 0.0291667 0.0699074
1 0.469531 0.0701389 0.0078125 0.0222222
0 0.739583 0.277083 0.0395833 0.05
0 0.694792 0.282639 0.0458333 0.0601852
0 0.0279297 0.326389 0.0412109 0.0537037
0 0.0157227 0.262037 0.0302734 0.0527778
1 0.996354 0.19213 0.00729167 0.0162037
1 0.594792 0.892593 0.0166667 0.05
0 0.0791504 0.516667 0.0539388 0.0907407
1 0.68125 0.637963 0.00416667 0.00925926
0 0.928646 0.0942708 0.040625 0.0459491
1 0.601562 0.408796 0.0208333 0.0712963
1 0.963542 0.00530961 0.009375 0.0106192
1 0.593229 0.313889 0.0416667 0.062963
1 0.0135905 0.359028 0.0156901 0.0143519
1 0.472917 0.0698495 0.0125 0.0221065
0 0.592708 0.313889 0.0416667 0.062963
0 0.790625 0.22037 0.0447917 0.0648148
0 0.56875 0.152315 0.0291667 0.0712963
0 0.601042 0.409722 0.0208333 0.0740741
0 0.539062 0.552778 0.0489583 0.0666667
0 0.510677 0.1875 0.0286458 0.0592593
0 0.59375 0.228009 0.0333333 0.0662037
0 0.530729 0.259722 0.03125 0.0694444
0 0.69375 0.282639 0.0458333 0.0569444
1 0.469792 0.0697338 0.00833333 0.0229167
0 0.739583 0.277315 0.0395833 0.0481481
0 0.0270182 0.323611 0.0446615 0.0574074
0 0.928125 0.0943287 0.0427083 0.0456019
0 0.0250977 0.295139 0.0492839 0.118056
0 0.085026 0.618056 0.0125 0.0203704
0 0.399219 0.0537616 0.0442708 0.0512731
1 0.963021 0.00536748 0.00833333 0.010735
0 0.0796875 0.538889 0.0550781 0.0462963
0 0.593229 0.210185 0.0322917 0.0300926
0 0.399219 0.0402778 0.0453125 0.0805556
0 0.0766764 0.503704 0.0489909 0.0351852
0 0.0163086 0.263194 0.0324219 0.0537037
0 0.590625 0.299537 0.0375 0.0333333
0 0.0676432 0.541204 0.0300781 0.0407407
0 0.614583 0.204398 0.025 0.0768519
0 0.0669434 0.50463 0.0288737 0.0333333
0 0.568229 0.152546 0.0291667 0.0694444
0 0.510417 0.18669 0.0276042 0.0590278
0 0.530729 0.259722 0.03125 0.0703704
0 0.601042 0.410185 0.0197917 0.0731481
0 0.790625 0.220833 0.04375 0.0638889
0 0.539062 0.552778 0.0479167 0.0666667
0 0.592708 0.313426 0.040625 0.062963
0 0.59375 0.227778 0.03125 0.0671296
0 0.927604 0.0949074 0.0427083 0.0453704
1 0.469271 0.0695602 0.00729167 0.0224537
0 0.739583 0.276852 0.0375 0.0472222
0 0.694271 0.283333 0.0447917 0.0592593
1 0.963021 0.00516493 0.00833333 0.0100405
0 0.027474 0.326389 0.0439453 0.0527778
1 0.996094 0.19213 0.0078125 0.0171296
0 0.610937 0.481481 0.0166667 0.037963
0 0.0255534 0.304167 0.0479818 0.0990741
1 0.828125 0.0854167 0.0104167 0.0127315
1 0.927604 0.0943287 0.0427083 0.0449074
0 0.9625 0.00480324 0.00833333 0.00960648
0 0.530729 0.259954 0.0302083 0.0699074
0 0.790625 0.220833 0.0447917 0.0648148
0 0.510417 0.186343 0.028125 0.0574074
0 0.56875 0.152315 0.0291667 0.0699074
0 0.601042 0.410185 0.0208333 0.0731481
0 0.592708 0.313426 0.0416667 0.062963
0 0.59375 0.227315 0.0322917 0.0662037
0 0.538411 0.552778 0.0481771 0.0675926
0 0.694271 0.283333 0.0447917 0.0583333
0 0.0283122 0.326389 0.0431152 0.0513889
0 0.611458 0.483333 0.01875 0.0351852
0 0.928646 0.0947917 0.0427083 0.0458333
1 0.469792 0.0695602 0.00833333 0.0225694
0 0.0776204 0.534259 0.0512695 0.0537037
0 0.0707682 0.505556 0.0382813 0.0296296
0 0.790104 0.220833 0.0447917 0.0648148
0 0.538411 0.552778 0.0481771 0.0666667
0 0.601042 0.410648 0.0208333 0.075
0 0.510417 0.186227 0.028125 0.0574074
0 0.592708 0.313657 0.0416667 0.0634259
0 0.59375 0.228241 0.0333333 0.0666667
0 0.530729 0.259954 0.03125 0.0708333
0 0.56875 0.153009 0.0302083 0.0717593
0 0.69375 0.28287 0.0458333 0.0583333
0 0.739583 0.277083 0.0395833 0.0472222
0 0.928125 0.0945602 0.0416667 0.0462963
0 0.0277669 0.325694 0.041862 0.0513889
1 0.469271 0.0689815 0.00833333 0.0217593
0 0.399219 0.0571181 0.0427083 0.0684028
0 0.611458 0.482407 0.01875 0.037037
0 0.0172201 0.263889 0.0343099 0.0490741
0 0.613542 0.200926 0.0229167 0.0689815
0 0.0739421 0.500926 0.0443034 0.0407407
0 0.796875 0.0148076 0.0395833 0.0291811
0 0.611979 0.473148 0.0208333 0.0574074
0 0.0813965 0.532407 0.0588216 0.0583333
0 0.085026 0.618519 0.0140625 0.0222222
0 0.0685059 0.506944 0.0330404 0.0277778
0 0.0243652 0.312037 0.0470378 0.0842593
0 0.0222819 0.294907 0.0444987 0.050463
1 0.6375 0.303472 0.0104167 0.0199074
1 0.638542 0.300231 0.0135417 0.024537
1 0.636458 0.30463 0.00833333 0.0148148
1 0.928125 0.0946181 0.0416667 0.0450231
0 0.7875 0.145139 0.0270833 0.0634259
0 0.0869792 0.61713 0.0190104 0.0277778
1 0.963021 0.00523727 0.00833333 0.00966435
0 0.397917 0.0446759 0.0416667 0.0893519
1 0.0277344 0.325926 0.0419271 0.0518519
0 0.0883952 0.508796 0.0719076 0.108333
1 0.828125 0.0856481 0.0104167 0.012037
0 0.131641 0.573611 0.0309896 0.0268519
0 0.110417 0.688889 0.0278646 0.0296296
0 0.530729 0.259722 0.03125 0.0694444
0 0.59375 0.227546 0.0322917 0.0662037
0 0.510417 0.186343 0.028125 0.0571759
0 0.538411 0.552778 0.0481771 0.0666667
0 0.56875 0.152431 0.0291667 0.0701389
0 0.790625 0.220313 0.04375 0.0640046
0 0.592708 0.313889 0.0416667 0.0611111
0 0.928125 0.0946181 0.0416667 0.0450231
0 0.601562 0.409028 0.021875 0.0717593
0 0.694271 0.282407 0.0447917 0.0564815
0 0.0275472 0.326389 0.0415202 0.0509259
1 0.469531 0.0689815 0.0078125 0.0217593
0 0.739583 0.276852 0.0375 0.0472222
0 0.0749349 0.499537 0.0459635 0.0407407
0 0.0803223 0.536111 0.056543 0.0518519
1 0.635417 0.304167 0.00625 0.0148148
0 0.084375 0.617593 0.0111979 0.0231481
1 0.9625 0.00489005 0.00833333 0.00978009
0 0.611458 0.482407 0.0166667 0.037037
0 0.398958 0.0453704 0.04375 0.0907407
0 0.9625 0.00497685 0.00833333 0.0099537
0 0.808854 0.0150174 0.0604167 0.0288773
0 0.828125 0.0855324 0.0114583 0.0152778
1 0.828125 0.0855324 0.0114583 0.0152778
0 0.953125 0.0046224 0.0385417 0.00924479
0 0.0241862 0.293519 0.0408854 0.0481481
0 0.0240072 0.30787 0.0457357 0.0824074
0 0.635938 0.30463 0.00625 0.0148148
0 0.398958 0.0576244 0.0416667 0.067853
1 0.636458 0.303241 0.009375 0.0185185
1 0.463021 0.0704282 0.0177083 0.0208333
0 0.796875 0.0144965 0.0385417 0.0289931
0 0.807813 0.0141348 0.0697917 0.0282697
0 0.59375 0.228241 0.0322917 0.0662037
0 0.56875 0.152083 0.0291667 0.0699074
0 0.530729 0.259722 0.03125 0.0694444
0 0.539062 0.553241 0.0479167 0.0675926
0 0.790625 0.221296 0.0447917 0.0643518
0 0.510417 0.186806 0.0286458 0.0583333
0 0.592708 0.314583 0.0416667 0.0615741
0 0.601562 0.410185 0.021875 0.0731481
0 0.0277995 0.32662 0.0422526 0.0513889
0 0.694792 0.283796 0.0458333 0.0587963
0 0.740104 0.276852 0.0375 0.0476852
1 0.469792 0.0695602 0.00833333 0.0236111
0 0.928125 0.0953704 0.0416667 0.0462963
0 0.0846354 0.618981 0.0126302 0.0240741
0 0.6125 0.483796 0.0197917 0.0361111
0 0.0167358 0.262731 0.0329346 0.0523148
0 0.0848307 0.535185 0.064974 0.0537037
1 0.928125 0.0947917 0.0416667 0.0456019
0 0.0788411 0.501852 0.0544271 0.0388889
0 0.0786296 0.515741 0.0539388 0.0703704
0 0.0854167 0.628241 0.0144531 0.0435185
1 0.9625 0.00486111 0.00833333 0.00920139
1 0.0279867 0.326852 0.0419434 0.0513889
0 0.617708 0.481481 0.03125 0.0407407
1 0.085026 0.618519 0.0138021 0.025
0 0.088151 0.618981 0.0199219 0.0296296
0 0.620833 0.460069 0.0364583 0.0835648
0 0.539062 0.553241 0.0479167 0.0675926
0 0.790625 0.221065 0.04375 0.0648148
0 0.530729 0.259722 0.03125 0.0694444
0 0.59375 0.228241 0.0322917 0.0662037
0 0.56875 0.151852 0.0291667 0.0694444
0 0.510417 0.186574 0.0286458 0.0587963
0 0.592708 0.313889 0.0416667 0.062963
0 0.027832 0.326852 0.0412109 0.0518519
0 0.601042 0.409491 0.0208333 0.0731481
0 0.694271 0.28287 0.0447917 0.0578704
0 0.928125 0.0949074 0.0416667 0.0460648
0 0.739583 0.276852 0.0385417 0.049537
1 0.469792 0.0694444 0.00833333 0.0224537
0 0.0158854 0.262037 0.0315755 0.05
0 0.0844401 0.534259 0.0639323 0.0555556
0 0.0239258 0.293519 0.0398437 0.0462963
0 0.0848307 0.618056 0.0122396 0.0212963
0 0.0733236 0.498611 0.0437174 0.0444444
1 0.963021 0.00520833 0.00833333 0.00920139
0 0.470052 0.0693287 0.009375 0.0222222
0 0.790625 0.220602 0.04375 0.0634259
0 0.530729 0.259722 0.03125 0.0699074
0 0.59375 0.227778 0.0322917 0.0662037
0 0.592708 0.312963 0.0416667 0.062037
0 0.56875 0.15162 0.0291667 0.0703704
0 0.538672 0.552778 0.0476562 0.0666667
0 0.510417 0.186574 0.0286458 0.0569444
0 0.0279297 0.326389 0.041276 0.05
0 0.602083 0.408796 0.0208333 0.0722222
1 0.469792 0.0695602 0.00833333 0.0225694
0 0.69375 0.28287 0.0458333 0.0583333
0 0.928125 0.0947917 0.0416667 0.0458333
0 0.794792 0.0149378 0.0354167 0.0296152
0 0.833854 0.551042 0.120833 0.35162
0 0.0222982 0.29213 0.0416016 0.0425926
0 0.0718099 0.493981 0.0402344 0.0537037
0 0.0158203 0.262037 0.0313802 0.0490741
1 0.963021 0.00502025 0.00833333 0.00868056
0 0.739583 0.276852 0.0395833 0.0481481
1 0.0845052 0.618519 0.0119792 0.0203704
0 0.0847656 0.618981 0.0127604 0.0212963
0 0.0173665 0.283796 0.0324544 0.0268519
0 0.6125 0.48287 0.0208333 0.037963
0 0.0787923 0.541204 0.052832 0.0407407
1 0.0281982 0.325926 0.0419108 0.05
0 0.399479 0.0562645 0.0427083 0.075897
0 0.963021 0.00502025 0.00833333 0.00868056
0 0.790625 0.221238 0.0447917 0.0649306
0 0.530729 0.259722 0.03125 0.0703704
0 0.538411 0.552778 0.0481771 0.0666667
0 0.59375 0.227315 0.0333333 0.0662037
0 0.56875 0.152083 0.0291667 0.0712963
0 0.510677 0.186806 0.0286458 0.0578704
0 0.592708 0.313194 0.0416667 0.0615741
0 0.601562 0.409259 0.0208333 0.0731481
0 0.0280599 0.326157 0.0420573 0.05
0 0.69375 0.282407 0.0458333 0.0574074
0 0.928125 0.0947338 0.04375 0.0461806
0 0.0169108 0.262963 0.0330404 0.0509259
0 0.739583 0.276852 0.0375 0.0481481
0 0.611458 0.483796 0.0166667 0.0351852
1 0.928125 0.0951389 0.04375 0.0458333
1 0.9625 0.00509259 0.00833333 0.00972222
0 0.0228516 0.293056 0.0408854 0.0444444
0 0.0801432 0.539815 0.0558594 0.0425926
1 0.0279622 0.325926 0.0422526 0.0509259
0 0.963021 0.0051794 0.00729167 0.00787037
0 0.530729 0.259722 0.03125 0.0703704
0 0.59375 0.227836 0.0322917 0.0665509
0 0.538542 0.553241 0.0479167 0.0666667
0 0.56875 0.151968 0.0291667 0.0706019
0 0.592708 0.313426 0.0416667 0.062037
0 0.790625 0.221065 0.04375 0.0648148
0 0.510417 0.186458 0.028125 0.0576389
0 0.601562 0.409722 0.0208333 0.0731481
0 0.0277344 0.325926 0.0416667 0.05
0 0.694271 0.283796 0.0447917 0.0592593
0 0.110547 0.688889 0.0265625 0.0296296
0 0.739583 0.277315 0.0375 0.0490741
0 0.611458 0.483796 0.0166667 0.0342593
0 0.084375 0.618519 0.0117188 0.0203704
1 0.469531 0.0696759 0.00885417 0.0222222
0 0.0245605 0.306481 0.045931 0.0893519
0 0.0871094 0.619444 0.0174479 0.0240741
0 0.0160767 0.2625 0.0316488 0.0509259
0 0.0219727 0.294444 0.042513 0.0490741
0 0.0851562 0.625 0.0122396 0.0351852
1 0.0277669 0.325926 0.041862 0.05
0 0.790625 0.221354 0.04375 0.0646991
0 0.59375 0.22772 0.0333333 0.0667824
0 0.539062 0.553241 0.0479167 0.0666667
0 0.592708 0.313889 0.0416667 0.062963
0 0.530729 0.259954 0.03125 0.0699074
0 0.510938 0.187037 0.028125 0.0590278
0 0.601042 0.409259 0.0208333 0.0726852
0 0.56875 0.151968 0.0291667 0.0706019
0 0.694792 0.28287 0.04375 0.0574074
0 0.739583 0.277315 0.0375 0.0481481
0 0.0280599 0.326389 0.0415365 0.05
0 0.610417 0.483796 0.0166667 0.0361111
1 0.9625 0.00535301 0.00833333 0.00925926
1 0.469271 0.0697338 0.009375 0.0231481
0 0.085026 0.618981 0.0122396 0.0222222
0 0.9625 0.00500579 0.00833333 0.00989583
2 0.9625 0.00535301 0.00833333 0.00925926
1 0.989062 0.865741 0.00729167 0.0111111
0 0.0256185 0.306481 0.0469401 0.0907407
0 0.592708 0.313657 0.0416667 0.0625
0 0.530729 0.259491 0.03125 0.0694444
0 0.510417 0.187153 0.028125 0.0581019
0 0.790625 0.220891 0.04375 0.065625
0 0.59375 0.227836 0.0322917 0.0665509
0 0.539062 0.552778 0.0479167 0.0666667
0 0.56875 0.152083 0.0291667 0.0703704
0 0.602083 0.409259 0.0208333 0.0717593
0 0.0275391 0.326852 0.0411458 0.0518519
0 0.694792 0.281944 0.0447917 0.0564815
0 0.739583 0.276852 0.0375 0.0476852
0 0.613021 0.483796 0.0208333 0.0361111
1 0.469271 0.0698495 0.009375 0.0234954
0 0.0161458 0.263657 0.0315755 0.0523148
0 0.0728516 0.501389 0.0423177 0.0398148
1 0.0275472 0.32662 0.0421712 0.0513889
0 0.0845052 0.618981 0.0127604 0.0222222
1 0.963021 0.00502025 0.00833333 0.0100405
0 0.0765625 0.532407 0.0486979 0.0574074
0 0.0230469 0.294444 0.0417318 0.0481481
0 0.530729 0.259722 0.03125 0.0694444
0 0.59375 0.227546 0.0322917 0.0662037
0 0.56875 0.151968 0.0302083 0.0703704
0 0.790625 0.221065 0.04375 0.0634259
0 0.539062 0.552778 0.0479167 0.0657407
0 0.592708 0.313889 0.0416667 0.062963
0 0.601562 0.409259 0.0208333 0.0712963
0 0.510417 0.187037 0.0291667 0.0583333
0 0.0275391 0.325926 0.0412109 0.0509259
0 0.739583 0.277546 0.0375 0.0486111
0 0.928125 0.0951389 0.0427083 0.0460648
0 0.694792 0.281481 0.04375 0.0555556
0 0.0162109 0.2625 0.0313802 0.05
0 0.085026 0.619444 0.0130208 0.0240741
0 0.611458 0.483333 0.01875 0.0351852
0 0.398438 0.058912 0.0427083 0.0634259
0 0.0746256 0.500926 0.0460612 0.0388889
0 0.110417 0.688889 0.0265625 0.0277778
0 0.0220703 0.294444 0.0410156 0.0481481
0 0.0761719 0.523148 0.0483073 0.0759259
1 0.0851562 0.619444 0.0130208 0.0240741
1 0.963021 0.00532407 0.00833333 0.0100116
0 0.790625 0.221354 0.0447917 0.0646991
0 0.530729 0.260185 0.03125 0.0699074
0 0.539062 0.553241 0.0489583 0.0675926
0 0.592708 0.313657 0.0416667 0.0625
0 0.59375 0.228241 0.0322917 0.0666667
0 0.510417 0.187037 0.028125 0.0587963
0 0.601042 0.409259 0.0208333 0.0712963
0 0.56875 0.152431 0.0291667 0.0715278
0 0.0274984 0.326389 0.0421387 0.0509259
0 0.739583 0.277315 0.0375 0.0481481
0 0.694792 0.281713 0.04375 0.0555556
0 0.0164714 0.262037 0.0320964 0.0509259
0 0.927604 0.0951968 0.0427083 0.046875
0 0.084375 0.619444 0.0122396 0.0231481
0 0.611979 0.483333 0.01875 0.037037
0 0.078125 0.523148 0.052474 0.0759259
0 0.0761068 0.5 0.049349 0.0407407
0 0.0235026 0.293519 0.0438151 0.0462963
1 0.9625 0.00538194 0.00833333 0.0103588
1 0.469271 0.0697338 0.009375 0.0238426
0 0.510938 0.671296 0.0270833 0.0592593
0 0.110677 0.688889 0.0266927 0.0296296
0 0.530729 0.260185 0.03125 0.0703704
0 0.539062 0.552778 0.0479167 0.0666667
0 0.59375 0.228009 0.0322917 0.0666667
0 0.790625 0.220775 0.04375 0.0640046
0 0.592708 0.313889 0.0416667 0.062963
0 0.510417 0.187153 0.028125 0.0585648
0 0.56875 0.152315 0.0291667 0.0708333
0 0.601042 0.409722 0.0208333 0.0722222
0 0.0277344 0.326389 0.0416667 0.0509259
0 0.694792 0.281713 0.04375 0.0560185
0 0.928125 0.0950231 0.0416667 0.0458333
0 0.739583 0.276852 0.0375 0.0481481
0 0.0167277 0.2625 0.0322347 0.0509259
0 0.0844401 0.619444 0.011849 0.0222222
0 0.0237467 0.293981 0.0431315 0.0472222
0 0.0773275 0.498148 0.0518555 0.0462963
0 0.611458 0.481481 0.01875 0.0407407
1 0.963021 0.00552662 0.00833333 0.0099537
1 0.469271 0.0696759 0.00833333 0.0231481
0 0.539062 0.553241 0.0479167 0.0666667
0 0.530339 0.259722 0.0309896 0.0703704
0 0.790625 0.220602 0.04375 0.0648148
0 0.59375 0.227778 0.0322917 0.0657407
0 0.56875 0.152315 0.0291667 0.0708333
0 0.592708 0.313426 0.0416667 0.062037
0 0.510417 0.187037 0.028125 0.0583333
0 0.601562 0.409259 0.021875 0.0722222
0 0.0278971 0.326389 0.0416667 0.0509259
0 0.928125 0.0950231 0.0416667 0.0458333
0 0.694792 0.282639 0.04375 0.0574074
0 0.739583 0.277315 0.0375 0.0486111
0 0.0847656 0.618981 0.0130208 0.0222222
0 0.016508 0.262269 0.0320882 0.0523148
1 0.469271 0.0695602 0.009375 0.0233796
0 0.110807 0.689815 0.0265625 0.0277778
0 0.0748698 0.498611 0.0467448 0.0462963
0 0.025 0.296528 0.043099 0.0518519
1 0.0847656 0.619444 0.0128906 0.0222222
0 0.530729 0.259954 0.03125 0.0699074
0 0.790625 0.221065 0.0447917 0.0643518
0 0.539062 0.552778 0.0479167 0.0666667
0 0.510417 0.187269 0.028125 0.0587963
0 0.59375 0.228009 0.0322917 0.0662037
0 0.56875 0.152199 0.0291667 0.0712963
0 0.592708 0.313889 0.0416667 0.062963
0 0.601042 0.409259 0.0208333 0.0731481
0 0.0279622 0.326389 0.0417318 0.0509259
0 0.694792 0.28287 0.0447917 0.0578704
0 0.928125 0.0949653 0.0416667 0.0454861
0 0.739583 0.277315 0.0375 0.0481481
0 0.084375 0.619444 0.0122396 0.0222222
0 0.110807 0.689815 0.0270833 0.0277778
1 0.469271 0.0696181 0.009375 0.0236111
0 0.611458 0.483333 0.01875 0.037037
0 0.0167806 0.2625 0.0325846 0.0518519
0 0.0746745 0.5 0.0464844 0.0425926
0 0.024707 0.297685 0.0429036 0.0537037
1 0.0846354 0.619444 0.0126302 0.0222222
0 0.530729 0.260185 0.03125 0.0699074
0 0.790625 0.221065 0.0447917 0.0643518
0 0.59375 0.228183 0.0322917 0.0658565
0 0.539062 0.553241 0.0479167 0.0666667
0 0.510417 0.187153 0.028125 0.0587963
0 0.592708 0.313889 0.0416667 0.062963
0 0.56875 0.152083 0.0291667 0.0712963
0 0.601042 0.409259 0.0208333 0.0722222
0 0.0278076 0.326389 0.0416504 0.050463
0 0.928125 0.0949074 0.0416667 0.0453704
0 0.694792 0.282639 0.04375 0.0574074
0 0.739583 0.277315 0.0375 0.0481481
0 0.0842448 0.619444 0.0115885 0.0222222
0 0.611458 0.482407 0.01875 0.0388889
0 0.0251302 0.311574 0.044401 0.0810185
0 0.0163696 0.262963 0.0318441 0.0527778
0 0.110677 0.688889 0.0270833 0.0277778
0 0.0751953 0.5 0.0473958 0.0407407
1 0.0845052 0.619444 0.0121094 0.0222222
1 0.469271 0.0696759 0.009375 0.0236111
0 0.530729 0.260185 0.03125 0.0699074
0 0.790625 0.221065 0.0447917 0.0643518
0 0.59375 0.228183 0.0322917 0.0658565
0 0.539062 0.553241 0.0479167 0.0666667
0 0.510417 0.187153 0.028125 0.0587963
0 0.592708 0.313889 0.0416667 0.062963
0 0.568229 0.152083 0.0302083 0.0712963
0 0.601042 0.409259 0.0208333 0.0717593
0 0.0278076 0.326389 0.0416504 0.050463
0 0.928125 0.0949074 0.0416667 0.0453704
0 0.694792 0.282639 0.04375 0.0574074
0 0.739583 0.277315 0.0375 0.0481481
0 0.0842448 0.619444 0.0115885 0.0222222
0 0.611458 0.482407 0.01875 0.0388889
0 0.0251302 0.311574 0.044401 0.0810185
0 0.0163696 0.262963 0.0318441 0.0527778
0 0.110677 0.688889 0.0270833 0.0277778
0 0.0751465 0.5 0.0473633 0.0407407
1 0.469271 0.0696759 0.009375 0.0236111
1 0.0845052 0.619444 0.0121094 0.0222222
