3 0.636458 0.464699 0.0666667 0.102083
1 0.447917 0.103125 0.00729167 0.0333333
1 0.929688 0.463889 0.015625 0.0138889
3 0.636458 0.464699 0.0645833 0.102083
3 0.622917 0.464815 0.0385417 0.102778
3 0.635938 0.462963 0.0666667 0.102778
1 0.447917 0.104832 0.00677083 0.0324653
0 0.636458 0.4625 0.0666667 0.103704
3 0.636458 0.463773 0.0645833 0.103935
1 0.447917 0.101042 0.00729167 0.0268519
0 0.636458 0.463426 0.0645833 0.102778
3 0.636458 0.464352 0.0666667 0.10463
1 0.447917 0.104514 0.00729167 0.0333333
3 0.6375 0.425231 0.0708333 0.0217593
0 0.636458 0.464352 0.0666667 0.103704
3 0.634375 0.491667 0.06875 0.0481481
3 0.620313 0.464699 0.0333333 0.105787
3 0.652604 0.506481 0.0333333 0.0185185
3 0.650521 0.490278 0.0364583 0.0527778
3 0.636458 0.464005 0.0645833 0.103472
1 0.447656 0.104427 0.0078125 0.0351273
3 0.638542 0.512963 0.00833333 0.00925926
3 0.634896 0.512963 0.00833333 0.00925926
3 0.642708 0.512037 0.00833333 0.00925926
3 0.63125 0.512963 0.00833333 0.00925926
3 0.628646 0.5125 0.0125 0.00833333
3 0.636458 0.464815 0.0645833 0.102778
1 0.447396 0.104514 0.00833333 0.0349537
1 0.352604 0.465741 0.0104167 0.0166667
3 0.636458 0.464815 0.0645833 0.10463
1 0.447396 0.104398 0.00833333 0.0335648
1 0.608333 0.0056713 0.00833333 0.0106481
2 0.636458 0.464815 0.0666667 0.103704
3 0.635938 0.464352 0.065625 0.102778
1 0.447917 0.104601 0.00625 0.0324653
2 0.635938 0.465278 0.0645833 0.10463
0 0.635417 0.464352 0.0645833 0.102778
3 0.635938 0.463889 0.065625 0.1
3 0.636458 0.464815 0.0666667 0.103704
0 0.214583 0.662963 0.0609375 0.0925926
1 0.448438 0.103704 0.00729167 0.0305556
3 0.636458 0.465278 0.0645833 0.102778
1 0.447917 0.104196 0.00625 0.0332755
1 0.445833 0.104398 0.009375 0.0333333
0 0.0713542 0.614815 0.142708 0.103704
2 0.635417 0.465278 0.0645833 0.102778
0 0.0923177 0.638889 0.184635 0.148148
0 0.635938 0.465278 0.065625 0.102778
3 0.635417 0.464352 0.0645833 0.101852
1 0.447917 0.10463 0.00729167 0.0354167
1 0.445312 0.104514 0.009375 0.0351852
3 0.636458 0.464815 0.0666667 0.101852
1 0.447917 0.104398 0.00833333 0.0344907
0 0.293229 0.888889 0.110937 0.222222
3 0.635938 0.464931 0.065625 0.103472
1 0.447917 0.104832 0.00729167 0.0333912
3 0.635417 0.464815 0.0645833 0.101852
1 0.447917 0.104514 0.00833333 0.0319444
3 0.635938 0.464699 0.065625 0.102083
1 0.209896 0.16088 0.015625 0.0240741
3 0.636458 0.464699 0.0645833 0.102083
1 0.447917 0.10489 0.00729167 0.0337384
1 0.782292 0.383333 0.0125 0.0259259
3 0.635417 0.464699 0.0645833 0.102083
1 0.447917 0.10463 0.00729167 0.0335648
3 0.636458 0.464815 0.0645833 0.101852
1 0.447917 0.105208 0.00729167 0.0331019
3 0.636458 0.464699 0.0645833 0.102083
1 0.447917 0.105093 0.00729167 0.0324074
3 0.636458 0.464815 0.0645833 0.101852
3 0.635938 0.464699 0.0645833 0.102083
1 0.447917 0.104745 0.0078125 0.0326389
3 0.635938 0.464352 0.0645833 0.102778
3 0.636458 0.464699 0.0645833 0.102083
3 0.636458 0.464699 0.0645833 0.102083
