0 0.179948 0.0342593 0.0382813 0.065625
0 0.415625 0.123119 0.0354167 0.0769097
0 0.346354 0.09375 0.0369792 0.0793981
0 0.576042 0.60463 0.0770833 0.0824074
0 0.288021 0.295833 0.0375 0.0861111
0 0.557813 0.696296 0.0708333 0.0805556
0 0.586458 0.527315 0.0666667 0.0768519
0 0.560938 0.0297454 0.034375 0.0577546
0 0.119401 0.0251157 0.0375 0.0487269
0 0.765625 0.577778 0.0416667 0.111111
0 0.5625 0.785185 0.0833333 0.0796296
0 0.684375 0.525926 0.0416667 0.107407
0 0.354948 0.31088 0.03125 0.0671296
0 0.317708 0.308333 0.0447917 0.0944444
0 0.725521 0.549074 0.0395833 0.105556
0 0.898958 0.643056 0.04375 0.119444
0 0.0609538 0.0137153 0.0241862 0.0263889
0 0.665625 0.0052662 0.0229167 0.0101852
1 0.354688 0.311111 0.0317708 0.0685185
0 0.0673177 0.0148727 0.0369792 0.0292245
0 0.161458 0.00596065 0.0255208 0.0111111
2 0.5625 0.785185 0.0833333 0.0796296
1 0.560417 0.0295645 0.0333333 0.0576534
2 0.558464 0.696296 0.0705729 0.0814815
3 0.557292 0.697222 0.0708333 0.0814815
2 0.575 0.60463 0.0770833 0.0814815
0 0.213542 0.00902778 0.0328125 0.0168403
3 0.5625 0.785185 0.0833333 0.0796296
3 0.766667 0.577778 0.0416667 0.111111
3 0.726042 0.549537 0.040625 0.106481
0 0.155208 0.00613426 0.0145833 0.0118634
3 0.576042 0.605556 0.0770833 0.0814815
0 0.381771 0.00639468 0.0145833 0.0123264
0 0.379167 0.00850694 0.0208333 0.0165509
0 0.129167 0.0242549 0.0263021 0.0480179
0 0.3625 0.0131076 0.009375 0.0254051
3 0.317708 0.307407 0.0458333 0.0925926
3 0.683854 0.525 0.040625 0.109259
3 0.898958 0.643056 0.04375 0.12037
2 0.766146 0.578241 0.0416667 0.112037
0 0.142057 0.0282986 0.0408854 0.0556713
1 0.288021 0.295833 0.0364583 0.087037
0 0.375 0.0159433 0.0364583 0.0313657
0 0.142188 0.00905671 0.00989583 0.0173611
2 0.726042 0.549537 0.0395833 0.108333
0 0.684375 0.525463 0.0416667 0.108333
0 0.563021 0.784259 0.084375 0.0796296
0 0.766667 0.577778 0.0416667 0.111111
0 0.558854 0.696296 0.0697917 0.0814815
0 0.898958 0.643056 0.0458333 0.119444
0 0.576042 0.60463 0.0770833 0.0814815
0 0.346354 0.0928241 0.0375 0.0800926
0 0.726562 0.550463 0.040625 0.106481
0 0.5875 0.525926 0.0666667 0.0759259
0 0.416146 0.122106 0.0364583 0.0773148
0 0.288021 0.29537 0.0364583 0.087037
0 0.179818 0.033044 0.0377604 0.066088
0 0.559375 0.0289352 0.03125 0.0578704
0 0.355208 0.312037 0.0322917 0.0722222
0 0.317448 0.310185 0.0447917 0.1
0 0.118229 0.0242477 0.034375 0.0484954
0 0.571875 0.522222 0.0375 0.0685185
0 0.0628255 0.0132451 0.0278646 0.0259404
0 0.542708 0.693056 0.0395833 0.0740741
0 0.554688 0.600926 0.0354167 0.0740741
0 0.541146 0.782407 0.0416667 0.0777778
0 0.0720052 0.0128906 0.0473958 0.0257812
0 0.763542 0.600463 0.0375 0.0666667
0 0.0638021 0.00936053 0.0313802 0.0187211
0 0.897396 0.665741 0.0416667 0.0740741
1 0.288021 0.295602 0.0364583 0.087963
1 0.346615 0.0928241 0.0375 0.0796296
1 0.00472819 0.648148 0.00890299 0.0148148
1 0.355208 0.312731 0.0322917 0.0731481
0 0.129167 0.0250289 0.0588542 0.0500579
0 0.68125 0.54537 0.0354167 0.0685185
2 0.346354 0.0936921 0.0369792 0.0804398
0 0.0363932 0 0.0727865 0
1 0.559896 0.0286748 0.03125 0.0573495
1 0.0628255 0.0132451 0.0278646 0.0259404
1 0.117057 0.0244285 0.0320312 0.0481337
0 0.765625 0.578704 0.0427083 0.111111
0 0.346875 0.0936343 0.0385417 0.0805556
0 0.563021 0.784259 0.084375 0.0796296
0 0.415885 0.122569 0.0369792 0.0777778
0 0.727083 0.55 0.04375 0.107407
0 0.586979 0.526852 0.0677083 0.0759259
0 0.576042 0.605093 0.0791667 0.0842593
0 0.684375 0.525 0.04375 0.109259
0 0.558854 0.697222 0.071875 0.0833333
0 0.288021 0.296759 0.0385417 0.087037
0 0.563542 0.029022 0.0375 0.0579282
0 0.180208 0.0336516 0.0395833 0.0664931
0 0.898958 0.64213 0.04375 0.121296
0 0.121094 0.0242477 0.0414063 0.0478009
0 0.355469 0.311111 0.0322917 0.0666667
0 0.316927 0.309259 0.0473958 0.0990741
1 0.0884115 0.100203 0.015625 0.0162616
1 0.934375 0.0810185 0.0145833 0.0219907
1 0.0461589 0.0653935 0.0125651 0.0175926
1 0.081901 0.0993056 0.0463542 0.0173611
1 0.143229 0.11875 0.009375 0.0101852
1 0.141895 0.117593 0.0427734 0.0125
1 0.930729 0.0806134 0.021875 0.024537
1 0.00490723 0.65 0.00880534 0.0166667
1 0.96875 0.671296 0.0166667 0.0185185
0 0.0664714 0.0132523 0.018099 0.0263889
1 0.0507812 0.616667 0.00989583 0.0148148
1 0.361719 0.0123192 0.00885417 0.0239728
1 0.674479 0.14213 0.0114583 0.0175926
1 0.936979 0.0847222 0.009375 0.0141204
0 0.0651042 0.0136574 0.0292969 0.0273148
1 0.964583 0.671296 0.0104167 0.0185185
0 0.665625 0.00594618 0.0208333 0.0118345
1 0.364323 0.015162 0.0145833 0.0302662
1 0.996354 0.153935 0.00729167 0.0175926
0 0.770312 0.551852 0.0322917 0.0592593
1 0.710417 0.923148 0.0145833 0.0166667
1 0.136328 0.819444 0.0132813 0.0287037
0 0.361979 0.0141493 0.00989583 0.0279514
1 0.0500977 0.0451389 0.00683594 0.0100694
1 0.3625 0.00862269 0.0109375 0.0172454
0 0.321354 0.297454 0.0375 0.0740741
1 0.669792 0.141204 0.0229167 0.0180556
0 0.576042 0.604167 0.0770833 0.0833333
0 0.557813 0.697222 0.0697917 0.0814815
0 0.586979 0.527315 0.0666667 0.0777778
0 0.898958 0.641667 0.04375 0.12037
0 0.563021 0.783333 0.0833333 0.0777778
0 0.683854 0.525463 0.0416667 0.110185
0 0.766667 0.578241 0.04375 0.111111
0 0.726042 0.550926 0.0416667 0.105556
0 0.179948 0.0336516 0.0390625 0.066956
0 0.346354 0.0945602 0.0369792 0.0798611
0 0.120768 0.0242477 0.0404948 0.0484954
0 0.415885 0.123032 0.0364583 0.0773148
0 0.28776 0.297222 0.0380208 0.087037
0 0.561458 0.0290437 0.0354167 0.0578848
0 0.355729 0.308796 0.0302083 0.0638889
0 0.063265 0.0138889 0.0318034 0.0274306
0 0.300521 0.315509 0.078125 0.113426
0 0.317708 0.308565 0.0453125 0.099537
1 0.00460612 0.65 0.00921224 0.0166667
0 0.666667 0.00471643 0.01875 0.00920139
1 0.0505208 0.0443866 0.00611979 0.0101852
1 0.0501953 0.0607639 0.00507812 0.00902778
1 0.048112 0.0649306 0.00911458 0.0162037
0 0.415625 0.122917 0.0364583 0.0773148
0 0.288542 0.297222 0.0375 0.0861111
0 0.586458 0.526852 0.0677083 0.0777778
0 0.558333 0.696759 0.0708333 0.0824074
0 0.179948 0.0336227 0.0385417 0.0665509
0 0.346354 0.0936343 0.0375 0.0798611
0 0.561458 0.0289931 0.034375 0.0579861
0 0.576042 0.60463 0.078125 0.0851852
0 0.766667 0.577778 0.04375 0.112963
0 0.5625 0.782407 0.0833333 0.0814815
0 0.683333 0.525463 0.0395833 0.110185
0 0.119661 0.0244141 0.0369792 0.0487413
0 0.726562 0.550926 0.0395833 0.105556
0 0.900521 0.641667 0.046875 0.122222
0 0.355208 0.313426 0.03125 0.0722222
0 0.0570313 0.0135995 0.0395833 0.0271412
0 0.317969 0.306481 0.0458333 0.0944444
0 0.0389974 0.0137297 0.0779948 0.0274595
0 0.0846354 0.0261285 0.0986979 0.0512153
0 0.665625 0.00457176 0.0208333 0.00914352
0 0.0817708 0.0139757 0.0934896 0.0257523
1 0.00569661 0.649537 0.00976562 0.0166667
1 0.142839 0.118287 0.00807292 0.00925926
0 0.0667806 0.0136574 0.0367513 0.0268519
1 0.120312 0.0243345 0.0385417 0.048669
1 0.0561523 0.0137008 0.0429036 0.0274016
1 0.996875 0.153704 0.00625 0.0166667
0 0.340885 0.0177951 0.08125 0.0351852
0 0.328646 0.0229745 0.0875 0.0459491
1 0.0888021 0.099537 0.0161458 0.0166667
1 0.0504232 0.618981 0.00839844 0.012037
0 0.347917 0.0135127 0.0635417 0.0252315
0 0.346875 0.0931713 0.0375 0.0803241
0 0.576042 0.60463 0.0791667 0.0814815
0 0.415885 0.121991 0.0359375 0.0777778
0 0.558464 0.697222 0.0705729 0.0824074
0 0.5625 0.784259 0.084375 0.0796296
0 0.5875 0.526852 0.0666667 0.0740741
0 0.288021 0.296759 0.0385417 0.0888889
0 0.766667 0.577778 0.04375 0.111111
0 0.179948 0.0335359 0.0380208 0.0662616
0 0.726042 0.550926 0.0416667 0.105556
0 0.683854 0.524537 0.040625 0.110185
0 0.898958 0.64213 0.0458333 0.119444
0 0.559375 0.0287037 0.0291667 0.0574074
0 0.119792 0.0239583 0.0367187 0.0476852
0 0.354948 0.309259 0.03125 0.0648148
0 0.319792 0.294676 0.040625 0.0689815
0 0.0610677 0.0132234 0.0304688 0.025463
0 0.0606771 0.0173032 0.0263021 0.0186921
0 0.0693848 0.0177083 0.0482096 0.0328704
0 0.216927 0.00636574 0.0328125 0.0113426
0 0.171875 0.0611111 0.0114583 0.0109954
0 0.895833 0.698148 0.0114583 0.0111111
0 0.557292 0.0530671 0.0104167 0.0101852
0 0.680208 0.573148 0.0145833 0.012963
0 0.554167 0.0528935 0.01875 0.0104167
0 0.898438 0.698148 0.009375 0.0111111
0 0.763021 0.625926 0.025 0.0148148
0 0.407031 0.155787 0.0171875 0.0106481
0 0.410677 0.156019 0.0109375 0.0101852
0 0.339583 0.128009 0.0114583 0.0115741
0 0.176563 0.061169 0.00677083 0.0112269
0 0.903125 0.698148 0.0104167 0.0111111
0 0.89375 0.697222 0.0166667 0.0111111
0 0.765104 0.625926 0.0114583 0.0148148
0 0.763542 0.629167 0.0125 0.0101852
0 0.560417 0.053125 0.00833333 0.0104167
0 0.677083 0.573148 0.025 0.012963
0 0.216016 0.0103877 0.0320312 0.0195602
0 0.099349 0.00557002 0.0106771 0.00992477
0 0.665625 0.00399306 0.0197917 0.00798611
0 0.597396 0.639352 0.015625 0.0111111
0 0.415104 0.156134 0.00885417 0.0101852
0 0.59375 0.638889 0.0166667 0.0111111
0 0.897396 0.693981 0.0322917 0.0166667
0 0.576042 0.732407 0.0270833 0.0111111
0 0.308333 0.328704 0.025 0.05
0 0.163672 0.00439815 0.0242187 0.00711806
0 0.90625 0.698148 0.00833333 0.0111111
0 0.0989583 0.0134549 0.0283854 0.0243634
0 0.685417 0.573148 0.009375 0.012963
0 0.34375 0.128125 0.00729167 0.0115741
0 0.227604 0.00583044 0.0182292 0.00917245
0 0.76875 0.625463 0.0104167 0.0148148
0 0.101823 0.00643808 0.0164062 0.0105035
0 0.68125 0.576852 0.0125 0.00833333
0 0.769271 0.62963 0.009375 0.00925926
0 0.590625 0.638426 0.0333333 0.012037
0 0.721354 0.596296 0.0197917 0.012963
0 0.135026 0.00920139 0.0205729 0.0158565
0 0.679167 0.57037 0.03125 0.0194444
0 0.413802 0.152778 0.0302083 0.0143519
0 0.905208 0.693519 0.0177083 0.0166667
0 0.761979 0.62037 0.034375 0.0259259
0 0.606771 0.55787 0.0260417 0.012963
0 0.594792 0.816667 0.00833333 0.012963
0 0.759375 0.628704 0.021875 0.0111111
0 0.897917 0.690741 0.0395833 0.0222222
0 0.0709798 0.0130715 0.0325195 0.0244358
0 0.116016 0.044213 0.00911458 0.00833333
0 0.179557 0.0609954 0.00677083 0.0116898
0 0.118815 0.0442708 0.00898437 0.00856481
0 0.721875 0.6 0.0125 0.00925926
0 0.579687 0.732407 0.0125 0.00925926
0 0.154297 0.0284144 0.0359375 0.0548611
0 0.111914 0.0440394 0.011849 0.00844907
0 0.286198 0.335185 0.00677083 0.0111111
0 0.557292 0.815278 0.0364583 0.012037
1 0.0492839 0.619444 0.00768229 0.012963
0 0.686458 0.576852 0.0104167 0.00740741
0 0.665625 0.00409433 0.0208333 0.00818866
0 0.283333 0.335185 0.009375 0.0111111
1 0.00335286 0.647222 0.00660807 0.0175926
0 0.121875 0.0443287 0.00755208 0.00868056
0 0.16849 0.0605903 0.0145833 0.0112269
0 0.208333 0.00601852 0.0171875 0.010706
0 0.0691406 6.51042e-05 0.0127604 0.000130208
0 0.563021 0.0528935 0.00625 0.0104167
0 0.341406 0.132407 0.0114583 0.00648148
0 0.065625 0.000130208 0.0128906 0.000260417
0 0.417708 0.155903 0.00729167 0.0104167
0 0.590625 0.794444 0.0291667 0.062963
0 0.60625 0.561111 0.0135417 0.00925926
0 0.311979 0.329167 0.034375 0.0296296
0 0.577083 0.700926 0.0333333 0.0740741
0 0.334635 0.127315 0.0130208 0.0118056
0 0.607292 0.55787 0.0104167 0.012037
0 0.676042 0.576389 0.0208333 0.00925926
0 0.595833 0.82037 0.0104167 0.00925926
0 0.0625163 0.000202546 0.0148112 0.000405093
0 0.761458 0.612037 0.0333333 0.0425926
0 0.909375 0.697222 0.00625 0.0111111
0 0.282813 0.331019 0.0260417 0.0171296
0 0.338021 0.131944 0.0166667 0.00787037
1 0.0046224 0.649074 0.00875651 0.0166667
0 0.586458 0.526852 0.0666667 0.0759259
0 0.416146 0.122483 0.0359375 0.0777199
0 0.765625 0.578704 0.0416667 0.112963
0 0.346875 0.0934028 0.0375 0.0803241
0 0.576042 0.604167 0.0791667 0.0824074
0 0.558464 0.695833 0.0705729 0.0805556
0 0.56237 0.784259 0.0835937 0.0805556
0 0.180729 0.0338252 0.0390625 0.0676505
0 0.683333 0.525463 0.0395833 0.109259
0 0.725 0.551389 0.0395833 0.107407
0 0.288542 0.297222 0.0375 0.0875
0 0.9 0.641667 0.04375 0.119444
0 0.559375 0.0288773 0.03125 0.0577546
0 0.355208 0.309259 0.0302083 0.0648148
0 0.117383 0.0244502 0.0326823 0.0489005
0 0.319792 0.299306 0.0427083 0.0777778
0 0.666146 0.00504919 0.0208333 0.0100984
1 0.00576986 0.649537 0.0111816 0.0175926
0 0.759896 0.92037 0.0197917 0.0574074
1 0.00804036 0.651852 0.0151042 0.0231481
0 0.0621094 0.0141782 0.0269531 0.0277778
1 0.559375 0.0287616 0.03125 0.0575231
1 0.996875 0.153472 0.00625 0.0185185
1 0.117188 0.0244502 0.0325521 0.0489005
1 0.839583 0.644444 0.0166667 0.0287037
0 0.557813 0.696759 0.0708333 0.0814815
0 0.586458 0.527778 0.0666667 0.0777778
0 0.563021 0.785185 0.084375 0.0796296
0 0.576042 0.603704 0.078125 0.0833333
0 0.766667 0.579167 0.0416667 0.112963
0 0.9 0.643056 0.0458333 0.12037
0 0.725 0.551389 0.0395833 0.106481
0 0.683333 0.525 0.0395833 0.111111
0 0.317187 0.307176 0.0447917 0.0935185
0 0.415885 0.122801 0.0364583 0.0770833
0 0.346875 0.0934606 0.0375 0.078588
0 0.180078 0.0334491 0.0390625 0.0668981
0 0.5625 0.0289352 0.0375 0.0578704
0 0.28776 0.298148 0.0385417 0.0888889
0 0.120312 0.0242477 0.0395833 0.0482639
0 0.354688 0.310185 0.0322917 0.0648148
0 0.0643229 0.0134549 0.0367187 0.0269097
0 0.665625 0.00471643 0.0208333 0.00943287
0 0.558333 0.695833 0.0697917 0.0805556
0 0.576042 0.603704 0.0770833 0.0833333
0 0.5625 0.783333 0.0833333 0.0787037
0 0.586458 0.526389 0.0666667 0.0777778
0 0.346875 0.0940972 0.0375 0.0798611
0 0.415625 0.122801 0.0364583 0.0768519
0 0.900521 0.642593 0.0447917 0.12037
0 0.766667 0.578704 0.04375 0.111111
0 0.560417 0.0291088 0.0333333 0.0582176
0 0.180078 0.0338252 0.0390625 0.0676505
0 0.2875 0.297685 0.0380208 0.0888889
0 0.683333 0.525463 0.0395833 0.110185
0 0.725521 0.551852 0.0395833 0.10463
0 0.355469 0.309028 0.0307292 0.0634259
0 0.317969 0.306019 0.04375 0.0916667
0 0.118424 0.0244213 0.0355469 0.0488426
0 0.0647135 0.0135995 0.0239583 0.0271991
0 0.665104 0.00489005 0.0208333 0.00978009
1 0.905729 0.385185 0.0197917 0.0240741
0 0.127214 0.0235605 0.0382813 0.0469763
0 0.0746745 0.0180845 0.0246094 0.036169
1 0.909375 0.386111 0.0135417 0.0222222
0 0.0710938 0.0124132 0.0308594 0.0248264
0 0.576042 0.60463 0.0791667 0.0814815
0 0.558464 0.696296 0.0705729 0.0814815
0 0.5625 0.784259 0.0833333 0.0796296
0 0.586458 0.526852 0.0677083 0.0768519
0 0.766667 0.578241 0.04375 0.112037
0 0.683333 0.525 0.0395833 0.111111
0 0.898958 0.641667 0.0458333 0.12037
0 0.725 0.55 0.0395833 0.107407
0 0.416146 0.123148 0.0354167 0.075463
0 0.346875 0.0942708 0.0375 0.0790509
0 0.179948 0.0335648 0.0380208 0.0671296
0 0.2875 0.297222 0.0390625 0.0875
0 0.561458 0.029022 0.034375 0.0578125
0 0.317187 0.306713 0.0447917 0.0930556
0 0.355469 0.309722 0.0307292 0.0657407
0 0.11901 0.0243128 0.0361979 0.0485966
0 0.0634115 0.0130787 0.0300781 0.0260417
0 0.482812 0.00278501 0.00729167 0.00557002
0 0.109115 0 0.0864583 0
0 0.666146 0.00462963 0.0208333 0.00925926
0 0.379948 0 0.0833333 0
0 0.073763 0 0.0768229 0
0 0.5625 0.783333 0.084375 0.0833333
0 0.683333 0.525926 0.0416667 0.109259
0 0.415625 0.122888 0.0354167 0.0773727
0 0.576042 0.60463 0.078125 0.0833333
0 0.558333 0.696296 0.0708333 0.0824074
0 0.346615 0.0939815 0.0380208 0.0800926
0 0.766667 0.578704 0.04375 0.112963
0 0.725 0.552315 0.0416667 0.108333
0 0.180078 0.0344618 0.0390625 0.0671875
0 0.288281 0.297454 0.0380208 0.0884259
0 0.586458 0.526852 0.0666667 0.0777778
0 0.9 0.642593 0.0458333 0.12037
0 0.317708 0.30787 0.0458333 0.0935185
0 0.560417 0.0291739 0.0333333 0.0578559
0 0.11901 0.0248264 0.0367187 0.0491898
0 0.355729 0.311111 0.0302083 0.0675926
0 0.061849 0.0137442 0.0309896 0.0273148
0 0.665625 0.00491898 0.0208333 0.00954861
0 0.0785319 0.0148799 0.0645508 0.0284578
0 0.356771 0.0150174 0.0260417 0.0300347
0 0.382292 0.00500579 0.01875 0.0100116
0 0.364062 0.0143808 0.0125 0.0284722
0 0.0688639 0.0182436 0.0424805 0.0364873
0 0.664583 0.00434751 0.0229167 0.00869502
0 0.371615 0.0120949 0.025 0.0241898
0 0.483333 0.00348669 0.00729167 0.00697338
1 0.255729 0.67037 0.0171875 0.0333333
0 0.375 0.00949074 0.0364583 0.0189815
0 0.767187 0.579167 0.04375 0.110185
0 0.576042 0.603704 0.0791667 0.0833333
0 0.5625 0.784259 0.0833333 0.0833333
0 0.586458 0.526852 0.0666667 0.0777778
0 0.416146 0.122888 0.0364583 0.0759838
0 0.558464 0.696759 0.0705729 0.0824074
0 0.346875 0.0940972 0.0380208 0.0791667
0 0.726042 0.550926 0.0395833 0.105556
0 0.180078 0.033912 0.0388021 0.0668981
0 0.561979 0.029116 0.0364583 0.0576244
0 0.684375 0.525926 0.0395833 0.110185
0 0.9 0.642593 0.0458333 0.12037
0 0.288281 0.296759 0.0380208 0.0861111
0 0.11888 0.0243056 0.0372396 0.0486111
0 0.318229 0.307407 0.04375 0.0935185
0 0.355208 0.310648 0.03125 0.0666667
0 0.0622559 0.0135706 0.030957 0.0271412
1 0.216797 0.445833 0.009375 0.025
1 0.233854 0.485185 0.00833333 0.0231481
0 0.665625 0.00380498 0.0208333 0.00760995
1 0.24974 0.523148 0.00885417 0.0222222
1 0.25026 0.528241 0.0104167 0.0333333
1 0.0889323 0.100231 0.0158854 0.0166667
0 0.36224 0.0141493 0.009375 0.0273727
0 0.0889323 0.100231 0.0158854 0.0166667
0 0.661979 0.00395689 0.0291667 0.00791377
0 0.103451 0.0072338 0.0727865 0.0144676
0 0.742708 0.00162037 0.0791667 0.00324074
0 0.363021 0.0088831 0.00833333 0.0177662
0 0.16901 0 0.0630208 0
1 0.0507812 0.62037 0.0108073 0.0203704
0 0.0566406 0.00714699 0.0582031 0.014294
1 0.256771 0.539815 0.0234375 0.0574074
1 0.231771 0.485185 0.0135417 0.0240741
0 0.576042 0.603704 0.078125 0.0833333
0 0.416146 0.122801 0.0364583 0.0752315
0 0.586458 0.527315 0.0666667 0.0777778
0 0.346354 0.0939815 0.0375 0.0798611
0 0.558464 0.697222 0.0705729 0.0814815
0 0.683333 0.525463 0.040625 0.109259
0 0.180078 0.0340278 0.0388021 0.0671296
0 0.765625 0.578704 0.0416667 0.111111
0 0.288021 0.297222 0.0375 0.087037
0 0.9 0.641667 0.04375 0.118519
0 0.56237 0.786111 0.0835937 0.0814815
0 0.724479 0.550926 0.0385417 0.106481
0 0.561458 0.0289352 0.0333333 0.0578704
0 0.317708 0.308102 0.04375 0.0944444
0 0.119141 0.024537 0.0375 0.0490741
0 0.355469 0.312037 0.0302083 0.0675926
0 0.0625651 0.0136285 0.0342448 0.0272569
0 0.665625 0.00436921 0.0208333 0.00873843
1 0.216927 0.445602 0.00911458 0.025463
0 0.142578 0.0273148 0.0440104 0.0546296
1 0.233984 0.485185 0.00885417 0.0240741
0 0.664062 0.00440538 0.025 0.00881076
1 0.666667 0.00448495 0.0208333 0.00885417
0 0.0981771 0.00626447 0.00833333 0.0125289
0 0.5625 0.784259 0.084375 0.0796296
0 0.586979 0.527778 0.0666667 0.0777778
0 0.558203 0.697222 0.0710938 0.0833333
0 0.576042 0.60463 0.0770833 0.0833333
0 0.683854 0.525 0.0395833 0.112037
0 0.179948 0.0337963 0.0385417 0.0675926
0 0.416146 0.123032 0.0364583 0.0768519
0 0.346615 0.0944444 0.0375 0.0805556
0 0.766667 0.57963 0.04375 0.111111
0 0.725521 0.551389 0.0385417 0.106481
0 0.288021 0.296528 0.0375 0.0884259
0 0.899479 0.642593 0.0427083 0.12037
0 0.5625 0.0292824 0.0375 0.0585648
0 0.119271 0.0245081 0.0375 0.0490162
0 0.31849 0.307407 0.0432292 0.0944444
0 0.061263 0.0134259 0.031901 0.0268519
0 0.355469 0.308333 0.03125 0.062037
0 0.665625 0.00519387 0.0208333 0.00925926
0 0.683854 0.524537 0.040625 0.109259
0 0.586458 0.526852 0.0666667 0.0777778
0 0.576042 0.603704 0.0770833 0.0833333
0 0.558333 0.696296 0.0697917 0.0814815
0 0.56237 0.783333 0.0835937 0.0814815
0 0.766667 0.578704 0.04375 0.111111
0 0.180208 0.033478 0.0385417 0.0668403
0 0.416146 0.122483 0.0364583 0.0772569
0 0.346875 0.0929398 0.0375 0.0780093
0 0.9 0.64213 0.04375 0.12037
0 0.725 0.550926 0.0385417 0.106481
0 0.288021 0.296528 0.0369792 0.0865741
0 0.561458 0.0289931 0.0354167 0.0579861
0 0.119141 0.0243056 0.0375 0.0484954
0 0.317969 0.308102 0.0442708 0.0949074
0 0.355208 0.308796 0.0302083 0.062963
0 0.0613932 0.0134259 0.0322917 0.0268519
0 0.665625 0.00462963 0.0208333 0.00925926
0 0.371354 0.0165509 0.0302083 0.0331019
0 0.373958 0.0239005 0.0333333 0.0478009
0 0.354688 0.326157 0.0333333 0.099537
1 0.665625 0.00451389 0.0208333 0.00902778
0 0.363021 0.0141276 0.0125 0.0277633
0 0.0667806 0.0116319 0.0258138 0.0232639
1 0.36224 0.0134187 0.009375 0.0260561
0 0.744792 0.00541088 0.0166667 0.0102431
0 0.586458 0.526852 0.0666667 0.0759259
0 0.576042 0.603704 0.0770833 0.0833333
0 0.898958 0.642593 0.04375 0.12037
0 0.683333 0.525 0.0395833 0.109259
0 0.5625 0.783796 0.0833333 0.0787037
0 0.558333 0.696296 0.0697917 0.0814815
0 0.766146 0.578704 0.0416667 0.111111
0 0.416146 0.123032 0.0364583 0.0777778
0 0.346875 0.0939236 0.0375 0.0802083
0 0.180078 0.0338831 0.0388021 0.066956
0 0.725 0.550926 0.0395833 0.107407
0 0.28776 0.296296 0.0385417 0.087037
0 0.560417 0.0294488 0.0322917 0.0578848
0 0.317448 0.308565 0.0447917 0.0953704
0 0.12168 0.0249349 0.0420573 0.04932
0 0.354427 0.311111 0.0322917 0.0675926
0 0.0637858 0.0136574 0.0307617 0.0268519
0 0.666146 0.00448495 0.0197917 0.00763889
0 0.179688 0.0341435 0.0380208 0.0670139
0 0.576042 0.604167 0.0770833 0.0833333
0 0.415885 0.123177 0.0364583 0.0777199
0 0.5625 0.784722 0.0833333 0.0814815
0 0.586458 0.526852 0.0666667 0.0768519
0 0.558464 0.696296 0.0705729 0.0814815
0 0.683333 0.525 0.0395833 0.111111
0 0.765625 0.578704 0.0416667 0.111111
0 0.346354 0.0943866 0.0375 0.0802083
0 0.898958 0.641667 0.04375 0.12037
0 0.725 0.55 0.0395833 0.107407
0 0.288021 0.296296 0.0375 0.087037
0 0.317708 0.308102 0.0447917 0.0949074
0 0.560417 0.0291739 0.0333333 0.0573929
0 0.120898 0.0248264 0.0404948 0.0488426
0 0.354167 0.306481 0.0322917 0.0578704
0 0.0622559 0.0137659 0.0314779 0.0269821
0 0.06639 0.0123843 0.0213867 0.0226852
0 0.0494466 0.0131293 0.0563151 0.0248987
0 0.586458 0.527778 0.0666667 0.0777778
0 0.5625 0.783333 0.084375 0.0796296
0 0.558333 0.696296 0.0697917 0.0814815
0 0.576042 0.60463 0.0770833 0.0833333
0 0.683333 0.525 0.0395833 0.109259
0 0.416146 0.122888 0.0364583 0.0769097
0 0.898958 0.642593 0.04375 0.12037
0 0.766146 0.578241 0.0416667 0.112037
0 0.346875 0.0939815 0.0364583 0.0803241
0 0.288021 0.296528 0.0375 0.0856481
0 0.179948 0.0339699 0.0380208 0.066088
0 0.724479 0.550926 0.0375 0.107407
0 0.560938 0.0291956 0.0333333 0.0578125
0 0.317969 0.306944 0.04375 0.0925926
0 0.12168 0.0240741 0.0417969 0.0476852
0 0.354688 0.306019 0.0322917 0.0564815
0 0.0641927 0.0140625 0.0309896 0.0279514
0 0.666667 0.00465856 0.0208333 0.00882523
0 0.210677 0.0051794 0.0239583 0.00946181
1 0.665625 0.00507812 0.0208333 0.00882523
0 0.0970052 0.00535301 0.00742187 0.00983796
0 0.138802 0.00789931 0.0140625 0.0148148
0 0.683333 0.525 0.0395833 0.109259
0 0.898958 0.642593 0.04375 0.12037
0 0.558464 0.696759 0.0705729 0.0814815
0 0.576042 0.604167 0.0770833 0.0833333
0 0.766667 0.578704 0.0416667 0.112963
0 0.586458 0.526852 0.0666667 0.0768519
0 0.5625 0.784259 0.0833333 0.0805556
0 0.346875 0.0939236 0.0375 0.0797454
0 0.416146 0.122801 0.0364583 0.0766204
0 0.723958 0.550926 0.0395833 0.107407
0 0.179948 0.0336806 0.0385417 0.0670139
0 0.2875 0.296759 0.0375 0.087963
0 0.317708 0.308102 0.0447917 0.0962963
0 0.560938 0.0291088 0.0333333 0.0582176
0 0.121875 0.0246817 0.0427083 0.0493634
0 0.354427 0.308333 0.0322917 0.0615741
0 0.0663411 0.01386 0.0391927 0.0277199
0 0.666146 0.00497685 0.0208333 0.00902778
0 0.576042 0.60463 0.0770833 0.0814815
0 0.56237 0.783796 0.0835937 0.0805556
0 0.416146 0.122656 0.0354167 0.0764468
0 0.558464 0.696296 0.0705729 0.0814815
0 0.586458 0.527315 0.0666667 0.0768519
0 0.765625 0.578241 0.0416667 0.112037
0 0.683333 0.525 0.0395833 0.109259
0 0.898958 0.642593 0.04375 0.122222
0 0.346615 0.09375 0.0369792 0.0796296
0 0.179948 0.0335648 0.0385417 0.0671296
0 0.725 0.55 0.0375 0.107407
0 0.2875 0.296759 0.0375 0.0861111
0 0.317708 0.307407 0.0442708 0.0944444
0 0.560417 0.029022 0.0333333 0.0578125
0 0.122982 0.0243634 0.0441406 0.0487269
0 0.354688 0.309028 0.03125 0.062037
0 0.0623535 0.0139468 0.0302409 0.0278935
0 0.666667 0.00493345 0.0208333 0.00899884
0 0.576042 0.604167 0.078125 0.0833333
0 0.558333 0.696296 0.0697917 0.0814815
0 0.586458 0.526852 0.0666667 0.0768519
0 0.5625 0.784259 0.0833333 0.0805556
0 0.179948 0.033941 0.0388021 0.0673032
0 0.416146 0.122888 0.0364583 0.0773727
0 0.898958 0.642593 0.04375 0.12037
0 0.683333 0.525463 0.0395833 0.110185
0 0.766667 0.578704 0.0416667 0.111111
0 0.346875 0.0938657 0.0375 0.0798611
0 0.2875 0.296296 0.0375 0.087037
0 0.725 0.550926 0.0395833 0.107407
0 0.560417 0.0289931 0.0333333 0.0579861
0 0.122591 0.0245877 0.044401 0.0489728
0 0.355208 0.306481 0.0302083 0.0564815
0 0.318229 0.30787 0.0427083 0.0944444
0 0.0639323 0.01386 0.0345052 0.0277199
0 0.666667 0.00489005 0.0208333 0.00850694
1 0.0709635 0.0974537 0.0138021 0.0233796
0 0.416146 0.123032 0.0364583 0.0770833
0 0.683333 0.525 0.0395833 0.111111
0 0.576042 0.60463 0.0770833 0.0833333
0 0.5625 0.784259 0.0833333 0.0796296
0 0.558333 0.696296 0.0697917 0.0814815
0 0.766667 0.578241 0.0427083 0.112037
0 0.586458 0.527778 0.0666667 0.0759259
0 0.288021 0.296759 0.0369792 0.087037
0 0.179948 0.0337963 0.0385417 0.0670139
0 0.346875 0.0940972 0.0375 0.0798611
0 0.898958 0.642593 0.04375 0.121296
0 0.724479 0.550926 0.0385417 0.107407
0 0.561458 0.0291088 0.034375 0.0579861
0 0.122266 0.0248843 0.0434896 0.0494213
0 0.355208 0.309028 0.0296875 0.062963
0 0.318229 0.298611 0.0427083 0.0768519
0 0.0636068 0.0138817 0.0330729 0.0269821
0 0.665625 0.00500579 0.0208333 0.00856481
0 0.557813 0.696296 0.0697917 0.0814815
0 0.56237 0.784722 0.0835937 0.0805556
0 0.576042 0.60463 0.0770833 0.0833333
0 0.586458 0.526852 0.0666667 0.0777778
0 0.683333 0.525 0.0395833 0.111111
0 0.416146 0.122917 0.0364583 0.0768519
0 0.288021 0.296759 0.0369792 0.0861111
0 0.766667 0.578241 0.04375 0.111111
0 0.346875 0.0938657 0.0375 0.0791667
0 0.179948 0.0337384 0.0385417 0.0667824
0 0.898958 0.64213 0.04375 0.121296
0 0.725 0.550926 0.0395833 0.107407
0 0.560417 0.0288773 0.0322917 0.0577546
0 0.121745 0.024537 0.0427083 0.0490741
0 0.355208 0.309954 0.0302083 0.0652778
0 0.319531 0.298611 0.040625 0.0768519
0 0.0629069 0.0136574 0.0304362 0.0273148
0 0.665625 0.00451389 0.0208333 0.00873843
0 0.288281 0.296759 0.0369792 0.087037
0 0.558333 0.696296 0.0697917 0.0814815
0 0.576042 0.604167 0.0770833 0.0833333
0 0.5625 0.784259 0.0833333 0.0796296
0 0.586458 0.527315 0.0666667 0.0768519
0 0.416146 0.123032 0.0364583 0.0770833
0 0.683333 0.525 0.0395833 0.111111
0 0.766667 0.578704 0.04375 0.111111
0 0.346875 0.0938079 0.0375 0.0790509
0 0.180208 0.0340278 0.0385417 0.0666667
0 0.898958 0.64213 0.04375 0.121296
0 0.724479 0.550926 0.0385417 0.107407
0 0.560938 0.0292752 0.0333333 0.0580006
0 0.122201 0.0247685 0.0436198 0.0490741
0 0.355469 0.309722 0.0307292 0.0643518
0 0.320312 0.298148 0.0395833 0.075
0 0.0634766 0.0137225 0.028776 0.0270689
0 0.665625 0.00477431 0.0208333 0.00859375
0 0.482031 0.00300926 0.00729167 0.00601852
0 0.576042 0.60463 0.0770833 0.0833333
0 0.558333 0.696296 0.0697917 0.0814815
0 0.56237 0.784259 0.0835937 0.0796296
0 0.586458 0.527778 0.0666667 0.0759259
0 0.416146 0.123119 0.0364583 0.0769097
0 0.179948 0.033941 0.0390625 0.066956
0 0.683333 0.525 0.0395833 0.111111
0 0.346875 0.0939815 0.0375 0.0793981
0 0.766667 0.578704 0.0427083 0.111111
0 0.288021 0.296759 0.0364583 0.087037
0 0.898958 0.642593 0.04375 0.12037
0 0.725 0.550926 0.0395833 0.107407
0 0.561458 0.0291088 0.0333333 0.0582176
0 0.122526 0.0247685 0.04375 0.049537
0 0.355208 0.308565 0.03125 0.0625
0 0.317969 0.306944 0.0442708 0.0935185
0 0.0636556 0.0137804 0.0291992 0.0275318
0 0.665625 0.00486111 0.0208333 0.0083912
0 0.482292 0.0031684 0.00729167 0.0046875
0 0.576042 0.60463 0.0770833 0.0833333
0 0.558333 0.696296 0.0697917 0.0814815
0 0.56237 0.784259 0.0835937 0.0796296
0 0.586458 0.527778 0.0666667 0.0759259
0 0.416146 0.123119 0.0364583 0.0769097
0 0.179948 0.033941 0.0390625 0.066956
0 0.683333 0.525 0.0395833 0.111111
0 0.346875 0.0939815 0.0375 0.0793981
0 0.766667 0.578704 0.0427083 0.111111
0 0.288021 0.296759 0.0364583 0.087037
0 0.898958 0.642593 0.04375 0.12037
0 0.725 0.550926 0.0395833 0.107407
0 0.561458 0.0291088 0.0333333 0.0582176
0 0.122526 0.0247685 0.04375 0.049537
0 0.355208 0.308565 0.03125 0.0625
0 0.317969 0.306944 0.0442708 0.0935185
0 0.0636556 0.0137804 0.0291992 0.0275318
0 0.665625 0.00486111 0.0208333 0.0083912
0 0.482292 0.00315394 0.00729167 0.0046875
