0 0.660417 0.196644 0.0458333 0.0497685
0 0.919271 0.0622106 0.0458333 0.0523148
0 0.715625 0.0167896 0.0239583 0.0333189
0 0.646875 0.0225405 0.025 0.0445023
0 0.202604 0.0856481 0.04375 0.0402778
0 0.0867188 0.177778 0.0408854 0.0398148
0 0.905208 0.0127604 0.0260417 0.0239005
0 0.199479 0.120255 0.0414063 0.0335648
1 0.0867839 0.177315 0.0410156 0.0384259
1 0.581771 0.177546 0.009375 0.0125
1 0.905208 0.0124349 0.0260417 0.0233941
0 0.0665202 0.00856481 0.0435221 0.0158565
1 0.582292 0.172569 0.0104167 0.0224537
1 0.919271 0.0621383 0.046875 0.0518808
1 0.646875 0.0224609 0.025 0.043967
1 0.715625 0.0164062 0.0229167 0.0328125
1 0.202214 0.0858218 0.0440104 0.0387731
1 0.661458 0.196296 0.0458333 0.05
0 0.738542 0.00613426 0.00833333 0.0119792
0 0.0575846 0.0087963 0.0261068 0.0164931
0 0.264648 0.0146991 0.0769531 0.0282986
1 0.201562 0.120255 0.0453125 0.0337963
0 0.757292 0.00585938 0.025 0.0108507
0 0.0518229 0.00798611 0.0140625 0.0148148
0 0.660937 0.196181 0.046875 0.0511574
0 0.919271 0.061169 0.046875 0.0524306
0 0.646875 0.0219907 0.025 0.0439815
0 0.715625 0.0163194 0.025 0.0323495
0 0.203125 0.084375 0.0447917 0.0439815
0 0.904688 0.0122758 0.0270833 0.0239439
0 0.202865 0.0942708 0.0453125 0.0894676
1 0.715625 0.0160156 0.025 0.0320312
0 0.197396 0.114149 0.0369792 0.0499421
1 0.582292 0.177894 0.0104167 0.0125
1 0.58125 0.175231 0.0104167 0.0171296
1 0.919271 0.061169 0.046875 0.0524306
1 0.646875 0.021875 0.025 0.04375
0 0.19375 0.121065 0.0302083 0.0365741
0 0.0873698 0.176273 0.0411458 0.0372685
0 0.194271 0.0868056 0.0273438 0.0384259
0 0.661458 0.196181 0.0479167 0.0493056
0 0.647396 0.0218678 0.025 0.04307
0 0.919271 0.0612847 0.046875 0.0519676
0 0.203255 0.0871528 0.0453125 0.0412037
0 0.714583 0.0164931 0.0260417 0.0329861
0 0.904688 0.0131076 0.0260417 0.0250579
0 0.0871094 0.175 0.0401042 0.0347222
1 0.581771 0.177083 0.009375 0.012963
0 0.202604 0.116638 0.0479167 0.0338542
1 0.0872396 0.174884 0.0398437 0.0351852
1 0.322135 0.0464699 0.00885417 0.012963
1 0.540104 0.352315 0.00833333 0.0175926
1 0.329167 0.0905671 0.00833333 0.0149306
1 0.578125 0.174653 0.0166667 0.0164352
1 0.523438 0.783333 0.009375 0.0166667
1 0.739062 0.00681424 0.00729167 0.0135706
1 0.905208 0.0130208 0.0260417 0.0255787
0 0.197266 0.12037 0.0367187 0.0259259
1 0.717188 0.177431 0.0145833 0.0118056
1 0.99375 0.400463 0.0125 0.0194444
1 0.9875 0.538889 0.0208333 0.0148148
0 0.714583 5.78704e-05 0.03125 0.000115741
1 0.506771 0.972222 0.0104167 0.0148148
1 0.330729 0.0923032 0.0114583 0.0188657
0 0.12474 0.567593 0.245833 0.137037
0 0.409635 0.0657407 0.147396 0.131481
0 0.661458 0.196296 0.0479167 0.0513889
0 0.919792 0.0617477 0.0458333 0.0533565
0 0.646875 0.022338 0.025 0.0446759
0 0.715625 0.0165003 0.025 0.0326244
0 0.202865 0.0862847 0.0442708 0.0417824
0 0.765625 0.0297526 0.0604167 0.0573929
0 0.202734 0.101881 0.0460938 0.0735532
0 0.740625 0.0057581 0.0104167 0.0107639
0 0.905208 0.0127242 0.0270833 0.0246672
0 0.0871094 0.175231 0.0395833 0.0337963
0 0.742708 0.015191 0.0166667 0.0295718
0 0.746875 0.0270544 0.025 0.0532986
0 0.201823 0.118171 0.0463542 0.0398148
1 0.58125 0.177083 0.00833333 0.0143519
1 0.996875 0.901852 0.00625 0.0148148
0 0.741667 0.00998264 0.0125 0.0191551
0 0.753646 0.0290509 0.0375 0.0581019
0 0.789583 0.0207755 0.0145833 0.0181713
0 0 0.0497396 0 0.0994792
0 0.647917 0.0223669 0.025 0.0447338
0 0.91875 0.0619068 0.0458333 0.0530382
0 0.660937 0.195949 0.0479167 0.0502315
0 0.714583 0.0161169 0.0270833 0.0315972
0 0.903125 0.0132234 0.0291667 0.0260995
0 0.203516 0.0988426 0.0460938 0.0564815
0 0.0657552 0.00642361 0.0458333 0.0127315
0 0.614583 0.0246528 0.09375 0.0493056
0 0.0895833 0.176389 0.0457031 0.037037
0 0.68125 0.0186921 0.0958333 0.0373843
1 0.713542 0.0160301 0.0291667 0.0320602
1 0.58125 0.174653 0.0104167 0.0164352
0 0.226693 0.101591 0.0924479 0.073206
0 0.0487956 0.00789931 0.0796224 0.0148727
1 0.647396 0.0225116 0.025 0.0450231
0 0.202865 0.0875 0.04375 0.0402778
0 0.719792 0.0153863 0.0166667 0.0303385
0 0.89375 0.0136863 0.05 0.0262153
1 0.91875 0.0618056 0.0458333 0.052662
0 0.904688 0.00842014 0.0270833 0.0166088
1 0.582292 0.170833 0.0125 0.0236111
0 0.960417 0.166551 0.0666667 0.0256944
0 0.199349 0.108912 0.0401042 0.0513889
0 0.660417 0.196528 0.0479167 0.0513889
0 0.91875 0.0619358 0.0479167 0.0534433
0 0.647917 0.0226852 0.025 0.0451389
0 0.202344 0.0865162 0.04375 0.040625
0 0.715625 0.0163194 0.0239583 0.0322917
0 0.202083 0.118056 0.0473958 0.0388889
0 0.0858724 0.175579 0.0420573 0.0356481
0 0.905208 0.0125868 0.0270833 0.0238426
0 0.746875 0.00685764 0.021875 0.0119792
0 0.195052 0.119907 0.0322917 0.0300926
0 0.753646 0.00616319 0.0354167 0.0116319
0 0.904688 0.0822917 0.0166667 0.0113426
0 0.75625 0.0309896 0.0520833 0.060706
0 0.725521 0.0158492 0.00729167 0.0306858
0 0.7625 0.00500579 0.01875 0.00891204
0 0.645833 0.215741 0.0166667 0.0115741
0 0.749479 0.011292 0.0302083 0.0222078
0 0.768229 0.0530671 0.0166667 0.0121528
0 0.764583 0.0356481 0.0416667 0.0487269
1 0.58125 0.177083 0.00833333 0.0134259
0 0.775 0.0528935 0.00833333 0.0122685
0 0.348437 0.335648 0.0385417 0.0425926
0 0.927083 0.00645255 0.0229167 0.0112269
0 0.354948 0.348611 0.0135417 0.0138889
0 0.76875 0.0453125 0.03125 0.0271991
0 0.355208 0.347222 0.0197917 0.0175926
1 0.58125 0.174769 0.0104167 0.0180556
0 0.771875 0.915741 0.114583 0.133333
0 0.759375 0.0528935 0.00625 0.0125
0 0.930208 0.00500579 0.0135417 0.0083912
0 0.717188 0.00334925 0.0197917 0.0066985
0 0.749479 0.0300347 0.0302083 0.059838
0 0.65 0.0423032 0.0125 0.00856481
0 0.922917 0.00572917 0.01875 0.0105324
0 0.210677 0.105324 0.0270833 0.0143519
0 0.740625 0.00672743 0.0104167 0.0120081
0 0.660937 0.196065 0.0479167 0.05
0 0.91875 0.0616898 0.0479167 0.0530093
0 0.646875 0.0221065 0.025 0.044213
0 0.715625 0.016059 0.0229167 0.0321181
0 0.904167 0.0126447 0.0270833 0.0247685
0 0.202865 0.091956 0.0442708 0.0248843
1 0.819271 0.240972 0.0114583 0.0125
1 0.239063 0.450463 0.00625 0.012037
1 0.23776 0.449537 0.00833333 0.0148148
1 0.715104 0.0162688 0.0239583 0.0322772
0 0.660417 0.196065 0.0479167 0.0490741
0 0.91875 0.0614005 0.0479167 0.0523148
0 0.647917 0.0220486 0.0229167 0.0440972
0 0.715625 0.0162543 0.025 0.0323061
0 0.202865 0.0875 0.0453125 0.0393519
0 0.202214 0.117824 0.0473958 0.0337963
0 0.904688 0.0127821 0.0260417 0.0248987
1 0.582292 0.172801 0.0114583 0.0210648
0 0.789583 0.0242477 0.0135417 0.0247685
0 0.0649577 0.00716146 0.0398763 0.0132813
0 0.0882813 0.178935 0.0455729 0.0402778
0 0.0567057 0.00688657 0.0234375 0.0134259
1 0.580729 0.175 0.009375 0.0171296
0 0.660417 0.196296 0.0479167 0.050463
0 0.919271 0.0622106 0.046875 0.0523148
0 0.647917 0.0224248 0.025 0.0448495
0 0.715625 0.016059 0.025 0.0321181
0 0.202604 0.0877893 0.0447917 0.0385417
1 0.58125 0.176852 0.009375 0.0138889
1 0.58125 0.177662 0.00729167 0.0106481
0 0.203776 0.10026 0.0471354 0.0735532
0 0.90625 0.00910012 0.025 0.017853
1 0.58125 0.171528 0.0125 0.0240741
0 0.647396 0.0220558 0.0239583 0.0440828
0 0.660937 0.196412 0.0479167 0.0497685
0 0.91875 0.062037 0.0479167 0.0520833
0 0.715104 0.0160373 0.0239583 0.03193
0 0.202344 0.0854167 0.0432292 0.0416667
0 0.0587891 0.00662616 0.028776 0.0131944
1 0.58125 0.171065 0.0104167 0.0240741
0 0.202344 0.11713 0.046875 0.037963
0 0.91875 0.0614583 0.0479167 0.0534722
0 0.660417 0.196412 0.0479167 0.0502315
0 0.647917 0.0225116 0.025 0.044213
0 0.202344 0.084838 0.04375 0.0446759
0 0.714583 0.0166956 0.025 0.0329282
0 0.905208 0.0128183 0.0270833 0.0245949
0 0.0864583 0.176736 0.0402344 0.0372685
0 0.0678385 0.00810185 0.0470052 0.0162037
1 0.58125 0.175 0.00833333 0.0152778
0 0.964063 0.156944 0.059375 0.0462963
0 0.913542 0.0118924 0.04375 0.0235532
0 0.914583 0.0041956 0.0447917 0.00763889
0 0.202604 0.118027 0.0476562 0.0389468
0 0.965625 0.166435 0.0625 0.0266204
0 0.914583 0.00610532 0.0479167 0.0119792
0 0.790104 0.0233796 0.015625 0.0224537
0 0.75625 0.0296007 0.04375 0.0592014
1 0.582292 0.170833 0.0104167 0.0236111
0 0.921875 0.00474537 0.0270833 0.00943287
0 0.799479 0.0216725 0.0354167 0.0284144
0 0.965625 0.140394 0.0625 0.0773148
1 0.0864583 0.17662 0.040625 0.0365741
0 0.953125 0.170023 0.0395833 0.0175926
0 0.906771 0.00811632 0.025 0.0162326
1 0.714583 0.0170428 0.025 0.033044
1 0.997917 0.669444 0.00416667 0.0111111
1 0.905208 0.0126157 0.0270833 0.0247685
0 0.926042 0.00377604 0.01875 0.00755208
1 0.994792 0.673148 0.0104167 0.0111111
1 0.996875 0.671296 0.00625 0.012963
0 0.807292 0.019213 0.0520833 0.0384259
0 0.0578776 0.00787037 0.0266927 0.0155093
1 0.222135 0.117593 0.00885417 0.0118056
0 0.0530599 0.00750868 0.0167969 0.014728
0 0.660417 0.196296 0.0479167 0.049537
0 0.91875 0.0616319 0.0479167 0.0527778
0 0.647917 0.0223958 0.025 0.0445602
0 0.714583 0.0162688 0.025 0.0320457
0 0.202214 0.0858796 0.0432292 0.0377315
0 0.904167 0.0128762 0.0260417 0.0254051
0 0.0661458 0.00784144 0.0450521 0.0137153
0 0.203385 0.118547 0.0494792 0.0420718
0 0.960417 0.172222 0.0645833 0.0131944
0 0.9625 0.175116 0.0614583 0.00925926
0 0.0545573 0.00795718 0.0209635 0.0145255
0 0.0888672 0.176852 0.046224 0.0363426
0 0.0639486 0.00679977 0.0515299 0.0135995
0 0.581771 0.17338 0.00833333 0.0180556
0 0.908333 0.00154803 0.0458333 0.00309606
1 0.58125 0.173611 0.00833333 0.0194444
0 0.90625 0.00640914 0.0291667 0.0128183
0 0.961458 0.164468 0.0625 0.0291667
0 0.915104 0.00552662 0.0479167 0.0105324
0 0.705208 0.0109086 0.0479167 0.0218171
0 0.204297 0.221065 0.00520833 0.0189815
0 0.91875 0.0620949 0.0479167 0.0530093
0 0.660937 0.197106 0.046875 0.0502315
0 0.647917 0.0225694 0.025 0.0451389
0 0.715625 0.0162543 0.025 0.0321904
0 0.202474 0.0866898 0.0440104 0.0402778
0 0.904167 0.0127894 0.0270833 0.0252894
0 0.208594 0.109491 0.0598958 0.0585648
0 0.741146 0.0119213 0.0114583 0.0238426
0 0.738542 0.00577257 0.00625 0.0115451
0 0.0878906 0.177662 0.0440104 0.0384259
0 0.744792 0.0144676 0.0166667 0.0289352
0 0.738542 0.0109664 0.009375 0.0219329
1 0.58125 0.177778 0.00833333 0.0125
1 0.581771 0.175347 0.0104167 0.0171296
1 0.222266 0.11713 0.00833333 0.0115741
0 0.660937 0.196412 0.046875 0.0506944
0 0.91875 0.0621528 0.0479167 0.0532407
0 0.646875 0.0224537 0.0260417 0.0449074
0 0.714583 0.0162326 0.025 0.0316551
0 0.202083 0.0854745 0.0432292 0.0396991
0 0.905208 0.0128979 0.0270833 0.0251302
0 0.204557 0.117361 0.0513021 0.0381944
0 0.089974 0.17662 0.0476562 0.0375
0 0.963021 0.165972 0.0604167 0.0268519
1 0.58125 0.177315 0.00833333 0.0138889
0 0.738542 0.00619213 0.00625 0.0117477
0 0.910417 0.00920139 0.0364583 0.0177662
1 0.581771 0.173264 0.009375 0.0212963
0 0.660417 0.196412 0.0479167 0.0497685
0 0.647396 0.0224826 0.025 0.0449653
0 0.91875 0.0623843 0.0458333 0.0518519
0 0.715104 0.0158275 0.025 0.0314236
0 0.905208 0.0130787 0.0270833 0.0256944
0 0.202344 0.0864583 0.0432292 0.0388889
0 0.0642578 0.00856481 0.0401042 0.0171296
0 0.789583 0.0244792 0.0145833 0.0255787
0 0.738542 0.00635127 0.00625 0.0117188
1 0.581771 0.178356 0.00833333 0.0106481
0 0.742708 0.0103154 0.0166667 0.0203414
0 0.739583 0.00707465 0.0104167 0.013397
0 0.0871094 0.176389 0.0408854 0.0365741
0 0.0553385 0.00889757 0.021875 0.0177951
0 0.660417 0.196296 0.0479167 0.050463
0 0.91875 0.0617477 0.0479167 0.0530093
0 0.647396 0.022338 0.025 0.0443287
0 0.714583 0.0163484 0.0260417 0.0320023
0 0.904688 0.0128472 0.0270833 0.0248264
0 0.0658854 0.00824653 0.0440104 0.0157986
0 0.203516 0.0855324 0.0460938 0.0395833
0 0.0573568 0.00857928 0.0255208 0.0164062
1 0.582292 0.175926 0.00833333 0.0148148
0 0.908333 0.00470197 0.01875 0.00940394
1 0.58125 0.172917 0.0104167 0.0199074
0 0.660417 0.196528 0.0479167 0.050463
0 0.91875 0.0619792 0.046875 0.053125
0 0.647917 0.0225694 0.025 0.0446759
0 0.714583 0.0163484 0.0260417 0.0320602
0 0.202344 0.0857639 0.0434896 0.0400463
0 0.0865885 0.176389 0.0416667 0.0375
0 0.904167 0.0129123 0.028125 0.0253328
0 0.789583 0.0222222 0.0135417 0.0260417
0 0.204297 0.11956 0.0507812 0.0409722
0 0.202344 0.102431 0.0447917 0.0703704
0 0.0558268 0.0083044 0.0232422 0.0155671
0 0.790625 0.0299479 0.0177083 0.0412616
0 0.0515951 0.00706019 0.0149089 0.0131366
0 0.660417 0.196181 0.0479167 0.0497685
0 0.91875 0.062037 0.046875 0.0527778
0 0.646875 0.0228299 0.025 0.0446181
0 0.714583 0.0167535 0.025 0.0328704
0 0.202344 0.0851852 0.0432292 0.0412037
0 0.904688 0.0131944 0.028125 0.0259259
0 0.0657552 0.00844907 0.0419271 0.0157407
0 0.0564128 0.00889757 0.023763 0.0164641
1 0.58125 0.175 0.00833333 0.0171296
0 0.205208 0.117014 0.0520833 0.0446759
0 0.789583 0.0236111 0.0145833 0.0237847
0 0.911458 0.00584491 0.0395833 0.0111111
1 0.997396 0.668519 0.00520833 0.0111111
0 0.203125 0.0995949 0.0463542 0.0765046
0 0.660937 0.196065 0.0479167 0.050463
0 0.91875 0.0616319 0.0479167 0.0527778
0 0.647917 0.0224248 0.025 0.0448495
0 0.714583 0.0165582 0.025 0.0327402
0 0.202344 0.0858796 0.0432292 0.0418981
0 0.904167 0.0128762 0.0270833 0.025463
0 0.0623698 0.0088397 0.0355469 0.0164641
1 0.202344 0.084838 0.04375 0.0428241
0 0.204688 0.119444 0.0520833 0.0375
1 0.715104 0.0166377 0.025 0.0329282
0 0.919271 0.0617477 0.046875 0.0528935
0 0.660937 0.196528 0.046875 0.05
0 0.647917 0.0226273 0.0239583 0.0450231
0 0.714583 0.0163122 0.025 0.0320747
0 0.202604 0.090625 0.0440104 0.031713
0 0.0623698 0.008261 0.0359375 0.0160012
0 0.0860026 0.177199 0.041276 0.037963
0 0.904167 0.0131944 0.028125 0.0257523
0 0.203906 0.119676 0.0505208 0.0324074
0 0.789062 0.0250579 0.0145833 0.0263889
0 0.904167 0.00759549 0.0291667 0.0146701
1 0.0858724 0.177083 0.041276 0.0375
0 0.0532552 0.0083044 0.0174479 0.0161458
1 0.58125 0.174769 0.00833333 0.0171296
0 0.660417 0.196181 0.0479167 0.0497685
0 0.91875 0.0619792 0.0479167 0.0524306
0 0.647917 0.0227503 0.025 0.0452402
0 0.714583 0.0162905 0.025 0.0321181
0 0.202865 0.0861111 0.0442708 0.0400463
0 0.0674479 0.00859375 0.0458333 0.0161458
1 0.58125 0.174074 0.009375 0.0189815
0 0.0860677 0.176736 0.0414063 0.0372685
0 0.0566406 0.00882523 0.0242187 0.0167245
0 0.904688 0.0130208 0.0291667 0.0256366
0 0.203516 0.121065 0.0486979 0.0328704
0 0.660417 0.196296 0.0479167 0.050463
0 0.91875 0.06182 0.046875 0.0525174
0 0.647917 0.022678 0.025 0.0449219
0 0.714583 0.0162543 0.0260417 0.0317274
0 0.202734 0.084375 0.0440104 0.0435185
0 0.0660807 0.00842014 0.0428385 0.0155671
0 0.0867188 0.176389 0.0411458 0.037037
0 0.904167 0.0134259 0.0291667 0.0258102
0 0.205339 0.116088 0.053125 0.0375
0 0.0570313 0.00891204 0.0248698 0.0166667
0 0.90625 0.00601852 0.025 0.0109375
0 0.660417 0.196065 0.0479167 0.05
0 0.91875 0.0619213 0.046875 0.0519676
0 0.647917 0.0224537 0.0239583 0.0449074
0 0.715104 0.015965 0.025 0.0313802
0 0.202865 0.0842593 0.0447917 0.0444444
0 0.0657552 0.00840567 0.0416667 0.0165799
0 0.904688 0.0130208 0.028125 0.0259838
0 0.0561198 0.00857928 0.0226563 0.0167535
0 0.205208 0.118634 0.0526042 0.0354167
0 0.0871745 0.176273 0.0415365 0.0363426
0 0.660937 0.196412 0.0479167 0.0502315
0 0.91875 0.0621528 0.0479167 0.0520833
0 0.647917 0.0226273 0.0239583 0.0450231
0 0.714583 0.0161965 0.025 0.0314959
0 0.202604 0.0846065 0.0442708 0.0435185
0 0.0648438 0.00850694 0.0395833 0.0159722
0 0.0869141 0.176852 0.0410156 0.0375
0 0.904688 0.0132234 0.0270833 0.0257523
0 0.0558594 0.00872396 0.0222656 0.0164062
0 0.660937 0.196412 0.046875 0.0497685
0 0.91875 0.0619792 0.0479167 0.0524306
0 0.647917 0.0226852 0.025 0.0453704
0 0.714583 0.0161386 0.025 0.0317274
0 0.202734 0.0847222 0.0445312 0.0428241
0 0.0588542 0.00859375 0.0278646 0.0158565
0 0.0869792 0.176736 0.0414063 0.0372685
0 0.904688 0.013397 0.028125 0.0263889
0 0.0659505 0.00745081 0.0425781 0.0135706
0 0.204167 0.115625 0.0497396 0.0458333
0 0.660937 0.196412 0.046875 0.0497685
0 0.91875 0.0620515 0.0479167 0.0525174
0 0.647917 0.0226852 0.025 0.0453704
0 0.714583 0.0161386 0.025 0.0317274
0 0.202734 0.0847222 0.0445312 0.0428241
0 0.0588542 0.00859375 0.0278646 0.0158565
0 0.0869792 0.176736 0.0414063 0.0372685
0 0.904688 0.0133608 0.028125 0.0264034
0 0.0659017 0.00745081 0.0426758 0.0135706
0 0.204167 0.115509 0.0497396 0.0460648
