0 0.0946615 0.138079 0.0458333 0.0712963
0 0.752083 0.383796 0.04375 0.0888889
0 0.142708 0.187963 0.0450521 0.0712963
0 0.200651 0.232002 0.0476562 0.0767361
0 0.0192057 0.340046 0.0382161 0.0888889
0 0.6125 0.395602 0.0458333 0.0902778
0 0.1875 0.55 0.0536458 0.101852
0 0.0318278 0.372685 0.0571777 0.0907407
0 0.283073 0.65463 0.0614583 0.122222
0 0.359896 0.381944 0.0520833 0.0944444
0 0.31901 0.687037 0.0515625 0.118519
0 0.253906 0.619907 0.0515625 0.103704
0 0.430208 0.452778 0.05 0.0953704
1 0.775521 0.162384 0.0125 0.0210648
0 0.00872396 0.289583 0.0171549 0.0564815
0 0.299479 0.666667 0.0322917 0.112963
0 0.269792 0.634722 0.0380208 0.0898148
3 0.430208 0.452083 0.05 0.0958333
3 0.611979 0.395602 0.0447917 0.0898148
3 0.9 0.448148 0.125 0.207407
3 0.31875 0.686111 0.0510417 0.116667
3 0.0317708 0.37338 0.0567708 0.0898148
3 0.898958 0.388889 0.127083 0.207407
2 0.611979 0.395139 0.0447917 0.0907407
2 0.430208 0.452778 0.05 0.0962963
3 0.360417 0.381713 0.0520833 0.0944444
1 0.0998698 0.386111 0.010026 0.0125
3 0.18724 0.55 0.053125 0.1
3 0.269792 0.634722 0.0380208 0.0898148
2 0.187109 0.549074 0.0533854 0.101852
3 0.299479 0.666667 0.0322917 0.112963
3 0.283073 0.655093 0.0604167 0.118519
2 0.360417 0.381944 0.0520833 0.0935185
3 0.891667 0.492593 0.125 0.207407
2 0.254167 0.619444 0.0515625 0.103704
3 0.254167 0.619907 0.0520833 0.103704
2 0.31875 0.685648 0.053125 0.117593
0 0.00367839 0.377315 0.00660807 0.0435185
0 0.889583 0.438889 0.15 0.037037
1 0.333333 0.0182798 0.00885417 0.0268663
1 0.101562 0.386111 0.0145833 0.0157407
0 0.173958 0.189468 0.0552083 0.0752315
0 0.360938 0.381713 0.0520833 0.0962963
0 0.254818 0.619907 0.0528646 0.101852
0 0.430729 0.452778 0.0505208 0.0953704
0 0.18776 0.552315 0.0536458 0.0972222
0 0.320052 0.688889 0.0526042 0.12037
0 0.6125 0.39537 0.0458333 0.0916667
0 0.752604 0.384259 0.04375 0.087963
0 0.284896 0.653704 0.0645833 0.124074
0 0.200651 0.231713 0.0484375 0.0763889
0 0.0195801 0.339815 0.0390299 0.0907407
0 0.0317383 0.371065 0.0580078 0.0902778
0 0.141634 0.188657 0.0427734 0.0675926
0 0.093099 0.143287 0.0411458 0.0599537
0 0.0215169 0.385648 0.0348958 0.0648148
0 0.00469564 0.235417 0.00854492 0.0199074
0 0.354948 0.396991 0.0401042 0.0652778
0 0.246745 0.62963 0.0361979 0.0814815
0 0.179688 0.561574 0.0369792 0.0777778
0 0.60625 0.405556 0.0333333 0.0694444
2 0.752083 0.383796 0.0427083 0.0898148
0 0.422917 0.464815 0.0354167 0.0712963
3 0.430208 0.452778 0.0510417 0.0962963
0 0.00664063 0.235648 0.0123047 0.0240741
3 0.360417 0.381944 0.053125 0.0958333
0 0.00707194 0.288889 0.0134603 0.0611111
0 0.360677 0.381481 0.0520833 0.0962963
0 0.430469 0.454167 0.0505208 0.0953704
0 0.6125 0.39537 0.0458333 0.0972222
0 0.186719 0.551852 0.0552083 0.0981481
0 0.200781 0.232407 0.05 0.0763889
0 0.0197266 0.33912 0.0394531 0.0898148
0 0.752083 0.38287 0.04375 0.0898148
0 0.253646 0.617593 0.0546875 0.107407
0 0.31875 0.686111 0.0541667 0.12037
0 0.143359 0.188889 0.0494792 0.0675926
0 0.283594 0.652315 0.0630208 0.119444
0 0.0317057 0.370833 0.0574219 0.0916667
0 0.0941406 0.143981 0.0479167 0.0592593
0 0.00341797 0.287037 0.00611979 0.0648148
0 0.00232747 0.283796 0.00416667 0.0509259
1 0.693229 0.854167 0.0104167 0.0314815
1 0.16901 0.521296 0.0106771 0.0222222
1 0.690625 0.879167 0.0125 0.0212963
1 0.0967448 0.274074 0.0169271 0.0157407
1 0.693229 0.846296 0.0104167 0.0212963
1 0.892187 0.925 0.0166667 0.0277778
1 0.065625 0.214005 0.0104167 0.0201389
1 0.0672526 0.209144 0.00690104 0.0108796
1 0.689583 0.875926 0.0104167 0.0111111
1 0.689062 0.859722 0.0166667 0.0314815
1 0.0714844 0.1875 0.00755208 0.0106481
1 0.0621745 0.214699 0.0164062 0.0224537
1 0.146354 0.318519 0.00885417 0.012963
1 0.309896 0.0800347 0.0104167 0.0121528
1 0.307813 0.0806713 0.00729167 0.012037
0 0.00651042 0.285648 0.0127279 0.0657407
1 0.768229 0.773611 0.009375 0.0148148
1 0.691667 0.859259 0.0125 0.0259259
0 0.292448 0.836111 0.0505208 0.0185185
0 0.3 0.8375 0.034375 0.0175926
1 0.564583 0.912037 0.0114583 0.00740741
1 0.690625 0.874537 0.0135417 0.0175926
1 0.769271 0.776389 0.0114583 0.0194444
1 0.775521 0.161343 0.0114583 0.0203704
0 0.0112305 0.28588 0.0220703 0.0638889
1 0.865104 0.191204 0.009375 0.012037
0 0.0045166 0.271991 0.00867513 0.0847222
0 0.00561523 0.368287 0.00986328 0.037037
1 0.76875 0.259491 0.00833333 0.0157407
0 0.430208 0.453241 0.05 0.0972222
0 0.187109 0.550926 0.0539063 0.1
0 0.361198 0.383333 0.0515625 0.0972222
0 0.254036 0.619444 0.0523437 0.103704
0 0.283333 0.654167 0.0614583 0.123148
0 0.320312 0.688426 0.05 0.123148
0 0.6125 0.395833 0.0458333 0.0898148
0 0.143457 0.188194 0.0464193 0.0699074
0 0.201042 0.227778 0.0494792 0.0833333
0 0.0313151 0.373148 0.0583333 0.0916667
0 0.752083 0.38287 0.04375 0.0898148
0 0.0198568 0.340278 0.0389974 0.0916667
0 0.0951823 0.140046 0.0473958 0.0666667
0 0.300456 0.688889 0.0897135 0.125926
0 0.267708 0.558796 0.0114583 0.0175926
0 0.00216471 0.293519 0.00432943 0.0694444
0 0.360156 0.382407 0.0520833 0.0962963
0 0.430729 0.452778 0.0510417 0.0972222
0 0.18724 0.549074 0.05625 0.101852
0 0.253776 0.619444 0.0533854 0.103704
0 0.752083 0.383565 0.0427083 0.0893519
0 0.611979 0.396065 0.0458333 0.0912037
0 0.200651 0.230613 0.0484375 0.0804398
0 0.284375 0.652315 0.0604167 0.117593
0 0.319792 0.686574 0.0515625 0.119444
0 0.141927 0.188426 0.0445312 0.0680556
0 0.0192546 0.340278 0.0385091 0.0916667
0 0.0303711 0.372917 0.0603516 0.0925926
0 0.00935872 0.289815 0.0185547 0.0583333
0 0.039681 0.366667 0.0410807 0.0796296
0 0.0236003 0.196065 0.0290365 0.0486111
0 0.00736491 0.278704 0.0145671 0.0351852
1 0.386979 0.381944 0.00833333 0.0138889
0 0.0155762 0.287963 0.0310872 0.0537037
1 0.168099 0.521296 0.00833333 0.0166667
0 0.00472005 0.232407 0.00830078 0.0175926
0 0.761979 0.208796 0.0291667 0.0421296
0 0.00375163 0.24213 0.00704753 0.037037
0 0.0940104 0.140509 0.0473958 0.0675926
0 0.0127279 0.232407 0.0254557 0.0203704
0 0.00623372 0.375926 0.0114583 0.0324074
1 0.777083 0.162847 0.0145833 0.0238426
0 0.0188477 0.38287 0.0363281 0.0694444
0 0.361198 0.382407 0.0515625 0.0962963
0 0.254687 0.619444 0.0536458 0.101852
0 0.430208 0.453241 0.0510417 0.0962963
0 0.186979 0.551852 0.0557292 0.1
0 0.752083 0.383796 0.0427083 0.0888889
0 0.611979 0.394907 0.0458333 0.0916667
0 0.31849 0.688889 0.0541667 0.124074
0 0.0201497 0.340046 0.0389974 0.0921296
0 0.28444 0.653704 0.0613281 0.118519
0 0.143457 0.188426 0.0469401 0.0675926
0 0.0319092 0.371759 0.0571452 0.0916667
0 0.201042 0.233738 0.0484375 0.071412
0 0.0952474 0.139815 0.0470052 0.0671296
0 0.0413737 0.366435 0.0382161 0.0810185
0 0.00581869 0.290278 0.0112142 0.0574074
0 0.348437 0.424306 0.00833333 0.0115741
0 0.745833 0.424074 0.0104167 0.0111111
0 0.345052 0.424306 0.0182292 0.0115741
0 0.0106608 0.281944 0.0207031 0.0425926
0 0.741146 0.423611 0.0177083 0.0111111
0 0.415625 0.496296 0.015625 0.0101852
0 0.420833 0.496759 0.009375 0.00925926
0 0.602604 0.43287 0.021875 0.0138889
0 0.130208 0.216435 0.0119792 0.012037
0 0.0176107 0.286574 0.0348307 0.0518519
0 0.242318 0.662963 0.0252604 0.0138889
0 0.135677 0.216435 0.00677083 0.0125
0 0.241927 0.666667 0.0119792 0.00925926
0 0.00681966 0.280093 0.0131185 0.0388889
0 0.748958 0.423843 0.00833333 0.0111111
0 0.420833 0.493056 0.01875 0.0138889
0 0.245182 0.666667 0.00833333 0.00925926
0 0.352083 0.424306 0.00729167 0.0115741
0 0.0159342 0.409722 0.0193034 0.012037
0 0.0040446 0.234259 0.00789388 0.0175926
0 0.174219 0.594907 0.00885417 0.012037
0 0.0854818 0.165162 0.00859375 0.0134259
0 0.745313 0.42037 0.0270833 0.0157407
0 0.188021 0.262037 0.0125 0.012037
0 0.0242187 0.194907 0.0280599 0.0444444
0 0.019987 0.380556 0.0329427 0.0722222
0 0.604167 0.437037 0.0104167 0.00833333
0 0.606771 0.433333 0.0104167 0.012963
0 0.245833 0.662963 0.0125 0.012963
0 0.0834635 0.165278 0.0213542 0.012963
1 0.159896 0.61713 0.00625 0.0101852
0 0.0888021 0.165394 0.00833333 0.0136574
0 0.607292 0.437037 0.00833333 0.00833333
0 0.0917969 0.165741 0.00833333 0.012963
0 0.171354 0.594444 0.0151042 0.0111111
0 0.138802 0.216435 0.00729167 0.0125
0 0.423438 0.496296 0.009375 0.00925926
0 0.188542 0.262037 0.0223958 0.0125
0 0.0960938 0.165972 0.00755208 0.0134259
1 0.354688 0.0116319 0.0119792 0.0202546
0 0.193229 0.262037 0.0078125 0.012963
0 0.00281576 0.387037 0.00494792 0.0314815
0 0.176693 0.594907 0.00729167 0.012037
0 0.132259 0.215509 0.0235026 0.012963
0 0.239063 0.665741 0.0184896 0.0111111
0 0.354688 0.424074 0.00625 0.012037
0 0.00297852 0.378241 0.00504557 0.0212963
0 0.247786 0.666667 0.00833333 0.00925926
0 0.0117228 0.233796 0.0220622 0.0166667
0 0.191016 0.265509 0.00885417 0.00787037
0 0.142188 0.216551 0.0078125 0.0127315
0 0.0189941 0.406481 0.0306315 0.0185185
0 0.0222005 0.409722 0.00917969 0.0125
0 0.1 0.165856 0.00794271 0.0136574
1 0.758854 0.139583 0.00729167 0.0175926
0 0.6 0.436343 0.01875 0.0101852
0 0.0906901 0.168981 0.00924479 0.0101852
0 0.186458 0.264815 0.0151042 0.00833333
0 0.0439779 0.365509 0.0328776 0.0560185
0 0.24349 0.65463 0.0302083 0.0305556
0 0.0933594 0.168519 0.00807292 0.0101852
0 0.610417 0.437037 0.00833333 0.00833333
0 0.196615 0.262037 0.0078125 0.012963
0 0.0875 0.168981 0.0102865 0.00925926
0 0.0773437 0.114352 0.0380208 0.0282407
0 0.00390625 0.278935 0.00729167 0.0361111
0 0.180339 0.594907 0.00807292 0.012037
0 0.00651042 0.370602 0.0120443 0.0333333
0 0.426302 0.496296 0.0078125 0.0101852
1 0.168359 0.521296 0.00807292 0.0166667
0 0.19375 0.265278 0.00833333 0.00833333
0 0.422917 0.493056 0.0109375 0.0138889
1 0.170052 0.519907 0.0106771 0.0212963
0 0.609375 0.433102 0.00833333 0.0134259
0 0.752604 0.382639 0.0427083 0.0884259
0 0.0197917 0.339352 0.0391927 0.0898148
0 0.187891 0.550926 0.0544271 0.0981481
0 0.360938 0.38287 0.0520833 0.0972222
0 0.430729 0.453472 0.0505208 0.0976852
0 0.319792 0.686111 0.0520833 0.118519
0 0.254948 0.618056 0.0536458 0.106481
0 0.611979 0.395833 0.0447917 0.0907407
0 0.284896 0.653704 0.0625 0.122222
0 0.200781 0.231481 0.0481771 0.0768519
0 0.141374 0.188194 0.0417318 0.0694444
0 0.0368815 0.371759 0.0473307 0.0907407
1 0.3875 0.382639 0.00833333 0.0175926
0 0.0079834 0.290509 0.0159668 0.0574074
0 0.0972656 0.139352 0.0515625 0.0675926
0 0.00467936 0.278009 0.00926107 0.0328704
0 0.0423177 0.35787 0.0355469 0.0657407
1 0.118359 0.594907 0.0101562 0.012037
1 0.170312 0.52037 0.0125 0.0194444
1 0.00711263 0.440741 0.0134766 0.0157407
0 0.430469 0.452315 0.0505208 0.0962963
0 0.360417 0.381481 0.053125 0.0958333
0 0.1875 0.551852 0.0546875 0.0981481
0 0.611979 0.394907 0.0458333 0.0925926
0 0.254427 0.617593 0.053125 0.107407
0 0.319271 0.689815 0.053125 0.124074
0 0.0322266 0.372685 0.0576823 0.0898148
0 0.283594 0.656018 0.0614583 0.125
0 0.0197428 0.340046 0.0394857 0.0912037
0 0.200391 0.231481 0.0497396 0.0759259
0 0.752083 0.383796 0.04375 0.0888889
0 0.143359 0.187963 0.046875 0.0708333
0 0.0959635 0.13912 0.0494792 0.0689815
1 0.421875 0.211343 0.00885417 0.025
1 0.169401 0.52037 0.0111979 0.0203704
0 0.782292 0.50081 0.141667 0.33912
1 0.76875 0.260417 0.0104167 0.0175926
1 0.423438 0.213889 0.009375 0.0217593
1 0.3875 0.383102 0.00833333 0.0152778
0 0.430729 0.452778 0.05 0.0962963
0 0.360938 0.382639 0.0520833 0.0953704
0 0.319792 0.688426 0.053125 0.122222
0 0.752083 0.384259 0.04375 0.087963
0 0.18724 0.552315 0.0536458 0.0972222
0 0.254036 0.619444 0.0523437 0.103704
0 0.28444 0.654167 0.0602865 0.122222
0 0.6125 0.395602 0.0458333 0.0898148
0 0.201042 0.229167 0.0484375 0.0805556
0 0.0194336 0.341435 0.0386719 0.0930556
0 0.0317383 0.372222 0.058138 0.0925926
0 0.14362 0.187731 0.0481771 0.0703704
0 0.0944661 0.139815 0.0460938 0.0680556
0 0.0426758 0.362963 0.0353516 0.075
0 0.0200521 0.324074 0.0389323 0.0564815
0 0.0093099 0.290972 0.0186198 0.0597222
1 0.38776 0.382639 0.0078125 0.0143519
0 0.430469 0.453241 0.05 0.0962963
0 0.360417 0.382176 0.0526042 0.0939815
0 0.253906 0.619444 0.053125 0.103704
0 0.18724 0.551852 0.0552083 0.0981481
0 0.319531 0.673148 0.0526042 0.0916667
0 0.752083 0.384028 0.04375 0.0888889
0 0.6125 0.39537 0.0458333 0.0916667
0 0.0196615 0.339815 0.0390625 0.0888889
0 0.273177 0.62963 0.0713542 0.0907407
0 0.142448 0.187963 0.0445312 0.0703704
0 0.201042 0.227778 0.0486979 0.0842593
0 0.28099 0.646296 0.0682292 0.110185
0 0.0312826 0.372222 0.0580078 0.0907407
0 0.0958333 0.138194 0.0486979 0.0699074
0 0.0415039 0.364815 0.0367839 0.0777778
0 0.752083 0.384259 0.04375 0.0888889
0 0.430208 0.453704 0.0510417 0.0972222
0 0.254427 0.615741 0.0526042 0.112963
0 0.1875 0.550926 0.0546875 0.100926
0 0.360677 0.383333 0.0520833 0.0953704
0 0.284115 0.65463 0.0614583 0.124074
0 0.611979 0.396759 0.0447917 0.0916667
0 0.320573 0.687963 0.05 0.118519
0 0.0199056 0.340741 0.0395508 0.0888889
0 0.200521 0.230324 0.0484375 0.0805556
0 0.0318278 0.371759 0.0569173 0.0898148
0 0.261198 0.637037 0.0635417 0.100926
0 0.143522 0.185069 0.0478516 0.0789352
0 0.0936849 0.138657 0.0441406 0.0699074
0 0.0437174 0.359722 0.0318359 0.0662037
0 0.00950521 0.28287 0.0190104 0.0416667
0 0.00667318 0.280093 0.0130859 0.0342593
1 0.38724 0.383102 0.0078125 0.0180556
1 0.858333 0.130093 0.0291667 0.0393519
1 0.170052 0.522222 0.0135417 0.0277778
0 0.0213216 0.390509 0.033724 0.0490741
0 0.752604 0.384259 0.04375 0.0898148
0 0.1875 0.55 0.0546875 0.0981481
0 0.360938 0.382639 0.0520833 0.0967593
0 0.6125 0.39537 0.0447917 0.0916667
0 0.430729 0.453241 0.0505208 0.0962963
0 0.319271 0.689352 0.0520833 0.12037
0 0.254687 0.619444 0.0526042 0.101852
0 0.283854 0.656482 0.0604167 0.125926
0 0.200781 0.229861 0.0479167 0.0800926
0 0.141016 0.187963 0.0424479 0.0685185
0 0.0322266 0.372222 0.0561198 0.0898148
0 0.0199707 0.340972 0.0388346 0.0907407
0 0.094401 0.1375 0.0458333 0.0708333
1 0.0984375 0.384722 0.00885417 0.012037
0 0.00937093 0.278704 0.0186279 0.0324074
1 0.169141 0.519444 0.0106771 0.0185185
0 0.0984375 0.384722 0.00885417 0.012037
0 0.0423096 0.366667 0.0347819 0.0800926
1 0.100326 0.385185 0.0138021 0.012963
1 0.7125 0.740741 0.00833333 0.0268519
0 0.360938 0.382407 0.0520833 0.0962963
0 0.6125 0.39537 0.0458333 0.0907407
0 0.752083 0.383796 0.04375 0.087037
0 0.430469 0.453009 0.0505208 0.0958333
0 0.254427 0.618519 0.0526042 0.103704
0 0.284115 0.65463 0.059375 0.124074
0 0.319792 0.688426 0.0520833 0.121296
0 0.1875 0.55 0.0541667 0.1
0 0.200911 0.231713 0.0484375 0.075463
0 0.0195475 0.340741 0.0390299 0.0898148
0 0.031543 0.371528 0.0567057 0.0898148
0 0.0945964 0.137731 0.0476562 0.0717593
0 0.144043 0.188889 0.0473307 0.0694444
0 0.009375 0.284028 0.0183919 0.0449074
0 0.00447591 0.375 0.00833333 0.0314815
0 0.00605469 0.371528 0.0108724 0.0398148
1 0.304167 0.0806713 0.00989583 0.0136574
0 0 0.348148 0 0.0759259
0 0.360938 0.382407 0.0520833 0.0967593
0 0.430729 0.453704 0.05 0.0962963
0 0.752604 0.384259 0.04375 0.0907407
0 0.187891 0.548148 0.0533854 0.1
0 0.254427 0.619444 0.0526042 0.103704
0 0.6125 0.395833 0.0458333 0.0925926
0 0.284375 0.655556 0.0588542 0.125926
0 0.200651 0.231713 0.0476562 0.0763889
0 0.320052 0.686574 0.0515625 0.117593
0 0.0197266 0.341435 0.0394531 0.0916667
0 0.142318 0.18831 0.0445312 0.06875
0 0.0406901 0.36713 0.0385417 0.0805556
0 0.0943359 0.139352 0.0459635 0.0675926
0 0.0319661 0.377546 0.0579427 0.0726852
1 0.516667 0.875463 0.0109375 0.0157407
0 0.357812 0.0128472 0.0208333 0.0235532
0 0.430208 0.452546 0.05 0.0949074
0 0.360938 0.381944 0.0520833 0.0953704
0 0.752083 0.383333 0.04375 0.087963
0 0.254036 0.618519 0.0528646 0.103704
0 0.6125 0.394907 0.04375 0.0898148
0 0.18776 0.548148 0.0541667 0.1
0 0.319792 0.687963 0.0510417 0.12037
0 0.285156 0.653704 0.0578125 0.122222
0 0.0196289 0.340972 0.0389974 0.0912037
0 0.200781 0.227546 0.0481771 0.0837963
0 0.141374 0.186458 0.0422526 0.0719907
0 0.0942708 0.137269 0.0459635 0.0712963
0 0.0390544 0.366667 0.0415527 0.0828704
0 0.00901693 0.290046 0.0180339 0.0569444
1 0.775 0.163657 0.0125 0.0208333
0 0.00379232 0.281481 0.00751953 0.0393519
1 0.0994141 0.38588 0.00651042 0.00972222
0 0.00259603 0.377083 0.00454102 0.025
0 0.00490723 0.374769 0.00887044 0.0333333
0 0.00348307 0.374074 0.00625 0.0268519
0 0.360938 0.382407 0.0520833 0.0953704
0 0.430208 0.453009 0.05 0.0958333
0 0.254427 0.619444 0.0526042 0.101852
0 0.18776 0.549074 0.0541667 0.1
0 0.200781 0.229167 0.0484375 0.0800926
0 0.611458 0.395602 0.0458333 0.0912037
0 0.319271 0.685185 0.0520833 0.114815
0 0.283854 0.65463 0.0598958 0.123148
0 0.752083 0.384491 0.04375 0.0893519
0 0.0194661 0.339352 0.0389323 0.0888889
0 0.0303385 0.371065 0.0583333 0.0967593
0 0.143359 0.187847 0.0476562 0.0719907
0 0.0962891 0.136314 0.0502604 0.0741319
0 0.0196615 0.311343 0.0393229 0.0319444
0 0.00249837 0.277315 0.00483398 0.0314815
1 0.0994792 0.387037 0.00703125 0.0111111
0 0.360417 0.382407 0.0520833 0.0953704
0 0.254167 0.618519 0.0520833 0.105556
0 0.18776 0.549537 0.053125 0.100926
0 0.430729 0.453241 0.05 0.0962963
0 0.200521 0.228704 0.0479167 0.0814815
0 0.31901 0.686574 0.053125 0.117593
0 0.283789 0.652778 0.0595052 0.119444
0 0.6125 0.39537 0.0458333 0.0916667
0 0.752083 0.383796 0.04375 0.0898148
0 0.0196615 0.339352 0.0393229 0.0898148
0 0.0314779 0.371759 0.0576172 0.0907407
0 0.141667 0.188657 0.04375 0.0703704
0 0.0955729 0.139815 0.0486979 0.0680556
0 0.10026 0.384954 0.0117188 0.0134259
0 0.0995443 0.386574 0.00833333 0.012037
1 0.0990885 0.387037 0.0078125 0.012037
0 0.0226563 0.360648 0.0425781 0.106481
0 0.360938 0.382407 0.0520833 0.0953704
0 0.430729 0.452778 0.05 0.0953704
0 0.254297 0.618981 0.0523437 0.103704
0 0.752604 0.383796 0.04375 0.0888889
0 0.6125 0.39537 0.0458333 0.0907407
0 0.200781 0.229225 0.0479167 0.0804398
0 0.187891 0.549074 0.0536458 0.0981481
0 0.0197428 0.339815 0.0394857 0.0888889
0 0.320312 0.683796 0.0510417 0.112963
0 0.283854 0.651389 0.0604167 0.117593
0 0.142578 0.189815 0.0450521 0.0675926
0 0.0313232 0.371296 0.0580566 0.0916667
0 0.0964844 0.140741 0.0494792 0.0662037
0 0.1 0.385185 0.00742187 0.00925926
1 0.0995443 0.385648 0.00768229 0.0101852
0 0.0980469 0.386111 0.0111979 0.0111111
0 0.101823 0.385185 0.0117188 0.0101852
0 0.360677 0.382407 0.0520833 0.0953704
0 0.430469 0.453472 0.05 0.0958333
0 0.254167 0.618981 0.0526042 0.102778
0 0.31901 0.686574 0.0526042 0.117593
0 0.752083 0.384259 0.04375 0.0898148
0 0.611979 0.39537 0.0447917 0.0907407
0 0.200521 0.228935 0.0479167 0.0814815
0 0.18737 0.550463 0.0539063 0.1
0 0.0195964 0.339815 0.0391927 0.0907407
0 0.283333 0.653704 0.0604167 0.12037
0 0.143197 0.186574 0.0458984 0.0740741
0 0.0314534 0.372222 0.0566243 0.0916667
0 0.0949219 0.138542 0.0471354 0.0701389
1 0.0994792 0.386343 0.00859375 0.0111111
0 0.430469 0.453009 0.05 0.0949074
0 0.360938 0.382176 0.0520833 0.0949074
0 0.319271 0.688426 0.0520833 0.122222
0 0.254167 0.618519 0.0520833 0.103704
0 0.752083 0.384028 0.04375 0.087963
0 0.6125 0.39537 0.04375 0.0898148
0 0.18737 0.550463 0.0539063 0.0990741
0 0.200651 0.228762 0.0486979 0.0813657
0 0.283333 0.653241 0.0604167 0.121296
0 0.0197266 0.340278 0.0394531 0.0898148
0 0.143099 0.187269 0.0466146 0.0708333
0 0.0318685 0.372222 0.0556641 0.0916667
0 0.0945313 0.138079 0.0458333 0.0703704
0 0.00221354 0.277315 0.00416667 0.0305556
0 0.360938 0.382639 0.0520833 0.0962963
0 0.430729 0.453009 0.05 0.0958333
0 0.254427 0.618519 0.0526042 0.103704
0 0.752083 0.383796 0.04375 0.0888889
0 0.200651 0.229398 0.0481771 0.0805556
0 0.611979 0.39537 0.0447917 0.0912037
0 0.18737 0.55 0.0541667 0.0981481
0 0.319271 0.687037 0.0520833 0.118519
0 0.283594 0.652778 0.0609375 0.118519
0 0.0198405 0.339815 0.0390951 0.0898148
0 0.0313721 0.371991 0.0574382 0.0912037
0 0.143359 0.187731 0.0466146 0.0717593
0 0.0946615 0.138657 0.0463542 0.0712963
0 0.360938 0.382407 0.0520833 0.0953704
0 0.430208 0.452778 0.05 0.0953704
0 0.319531 0.6875 0.0520833 0.12037
0 0.254297 0.618981 0.0523437 0.10463
0 0.752083 0.384259 0.04375 0.0902778
0 0.611979 0.395139 0.0447917 0.0907407
0 0.18763 0.550463 0.0539063 0.0990741
0 0.283268 0.653241 0.0605469 0.121296
0 0.0197591 0.340278 0.0395182 0.0898148
0 0.20026 0.228704 0.0473958 0.0819444
0 0.0314128 0.372222 0.057487 0.0898148
0 0.142839 0.187731 0.0463542 0.0717593
0 0.0947917 0.139352 0.0466146 0.0694444
0 0.0428711 0.3625 0.0332682 0.0722222
0 0.430729 0.453009 0.05 0.0958333
0 0.360938 0.382407 0.0520833 0.0953704
0 0.752083 0.383796 0.04375 0.0888889
0 0.254427 0.619444 0.0526042 0.101852
0 0.319792 0.687963 0.0520833 0.12037
0 0.611979 0.39537 0.0447917 0.0907407
0 0.1875 0.55 0.0541667 0.1
0 0.283398 0.652778 0.0613281 0.12037
0 0.200521 0.229572 0.0479167 0.0797454
0 0.0197591 0.340278 0.0395182 0.0888889
0 0.0316406 0.372685 0.0570313 0.0898148
0 0.142969 0.187963 0.0463542 0.0699074
0 0.0276367 0.353704 0.0518229 0.0935185
0 0.094401 0.140046 0.0454427 0.0673611
0 0.430729 0.453241 0.05 0.0953704
0 0.360938 0.382176 0.0520833 0.0958333
0 0.254427 0.618981 0.0526042 0.102778
0 0.0196777 0.339583 0.0393555 0.0893519
0 0.752083 0.383796 0.04375 0.0893519
0 0.319271 0.688889 0.053125 0.122222
0 0.6125 0.39537 0.04375 0.0907407
0 0.18737 0.55 0.0544271 0.1
0 0.200521 0.229861 0.0481771 0.0796296
0 0.283333 0.652778 0.0614583 0.12037
0 0.0316406 0.371759 0.0567708 0.0907407
0 0.143001 0.188542 0.0462891 0.0696759
0 0.0950521 0.13912 0.0466146 0.0689815
0 0.430729 0.452778 0.05 0.0953704
0 0.360938 0.382407 0.0520833 0.0953704
0 0.752083 0.384259 0.04375 0.0888889
0 0.254167 0.619444 0.0526042 0.103704
0 0.319271 0.688426 0.053125 0.122222
0 0.6125 0.395139 0.0458333 0.0902778
0 0.18737 0.55 0.0544271 0.0990741
0 0.0196615 0.340046 0.0393229 0.0893519
0 0.283333 0.653704 0.0609375 0.12037
0 0.200391 0.22963 0.0479167 0.0796296
0 0.0316406 0.372222 0.056901 0.0888889
0 0.142969 0.18831 0.0463542 0.0701389
0 0.0945313 0.139815 0.0458333 0.0666667
0 0.430729 0.452778 0.05 0.0953704
0 0.360938 0.382407 0.0520833 0.0953704
0 0.752083 0.384259 0.04375 0.0888889
0 0.254167 0.619444 0.0526042 0.103704
0 0.319271 0.688426 0.053125 0.122222
0 0.6125 0.395139 0.0458333 0.0902778
0 0.18737 0.55 0.0544271 0.0990741
0 0.0196615 0.340046 0.0393229 0.0893519
0 0.283333 0.653704 0.0609375 0.12037
0 0.200391 0.22963 0.0479167 0.0796296
0 0.0316406 0.372222 0.056901 0.0888889
0 0.142969 0.18831 0.0463542 0.0701389
0 0.0945964 0.139815 0.0457031 0.0666667
