0 0.780469 0.346875 0.0390625 0.0391667
1 0.439844 0.20625 0.0078125 0.0166667
1 0.780469 0.346875 0.040625 0.0395833
1 0.730859 0.9625 0.00859375 0.0166667
1 0.586328 0.20875 0.00703125 0.0158333
1 0.605859 0.485833 0.00703125 0.02
1 0.423047 0.99 0.009375 0.02
0 0.730859 0.9625 0.00859375 0.0166667
1 0.211328 0.152812 0.0132813 0.031875
0 0.439844 0.20625 0.0078125 0.0166667
1 0.425781 0.99 0.0140625 0.02
1 0.779492 0.345833 0.0378906 0.0383333
0 0.780469 0.346042 0.0390625 0.03875
1 0.423438 0.986667 0.0109375 0.0266667
1 0.220313 0.167708 0.0203125 0.06
1 0.216016 0.162188 0.025 0.050625
1 0.425781 0.986667 0.0140625 0.0266667
0 0.423438 0.986667 0.0109375 0.0266667
1 0.73125 0.9625 0.009375 0.0216667
1 0.212109 0.156042 0.0191406 0.0425
1 0.60625 0.485417 0.00625 0.0216667
0 0.2125 0.156667 0.0203125 0.038125
0 0.216016 0.162188 0.025 0.050625
1 0.439453 0.207083 0.009375 0.0175
0 0.425781 0.986667 0.0140625 0.0266667
0 0.220313 0.167708 0.0203125 0.06
1 0.425781 0.980833 0.015625 0.035
0 0.73125 0.9625 0.009375 0.0216667
0 0.211719 0.151458 0.0171875 0.039375
0 0.742969 0.953333 0.0484375 0.03
1 0.391016 0.0116667 0.0320312 0.0233333
2 0.780469 0.346042 0.0390625 0.0379167
1 0.779688 0.346458 0.0390625 0.0416667
0 0.779688 0.346458 0.0390625 0.0416667
1 0.439844 0.207292 0.009375 0.01875
1 0.423438 0.9875 0.0109375 0.0216667
1 0.989062 0.4775 0.01875 0.0175
1 0.221094 0.169583 0.01875 0.0558333
2 0.779688 0.346667 0.0390625 0.0425
1 0.21582 0.163125 0.0203125 0.04375
1 0.438672 0.203958 0.0125 0.0266667
1 0.439063 0.208333 0.0109375 0.0275
1 0.733594 0.96 0.015625 0.0233333
1 0.426172 0.9875 0.0148437 0.0233333
1 0.586719 0.209792 0.00703125 0.0204167
1 0.465234 0.433333 0.0109375 0.0266667
1 0.474219 0.43 0.0703125 0.035
1 0.286719 0.43 0.0152344 0.045
1 0.732031 0.0053125 0.00625 0.010625
1 0.294727 0.438333 0.0144531 0.0416667
0 0.989062 0.4775 0.01875 0.0175
1 0.295312 0.440833 0.015625 0.0283333
0 0.439844 0.207292 0.009375 0.01875
1 0.605469 0.485 0.0078125 0.025
1 0.714063 0.00904948 0.03125 0.018099
0 0.711719 0.00916667 0.0273438 0.0183333
1 0.2125 0.155521 0.015625 0.035
1 0.779492 0.344583 0.0378906 0.0391667
0 0.779492 0.344583 0.0378906 0.0391667
1 0.439844 0.205833 0.009375 0.01625
1 0.605469 0.483333 0.0078125 0.02
1 0.782031 0.35875 0.0421875 0.0575
0 0.439844 0.205833 0.009375 0.01625
1 0.990625 0.47625 0.01875 0.0166667
0 0.989844 0.632917 0.01875 0.0133333
1 0.296094 0.44375 0.01875 0.0291667
0 0.372852 0.0135938 0.0582031 0.0271875
0 0.760547 0.946667 0.0140625 0.02
1 0.295117 0.443333 0.0132813 0.0316667
1 0.372852 0.0135938 0.0582031 0.0271875
0 0.782812 0.335833 0.04375 0.0591667
1 0.586328 0.208333 0.009375 0.02
1 0.792188 0.49625 0.021875 0.0283333
1 0.782812 0.335833 0.04375 0.0591667
1 0.287109 0.43 0.0183594 0.0383333
2 0.779492 0.344583 0.0378906 0.0391667
1 0.778906 0.344583 0.0375 0.04
0 0.778906 0.344583 0.0375 0.04
1 0.287891 0.4325 0.0210938 0.0483333
1 0.291211 0.4375 0.0234375 0.0408333
1 0.782617 0.340208 0.0410156 0.0420833
1 0.215625 0.162083 0.021875 0.0483333
1 0.733203 0.9625 0.0125 0.02
1 0.219727 0.167292 0.0207031 0.0570833
1 0.212695 0.155937 0.0191406 0.0372917
1 0.439844 0.206667 0.0109375 0.0175
1 0.289062 0.423333 0.021875 0.0366667
1 0.423047 0.9875 0.009375 0.0216667
1 0.77832 0.352083 0.0371094 0.0425
2 0.778906 0.344583 0.0375 0.04
1 0.183594 0.0215755 0.0140625 0.0295573
1 0.223047 0.16625 0.0195312 0.0570833
1 0.782617 0.358542 0.0378906 0.0558333
0 0.733203 0.9625 0.0125 0.02
1 0.741406 0.961667 0.028125 0.0216667
1 0.605078 0.48375 0.00859375 0.0216667
0 0.741406 0.961667 0.028125 0.0216667
1 0.690625 0.9675 0.0109375 0.0183333
1 0.214844 0.167396 0.0289063 0.0597917
0 0.77832 0.352083 0.0371094 0.0425
1 0.533594 0.0107812 0.021875 0.0215625
1 0.779883 0.342083 0.0371094 0.0358333
0 0.779883 0.342083 0.0371094 0.0358333
1 0.423438 0.988333 0.009375 0.0216667
1 0.778125 0.349167 0.0359375 0.0425
1 0.605859 0.48375 0.0078125 0.02
2 0.778906 0.342708 0.0359375 0.0354167
0 0.423438 0.988333 0.009375 0.0216667
1 0.425781 0.988333 0.0140625 0.02
1 0.437891 0.204167 0.009375 0.0166667
1 0.860937 0.7375 0.00625 0.0116667
1 0.732031 0.9625 0.009375 0.015
1 0.684766 0.963333 0.009375 0.0183333
0 0.732031 0.9625 0.009375 0.015
1 0.689844 0.966667 0.0117188 0.0166667
0 0.425781 0.988333 0.0140625 0.02
1 0.785742 0.365417 0.0285156 0.0391667
1 0.466016 0.430833 0.0109375 0.0191667
1 0.782031 0.33375 0.0453125 0.0525
0 0.778125 0.349167 0.0359375 0.0425
0 0.739062 0.963333 0.021875 0.0166667
0 0.605859 0.48375 0.0078125 0.02
1 0.780469 0.339583 0.0328125 0.0358333
0 0.780469 0.339583 0.0328125 0.0358333
1 0.780469 0.347708 0.0359375 0.0445833
1 0.423047 0.986667 0.0101562 0.025
1 0.731641 0.963333 0.0101562 0.0166667
1 0.438672 0.20375 0.0117188 0.0225
1 0.425781 0.9875 0.015625 0.025
1 0.786719 0.361042 0.028125 0.0529167
1 0.785937 0.495833 0.0125 0.0283333
1 0.776563 0.352917 0.034375 0.0408333
1 0.78125 0.332917 0.040625 0.05
0 0.780469 0.347708 0.0359375 0.0445833
1 0.605859 0.483333 0.0078125 0.0233333
1 0.78125 0.357083 0.03125 0.0566667
1 0.532812 0.0105729 0.01875 0.0211458
1 0.691406 0.968333 0.009375 0.015
1 0.792188 0.494583 0.021875 0.0291667
1 0.7375 0.965 0.0203125 0.0166667
1 0.7625 0.95 0.009375 0.0166667
1 0.219141 0.170417 0.01875 0.0529167
1 0.438672 0.203333 0.0148437 0.0275
0 0.731641 0.963333 0.0101562 0.0166667
1 0.779688 0.339583 0.0359375 0.0333333
0 0.779688 0.339583 0.0359375 0.0333333
1 0.217969 0.17 0.0210938 0.055
1 0.777344 0.350833 0.0359375 0.04
1 0.215234 0.161146 0.0226563 0.0435417
1 0.78125 0.3325 0.0421875 0.0491667
1 0.423438 0.990833 0.009375 0.015
1 0.732422 0.964167 0.009375 0.015
1 0.214062 0.16875 0.0265625 0.0608333
1 0.2125 0.15625 0.0210938 0.0366667
0 0.777344 0.350833 0.0359375 0.04
1 0.784375 0.365 0.034375 0.0454167
1 0.605469 0.483333 0.0078125 0.02
1 0.426172 0.991667 0.0140625 0.0133333
0 0.217969 0.17 0.0210938 0.055
1 0.435937 0.204167 0.0203125 0.0183333
0 0.732422 0.964167 0.009375 0.015
1 0.779688 0.343333 0.0359375 0.0383333
0 0.779883 0.342917 0.0371094 0.0391667
1 0.439453 0.204583 0.00859375 0.01875
1 0.423047 0.988333 0.0101562 0.0216667
0 0.439453 0.204583 0.00859375 0.01875
1 0.605859 0.484167 0.0078125 0.0216667
1 0.220117 0.172188 0.015625 0.049375
1 0.214648 0.157083 0.0179687 0.0308333
1 0.781055 0.335625 0.0410156 0.0541667
0 0.423047 0.988333 0.0101562 0.0216667
0 0.605859 0.484167 0.0078125 0.0216667
1 0.532812 0.00875 0.01875 0.0175
1 0.425781 0.988333 0.0140625 0.02
1 0.286328 0.4275 0.0144531 0.0316667
0 0.214648 0.157083 0.0179687 0.0308333
1 0.211719 0.155 0.01875 0.0295833
1 0.779688 0.342917 0.0375 0.0391667
0 0.779688 0.3425 0.0375 0.0391667
1 0.605859 0.484167 0.0078125 0.0216667
1 0.439844 0.204792 0.009375 0.0170833
1 0.423047 0.99 0.0101562 0.02
0 0.605859 0.484167 0.0078125 0.0216667
1 0.78125 0.335833 0.0421875 0.0520833
1 0.294141 0.4425 0.0140625 0.0316667
1 0.285937 0.425 0.0140625 0.0308333
1 0.282813 0.420833 0.0132813 0.0258333
0 0.423047 0.99 0.0101562 0.02
1 0.284766 0.418333 0.0125 0.0266667
0 0.439844 0.204792 0.009375 0.0170833
1 0.466016 0.430833 0.0101562 0.0183333
1 0.785937 0.495833 0.0109375 0.0266667
1 0.990625 0.475 0.0171875 0.0133333
1 0.425781 0.99 0.0140625 0.02
1 0.29668 0.445833 0.0152344 0.0208333
0 0.78125 0.335833 0.0421875 0.0520833
1 0.989844 0.634167 0.01875 0.0133333
0 0.282813 0.420833 0.0132813 0.0258333
1 0.778125 0.3275 0.0390625 0.0416667
0 0.294141 0.4425 0.0140625 0.0316667
1 0.779688 0.341875 0.0375 0.0370833
0 0.779688 0.341458 0.0359375 0.0366667
1 0.423438 0.989167 0.0101562 0.0216667
0 0.779688 0.347917 0.0390625 0.045
1 0.425781 0.988333 0.0140625 0.0233333
1 0.78125 0.335417 0.0421875 0.0516667
1 0.605469 0.484167 0.0078125 0.0225
1 0.423047 0.204792 0.0585938 0.0183333
1 0.77793 0.329167 0.0410156 0.0454167
1 0.294922 0.4425 0.0140625 0.0333333
1 0.21875 0.170625 0.0195312 0.0533333
1 0.779688 0.34125 0.0375 0.0358333
0 0.779688 0.34125 0.0375 0.0358333
1 0.605469 0.484167 0.0078125 0.02
1 0.423047 0.989167 0.009375 0.0216667
1 0.296484 0.445417 0.0246094 0.0225
1 0.78125 0.335 0.0421875 0.0516667
1 0.219141 0.1725 0.0195312 0.0479167
0 0.423047 0.989167 0.009375 0.0216667
1 0.533203 0.00890625 0.0195312 0.0170833
1 0.291602 0.440833 0.0179687 0.035
1 0.438281 0.203958 0.009375 0.0145833
1 0.538672 0.00846354 0.0164062 0.0169271
1 0.779883 0.34125 0.0371094 0.035
0 0.779688 0.340833 0.0375 0.035
1 0.423047 0.988333 0.0101562 0.0233333
1 0.77832 0.349583 0.0371094 0.0416667
0 0.423047 0.988333 0.0101562 0.0233333
1 0.439063 0.204583 0.009375 0.0158333
1 0.605469 0.484167 0.0078125 0.0225
1 0.425781 0.988333 0.0148437 0.0233333
1 0.533203 0.00828125 0.01875 0.0160417
0 0.77832 0.349583 0.0371094 0.0416667
1 0.538281 0.00786458 0.015625 0.0157292
0 0.425781 0.988333 0.0148437 0.0233333
1 0.764063 0.349583 0.021875 0.0391667
0 0.605469 0.484167 0.0078125 0.0225
1 0.778906 0.342083 0.0375 0.0358333
0 0.779688 0.341667 0.0375 0.0358333
1 0.423047 0.989167 0.0101562 0.0216667
1 0.605469 0.484167 0.0078125 0.0233333
0 0.778906 0.347917 0.0375 0.0425
1 0.533594 0.00807292 0.0203125 0.0153125
1 0.439844 0.20375 0.009375 0.0158333
1 0.425781 0.989167 0.015625 0.0216667
1 0.538281 0.00773438 0.015625 0.0154688
0 0.423047 0.989167 0.0101562 0.0216667
1 0.778906 0.342292 0.0375 0.03625
0 0.779688 0.342083 0.0375 0.0366667
1 0.423047 0.989167 0.0101562 0.0216667
0 0.423047 0.989167 0.0101562 0.0216667
1 0.425781 0.988333 0.0140625 0.0233333
1 0.439063 0.204375 0.0109375 0.01625
1 0.605859 0.485 0.00859375 0.0225
0 0.425781 0.988333 0.0140625 0.0233333
1 0.780469 0.332083 0.0421875 0.04625
1 0.778906 0.3425 0.0375 0.0366667
0 0.778906 0.3425 0.0375 0.0366667
1 0.422656 0.99 0.009375 0.02
0 0.422656 0.99 0.009375 0.02
1 0.605469 0.485 0.009375 0.0233333
1 0.295117 0.445 0.0199219 0.025
0 0.989062 0.633333 0.01875 0.0133333
1 0.425781 0.99 0.0140625 0.02
1 0.778906 0.342708 0.0375 0.0370833
0 0.778906 0.3425 0.0375 0.0375
1 0.422656 0.99 0.009375 0.02
0 0.422656 0.99 0.009375 0.02
1 0.780469 0.3325 0.0421875 0.0475
1 0.778125 0.3425 0.0375 0.0370833
0 0.778906 0.342292 0.0375 0.0370833
1 0.423047 0.99 0.0101562 0.02
0 0.423047 0.99 0.0101562 0.02
1 0.778125 0.342292 0.0375 0.0366667
0 0.77832 0.342083 0.0371094 0.0366667
1 0.423047 0.989167 0.0101562 0.02
0 0.777344 0.348542 0.0375 0.0425
1 0.605859 0.485 0.00859375 0.0225
0 0.423047 0.989167 0.0101562 0.02
1 0.778125 0.342083 0.0375 0.0366667
0 0.778906 0.341875 0.0375 0.03625
1 0.423047 0.989167 0.0101562 0.02
1 0.605859 0.485 0.00859375 0.0233333
0 0.778125 0.34875 0.0375 0.0425
0 0.423047 0.989167 0.0101562 0.02
1 0.425781 0.99 0.015625 0.02
1 0.778906 0.342292 0.0375 0.0366667
0 0.778906 0.342083 0.0375 0.0366667
1 0.423047 0.988333 0.0101562 0.02
1 0.605859 0.485 0.00859375 0.0225
0 0.423047 0.988333 0.0101562 0.02
1 0.779492 0.333333 0.0410156 0.0475
1 0.778906 0.3425 0.0375 0.0366667
0 0.778906 0.342083 0.0375 0.0366667
1 0.423047 0.988333 0.0101562 0.02
0 0.423047 0.988333 0.0101562 0.02
1 0.779492 0.333333 0.0410156 0.0475
1 0.605469 0.485 0.009375 0.0233333
1 0.77832 0.342292 0.0371094 0.0366667
0 0.778906 0.342083 0.0375 0.0366667
1 0.422656 0.988333 0.009375 0.02
0 0.422656 0.988333 0.009375 0.02
1 0.779492 0.33375 0.0410156 0.0483333
1 0.605469 0.485 0.009375 0.0233333
1 0.771094 0.34625 0.0328125 0.0366667
1 0.77832 0.3425 0.0371094 0.0366667
0 0.778906 0.342292 0.0375 0.0370833
1 0.423047 0.988333 0.0101562 0.02
0 0.423047 0.988333 0.0101562 0.02
1 0.779492 0.333958 0.0410156 0.0483333
1 0.425781 0.99 0.0148437 0.0183333
1 0.771875 0.346042 0.034375 0.0366667
1 0.778125 0.3425 0.0375 0.0375
0 0.778906 0.3425 0.0375 0.0375
1 0.423047 0.988333 0.0101562 0.02
0 0.423047 0.988333 0.0101562 0.02
1 0.779492 0.33375 0.0410156 0.0483333
1 0.425781 0.99 0.0148437 0.0183333
1 0.772266 0.345833 0.0351562 0.0366667
1 0.778125 0.326875 0.040625 0.0391667
1 0.778125 0.3425 0.0375 0.0375
0 0.778906 0.3425 0.0375 0.0375
1 0.423047 0.988333 0.0101562 0.02
0 0.423047 0.988333 0.0101562 0.02
1 0.779492 0.33375 0.0410156 0.0483333
1 0.425781 0.99 0.0148437 0.0183333
1 0.772266 0.345833 0.0351562 0.0366667
1 0.778125 0.326875 0.040625 0.0391667
