0 0.245703 0.344375 0.0378906 0.0370833
0 0.248047 0.350417 0.0421875 0.0416667
0 0.885938 0.988333 0.0234375 0.0166667
1 0.359961 0.219792 0.00976562 0.03
0 0.892187 0.988333 0.03125 0.0166667
1 0.434375 0.484583 0.0109375 0.0283333
1 0.885938 0.988333 0.0234375 0.0166667
1 0.244922 0.3425 0.0359375 0.0341667
1 0.834375 0.991667 0.015625 0.0133333
1 0.892187 0.988333 0.03125 0.0166667
0 0.834375 0.991667 0.015625 0.0133333
0 0.017334 0.747083 0.0242187 0.025
1 0.191406 0.22125 0.00703125 0.0141667
1 0.017334 0.747083 0.0242187 0.025
1 0.745313 0.515 0.009375 0.0225
0 0.359961 0.219792 0.00976562 0.03
0 0.434375 0.484583 0.0109375 0.0283333
1 0.356445 0.2025 0.0117188 0.0258333
1 0.720312 0.24 0.00625 0.0191667
0 0.0149902 0.744167 0.0275391 0.0308333
1 0.604688 0.46625 0.0109375 0.0166667
1 0.79375 0.293125 0.009375 0.0154167
1 0.243945 0.3425 0.0359375 0.0379167
0 0.244531 0.343333 0.0367187 0.0383333
0 0.247852 0.348333 0.0441406 0.0458333
0 0.89375 0.988333 0.0375 0.0166667
0 0.890625 0.99 0.034375 0.015
1 0.890625 0.99 0.034375 0.015
0 0.0162842 0.746667 0.0268066 0.0333333
0 0.176758 0.0101302 0.0308594 0.0202604
1 0.0162842 0.746667 0.0268066 0.0333333
1 0.246484 0.3475 0.0417969 0.0458333
1 0.834375 0.991667 0.0140625 0.0133333
0 0.0887695 0.028737 0.0216797 0.0414844
1 0.89375 0.988333 0.0375 0.0166667
1 0.360156 0.218125 0.0109375 0.0404167
0 0.0912109 0.0260286 0.0259766 0.0485677
0 0.0155762 0.745417 0.028125 0.0466667
0 0.834375 0.991667 0.0140625 0.0133333
1 0.434375 0.483333 0.0125 0.0391667
0 0.895312 0.976667 0.0375 0.0333333
1 0.024707 0.747083 0.0141602 0.0283333
0 0.894531 0.980833 0.034375 0.0233333
1 0.109473 0.0244792 0.0117188 0.0361458
1 0.108887 0.0182292 0.0134766 0.0358333
1 0.254883 0.375417 0.0339844 0.02875
0 0.146289 0.0367187 0.0337891 0.0367708
0 0.109473 0.0244792 0.0117188 0.0361458
1 0.176758 0.0101302 0.0308594 0.0202604
0 0.167773 0.0143229 0.0417969 0.0286458
1 0.895312 0.976667 0.0375 0.0333333
0 0.839063 0.991667 0.01875 0.0133333
0 0.108887 0.0182292 0.0134766 0.0358333
0 0.154102 0.0210286 0.0316406 0.0308594
1 0.719531 0.238333 0.009375 0.0241667
1 0.244141 0.33875 0.0339844 0.0333333
0 0.244141 0.33875 0.0339844 0.0333333
1 0.360547 0.218333 0.0125 0.04
1 0.0164551 0.745833 0.0268555 0.0316667
1 0.832812 0.991667 0.0171875 0.0166667
1 0.434375 0.481667 0.0140625 0.0383333
1 0.889063 0.99 0.0296875 0.0133333
0 0.0158203 0.745 0.0279297 0.035
0 0.178174 0.0104167 0.0288086 0.0208333
1 0.892969 0.99 0.0359375 0.0166667
0 0.00473633 0.8625 0.00825195 0.025
0 0.892969 0.99 0.0359375 0.0166667
0 0.889063 0.99 0.0296875 0.0133333
1 0.178174 0.0104167 0.0288086 0.0208333
1 0.00473633 0.8625 0.00825195 0.025
0 0.0880859 0.0276562 0.0224609 0.0430208
0 0.0910156 0.0240104 0.0257812 0.0465625
0 0.0885742 0.0191667 0.0230469 0.0383333
1 0.605469 0.469167 0.0164062 0.0266667
1 0.0199219 0.7475 0.0242187 0.0333333
1 0.244531 0.150208 0.0078125 0.0341667
1 0.242578 0.349583 0.0324219 0.0433333
1 0.270117 0.992083 0.0117188 0.0158333
0 0.832812 0.991667 0.0171875 0.0166667
1 0.00402832 0.96 0.00708008 0.0233333
1 0.109766 0.0219271 0.0128906 0.0359375
1 0.00541992 0.436667 0.00888672 0.0183333
1 0.895312 0.976667 0.0375 0.03
1 0.108789 0.0169271 0.0164062 0.0334375
1 0.745313 0.515 0.0109375 0.03
1 0.835938 0.991667 0.021875 0.0166667
1 0.357227 0.219167 0.0179687 0.0416667
0 0.144043 0.0378125 0.0294922 0.0341667
2 0.244141 0.33875 0.0339844 0.0333333
0 0.138086 0.0359375 0.0210938 0.0258333
1 0.616016 0.4675 0.0289063 0.0266667
0 0.108789 0.0169271 0.0164062 0.0334375
0 0.360547 0.218333 0.0125 0.04
0 0.109766 0.0219271 0.0128906 0.0359375
1 0.614844 0.470417 0.0328125 0.0358333
1 0.621094 0.471667 0.0359375 0.035
1 0.0890625 0.0305208 0.0234375 0.0442708
1 0.0183594 0.741667 0.0333008 0.0433333
0 0.895312 0.976667 0.0375 0.03
1 0.24375 0.153958 0.00859375 0.0425
1 0.358984 0.210625 0.0164062 0.0458333
0 0.270117 0.992083 0.0117188 0.0158333
1 0.0885742 0.0191667 0.0230469 0.0383333
1 0.573438 0.235417 0.0125 0.0320833
0 0.00402832 0.96 0.00708008 0.0233333
1 0.243555 0.3375 0.0339844 0.035
0 0.243555 0.3375 0.0339844 0.035
1 0.360547 0.219583 0.0132813 0.0408333
0 0.17793 0.0102604 0.0292969 0.0205208
0 0.0958008 0.0272917 0.0396484 0.0545833
0 0.889063 0.99 0.03125 0.0133333
1 0.435156 0.484583 0.0125 0.0308333
0 0.89375 0.991667 0.040625 0.01
1 0.0174316 0.746667 0.0260742 0.0266667
0 0.090625 0.0279036 0.0289063 0.0527344
1 0.17793 0.0102604 0.0292969 0.0205208
1 0.242578 0.349375 0.0289063 0.04375
0 0.15127 0.029987 0.0410156 0.0527344
1 0.889063 0.99 0.03125 0.0133333
0 0.360547 0.219583 0.0132813 0.0408333
1 0.0141846 0.742083 0.0246582 0.0258333
1 0.253516 0.372292 0.0367187 0.0454167
1 0.0951172 0.0290104 0.0378906 0.0545833
0 0.160059 0.0298958 0.0580078 0.0597917
0 0.159961 0.0330208 0.0707031 0.0660417
0 0.147461 0.0338672 0.0332031 0.0460156
0 0.834375 0.991667 0.015625 0.0133333
0 0.163086 0.0238281 0.0609375 0.0476562
0 0.242578 0.349375 0.0289063 0.04375
1 0.0233398 0.747917 0.0175781 0.0225
0 0.178564 0.0134375 0.0327148 0.026875
2 0.243555 0.3375 0.0339844 0.035
1 0.0048584 0.863333 0.00844727 0.0183333
1 0.2625 0.3775 0.0273438 0.0408333
1 0.834375 0.991667 0.015625 0.0133333
1 0.178564 0.0134375 0.0327148 0.026875
0 0.253516 0.372292 0.0367187 0.0454167
1 0.745313 0.515 0.009375 0.0216667
0 0.0154297 0.745 0.0285156 0.03
0 0.165723 0.0146354 0.0548828 0.0292708
0 0.895312 0.975 0.0359375 0.03
1 0.605859 0.468333 0.015625 0.0225
1 0.196484 0.0604687 0.00703125 0.0153125
1 0.24375 0.336042 0.0335938 0.0354167
0 0.24375 0.336042 0.0335938 0.0354167
1 0.360547 0.217917 0.0125 0.0391667
1 0.888281 0.988333 0.0265625 0.0183333
0 0.888281 0.988333 0.0265625 0.0183333
0 0.892187 0.985833 0.03125 0.0233333
0 0.896875 0.983333 0.0328125 0.0233333
1 0.0155029 0.7475 0.0286621 0.0316667
1 0.892187 0.985833 0.03125 0.0233333
0 0.9 0.974167 0.028125 0.0283333
1 0.9 0.974167 0.028125 0.0283333
0 0.895312 0.976667 0.034375 0.0333333
1 0.260547 0.3775 0.0234375 0.0375
0 0.0884766 0.030625 0.021875 0.0439583
1 0.257422 0.373333 0.0289063 0.0391667
2 0.24375 0.336042 0.0335938 0.0354167
1 0.434375 0.481667 0.0125 0.035
1 0.895312 0.976667 0.034375 0.0333333
0 0.0923828 0.0277214 0.0296875 0.0470573
1 0.3625 0.220417 0.0160156 0.0416667
1 0.83125 0.991667 0.0125 0.0166667
0 0.0156738 0.746667 0.0288086 0.035
1 0.00473633 0.863333 0.00888672 0.0233333
0 0.00473633 0.863333 0.00888672 0.0233333
1 0.896875 0.983333 0.0328125 0.0233333
0 0.360547 0.217917 0.0125 0.0391667
0 0.0878906 0.0232813 0.0234375 0.0455208
1 0.0884766 0.030625 0.021875 0.0439583
0 0.260547 0.3775 0.0234375 0.0375
1 0.177539 0.0102865 0.0285156 0.0205729
0 0.152637 0.0242708 0.0369141 0.0408333
1 0.244336 0.337083 0.0320312 0.0308333
1 0.245898 0.34125 0.0296875 0.03
0 0.244336 0.337083 0.0320312 0.0308333
1 0.0149414 0.745417 0.0274414 0.035
0 0.245898 0.34125 0.0296875 0.03
1 0.360352 0.22 0.0109375 0.0275
0 0.0154785 0.745 0.0280273 0.035
0 0.892969 0.986667 0.0359375 0.02
1 0.434375 0.483333 0.0125 0.03
2 0.93125 0.103542 0.078125 0.116667
1 0.17832 0.0101562 0.0273438 0.0203125
1 0.89375 0.9875 0.034375 0.02
0 0.896094 0.984167 0.03125 0.02
1 0.745313 0.515 0.009375 0.0216667
0 0.17832 0.0101562 0.0273438 0.0203125
2 0.244336 0.337083 0.0320312 0.0308333
1 0.899219 0.975 0.0265625 0.0266667
1 0.00512695 0.863333 0.00917969 0.02
0 0.00512695 0.863333 0.00917969 0.02
0 0.899219 0.975 0.0265625 0.0266667
1 0.832812 0.991667 0.015625 0.015
2 0.245898 0.34125 0.0296875 0.03
1 0.366406 0 0.0382813 0
1 0.263672 0.37875 0.0171875 0.0291667
1 0.245312 0.349167 0.0328125 0.04
1 0.375 0 0.0476562 0
0 0.895312 0.9775 0.0375 0.0316667
1 0.257031 0.375 0.0203125 0.0279167
1 0.386328 0 0.0523437 0
1 0.896094 0.984167 0.03125 0.02
0 0.366406 0 0.0382813 0
0 0.263672 0.37875 0.0171875 0.0291667
1 0.903125 0.802083 0.0109375 0.0233333
1 0.248828 0.329167 0.0398437 0.0391667
1 0.178711 0.0107031 0.0300781 0.0214063
0 0.832812 0.991667 0.015625 0.015
0 0.375 0 0.0476562 0
1 0.00839844 0.873333 0.0167969 0.05
0 0.0165527 0.891667 0.0327148 0.0633333
1 0.00546875 0.436667 0.00986328 0.0166667
1 0.00439453 0.963333 0.00830078 0.0266667
0 0.386328 0 0.0523437 0
0 0.360352 0.22 0.0109375 0.0275
1 0.362891 0.220833 0.015625 0.0291667
1 0.24375 0.335833 0.0335938 0.0366667
0 0.24375 0.335833 0.0335938 0.0366667
1 0.360156 0.220833 0.0125 0.0358333
1 0.0140137 0.744167 0.0262695 0.03
0 0.0151367 0.745833 0.0277344 0.0316667
1 0.434766 0.4825 0.0132813 0.0333333
1 0.572656 0.234167 0.0140625 0.0341667
1 0.882812 0.99 0.01875 0.0166667
0 0.882812 0.99 0.01875 0.0166667
0 0.892187 0.988333 0.034375 0.0166667
1 0.255469 0.37 0.0234375 0.0425
1 0.892187 0.988333 0.034375 0.0166667
0 0.360156 0.220833 0.0125 0.0358333
1 0.241016 0.350417 0.0273438 0.0416667
0 0.00527344 0.864167 0.00888672 0.0183333
1 0.358594 0.218125 0.0132813 0.0383333
1 0.362891 0.221875 0.0179687 0.0370833
1 0.00527344 0.864167 0.00888672 0.0183333
1 0.720312 0.239167 0.0078125 0.0225
1 0.238281 0.357917 0.025 0.0575
1 0.245117 0.358333 0.0261719 0.05625
0 0.365625 0 0.0414063 0
1 0.834375 0.9925 0.0140625 0.015
1 0.264844 0.379583 0.01875 0.0383333
1 0.433203 0.480833 0.0210938 0.0483333
0 0.353711 0 0.0394531 0
0 0.3875 0 0.0492188 0
0 0.374805 0 0.0472656 0
1 0.745313 0.515833 0.00859375 0.0233333
0 0.572656 0.234167 0.0140625 0.0341667
0 0.177734 0.0108073 0.028125 0.0216146
0 0.398438 0 0.046875 0
1 0.0174561 0.746667 0.0297363 0.0308333
0 0.410937 0 0.05 0
0 0.358594 0.218125 0.0132813 0.0383333
1 0.898438 0.983333 0.025 0.015
1 0.728906 0.995 0.0140625 0.01
0 0.338672 0 0.046875 0
2 0.24375 0.335833 0.0335938 0.0366667
1 0.35625 0.221458 0.01875 0.0375
1 0.242969 0.33625 0.0335938 0.0333333
0 0.242969 0.33625 0.0335938 0.0333333
0 0.889063 0.991667 0.03125 0.0133333
1 0.0136719 0.743333 0.0255859 0.0283333
0 0.892187 0.99 0.034375 0.0133333
1 0.359766 0.22 0.0121094 0.035
1 0.834375 0.993333 0.0125 0.0133333
1 0.355859 0.215417 0.0210938 0.0383333
1 0.242773 0.329167 0.0328125 0.03875
0 0.0136719 0.743333 0.0255859 0.0283333
1 0.889063 0.991667 0.03125 0.0133333
0 0.834375 0.993333 0.0125 0.0133333
0 0.355859 0.215417 0.0210938 0.0383333
1 0.363672 0.220833 0.0195312 0.0358333
1 0.892187 0.99 0.034375 0.0133333
1 0.243164 0.352917 0.0332031 0.0358333
1 0.00512695 0.863333 0.00898437 0.02
0 0.359766 0.22 0.0121094 0.035
1 0.367188 0 0.0492188 0
1 0.745313 0.515833 0.009375 0.02
1 0.389062 0 0.0679687 0
1 0.0342285 0.205208 0.059375 0.0195833
0 0.00512695 0.863333 0.00898437 0.02
0 0.242773 0.329167 0.0328125 0.03875
0 0.8375 0.995 0.0171875 0.01
1 0.234375 0.335 0.0414063 0.0366667
0 0.894531 0.985 0.0296875 0.02
1 0.0197021 0.7475 0.0249512 0.025
1 0.177734 0.00992187 0.0285156 0.0198437
1 0.0901367 0.0288411 0.0232422 0.0464844
1 0.243359 0.3375 0.0320312 0.03375
0 0.243359 0.3375 0.0320312 0.03375
1 0.360156 0.220833 0.0117188 0.0325
0 0.360156 0.220833 0.0117188 0.0325
1 0.0150391 0.74625 0.0276367 0.03
1 0.889063 0.988333 0.028125 0.0166667
0 0.0147217 0.745417 0.0270996 0.0333333
1 0.434375 0.483333 0.0125 0.0333333
1 0.573438 0.237917 0.0117188 0.0258333
0 0.892969 0.988333 0.034375 0.0183333
2 0.8625 0.100729 0.0875 0.0772917
0 0.172656 0.00919271 0.0160156 0.0183854
0 0.180859 0.00955729 0.0222656 0.0191146
1 0.3625 0.22125 0.0171875 0.0333333
1 0.895312 0.989167 0.0375 0.0183333
0 0.0884766 0.0304688 0.0195312 0.0353125
1 0.834375 0.991667 0.0125 0.0133333
1 0.243359 0.349583 0.0316406 0.0416667
1 0.180859 0.00955729 0.0222656 0.0191146
1 0.719922 0.238333 0.0078125 0.0220833
1 0.258203 0.37375 0.021875 0.0329167
1 0.244922 0.328333 0.034375 0.04
0 0.3625 0.22125 0.0171875 0.0333333
1 0.745313 0.515833 0.009375 0.0241667
0 0.573438 0.237917 0.0117188 0.0258333
1 0.24375 0.337083 0.0335938 0.0358333
0 0.24375 0.3375 0.034375 0.0366667
1 0.0151855 0.746667 0.028418 0.0316667
1 0.433984 0.482917 0.0125 0.0341667
0 0.892187 0.988333 0.0375 0.0183333
0 0.0152344 0.745417 0.0287109 0.0358333
1 0.892187 0.988333 0.0375 0.0183333
1 0.360156 0.220833 0.0125 0.0345833
1 0.236719 0.335 0.0445312 0.0379167
0 0.89375 0.985 0.034375 0.02
1 0.432031 0.483333 0.0140625 0.0383333
1 0.834375 0.9925 0.015625 0.0133333
1 0.745313 0.515 0.0078125 0.02
1 0.573438 0.2375 0.0125 0.0279167
1 0.258203 0.3775 0.0210938 0.0325
1 0.242969 0.35375 0.0320312 0.0358333
0 0.834375 0.9925 0.015625 0.0133333
0 0.0907227 0.029388 0.0287109 0.0428906
0 0.433984 0.482917 0.0125 0.0341667
1 0.264648 0.379167 0.0167969 0.0341667
0 0.432031 0.483333 0.0140625 0.0383333
1 0.432813 0.47625 0.0140625 0.0433333
1 0.243359 0.337083 0.0328125 0.035
0 0.243359 0.337083 0.0328125 0.035
1 0.014917 0.74625 0.0281738 0.035
0 0.01521 0.745833 0.0281738 0.0341667
0 0.89375 0.988333 0.034375 0.02
1 0.89375 0.988333 0.034375 0.02
1 0.835156 0.992917 0.0171875 0.0141667
1 0.242773 0.353333 0.0332031 0.0383333
1 0.236914 0.335 0.0441406 0.0375
0 0.835156 0.992917 0.0171875 0.0141667
1 0.434375 0.482917 0.0125 0.0333333
1 0.8375 0.9925 0.01875 0.015
1 0.235938 0.362083 0.0214844 0.0433333
0 0.242773 0.353333 0.0332031 0.0383333
0 0.8375 0.9925 0.01875 0.015
1 0.258594 0.37625 0.0210938 0.0295833
0 0.236914 0.335 0.0441406 0.0375
1 0.24082 0.3125 0.0324219 0.045
1 0.242773 0.3375 0.0347656 0.0341667
0 0.24375 0.337292 0.0332031 0.035
1 0.0142334 0.745 0.026416 0.0333333
0 0.89375 0.988333 0.0375 0.0183333
1 0.89375 0.988333 0.0375 0.0183333
0 0.0150146 0.74625 0.0281738 0.0358333
1 0.236719 0.335 0.0445312 0.0375
1 0.832812 0.9925 0.015625 0.015
1 0.241406 0.35375 0.0320312 0.0366667
1 0.265625 0.38125 0.0175781 0.0316667
0 0.832812 0.9925 0.015625 0.015
1 0.0176025 0.746667 0.0286621 0.0283333
1 0.00505371 0.863333 0.00883789 0.02
1 0.260156 0.377917 0.021875 0.0291667
0 0.00505371 0.863333 0.00883789 0.02
0 0.236719 0.335 0.0445312 0.0375
1 0.24043 0.310833 0.0324219 0.0416667
1 0.235742 0.362083 0.0203125 0.0420833
0 0.175732 0.00880208 0.0243164 0.0176042
1 0.178516 0.00880208 0.0269531 0.0176042
1 0.243555 0.3375 0.0332031 0.0341667
0 0.243555 0.3375 0.0332031 0.0341667
1 0.0146729 0.744167 0.0268066 0.0316667
1 0.360156 0.220208 0.0109375 0.03625
0 0.89375 0.989167 0.0359375 0.0166667
1 0.89375 0.989167 0.0359375 0.0166667
1 0.434375 0.481667 0.0125 0.0383333
1 0.241602 0.358125 0.0316406 0.0291667
0 0.0154785 0.745417 0.0285156 0.0358333
1 0.832812 0.9925 0.015625 0.015
1 0.00498047 0.863333 0.0090332 0.0233333
1 0.0182129 0.7475 0.0273438 0.0266667
0 0.360156 0.220208 0.0109375 0.03625
1 0.236719 0.335833 0.0453125 0.0375
0 0.832812 0.9925 0.015625 0.015
1 0.235352 0.366875 0.0210938 0.0325
1 0.432813 0.484167 0.01875 0.0416667
0 0.00498047 0.863333 0.0090332 0.0233333
0 0.434375 0.481667 0.0125 0.0383333
0 0.851562 0.986667 0.05 0.0233333
1 0.8375 0.993333 0.01875 0.0133333
0 0.241602 0.358125 0.0316406 0.0291667
1 0.243555 0.337917 0.0339844 0.035
0 0.243555 0.337917 0.0339844 0.035
1 0.0148926 0.745 0.0270508 0.0325
1 0.89375 0.989167 0.0375 0.0166667
0 0.89375 0.989167 0.0375 0.0166667
0 0.0152588 0.745833 0.0280762 0.035
1 0.241406 0.35625 0.0320312 0.0283333
1 0.360156 0.219583 0.0113281 0.0391667
1 0.434375 0.48125 0.0125 0.04
1 0.833594 0.993333 0.015625 0.0133333
1 0.00517578 0.863333 0.00942383 0.0233333
1 0.237891 0.3375 0.0453125 0.0391667
0 0.241406 0.35625 0.0320312 0.0283333
1 0.894531 0.9775 0.0375 0.03
0 0.175 0.00882812 0.0226563 0.0176562
1 0.8375 0.993333 0.01875 0.0133333
1 0.895312 0.984167 0.03125 0.0166667
0 0.895312 0.984167 0.03125 0.0166667
1 0.24375 0.33125 0.0335938 0.0408333
0 0.00517578 0.863333 0.00942383 0.0233333
0 0.178564 0.00903646 0.0264648 0.0180729
1 0.433203 0.483333 0.0375 0.045
0 0.433203 0.483333 0.0375 0.045
0 0.857813 0.988333 0.040625 0.02
1 0.178564 0.00903646 0.0264648 0.0180729
0 0.851562 0.986667 0.0515625 0.0233333
1 0.24375 0.338333 0.034375 0.035
0 0.24375 0.338333 0.034375 0.035
1 0.89375 0.988333 0.0375 0.0166667
1 0.0148926 0.743333 0.0259766 0.03
0 0.89375 0.988333 0.0375 0.0166667
1 0.359961 0.219167 0.0113281 0.0383333
1 0.242578 0.354167 0.0335938 0.0329167
1 0.833594 0.9925 0.015625 0.0133333
0 0.0152832 0.745 0.027832 0.035
1 0.434375 0.4825 0.0125 0.0383333
1 0.894531 0.976667 0.0375 0.03
0 0.894531 0.983333 0.034375 0.02
1 0.894531 0.983333 0.034375 0.02
0 0.894531 0.976667 0.0375 0.03
0 0.833594 0.9925 0.015625 0.0133333
1 0.237891 0.337083 0.0453125 0.0375
0 0.175439 0.00908854 0.0241211 0.0181771
1 0.0181641 0.745833 0.0282227 0.0283333
1 0.178174 0.00923177 0.0272461 0.0184635
1 0.236328 0.364167 0.0226563 0.0375
1 0.258008 0.373333 0.025 0.0308333
1 0.8375 0.9925 0.0171875 0.0133333
0 0.8375 0.9925 0.0171875 0.0133333
0 0.242578 0.354167 0.0335938 0.0329167
1 0.243359 0.338333 0.034375 0.0358333
0 0.243359 0.338333 0.034375 0.0358333
1 0.242578 0.348958 0.0351562 0.0416667
1 0.892969 0.988333 0.034375 0.0166667
0 0.892969 0.988333 0.034375 0.0166667
1 0.360156 0.221458 0.0113281 0.03375
1 0.0148926 0.743333 0.0250977 0.0283333
0 0.242578 0.348958 0.0351562 0.0416667
1 0.237891 0.337708 0.0445312 0.0395833
1 0.252734 0.368542 0.0304688 0.0383333
1 0.434375 0.484167 0.0125 0.035
0 0.0153076 0.745 0.0275879 0.0333333
1 0.832812 0.993333 0.0125 0.0133333
1 0.177539 0.00976562 0.0285156 0.0195312
1 0.243164 0.33875 0.034375 0.0358333
0 0.243164 0.33875 0.034375 0.0358333
1 0.242383 0.349583 0.0355469 0.0408333
1 0.89375 0.986667 0.034375 0.02
0 0.89375 0.986667 0.034375 0.02
1 0.237695 0.338125 0.0445312 0.04
1 0.0146484 0.7425 0.0238281 0.0266667
0 0.242383 0.349583 0.0355469 0.0408333
1 0.236328 0.362083 0.0242187 0.0408333
1 0.0167236 0.745833 0.0257324 0.0266667
1 0.252344 0.366667 0.03125 0.0416667
1 0.360156 0.221667 0.0109375 0.0329167
1 0.243359 0.338333 0.034375 0.0358333
0 0.243359 0.338333 0.034375 0.0358333
1 0.89375 0.986667 0.034375 0.02
0 0.89375 0.986667 0.034375 0.02
1 0.242578 0.351667 0.0359375 0.0383333
1 0.360156 0.22125 0.0109375 0.0329167
1 0.237891 0.337708 0.0449219 0.0395833
1 0.0142578 0.7425 0.0230469 0.025
0 0.242578 0.351667 0.0359375 0.0383333
1 0.433984 0.484167 0.0125 0.035
1 0.0168213 0.745833 0.0252441 0.0266667
1 0.242969 0.338958 0.0347656 0.03625
0 0.243164 0.338333 0.0347656 0.0354167
1 0.892969 0.986667 0.034375 0.02
0 0.892969 0.986667 0.034375 0.02
1 0.360156 0.221667 0.0101562 0.03
1 0.242578 0.350833 0.0359375 0.0395833
1 0.433984 0.484167 0.0125 0.035
1 0.0138916 0.742083 0.0228027 0.0258333
1 0.237109 0.338125 0.0433594 0.0420833
1 0.0166748 0.745833 0.0251465 0.0266667
1 0.834375 0.9925 0.015625 0.0133333
1 0.89375 0.976667 0.0375 0.03
1 0.242969 0.338958 0.0351562 0.0366667
0 0.243164 0.338333 0.0347656 0.0354167
1 0.892969 0.986667 0.034375 0.02
0 0.892969 0.986667 0.034375 0.02
1 0.433984 0.484167 0.0125 0.0366667
1 0.360156 0.22125 0.0101562 0.0308333
1 0.242969 0.350625 0.0359375 0.0404167
1 0.0138428 0.741667 0.0225098 0.025
1 0.237109 0.338333 0.0433594 0.0416667
1 0.834375 0.9925 0.015625 0.0133333
1 0.89375 0.976667 0.0375 0.03
0 0.433984 0.484167 0.0125 0.0366667
1 0.0168213 0.745833 0.0245605 0.0266667
1 0.43125 0.485 0.0148437 0.04
0 0.43125 0.485 0.0148437 0.04
1 0.243164 0.33875 0.0351562 0.0366667
0 0.243359 0.338333 0.0351562 0.0354167
1 0.89375 0.986667 0.034375 0.02
0 0.89375 0.986667 0.034375 0.02
1 0.433984 0.484167 0.0125 0.0366667
1 0.360156 0.220833 0.0109375 0.0316667
1 0.242969 0.351458 0.0363281 0.0395833
1 0.0138184 0.741667 0.0226563 0.025
1 0.89375 0.976667 0.0375 0.03
1 0.237305 0.338125 0.0433594 0.04125
1 0.834375 0.991667 0.015625 0.0133333
1 0.43125 0.485 0.0140625 0.04
1 0.0166504 0.74625 0.0248047 0.0258333
0 0.433984 0.484167 0.0125 0.0366667
0 0.894531 0.983333 0.0296875 0.02
0 0.360156 0.220833 0.0109375 0.0316667
0 0.43125 0.485 0.0140625 0.04
1 0.894531 0.983333 0.0296875 0.02
1 0.242969 0.33875 0.0351562 0.0366667
0 0.243164 0.338333 0.0351562 0.0358333
1 0.89375 0.986667 0.034375 0.02
0 0.89375 0.986667 0.034375 0.02
1 0.434375 0.48375 0.0125 0.0358333
1 0.360156 0.220833 0.0109375 0.0308333
1 0.242969 0.350625 0.0363281 0.0404167
1 0.0137695 0.741667 0.0226563 0.025
1 0.89375 0.976667 0.0375 0.03
1 0.237109 0.337917 0.0429688 0.0408333
1 0.834375 0.991667 0.015625 0.0133333
0 0.895312 0.983333 0.03125 0.02
1 0.895312 0.983333 0.03125 0.02
1 0.0166504 0.745833 0.0246094 0.025
1 0.43125 0.484167 0.015625 0.04
0 0.434375 0.48375 0.0125 0.0358333
1 0.242773 0.338958 0.0351562 0.0370833
0 0.242969 0.338542 0.0351562 0.0358333
1 0.89375 0.986667 0.034375 0.02
0 0.89375 0.986667 0.034375 0.02
1 0.433984 0.48375 0.0125 0.0366667
1 0.242773 0.350625 0.0363281 0.0404167
1 0.360156 0.220833 0.0109375 0.0316667
1 0.013916 0.741667 0.0226563 0.025
1 0.237109 0.337917 0.0429688 0.0408333
1 0.89375 0.976667 0.0375 0.03
1 0.834375 0.991667 0.015625 0.0133333
1 0.894531 0.983333 0.03125 0.02
0 0.894531 0.983333 0.03125 0.02
1 0.431641 0.484167 0.0164062 0.04
1 0.0168213 0.745833 0.0243652 0.025
1 0.242969 0.339167 0.0351562 0.0375
0 0.242969 0.33875 0.0351562 0.0358333
1 0.89375 0.986667 0.034375 0.02
0 0.89375 0.986667 0.034375 0.02
1 0.434375 0.48375 0.0125 0.0366667
1 0.242969 0.35 0.0367187 0.0408333
1 0.360156 0.220833 0.0109375 0.0316667
1 0.0140381 0.741667 0.0229004 0.025
1 0.834375 0.991667 0.015625 0.0133333
1 0.89375 0.976667 0.0375 0.03
1 0.894531 0.983333 0.03125 0.02
0 0.894531 0.983333 0.03125 0.02
1 0.0167969 0.745833 0.0243164 0.025
1 0.432031 0.484167 0.015625 0.04
1 0.242969 0.339167 0.0351562 0.0375
0 0.242969 0.33875 0.0355469 0.03625
1 0.89375 0.986667 0.034375 0.02
0 0.89375 0.986667 0.034375 0.02
1 0.434375 0.48375 0.0125 0.0366667
1 0.242578 0.35 0.0367187 0.0416667
1 0.360352 0.220417 0.0109375 0.0325
1 0.0140625 0.741667 0.0230469 0.025
1 0.834375 0.991667 0.015625 0.0133333
1 0.894531 0.983333 0.03125 0.02
1 0.89375 0.976667 0.0375 0.03
1 0.0168457 0.745833 0.0243164 0.025
0 0.894531 0.983333 0.03125 0.02
1 0.432031 0.484167 0.0148437 0.04
1 0.242969 0.339167 0.0351562 0.0375
0 0.242969 0.33875 0.0355469 0.03625
1 0.89375 0.986667 0.034375 0.02
0 0.89375 0.986667 0.034375 0.02
1 0.434375 0.48375 0.0125 0.0366667
1 0.242578 0.349792 0.0367187 0.04125
1 0.360352 0.220417 0.0109375 0.0325
1 0.0140869 0.741667 0.022998 0.025
1 0.834375 0.991667 0.015625 0.0133333
1 0.89375 0.976667 0.0375 0.03
1 0.894531 0.983333 0.03125 0.02
1 0.0168457 0.745833 0.0243164 0.025
0 0.894531 0.983333 0.03125 0.02
1 0.432031 0.484167 0.0148437 0.04
