0 0.65 0.406563 0.0296875 0.0302083
1 0.650391 0.407396 0.0304688 0.0302083
1 0.732031 0.249167 0.00625 0.0120833
1 0.51875 0.235 0.00703125 0.0275
1 0.517969 0.232083 0.009375 0.0283333
1 0.592969 0.495 0.0109375 0.0316667
1 0.00605469 0.219583 0.00917969 0.025
0 0.00605469 0.219583 0.00917969 0.025
1 0.349609 0.230625 0.00703125 0.0191667
1 0.995313 0.991667 0.009375 0.015
0 0.995313 0.991667 0.009375 0.015
0 0.732031 0.249167 0.00625 0.0120833
1 0.903906 0.519167 0.009375 0.025
1 0.65 0.40625 0.0296875 0.0325
0 0.65 0.40625 0.0296875 0.0325
1 0.0059082 0.22 0.00917969 0.0266667
0 0.994922 0.99 0.0101562 0.02
0 0.0059082 0.22 0.00917969 0.0266667
1 0.517578 0.231667 0.0109375 0.0333333
1 0.994922 0.99 0.0101562 0.02
0 0.994141 0.976667 0.0117188 0.0433333
1 0.51875 0.235417 0.0078125 0.0291667
0 0.299805 0.05 0.0339844 0.0458333
0 0.332422 0.0161198 0.0320312 0.0288021
1 0.592969 0.490833 0.0132813 0.0416667
0 0.992188 0.978333 0.015625 0.0416667
1 0.994141 0.976667 0.0117188 0.0433333
0 0.251367 0.0446354 0.0363281 0.0584375
0 0.985937 0.958333 0.028125 0.0833333
0 0.317773 0.0325521 0.0636719 0.0620833
1 0.332422 0.0161198 0.0320312 0.0288021
1 0.0450195 0.881667 0.0157227 0.025
2 0.650781 0.406667 0.0296875 0.0325
1 0.65 0.405833 0.0296875 0.0333333
0 0.65 0.405729 0.0296875 0.0335417
0 0.297656 0.0504167 0.0300781 0.0402083
1 0.00615234 0.21875 0.00981445 0.0254167
1 0.995313 0.98875 0.009375 0.0225
1 0.517969 0.231875 0.009375 0.03125
1 0.592969 0.490833 0.0125 0.04
0 0.00615234 0.21875 0.00981445 0.0254167
1 0.994531 0.978333 0.0109375 0.0433333
0 0.995313 0.98875 0.009375 0.0225
0 0.333203 0.015026 0.0273438 0.0265104
1 0.0597656 0.9 0.0125 0.0266667
1 0.731641 0.248542 0.00703125 0.0129167
0 0.992969 0.981667 0.0140625 0.0366667
1 0.992969 0.981667 0.0140625 0.0366667
0 0.070752 0.8625 0.141504 0.07
1 0.333789 0.0148958 0.0261719 0.0265625
1 0.167578 0.8675 0.0199219 0.0216667
0 0.994531 0.978333 0.0109375 0.0433333
1 0.349805 0.22875 0.0078125 0.0233333
1 0.0569336 0.890833 0.0126953 0.0233333
1 0.0452148 0.88 0.0173828 0.0266667
1 0.0446289 0.454167 0.0128906 0.02
0 0.24375 0.048125 0.0226563 0.041875
1 0.0496094 0.88 0.0142578 0.03
1 0.0646973 0.479167 0.0078125 0.0266667
0 0.0496094 0.88 0.0142578 0.03
0 0.0452148 0.88 0.0173828 0.0266667
1 0.0647461 0.4825 0.00996094 0.0216667
1 0.129785 0.856667 0.0197266 0.02
1 0.059668 0.905 0.0160156 0.0366667
0 0.0444336 0.874167 0.0214844 0.0383333
2 0.65 0.405729 0.0296875 0.0335417
1 0.297656 0.0504167 0.0300781 0.0402083
1 0.00473633 0.19 0.00864258 0.0258333
0 0.0702148 0.8525 0.14043 0.0366667
0 0.0569336 0.890833 0.0126953 0.0233333
0 0.592969 0.490833 0.0125 0.04
0 0.103296 0.725833 0.198486 0.0883333
0 0.167578 0.8675 0.0199219 0.0216667
1 0.0132324 0.0545833 0.0138184 0.0258333
1 0.017749 0.0135156 0.0349121 0.0270313
1 0.0444336 0.874167 0.0214844 0.0383333
0 0.252539 0.0436458 0.03125 0.0408333
0 0.284766 0.00911458 0.025 0.0182292
0 0.0597656 0.9 0.0125 0.0266667
1 0.903125 0.520833 0.009375 0.0316667
0 0.026123 0.87 0.0350586 0.0433333
0 0.059668 0.905 0.0160156 0.0366667
1 0.244141 0.0445833 0.0199219 0.0372917
1 0.0410645 0.0588542 0.0118164 0.0433333
0 0.0436035 0.878333 0.0537109 0.0566667
1 0.123242 0.855 0.025 0.0233333
0 0.017749 0.0135156 0.0349121 0.0270313
0 0.278906 0.00924479 0.034375 0.0184896
1 0.164844 0.87 0.0269531 0.0283333
1 0.284766 0.00911458 0.025 0.0182292
0 0.623438 0.00979167 0.0148437 0.0195833
1 0.00625 0.433333 0.0119141 0.0183333
0 0.123242 0.855 0.025 0.0233333
0 0.312891 0.02375 0.0585938 0.0475
1 0.59375 0.479167 0.0171875 0.0458333
1 0.65 0.405417 0.0296875 0.0333333
0 0.65 0.405417 0.0296875 0.0333333
1 0.348828 0.228125 0.0101562 0.0254167
1 0.903125 0.51875 0.009375 0.0316667
0 0.994922 0.990833 0.0101562 0.015
2 0.65 0.405417 0.0296875 0.0333333
1 0.00644531 0.21875 0.00966797 0.0229167
1 0.59375 0.493333 0.0125 0.035
1 0.994922 0.990833 0.0101562 0.015
0 0.331836 0.0170833 0.0316406 0.0284375
1 0.360938 0.20375 0.00859375 0.0191667
1 0.331836 0.0170833 0.0316406 0.0284375
0 0.982031 0.956667 0.0359375 0.06
0 0.991406 0.97 0.0171875 0.05
1 0.439844 0.995 0.0117188 0.01
0 0.348828 0.228125 0.0101562 0.0254167
0 0.250391 0.0423958 0.0382813 0.051875
1 0.648438 0.429167 0.0257812 0.0433333
1 0.732031 0.249375 0.00703125 0.0133333
1 0.65 0.405 0.0289063 0.035
0 0.65 0.405 0.0289063 0.035
2 0.65 0.405 0.0289063 0.035
1 0.994531 0.988333 0.0109375 0.02
1 0.00605469 0.219583 0.0100586 0.0258333
1 0.0460938 0.881667 0.0173828 0.0266667
1 0.903125 0.517917 0.0109375 0.0325
1 0.594141 0.489167 0.0125 0.0416667
1 0.992969 0.976667 0.0140625 0.04
1 0.661719 0.0110937 0.015625 0.0221875
0 0.994531 0.988333 0.0109375 0.02
1 0.332031 0.0151042 0.0289063 0.0263542
1 0.623047 0.0119792 0.0179687 0.0228125
1 0.350391 0.23125 0.0101562 0.0216667
1 0.664844 0.0114063 0.021875 0.0228125
1 0.991406 0.981667 0.0171875 0.0333333
1 0.65 0.404583 0.0289063 0.0325
0 0.65 0.404271 0.0289063 0.033125
1 0.0453125 0.881667 0.0166992 0.025
1 0.35 0.230833 0.00859375 0.02125
2 0.65 0.404271 0.0289063 0.033125
1 0.333984 0.0145833 0.0257812 0.0241667
1 0.732031 0.247917 0.00703125 0.01375
1 0.00693359 0.219792 0.0104492 0.0225
1 0.995313 0.9875 0.009375 0.0216667
1 0.190625 0.755 0.009375 0.015
1 0.0489258 0.876667 0.0141602 0.02
0 0.333984 0.0145833 0.0257812 0.0241667
1 0.244531 0.0418229 0.0203125 0.03125
1 0.0562012 0.8875 0.0125977 0.0233333
1 0.0598145 0.898333 0.0125977 0.0233333
1 0.517969 0.230417 0.009375 0.0291667
1 0.994141 0.975833 0.0117188 0.0366667
1 0.903125 0.516667 0.0109375 0.0258333
1 0.0648926 0.4825 0.0111328 0.02
0 0.995313 0.9875 0.009375 0.0216667
1 0.0454102 0.453333 0.0126953 0.0183333
1 0.592969 0.490833 0.0109375 0.0283333
0 0.00693359 0.219792 0.0104492 0.0225
0 0.732031 0.247917 0.00703125 0.01375
1 0.991406 0.983333 0.0171875 0.025
1 0.519141 0.233542 0.00859375 0.0291667
0 0.244531 0.0418229 0.0203125 0.03125
1 0.128711 0.856667 0.0136719 0.0166667
0 0.991406 0.983333 0.0171875 0.025
1 0.00419922 0.570833 0.00761719 0.0133333
1 0.622266 0.010599 0.0148437 0.0176042
1 0.251758 0.0402083 0.0347656 0.03625
0 0.299219 0.0470833 0.0289063 0.03625
1 0.299219 0.0470833 0.0289063 0.03625
1 0.649219 0.40375 0.0289063 0.0341667
0 0.649219 0.404167 0.028125 0.0358333
1 0.519141 0.23375 0.00859375 0.0316667
1 0.517969 0.231667 0.0109375 0.035
1 0.995313 0.991667 0.009375 0.0133333
1 0.65 0.394271 0.028125 0.0464583
1 0.623438 0.013125 0.015625 0.0247917
1 0.903125 0.518333 0.0109375 0.0316667
1 0.732031 0.24875 0.00703125 0.0170833
0 0.519141 0.23375 0.00859375 0.0316667
1 0.00686035 0.220417 0.0109375 0.0233333
1 0.0451172 0.88 0.0146484 0.0233333
1 0.59375 0.4925 0.0125 0.035
0 0.517969 0.231667 0.0109375 0.035
2 0.649219 0.404167 0.028125 0.0358333
1 0.991406 0.981667 0.0171875 0.0233333
1 0.645312 0.404167 0.0328125 0.0391667
1 0.0601074 0.898333 0.00976562 0.0233333
1 0.952344 0.304583 0.0203125 0.0216667
1 0.949219 0.302292 0.015625 0.0195833
1 0.655469 0.355833 0.025 0.0404167
0 0.623438 0.013125 0.015625 0.0247917
0 0.995313 0.991667 0.009375 0.0133333
1 0.649609 0.403333 0.028125 0.0316667
0 0.649609 0.403333 0.028125 0.0316667
1 0.995313 0.9925 0.009375 0.0133333
0 0.995313 0.9925 0.009375 0.0133333
1 0.332812 0.0153646 0.0269531 0.0255208
1 0.00668945 0.220417 0.0106445 0.0233333
1 0.647656 0.393438 0.028125 0.0464583
1 0.903125 0.51625 0.0109375 0.0266667
1 0.992188 0.981667 0.015625 0.0266667
0 0.332812 0.0153646 0.0269531 0.0255208
0 0.992188 0.981667 0.015625 0.0266667
0 0.00668945 0.220417 0.0106445 0.0233333
1 0.517969 0.227917 0.0132813 0.035
1 0.649609 0.40375 0.028125 0.035
0 0.649609 0.40375 0.028125 0.035
1 0.519531 0.233958 0.009375 0.0304167
1 0.517969 0.231667 0.0109375 0.0333333
1 0.350391 0.230625 0.00976562 0.0191667
1 0.333984 0.0157292 0.0261719 0.02875
1 0.732031 0.249167 0.00625 0.015
1 0.00651855 0.219583 0.0108398 0.025
0 0.519531 0.233958 0.009375 0.0304167
0 0.333984 0.0157292 0.0261719 0.02875
2 0.953125 0.111042 0.05 0.07125
0 0.517969 0.231667 0.0109375 0.0333333
0 0.00651855 0.219583 0.0108398 0.025
1 0.903125 0.5175 0.0109375 0.03
1 0.650781 0.3925 0.028125 0.0425
1 0.994922 0.99 0.0101562 0.02
1 0.0455078 0.881667 0.0157227 0.0233333
1 0.622656 0.0114063 0.0140625 0.0221875
0 0.732031 0.249167 0.00625 0.015
0 0.994922 0.99 0.0101562 0.02
0 0.350391 0.230625 0.00976562 0.0191667
1 0.649219 0.40375 0.028125 0.0358333
0 0.649219 0.40375 0.028125 0.0358333
1 0.00651855 0.219792 0.0109863 0.0258333
1 0.644531 0.404063 0.03125 0.0385417
1 0.648438 0.395833 0.028125 0.0433333
0 0.439844 0.995 0.0132813 0.01
1 0.0453613 0.88 0.0146484 0.0233333
0 0.994922 0.990833 0.0101562 0.0166667
0 0.00651855 0.219792 0.0109863 0.0258333
1 0.994922 0.990833 0.0101562 0.0166667
1 0.0467773 0.8775 0.0171875 0.02
1 0.0598633 0.8975 0.0107422 0.0216667
1 0.35 0.23 0.009375 0.0191667
1 0.732031 0.248542 0.00703125 0.0129167
0 0.644531 0.404063 0.03125 0.0385417
1 0.33457 0.0152604 0.0246094 0.024375
1 0.517969 0.23125 0.0109375 0.0341667
1 0.903125 0.517083 0.0109375 0.0333333
0 0.991797 0.981667 0.0164062 0.0266667
1 0.649219 0.403333 0.0273438 0.0333333
0 0.649219 0.403333 0.0273438 0.0333333
1 0.0065918 0.219583 0.0101562 0.025
0 0.0065918 0.219583 0.0101562 0.025
1 0.647656 0.395104 0.0265625 0.0447917
1 0.0457031 0.881667 0.0152344 0.0266667
1 0.644531 0.402917 0.0304688 0.0358333
0 0.995313 0.99 0.009375 0.0166667
1 0.332812 0.01625 0.0273438 0.026875
1 0.995313 0.99 0.009375 0.0166667
1 0.0597168 0.898333 0.0112305 0.025
0 0.332812 0.01625 0.0273438 0.026875
1 0.519531 0.234167 0.0078125 0.03
1 0.649219 0.40375 0.028125 0.035
0 0.649219 0.40375 0.028125 0.035
1 0.00664063 0.22 0.0103516 0.0254167
1 0.644531 0.4025 0.0296875 0.0366667
0 0.994531 0.99 0.0109375 0.02
1 0.994531 0.99 0.0109375 0.02
0 0.00664063 0.22 0.0103516 0.0254167
1 0.648438 0.395833 0.028125 0.0458333
0 0.644531 0.4025 0.0296875 0.0366667
0 0.993359 0.975 0.0132813 0.04
0 0.991406 0.979167 0.0171875 0.035
1 0.33418 0.0152344 0.0257812 0.0240104
0 0.439844 0.995 0.0125 0.01
1 0.649219 0.403437 0.028125 0.033125
0 0.648828 0.403333 0.0273438 0.0341667
1 0.518359 0.231667 0.0101562 0.035
1 0.00620117 0.219375 0.00986328 0.0245833
0 0.99375 0.985833 0.0125 0.0266667
0 0.00620117 0.219375 0.00986328 0.0245833
0 0.518359 0.231667 0.0101562 0.035
1 0.644531 0.403229 0.0296875 0.036875
1 0.99375 0.985833 0.0125 0.0266667
0 0.992578 0.978333 0.0148437 0.035
1 0.732031 0.249167 0.00625 0.0116667
1 0.0452637 0.88 0.0139648 0.0233333
1 0.334375 0.0157812 0.025 0.0248958
0 0.439844 0.995 0.0140625 0.01
1 0.648438 0.395 0.028125 0.0458333
1 0.648828 0.403333 0.0273438 0.0333333
0 0.648828 0.403333 0.0273438 0.0333333
1 0.00651855 0.219792 0.0105957 0.02625
0 0.00651855 0.219792 0.0105957 0.02625
1 0.732031 0.248333 0.00625 0.0120833
1 0.99375 0.986667 0.0125 0.0266667
0 0.99375 0.986667 0.0125 0.0266667
0 0.439844 0.995417 0.0125 0.00916667
1 0.334766 0.0153125 0.025 0.0239583
1 0.0454102 0.88 0.0146484 0.025
1 0.242969 0.0441667 0.0183594 0.0341667
0 0.991797 0.979167 0.0164062 0.035
1 0.648438 0.396667 0.028125 0.0433333
0 0.298633 0.0497917 0.0300781 0.03875
1 0.648828 0.40375 0.0273438 0.0333333
0 0.648828 0.40375 0.0273438 0.0333333
0 0.994141 0.988333 0.0117188 0.02
1 0.994141 0.988333 0.0117188 0.02
1 0.335156 0.0147917 0.0234375 0.0229167
1 0.00666504 0.219583 0.011084 0.0270833
0 0.992578 0.98 0.0148437 0.03
0 0.439844 0.995 0.0132813 0.01
0 0.992969 0.976667 0.0140625 0.04
0 0.335156 0.0147917 0.0234375 0.0229167
1 0.648438 0.396771 0.028125 0.043125
1 0.648828 0.40375 0.028125 0.0333333
0 0.648828 0.40375 0.028125 0.0333333
1 0.334375 0.0153646 0.0261719 0.0254167
0 0.334375 0.0153646 0.0261719 0.0254167
1 0.648828 0.404063 0.028125 0.0335417
0 0.648828 0.404063 0.028125 0.0335417
1 0.334766 0.0149479 0.0261719 0.0248958
1 0.648828 0.404063 0.028125 0.0335417
0 0.648828 0.404063 0.028125 0.0335417
1 0.33418 0.0154167 0.0265625 0.0259375
1 0.649219 0.404583 0.028125 0.0341667
0 0.649219 0.404583 0.028125 0.0341667
1 0.33418 0.0153646 0.0265625 0.0258333
1 0.0463867 0.880833 0.0177734 0.025
0 0.33418 0.0153646 0.0265625 0.0258333
1 0.649219 0.404167 0.028125 0.0341667
0 0.649219 0.404167 0.028125 0.0341667
1 0.33418 0.0152604 0.0269531 0.0253125
1 0.644531 0.403333 0.0296875 0.035
1 0.0465332 0.880833 0.0175781 0.025
1 0.517578 0.232083 0.009375 0.0341667
1 0.684375 0.4 0.0242187 0.0358333
1 0.649219 0.404167 0.028125 0.0341667
0 0.649219 0.404167 0.028125 0.0341667
1 0.33418 0.0150521 0.0273438 0.0246875
1 0.517578 0.231875 0.009375 0.0341667
1 0.684375 0.399583 0.0234375 0.035
1 0.99375 0.986667 0.0125 0.0266667
1 0.649219 0.404063 0.028125 0.0335417
0 0.649219 0.404063 0.028125 0.0335417
1 0.517578 0.232083 0.009375 0.0341667
1 0.684375 0.399167 0.0234375 0.0341667
1 0.993359 0.985 0.0132813 0.0266667
1 0.649219 0.404063 0.028125 0.0335417
0 0.649219 0.404063 0.028125 0.0335417
1 0.684375 0.39875 0.0234375 0.0341667
1 0.993359 0.985 0.0132813 0.0266667
1 0.517969 0.232083 0.009375 0.0341667
1 0.649219 0.404583 0.028125 0.0341667
0 0.649219 0.404583 0.028125 0.0341667
1 0.684375 0.398333 0.0234375 0.0333333
1 0.517969 0.232083 0.009375 0.0341667
1 0.993359 0.985 0.0132813 0.0266667
1 0.649219 0.404583 0.028125 0.0341667
0 0.649219 0.404583 0.028125 0.0341667
1 0.684375 0.398333 0.0234375 0.0333333
1 0.517969 0.232083 0.009375 0.0341667
1 0.993359 0.985 0.0132813 0.0266667
1 0.649219 0.404583 0.028125 0.0341667
0 0.649219 0.404583 0.028125 0.0341667
1 0.684375 0.398333 0.0234375 0.0333333
1 0.517969 0.232083 0.009375 0.0341667
1 0.993359 0.985 0.0132813 0.0266667
