0 0.323047 0.339583 0.0328125 0.0308333
1 0.338281 0.213333 0.00859375 0.03125
1 0.323047 0.339583 0.0335938 0.0308333
1 0.331641 0.195625 0.0078125 0.02625
1 0.85625 0.99 0.0125 0.0133333
0 0.85625 0.99 0.0125 0.0133333
1 0.340234 0.215417 0.00859375 0.03
0 0.326562 0.343333 0.040625 0.0366667
1 0.17002 0.217083 0.00722656 0.0145833
0 0.864844 0.988333 0.0265625 0.015
1 0.338672 0.20875 0.0125 0.0408333
1 0.551562 0.23625 0.00625 0.0158333
0 0.009375 0.898333 0.0181641 0.0733333
1 0.723437 0.510833 0.0109375 0.025
1 0.810938 0.9925 0.0125 0.0116667
1 0.336328 0.204167 0.0125 0.04
0 0.325781 0.35125 0.0390625 0.0408333
1 0.326562 0.343333 0.040625 0.0366667
1 0.817187 0.9925 0.0140625 0.0116667
1 0.904688 0.522083 0.009375 0.02
0 0.331641 0.195625 0.0078125 0.02625
1 0.864844 0.988333 0.0265625 0.015
0 0.338281 0.213333 0.00859375 0.03125
1 0.554297 0.238333 0.00703125 0.0191667
0 0.817187 0.9925 0.0140625 0.0116667
1 0.700781 0.235417 0.00625 0.0125
0 0.810938 0.9925 0.0125 0.0116667
1 0.322656 0.33875 0.0328125 0.0316667
0 0.322656 0.33875 0.0328125 0.0316667
1 0.858594 0.99 0.0140625 0.015
0 0.858594 0.99 0.0140625 0.015
0 0.871094 0.988333 0.0375 0.0166667
1 0.325977 0.34125 0.0402344 0.0375
0 0.150977 0.00791667 0.0398437 0.0158333
1 0.338086 0.212083 0.00898437 0.0375
0 0.146875 0.013125 0.0484375 0.02625
0 0.0103516 0.896667 0.0207031 0.0766667
0 0.142188 0.0263021 0.0601562 0.0526042
1 0.810156 0.991667 0.0125 0.0133333
1 0.871094 0.988333 0.0375 0.0166667
1 0.154492 0.00757813 0.0335938 0.0151563
1 0.332812 0.196458 0.0078125 0.0308333
1 0.340039 0.2125 0.009375 0.03875
1 0.336328 0.203542 0.0132813 0.0491667
0 0.325195 0.349583 0.0402344 0.0441667
0 0.871094 0.976667 0.0390625 0.03
0 0.810156 0.991667 0.0125 0.0133333
1 0.817187 0.9925 0.015625 0.0133333
0 0.817187 0.9925 0.015625 0.0133333
0 0.325977 0.34125 0.0402344 0.0375
1 0.325195 0.349583 0.0402344 0.0441667
1 0.905469 0.9925 0.009375 0.01
0 0.131348 0.0276562 0.0439453 0.0528125
1 0.338281 0.207083 0.0148437 0.05
0 0.905469 0.9925 0.009375 0.01
1 0.334961 0.377083 0.0269531 0.0275
1 0.321875 0.338125 0.0320312 0.0320833
0 0.321875 0.338125 0.0320312 0.0320833
1 0.857813 0.99 0.015625 0.0166667
1 0.156641 0.00742187 0.028125 0.0148437
1 0.338086 0.213333 0.00976562 0.0425
0 0.857813 0.99 0.015625 0.0166667
0 0.154102 0.00848958 0.0316406 0.0169792
2 0.32207 0.338125 0.0320312 0.0325
1 0.810156 0.991667 0.015625 0.0166667
0 0.00839844 0.0085026 0.0154297 0.0170052
0 0.00942383 0.9 0.0180664 0.0666667
1 0.335938 0.20375 0.0148437 0.0508333
1 0.815625 0.9925 0.01875 0.015
1 0.722656 0.511667 0.0140625 0.0333333
1 0.339453 0.215417 0.0101562 0.0366667
1 0.0858398 0.0176042 0.0185547 0.0317708
1 0.803125 0.97 0.0140625 0.0233333
0 0.151562 0.0115365 0.0361328 0.0230729
1 0.867188 0.9875 0.03125 0.0183333
0 0.867188 0.9875 0.03125 0.0183333
1 0.6125 0.469583 0.0203125 0.0375
1 0.332617 0.19625 0.00976562 0.03
1 0.0870117 0.0215495 0.015625 0.0391927
1 0.169531 0.216667 0.00820312 0.0175
1 0.00410156 0.744167 0.00683594 0.0266667
0 0.073291 0.0228125 0.0311523 0.0434375
1 0.00942383 0.9 0.0180664 0.0666667
1 0.321289 0.347292 0.03125 0.04625
0 0.00449219 0.7375 0.00673828 0.03
0 0.00583496 0.0347005 0.0102539 0.034974
1 0.32207 0.3375 0.0320312 0.0358333
0 0.32207 0.3375 0.0320312 0.0358333
1 0.338281 0.211667 0.0109375 0.045
0 0.140527 0.0270313 0.0638672 0.0540625
1 0.336328 0.20375 0.0148437 0.0475
0 0.85625 0.99 0.0125 0.0133333
1 0.333984 0.1975 0.0109375 0.0333333
1 0.320703 0.349583 0.028125 0.0420833
0 0.338281 0.211667 0.0109375 0.045
1 0.85625 0.99 0.0125 0.0133333
0 0.145703 0.0178646 0.0523437 0.0357292
0 0.320703 0.349583 0.028125 0.0420833
0 0.870313 0.989167 0.0375 0.015
1 0.145703 0.0178646 0.0523437 0.0357292
0 0.130664 0.0278125 0.0449219 0.0551042
2 0.140527 0.0270313 0.0638672 0.0540625
0 0.0729492 0.029375 0.0333984 0.0548958
0 0.816406 0.993333 0.015625 0.0133333
2 0.322266 0.338333 0.0328125 0.0358333
0 0.870313 0.991667 0.0421875 0.01
1 0.310547 0.335833 0.0296875 0.0366667
1 0.329297 0.365208 0.0382813 0.0554167
1 0.326562 0.33875 0.040625 0.0433333
1 0.596875 0.5175 0.0109375 0.0158333
0 0.336328 0.20375 0.0148437 0.0475
1 0.141992 0.0259896 0.0601562 0.0519792
1 0.0729492 0.029375 0.0333984 0.0548958
1 0.337109 0.332917 0.0320312 0.0391667
1 0.339453 0.377083 0.0242187 0.0375
1 0.816406 0.993333 0.015625 0.0133333
0 0.333984 0.1975 0.0109375 0.0333333
0 0.0780273 0.0269922 0.0365234 0.0497656
1 0.170117 0.21625 0.009375 0.0191667
1 0.416406 0.479167 0.015625 0.0291667
0 0.807617 0.0189583 0.0753906 0.0379167
0 0.328125 0.360417 0.0445312 0.0458333
0 0.326367 0.33375 0.0402344 0.0483333
1 0.321875 0.33625 0.0320312 0.0341667
0 0.32168 0.33625 0.0316406 0.0341667
1 0.857813 0.99 0.0125 0.0166667
0 0.857813 0.99 0.0125 0.0166667
1 0.335938 0.205 0.0148437 0.0458333
1 0.315234 0.338333 0.0390625 0.0375
1 0.33457 0.2 0.0132813 0.0354167
1 0.338672 0.213333 0.0117188 0.0404167
2 0.321875 0.33625 0.0320312 0.0341667
0 0.865625 0.986667 0.0265625 0.02
1 0.327734 0.335833 0.0375 0.0391667
1 0.865625 0.986667 0.0265625 0.02
1 0.338672 0.37625 0.0214844 0.0366667
1 0.333984 0.368333 0.0296875 0.0458333
0 0.85625 0.985 0.01875 0.0166667
1 0.32207 0.33625 0.0308594 0.0316667
0 0.32207 0.33625 0.0308594 0.0316667
0 0.859375 0.989167 0.015625 0.0166667
1 0.316406 0.338125 0.0382813 0.0333333
1 0.859375 0.989167 0.015625 0.0166667
0 0.86875 0.988333 0.034375 0.02
1 0.333789 0.19625 0.0105469 0.025
1 0.339453 0.214792 0.0109375 0.0329167
2 0.322266 0.336875 0.0316406 0.0320833
1 0.596484 0.515833 0.009375 0.0133333
1 0.803125 0.966667 0.0125 0.0233333
1 0.161914 0.00848958 0.01875 0.0169792
1 0.341016 0.376875 0.015625 0.0270833
1 0.452734 0.00869792 0.0148437 0.0173958
1 0.723437 0.512917 0.0125 0.025
1 0.337109 0.206667 0.0109375 0.0341667
1 0.328906 0.334583 0.0351562 0.0325
1 0.335742 0.204167 0.0148437 0.0429167
1 0.324219 0.34875 0.0351562 0.04
1 0.0890625 0.0217578 0.0121094 0.037526
1 0.725781 0.515417 0.0125 0.0241667
1 0.00778809 0.740417 0.0135254 0.0191667
1 0.328125 0.328333 0.0421875 0.0375
1 0.86875 0.988333 0.034375 0.02
1 0.349219 0 0.0539063 0
1 0.00454102 0.744167 0.00791016 0.0233333
1 0.817969 0.991667 0.015625 0.0166667
1 0.690625 0.515 0.0078125 0.0133333
1 0.85625 0.985 0.015625 0.0166667
1 0.337891 0 0.0484375 0
1 0.373633 0 0.0519531 0
0 0.85625 0.985 0.015625 0.0166667
0 0.341016 0.376875 0.015625 0.0270833
0 0.0890625 0.0217578 0.0121094 0.037526
0 0.349219 0 0.0539063 0
1 0.804688 0.978333 0.015625 0.0166667
1 0.809375 0.99 0.0125 0.0166667
0 0.817969 0.991667 0.015625 0.0166667
0 0.873438 0.975 0.0359375 0.0266667
0 0.373633 0 0.0519531 0
1 0.360938 0 0.0554687 0
0 0.161914 0.00848958 0.01875 0.0169792
1 0.795313 0.9625 0.0125 0.0183333
1 0.32207 0.336667 0.03125 0.0366667
0 0.32207 0.336667 0.03125 0.0366667
1 0.857031 0.99 0.0140625 0.0166667
1 0.334766 0.204583 0.0164062 0.0483333
1 0.336719 0.211042 0.0113281 0.0383333
1 0.315625 0.3375 0.0355469 0.0366667
1 0.596875 0.5175 0.0109375 0.015
1 0.861719 0.988333 0.021875 0.0166667
1 0.319141 0.35 0.0273438 0.0408333
0 0.336719 0.211042 0.0113281 0.0383333
1 0.330859 0.365 0.021875 0.0475
1 0.854688 0.985 0.015625 0.0166667
1 0.31875 0.354167 0.025 0.0583333
1 0.339063 0.213958 0.0117188 0.03625
1 0.333594 0.197917 0.0117188 0.0308333
0 0.334766 0.204583 0.0164062 0.0483333
1 0.93125 0.64625 0.0109375 0.0108333
0 0.857031 0.99 0.0140625 0.0166667
1 0.342578 0.37875 0.0179687 0.0375
1 0.721875 0.51125 0.0125 0.0291667
2 0.321875 0.337083 0.0320312 0.0358333
1 0.817187 0.992917 0.0140625 0.0141667
1 0.904688 0.991667 0.0109375 0.0133333
1 0.332812 0.331667 0.0296875 0.0383333
0 0.333594 0.197917 0.0117188 0.0308333
1 0.3375 0.201042 0.0195312 0.05
1 0.321875 0.33625 0.0320312 0.0333333
0 0.321875 0.33625 0.0320312 0.0333333
0 0.857031 0.991667 0.0140625 0.0133333
1 0.336328 0.209167 0.0132813 0.0408333
0 0.867969 0.99 0.0328125 0.015
1 0.857031 0.991667 0.0140625 0.0133333
0 0.336328 0.209167 0.0132813 0.0408333
1 0.333203 0.196667 0.0128906 0.0283333
1 0.339063 0.215833 0.0113281 0.0345833
1 0.322266 0.329792 0.0328125 0.0395833
1 0.3375 0.205 0.0183594 0.0483333
1 0.809375 0.993333 0.009375 0.0116667
1 0.81875 0.994167 0.015625 0.0116667
0 0.81875 0.994167 0.015625 0.0116667
1 0.328516 0.335 0.0375 0.0354167
1 0.867969 0.99 0.0328125 0.015
1 0.315625 0.337083 0.0359375 0.03
1 0.00424805 0.745 0.00742187 0.0266667
0 0.00424805 0.745 0.00742187 0.0266667
1 0.321484 0.3525 0.03125 0.0358333
1 0.322461 0.336875 0.0308594 0.035
0 0.322461 0.336875 0.0308594 0.035
1 0.339453 0.214792 0.0101562 0.0341667
0 0.337109 0.212083 0.0105469 0.0391667
1 0.335352 0.204583 0.0152344 0.0433333
1 0.337109 0.212083 0.0105469 0.0391667
1 0.855469 0.99 0.0125 0.0166667
0 0.339453 0.214792 0.0101562 0.0341667
0 0.855469 0.99 0.0125 0.0166667
1 0.320703 0.347083 0.0308594 0.045
1 0.86875 0.988333 0.0375 0.0183333
1 0.323242 0.328542 0.0339844 0.0383333
0 0.86875 0.988333 0.0375 0.0183333
0 0.335352 0.204583 0.0152344 0.0433333
1 0.331641 0.196458 0.00859375 0.0254167
1 0.722656 0.512083 0.0125 0.0275
1 0.9375 0.0777083 0.071875 0.0516667
1 0.596094 0.5175 0.009375 0.015
1 0.321875 0.336875 0.0335938 0.0358333
0 0.321875 0.336875 0.0335938 0.0358333
0 0.858594 0.99 0.0171875 0.0166667
0 0.86875 0.988333 0.034375 0.0166667
1 0.858594 0.99 0.0171875 0.0166667
1 0.335742 0.205208 0.0160156 0.045
1 0.339453 0.213542 0.0117188 0.03875
1 0.336719 0.21375 0.0117188 0.0366667
1 0.596484 0.517083 0.009375 0.0141667
0 0.336719 0.21375 0.0117188 0.0366667
1 0.86875 0.988333 0.034375 0.0166667
1 0.320312 0.35 0.03125 0.0416667
1 0.817187 0.993333 0.015625 0.0133333
0 0.817187 0.993333 0.015625 0.0133333
1 0.00424805 0.744167 0.00791016 0.025
1 0.723437 0.511667 0.0117188 0.025
1 0.321484 0.337083 0.0328125 0.035
0 0.321484 0.337083 0.0328125 0.035
1 0.85625 0.99 0.0125 0.0166667
1 0.320703 0.348333 0.0328125 0.04625
0 0.85625 0.99 0.0125 0.0166667
0 0.870313 0.986667 0.0375 0.0216667
1 0.817187 0.993333 0.015625 0.0133333
1 0.316797 0.34 0.0398437 0.0375
0 0.00424805 0.745 0.00751953 0.025
0 0.320703 0.348333 0.0328125 0.04625
1 0.870313 0.986667 0.0375 0.0216667
1 0.321875 0.3375 0.0328125 0.0341667
0 0.321875 0.3375 0.0328125 0.0341667
0 0.857813 0.989167 0.0140625 0.0166667
0 0.871094 0.986667 0.0375 0.02
1 0.857813 0.989167 0.0140625 0.0166667
1 0.320703 0.350833 0.0328125 0.04
1 0.871094 0.986667 0.0375 0.02
1 0.00415039 0.744583 0.00742187 0.0258333
0 0.00415039 0.744583 0.00742187 0.0258333
1 0.336719 0.212917 0.0101562 0.0358333
1 0.817187 0.993333 0.015625 0.0133333
1 0.327539 0.335833 0.0371094 0.0366667
1 0.317969 0.340833 0.04375 0.03375
1 0.321875 0.3375 0.0328125 0.0333333
0 0.321875 0.3375 0.0328125 0.0333333
0 0.870313 0.988333 0.0375 0.02
1 0.337891 0.213125 0.009375 0.0416667
1 0.85625 0.99 0.0125 0.0166667
0 0.85625 0.99 0.0125 0.0166667
1 0.335938 0.204167 0.0148437 0.0441667
1 0.320703 0.352292 0.0335938 0.0366667
0 0.337891 0.213125 0.009375 0.0416667
1 0.870313 0.988333 0.0375 0.02
1 0.00402832 0.744583 0.00737305 0.025
1 0.816406 0.99375 0.015625 0.0125
1 0.331641 0.195208 0.00859375 0.0266667
1 0.32207 0.338333 0.0332031 0.0341667
0 0.32207 0.338333 0.0332031 0.0341667
1 0.85625 0.99 0.015625 0.0166667
0 0.869531 0.988333 0.0375 0.0183333
1 0.869531 0.988333 0.0375 0.0183333
1 0.337891 0.214167 0.0101562 0.0425
0 0.85625 0.99 0.015625 0.0166667
1 0.336133 0.20375 0.0148437 0.0466667
0 0.337891 0.214167 0.0101562 0.0425
1 0.339258 0.211875 0.0109375 0.0395833
1 0.472656 0.0147135 0.0390625 0.0294271
1 0.321094 0.349583 0.034375 0.0383333
1 0.00412598 0.744583 0.0074707 0.0266667
0 0.472656 0.0147135 0.0390625 0.0294271
1 0.816406 0.99375 0.015625 0.0125
1 0.454688 0.00932292 0.0171875 0.0186458
1 0.321875 0.338333 0.0335938 0.0345833
0 0.321875 0.338333 0.0335938 0.0345833
0 0.869531 0.9875 0.0375 0.0183333
1 0.85625 0.99 0.0140625 0.0166667
0 0.85625 0.99 0.0140625 0.0166667
1 0.869531 0.9875 0.0375 0.0183333
1 0.337891 0.214167 0.009375 0.0425
1 0.335938 0.204167 0.0148437 0.045
1 0.339258 0.211458 0.0109375 0.0395833
0 0.337891 0.214167 0.009375 0.0425
1 0.321289 0.3475 0.0351562 0.0420833
1 0.161523 0.00747396 0.0195312 0.0149479
1 0.00419922 0.744167 0.00732422 0.025
1 0.332812 0.194792 0.00859375 0.0258333
1 0.817187 0.993333 0.0125 0.0133333
1 0.810156 0.9925 0.0125 0.0133333
0 0.904688 0.9925 0.0125 0.0116667
1 0.321875 0.33875 0.0335938 0.0354167
0 0.321875 0.33875 0.0335938 0.0354167
1 0.85625 0.990833 0.0125 0.015
1 0.3375 0.21375 0.0101562 0.0408333
1 0.335938 0.205208 0.0148437 0.0425
0 0.86875 0.986667 0.034375 0.02
0 0.3375 0.21375 0.0101562 0.0408333
1 0.86875 0.986667 0.034375 0.02
0 0.85625 0.990833 0.0125 0.015
1 0.339258 0.211667 0.0109375 0.0379167
1 0.322656 0.348125 0.0355469 0.04375
1 0.321875 0.338958 0.0339844 0.0354167
0 0.321875 0.338958 0.0339844 0.0354167
1 0.321484 0.345625 0.0351562 0.0458333
1 0.319922 0.339375 0.04375 0.04
1 0.85625 0.99 0.0125 0.0166667
0 0.869531 0.986667 0.034375 0.0233333
1 0.335742 0.205417 0.0152344 0.0441667
1 0.321875 0.33875 0.034375 0.0358333
0 0.321875 0.33875 0.034375 0.0358333
1 0.321484 0.34625 0.0351562 0.045
1 0.85625 0.99 0.0125 0.0166667
1 0.319922 0.339583 0.04375 0.0408333
0 0.3375 0.212917 0.009375 0.0416667
1 0.3375 0.212917 0.009375 0.0416667
1 0.335938 0.204375 0.0148437 0.0458333
0 0.86875 0.986667 0.034375 0.0233333
0 0.85625 0.99 0.0125 0.0166667
1 0.86875 0.986667 0.034375 0.0233333
1 0.322266 0.33875 0.034375 0.035
0 0.322266 0.33875 0.034375 0.035
0 0.3375 0.212292 0.009375 0.04125
1 0.3375 0.212292 0.009375 0.04125
1 0.857031 0.99 0.0140625 0.0166667
1 0.321875 0.346042 0.0351562 0.0454167
0 0.86875 0.986667 0.034375 0.0216667
0 0.857031 0.99 0.0140625 0.0166667
1 0.86875 0.986667 0.034375 0.0216667
1 0.335938 0.204583 0.0148437 0.0441667
1 0.319922 0.338958 0.04375 0.0416667
1 0.339453 0.213125 0.0109375 0.0370833
1 0.322266 0.33875 0.034375 0.0358333
0 0.322266 0.33875 0.034375 0.0358333
0 0.3375 0.2125 0.009375 0.0416667
1 0.3375 0.2125 0.009375 0.0416667
1 0.857031 0.99 0.0140625 0.0166667
1 0.321875 0.346042 0.0359375 0.0458333
0 0.86875 0.986667 0.0328125 0.0216667
0 0.857031 0.99 0.0140625 0.0166667
1 0.86875 0.986667 0.0328125 0.0216667
1 0.335938 0.204167 0.0148437 0.0458333
1 0.320117 0.33875 0.0441406 0.0425
1 0.339453 0.212917 0.0109375 0.0383333
1 0.322266 0.338958 0.0347656 0.0358333
0 0.322266 0.338958 0.0347656 0.0358333
1 0.337695 0.212917 0.00976562 0.0425
0 0.337695 0.212917 0.00976562 0.0425
1 0.857031 0.99 0.0140625 0.0166667
1 0.321875 0.345833 0.0359375 0.04625
0 0.86875 0.986667 0.03125 0.0216667
1 0.320312 0.338333 0.0445312 0.0425
0 0.857031 0.99 0.0140625 0.0166667
1 0.86875 0.986667 0.03125 0.0216667
1 0.336133 0.203958 0.0148437 0.0470833
1 0.339453 0.2125 0.0109375 0.04
1 0.322266 0.338958 0.0351562 0.0358333
0 0.322266 0.338958 0.0351562 0.0358333
1 0.857813 0.99 0.015625 0.0166667
1 0.321875 0.345833 0.0359375 0.04625
1 0.3375 0.213125 0.009375 0.0420833
0 0.3375 0.213125 0.009375 0.0420833
0 0.86875 0.986667 0.03125 0.02
0 0.857813 0.99 0.015625 0.0166667
1 0.320312 0.33875 0.0445312 0.0425
1 0.86875 0.986667 0.03125 0.02
1 0.336133 0.204167 0.0152344 0.0466667
1 0.339453 0.2125 0.0109375 0.04
1 0.322266 0.339167 0.0351562 0.0358333
0 0.322266 0.339167 0.0351562 0.0358333
1 0.857813 0.99 0.015625 0.0166667
1 0.322266 0.347917 0.0367187 0.045
1 0.320312 0.33875 0.0441406 0.0420833
0 0.86875 0.986667 0.03125 0.02
0 0.857813 0.99 0.015625 0.0166667
1 0.337695 0.213333 0.009375 0.0416667
0 0.337695 0.213333 0.009375 0.0416667
1 0.86875 0.986667 0.03125 0.02
1 0.322266 0.339167 0.0351562 0.0358333
0 0.322266 0.339167 0.0351562 0.0358333
1 0.857031 0.99 0.0140625 0.0166667
1 0.320312 0.339167 0.0445312 0.0425
1 0.322461 0.3475 0.0367187 0.0454167
0 0.857031 0.99 0.0140625 0.0166667
0 0.86875 0.986667 0.03125 0.02
1 0.337891 0.213333 0.009375 0.0416667
1 0.86875 0.986667 0.03125 0.02
0 0.337891 0.213333 0.009375 0.0416667
1 0.357422 0.343333 0.0265625 0.0475
1 0.322266 0.339167 0.0351562 0.0358333
0 0.322266 0.339167 0.0351562 0.0358333
1 0.857031 0.99 0.0140625 0.0166667
1 0.320312 0.339167 0.0441406 0.0425
1 0.322461 0.347292 0.0367187 0.0454167
0 0.857031 0.99 0.0140625 0.0166667
0 0.86875 0.986667 0.03125 0.02
1 0.337891 0.213333 0.009375 0.0416667
1 0.86875 0.986667 0.03125 0.02
0 0.337891 0.213333 0.009375 0.0416667
1 0.357422 0.343333 0.0265625 0.0470833
1 0.322266 0.339167 0.0351562 0.0358333
0 0.322266 0.339167 0.0351562 0.0358333
1 0.857813 0.99 0.015625 0.0166667
1 0.320312 0.339375 0.0445312 0.0420833
1 0.322266 0.347292 0.0367187 0.0454167
0 0.857813 0.99 0.015625 0.0166667
0 0.86875 0.986667 0.03125 0.02
1 0.337891 0.213333 0.009375 0.0416667
1 0.86875 0.986667 0.03125 0.02
0 0.337891 0.213333 0.009375 0.0416667
1 0.357422 0.343333 0.0265625 0.0470833
1 0.339453 0.212083 0.0105469 0.0416667
