3 0.183594 0.252083 0.0609375 0.0847222
1 0.419271 0.24838 0.0104167 0.0310185
1 0.415104 0.256713 0.00989583 0.0337963
1 0.416667 0.25463 0.0104167 0.0342593
1 0.417188 0.255787 0.0145833 0.0342593
1 0.416146 0.250926 0.0140625 0.0361111
1 0.421875 0.248611 0.0125 0.0314815
0 0.418229 0.249537 0.0114583 0.0328704
0 0.415104 0.256481 0.0104167 0.0333333
3 0.183594 0.252315 0.0604167 0.0856481
1 0.419531 0.24838 0.00989583 0.0310185
1 0.415365 0.257407 0.00989583 0.0342593
1 0.417448 0.255093 0.0151042 0.037963
1 0.415885 0.251389 0.0140625 0.0365741
0 0.418229 0.25 0.0114583 0.0337963
1 0.421875 0.248611 0.0125 0.0314815
3 0.183594 0.252315 0.0604167 0.0856481
1 0.419531 0.248148 0.00989583 0.0305556
1 0.415104 0.257639 0.009375 0.0337963
1 0.417188 0.255324 0.0145833 0.0384259
1 0.415625 0.252546 0.0104167 0.0319444
1 0.415625 0.250694 0.0135417 0.0356481
0 0.915625 0.0189164 0.0458333 0.0371672
0 0.418229 0.249074 0.0114583 0.0319444
3 0.183594 0.252373 0.0604167 0.0850694
1 0.419531 0.24838 0.00989583 0.0310185
1 0.415365 0.25787 0.00989583 0.0333333
1 0.416927 0.253704 0.0114583 0.0342593
1 0.417448 0.255556 0.0145833 0.0388889
1 0.415885 0.250463 0.0140625 0.0351852
0 0.915625 0.0187211 0.0458333 0.0368634
0 0.419792 0.248148 0.009375 0.0314815
0 0.415104 0.25787 0.009375 0.0324074
2 0.183594 0.252083 0.0604167 0.0847222
3 0.183594 0.252315 0.0604167 0.0851852
1 0.419531 0.248148 0.00989583 0.0310185
1 0.415104 0.25787 0.009375 0.0333333
1 0.417188 0.252315 0.0114583 0.0342593
1 0.417708 0.255556 0.0145833 0.0388889
0 0.415104 0.25787 0.009375 0.0328704
0 0.915625 0.0187789 0.0458333 0.0369792
0 0.419531 0.248148 0.00989583 0.0314815
3 0.183594 0.252315 0.0604167 0.0851852
1 0.419271 0.248148 0.009375 0.0305556
1 0.415104 0.25787 0.009375 0.0337963
1 0.417708 0.250926 0.0114583 0.0333333
1 0.417708 0.255324 0.0145833 0.0384259
0 0.415104 0.258102 0.00885417 0.0328704
0 0.419531 0.247917 0.009375 0.0305556
3 0.183594 0.252315 0.0604167 0.0851852
1 0.419271 0.248148 0.009375 0.0305556
1 0.415104 0.25787 0.009375 0.0342593
1 0.417969 0.250463 0.0114583 0.0333333
1 0.417708 0.255093 0.0145833 0.0384259
1 0.416146 0.251389 0.0114583 0.0324074
0 0.419531 0.248148 0.00989583 0.0314815
0 0.415104 0.25787 0.009375 0.0333333
1 0.421875 0.248148 0.0125 0.0314815
3 0.183594 0.252373 0.0604167 0.0850694
1 0.419531 0.247917 0.00989583 0.0310185
1 0.415104 0.257639 0.009375 0.0342593
1 0.416406 0.25463 0.0109375 0.0342593
1 0.417708 0.254861 0.0145833 0.0384259
1 0.415625 0.250463 0.0145833 0.0361111
0 0.415104 0.257176 0.009375 0.0337963
0 0.419792 0.248148 0.009375 0.0314815
3 0.183594 0.252315 0.0604167 0.0851852
1 0.419792 0.247917 0.009375 0.0310185
1 0.415104 0.257639 0.009375 0.0342593
1 0.416406 0.25463 0.0109375 0.0342593
1 0.417708 0.255093 0.0145833 0.0388889
1 0.415885 0.250463 0.0145833 0.0361111
0 0.415104 0.257176 0.009375 0.0337963
3 0.183594 0.252083 0.0606771 0.0851852
1 0.419531 0.247917 0.009375 0.0310185
1 0.415104 0.25787 0.009375 0.0342593
1 0.416667 0.254167 0.0114583 0.0351852
1 0.417708 0.259028 0.0145833 0.0365741
1 0.415885 0.250694 0.0145833 0.0361111
3 0.183594 0.252373 0.0606771 0.0850694
1 0.419531 0.247917 0.009375 0.0310185
1 0.415104 0.257639 0.009375 0.0347222
1 0.416667 0.254398 0.0114583 0.0356481
1 0.417708 0.259028 0.0145833 0.0365741
1 0.415885 0.250926 0.0145833 0.0361111
3 0.183594 0.252083 0.0606771 0.0851852
1 0.415104 0.257639 0.009375 0.0347222
1 0.419792 0.247917 0.009375 0.0310185
1 0.416667 0.254167 0.0114583 0.0361111
1 0.417708 0.258796 0.0145833 0.037037
1 0.416146 0.250926 0.0145833 0.037037
<<<<<<< HEAD
3 0.183594 0.252373 0.0604167 0.0850694
1 0.415104 0.257407 0.009375 0.0351852
1 0.419531 0.247917 0.009375 0.0310185
1 0.416927 0.253935 0.0114583 0.0365741
1 0.417708 0.258796 0.0145833 0.037037
1 0.416146 0.250926 0.0145833 0.037037
3 0.183594 0.252083 0.0604167 0.0851852
1 0.415104 0.257407 0.009375 0.0351852
1 0.419531 0.247917 0.009375 0.0310185
1 0.416667 0.254398 0.0114583 0.0361111
1 0.417708 0.258796 0.0145833 0.037037
1 0.416146 0.250926 0.0145833 0.037037
3 0.183594 0.252373 0.0606771 0.0850694
1 0.415104 0.257639 0.009375 0.0347222
1 0.419531 0.247917 0.009375 0.0310185
1 0.417188 0.253472 0.0114583 0.0365741
1 0.417708 0.258796 0.0145833 0.037037
3 0.183594 0.252315 0.0604167 0.0851852
1 0.415104 0.257407 0.009375 0.0351852
1 0.419531 0.247685 0.009375 0.0305556
1 0.416667 0.253935 0.0114583 0.0365741
1 0.416146 0.250926 0.0145833 0.037037
1 0.417708 0.258796 0.0145833 0.0375
3 0.183594 0.252373 0.0604167 0.0850694
1 0.415104 0.257407 0.009375 0.0351852
1 0.419271 0.247917 0.009375 0.0310185
1 0.416927 0.253704 0.0114583 0.0361111
1 0.417708 0.258796 0.0145833 0.0375
1 0.416146 0.250926 0.0145833 0.0365741
3 0.183594 0.252373 0.0604167 0.0850694
1 0.415104 0.257407 0.009375 0.0351852
1 0.419271 0.247917 0.009375 0.0310185
1 0.417188 0.253241 0.0114583 0.0361111
1 0.417969 0.258796 0.0145833 0.0375
1 0.416146 0.250926 0.0145833 0.0365741
1 0.422135 0.248148 0.0125 0.0314815
3 0.183594 0.252315 0.0604167 0.0851852
1 0.415104 0.257407 0.009375 0.0351852
1 0.419271 0.248148 0.009375 0.0305556
1 0.417188 0.253241 0.0109375 0.0365741
1 0.417708 0.255093 0.0145833 0.0393519
1 0.416146 0.251157 0.0145833 0.037037
1 0.422135 0.248148 0.0125 0.0314815
3 0.183594 0.252315 0.0604167 0.0851852
1 0.415104 0.257407 0.009375 0.0351852
1 0.419531 0.247917 0.00885417 0.0310185
1 0.416927 0.253704 0.0109375 0.0365741
1 0.417708 0.255324 0.0145833 0.0393519
1 0.415885 0.250926 0.0145833 0.037037
1 0.422135 0.248148 0.0125 0.0314815
3 0.183594 0.252257 0.0604167 0.0853009
1 0.415104 0.257407 0.009375 0.0351852
1 0.419531 0.248148 0.00885417 0.0305556
1 0.416667 0.253704 0.0104167 0.0361111
1 0.417708 0.255324 0.0145833 0.0393519
1 0.415885 0.251157 0.0145833 0.0375
1 0.422135 0.248148 0.0125 0.0314815
3 0.183594 0.252257 0.0604167 0.0853009
1 0.415104 0.257407 0.009375 0.0351852
1 0.419271 0.247917 0.009375 0.0310185
1 0.416927 0.253704 0.0109375 0.0361111
1 0.417708 0.255324 0.0145833 0.0393519
1 0.415885 0.251157 0.0145833 0.0375
1 0.422135 0.248148 0.0125 0.0314815
1 0.410937 0.257639 0.015625 0.0365741
3 0.183594 0.252257 0.0604167 0.0853009
1 0.415104 0.257407 0.009375 0.0351852
1 0.419271 0.248148 0.009375 0.0314815
1 0.416667 0.253704 0.0104167 0.0365741
1 0.417708 0.255556 0.0145833 0.0388889
1 0.415885 0.251157 0.0145833 0.0375
1 0.422135 0.248148 0.0125 0.0314815
1 0.411979 0.257639 0.0145833 0.037037
3 0.183594 0.252315 0.0604167 0.0856481
1 0.415104 0.257407 0.009375 0.0351852
1 0.419271 0.248148 0.009375 0.0314815
1 0.417188 0.253009 0.0104167 0.0365741
1 0.417708 0.255556 0.0145833 0.0388889
1 0.415885 0.251389 0.00989583 0.0319444
1 0.415885 0.251389 0.0145833 0.037963
1 0.422396 0.248148 0.0125 0.0314815
1 0.411979 0.257639 0.0145833 0.037037
3 0.183594 0.252315 0.0604167 0.0856481
1 0.415104 0.257407 0.009375 0.0351852
1 0.419271 0.248148 0.009375 0.0314815
1 0.417188 0.252315 0.0104167 0.0361111
1 0.417708 0.255556 0.0145833 0.0388889
1 0.415885 0.251389 0.00989583 0.0319444
1 0.415885 0.251157 0.0145833 0.0375
1 0.422396 0.248148 0.0125 0.0319444
1 0.411979 0.25787 0.0145833 0.037037
3 0.183594 0.252315 0.0604167 0.0856481
1 0.415104 0.257407 0.009375 0.0351852
1 0.419271 0.248148 0.009375 0.0314815
1 0.417188 0.252315 0.0104167 0.0361111
1 0.417708 0.255556 0.0145833 0.0388889
1 0.415885 0.251389 0.00989583 0.0319444
1 0.415885 0.251157 0.0145833 0.0375
1 0.422396 0.248148 0.0125 0.0319444
1 0.411979 0.25787 0.0151042 0.037037
=======
>>>>>>> eec1531f690f822f052659bede932c48623278fb
