3 0.655208 0.461921 0.0645833 0.102083
1 0.496875 0.0465278 0.0078125 0.0334491
1 0.498437 0.0466291 0.009375 0.0338252
0 0.447396 0.989815 0.00729167 0.0185185
0 0.496875 0.0465278 0.0078125 0.0334491
0 0.457031 0.976852 0.00520833 0.012963
1 0.447396 0.989815 0.00729167 0.0185185
1 0.49349 0.0471209 0.0104167 0.0330729
0 0.133464 0.573148 0.266927 0.22037
1 0.501042 0.0468171 0.0109375 0.033912
1 0.386458 0.62037 0.00989583 0.0203704
1 0.457031 0.976852 0.00520833 0.012963
3 0.655208 0.461574 0.0645833 0.101852
1 0.496875 0.0463542 0.00729167 0.0336806
0 0.496875 0.046412 0.00729167 0.0335648
1 0.460417 0.259722 0.00625 0.0125
1 0.498437 0.0466291 0.009375 0.0342882
1 0.246094 0.646296 0.00807292 0.0157407
3 0.655208 0.461574 0.0645833 0.101852
1 0.496875 0.0463542 0.00729167 0.0336806
1 0.422917 0.971296 0.0046875 0.012963
1 0.498437 0.0462963 0.009375 0.0342593
0 0.496875 0.0462963 0.00729167 0.0336806
0 0.767708 0.720833 0.0895833 0.124074
1 0.460417 0.259491 0.00625 0.012037
0 0.0757812 0.552778 0.0239583 0.0296296
3 0.655208 0.462153 0.0645833 0.10162
1 0.496875 0.0463108 0.00729167 0.0337674
1 0.498437 0.046412 0.009375 0.0347222
0 0.768229 0.720833 0.090625 0.121296
0 0.496875 0.0463108 0.00729167 0.0337674
1 0.246615 0.13125 0.0145833 0.0212963
1 0.246224 0.647222 0.00833333 0.0185185
1 0.422917 0.972222 0.00520833 0.0148148
3 0.655208 0.462037 0.0645833 0.101852
1 0.496875 0.0462963 0.00729167 0.033912
0 0.768229 0.721296 0.090625 0.122222
1 0.498437 0.046412 0.009375 0.0350694
1 0.246224 0.647222 0.00859375 0.0185185
1 0.422917 0.971296 0.00520833 0.012963
0 0.496875 0.0462963 0.00729167 0.033912
3 0.655208 0.462037 0.0645833 0.101852
1 0.496875 0.0463976 0.00729167 0.0338252
1 0.498437 0.0464699 0.009375 0.034838
0 0.496875 0.0463976 0.00729167 0.0338252
0 0.768229 0.721296 0.090625 0.124074
1 0.246094 0.648148 0.00833333 0.0203704
1 0.422917 0.971296 0.00520833 0.012963
3 0.655208 0.462037 0.0645833 0.101852
1 0.496875 0.046412 0.00729167 0.0336806
1 0.498437 0.0464699 0.009375 0.034838
0 0.496875 0.0464265 0.00729167 0.0337674
0 0.76875 0.721296 0.0916667 0.122222
1 0.246094 0.647685 0.00833333 0.0194444
3 0.655208 0.462037 0.0645833 0.101852
1 0.496875 0.0463976 0.00729167 0.0335938
1 0.498437 0.0465133 0.009375 0.0347512
0 0.496875 0.0463976 0.00729167 0.0335938
1 0.246094 0.647222 0.00833333 0.0185185
3 0.655208 0.462037 0.0645833 0.101852
1 0.496875 0.046412 0.00729167 0.0336806
1 0.498437 0.0465133 0.009375 0.0347512
0 0.496875 0.0463976 0.00729167 0.0335938
1 0.246094 0.647685 0.00833333 0.0194444
3 0.655208 0.462037 0.0645833 0.101852
1 0.496875 0.0464265 0.00729167 0.0337674
1 0.498437 0.0464699 0.009375 0.034838
0 0.496875 0.0463542 0.00729167 0.0336806
1 0.246094 0.647222 0.00833333 0.0185185
3 0.655208 0.462037 0.0645833 0.101852
1 0.496875 0.0464265 0.00729167 0.0337674
1 0.498437 0.0463976 0.009375 0.0347512
0 0.496875 0.0463542 0.00729167 0.0336806
1 0.246094 0.647222 0.00833333 0.0185185
3 0.655208 0.462037 0.0645833 0.101852
1 0.496875 0.046412 0.00729167 0.0336806
1 0.498437 0.0464699 0.009375 0.0347222
0 0.496875 0.046412 0.00729167 0.0336806
1 0.246094 0.647222 0.00833333 0.0185185
<<<<<<< HEAD
3 0.655208 0.462037 0.0645833 0.101852
1 0.496875 0.046412 0.00729167 0.0336806
1 0.498437 0.0465278 0.009375 0.0347222
0 0.496875 0.046412 0.00729167 0.0336806
1 0.246094 0.647222 0.00833333 0.0185185
3 0.655208 0.462037 0.0645833 0.101852
1 0.496875 0.0464265 0.00729167 0.0337674
1 0.498437 0.0465422 0.009375 0.0346933
0 0.496875 0.046412 0.00729167 0.0336806
1 0.246094 0.647222 0.00833333 0.0185185
3 0.655208 0.462037 0.0645833 0.101852
1 0.496875 0.046412 0.00729167 0.0336806
1 0.498437 0.0464699 0.009375 0.0346065
0 0.496875 0.046412 0.00729167 0.0335648
1 0.246094 0.647222 0.00833333 0.0185185
3 0.655208 0.462037 0.0645833 0.101852
1 0.496875 0.0464265 0.00729167 0.0337674
1 0.498437 0.0464265 0.009375 0.0346933
0 0.496875 0.046412 0.00729167 0.0336806
1 0.246224 0.647222 0.00859375 0.0194444
3 0.655208 0.462037 0.0645833 0.101852
1 0.496875 0.0464265 0.00729167 0.0337674
1 0.498437 0.0464265 0.009375 0.0346933
0 0.496875 0.0464265 0.00729167 0.0337674
3 0.655208 0.462037 0.0645833 0.101852
1 0.496875 0.0463976 0.00729167 0.0338252
1 0.498437 0.0464699 0.009375 0.0347222
0 0.496875 0.046412 0.00729167 0.0337963
3 0.655208 0.462037 0.0645833 0.101852
1 0.496875 0.0463976 0.00729167 0.0338252
1 0.498437 0.0462963 0.009375 0.0344907
0 0.496875 0.046412 0.00729167 0.0337963
3 0.655208 0.462037 0.0645833 0.101852
1 0.496875 0.0463542 0.00729167 0.033912
1 0.498437 0.0462963 0.009375 0.0344907
0 0.496875 0.046412 0.00729167 0.033912
3 0.655208 0.462037 0.0645833 0.101852
1 0.496875 0.0463542 0.00729167 0.033912
1 0.498437 0.0462963 0.009375 0.0344907
0 0.496875 0.0463976 0.00729167 0.0338252
3 0.655208 0.462037 0.0645833 0.101852
1 0.496875 0.0463108 0.00729167 0.0339988
1 0.498437 0.0462963 0.009375 0.0344907
0 0.496875 0.046412 0.00729167 0.033912
3 0.655208 0.462037 0.0645833 0.101852
1 0.496875 0.0463542 0.00729167 0.0340278
1 0.498437 0.0462818 0.009375 0.0345197
0 0.496875 0.046412 0.00729167 0.0340278
1 0.493229 0.0463976 0.00989583 0.0340567
3 0.655208 0.462037 0.0645833 0.101852
1 0.496875 0.0463542 0.00729167 0.0340278
1 0.498437 0.0462818 0.009375 0.0345197
0 0.496875 0.046412 0.00729167 0.0340278
1 0.493229 0.0463976 0.00989583 0.0340567
3 0.655208 0.462037 0.0645833 0.101852
1 0.496875 0.0463542 0.00729167 0.0341435
0 0.496875 0.046412 0.00729167 0.0340278
1 0.498437 0.0463542 0.009375 0.0344907
1 0.493229 0.046412 0.00989583 0.0340278
3 0.655208 0.462037 0.0645833 0.101852
1 0.496875 0.0463542 0.00729167 0.0341435
0 0.496875 0.046412 0.00729167 0.0340278
1 0.498698 0.0465278 0.00885417 0.0347222
1 0.493229 0.046412 0.00989583 0.0340278
=======
>>>>>>> eec1531f690f822f052659bede932c48623278fb
