3 0.748958 0.464352 0.065625 0.101852
1 0.261198 0.832407 0.0078125 0.012963
3 0.748958 0.464352 0.0645833 0.100926
1 0.260872 0.832407 0.00742187 0.012963
1 0.598958 0.221528 0.00625 0.0125
1 0.6 0.221817 0.00625 0.0128472
1 0.861458 0.659259 0.00520833 0.00833333
1 0.659375 0.147106 0.00625 0.0122685
1 0.860417 0.650463 0.00520833 0.00925926
1 0.658333 0.146875 0.00625 0.0136574
0 0.750521 0.760185 0.0875 0.0944444
3 0.748958 0.464352 0.0645833 0.100926
0 0.750521 0.761574 0.0875 0.0953704
1 0.261393 0.832407 0.00846354 0.0138889
1 0.659375 0.147917 0.00520833 0.0111111
3 0.748958 0.464352 0.0645833 0.1
1 0.261198 0.831944 0.0078125 0.012963
1 0.224349 0.777778 0.00729167 0.0212963
0 0.75 0.760648 0.0875 0.087963
1 0.225391 0.776852 0.00963542 0.025
3 0.748958 0.464699 0.0645833 0.100231
1 0.224349 0.777778 0.00729167 0.0222222
1 0.261198 0.832407 0.00833333 0.0148148
1 0.22526 0.777315 0.009375 0.025
1 0.659375 0.148148 0.00520833 0.0106481
0 0.75 0.761111 0.0854167 0.087037
3 0.748958 0.464699 0.0645833 0.100231
1 0.224219 0.778241 0.00677083 0.0212963
0 0.75 0.761111 0.0854167 0.0888889
1 0.261198 0.832407 0.0078125 0.012963
1 0.22526 0.777315 0.009375 0.025
3 0.748958 0.464699 0.0645833 0.100231
1 0.260938 0.832407 0.0078125 0.012963
1 0.224219 0.778241 0.00677083 0.0212963
1 0.22526 0.777315 0.009375 0.025
0 0.75 0.761111 0.0864583 0.0888889
3 0.748958 0.464699 0.0645833 0.100231
1 0.224089 0.778241 0.00677083 0.0212963
1 0.260938 0.831944 0.0078125 0.012963
1 0.22513 0.777315 0.009375 0.025
0 0.75 0.761111 0.0864583 0.087963
3 0.748958 0.464699 0.0645833 0.100231
1 0.224089 0.778241 0.00677083 0.0212963
1 0.22513 0.777315 0.009375 0.025
1 0.260938 0.831944 0.0078125 0.012963
3 0.748958 0.464699 0.0645833 0.100231
1 0.224219 0.777778 0.00677083 0.0222222
1 0.22526 0.777315 0.009375 0.025
1 0.260938 0.831944 0.0078125 0.012963
0 0.75 0.760185 0.0854167 0.0888889
3 0.748958 0.464699 0.0645833 0.100231
1 0.224089 0.777778 0.00677083 0.0222222
1 0.22513 0.777315 0.009375 0.025
1 0.260938 0.832407 0.0078125 0.012963
0 0.75 0.760648 0.0854167 0.0898148
3 0.748958 0.464352 0.0645833 0.100926
1 0.261198 0.832407 0.0078125 0.012963
1 0.223958 0.778241 0.00651042 0.0212963
1 0.225 0.777778 0.009375 0.0259259
<<<<<<< HEAD
3 0.748958 0.464352 0.0645833 0.1
1 0.261198 0.831944 0.0078125 0.0138889
1 0.223958 0.778241 0.00625 0.0212963
1 0.225 0.777778 0.00911458 0.0259259
3 0.748958 0.464352 0.0645833 0.100926
1 0.261198 0.831944 0.0078125 0.0138889
1 0.223958 0.778704 0.00625 0.0222222
1 0.225 0.777778 0.00911458 0.0259259
0 0.75 0.761574 0.0854167 0.0925926
3 0.748958 0.464352 0.0645833 0.100926
1 0.261198 0.831944 0.0078125 0.0138889
1 0.223958 0.778704 0.00651042 0.0222222
1 0.225 0.777778 0.00911458 0.0259259
0 0.75 0.762037 0.0854167 0.0925926
3 0.748958 0.463773 0.0645833 0.100231
1 0.261198 0.831944 0.0078125 0.0138889
1 0.223958 0.778241 0.00677083 0.0222222
1 0.225 0.777778 0.009375 0.0259259
0 0.75 0.762037 0.0854167 0.0944444
3 0.748958 0.463773 0.0645833 0.100231
1 0.223958 0.778241 0.00677083 0.0222222
1 0.261393 0.832407 0.00846354 0.0148148
0 0.75 0.762037 0.0854167 0.0944444
1 0.22513 0.777778 0.00911458 0.0259259
3 0.748958 0.463773 0.0645833 0.100231
0 0.75 0.762037 0.0854167 0.0944444
1 0.261393 0.831944 0.00846354 0.0148148
1 0.223958 0.778241 0.00677083 0.0222222
1 0.22513 0.777778 0.00911458 0.0259259
3 0.748958 0.463773 0.0645833 0.100231
0 0.75 0.762037 0.0854167 0.0944444
1 0.223958 0.778241 0.00677083 0.0222222
1 0.261393 0.831944 0.00846354 0.0148148
3 0.748958 0.463773 0.0645833 0.100231
0 0.75 0.762037 0.0854167 0.0944444
3 0.748958 0.463773 0.065625 0.100231
0 0.75 0.762037 0.0854167 0.0935185
3 0.748958 0.463773 0.065625 0.100231
0 0.75 0.762037 0.0854167 0.0935185
3 0.748958 0.464352 0.065625 0.100926
3 0.748958 0.464352 0.065625 0.100926
3 0.748958 0.464352 0.065625 0.100926
3 0.748958 0.464352 0.065625 0.100926
=======
>>>>>>> eec1531f690f822f052659bede932c48623278fb
