0 0.686979 0.311574 0.0625 0.0587963
1 0.419531 0.411806 0.0114583 0.037037
1 0.424219 0.399074 0.00885417 0.0319444
1 0.422396 0.398611 0.0114583 0.0324074
0 0.572396 0.0464265 0.084375 0.0846933
1 0.422396 0.409722 0.0135417 0.0425926
1 0.419792 0.405787 0.0130208 0.037963
1 0.427344 0.398148 0.00989583 0.0314815
1 0.417448 0.4125 0.0140625 0.0388889
1 0.0959635 0.451852 0.0114583 0.012963
1 0.741667 0.0293692 0.00729167 0.0192708
1 0.424479 0.413889 0.0125 0.0388889
1 0.425 0.406713 0.0125 0.0416667
1 0.0954427 0.449537 0.0135417 0.0148148
0 0.842708 0.850926 0.00833333 0.012963
2 0.452604 0.975926 0.0505208 0.0222222
0 0.419792 0.411111 0.0114583 0.037037
0 0.0952474 0.449537 0.0135417 0.0138889
1 0.0914714 0.460648 0.0201823 0.0314815
0 0.461979 0.977778 0.0322917 0.0240741
1 0.419792 0.399074 0.0135417 0.0361111
1 0.0941406 0.460301 0.0151042 0.0293981
0 0.686979 0.311574 0.0614583 0.0583333
1 0.419792 0.4125 0.0114583 0.0365741
1 0.423958 0.398611 0.00833333 0.0305556
0 0.419531 0.412963 0.0114583 0.0361111
0 0.424219 0.397917 0.00885417 0.0300926
1 0.0880208 0.461574 0.0268229 0.0324074
0 0.554167 0.421065 0.059375 0.111574
1 0.0966146 0.452546 0.0102865 0.0134259
1 0.421875 0.411111 0.0135417 0.0407407
1 0.425 0.414583 0.0104167 0.0361111
1 0.427344 0.398148 0.00989583 0.0314815
1 0.582292 0.102431 0.00625 0.0206019
0 0.686458 0.311574 0.0625 0.0592593
1 0.419792 0.4125 0.0114583 0.0361111
1 0.423958 0.398148 0.00833333 0.0300926
1 0.425 0.39537 0.00729167 0.025
1 0.582292 0.102431 0.00625 0.0199074
1 0.741667 0.0258102 0.00625 0.0114005
0 0.419531 0.412731 0.0114583 0.0361111
0 0.423958 0.397685 0.009375 0.0296296
1 0.0960938 0.452315 0.0111979 0.012963
1 0.421875 0.411111 0.0140625 0.0407407
1 0.425 0.414352 0.0125 0.037037
1 0.427083 0.397685 0.0104167 0.0305556
0 0.686458 0.311574 0.0625 0.0592593
1 0.419792 0.412963 0.0114583 0.0361111
1 0.423958 0.398148 0.00833333 0.0305556
0 0.419792 0.412963 0.0114583 0.0356481
1 0.582292 0.102431 0.00625 0.0189815
0 0.423958 0.398148 0.00885417 0.0296296
1 0.0967448 0.450926 0.0101562 0.0111111
0 0.0955729 0.449537 0.0132813 0.012963
0 0.0967448 0.450926 0.0101562 0.0111111
1 0.421875 0.411574 0.0140625 0.0407407
0 0.0875 0.461921 0.0291667 0.0335648
1 0.425 0.414815 0.0125 0.0361111
1 0.0955729 0.449537 0.0132813 0.012963
1 0.426823 0.397917 0.0109375 0.0310185
0 0.580208 0.0116392 0.04375 0.0224392
1 0.741667 0.0265625 0.00625 0.0136574
0 0.686458 0.311574 0.0625 0.0592593
1 0.419792 0.412963 0.0114583 0.0361111
1 0.423958 0.39838 0.00833333 0.0300926
1 0.422396 0.403935 0.009375 0.0333333
1 0.582292 0.102431 0.00625 0.0189815
0 0.419792 0.412963 0.0114583 0.0351852
1 0.582292 0.102662 0.00833333 0.0203704
1 0.0973958 0.451157 0.00924479 0.0115741
0 0.423958 0.398148 0.00885417 0.0300926
1 0.741667 0.0261574 0.00625 0.0128472
1 0.426823 0.398148 0.0109375 0.0314815
0 0.0960286 0.45 0.0128906 0.012963
1 0.421875 0.411574 0.0145833 0.0407407
1 0.419271 0.404167 0.0125 0.0375
1 0.424479 0.409722 0.0135417 0.0398148
1 0.42474 0.414815 0.0114583 0.0361111
1 0.0960286 0.45 0.0128906 0.012963
0 0.686458 0.311574 0.0625 0.0587963
1 0.419792 0.412963 0.0114583 0.0361111
1 0.423958 0.398148 0.00833333 0.0305556
1 0.422396 0.405093 0.009375 0.0351852
0 0.419792 0.412963 0.0114583 0.0351852
1 0.582292 0.102431 0.00625 0.019213
0 0.423958 0.398148 0.00885417 0.0296296
0 0.919792 0.313426 0.04375 0.112037
1 0.582292 0.102662 0.00833333 0.0206019
1 0.0977865 0.451157 0.00833333 0.0115741
1 0.417708 0.413426 0.0145833 0.037963
0 0.572396 0.0439815 0.0875 0.0871528
1 0.426823 0.397917 0.0109375 0.0310185
1 0.419271 0.403704 0.0125 0.0375
1 0.741667 0.0261574 0.00625 0.012963
0 0.686458 0.311806 0.0625 0.0587963
1 0.419792 0.412963 0.0114583 0.0361111
1 0.423958 0.398148 0.00833333 0.0305556
0 0.419792 0.412963 0.0114583 0.0351852
1 0.423438 0.40162 0.00989583 0.0337963
1 0.417708 0.412963 0.0135417 0.037037
0 0.423958 0.397917 0.009375 0.0296296
1 0.582292 0.102431 0.00729167 0.019213
0 0.572917 0.0438079 0.0875 0.0871528
0 0.919792 0.313426 0.04375 0.112963
1 0.0977865 0.451157 0.00833333 0.0115741
1 0.419271 0.403704 0.0130208 0.037963
1 0.426823 0.397917 0.0109375 0.0310185
1 0.421615 0.411574 0.0140625 0.0398148
0 0.686458 0.311806 0.0625 0.0587963
1 0.419792 0.412731 0.0114583 0.0361111
1 0.424219 0.398148 0.00885417 0.0305556
0 0.572917 0.0435764 0.0875 0.0864583
1 0.423438 0.401852 0.00989583 0.0342593
0 0.419792 0.412731 0.0114583 0.0356481
0 0.423958 0.397685 0.009375 0.0296296
1 0.582292 0.102546 0.00729167 0.019213
1 0.0976562 0.451157 0.00833333 0.0115741
1 0.419271 0.403704 0.0135417 0.0388889
1 0.426823 0.397917 0.0109375 0.0310185
0 0.919792 0.313426 0.04375 0.112963
1 0.417188 0.411574 0.0125 0.037037
1 0.421615 0.411574 0.0140625 0.0398148
0 0.686458 0.311806 0.0625 0.0587963
1 0.419792 0.412731 0.0114583 0.0361111
1 0.424219 0.398148 0.00885417 0.0305556
0 0.572917 0.0434606 0.0875 0.0859954
1 0.423177 0.402083 0.0104167 0.0347222
0 0.419531 0.412731 0.0114583 0.0356481
1 0.0975911 0.451157 0.00859375 0.0115741
0 0.423958 0.397685 0.009375 0.0296296
1 0.419271 0.403935 0.0135417 0.0393519
1 0.417708 0.412963 0.0130208 0.037037
1 0.426823 0.397917 0.0109375 0.0310185
0 0.919792 0.313426 0.04375 0.112963
1 0.421615 0.411574 0.0140625 0.0398148
1 0.582292 0.102546 0.00729167 0.019213
1 0.0970052 0.45 0.0106771 0.012963
0 0.686458 0.311574 0.0625 0.0592593
1 0.419792 0.412731 0.0114583 0.0361111
1 0.424479 0.398148 0.00833333 0.0305556
1 0.422917 0.399074 0.0114583 0.0324074
0 0.572396 0.0434028 0.0885417 0.0858796
1 0.097526 0.450926 0.00885417 0.0111111
0 0.419531 0.412731 0.0114583 0.0356481
0 0.423958 0.397685 0.009375 0.0296296
1 0.419271 0.403935 0.0135417 0.0398148
1 0.421615 0.411574 0.0140625 0.0398148
1 0.417708 0.412963 0.0130208 0.037037
1 0.426823 0.397917 0.0109375 0.0310185
0 0.919792 0.313426 0.04375 0.112963
1 0.0968099 0.45 0.0109375 0.012963
1 0.582292 0.102546 0.00729167 0.0194444
0 0.097526 0.450926 0.00885417 0.0111111
0 0.686458 0.311574 0.0625 0.0592593
1 0.419792 0.412731 0.0114583 0.0361111
1 0.424479 0.398148 0.00833333 0.0305556
1 0.422917 0.399074 0.0114583 0.0333333
0 0.572396 0.0435764 0.0885417 0.0862269
1 0.0973307 0.450926 0.00898437 0.0111111
0 0.419531 0.412731 0.0114583 0.0356481
0 0.424219 0.397917 0.00885417 0.0296296
1 0.419531 0.403935 0.0135417 0.0398148
1 0.0965495 0.45 0.0113281 0.012963
0 0.0973307 0.450926 0.00898437 0.0111111
1 0.421615 0.411574 0.0140625 0.0398148
1 0.426823 0.397917 0.0109375 0.0310185
0 0.0965495 0.45 0.0113281 0.012963
1 0.417708 0.412963 0.0135417 0.037037
1 0.582292 0.102546 0.00729167 0.0196759
0 0.686458 0.311574 0.0625 0.0592593
1 0.419792 0.412963 0.0114583 0.0361111
1 0.424479 0.398148 0.00833333 0.0305556
1 0.422917 0.399074 0.0114583 0.0333333
0 0.572917 0.0437645 0.0885417 0.0865451
1 0.0971354 0.450926 0.009375 0.0111111
1 0.0963542 0.45 0.0115885 0.012963
0 0.423958 0.397917 0.009375 0.0296296
0 0.419531 0.4125 0.0114583 0.0361111
1 0.419792 0.404167 0.0135417 0.0407407
0 0.0971354 0.450926 0.009375 0.0111111
0 0.0963542 0.45 0.0115885 0.012963
1 0.426823 0.397917 0.0109375 0.0310185
1 0.582292 0.102517 0.00625 0.0195023
0 0.919271 0.31412 0.0416667 0.112037
<<<<<<< HEAD
0 0.686458 0.311574 0.0625 0.0592593
1 0.419792 0.4125 0.0114583 0.0361111
1 0.424219 0.398148 0.00885417 0.0305556
1 0.0971354 0.450926 0.009375 0.0111111
0 0.572917 0.0439236 0.0895833 0.0866898
1 0.423177 0.402083 0.0104167 0.0356481
1 0.0963542 0.45 0.0115885 0.0138889
1 0.419792 0.404398 0.0135417 0.0407407
0 0.423958 0.397917 0.009375 0.0296296
0 0.419531 0.4125 0.0114583 0.0361111
1 0.421615 0.411111 0.0140625 0.0407407
1 0.427083 0.397685 0.0104167 0.0305556
0 0.919792 0.313889 0.0416667 0.112037
1 0.097526 0.45162 0.0104167 0.0143519
0 0.686458 0.311574 0.0625 0.0587963
1 0.419792 0.412731 0.0114583 0.0365741
1 0.424219 0.398148 0.00885417 0.0305556
1 0.096875 0.450926 0.00989583 0.012037
0 0.572917 0.0438657 0.0875 0.0865741
1 0.423438 0.401852 0.0104167 0.0351852
1 0.419792 0.40463 0.0135417 0.0407407
0 0.423958 0.397917 0.009375 0.0296296
0 0.419531 0.4125 0.0114583 0.0361111
1 0.427083 0.397685 0.0104167 0.0305556
1 0.0955078 0.45 0.0132813 0.0148148
1 0.421615 0.411111 0.0140625 0.0407407
0 0.919792 0.313889 0.0416667 0.111111
0 0.686979 0.311574 0.0614583 0.0583333
1 0.419792 0.4125 0.0114583 0.0361111
1 0.424479 0.398148 0.00885417 0.0305556
1 0.422917 0.399074 0.0114583 0.0333333
1 0.0966146 0.450926 0.0104167 0.012037
0 0.572917 0.0438657 0.0885417 0.0865741
1 0.0954427 0.450463 0.0134115 0.0148148
1 0.419792 0.404861 0.0135417 0.0407407
0 0.424219 0.397917 0.00885417 0.0296296
0 0.919792 0.313889 0.0416667 0.111111
0 0.419531 0.4125 0.0114583 0.0361111
0 0.0966146 0.450926 0.0104167 0.012037
1 0.427083 0.397685 0.0104167 0.0305556
1 0.421615 0.411111 0.0140625 0.0407407
0 0.0954427 0.450463 0.0134115 0.0148148
0 0.686458 0.311574 0.0625 0.0587963
1 0.419792 0.4125 0.0114583 0.0361111
1 0.424479 0.398148 0.00885417 0.0305556
1 0.422917 0.399074 0.0114583 0.0333333
1 0.0961589 0.450926 0.0113281 0.012037
0 0.572917 0.0439815 0.0895833 0.0866898
1 0.0953776 0.450463 0.0135417 0.0148148
0 0.0961589 0.450926 0.0113281 0.012037
1 0.419792 0.404398 0.0135417 0.0402778
0 0.423958 0.398148 0.009375 0.0296296
0 0.0953776 0.450463 0.0135417 0.0148148
1 0.427083 0.397685 0.0104167 0.0305556
0 0.419531 0.4125 0.0114583 0.0361111
1 0.421615 0.411343 0.0140625 0.0402778
0 0.686458 0.311574 0.0625 0.0592593
1 0.419792 0.4125 0.0114583 0.0361111
1 0.424479 0.398148 0.00885417 0.0305556
1 0.422917 0.399074 0.0114583 0.0333333
1 0.0958333 0.451157 0.0119792 0.0125
0 0.572396 0.0443432 0.0885417 0.0870081
1 0.419792 0.404167 0.0135417 0.0398148
0 0.0958333 0.451157 0.0119792 0.0125
1 0.427083 0.397685 0.0104167 0.0310185
0 0.423958 0.398148 0.009375 0.0296296
0 0.419531 0.4125 0.0114583 0.0361111
1 0.096224 0.450926 0.0134115 0.0166667
1 0.421615 0.411343 0.0140625 0.0402778
0 0.686458 0.311574 0.0625 0.0592593
1 0.419792 0.4125 0.0114583 0.0361111
1 0.424479 0.398148 0.00885417 0.0305556
1 0.422917 0.399306 0.0114583 0.0337963
1 0.0957031 0.451157 0.0125 0.0125
0 0.572396 0.04443 0.0895833 0.087066
0 0.0957031 0.451157 0.0125 0.0125
1 0.419792 0.403935 0.0145833 0.0402778
1 0.427083 0.397685 0.0104167 0.0310185
0 0.419531 0.4125 0.0114583 0.0361111
1 0.421615 0.411343 0.0140625 0.0402778
0 0.423958 0.398148 0.009375 0.0296296
0 0.686458 0.311806 0.0625 0.0592593
1 0.419792 0.4125 0.0114583 0.0365741
1 0.424479 0.39838 0.009375 0.0310185
1 0.422917 0.399537 0.0114583 0.0342593
1 0.0955729 0.451157 0.0125 0.0125
1 0.419792 0.404167 0.0145833 0.0402778
0 0.0955729 0.451157 0.0125 0.0125
0 0.572396 0.0443866 0.0895833 0.0872685
1 0.427083 0.397917 0.0104167 0.0310185
0 0.419531 0.412731 0.0114583 0.0361111
1 0.421875 0.411111 0.0135417 0.0407407
0 0.424219 0.398148 0.009375 0.0300926
0 0.686979 0.311806 0.0614583 0.0592593
1 0.419792 0.4125 0.0114583 0.0365741
1 0.424479 0.398611 0.009375 0.0314815
1 0.422917 0.399537 0.0114583 0.0342593
1 0.0954427 0.451157 0.0128906 0.0125
1 0.419792 0.404167 0.0145833 0.0398148
0 0.0954427 0.451157 0.0128906 0.0125
0 0.572396 0.0443432 0.0895833 0.0874711
1 0.427083 0.398148 0.0104167 0.0314815
0 0.419531 0.4125 0.0114583 0.0361111
1 0.421875 0.411343 0.0135417 0.0402778
0 0.424219 0.398148 0.009375 0.0305556
0 0.686458 0.311806 0.0625 0.0597222
1 0.419792 0.4125 0.0114583 0.0365741
1 0.424479 0.39838 0.00885417 0.0310185
1 0.422917 0.399537 0.0114583 0.0342593
1 0.421875 0.406713 0.0104167 0.037963
1 0.0953125 0.450926 0.013151 0.012963
0 0.0953125 0.450926 0.013151 0.012963
1 0.419531 0.404167 0.0140625 0.0398148
1 0.427083 0.398148 0.0104167 0.0314815
0 0.572396 0.044213 0.0895833 0.0873843
1 0.421875 0.411343 0.0135417 0.0402778
0 0.419531 0.412731 0.0114583 0.0365741
0 0.424479 0.398148 0.00885417 0.0305556
1 0.425 0.408796 0.0125 0.0407407
0 0.686979 0.311806 0.0614583 0.0597222
1 0.419792 0.4125 0.0114583 0.0365741
1 0.424479 0.39838 0.00885417 0.0310185
1 0.422917 0.399769 0.0114583 0.0347222
1 0.421875 0.406713 0.0104167 0.037963
1 0.0952474 0.450926 0.0132813 0.012963
0 0.0952474 0.450926 0.0132813 0.012963
1 0.419531 0.404398 0.0140625 0.0402778
1 0.427083 0.398148 0.0104167 0.0314815
0 0.571875 0.0441551 0.0895833 0.0873843
1 0.421875 0.411574 0.0135417 0.0398148
0 0.419531 0.412731 0.0114583 0.0365741
0 0.424479 0.39838 0.00885417 0.0310185
1 0.425 0.408333 0.0125 0.0407407
1 0.417448 0.412963 0.0135417 0.037037
0 0.686458 0.312037 0.0625 0.0601852
1 0.419792 0.4125 0.0114583 0.0361111
1 0.424479 0.39838 0.00885417 0.0310185
1 0.422917 0.4 0.0114583 0.0347222
1 0.421615 0.408102 0.0104167 0.0388889
1 0.419792 0.409259 0.009375 0.0333333
1 0.0951823 0.450926 0.0134115 0.012963
0 0.0951823 0.450926 0.0134115 0.012963
1 0.427083 0.398148 0.0104167 0.0314815
1 0.419271 0.40463 0.0135417 0.0398148
1 0.421875 0.411574 0.0135417 0.0398148
0 0.419531 0.412963 0.0114583 0.037037
0 0.424479 0.39838 0.00885417 0.0310185
0 0.571875 0.0442708 0.0895833 0.0873843
1 0.417188 0.412963 0.0135417 0.037037
1 0.425 0.408333 0.0125 0.0407407
0 0.686979 0.311806 0.0614583 0.0601852
1 0.419792 0.4125 0.0114583 0.0361111
1 0.424479 0.398148 0.00885417 0.0314815
1 0.422917 0.4 0.0114583 0.0347222
1 0.421354 0.409259 0.0104167 0.0388889
1 0.0951172 0.450926 0.0134115 0.012963
0 0.0951172 0.450926 0.0134115 0.012963
1 0.427083 0.398148 0.0104167 0.0314815
1 0.419531 0.40463 0.0140625 0.0398148
1 0.421875 0.411574 0.0135417 0.0398148
0 0.419531 0.412963 0.0114583 0.037037
0 0.424479 0.398148 0.00885417 0.0314815
1 0.417188 0.412963 0.0135417 0.037037
1 0.425 0.40787 0.0125 0.0407407
0 0.571354 0.0442274 0.0916667 0.0872396
0 0.422917 0.4 0.0114583 0.0347222
0 0.686458 0.311806 0.0625 0.0601852
1 0.419792 0.4125 0.0114583 0.0361111
1 0.424479 0.398148 0.00885417 0.0314815
1 0.422917 0.4 0.0114583 0.0347222
1 0.421615 0.40787 0.00989583 0.0365741
1 0.0950521 0.450926 0.0135417 0.012963
1 0.427083 0.398148 0.0104167 0.0314815
0 0.0950521 0.450926 0.0135417 0.012963
1 0.419271 0.40463 0.0135417 0.0398148
1 0.421875 0.411574 0.0135417 0.0398148
0 0.419531 0.412963 0.0114583 0.037037
1 0.417188 0.412963 0.0130208 0.037037
0 0.424479 0.398148 0.00885417 0.0314815
0 0.569271 0.0436921 0.0958333 0.087037
1 0.425 0.40787 0.0125 0.0407407
0 0.422917 0.4 0.0114583 0.0347222
0 0.686458 0.311806 0.0625 0.0601852
1 0.419792 0.4125 0.0114583 0.0361111
1 0.424479 0.398148 0.00885417 0.0314815
1 0.422917 0.4 0.0114583 0.0347222
1 0.421875 0.40787 0.009375 0.037037
1 0.0950521 0.450926 0.0135417 0.012963
0 0.0950521 0.450926 0.0135417 0.012963
1 0.427083 0.398148 0.0104167 0.0314815
1 0.419531 0.40463 0.0140625 0.0398148
1 0.421875 0.411574 0.0135417 0.0398148
0 0.419531 0.412963 0.0114583 0.037037
1 0.417188 0.412963 0.0130208 0.037037
0 0.424479 0.398148 0.00885417 0.0314815
1 0.425 0.40787 0.0125 0.0407407
0 0.569271 0.0436921 0.0958333 0.087037
0 0.422917 0.4 0.0114583 0.0347222
=======
>>>>>>> eec1531f690f822f052659bede932c48623278fb
