3 0.768229 0.305324 0.0614583 0.0898148
1 0.0279215 0.889352 0.0151204 0.0268519
0 0.0490804 0.874074 0.0584798 0.164815
3 0.768229 0.305093 0.0614583 0.0902778
0 0.385156 0.89213 0.0604167 0.202778
1 0.027832 0.888889 0.0147135 0.0259259
1 0.443229 0.0920718 0.00625 0.0260417
3 0.768229 0.305093 0.0614583 0.0888889
1 0.0276693 0.889352 0.0146484 0.0259259
0 0.0489014 0.880556 0.057666 0.142593
1 0.275 0.517593 0.00729167 0.0185185
3 0.768229 0.305093 0.0614583 0.0888889
1 0.0275716 0.889815 0.0142578 0.0259259
1 0.275 0.517593 0.0078125 0.0203704
1 0.0277995 0.896759 0.0154297 0.0435185
3 0.768229 0.305093 0.0614583 0.0888889
1 0.0274089 0.889815 0.013737 0.0259259
1 0.275 0.518056 0.00729167 0.0194444
0 0.0911458 0.506481 0.078125 0.0851852
1 0.0275391 0.895833 0.0145833 0.0416667
1 0.696875 0.0196181 0.00520833 0.009375
3 0.768229 0.305093 0.0614583 0.0888889
1 0.0269857 0.889352 0.0128906 0.0240741
1 0.274479 0.517593 0.00729167 0.0185185
1 0.275521 0.517593 0.00833333 0.0203704
0 0.0916016 0.505093 0.0782552 0.0851852
0 0.0491211 0.875 0.0564453 0.159259
0 0.753125 0.560185 0.0875 0.087037
3 0.768229 0.305324 0.0614583 0.0893519
1 0.0269613 0.889815 0.0126139 0.0240741
1 0.274479 0.518056 0.00677083 0.0185185
1 0.275521 0.517593 0.00833333 0.0203704
0 0.0913411 0.505093 0.0779948 0.0851852
3 0.768229 0.305556 0.0614583 0.0888889
1 0.0269531 0.889815 0.0126302 0.0240741
1 0.274219 0.518056 0.00625 0.0185185
1 0.27526 0.517593 0.00833333 0.0203704
0 0.0914062 0.505093 0.078125 0.0851852
3 0.768229 0.305093 0.0614583 0.0888889
1 0.274219 0.517593 0.00625 0.0185185
1 0.0269857 0.889815 0.0126302 0.0240741
1 0.275 0.517593 0.00833333 0.0203704
0 0.0912923 0.505093 0.0780924 0.0851852
3 0.768229 0.305324 0.0614583 0.0893519
1 0.274219 0.518056 0.00625 0.0185185
1 0.0270833 0.889815 0.0128906 0.025
1 0.275 0.517593 0.00833333 0.0203704
0 0.0912598 0.505093 0.0778971 0.0851852
3 0.768229 0.305556 0.0614583 0.0888889
1 0.274219 0.518056 0.00625 0.0185185
1 0.275 0.517593 0.00833333 0.0203704
1 0.0271159 0.889815 0.0130208 0.025
0 0.091276 0.505093 0.078125 0.0851852
3 0.768229 0.305556 0.0614583 0.0888889
1 0.0272135 0.889815 0.0133464 0.0259259
1 0.274219 0.518056 0.00625 0.0185185
1 0.275 0.517593 0.00833333 0.0203704
<<<<<<< HEAD
3 0.768229 0.305556 0.0614583 0.0888889
1 0.0272786 0.889815 0.0135417 0.0259259
1 0.273958 0.517593 0.00625 0.0185185
1 0.275 0.517593 0.00833333 0.0212963
3 0.768229 0.305556 0.0614583 0.0888889
1 0.0273763 0.889815 0.013737 0.0259259
1 0.273958 0.517593 0.00625 0.0185185
1 0.275 0.517593 0.00833333 0.0212963
1 0.276563 0.517593 0.00833333 0.0212963
3 0.768229 0.305556 0.0614583 0.0888889
1 0.0274414 0.889815 0.0138672 0.0259259
1 0.273958 0.517593 0.00625 0.0185185
1 0.275 0.517593 0.00833333 0.0212963
1 0.276563 0.517593 0.00833333 0.0222222
0 0.0490885 0.874074 0.0570313 0.159259
3 0.768229 0.305556 0.0614583 0.0888889
1 0.0277344 0.889352 0.0147786 0.0268519
1 0.273958 0.517593 0.00625 0.0185185
1 0.275521 0.517593 0.00833333 0.0212963
0 0.0490153 0.874074 0.0573079 0.159259
3 0.768229 0.305556 0.0614583 0.0888889
1 0.0277344 0.889815 0.014974 0.0277778
1 0.273958 0.517593 0.00625 0.0185185
1 0.275521 0.517593 0.00833333 0.0212963
0 0.0489502 0.873611 0.0574382 0.160185
3 0.768229 0.305556 0.0614583 0.0888889
1 0.0277425 0.889352 0.0150879 0.0277778
1 0.273958 0.517593 0.00625 0.0185185
0 0.0489014 0.872222 0.0575358 0.159259
1 0.275521 0.517593 0.00833333 0.0222222
3 0.768229 0.305556 0.0614583 0.0888889
1 0.0277669 0.889352 0.0151693 0.0277778
1 0.273958 0.517593 0.00625 0.0185185
0 0.0488363 0.872222 0.0575358 0.159259
1 0.275521 0.517593 0.00833333 0.0222222
3 0.768229 0.305556 0.0614583 0.0888889
1 0.0277344 0.889352 0.0151693 0.0277778
1 0.273958 0.517593 0.00625 0.0185185
0 0.048641 0.871759 0.0575358 0.160185
1 0.275521 0.517593 0.00833333 0.0222222
3 0.768229 0.305556 0.0614583 0.0888889
1 0.0277018 0.889815 0.0151693 0.0277778
0 0.0488851 0.873611 0.0578288 0.160185
1 0.273958 0.517593 0.00625 0.0194444
3 0.768229 0.305556 0.0614583 0.0888889
1 0.0276693 0.889352 0.0152344 0.0268519
0 0.0489258 0.873148 0.0580078 0.159259
3 0.768229 0.305556 0.0614583 0.0888889
1 0.0276611 0.888889 0.0152507 0.0277778
3 0.768229 0.305324 0.0614583 0.0893519
1 0.0276693 0.888889 0.0152995 0.0277778
3 0.768229 0.305556 0.0614583 0.0898148
1 0.0276367 0.888889 0.0152995 0.0277778
3 0.768229 0.305556 0.0614583 0.0898148
1 0.0276367 0.888889 0.0152995 0.0277778
=======
>>>>>>> eec1531f690f822f052659bede932c48623278fb
