3 0.827604 0.0375579 0.0552083 0.0699074
0 0.844792 0.922222 0.102083 0.153704
1 0.302604 0.681019 0.009375 0.0203704
0 0.169792 0.563889 0.0208333 0.0333333
3 0.827083 0.0374711 0.0541667 0.0696181
0 0.847917 0.931713 0.0979167 0.136574
0 0.182812 0.940509 0.101042 0.115278
1 0.416927 0.173958 0.00625 0.0178241
3 0.827604 0.0373553 0.0552083 0.0697338
0 0.845833 0.932407 0.102083 0.135185
0 0.173568 0.940741 0.0794271 0.114815
1 0.417188 0.174074 0.00625 0.0171296
0 0.20625 0.347685 0.0395833 0.0925926
3 0.827083 0.0373264 0.05625 0.0695602
0 0.845833 0.931481 0.102083 0.135185
1 0.393229 0.137963 0.00625 0.0134259
0 0.166927 0.941667 0.0677083 0.114815
0 0.374479 0.0814236 0.0166667 0.0561343
0 0.169531 0.564352 0.0210938 0.0333333
0 0.393229 0.137963 0.00625 0.0134259
0 0.180339 0.940741 0.0960938 0.116667
2 0.827083 0.0373264 0.05625 0.0695602
1 0.504427 0.0088831 0.0046875 0.0130208
1 0.395312 0.0751736 0.00520833 0.0271991
3 0.827604 0.0373843 0.0552083 0.069213
0 0.844792 0.932407 0.103125 0.135185
1 0.392969 0.137963 0.00572917 0.0134259
0 0.374479 0.0811343 0.0166667 0.056713
0 0.170182 0.941667 0.0752604 0.114815
0 0.392969 0.137963 0.00572917 0.0134259
0 0.394271 0.138194 0.00729167 0.0134259
1 0.394271 0.138194 0.00729167 0.0134259
1 0.395312 0.0751157 0.00520833 0.0275463
0 0.169531 0.564352 0.0213542 0.0333333
1 0.504167 0.00917245 0.00520833 0.0132523
2 0.827083 0.0374421 0.05625 0.0693287
1 0.302865 0.680556 0.009375 0.0203704
1 0.417188 0.173727 0.00520833 0.0168981
3 0.827604 0.0374421 0.0552083 0.0690972
0 0.844792 0.931713 0.102083 0.136574
1 0.393229 0.137963 0.00625 0.0131944
0 0.393229 0.137963 0.00625 0.0131944
0 0.37474 0.0806134 0.0166667 0.0579861
0 0.172656 0.940741 0.0817708 0.116667
0 0.169531 0.564352 0.0213542 0.0342593
1 0.302865 0.680556 0.009375 0.0203704
1 0.504167 0.00899884 0.00520833 0.0131366
3 0.827604 0.0375 0.0552083 0.0689815
0 0.845312 0.931713 0.103125 0.136574
1 0.392969 0.137847 0.00572917 0.012963
0 0.392969 0.137847 0.00572917 0.012963
0 0.394271 0.137963 0.00677083 0.0134259
0 0.375 0.0804398 0.0166667 0.0583333
1 0.394271 0.137963 0.00677083 0.0134259
0 0.173438 0.941667 0.0822917 0.114815
0 0.169531 0.564352 0.0216146 0.0342593
1 0.302865 0.680556 0.009375 0.0203704
2 0.827083 0.0375289 0.05625 0.0692708
3 0.827604 0.0376736 0.0552083 0.0696759
0 0.845833 0.932407 0.102083 0.135185
1 0.392708 0.137847 0.00520833 0.012963
0 0.392708 0.137847 0.00520833 0.012963
0 0.375 0.0806134 0.0166667 0.0579861
1 0.394271 0.138079 0.00677083 0.0134259
0 0.394271 0.138079 0.00677083 0.0134259
0 0.175 0.940509 0.0854167 0.115278
0 0.169661 0.564815 0.0216146 0.0351852
1 0.302604 0.680556 0.009375 0.0203704
3 0.827604 0.0375 0.0552083 0.0689815
0 0.844792 0.931481 0.104167 0.137037
1 0.392708 0.137963 0.00520833 0.012963
0 0.176042 0.940741 0.0880208 0.116667
0 0.169661 0.564352 0.0216146 0.0342593
0 0.392708 0.137963 0.00520833 0.012963
0 0.375 0.0810185 0.015625 0.0569444
1 0.302604 0.680556 0.009375 0.0203704
0 0.394271 0.137963 0.00729167 0.0134259
1 0.394271 0.137963 0.00729167 0.0134259
3 0.827604 0.0375 0.0552083 0.0689815
0 0.844792 0.931481 0.104167 0.137037
1 0.392708 0.137847 0.00520833 0.0131944
1 0.302865 0.680556 0.009375 0.0203704
0 0.175781 0.940741 0.0880208 0.116667
0 0.169661 0.564815 0.0216146 0.0351852
0 0.375 0.0813657 0.015625 0.05625
0 0.392708 0.137847 0.00520833 0.0131944
3 0.827604 0.0375 0.0552083 0.0689815
0 0.844792 0.931713 0.103125 0.136574
1 0.392708 0.137847 0.00572917 0.0131944
0 0.16901 0.940509 0.0742188 0.115278
0 0.169792 0.564815 0.0213542 0.0351852
1 0.302865 0.680556 0.009375 0.0203704
0 0.375 0.0815394 0.015625 0.0559028
3 0.827604 0.0375 0.0552083 0.0689815
0 0.844792 0.931713 0.102083 0.136574
1 0.392708 0.137847 0.00572917 0.0131944
0 0.16901 0.941667 0.0744792 0.114815
0 0.169792 0.564815 0.0213542 0.0351852
1 0.302865 0.680556 0.009375 0.0203704
0 0.375 0.081713 0.015625 0.0555556
<<<<<<< HEAD
3 0.827604 0.0376736 0.0552083 0.0697917
0 0.845312 0.931481 0.103125 0.137037
0 0.16888 0.941667 0.0742188 0.114815
1 0.392708 0.137847 0.00572917 0.0131944
0 0.169792 0.564815 0.0213542 0.0351852
1 0.302604 0.680556 0.009375 0.0203704
1 0.395312 0.0751157 0.00520833 0.0273148
3 0.827604 0.0376447 0.0552083 0.0698495
0 0.845312 0.930556 0.103125 0.138889
0 0.16849 0.941667 0.0734375 0.114815
1 0.392708 0.137847 0.00520833 0.0131944
0 0.169792 0.564815 0.0213542 0.0351852
0 0.375 0.0819444 0.015625 0.0550926
1 0.395312 0.0751157 0.00520833 0.0273148
1 0.302604 0.680556 0.009375 0.0203704
3 0.827604 0.0377025 0.0552083 0.0699653
0 0.844792 0.930556 0.104167 0.138889
0 0.173047 0.940509 0.0828125 0.115278
1 0.392708 0.137847 0.00520833 0.0131944
0 0.375 0.0819444 0.015625 0.0548611
0 0.169792 0.564815 0.0213542 0.0351852
1 0.395312 0.0752315 0.00520833 0.0273148
3 0.827604 0.0376736 0.0552083 0.0699074
0 0.845312 0.930556 0.104167 0.138889
0 0.167448 0.941667 0.071875 0.114815
0 0.375 0.0820023 0.015625 0.0549769
1 0.392708 0.137847 0.00520833 0.0134259
0 0.169792 0.564815 0.0213542 0.0351852
3 0.827604 0.0377025 0.0552083 0.0699653
0 0.845312 0.93125 0.104167 0.1375
0 0.167448 0.941667 0.0713542 0.114815
0 0.375 0.0819444 0.0166667 0.0550926
1 0.392708 0.137731 0.00520833 0.0134259
0 0.169792 0.564815 0.0213542 0.0351852
1 0.196354 0.327778 0.0114583 0.0305556
1 0.395052 0.0752315 0.00572917 0.0273148
3 0.827604 0.0377315 0.0552083 0.0699074
0 0.845312 0.931481 0.104167 0.137037
0 0.167448 0.941667 0.0713542 0.114815
0 0.37474 0.0818287 0.0166667 0.0553241
1 0.395312 0.0751157 0.00625 0.0277778
0 0.20599 0.347222 0.0401042 0.0944444
0 0.169792 0.564815 0.0213542 0.0351852
1 0.196354 0.327778 0.0114583 0.0314815
3 0.827604 0.0377604 0.0552083 0.0698495
0 0.845833 0.931481 0.104167 0.137037
0 0.167708 0.941667 0.071875 0.114815
0 0.37474 0.0819444 0.0166667 0.0553241
1 0.395312 0.0751157 0.00625 0.0280093
1 0.196484 0.327778 0.0117188 0.0324074
0 0.20599 0.346991 0.0401042 0.0935185
3 0.827604 0.0378183 0.0552083 0.0699653
0 0.845833 0.931481 0.103125 0.137037
0 0.16849 0.941667 0.0729167 0.114815
0 0.374479 0.0820602 0.0166667 0.0553241
1 0.395312 0.0750579 0.00625 0.028125
1 0.196484 0.327778 0.0117188 0.0324074
3 0.827604 0.0378183 0.0552083 0.0699653
0 0.846354 0.931481 0.102083 0.137037
0 0.16875 0.941667 0.0734375 0.114815
1 0.395312 0.0750579 0.00625 0.028125
0 0.374479 0.0821759 0.0166667 0.0553241
1 0.196615 0.328241 0.0119792 0.0333333
3 0.827604 0.0378183 0.0552083 0.0699653
0 0.846354 0.931481 0.102083 0.137037
0 0.16875 0.941667 0.0734375 0.114815
1 0.395312 0.0750579 0.00625 0.028125
0 0.374479 0.0822917 0.0166667 0.0553241
1 0.196615 0.328241 0.0119792 0.0333333
3 0.827604 0.0377894 0.0552083 0.0699074
0 0.846354 0.931019 0.102083 0.137963
0 0.16901 0.941667 0.0739583 0.114815
1 0.395312 0.075 0.00625 0.0280093
0 0.374479 0.0824653 0.0166667 0.0552083
3 0.827604 0.0377894 0.0552083 0.0699074
0 0.846875 0.931019 0.102083 0.137963
0 0.177865 0.941667 0.0916667 0.114815
1 0.395312 0.0751157 0.00625 0.0280093
3 0.827604 0.0378183 0.0552083 0.0698495
0 0.846875 0.931019 0.101042 0.137963
0 0.177865 0.941667 0.0916667 0.114815
1 0.395312 0.0751157 0.00625 0.0280093
3 0.827604 0.0378472 0.0552083 0.0699074
0 0.846875 0.931019 0.101042 0.137963
0 0.177865 0.941667 0.0916667 0.114815
1 0.395312 0.0751157 0.00625 0.0280093
=======
>>>>>>> eec1531f690f822f052659bede932c48623278fb
