3 0.0778646 0.389583 0.0640625 0.0944444
1 0.215755 0.290278 0.0143229 0.0351852
1 0.218229 0.278704 0.0117188 0.0314815
1 0.215625 0.281944 0.0109375 0.0314815
1 0.217448 0.292593 0.0119792 0.0314815
1 0.215885 0.281481 0.0145833 0.0361111
1 0.217057 0.275926 0.0106771 0.0277778
0 0.990625 0.319444 0.01875 0.0611111
3 0.0780111 0.389352 0.0640299 0.0944444
1 0.215755 0.290741 0.0145833 0.0361111
1 0.218359 0.278704 0.0111979 0.0305556
1 0.217187 0.293519 0.0119792 0.0305556
1 0.214844 0.28287 0.0104167 0.0277778
1 0.216927 0.284259 0.00989583 0.0277778
1 0.215104 0.284259 0.0140625 0.0337963
0 0.990625 0.321065 0.0177083 0.0657407
1 0.217318 0.275463 0.009375 0.0277778
0 0.215625 0.290741 0.0145833 0.0361111
0 0.986458 0.38287 0.021875 0.0333333
3 0.0779948 0.389352 0.0639323 0.0944444
1 0.215885 0.291204 0.0145833 0.0351852
1 0.21849 0.278704 0.0114583 0.0305556
1 0.217187 0.294444 0.0119792 0.0287037
1 0.214844 0.285417 0.0111979 0.0282407
1 0.216927 0.286574 0.0106771 0.0268519
0 0.990625 0.320602 0.01875 0.0662037
0 0.880208 0.380787 0.05 0.0782407
1 0.215365 0.279167 0.0138021 0.0314815
1 0.217187 0.274537 0.009375 0.025463
0 0.215625 0.290972 0.0140625 0.0356481
0 0.21862 0.278472 0.0117188 0.0305556
3 0.0779948 0.389583 0.0640625 0.0939815
1 0.21849 0.278704 0.0114583 0.0305556
1 0.215885 0.291204 0.0145833 0.0351852
1 0.217839 0.296991 0.0117188 0.025463
1 0.215104 0.283333 0.0135417 0.0333333
1 0.216667 0.287037 0.0106771 0.0277778
0 0.215625 0.291204 0.0140625 0.0351852
0 0.21875 0.278704 0.0117188 0.0305556
0 0.880208 0.381019 0.05 0.0796296
0 0.990625 0.32037 0.0177083 0.0592593
2 0.0780599 0.389352 0.0638021 0.0939815
3 0.0779297 0.389583 0.0640625 0.0939815
1 0.21862 0.278704 0.0114583 0.0305556
1 0.215885 0.291204 0.0140625 0.0351852
1 0.217187 0.286574 0.0130208 0.0351852
1 0.217839 0.297222 0.0117188 0.025
1 0.215234 0.283333 0.0138021 0.0333333
1 0.216667 0.287037 0.0104167 0.0291667
0 0.215625 0.291204 0.0140625 0.0351852
0 0.990625 0.32037 0.01875 0.0592593
0 0.21875 0.278472 0.0117188 0.0310185
0 0.879687 0.38125 0.0510417 0.0810185
3 0.0778809 0.389583 0.0640299 0.0939815
1 0.21849 0.278472 0.0114583 0.0300926
1 0.215885 0.291435 0.0140625 0.0347222
1 0.217969 0.299074 0.0114583 0.0212963
1 0.215104 0.28287 0.0138021 0.0333333
1 0.216797 0.288426 0.0104167 0.0296296
0 0.215625 0.291204 0.0140625 0.0347222
0 0.990625 0.320139 0.01875 0.0615741
0 0.21862 0.278704 0.0114583 0.0305556
0 0.880208 0.38125 0.0520833 0.0810185
3 0.0779297 0.389352 0.0639323 0.0944444
1 0.21849 0.278472 0.0114583 0.0300926
1 0.215885 0.291204 0.0140625 0.0351852
1 0.217448 0.284722 0.0130208 0.0347222
1 0.217839 0.298611 0.0117188 0.0222222
1 0.215365 0.282176 0.0140625 0.0342593
1 0.216927 0.2875 0.0104167 0.0287037
0 0.990625 0.319907 0.01875 0.0601852
0 0.215625 0.291204 0.0140625 0.0347222
0 0.21875 0.278241 0.0114583 0.0305556
0 0.879167 0.381481 0.0520833 0.0805556
3 0.0778646 0.389352 0.0638021 0.0944444
1 0.21849 0.278472 0.0111979 0.0300926
1 0.215885 0.291204 0.0140625 0.0351852
1 0.217448 0.283333 0.0125 0.0337963
1 0.217708 0.297454 0.0119792 0.024537
1 0.215234 0.281944 0.0140625 0.0342593
0 0.990625 0.319907 0.01875 0.0611111
1 0.216927 0.2875 0.0104167 0.0287037
0 0.215625 0.291204 0.0140625 0.0347222
0 0.21875 0.278241 0.0114583 0.0305556
0 0.879687 0.381481 0.0520833 0.0805556
3 0.0778646 0.389352 0.0638021 0.0939815
1 0.21849 0.278472 0.0111979 0.0300926
1 0.215885 0.291435 0.0140625 0.0351852
1 0.217578 0.296296 0.0122396 0.0268519
1 0.215495 0.281481 0.0143229 0.0342593
0 0.990625 0.319676 0.01875 0.0615741
1 0.216927 0.286574 0.0104167 0.0277778
0 0.215625 0.291204 0.0140625 0.0351852
0 0.21875 0.278241 0.0114583 0.0305556
0 0.879687 0.381481 0.0510417 0.0796296
3 0.0778646 0.389352 0.0638021 0.0939815
1 0.21849 0.278472 0.0111979 0.0300926
1 0.215885 0.291204 0.0140625 0.0351852
1 0.217578 0.296296 0.0122396 0.0268519
1 0.215495 0.28125 0.0143229 0.0347222
1 0.216667 0.278009 0.0109375 0.0291667
0 0.990625 0.32037 0.01875 0.0611111
1 0.217448 0.285648 0.0109375 0.0268519
0 0.215755 0.291204 0.0140625 0.0351852
0 0.21875 0.278241 0.0114583 0.0305556
0 0.880208 0.381481 0.05 0.0796296
3 0.0778483 0.389352 0.0638346 0.0939815
1 0.21849 0.278472 0.0111979 0.0300926
1 0.215885 0.291204 0.0140625 0.0351852
1 0.217578 0.296065 0.0122396 0.0273148
1 0.215625 0.28125 0.0145833 0.0351852
0 0.990625 0.319907 0.01875 0.0611111
1 0.216667 0.278009 0.0109375 0.0291667
1 0.217187 0.286111 0.0109375 0.0268519
0 0.215755 0.291204 0.0140625 0.0351852
0 0.21875 0.278241 0.0114583 0.0305556
0 0.880208 0.381481 0.05 0.0796296
3 0.0778646 0.389352 0.0638021 0.0944444
1 0.21849 0.278241 0.0111979 0.0305556
1 0.215885 0.291204 0.0140625 0.0351852
1 0.217448 0.29537 0.0125 0.0287037
0 0.990625 0.319907 0.01875 0.0615741
1 0.215625 0.28125 0.0145833 0.0351852
1 0.216667 0.278009 0.0109375 0.0291667
1 0.217187 0.285648 0.0104167 0.0263889
0 0.215885 0.291435 0.0140625 0.0351852
0 0.21875 0.278241 0.0114583 0.0305556
0 0.880208 0.381481 0.05 0.0796296
<<<<<<< HEAD
3 0.0779297 0.389583 0.0638021 0.0939815
1 0.21849 0.278472 0.0111979 0.0300926
1 0.215885 0.291204 0.0140625 0.0351852
1 0.217448 0.294907 0.0125 0.0296296
1 0.214844 0.286574 0.0109375 0.0296296
0 0.990625 0.319676 0.01875 0.0615741
1 0.215625 0.281481 0.0145833 0.0351852
1 0.216667 0.278009 0.0109375 0.0291667
1 0.217187 0.285185 0.0104167 0.0259259
0 0.215885 0.291204 0.0140625 0.0351852
0 0.21875 0.278241 0.0114583 0.0305556
3 0.0778646 0.389583 0.0638021 0.0939815
1 0.215885 0.291204 0.0140625 0.0351852
1 0.21849 0.278241 0.0111979 0.0305556
1 0.217318 0.294444 0.0127604 0.0305556
1 0.214844 0.28588 0.0104167 0.0282407
0 0.990625 0.319676 0.01875 0.062037
1 0.215755 0.281481 0.0145833 0.0351852
1 0.216667 0.278009 0.0109375 0.0291667
1 0.217057 0.284954 0.0101562 0.0263889
0 0.215885 0.291204 0.0140625 0.0351852
0 0.21862 0.278241 0.0117188 0.0305556
3 0.0779297 0.389583 0.0638021 0.0939815
1 0.215885 0.291204 0.0140625 0.0351852
1 0.21849 0.278472 0.0111979 0.0300926
1 0.214844 0.285185 0.0104167 0.0277778
1 0.215755 0.281481 0.0145833 0.0351852
0 0.990625 0.319444 0.01875 0.062037
1 0.216667 0.278009 0.0109375 0.0291667
1 0.216927 0.284954 0.00989583 0.0263889
0 0.215885 0.291204 0.0140625 0.0351852
0 0.880208 0.381481 0.0510417 0.0805556
0 0.21862 0.278241 0.0117188 0.0305556
3 0.0779297 0.389583 0.0638021 0.0939815
1 0.215885 0.291204 0.0140625 0.0351852
1 0.21849 0.278472 0.0111979 0.0300926
1 0.217187 0.294213 0.0130208 0.0310185
1 0.214714 0.284722 0.0101562 0.0273148
1 0.215755 0.281481 0.0145833 0.0351852
0 0.990625 0.319444 0.01875 0.062037
1 0.216667 0.278009 0.0106771 0.0287037
1 0.216927 0.284722 0.00989583 0.0268519
0 0.215885 0.291204 0.0140625 0.0351852
3 0.0779785 0.389583 0.0638346 0.0939815
1 0.215885 0.291204 0.0140625 0.0351852
1 0.21849 0.278472 0.0111979 0.0300926
1 0.214714 0.284491 0.00989583 0.0273148
1 0.215755 0.281481 0.0145833 0.0351852
1 0.216667 0.278241 0.0106771 0.0287037
0 0.990625 0.319907 0.01875 0.062963
1 0.216927 0.284491 0.00989583 0.0268519
0 0.215885 0.291204 0.0140625 0.0351852
3 0.0779297 0.389583 0.0639323 0.0939815
1 0.215885 0.291204 0.0140625 0.0356481
1 0.21849 0.278472 0.0111979 0.0300926
1 0.215885 0.281481 0.0145833 0.0351852
1 0.214714 0.284259 0.00989583 0.0277778
1 0.216667 0.278241 0.0106771 0.0287037
0 0.990625 0.320139 0.01875 0.0625
1 0.216927 0.284259 0.009375 0.0273148
0 0.216016 0.291435 0.0140625 0.0351852
3 0.0779297 0.389583 0.0639323 0.0939815
1 0.215885 0.291204 0.0140625 0.0356481
1 0.21849 0.278472 0.0111979 0.0300926
1 0.215755 0.281481 0.0145833 0.0356481
1 0.214714 0.283796 0.00989583 0.0273148
1 0.216667 0.278241 0.0104167 0.0287037
1 0.217057 0.284028 0.009375 0.0273148
0 0.990625 0.32037 0.01875 0.062037
0 0.215885 0.291204 0.0140625 0.0351852
3 0.0779297 0.389583 0.0639323 0.0939815
1 0.215885 0.291435 0.0143229 0.0356481
1 0.21849 0.278472 0.0114583 0.0300926
1 0.215625 0.281481 0.0145833 0.0351852
1 0.214583 0.283796 0.00989583 0.0273148
1 0.216667 0.278241 0.0104167 0.0287037
1 0.217187 0.283796 0.009375 0.0273148
0 0.990625 0.320602 0.01875 0.0615741
3 0.0779297 0.389583 0.0639323 0.0939815
1 0.215885 0.291435 0.0143229 0.0356481
1 0.21849 0.278472 0.0114583 0.0300926
1 0.215625 0.281481 0.0145833 0.0351852
1 0.214583 0.283565 0.00989583 0.0273148
1 0.216667 0.278241 0.0104167 0.0287037
1 0.217187 0.283796 0.009375 0.0273148
0 0.990625 0.320833 0.01875 0.0611111
3 0.0779297 0.389583 0.0639323 0.0939815
1 0.215885 0.291435 0.0143229 0.0356481
1 0.21849 0.278472 0.0114583 0.0300926
1 0.215625 0.281944 0.0145833 0.0351852
1 0.214583 0.283565 0.00989583 0.0273148
1 0.216536 0.278241 0.0106771 0.0287037
1 0.217187 0.283565 0.00911458 0.0273148
3 0.0779297 0.389583 0.0639323 0.0939815
1 0.215885 0.291667 0.0143229 0.0351852
1 0.21849 0.278472 0.0114583 0.0300926
1 0.215625 0.281944 0.0145833 0.0351852
1 0.214583 0.283565 0.00989583 0.0273148
1 0.216536 0.278241 0.0106771 0.0291667
1 0.217187 0.283333 0.00885417 0.0277778
3 0.0778809 0.389352 0.0640299 0.0944444
1 0.215885 0.291667 0.0143229 0.0351852
1 0.21849 0.278472 0.0114583 0.0300926
1 0.215625 0.281944 0.0145833 0.0351852
1 0.214583 0.283333 0.00989583 0.0277778
1 0.216406 0.278241 0.0104167 0.0291667
1 0.217187 0.283333 0.00885417 0.0277778
3 0.0778809 0.389352 0.0640299 0.0944444
1 0.215885 0.291667 0.0143229 0.0351852
1 0.21849 0.278704 0.0111979 0.0305556
1 0.215625 0.281944 0.0145833 0.0351852
1 0.214583 0.283333 0.00989583 0.0273148
1 0.216406 0.278241 0.0104167 0.0291667
1 0.217187 0.283102 0.009375 0.0277778
3 0.0778809 0.389352 0.0640299 0.0944444
1 0.215885 0.291667 0.0143229 0.0351852
1 0.21849 0.278704 0.0111979 0.0305556
1 0.215625 0.281944 0.0145833 0.0351852
1 0.214583 0.283333 0.00989583 0.0273148
1 0.216406 0.278241 0.0104167 0.0291667
1 0.217187 0.283102 0.009375 0.0277778
=======
>>>>>>> eec1531f690f822f052659bede932c48623278fb
