0 0.64375 0.660185 0.0364583 0.0759259
1 0.370313 0.639815 0.0114583 0.0296296
1 0.37526 0.616667 0.0104167 0.0222222
1 0.371094 0.635185 0.0125 0.037037
0 0.865104 0.634722 0.0604167 0.0731481
1 0.376042 0.619444 0.0114583 0.025
1 0.372656 0.638426 0.0119792 0.0314815
0 0.820833 0.480093 0.295833 0.392593
1 0.64375 0.659259 0.0375 0.0768519
0 0.741667 0.926852 0.0645833 0.144444
1 0.638021 0.264352 0.00625 0.0138889
0 0.370313 0.639815 0.0114583 0.0296296
0 0.375 0.617593 0.0114583 0.0240741
0 0.923958 0.635648 0.0427083 0.125
1 0.795833 0.840278 0.0125 0.0138889
1 0.741667 0.34213 0.00833333 0.0115741
1 0.375 0.636111 0.0125 0.037037
1 0.74375 0.840278 0.00833333 0.012037
1 0.370313 0.639815 0.0114583 0.0277778
0 0.64375 0.663426 0.0375 0.0833333
1 0.375 0.616667 0.0104167 0.0222222
0 0.640104 0.673148 0.04375 0.103704
1 0.372396 0.633796 0.0130208 0.037963
1 0.795833 0.840278 0.0125 0.0138889
1 0.374479 0.639815 0.00833333 0.0277778
0 0.922917 0.635185 0.0416667 0.124074
1 0.372917 0.639815 0.0104167 0.0287037
1 0.638021 0.264352 0.00625 0.012963
1 0.642708 0.664815 0.0385417 0.087963
0 0.370313 0.639815 0.0109375 0.0287037
1 0.741667 0.34213 0.00729167 0.0106481
0 0.742188 0.915278 0.0645833 0.167593
1 0.377083 0.616667 0.0104167 0.0240741
0 0.37526 0.61713 0.0109375 0.0231481
0 0.865104 0.633333 0.0604167 0.0740741
1 0.873438 0.905556 0.0197917 0.0222222
1 0.376042 0.619444 0.0114583 0.0240741
0 0.0686849 0.759259 0.101302 0.175926
1 0.744271 0.840741 0.00833333 0.012963
0 0.634375 0.687963 0.0552083 0.135185
1 0.741667 0.343519 0.00833333 0.0138889
0 0.927083 0.611574 0.0322917 0.0740741
1 0.375 0.637963 0.0119792 0.0333333
1 0.370313 0.639815 0.0109375 0.0277778
0 0.642187 0.666667 0.0395833 0.0916667
1 0.375 0.617593 0.0104167 0.0222222
0 0.639583 0.680556 0.04375 0.12037
1 0.376563 0.617593 0.0114583 0.0240741
0 0.742708 0.915741 0.0645833 0.168519
1 0.372396 0.633796 0.0135417 0.037963
1 0.37474 0.639815 0.0078125 0.0277778
1 0.638542 0.264815 0.00625 0.0125
1 0.795833 0.840278 0.0125 0.012963
0 0.922917 0.634722 0.0416667 0.122222
1 0.372917 0.639815 0.0114583 0.0287037
1 0.642187 0.666667 0.0395833 0.0916667
0 0.37526 0.617593 0.0109375 0.0231481
1 0.741667 0.34213 0.00729167 0.0111111
1 0.6375 0.264352 0.00625 0.0138889
0 0.864583 0.633333 0.0604167 0.0759259
0 0.370313 0.639815 0.0109375 0.0277778
1 0.744271 0.839815 0.00729167 0.0111111
1 0.37474 0.638426 0.0119792 0.0314815
1 0.741667 0.343519 0.00833333 0.0138889
1 0.664583 0.525463 0.00625 0.012037
0 0.6375 0.7 0.05 0.161111
1 0.0783854 0.809259 0.0122396 0.012963
0 0.658333 0.230498 0.0125 0.0269676
0 0.0783854 0.809259 0.0122396 0.012963
1 0.370573 0.639815 0.0109375 0.0277778
0 0.641667 0.668056 0.0416667 0.0944444
1 0.375 0.617593 0.0104167 0.0222222
0 0.922917 0.635185 0.0416667 0.124074
1 0.372396 0.633333 0.0135417 0.0388889
0 0.37526 0.617593 0.0109375 0.0222222
1 0.374479 0.639815 0.00833333 0.0277778
1 0.377083 0.616667 0.0104167 0.0240741
1 0.640625 0.668519 0.0416667 0.0944444
1 0.372396 0.640278 0.0114583 0.0287037
1 0.638021 0.264352 0.00625 0.012963
1 0.795833 0.840278 0.0125 0.012963
0 0.370313 0.639815 0.0114583 0.0277778
0 0.639583 0.684259 0.0458333 0.127778
0 0.795833 0.840278 0.0114583 0.012963
1 0.374479 0.638889 0.0130208 0.0314815
0 0.636458 0.706481 0.0541667 0.174074
1 0.741667 0.34213 0.00729167 0.0111111
1 0.724479 0.149306 0.00520833 0.012037
0 0.86875 0.741667 0.103125 0.32963
0 0.864583 0.633333 0.059375 0.0722222
0 0.65625 0.230556 0.0166667 0.0277778
0 0.640625 0.669907 0.0416667 0.0962963
1 0.370313 0.639815 0.0114583 0.0277778
1 0.375 0.617593 0.0104167 0.0222222
0 0.922917 0.635185 0.0416667 0.124074
0 0.375 0.617593 0.0114583 0.0222222
1 0.377083 0.616667 0.0104167 0.0240741
1 0.373437 0.629167 0.0125 0.037037
1 0.374479 0.640278 0.0078125 0.0277778
1 0.638021 0.264352 0.00625 0.012963
0 0.370313 0.639815 0.0114583 0.0277778
1 0.640625 0.669907 0.0427083 0.0972222
0 0.795833 0.839815 0.0114583 0.012963
1 0.795833 0.839815 0.0125 0.012963
1 0.373177 0.640278 0.0109375 0.0287037
0 0.636458 0.702315 0.0520833 0.165741
0 0.0695475 0.758333 0.103092 0.175926
1 0.866667 0.940741 0.00625 0.0185185
1 0.741667 0.342593 0.00729167 0.012037
1 0.657292 0.23125 0.0145833 0.0263889
0 0.657292 0.23125 0.0145833 0.0263889
0 0.655208 0.228009 0.01875 0.0324074
0 0.640625 0.67037 0.0427083 0.0962963
1 0.370573 0.640278 0.0109375 0.0277778
1 0.37526 0.617593 0.0109375 0.0222222
0 0.922917 0.635185 0.0416667 0.124074
0 0.375 0.617593 0.0114583 0.0222222
0 0.370313 0.639815 0.0114583 0.0277778
1 0.373698 0.625 0.0125 0.0314815
1 0.373437 0.640278 0.009375 0.0287037
1 0.795833 0.840278 0.0125 0.012963
1 0.640625 0.67037 0.0427083 0.0981481
1 0.638021 0.264352 0.00625 0.012963
0 0.795833 0.840278 0.0114583 0.012963
0 0.636458 0.701852 0.0520833 0.164815
1 0.866667 0.940741 0.00625 0.0185185
0 0.0697266 0.757407 0.103776 0.175926
1 0.374479 0.638889 0.0125 0.0305556
1 0.370313 0.639815 0.0114583 0.0277778
0 0.640625 0.669907 0.0427083 0.0962963
1 0.37526 0.61713 0.0109375 0.0222222
0 0.922917 0.635185 0.0416667 0.124074
0 0.370313 0.639815 0.0114583 0.0277778
1 0.372656 0.639815 0.0114583 0.0296296
1 0.373698 0.625 0.0125 0.0333333
0 0.375521 0.617593 0.0114583 0.0222222
1 0.795833 0.840278 0.0114583 0.012963
1 0.638021 0.264352 0.00625 0.012963
1 0.640625 0.67037 0.0427083 0.0981481
0 0.795833 0.840278 0.0114583 0.012963
0 0.636979 0.7 0.0510417 0.161111
1 0.866667 0.940741 0.00520833 0.0185185
0 0.0695312 0.757407 0.103385 0.177778
1 0.374479 0.638889 0.0125 0.0314815
0 0.74375 0.916667 0.0645833 0.166667
1 0.866146 0.942593 0.00625 0.0185185
1 0.370573 0.640278 0.0109375 0.0277778
1 0.37526 0.61713 0.0109375 0.0222222
0 0.640625 0.67037 0.0427083 0.0981481
0 0.922917 0.635185 0.0416667 0.124074
1 0.372917 0.639815 0.0114583 0.0296296
1 0.373698 0.623611 0.0125 0.0305556
0 0.370313 0.639815 0.0114583 0.0277778
0 0.375521 0.617593 0.0114583 0.0222222
1 0.638021 0.264352 0.00625 0.012963
1 0.795833 0.840278 0.0114583 0.012963
0 0.6375 0.698611 0.05 0.158333
1 0.376302 0.619444 0.0114583 0.0240741
1 0.866667 0.940741 0.00625 0.0185185
1 0.640625 0.67037 0.0427083 0.0981481
0 0.0695312 0.757407 0.103255 0.177778
0 0.795833 0.840278 0.0114583 0.012963
0 0.74375 0.916204 0.065625 0.167593
1 0.370313 0.639815 0.0114583 0.0277778
1 0.37526 0.617593 0.0109375 0.0222222
0 0.640625 0.670833 0.0427083 0.0990741
0 0.922917 0.635185 0.0416667 0.124074
1 0.373698 0.623148 0.0125 0.0296296
0 0.744271 0.916204 0.0677083 0.167593
0 0.6375 0.699074 0.05 0.159259
0 0.375521 0.617593 0.0114583 0.0222222
1 0.866667 0.940741 0.00625 0.0185185
0 0.370313 0.639815 0.0114583 0.0277778
1 0.638021 0.264583 0.00520833 0.0125
1 0.795833 0.840278 0.0114583 0.012963
1 0.372396 0.639815 0.0119792 0.0296296
0 0.0695312 0.757407 0.103385 0.177778
1 0.640625 0.67037 0.0427083 0.0962963
0 0.795833 0.840741 0.0114583 0.012963
1 0.374479 0.638889 0.0130208 0.0314815
0 0.848437 0.907407 0.0416667 0.062963
1 0.370313 0.640278 0.0114583 0.0277778
1 0.37526 0.617593 0.0109375 0.0222222
0 0.641667 0.668056 0.0416667 0.0935185
0 0.922917 0.635185 0.0416667 0.124074
0 0.744792 0.915741 0.06875 0.168519
1 0.373958 0.622222 0.0125 0.0277778
0 0.636979 0.7 0.0510417 0.161111
1 0.638542 0.264583 0.00625 0.012037
1 0.866667 0.940741 0.00625 0.0185185
1 0.795833 0.839815 0.0125 0.012963
0 0.0695964 0.757407 0.103516 0.178704
0 0.375521 0.617593 0.0114583 0.0222222
1 0.372396 0.639815 0.0125 0.0296296
0 0.370313 0.639815 0.0114583 0.0277778
1 0.640625 0.671296 0.0416667 0.1
1 0.6375 0.264583 0.00625 0.0125
0 0.795833 0.840278 0.0114583 0.0138889
1 0.374479 0.638889 0.0125 0.0314815
0 0.864583 0.634722 0.0604167 0.0740741
1 0.370313 0.640278 0.0114583 0.0277778
1 0.37526 0.617593 0.0109375 0.0222222
0 0.641667 0.667593 0.040625 0.0925926
0 0.639583 0.681481 0.0447917 0.122222
0 0.922917 0.635185 0.0416667 0.124074
0 0.744792 0.915741 0.06875 0.168519
1 0.373958 0.62037 0.0125 0.0268519
0 0.636458 0.699537 0.0520833 0.160185
1 0.638542 0.264815 0.00625 0.012037
1 0.866667 0.940741 0.00625 0.0185185
1 0.795833 0.840278 0.0125 0.0138889
0 0.0695964 0.757407 0.103646 0.178704
0 0.370833 0.639815 0.0114583 0.0268519
1 0.6375 0.264583 0.00625 0.0125
1 0.640625 0.671296 0.0416667 0.1
0 0.375521 0.617593 0.0114583 0.0222222
1 0.372917 0.640741 0.0109375 0.0277778
0 0.795833 0.840278 0.0114583 0.0138889
0 0.864583 0.634722 0.0604167 0.0740741
1 0.37474 0.638889 0.0130208 0.0314815
1 0.370313 0.640278 0.0114583 0.0277778
1 0.37526 0.617593 0.0109375 0.0222222
0 0.641667 0.66713 0.040625 0.0916667
0 0.639583 0.681481 0.0447917 0.122222
0 0.745313 0.915741 0.06875 0.168519
0 0.922917 0.635185 0.0416667 0.124074
0 0.636458 0.699074 0.0520833 0.157407
1 0.373958 0.62037 0.0125 0.0259259
1 0.638542 0.264815 0.00625 0.012037
1 0.866667 0.940741 0.00625 0.0185185
1 0.795833 0.840278 0.0125 0.0138889
0 0.0694661 0.757407 0.103516 0.178704
0 0.370833 0.639815 0.0114583 0.0268519
1 0.6375 0.264583 0.00625 0.0125
1 0.640625 0.672222 0.0416667 0.101852
1 0.372917 0.640741 0.0109375 0.0277778
0 0.864583 0.634722 0.0604167 0.0740741
0 0.795833 0.840278 0.0114583 0.0138889
0 0.37526 0.617593 0.0114583 0.0222222
1 0.37474 0.638889 0.0130208 0.0314815
0 0.875 0.894444 0.0229167 0.0425926
<<<<<<< HEAD
1 0.370313 0.640278 0.0114583 0.0277778
1 0.37526 0.617593 0.0109375 0.0222222
0 0.643229 0.664352 0.0375 0.0842593
0 0.639583 0.681019 0.0447917 0.121296
0 0.744792 0.915741 0.06875 0.166667
0 0.922917 0.635185 0.0416667 0.124074
0 0.636458 0.698611 0.0520833 0.157407
1 0.373958 0.62037 0.0125 0.0259259
1 0.638542 0.264815 0.00625 0.012037
1 0.795833 0.839815 0.0125 0.012963
1 0.866667 0.940741 0.00625 0.0185185
0 0.069401 0.757407 0.103646 0.178704
0 0.370833 0.639815 0.0114583 0.0277778
1 0.6375 0.264583 0.00625 0.0125
0 0.864583 0.635185 0.0604167 0.0740741
1 0.376563 0.619444 0.0114583 0.0240741
0 0.795833 0.840278 0.0125 0.0138889
1 0.640625 0.671759 0.0416667 0.100926
1 0.372917 0.640741 0.0109375 0.0277778
1 0.37474 0.638889 0.0130208 0.0314815
0 0.375 0.617593 0.0114583 0.0222222
0 0.875 0.894444 0.0229167 0.0425926
1 0.370313 0.640278 0.0114583 0.0277778
1 0.37526 0.61713 0.0109375 0.0222222
0 0.643229 0.663889 0.0375 0.0833333
0 0.639583 0.681481 0.0458333 0.122222
0 0.744792 0.915741 0.0666667 0.166667
0 0.922917 0.635185 0.0416667 0.124074
0 0.636458 0.699074 0.0520833 0.157407
1 0.373958 0.62037 0.0125 0.0277778
1 0.638542 0.264815 0.00625 0.012037
1 0.795833 0.840278 0.0125 0.0138889
1 0.866667 0.940741 0.00625 0.0185185
0 0.0692871 0.756481 0.104134 0.177778
0 0.370313 0.639815 0.0114583 0.0277778
0 0.864583 0.635185 0.059375 0.0740741
1 0.6375 0.264583 0.00625 0.0125
1 0.376563 0.619444 0.0114583 0.0240741
0 0.795833 0.840278 0.0125 0.0138889
1 0.372917 0.640741 0.0109375 0.0277778
0 0.875 0.894444 0.0229167 0.0425926
1 0.641146 0.671296 0.0416667 0.1
1 0.37474 0.638889 0.0130208 0.0314815
1 0.642708 0.661111 0.0375 0.0777778
0 0.375 0.617593 0.0114583 0.0222222
1 0.724479 0.149421 0.00416667 0.0108796
1 0.370313 0.640278 0.0114583 0.0277778
1 0.37526 0.61713 0.0109375 0.0222222
0 0.643229 0.662963 0.0375 0.0814815
0 0.640625 0.673611 0.0416667 0.10463
0 0.744792 0.915741 0.0666667 0.166667
0 0.922917 0.635185 0.0416667 0.124074
0 0.6375 0.684259 0.05 0.127778
1 0.373958 0.621296 0.0125 0.0296296
1 0.638542 0.264815 0.00625 0.012037
1 0.795833 0.840278 0.0125 0.0138889
1 0.866667 0.940741 0.00625 0.0185185
0 0.633333 0.701852 0.0583333 0.164815
0 0.864583 0.635185 0.059375 0.0740741
0 0.370313 0.639815 0.0114583 0.0277778
1 0.6375 0.264583 0.00625 0.0125
1 0.376563 0.619444 0.0109375 0.0240741
0 0.0691406 0.756019 0.104427 0.17963
0 0.795833 0.840278 0.0125 0.0138889
0 0.875 0.894444 0.0229167 0.0425926
1 0.372917 0.640741 0.0109375 0.0277778
1 0.37474 0.639352 0.0130208 0.0305556
1 0.642708 0.662963 0.0375 0.0814815
1 0.724479 0.149421 0.00416667 0.0108796
0 0.375 0.617593 0.0114583 0.0222222
1 0.370313 0.640278 0.0114583 0.0277778
0 0.643229 0.662963 0.0375 0.0814815
1 0.37526 0.61713 0.0109375 0.0222222
0 0.640625 0.674537 0.0416667 0.106481
0 0.74375 0.915741 0.0666667 0.166667
0 0.6375 0.684259 0.05 0.127778
0 0.922917 0.635185 0.0416667 0.124074
1 0.373698 0.622222 0.0130208 0.0296296
1 0.866667 0.940741 0.00625 0.0185185
0 0.633333 0.700926 0.0583333 0.161111
1 0.795833 0.840278 0.0125 0.0138889
1 0.638542 0.264815 0.00625 0.012037
0 0.370573 0.639815 0.0114583 0.0277778
1 0.376563 0.619444 0.0109375 0.0240741
0 0.864583 0.635185 0.059375 0.0740741
0 0.0692057 0.755556 0.104297 0.17963
1 0.6375 0.264583 0.00625 0.0125
1 0.643229 0.661111 0.0375 0.0777778
0 0.875 0.894444 0.0229167 0.0425926
1 0.372917 0.640741 0.0109375 0.0277778
1 0.375 0.639352 0.0135417 0.0305556
1 0.724479 0.149306 0.00416667 0.0111111
0 0.643229 0.662963 0.0375 0.0814815
1 0.370313 0.640278 0.0114583 0.0277778
1 0.37526 0.61713 0.0109375 0.0222222
0 0.640625 0.675463 0.0416667 0.108333
0 0.74375 0.916204 0.0666667 0.167593
0 0.636458 0.698148 0.0520833 0.155556
1 0.373698 0.622222 0.0130208 0.0296296
0 0.922917 0.635185 0.0416667 0.124074
1 0.866667 0.940741 0.00625 0.0185185
1 0.638542 0.264815 0.00625 0.012037
0 0.370573 0.639815 0.0114583 0.0277778
1 0.795833 0.840278 0.0125 0.0138889
1 0.376563 0.619444 0.0109375 0.0240741
1 0.643229 0.661111 0.0375 0.0777778
1 0.375 0.638889 0.0135417 0.0314815
0 0.864583 0.635185 0.059375 0.0740741
0 0.0692871 0.756019 0.104134 0.180556
1 0.6375 0.264815 0.00625 0.012963
1 0.372917 0.640741 0.0109375 0.0277778
0 0.875 0.894444 0.0229167 0.0425926
0 0.643229 0.662963 0.0375 0.0814815
1 0.370573 0.640278 0.0114583 0.0277778
1 0.37526 0.617593 0.0109375 0.0222222
0 0.640625 0.676852 0.0416667 0.111111
0 0.744271 0.916204 0.0666667 0.167593
0 0.6375 0.697222 0.0520833 0.153704
1 0.373698 0.622222 0.0130208 0.0314815
0 0.922917 0.635185 0.0416667 0.124074
1 0.866667 0.940741 0.00625 0.0185185
1 0.643229 0.662963 0.0375 0.0814815
0 0.370573 0.639815 0.0114583 0.0277778
1 0.638542 0.264583 0.00625 0.0125
1 0.375 0.638889 0.0135417 0.0314815
1 0.795833 0.840278 0.0125 0.0138889
0 0.864583 0.634722 0.0604167 0.0740741
1 0.372917 0.640741 0.0114583 0.0277778
0 0.643229 0.662963 0.0375 0.0814815
1 0.370573 0.640278 0.0114583 0.0277778
1 0.375521 0.617593 0.0114583 0.0222222
0 0.640625 0.673148 0.0416667 0.103704
0 0.6375 0.684259 0.05 0.127778
0 0.744271 0.916204 0.0666667 0.167593
1 0.373437 0.622222 0.0135417 0.0314815
0 0.633333 0.7 0.0583333 0.159259
0 0.922917 0.635185 0.0416667 0.124074
1 0.866667 0.940741 0.00625 0.0185185
1 0.643229 0.662963 0.0375 0.0814815
0 0.370573 0.639815 0.0114583 0.0277778
1 0.638542 0.264815 0.00625 0.012963
1 0.37474 0.638889 0.0135417 0.0314815
1 0.372917 0.640278 0.0114583 0.0287037
1 0.795833 0.840278 0.0125 0.0138889
1 0.370573 0.640278 0.0114583 0.0277778
0 0.643229 0.663426 0.0375 0.0824074
1 0.375521 0.617593 0.0114583 0.0222222
0 0.640625 0.673148 0.0416667 0.103704
0 0.638021 0.684259 0.0489583 0.127778
1 0.373437 0.622222 0.0135417 0.0296296
0 0.744271 0.916667 0.0666667 0.166667
0 0.633854 0.7 0.0583333 0.159259
1 0.642708 0.663426 0.0375 0.0824074
1 0.866667 0.940741 0.00625 0.0185185
0 0.370313 0.639815 0.0114583 0.0277778
0 0.923437 0.635185 0.0427083 0.124074
1 0.37474 0.638889 0.0135417 0.0314815
1 0.638542 0.264815 0.00625 0.012963
1 0.372396 0.639815 0.0125 0.0296296
1 0.370573 0.640278 0.0114583 0.0277778
1 0.375521 0.617593 0.0114583 0.0222222
0 0.643229 0.663889 0.0375 0.0833333
0 0.640625 0.675926 0.0427083 0.109259
1 0.373437 0.621759 0.0135417 0.0296296
0 0.6375 0.697222 0.0510417 0.153704
0 0.744271 0.917593 0.0677083 0.164815
1 0.642708 0.663426 0.0385417 0.0824074
1 0.866667 0.940741 0.00625 0.0185185
0 0.370313 0.639815 0.0114583 0.0277778
1 0.375 0.638889 0.0135417 0.0314815
1 0.638542 0.264815 0.00625 0.012963
1 0.372396 0.639815 0.0125 0.0296296
0 0.923437 0.635185 0.0427083 0.123148
1 0.370573 0.640278 0.0114583 0.0277778
1 0.375521 0.617593 0.0114583 0.0222222
0 0.643229 0.662037 0.0375 0.0796296
0 0.640625 0.673148 0.0427083 0.103704
1 0.373698 0.621296 0.0135417 0.0296296
0 0.6375 0.696296 0.0510417 0.151852
1 0.642708 0.663889 0.0385417 0.0833333
0 0.744792 0.917593 0.06875 0.164815
1 0.866667 0.940741 0.00625 0.0185185
0 0.370313 0.639815 0.0114583 0.0277778
1 0.375 0.638889 0.0135417 0.0314815
1 0.638542 0.264583 0.00625 0.012963
1 0.372917 0.640278 0.0114583 0.0287037
1 0.370573 0.640278 0.0114583 0.0277778
1 0.375521 0.617593 0.0114583 0.0222222
0 0.642708 0.6625 0.0375 0.0805556
0 0.640625 0.673148 0.0427083 0.103704
1 0.373698 0.622222 0.0135417 0.0296296
1 0.642708 0.663889 0.0395833 0.0833333
0 0.6375 0.695833 0.0510417 0.150926
1 0.375 0.638889 0.0135417 0.0314815
1 0.866667 0.940741 0.00625 0.0185185
0 0.370313 0.639815 0.0114583 0.0277778
0 0.744792 0.918056 0.06875 0.163889
1 0.638542 0.264583 0.00625 0.012963
1 0.370573 0.640278 0.0114583 0.0277778
1 0.375521 0.617593 0.0114583 0.0222222
0 0.642708 0.6625 0.0375 0.0805556
0 0.640625 0.673148 0.0427083 0.103704
1 0.373698 0.622222 0.0135417 0.0296296
1 0.642708 0.664352 0.0395833 0.0842593
0 0.6375 0.696296 0.0510417 0.151852
1 0.375 0.638889 0.0135417 0.0314815
0 0.370313 0.639815 0.0114583 0.0277778
1 0.866667 0.940741 0.00625 0.0185185
1 0.370573 0.640278 0.0114583 0.0277778
1 0.375521 0.617593 0.0114583 0.0222222
0 0.642708 0.662963 0.0375 0.0814815
0 0.640625 0.673148 0.0427083 0.103704
1 0.373698 0.622222 0.0135417 0.0296296
1 0.642708 0.664815 0.0395833 0.0851852
0 0.6375 0.696296 0.0520833 0.151852
0 0.370313 0.639815 0.0114583 0.0277778
1 0.375 0.638889 0.0135417 0.0314815
1 0.866667 0.940741 0.00625 0.0185185
1 0.370573 0.640278 0.0114583 0.0277778
1 0.375521 0.617593 0.0114583 0.0222222
0 0.642708 0.662963 0.0375 0.0814815
0 0.640625 0.673148 0.0427083 0.103704
1 0.373698 0.622222 0.0135417 0.0296296
1 0.642708 0.664815 0.0395833 0.0851852
0 0.6375 0.696296 0.0520833 0.151852
0 0.370313 0.639815 0.0114583 0.0277778
1 0.375 0.638889 0.0135417 0.0314815
1 0.866667 0.940741 0.00625 0.0185185
=======
>>>>>>> eec1531f690f822f052659bede932c48623278fb
