3 0.101953 0.431019 0.0648438 0.0981481
1 0.230078 0.326389 0.0135417 0.0333333
1 0.233333 0.312037 0.0104167 0.0277778
1 0.23151 0.313426 0.0125 0.0296296
1 0.232292 0.32037 0.0125 0.0361111
0 0.230208 0.326852 0.0135417 0.0333333
1 0.235417 0.312037 0.0106771 0.0277778
0 0.23125 0.314815 0.0125 0.0296296
3 0.102214 0.430556 0.0645833 0.0981481
1 0.230208 0.326852 0.0135417 0.0337963
1 0.233333 0.311806 0.00989583 0.0263889
1 0.230208 0.321528 0.0130208 0.0287037
1 0.23125 0.313426 0.0125 0.0287037
0 0.230208 0.326852 0.0135417 0.0333333
0 0.985156 0.49213 0.0296875 0.105556
1 0.233073 0.321759 0.0111979 0.0361111
0 0.933333 0.540741 0.05625 0.0888889
3 0.102279 0.431019 0.0647135 0.0981481
1 0.230208 0.326852 0.0132813 0.0333333
1 0.233333 0.311574 0.00989583 0.0259259
1 0.229818 0.321296 0.0122396 0.0268519
1 0.23151 0.312731 0.0125 0.0282407
0 0.230208 0.326852 0.0135417 0.0333333
0 0.233073 0.312037 0.00989583 0.0268519
1 0.232812 0.321528 0.0119792 0.0351852
3 0.102214 0.431481 0.0645833 0.0972222
1 0.230208 0.326852 0.0130208 0.0333333
1 0.233333 0.311574 0.00989583 0.0259259
1 0.229687 0.32037 0.0119792 0.0259259
1 0.23151 0.3125 0.0125 0.0287037
0 0.230208 0.326852 0.0135417 0.0333333
1 0.232682 0.321991 0.0122396 0.0356481
0 0.985156 0.49213 0.0296875 0.10463
0 0.233333 0.311574 0.00989583 0.0268519
0 0.229687 0.32037 0.0119792 0.0259259
3 0.102148 0.431481 0.0644531 0.0972222
1 0.230208 0.326852 0.0130208 0.0333333
1 0.233333 0.311574 0.00963542 0.0259259
1 0.229818 0.320833 0.0125 0.0268519
1 0.231641 0.3125 0.0122396 0.0282407
0 0.230208 0.326852 0.0135417 0.0333333
1 0.232812 0.321296 0.0117188 0.0342593
0 0.233333 0.311574 0.00989583 0.0268519
0 0.229818 0.320833 0.0125 0.0268519
1 0.227604 0.320833 0.0104167 0.0282407
3 0.102148 0.431481 0.0644531 0.0972222
1 0.230208 0.327083 0.0130208 0.0337963
1 0.233333 0.311574 0.00963542 0.0259259
1 0.229818 0.32037 0.0122396 0.0263889
1 0.231771 0.312269 0.0119792 0.0277778
0 0.230208 0.327315 0.0132813 0.0333333
1 0.232812 0.321296 0.0114583 0.0342593
0 0.233333 0.311343 0.00989583 0.0268519
0 0.229818 0.32037 0.0122396 0.0263889
1 0.227344 0.319907 0.00989583 0.0259259
3 0.102083 0.431019 0.0645833 0.0972222
1 0.230208 0.327083 0.0130208 0.0337963
1 0.233333 0.311574 0.00963542 0.0259259
1 0.229687 0.32037 0.0119792 0.0268519
0 0.230208 0.327083 0.0132813 0.0337963
1 0.231771 0.312269 0.0119792 0.0282407
1 0.232682 0.321528 0.0117188 0.0347222
0 0.233333 0.311574 0.00989583 0.0268519
0 0.229687 0.32037 0.0119792 0.0268519
1 0.227214 0.319907 0.00989583 0.0268519
1 0.235026 0.311574 0.0111979 0.0268519
3 0.102018 0.43125 0.0644531 0.0976852
1 0.230208 0.326852 0.0130208 0.0337963
1 0.233333 0.311574 0.00963542 0.0259259
1 0.229557 0.320833 0.0119792 0.0268519
0 0.230208 0.327083 0.0132813 0.0337963
1 0.231771 0.312269 0.0119792 0.0282407
1 0.232682 0.321296 0.0117188 0.0342593
0 0.233333 0.311574 0.00989583 0.0268519
1 0.227214 0.32037 0.00989583 0.0273148
0 0.229557 0.320833 0.0119792 0.0268519
3 0.102018 0.43125 0.0644531 0.0976852
1 0.230208 0.326852 0.0130208 0.0342593
1 0.233333 0.311574 0.00963542 0.0259259
1 0.229687 0.319907 0.0119792 0.0268519
0 0.230208 0.327315 0.0135417 0.0333333
1 0.231771 0.3125 0.0119792 0.0277778
1 0.232812 0.320833 0.0114583 0.0342593
0 0.233333 0.311574 0.00989583 0.0268519
0 0.985417 0.490625 0.0291667 0.102083
1 0.227344 0.32037 0.00989583 0.0273148
3 0.102083 0.431019 0.0643229 0.0972222
1 0.230208 0.326852 0.0130208 0.0342593
1 0.233333 0.311574 0.00963542 0.0259259
1 0.229687 0.319676 0.0119792 0.0268519
1 0.231771 0.3125 0.0119792 0.0277778
0 0.230208 0.327315 0.0135417 0.0333333
1 0.232812 0.32037 0.0114583 0.0342593
0 0.233333 0.311574 0.00989583 0.0268519
0 0.985156 0.490278 0.0296875 0.1
3 0.101953 0.43125 0.0643229 0.0976852
1 0.230208 0.327083 0.0130208 0.0342593
1 0.233333 0.311574 0.00963542 0.0263889
1 0.229818 0.319907 0.0122396 0.0273148
1 0.231771 0.3125 0.0122396 0.0287037
0 0.230208 0.327315 0.0135417 0.0333333
1 0.232943 0.32037 0.0111979 0.0342593
0 0.985156 0.489815 0.0296875 0.100926
0 0.233333 0.311574 0.00989583 0.0273148
3 0.102018 0.431481 0.0644531 0.0972222
1 0.230208 0.327083 0.0130208 0.0342593
1 0.233333 0.311574 0.00963542 0.0263889
1 0.229948 0.320139 0.0125 0.0277778
1 0.231771 0.3125 0.0122396 0.0287037
0 0.230208 0.327315 0.0135417 0.0333333
1 0.232943 0.32037 0.0111979 0.0342593
0 0.985156 0.489931 0.0296875 0.10162
0 0.233333 0.311574 0.00989583 0.0273148
<<<<<<< HEAD
3 0.102083 0.431019 0.0643229 0.0972222
1 0.230208 0.327083 0.0130208 0.0342593
1 0.233333 0.311574 0.00963542 0.0263889
1 0.229948 0.32037 0.0125 0.0277778
1 0.231771 0.3125 0.0125 0.0287037
0 0.230208 0.327315 0.0135417 0.0333333
1 0.232943 0.32037 0.0111979 0.0342593
0 0.984896 0.490278 0.0302083 0.100926
3 0.102083 0.431019 0.0643229 0.0972222
1 0.230208 0.327083 0.0130208 0.0333333
1 0.233333 0.311574 0.009375 0.0263889
1 0.229948 0.32037 0.0125 0.0277778
1 0.231771 0.3125 0.0125 0.0287037
0 0.230208 0.327315 0.0135417 0.0333333
1 0.232812 0.32037 0.0114583 0.0342593
0 0.984896 0.490625 0.0302083 0.100231
3 0.102083 0.431481 0.0643229 0.0972222
1 0.230208 0.327083 0.0130208 0.0333333
1 0.233333 0.311574 0.009375 0.0263889
1 0.229948 0.32037 0.0125 0.0277778
1 0.231771 0.3125 0.0125 0.0287037
0 0.230208 0.327315 0.0135417 0.0333333
1 0.232812 0.32037 0.0114583 0.0342593
0 0.984896 0.490741 0.0302083 0.100926
3 0.102083 0.431481 0.0643229 0.0972222
1 0.230208 0.327083 0.0130208 0.0333333
1 0.233333 0.311574 0.00963542 0.0268519
1 0.230078 0.319907 0.0122396 0.0277778
0 0.230208 0.327083 0.0135417 0.0333333
1 0.232812 0.32037 0.0114583 0.0342593
3 0.102083 0.431019 0.0643229 0.0972222
1 0.230208 0.327315 0.0130208 0.0333333
1 0.233333 0.311806 0.00989583 0.0268519
1 0.230208 0.319907 0.0125 0.0277778
0 0.230208 0.327315 0.0135417 0.0333333
1 0.232812 0.320139 0.0114583 0.0342593
3 0.102018 0.431019 0.0644531 0.0972222
1 0.230208 0.327315 0.0130208 0.0333333
1 0.233333 0.311806 0.00989583 0.0268519
1 0.230339 0.319213 0.0127604 0.0282407
0 0.230208 0.327315 0.0135417 0.0333333
1 0.233073 0.319907 0.0114583 0.0342593
3 0.102083 0.431019 0.0645833 0.0972222
1 0.230208 0.327315 0.0130208 0.0333333
1 0.233333 0.312037 0.00989583 0.0268519
1 0.230469 0.318519 0.0127604 0.0287037
1 0.231771 0.312731 0.0127604 0.0291667
1 0.233073 0.319907 0.0114583 0.0342593
0 0.230208 0.327315 0.0135417 0.0333333
3 0.102083 0.431481 0.0645833 0.0972222
1 0.230208 0.327315 0.0130208 0.0333333
1 0.233333 0.312037 0.00989583 0.0268519
1 0.230469 0.318981 0.0127604 0.0287037
1 0.231771 0.312731 0.0127604 0.0291667
1 0.233073 0.319676 0.0114583 0.0342593
0 0.230208 0.327315 0.0135417 0.0333333
1 0.235677 0.314815 0.0130208 0.0310185
3 0.102083 0.431481 0.0645833 0.0972222
1 0.230208 0.327315 0.0130208 0.0333333
1 0.233333 0.312037 0.00989583 0.0273148
1 0.230469 0.318981 0.0125 0.0287037
1 0.231771 0.312963 0.0127604 0.0296296
1 0.233073 0.319444 0.0114583 0.0342593
0 0.230208 0.327315 0.0135417 0.0333333
1 0.235938 0.314815 0.0130208 0.0305556
3 0.102083 0.431019 0.0645833 0.0972222
1 0.230208 0.327315 0.0130208 0.0333333
1 0.233333 0.312037 0.00989583 0.0273148
1 0.230469 0.319213 0.0125 0.0291667
1 0.231771 0.312963 0.0127604 0.0296296
1 0.233203 0.319444 0.0111979 0.0337963
0 0.230208 0.327315 0.0135417 0.0333333
1 0.235938 0.314815 0.0130208 0.0305556
3 0.102018 0.43125 0.0644531 0.0976852
1 0.230208 0.327315 0.0130208 0.0333333
1 0.233333 0.312037 0.00989583 0.0273148
1 0.230469 0.319444 0.0125 0.0296296
1 0.231771 0.312963 0.0127604 0.0296296
0 0.230208 0.327315 0.0135417 0.0333333
1 0.233333 0.318981 0.0114583 0.0333333
1 0.235938 0.315046 0.0130208 0.0305556
3 0.102018 0.43125 0.0644531 0.0976852
1 0.230208 0.327315 0.0130208 0.0333333
1 0.233333 0.312037 0.00989583 0.0277778
1 0.230469 0.319444 0.0125 0.0291667
0 0.230208 0.327315 0.0135417 0.0333333
1 0.233333 0.318981 0.0111979 0.0333333
1 0.235938 0.315046 0.0130208 0.0305556
3 0.102018 0.43125 0.0644531 0.0976852
1 0.230208 0.327315 0.0130208 0.0333333
1 0.233333 0.312037 0.00989583 0.0277778
1 0.230469 0.319444 0.0125 0.0291667
0 0.230208 0.327315 0.0135417 0.0333333
1 0.233333 0.318981 0.0111979 0.0333333
1 0.235938 0.315046 0.0130208 0.0305556
3 0.102018 0.43125 0.0644531 0.0976852
1 0.230208 0.327315 0.0130208 0.0333333
1 0.233333 0.312037 0.00989583 0.0277778
1 0.230469 0.319444 0.0125 0.0291667
0 0.230208 0.327315 0.0135417 0.0333333
1 0.233333 0.318981 0.0111979 0.0333333
1 0.235938 0.315278 0.0130208 0.0305556
=======
>>>>>>> eec1531f690f822f052659bede932c48623278fb
