0 0.106185 0.484722 0.099349 0.156481
0 0.247656 0.534722 0.390104 0.657407
0 0.107292 0.485185 0.0971354 0.153704
0 0.390625 0.0275174 0.0541667 0.0529514
0 0.677083 0.241262 0.175 0.197106
0 0.107161 0.485301 0.0966146 0.155324
0 0.107096 0.485185 0.0970052 0.15463
0 0.390625 0.0274306 0.053125 0.0533565
0 0.626562 0.488889 0.0666667 0.290741
0 0.107161 0.485185 0.096875 0.156481
0 0.390365 0.0277488 0.0546875 0.0535301
0 0.106657 0.485648 0.0981445 0.155556
0 0.390104 0.0278067 0.0552083 0.0542245
0 0.106836 0.485301 0.0980469 0.155324
0 0.106966 0.485301 0.0980469 0.155324
0 0.107031 0.485301 0.0979167 0.155324
0 0.107015 0.485301 0.0979492 0.155324
0 0.106901 0.484722 0.0979167 0.156481
0 0.106787 0.484722 0.0978841 0.156481
0 0.390625 0.0281539 0.0552083 0.0541088
<<<<<<< HEAD
0 0.106836 0.484722 0.0980469 0.156481
0 0.390625 0.0281322 0.0541667 0.0541522
0 0.106836 0.484722 0.0980469 0.156481
0 0.106901 0.484375 0.0981771 0.157176
0 0.106885 0.484259 0.0982096 0.157407
0 0.106836 0.484722 0.0983073 0.157407
0 0.106901 0.484144 0.0984375 0.157639
0 0.106901 0.484144 0.0984375 0.157639
0 0.106836 0.484259 0.0983073 0.158333
0 0.106787 0.485069 0.098405 0.157639
0 0.106771 0.484722 0.0981771 0.157407
0 0.106755 0.484144 0.0982096 0.157639
0 0.106706 0.484259 0.0983073 0.158333
0 0.106494 0.483449 0.0979492 0.159028
0 0.106494 0.483449 0.0979492 0.159028
=======
>>>>>>> eec1531f690f822f052659bede932c48623278fb
