3 0.113843 0.449306 0.064502 0.1
1 0.240625 0.325347 0.009375 0.0229167
1 0.240039 0.339236 0.0113281 0.0229167
1 0.240234 0.349306 0.0117188 0.0166667
1 0.239258 0.341319 0.0128906 0.0291667
1 0.238672 0.330556 0.0125 0.0305556
1 0.241797 0.327778 0.0109375 0.0270833
0 0.240039 0.348698 0.0121094 0.0192708
0 0.361523 0.0252604 0.0414063 0.0447917
1 0.241797 0.332465 0.0117188 0.028125
0 0.239258 0.341319 0.0128906 0.0291667
1 0.237109 0.335417 0.0132813 0.0284722
1 0.241406 0.345747 0.0125 0.0237847
0 0.361328 0.0196398 0.0382813 0.0332031
1 0.358984 0.913889 0.0046875 0.00833333
1 0.361523 0.0252604 0.0414063 0.0447917
0 0.362109 0.0411458 0.0476562 0.0772569
0 0.240039 0.339236 0.0113281 0.0229167
0 0.241406 0.327083 0.00976562 0.0270833
1 0.240234 0.326215 0.0117188 0.0315972
0 0.961719 0.628472 0.0578125 0.0916667
0 0.367578 0.0236979 0.0316406 0.0393229
1 0.617969 0.685417 0.0148437 0.0333333
1 0.363281 0.0192925 0.0328125 0.0315538
0 0.362891 0.0172743 0.0273438 0.0301649
0 0.354297 0.0336806 0.05625 0.0611979
1 0.385547 0.808333 0.00390625 0.00833333
3 0.114038 0.449306 0.064502 0.0986111
1 0.240625 0.326042 0.0101562 0.0236111
1 0.240234 0.330556 0.0125 0.0333333
1 0.239453 0.338542 0.0132813 0.0333333
1 0.238281 0.335069 0.015625 0.0409722
0 0.239258 0.338889 0.0136719 0.0347222
0 0.960938 0.629167 0.05625 0.0930556
0 0.360938 0.0219618 0.0382813 0.0401042
0 0.240234 0.330556 0.0125 0.0333333
1 0.359375 0.913889 0.00546875 0.00833333
0 0.240625 0.327431 0.0101562 0.0263889
1 0.362109 0.0237196 0.0398437 0.0445747
0 0.363672 0.0274523 0.0390625 0.0547309
0 0.365625 0.0193522 0.0296875 0.0342122
1 0.61875 0.685069 0.0140625 0.0340278
1 0.371875 0.915278 0.00625 0.00833333
0 0.368164 0.0232693 0.0289063 0.0421766
1 0.365625 0.0193522 0.0296875 0.0342122
1 0.240234 0.346528 0.0140625 0.03125
1 0.259766 0.0802083 0.009375 0.0225694
3 0.113843 0.449306 0.064502 0.0986111
1 0.240625 0.327778 0.009375 0.0270833
1 0.240039 0.335417 0.0125 0.0347222
1 0.239453 0.340278 0.0132813 0.0326389
1 0.241602 0.332986 0.0125 0.0354167
1 0.239648 0.330208 0.0121094 0.0319444
0 0.239453 0.338889 0.0140625 0.0340278
1 0.237891 0.335069 0.0148437 0.0368056
0 0.363672 0.0249132 0.0390625 0.0453125
0 0.961719 0.628819 0.0578125 0.0944444
0 0.363086 0.019401 0.0363281 0.0328125
1 0.359375 0.913889 0.00546875 0.00833333
0 0.241016 0.329167 0.0109375 0.0298611
1 0.617188 0.688542 0.01875 0.0493056
1 0.610156 0.686806 0.0273438 0.0666667
1 0.363672 0.0249132 0.0390625 0.0453125
1 0.239844 0.345052 0.0148437 0.0335069
0 0.368359 0.0214627 0.028125 0.0373698
0 0.365625 0.030599 0.0382813 0.0601562
0 0.365234 0.0393121 0.0445312 0.0748481
1 0.371875 0.915972 0.00625 0.00972222
0 0.86875 0.419444 0.071875 0.0895833
1 0.612891 0.680903 0.0234375 0.0548611
1 0.100879 0.414583 0.00839844 0.0194444
0 0.365625 0.0179633 0.0234375 0.0313477
0 0.595703 0.8625 0.021875 0.102778
1 0.363086 0.019401 0.0363281 0.0328125
1 0.616016 0.70625 0.0242187 0.075
0 0.241602 0.332986 0.0125 0.0354167
1 0.617969 0.717361 0.0226563 0.0875
3 0.11377 0.449306 0.0646484 0.0993056
1 0.241016 0.327431 0.0109375 0.0270833
1 0.239258 0.338368 0.0136719 0.0364583
1 0.239648 0.33125 0.0136719 0.0340278
1 0.359375 0.913889 0.0046875 0.00833333
1 0.239844 0.345486 0.0140625 0.0333333
0 0.239258 0.338368 0.0136719 0.0364583
1 0.237891 0.3375 0.0171875 0.0451389
0 0.363672 0.0263889 0.0394531 0.0482639
0 0.960938 0.629167 0.059375 0.0930556
1 0.37207 0.915278 0.00546875 0.00833333
1 0.617188 0.686111 0.0171875 0.0375
0 0.241016 0.328472 0.0109375 0.0291667
1 0.358594 0.913889 0.00625 0.00972222
0 0.363672 0.0343316 0.0425781 0.0642361
1 0.363672 0.0263889 0.0394531 0.0482639
0 0.370703 0.0242242 0.0242187 0.0432183
3 0.11377 0.449306 0.0648438 0.0986111
1 0.241016 0.328472 0.0101562 0.0291667
1 0.239453 0.335764 0.0132813 0.0368056
1 0.242188 0.331597 0.0113281 0.0354167
1 0.241016 0.338889 0.0140625 0.0368056
0 0.363672 0.028776 0.0390625 0.0518229
1 0.238086 0.3375 0.0164062 0.0444444
1 0.35918 0.913889 0.00507812 0.00833333
1 0.140234 0.643403 0.0128906 0.0319444
1 0.240234 0.328472 0.0125 0.0361111
1 0.239844 0.345139 0.0140625 0.0340278
0 0.239063 0.338542 0.0132813 0.0354167
0 0.960938 0.629167 0.059375 0.0930556
0 0.366406 0.0175564 0.0289063 0.0286024
1 0.363672 0.028776 0.0390625 0.0518229
0 0.365234 0.0388021 0.0460938 0.0725694
0 0.366797 0.025651 0.0304688 0.0446181
1 0.616406 0.689583 0.0195312 0.0444444
0 0.417969 0.411111 0.021875 0.0472222
0 0.371289 0.022309 0.0234375 0.0390625
0 0.370508 0.311458 0.0242187 0.0395833
0 0.241016 0.328472 0.0101562 0.0291667
1 0.368945 0.0182509 0.0222656 0.0300347
0 0.360938 0.0229601 0.0375 0.0403646
3 0.113867 0.449306 0.0644531 0.0986111
1 0.241016 0.326736 0.0101562 0.0256944
1 0.239063 0.339063 0.0132813 0.034375
1 0.239648 0.330208 0.0132813 0.0326389
1 0.242188 0.33125 0.0113281 0.0340278
1 0.241211 0.339931 0.0128906 0.0347222
1 0.237891 0.334375 0.0148437 0.0395833
1 0.140137 0.643056 0.0130859 0.0319444
1 0.239844 0.345833 0.0140625 0.0326389
0 0.960938 0.628819 0.059375 0.0923611
1 0.358984 0.913889 0.00507812 0.0111111
0 0.239063 0.339063 0.0132813 0.034375
1 0.617188 0.689583 0.01875 0.0430556
1 0.260156 0.0768229 0.0109375 0.0289931
0 0.364258 0.0265625 0.0386719 0.0486111
1 0.371875 0.915972 0.00585938 0.00972222
1 0.262695 0.0736545 0.00976562 0.028559
0 0.241016 0.328125 0.0101562 0.0284722
3 0.113892 0.449306 0.0647949 0.0993056
1 0.241211 0.327951 0.0101562 0.028125
1 0.239063 0.339583 0.0132813 0.0326389
1 0.238281 0.334201 0.0132813 0.0357639
1 0.239648 0.330035 0.0132813 0.0322917
1 0.242188 0.331076 0.0117188 0.0336806
1 0.241406 0.340278 0.0125 0.0333333
1 0.237891 0.3375 0.0164062 0.04375
1 0.140234 0.64375 0.0132813 0.0319444
1 0.358984 0.913889 0.00546875 0.0111111
0 0.417969 0.411111 0.0234375 0.0472222
1 0.239844 0.346181 0.0140625 0.0319444
0 0.960938 0.628472 0.059375 0.0916667
1 0.260547 0.0763021 0.0113281 0.0302083
1 0.371875 0.915972 0.00625 0.00972222
0 0.239063 0.339583 0.0132813 0.0326389
1 0.262109 0.0739149 0.0109375 0.0296007
0 0.363867 0.0262153 0.0386719 0.0483507
3 0.11377 0.449306 0.0646484 0.0986111
1 0.241211 0.328125 0.0101562 0.0284722
1 0.239063 0.339757 0.0132813 0.0322917
1 0.238281 0.334722 0.0128906 0.0354167
1 0.239453 0.330208 0.0132813 0.0326389
1 0.241602 0.340278 0.0121094 0.0326389
1 0.140137 0.643403 0.0132813 0.0326389
1 0.238281 0.338368 0.0164062 0.0420139
1 0.35918 0.913889 0.00546875 0.0111111
1 0.239844 0.346181 0.0140625 0.0319444
1 0.260547 0.0768229 0.0109375 0.0293403
0 0.363672 0.025651 0.0390625 0.0471354
1 0.262109 0.0740451 0.0109375 0.0296875
1 0.371875 0.915278 0.00625 0.0111111
0 0.960938 0.628125 0.059375 0.0909722
0 0.239063 0.339757 0.0132813 0.0322917
0 0.417578 0.411111 0.0242187 0.0472222
1 0.0701172 0.0163411 0.0128906 0.0326823
1 0.365625 0.915278 0.0175781 0.0111111
3 0.11377 0.449306 0.0648438 0.0986111
1 0.241211 0.327778 0.0101562 0.0277778
1 0.238867 0.339931 0.0128906 0.0319444
1 0.239648 0.33559 0.0121094 0.0315972
1 0.239453 0.330208 0.0132813 0.0319444
1 0.242188 0.330729 0.0113281 0.0329861
1 0.241797 0.340625 0.0117188 0.0319444
1 0.2375 0.333507 0.0140625 0.0364583
1 0.238281 0.338194 0.0164062 0.0416667
1 0.359375 0.914583 0.00546875 0.0111111
1 0.140234 0.64375 0.0132813 0.0319444
1 0.240625 0.327083 0.0121094 0.0333333
1 0.239844 0.346528 0.0132813 0.03125
1 0.239648 0.342361 0.0148437 0.0402778
0 0.363672 0.025651 0.0386719 0.0472222
1 0.371875 0.915972 0.00625 0.0111111
1 0.260156 0.0773872 0.0109375 0.0282118
1 0.262305 0.0736979 0.0105469 0.0289931
1 0.365625 0.915278 0.0175781 0.0111111
0 0.238867 0.339931 0.0128906 0.0319444
0 0.960938 0.627778 0.059375 0.0902778
1 0.35918 0.913889 0.00742187 0.0111111
1 0.385547 0.80625 0.00546875 0.0152778
3 0.113892 0.449306 0.0647949 0.0986111
1 0.241211 0.327778 0.0101562 0.0277778
1 0.237891 0.339063 0.0109375 0.0274306
1 0.239453 0.341319 0.0125 0.0305556
1 0.239844 0.33559 0.0117188 0.0302083
1 0.237891 0.334722 0.0125 0.0333333
1 0.239648 0.329861 0.0128906 0.0319444
1 0.242188 0.330556 0.0113281 0.0326389
1 0.241797 0.341146 0.0117188 0.0309028
1 0.359375 0.914583 0.00546875 0.0111111
1 0.238281 0.338542 0.0164062 0.0409722
1 0.140234 0.643403 0.0132813 0.0326389
1 0.239844 0.346875 0.0132813 0.0305556
0 0.363672 0.0259983 0.0382813 0.0481771
1 0.239844 0.342708 0.0148437 0.0395833
1 0.37168 0.915972 0.00664063 0.0111111
1 0.260156 0.0772135 0.0109375 0.028559
1 0.365625 0.915278 0.0175781 0.0111111
1 0.35918 0.913889 0.00742187 0.0111111
1 0.262305 0.0738281 0.0105469 0.0292535
0 0.238672 0.340278 0.0125 0.03125
0 0.960938 0.628472 0.059375 0.0902778
1 0.385547 0.806944 0.00546875 0.0138889
3 0.113892 0.449306 0.0647949 0.0986111
1 0.241211 0.327778 0.0101562 0.0277778
1 0.237695 0.339236 0.0105469 0.0270833
1 0.239453 0.341319 0.0125 0.0305556
1 0.240039 0.335417 0.0117188 0.0298611
1 0.237891 0.334896 0.0125 0.0329861
1 0.239453 0.329861 0.0125 0.03125
1 0.242188 0.330903 0.0109375 0.0326389
1 0.241797 0.341319 0.0117188 0.0305556
1 0.359375 0.914583 0.00585938 0.0111111
1 0.238086 0.338715 0.0167969 0.040625
1 0.239844 0.346441 0.0132813 0.0307292
0 0.363672 0.0262587 0.0382813 0.0488715
1 0.239648 0.342708 0.0148437 0.0395833
1 0.140234 0.643056 0.0132813 0.0319444
1 0.371484 0.915972 0.00664063 0.0111111
1 0.365625 0.915278 0.0175781 0.0111111
1 0.260156 0.0768663 0.0109375 0.0292535
1 0.359375 0.913889 0.0078125 0.0111111
0 0.238672 0.340625 0.0125 0.0305556
1 0.262109 0.0743056 0.0109375 0.0302083
0 0.960938 0.628472 0.059375 0.0902778
0 0.370703 0.0268229 0.0265625 0.0494792
0 0.362695 0.0330729 0.0445312 0.0645833
1 0.385742 0.806944 0.00507812 0.0138889
3 0.113965 0.449306 0.0648438 0.0986111
1 0.241211 0.327778 0.0101562 0.0277778
1 0.237695 0.339063 0.0105469 0.0267361
1 0.239648 0.341493 0.0125 0.0302083
1 0.240234 0.335069 0.0117188 0.0298611
1 0.237891 0.334722 0.0125 0.0326389
1 0.239453 0.329514 0.0125 0.03125
1 0.242188 0.330729 0.0109375 0.0322917
1 0.241992 0.341493 0.0113281 0.0302083
1 0.359375 0.914583 0.00585938 0.0111111
1 0.238281 0.338889 0.0171875 0.0402778
1 0.239844 0.346875 0.0132813 0.0305556
0 0.363672 0.0263021 0.0378906 0.0490451
1 0.239844 0.342708 0.0148437 0.0395833
1 0.371484 0.915278 0.00664063 0.0111111
1 0.140332 0.643403 0.0132813 0.0326389
1 0.260156 0.0767361 0.0109375 0.0295139
1 0.365625 0.915278 0.0175781 0.0111111
1 0.359375 0.913889 0.0078125 0.0111111
0 0.238672 0.340625 0.0125 0.0305556
1 0.262109 0.0743924 0.0109375 0.0303819
0 0.960938 0.628472 0.059375 0.0902778
0 0.3625 0.0323568 0.0445312 0.0634115
0 0.370508 0.0267795 0.0261719 0.0494792
1 0.367188 0.915278 0.015625 0.0138889
3 0.113867 0.449653 0.0648438 0.0993056
1 0.241406 0.327778 0.0101562 0.0277778
1 0.2375 0.339236 0.0101562 0.0263889
1 0.239648 0.342014 0.0121094 0.0298611
1 0.240234 0.335243 0.0117188 0.0288194
1 0.237891 0.334722 0.0121094 0.0326389
1 0.239453 0.32934 0.0125 0.0309028
1 0.242188 0.342014 0.0109375 0.0298611
1 0.359375 0.914583 0.00585938 0.0111111
1 0.238281 0.338889 0.0171875 0.0402778
1 0.240039 0.347222 0.0128906 0.0298611
0 0.363672 0.0262153 0.0378906 0.0489583
1 0.239648 0.343056 0.0144531 0.0388889
1 0.371484 0.915278 0.00625 0.0111111
1 0.140332 0.643403 0.0132813 0.0326389
1 0.260156 0.0767361 0.0109375 0.0295139
1 0.359375 0.913889 0.0078125 0.0111111
1 0.365625 0.915278 0.0175781 0.0111111
1 0.262109 0.0744792 0.0109375 0.0303819
0 0.238672 0.340799 0.0125 0.0302083
0 0.960938 0.628472 0.059375 0.0902778
0 0.362695 0.0318142 0.0441406 0.0625868
0 0.370703 0.0266927 0.0257812 0.0493924
0 0.367578 0.0287326 0.0328125 0.0574653
3 0.113867 0.449306 0.0650391 0.0986111
1 0.241406 0.327778 0.0101562 0.0277778
1 0.2375 0.339236 0.0101562 0.0263889
1 0.239648 0.342014 0.0121094 0.0298611
1 0.240234 0.335417 0.0117188 0.0284722
1 0.237891 0.334722 0.0117188 0.0326389
1 0.239453 0.32934 0.0125 0.0309028
1 0.242383 0.330903 0.0109375 0.0319444
1 0.242188 0.342187 0.0109375 0.0295139
1 0.359375 0.913889 0.00546875 0.0111111
1 0.238281 0.339063 0.0171875 0.0399306
1 0.240039 0.347135 0.0128906 0.0293403
0 0.363672 0.0263238 0.0375 0.0491753
1 0.371484 0.915278 0.00625 0.0111111
1 0.239648 0.343056 0.0144531 0.0388889
1 0.140332 0.643403 0.0132813 0.0326389
1 0.260156 0.0767795 0.0109375 0.0294271
1 0.365625 0.915278 0.0175781 0.0111111
0 0.238672 0.340972 0.0125 0.0298611
1 0.262109 0.0744792 0.0109375 0.0303819
0 0.960938 0.628472 0.059375 0.0902778
0 0.362891 0.0317708 0.04375 0.0624132
1 0.367773 0.915278 0.0144531 0.0125
0 0.370508 0.026671 0.0253906 0.0492622
3 0.113867 0.449306 0.0650391 0.0986111
1 0.241406 0.327951 0.0101562 0.0277778
1 0.2375 0.339236 0.0101562 0.0256944
1 0.238672 0.340972 0.0125 0.0298611
1 0.240234 0.335243 0.0109375 0.028125
1 0.237891 0.334722 0.0117188 0.0319444
1 0.240234 0.344097 0.0121094 0.0277778
1 0.239453 0.32934 0.0125 0.0309028
1 0.242383 0.330903 0.0109375 0.0319444
1 0.242188 0.342361 0.0109375 0.0291667
1 0.359375 0.913889 0.00546875 0.0111111
1 0.238281 0.339236 0.0171875 0.0395833
0 0.363477 0.0263889 0.0378906 0.0493056
1 0.371484 0.915278 0.00625 0.0111111
1 0.239453 0.343229 0.0140625 0.0385417
1 0.140332 0.643403 0.0132813 0.0326389
1 0.365625 0.915278 0.0171875 0.0111111
1 0.260156 0.0768229 0.0109375 0.0293403
0 0.238672 0.340972 0.0125 0.0298611
0 0.960938 0.628472 0.059375 0.0902778
0 0.362891 0.0315972 0.0433594 0.0619792
1 0.262109 0.0744792 0.0109375 0.0303819
1 0.363477 0.0263889 0.0378906 0.0493056
0 0.241406 0.327951 0.0101562 0.0277778
0 0.370508 0.0265625 0.025 0.0490451
3 0.113867 0.449306 0.0650391 0.0986111
1 0.241406 0.327951 0.0101562 0.0277778
1 0.237305 0.33941 0.00976562 0.0253472
1 0.238672 0.341146 0.0121094 0.0295139
1 0.240234 0.335417 0.0109375 0.0277778
1 0.240234 0.344792 0.0117188 0.0263889
1 0.237891 0.335069 0.0117188 0.03125
1 0.239453 0.329167 0.0125 0.0305556
1 0.242578 0.330729 0.0109375 0.0315972
1 0.242383 0.342708 0.0105469 0.0284722
1 0.359375 0.913889 0.00585938 0.0111111
1 0.238281 0.339757 0.0171875 0.0385417
0 0.363477 0.0266927 0.0378906 0.0500868
1 0.371484 0.915278 0.00625 0.0111111
1 0.239453 0.343229 0.0140625 0.0378472
1 0.365625 0.915278 0.0175781 0.0111111
1 0.140332 0.643056 0.0132813 0.0319444
1 0.260156 0.0769097 0.0109375 0.0291667
0 0.238672 0.341146 0.0121094 0.0295139
0 0.960938 0.628472 0.059375 0.0902778
1 0.261914 0.0746094 0.0113281 0.0304688
0 0.241406 0.327951 0.0101562 0.0277778
1 0.363477 0.0266927 0.0378906 0.0500868
3 0.113843 0.449306 0.0648926 0.0986111
1 0.241406 0.327951 0.0101562 0.0277778
1 0.237109 0.339583 0.009375 0.025
1 0.238672 0.341319 0.0121094 0.0291667
1 0.240234 0.335417 0.0109375 0.0270833
1 0.240234 0.345139 0.0117188 0.0263889
1 0.237891 0.335069 0.0117188 0.03125
1 0.239453 0.329167 0.0125 0.0305556
1 0.242383 0.330903 0.0105469 0.03125
1 0.242578 0.343056 0.0101562 0.0284722
1 0.359375 0.914583 0.00585938 0.0111111
1 0.236328 0.336979 0.0117188 0.0288194
1 0.238281 0.340278 0.0171875 0.0375
0 0.363672 0.0268663 0.0375 0.050434
1 0.371484 0.915972 0.00664063 0.0111111
1 0.359375 0.913889 0.0078125 0.0111111
1 0.365625 0.915278 0.0175781 0.0111111
1 0.260156 0.0769531 0.0109375 0.0290799
1 0.140332 0.643056 0.0132813 0.0319444
0 0.238672 0.341319 0.0121094 0.0291667
1 0.261914 0.0746962 0.0113281 0.0306424
0 0.362891 0.0324436 0.0429688 0.0635851
0 0.960938 0.628819 0.059375 0.0909722
0 0.241406 0.327951 0.0101562 0.0277778
1 0.363672 0.0268663 0.0375 0.050434
3 0.113843 0.449306 0.0648926 0.0986111
1 0.241211 0.327951 0.00976562 0.0277778
1 0.237109 0.339583 0.009375 0.025
1 0.238672 0.341319 0.0117188 0.0291667
1 0.240234 0.335764 0.0109375 0.0263889
1 0.24043 0.345486 0.0117188 0.0256944
1 0.237695 0.334896 0.0117188 0.0309028
1 0.239453 0.329167 0.0125 0.0305556
1 0.242383 0.330903 0.0105469 0.03125
1 0.242578 0.343403 0.0101562 0.0277778
1 0.359375 0.914583 0.00585938 0.0111111
1 0.236328 0.337153 0.0117188 0.0277778
1 0.238086 0.340625 0.0167969 0.0368056
1 0.371484 0.915972 0.00703125 0.0111111
0 0.363672 0.0269965 0.0375 0.0505208
1 0.365625 0.915278 0.0175781 0.0125
1 0.260156 0.0770833 0.0109375 0.0289931
1 0.140332 0.643056 0.0132813 0.0319444
0 0.960938 0.629167 0.059375 0.0916667
0 0.238672 0.341319 0.0117188 0.0291667
1 0.261914 0.0747396 0.0113281 0.0307292
0 0.362891 0.0329644 0.0433594 0.0646267
3 0.113843 0.449306 0.0648926 0.0986111
1 0.241211 0.327951 0.00976562 0.0277778
1 0.237109 0.339931 0.009375 0.025
1 0.238672 0.341493 0.0117188 0.0288194
1 0.240234 0.335938 0.0109375 0.0260417
1 0.24043 0.345486 0.0117188 0.0256944
1 0.237891 0.335069 0.0117188 0.03125
1 0.239453 0.329167 0.0125 0.0305556
1 0.242383 0.330903 0.0105469 0.03125
1 0.242578 0.343403 0.0101562 0.0277778
1 0.359375 0.914583 0.00625 0.0111111
1 0.238086 0.340972 0.0167969 0.0361111
1 0.371484 0.915972 0.00703125 0.0111111
0 0.364062 0.0269965 0.0367187 0.0505208
1 0.365625 0.915278 0.0179687 0.0125
1 0.260156 0.0773003 0.0109375 0.028559
0 0.960938 0.629167 0.059375 0.0916667
1 0.140234 0.643056 0.0132813 0.0319444
0 0.238672 0.341493 0.0117188 0.0288194
1 0.263086 0.0734809 0.009375 0.0290799
3 0.113843 0.449306 0.0648926 0.0986111
1 0.241211 0.328125 0.00976562 0.0277778
1 0.237109 0.340104 0.009375 0.0253472
1 0.238477 0.341667 0.0117188 0.0284722
1 0.240234 0.335938 0.0109375 0.0260417
1 0.24043 0.345486 0.0117188 0.0256944
1 0.237695 0.335243 0.0117188 0.0309028
1 0.239453 0.329167 0.0125 0.0305556
1 0.242578 0.330903 0.0101562 0.03125
1 0.242578 0.343403 0.0101562 0.0277778
1 0.359375 0.914583 0.00625 0.0111111
1 0.235938 0.338194 0.0109375 0.0263889
1 0.238086 0.341319 0.0167969 0.0354167
1 0.371484 0.915972 0.00703125 0.0111111
0 0.364062 0.0271918 0.0367187 0.0508247
1 0.365625 0.915278 0.0179687 0.0125
0 0.960938 0.629167 0.059375 0.0916667
1 0.260156 0.0774306 0.0109375 0.0284722
1 0.263086 0.0735243 0.009375 0.0291667
1 0.140234 0.643056 0.0132813 0.0319444
0 0.238477 0.341667 0.0117188 0.0284722
3 0.113843 0.449306 0.0648926 0.0986111
1 0.241211 0.328125 0.00976562 0.0277778
1 0.237109 0.340278 0.009375 0.025
1 0.238477 0.341667 0.0117188 0.0284722
1 0.240234 0.336111 0.0109375 0.0256944
1 0.240625 0.345486 0.0117188 0.0256944
1 0.237695 0.33559 0.0117188 0.0309028
1 0.239453 0.329167 0.0125 0.0305556
1 0.242578 0.330903 0.0101562 0.03125
1 0.242578 0.343403 0.0101562 0.0277778
1 0.359375 0.914583 0.00585938 0.0111111
1 0.235938 0.338542 0.0109375 0.0263889
1 0.238086 0.341667 0.0167969 0.0347222
1 0.371484 0.915972 0.00664063 0.0111111
0 0.364453 0.0273003 0.0359375 0.0509549
1 0.36543 0.915278 0.0175781 0.0125
0 0.960938 0.629167 0.059375 0.0916667
1 0.259961 0.0777995 0.0105469 0.0277344
1 0.263281 0.0734809 0.009375 0.0290799
0 0.238477 0.341667 0.0117188 0.0284722
1 0.140234 0.643056 0.0132813 0.0319444
3 0.113965 0.449306 0.0648438 0.0986111
1 0.241211 0.328125 0.00976562 0.0277778
1 0.237109 0.340278 0.009375 0.025
1 0.238477 0.341667 0.0117188 0.0284722
1 0.240234 0.336111 0.0109375 0.0256944
1 0.240625 0.345486 0.0117188 0.0256944
1 0.237695 0.335764 0.0117188 0.0305556
1 0.239453 0.329167 0.0125 0.0305556
1 0.242578 0.330903 0.0101562 0.03125
1 0.242578 0.343229 0.0101562 0.028125
1 0.359375 0.913889 0.00585938 0.0111111
1 0.235938 0.338542 0.0109375 0.0263889
1 0.237891 0.341667 0.0164062 0.0347222
1 0.371484 0.916667 0.00625 0.0111111
0 0.364648 0.0273872 0.0355469 0.0511285
1 0.36543 0.915278 0.0175781 0.0111111
0 0.960938 0.629167 0.059375 0.0916667
1 0.259766 0.078125 0.0101562 0.0272569
1 0.368359 0.915278 0.0132813 0.0125
1 0.263281 0.0734375 0.00898437 0.0288194
0 0.238477 0.341667 0.0117188 0.0284722
1 0.140234 0.643056 0.0132813 0.0319444
3 0.113965 0.449306 0.0648438 0.0986111
1 0.241211 0.328125 0.00976562 0.0277778
1 0.237109 0.340451 0.009375 0.0253472
1 0.238477 0.341667 0.0117188 0.0284722
1 0.240234 0.336111 0.0109375 0.0256944
1 0.240625 0.345486 0.0117188 0.0256944
1 0.237695 0.335764 0.0117188 0.0305556
1 0.239453 0.329167 0.0125 0.0305556
1 0.242578 0.330729 0.0101562 0.0309028
1 0.242383 0.343056 0.0105469 0.0284722
1 0.359375 0.913889 0.00585938 0.0111111
1 0.237891 0.342014 0.0164062 0.0340278
1 0.371484 0.916667 0.00625 0.0111111
1 0.365234 0.915278 0.0171875 0.0111111
0 0.364844 0.0275825 0.0351562 0.0514323
0 0.960938 0.629167 0.059375 0.0916667
1 0.259766 0.0783854 0.0101562 0.0267361
1 0.368359 0.915278 0.0132813 0.0125
0 0.238477 0.341667 0.0117188 0.0284722
1 0.263281 0.0733073 0.00859375 0.0287326
3 0.113965 0.449653 0.0648438 0.0986111
1 0.241211 0.328125 0.00976562 0.0277778
1 0.237305 0.340451 0.00976562 0.0253472
1 0.239453 0.342708 0.0117188 0.0298611
1 0.240234 0.336111 0.0109375 0.0256944
1 0.239453 0.329167 0.0125 0.0305556
1 0.237891 0.336111 0.0117188 0.0305556
1 0.242383 0.330729 0.0105469 0.0309028
1 0.359375 0.913889 0.00585938 0.0111111
1 0.242383 0.343056 0.0105469 0.0284722
1 0.237891 0.342187 0.0164062 0.0336806
1 0.37168 0.916667 0.00625 0.0111111
1 0.239844 0.347569 0.0125 0.0291667
1 0.365234 0.915278 0.0171875 0.0111111
0 0.365234 0.027691 0.034375 0.0515625
0 0.960938 0.629167 0.059375 0.0923611
1 0.36875 0.915278 0.0125 0.0125
1 0.259766 0.078559 0.0101562 0.0263889
0 0.238477 0.342014 0.0117188 0.0284722
1 0.263477 0.0733507 0.00859375 0.0288194
3 0.113965 0.449653 0.0648438 0.0986111
1 0.241211 0.328125 0.00976562 0.0277778
1 0.2375 0.340625 0.0101562 0.0256944
1 0.239453 0.342882 0.0117188 0.0302083
1 0.240234 0.336458 0.0109375 0.025
1 0.239453 0.329167 0.0125 0.0305556
1 0.237891 0.336111 0.0117188 0.0305556
1 0.242383 0.330903 0.0105469 0.0305556
1 0.359375 0.913889 0.00585938 0.0111111
1 0.242383 0.343056 0.0105469 0.0284722
1 0.235938 0.339236 0.0109375 0.0256944
1 0.237891 0.342361 0.0164062 0.0333333
1 0.37168 0.916667 0.00625 0.0111111
1 0.239844 0.347569 0.0121094 0.0291667
1 0.365234 0.915278 0.0171875 0.0111111
0 0.36543 0.0276042 0.0335938 0.0513021
0 0.960938 0.629167 0.059375 0.0923611
1 0.368945 0.915278 0.0121094 0.0125
1 0.259766 0.0787326 0.0101562 0.0260417
0 0.238477 0.342014 0.0117188 0.0284722
1 0.616797 0.688194 0.0171875 0.0430556
1 0.263477 0.0734375 0.00859375 0.0288194
3 0.113965 0.449653 0.0648438 0.0986111
1 0.241211 0.328125 0.00976562 0.0277778
1 0.2375 0.340625 0.0101562 0.0256944
1 0.239453 0.342708 0.0117188 0.0298611
1 0.240234 0.336458 0.0109375 0.025
1 0.239453 0.329167 0.0125 0.0305556
1 0.237891 0.336111 0.0117188 0.0305556
1 0.242383 0.330903 0.0105469 0.0305556
1 0.359375 0.913889 0.00585938 0.0111111
1 0.242188 0.343056 0.0109375 0.0284722
1 0.235938 0.339236 0.0109375 0.0256944
1 0.237891 0.342361 0.0164062 0.0333333
1 0.37168 0.916667 0.00625 0.0111111
1 0.239844 0.347569 0.0125 0.0291667
1 0.365234 0.915278 0.0171875 0.0111111
0 0.36543 0.0276259 0.0335938 0.0513455
0 0.960938 0.629167 0.059375 0.0916667
1 0.368945 0.915278 0.0121094 0.0125
1 0.259766 0.0787326 0.0101562 0.0260417
0 0.238477 0.342014 0.0117188 0.0284722
1 0.616797 0.688194 0.0171875 0.0430556
1 0.263672 0.0734375 0.00859375 0.0288194
