1 0.5 0.097309 0.009375 0.0223958
1 0.5 0.096875 0.0101562 0.0246528
1 0.5 0.0965278 0.0101562 0.0256944
0 0.499219 0.0894314 0.01875 0.0357205
0 0.499219 0.0889757 0.0203125 0.0373264
0 0.498828 0.0889757 0.0203125 0.0373264
0 0.499219 0.0888889 0.0203125 0.0375
1 0.5 0.0958333 0.0109375 0.0267361
1 0.5 0.0958333 0.0109375 0.0267361
1 0.501562 0.103646 0.015625 0.04375
1 0.501562 0.103733 0.015625 0.0449653
1 0.5 0.094184 0.0164062 0.0397569
1 0.501562 0.103646 0.015625 0.0454861
1 0.5 0.094184 0.0171875 0.0404514
1 0.501562 0.103646 0.0171875 0.0458333
1 0.5 0.0940972 0.0171875 0.0411458
1 0.501562 0.103646 0.0171875 0.0461806
1 0.5 0.0940755 0.0171875 0.0417101
1 0.501562 0.103646 0.0171875 0.0461806
1 0.5 0.0940972 0.0171875 0.0418403
