3 0.669531 0.586806 0.0671875 0.111111
1 0.751562 0.0184408 0.009375 0.027181
1 0.39375 0.0358073 0.00859375 0.019184
1 0.394922 0.0361979 0.00625 0.0181424
1 0.773047 0.107118 0.00625 0.00902778
1 0.390527 0.0361111 0.0142578 0.01875
0 0.271094 0.449306 0.0507812 0.0902778
1 0.389062 0.0383681 0.0117188 0.0138021
1 0.684375 0.110417 0.0046875 0.0116319
1 0.290625 0.463194 0.00976562 0.01875
1 0.770703 0.0965278 0.0046875 0.00885417
1 0.785156 0.142535 0.0078125 0.0107639
1 0.810156 0.0304688 0.0046875 0.00876736
1 0.726562 0.105903 0.0046875 0.00694444
1 0.678906 0.0979167 0.00390625 0.0104167
1 0.771875 0.107639 0.0078125 0.0104167
0 0.751172 0.018099 0.0101562 0.028559
1 0.271094 0.449306 0.0507812 0.0902778
1 0.257422 0.622222 0.009375 0.0194444
1 0.260742 0.79375 0.00585938 0.0125
0 0.2625 0.443056 0.0695312 0.108333
1 0.753516 0.0179742 0.0140625 0.0298503
1 0.929688 0.950694 0.0109375 0.0222222
1 0.7875 0.142274 0.0078125 0.0118056
0 0.290625 0.463194 0.00976562 0.01875
1 0.0319824 0.0515625 0.00849609 0.0185764
2 0.669531 0.587153 0.0671875 0.111111
1 0.774219 0.106597 0.0078125 0.00902778
1 0.772656 0.103906 0.00625 0.0116319
3 0.669531 0.586806 0.0671875 0.111806
1 0.751562 0.0177951 0.0101562 0.0287326
1 0.772656 0.106944 0.00703125 0.0100694
1 0.391797 0.0360677 0.0132813 0.0200521
1 0.771484 0.106771 0.0078125 0.0125
1 0.394141 0.0365885 0.0078125 0.0188368
1 0.770703 0.0973958 0.00546875 0.0104167
0 0.268359 0.440625 0.0570313 0.109722
1 0.785547 0.142014 0.00859375 0.0114583
1 0.257617 0.622222 0.00898437 0.0194444
1 0.389062 0.0389323 0.0117188 0.0139757
1 0.771875 0.104687 0.0078125 0.0152778
0 0.258984 0.432639 0.0765625 0.127778
1 0.726562 0.106424 0.00625 0.00694444
1 0.392969 0.0374891 0.009375 0.016862
1 0.772266 0.110069 0.0078125 0.0154514
0 0.751562 0.0176432 0.0109375 0.0299913
1 0.809375 0.0307292 0.00625 0.00972222
0 0.271875 0.450694 0.0484375 0.0902778
1 0.684375 0.111979 0.0046875 0.0111111
1 0.774219 0.10651 0.009375 0.0104167
1 0.753906 0.0175564 0.0140625 0.0307726
1 0.786719 0.14184 0.009375 0.0131944
1 0.678906 0.0979167 0.00390625 0.0100694
1 0.798437 0.109375 0.00625 0.0100694
0 0.241846 0.431944 0.113184 0.136111
1 0.770312 0.104861 0.0109375 0.0173611
1 0.797656 0.111979 0.00625 0.0121528
1 0.801562 0.108507 0.0078125 0.00868056
1 0.744922 0.936111 0.0210938 0.0388889
1 0.641406 0.123785 0.0046875 0.0111111
1 0.29082 0.4625 0.0101562 0.0222222
1 0.260547 0.793056 0.00546875 0.0138889
0 0 0.945139 0 0.109722
1 0.683594 0.111979 0.00625 0.00972222
1 0.591406 0.00450304 0.00625 0.00900608
1 0.725 0.104601 0.009375 0.0105903
1 0.390234 0.0400608 0.015625 0.0248264
0 0.257617 0.622222 0.00898437 0.0194444
1 0.929688 0.951389 0.0125 0.0277778
1 0.76875 0.0983507 0.009375 0.0151042
1 0.752734 0.0172743 0.0164062 0.0345486
1 0.794531 0.111458 0.00625 0.00850694
1 0.749219 0.0177083 0.0140625 0.0309896
1 0.803125 0.0269965 0.00625 0.00842014
0 0 0.925 0 0.113889
3 0.669922 0.586806 0.0671875 0.111111
1 0.751562 0.0172743 0.009375 0.0294271
0 0.269922 0.447917 0.0539063 0.0958333
1 0.772656 0.107118 0.00625 0.00972222
0 0.257227 0.433333 0.0800781 0.126389
0 0.751562 0.0168403 0.0109375 0.0301649
1 0.684375 0.112326 0.0046875 0.0107639
1 0.726172 0.106684 0.00703125 0.00763889
1 0.785547 0.142708 0.00859375 0.0107639
0 0.229687 0.431597 0.1375 0.1375
1 0.771875 0.106684 0.0078125 0.0126736
1 0.392188 0.0358507 0.0117188 0.0198785
1 0.771094 0.0980903 0.00546875 0.0118056
1 0.39375 0.0368056 0.00859375 0.0179687
1 0.257422 0.622917 0.00820312 0.0166667
1 0.390527 0.0368924 0.0142578 0.0171875
1 0.678906 0.0981771 0.0046875 0.0104167
1 0.753906 0.0172526 0.0140625 0.0308594
1 0.641406 0.124306 0.0046875 0.0118056
1 0.260547 0.79375 0.00546875 0.0125
1 0.291016 0.463194 0.009375 0.0194444
1 0.771875 0.105035 0.00859375 0.0170139
1 0.810156 0.0308594 0.00625 0.0104167
1 0.774219 0.106944 0.009375 0.00972222
0 0.726172 0.106684 0.00703125 0.00763889
1 0.29043 0.465972 0.0109375 0.0277778
1 0.729297 0.136458 0.00546875 0.00902778
1 0.786719 0.142882 0.009375 0.0121528
0 0.691406 0.919444 0.129688 0.0861111
1 0.388184 0.0394965 0.0111328 0.0125
1 0.651172 0.545833 0.009375 0.0194444
1 0.772266 0.110156 0.00703125 0.0154514
0 0.646094 0.925694 0.232812 0.104167
1 0.541406 0.269792 0.0046875 0.0118056
1 0.351758 0.658681 0.00585938 0.0104167
1 0.929688 0.950694 0.0125 0.0236111
1 0.724609 0.106076 0.0101562 0.0104167
3 0.669531 0.586111 0.0671875 0.111111
1 0.751562 0.0170193 0.009375 0.029503
1 0.785547 0.142708 0.00859375 0.0111111
1 0.772656 0.106858 0.00625 0.0102431
1 0.786719 0.142882 0.009375 0.0125
0 0.26875 0.447917 0.05625 0.0972222
1 0.257812 0.623611 0.00859375 0.0180556
1 0.290625 0.463889 0.009375 0.0166667
1 0.726562 0.106597 0.00625 0.00798611
1 0.771875 0.106424 0.00859375 0.0128472
1 0.391406 0.0357639 0.0132813 0.0193576
1 0.684375 0.112326 0.00546875 0.0118056
1 0.771094 0.0989583 0.00625 0.0138889
0 0.751562 0.0169488 0.0101562 0.0273003
1 0.753906 0.0162001 0.0148437 0.0324002
0 0.260547 0.436458 0.0730469 0.121528
1 0.389844 0.0390191 0.0132813 0.0131944
1 0.351562 0.659028 0.00625 0.0111111
3 0.871875 0.0590278 0.25625 0.118056
1 0.774219 0.106771 0.009375 0.0102431
1 0.2875 0.467361 0.0160156 0.0388889
1 0.724219 0.105208 0.009375 0.0114583
1 0.771875 0.104514 0.009375 0.0170139
1 0.260742 0.79375 0.00585938 0.0138889
0 0.236719 0.434028 0.120312 0.131944
1 0.292188 0.462847 0.0125 0.0236111
0 0.675781 0.922917 0.159375 0.0944444
1 0.798437 0.109375 0.00625 0.0104167
0 0.703516 0.919444 0.103906 0.0888889
1 0.744531 0.936111 0.0203125 0.0388889
1 0.771875 0.109809 0.0078125 0.0157986
1 0.678906 0.0979167 0.0046875 0.0112847
1 0.722656 0.096875 0.0046875 0.00972222
0 0.290625 0.463889 0.009375 0.0166667
1 0.641406 0.123438 0.00546875 0.0142361
1 0.0325439 0.0538194 0.010498 0.0217014
1 0.640625 0.12066 0.00625 0.0163194
1 0.291016 0.457639 0.0125 0.0305556
3 0.669531 0.586806 0.0671875 0.111111
1 0.751172 0.0176866 0.009375 0.028559
1 0.772656 0.107118 0.00625 0.009375
1 0.785547 0.142795 0.00859375 0.0109375
0 0.270117 0.447222 0.0539063 0.0972222
0 0.525781 0.195139 0.015625 0.0291667
1 0.771875 0.107118 0.0078125 0.0112847
1 0.257812 0.623958 0.00859375 0.0180556
1 0.786719 0.143056 0.009375 0.0121528
1 0.726172 0.106597 0.00703125 0.00729167
1 0.744531 0.936111 0.021875 0.0388889
1 0.771094 0.0991319 0.00625 0.0131944
0 0.261719 0.438889 0.0710938 0.116667
0 0.751562 0.0175727 0.009375 0.0262261
1 0.291016 0.463194 0.009375 0.0166667
1 0.684375 0.112153 0.00546875 0.0118056
1 0.771875 0.110503 0.0078125 0.0147569
1 0.809375 0.0308811 0.00625 0.0103733
1 0.774219 0.107292 0.009375 0.00902778
0 0.703125 0.919444 0.10625 0.0888889
1 0.798437 0.109115 0.00625 0.00954861
0 0.664844 0.924306 0.184375 0.101389
1 0.260547 0.794444 0.00625 0.0138889
0 0.250391 0.434028 0.0945313 0.127778
1 0.363477 0.603125 0.00625 0.0111111
1 0.724219 0.105556 0.009375 0.0104167
1 0.0740723 0.160069 0.00751953 0.015625
1 0.754297 0.0164062 0.015625 0.0328125
0 0.227295 0.434722 0.139941 0.129167
1 0.929688 0.951389 0.009375 0.0222222
1 0.414844 0.373264 0.0078125 0.0125
1 0.292188 0.461806 0.0125 0.025
1 0.351562 0.659028 0.00625 0.0111111
1 0.392188 0.0357639 0.0117188 0.0197049
1 0.769531 0.104861 0.0125 0.0173611
1 0.795313 0.111285 0.00625 0.00833333
1 0.796875 0.112153 0.00625 0.0123264
1 0.771875 0.104948 0.00859375 0.0157986
1 0.0326172 0.0533854 0.0102539 0.0213542
0 0.522266 0.201736 0.0171875 0.0277778
1 0.801562 0.108681 0.0078125 0.00868056
1 0.389746 0.037717 0.0142578 0.0159722
3 0.880078 0.0548611 0.239844 0.109722
3 0.669922 0.586806 0.0664062 0.111111
1 0.751562 0.0173557 0.009375 0.0287435
1 0.772266 0.106771 0.00703125 0.00972222
1 0.785547 0.142708 0.00859375 0.0111111
1 0.771875 0.10625 0.00859375 0.0130208
1 0.290625 0.463889 0.009375 0.0152778
1 0.786719 0.142795 0.009375 0.0125
0 0.270508 0.448264 0.0527344 0.0951389
1 0.683984 0.112326 0.0046875 0.0107639
1 0.771094 0.0996528 0.00625 0.0145833
0 0.751562 0.0168186 0.009375 0.0299045
1 0.726562 0.10625 0.00625 0.00763889
1 0.257617 0.624306 0.0078125 0.0166667
1 0.809375 0.0308594 0.00625 0.0103299
1 0.684375 0.110677 0.0046875 0.0119792
1 0.773828 0.106771 0.0101562 0.009375
1 0.394531 0.0357205 0.0078125 0.0193576
1 0.771875 0.109983 0.0078125 0.0159722
1 0.292188 0.462847 0.0125 0.0229167
0 0.260938 0.4375 0.071875 0.117361
1 0.288281 0.464583 0.0148437 0.0347222
1 0.744922 0.935417 0.0203125 0.0375
1 0.798437 0.109375 0.00625 0.0100694
1 0.753906 0.017627 0.0148437 0.0305447
3 0.873047 0.0580729 0.253906 0.116146
1 0.683594 0.112326 0.00625 0.009375
1 0.257031 0.622222 0.00859375 0.01875
1 0.678516 0.0980903 0.00390625 0.00989583
1 0.724219 0.105035 0.009375 0.0111111
1 0.769922 0.103472 0.0125 0.0189236
1 0.804688 0.0295139 0.009375 0.0111111
0 0.232812 0.435069 0.128906 0.130556
1 0.415234 0.372917 0.0078125 0.0111111
1 0.591406 0.00438368 0.00625 0.00815972
1 0.796875 0.112153 0.00625 0.0125
1 0.363281 0.603125 0.00625 0.00972222
1 0.722656 0.096875 0.0046875 0.00972222
1 0.752734 0.0172309 0.0148437 0.0344618
1 0.390234 0.0375434 0.0148437 0.0163194
0 0.290625 0.463889 0.009375 0.0152778
1 0.801562 0.108681 0.0078125 0.00868056
1 0.795313 0.111198 0.00625 0.00833333
1 0.351562 0.659028 0.00625 0.0111111
1 0.640625 0.123958 0.0046875 0.0121528
0 0.525 0.196181 0.0171875 0.0309028
1 0.929688 0.951389 0.009375 0.0222222
3 0.669531 0.586806 0.0671875 0.111111
1 0.751562 0.0172689 0.009375 0.0290039
1 0.772266 0.106597 0.00703125 0.0100694
1 0.785547 0.142708 0.00859375 0.0111111
0 0.270703 0.45 0.0511719 0.0916667
1 0.786719 0.142708 0.009375 0.0126736
1 0.771094 0.0993056 0.00625 0.0142361
1 0.683984 0.112326 0.0046875 0.0109375
1 0.257617 0.623958 0.0078125 0.0166667
1 0.291016 0.463889 0.009375 0.0152778
1 0.726562 0.10625 0.00625 0.00763889
1 0.809375 0.0309028 0.00625 0.0105903
0 0.751562 0.0167101 0.009375 0.0296441
1 0.744922 0.936111 0.0203125 0.0388889
1 0.771875 0.10408 0.0078125 0.0171875
0 0.525781 0.194097 0.015625 0.0270833
0 0.263672 0.438889 0.0660156 0.113889
1 0.684375 0.110677 0.0046875 0.0121528
1 0.774219 0.106597 0.009375 0.00972222
1 0.256836 0.622222 0.00859375 0.01875
1 0.771875 0.109896 0.0078125 0.0159722
1 0.591406 0.00449219 0.00625 0.00833333
1 0.804688 0.0291667 0.009375 0.0105035
1 0.769531 0.103125 0.0125 0.0190972
1 0.798437 0.109201 0.00625 0.00989583
1 0.394531 0.0357205 0.0078125 0.0196181
1 0.753906 0.017513 0.0148437 0.030599
1 0.722656 0.0965278 0.0046875 0.00972222
1 0.724219 0.104687 0.009375 0.0118056
1 0.260742 0.794444 0.00585938 0.0138889
1 0.351562 0.659028 0.00625 0.0111111
1 0.292188 0.4625 0.0125 0.0236111
1 0.807813 0.034592 0.009375 0.0169271
1 0.929688 0.951389 0.009375 0.0222222
1 0.683203 0.112413 0.00546875 0.00972222
1 0.678516 0.0980903 0.00390625 0.0100694
0 0.235742 0.429167 0.125391 0.144444
0 0.700781 0.919444 0.1125 0.0875
1 0.801562 0.108507 0.0078125 0.00868056
1 0.853125 0.794444 0.0078125 0.0138889
1 0.796875 0.111979 0.00625 0.0125
1 0.795313 0.111111 0.00625 0.00833333
1 0.415234 0.372917 0.00703125 0.0111111
0 0.929688 0.951389 0.009375 0.0222222
1 0.76875 0.100347 0.0125 0.0190972
0 0.291016 0.463889 0.009375 0.0152778
0 0.652344 0.926389 0.2125 0.102778
3 0.669531 0.586806 0.0671875 0.111111
1 0.751562 0.0173123 0.009375 0.0290907
1 0.772266 0.106424 0.00703125 0.0100694
1 0.785547 0.142708 0.00859375 0.0114583
0 0.270117 0.45 0.0527344 0.0930556
1 0.771875 0.10625 0.0078125 0.0130208
1 0.786719 0.142708 0.009375 0.0128472
1 0.771094 0.0993056 0.00625 0.0142361
1 0.683984 0.11224 0.0046875 0.0112847
0 0.751562 0.0167752 0.009375 0.0298177
1 0.726562 0.10625 0.00625 0.00763889
0 0.2625 0.434722 0.06875 0.123611
1 0.808594 0.0312066 0.0078125 0.0112847
1 0.257422 0.622917 0.00859375 0.0166667
1 0.744922 0.936111 0.0210938 0.0388889
1 0.771484 0.103993 0.00859375 0.0173611
1 0.29082 0.463889 0.009375 0.0152778
1 0.774219 0.106424 0.009375 0.00989583
0 0.234375 0.427431 0.128906 0.146528
1 0.771875 0.109896 0.0078125 0.0163194
1 0.683203 0.112413 0.00625 0.00989583
1 0.769922 0.103125 0.0117188 0.0190972
1 0.804688 0.029796 0.009375 0.0116753
1 0.722266 0.0967014 0.0046875 0.0100694
1 0.678906 0.0981771 0.00390625 0.0102431
1 0.394531 0.0357205 0.0078125 0.0198785
1 0.798437 0.109201 0.00625 0.0100694
1 0.641016 0.123785 0.00546875 0.0128472
1 0.724219 0.104687 0.009375 0.0121528
1 0.753906 0.0175293 0.0148437 0.0308268
1 0.639844 0.119965 0.00625 0.0159722
1 0.591406 0.00456814 0.00625 0.00857205
0 0.697266 0.919444 0.120312 0.0916667
3 0.87168 0.0565104 0.250391 0.113021
0 0.669141 0.927778 0.285156 0.108333
1 0.807031 0.034592 0.0109375 0.0174479
1 0.351562 0.659028 0.00625 0.0111111
1 0.363477 0.603125 0.00625 0.0111111
1 0.795313 0.111198 0.00625 0.00833333
1 0.796875 0.112066 0.00625 0.0126736
1 0.769141 0.100521 0.0117188 0.0192708
1 0.929688 0.951389 0.009375 0.0222222
3 0.669531 0.586806 0.0671875 0.111111
1 0.751562 0.0173828 0.009375 0.0290365
1 0.772266 0.10625 0.00703125 0.0100694
1 0.785547 0.142708 0.00859375 0.0112847
0 0.269531 0.448611 0.0539063 0.0958333
1 0.786719 0.142708 0.009375 0.0128472
1 0.771094 0.0993056 0.00625 0.0142361
1 0.683984 0.112326 0.0046875 0.0114583
0 0.751562 0.0168186 0.009375 0.0298177
1 0.726562 0.106163 0.00625 0.0078125
0 0.263281 0.435417 0.0671875 0.122222
1 0.808594 0.0312283 0.0078125 0.0112413
1 0.744922 0.936111 0.0210938 0.0388889
1 0.257422 0.622917 0.00859375 0.0173611
1 0.771484 0.103993 0.00859375 0.0166667
0 0.238086 0.429167 0.121484 0.143056
1 0.798437 0.109115 0.00625 0.0100694
1 0.774219 0.10625 0.009375 0.0100694
1 0.771875 0.109722 0.0078125 0.0163194
1 0.683203 0.1125 0.00625 0.0100694
1 0.769922 0.103299 0.0117188 0.0190972
1 0.394531 0.0356337 0.00703125 0.0200521
1 0.678906 0.0980903 0.00390625 0.0100694
1 0.722656 0.0967014 0.0046875 0.0104167
1 0.291016 0.463542 0.009375 0.0159722
1 0.753906 0.0175781 0.015625 0.030816
1 0.804688 0.0297743 0.009375 0.0116319
0 0.7 0.920833 0.115625 0.0944444
1 0.724219 0.104687 0.009375 0.0121528
1 0.641016 0.123698 0.00546875 0.0130208
1 0.929688 0.952083 0.0109375 0.025
1 0.795313 0.111111 0.00625 0.00850694
1 0.639844 0.119878 0.00703125 0.0161458
1 0.796875 0.112153 0.00625 0.0125
1 0.801562 0.108507 0.0078125 0.00868056
1 0.807813 0.0346354 0.009375 0.0172743
1 0.591406 0.00457899 0.00625 0.00859375
0 0.6625 0.927778 0.267188 0.105556
3 0.669531 0.586806 0.0671875 0.111111
1 0.751172 0.0171929 0.009375 0.0293294
1 0.772266 0.10625 0.00703125 0.0100694
1 0.785547 0.142708 0.00859375 0.0112847
0 0.270312 0.449653 0.053125 0.09375
1 0.771875 0.106163 0.00859375 0.0131944
0 0.751562 0.0168403 0.009375 0.0298611
1 0.786719 0.142708 0.009375 0.0128472
1 0.771094 0.0994792 0.00625 0.0144097
1 0.683984 0.112153 0.0046875 0.0111111
1 0.726562 0.106076 0.00625 0.00798611
0 0.263672 0.436806 0.0671875 0.119444
1 0.808594 0.0314236 0.0078125 0.0116319
1 0.291016 0.463889 0.009375 0.0159722
1 0.257422 0.622917 0.00859375 0.0173611
1 0.771875 0.103993 0.0078125 0.0166667
1 0.744922 0.936111 0.0210938 0.0388889
1 0.798437 0.109028 0.00625 0.0100694
1 0.774219 0.10625 0.009375 0.0100694
1 0.394531 0.0356337 0.00703125 0.0200521
1 0.753906 0.017513 0.0148437 0.030599
1 0.683203 0.112413 0.00625 0.00989583
1 0.678906 0.0980903 0.00390625 0.0100694
0 0.239893 0.430903 0.117871 0.140278
1 0.769922 0.103299 0.0117188 0.0189236
0 0.703906 0.920833 0.10625 0.0916667
1 0.771875 0.109722 0.0078125 0.0164931
1 0.804688 0.0303819 0.009375 0.0126736
1 0.929688 0.952083 0.0109375 0.025
1 0.795313 0.111111 0.00625 0.00850694
1 0.722656 0.0969618 0.0046875 0.0105903
0 0.664844 0.930556 0.186719 0.111111
1 0.796875 0.112153 0.00625 0.0125
1 0.801562 0.10842 0.0078125 0.00850694
1 0.724219 0.104687 0.009375 0.0125
3 0.86875 0.062934 0.257812 0.125868
1 0.640625 0.123524 0.0046875 0.0130208
1 0.639844 0.119705 0.00703125 0.0159722
1 0.807031 0.034592 0.0109375 0.0173611
3 0.669531 0.586806 0.0671875 0.111111
1 0.751172 0.0171387 0.009375 0.0293511
1 0.772656 0.10625 0.00625 0.0100694
1 0.785547 0.142708 0.00859375 0.0114583
0 0.270312 0.45 0.0527344 0.0930556
0 0.751562 0.0168403 0.009375 0.0299045
1 0.771875 0.10625 0.0078125 0.0131944
1 0.786719 0.142708 0.009375 0.0128472
1 0.771094 0.0994792 0.00625 0.0144097
1 0.683984 0.112153 0.0046875 0.0111111
1 0.291016 0.463889 0.009375 0.0159722
1 0.726562 0.106076 0.00625 0.00798611
1 0.807813 0.031467 0.009375 0.0118056
1 0.257227 0.622917 0.00859375 0.0173611
0 0.262891 0.436111 0.0683594 0.120833
1 0.798437 0.109028 0.00625 0.0100694
1 0.744922 0.936111 0.0210938 0.0388889
1 0.683203 0.112413 0.00625 0.00989583
1 0.753906 0.0174479 0.0148437 0.0303819
1 0.752344 0.0167101 0.0125 0.0334201
1 0.394531 0.0356011 0.0078125 0.0201172
1 0.774219 0.106076 0.009375 0.0100694
1 0.929688 0.951389 0.0109375 0.025
1 0.678906 0.0980903 0.00390625 0.00989583
1 0.769922 0.103299 0.0117188 0.01875
1 0.805469 0.0306858 0.0109375 0.0132813
1 0.794531 0.111111 0.00625 0.00850694
0 0.240576 0.43125 0.116504 0.140278
1 0.771875 0.109722 0.0078125 0.0163194
0 0.703906 0.920139 0.107813 0.0944444
0 0.663281 0.93125 0.190625 0.113889
1 0.796875 0.112153 0.00625 0.0125
1 0.639844 0.119618 0.00703125 0.0159722
1 0.722656 0.0969618 0.0046875 0.0105903
1 0.801562 0.108333 0.0078125 0.00833333
1 0.640625 0.123438 0.00546875 0.0128472
1 0.807813 0.0345378 0.009375 0.0172092
1 0.724219 0.104514 0.009375 0.0125
3 0.669531 0.586806 0.0671875 0.111111
1 0.751172 0.0171441 0.009375 0.0294271
1 0.772656 0.10625 0.00625 0.0100694
1 0.785547 0.142708 0.00859375 0.0114583
0 0.751562 0.016862 0.009375 0.0299479
0 0.270312 0.45 0.053125 0.0930556
1 0.771875 0.10625 0.0078125 0.0131944
1 0.786719 0.142708 0.009375 0.0128472
1 0.771094 0.0994792 0.00625 0.0142361
1 0.683984 0.112153 0.0046875 0.0111111
1 0.291016 0.463889 0.009375 0.0159722
1 0.807813 0.031467 0.009375 0.0118056
1 0.257227 0.622917 0.00859375 0.0173611
1 0.726562 0.10599 0.00625 0.00798611
1 0.798437 0.109028 0.00625 0.0100694
0 0.2625 0.435417 0.06875 0.122222
1 0.753906 0.0174479 0.0140625 0.0303385
1 0.394531 0.0355469 0.00703125 0.0201389
1 0.774219 0.106076 0.009375 0.00989583
1 0.752344 0.0166667 0.0117188 0.0333333
1 0.929688 0.951389 0.0109375 0.025
1 0.683203 0.1125 0.00625 0.00989583
1 0.744922 0.935417 0.0210938 0.0388889
1 0.794531 0.111111 0.00625 0.00833333
1 0.805469 0.0307726 0.0109375 0.0133681
1 0.769922 0.103299 0.0117188 0.0184028
1 0.771875 0.109722 0.00703125 0.0163194
0 0.705078 0.919444 0.105469 0.0944444
1 0.678906 0.0980903 0.00390625 0.00989583
1 0.292383 0.463194 0.0125 0.0236111
1 0.351367 0.659028 0.00664063 0.0111111
0 0.241602 0.431944 0.114844 0.138889
1 0.796875 0.112153 0.00625 0.0121528
0 0.670313 0.929861 0.176563 0.111111
0 0.654688 0.926389 0.240625 0.102778
1 0.801562 0.108333 0.0078125 0.00850694
0 0.929688 0.950694 0.009375 0.0236111
1 0.807031 0.0346354 0.0109375 0.0171875
3 0.669531 0.586806 0.0671875 0.111111
1 0.751172 0.0171441 0.009375 0.0294705
1 0.772656 0.106163 0.00625 0.0102431
1 0.785547 0.142622 0.00859375 0.0114583
0 0.269922 0.449306 0.0539063 0.0944444
0 0.751562 0.0168457 0.009375 0.0300239
1 0.771875 0.106163 0.0078125 0.0131944
1 0.786719 0.142708 0.009375 0.0128472
1 0.771094 0.0994792 0.00625 0.0142361
1 0.291016 0.463889 0.009375 0.0159722
1 0.683984 0.112153 0.0046875 0.0111111
1 0.257227 0.622917 0.00859375 0.0173611
1 0.807813 0.0315538 0.009375 0.0119792
1 0.726562 0.105903 0.00625 0.00798611
0 0.262891 0.430208 0.0710938 0.131944
1 0.753906 0.0174099 0.0140625 0.0303711
1 0.394531 0.0355143 0.00703125 0.0201172
1 0.798437 0.109028 0.00625 0.0100694
1 0.752344 0.0166233 0.0117188 0.0332465
1 0.774219 0.106076 0.009375 0.0100694
1 0.744922 0.935417 0.0210938 0.0388889
1 0.929688 0.952083 0.0109375 0.0263889
1 0.682813 0.112413 0.00625 0.00989583
1 0.805469 0.030816 0.0109375 0.0135417
1 0.794531 0.111111 0.00625 0.00868056
1 0.351367 0.659028 0.00664063 0.0111111
1 0.292383 0.463194 0.0125 0.0236111
1 0.769922 0.103299 0.0117188 0.0184028
0 0.24375 0.431944 0.110156 0.1375
1 0.771875 0.109722 0.00703125 0.0163194
1 0.678906 0.0980903 0.0046875 0.00972222
0 0.704687 0.920139 0.107813 0.0944444
1 0.796875 0.112153 0.00625 0.0121528
0 0.929688 0.950694 0.009375 0.0236111
0 0.671094 0.929167 0.175 0.111111
1 0.807031 0.0346246 0.0109375 0.0172092
3 0.669531 0.586806 0.0671875 0.111111
1 0.751172 0.0171224 0.009375 0.0296441
1 0.772656 0.106076 0.00625 0.0104167
1 0.785547 0.142622 0.00859375 0.0116319
0 0.269531 0.448611 0.0546875 0.0958333
0 0.751562 0.0168349 0.0101562 0.0300456
1 0.771875 0.10599 0.0078125 0.0135417
1 0.771094 0.0996528 0.00625 0.0145833
1 0.786719 0.142708 0.009375 0.0130208
1 0.291016 0.463889 0.009375 0.0159722
1 0.683984 0.112153 0.0046875 0.0111111
1 0.257422 0.622917 0.00859375 0.0180556
1 0.771875 0.103993 0.00859375 0.0163194
0 0.262891 0.430208 0.0707031 0.131944
1 0.807813 0.0316406 0.009375 0.0122396
1 0.726562 0.105903 0.00625 0.00815972
1 0.753906 0.0173665 0.0140625 0.0303711
1 0.394531 0.0354601 0.00703125 0.0200521
1 0.684375 0.11059 0.0046875 0.0121528
1 0.752344 0.0166016 0.0117188 0.0332031
1 0.798437 0.109115 0.00625 0.0102431
1 0.744922 0.935417 0.0210938 0.0388889
1 0.774219 0.105903 0.009375 0.0100694
1 0.929688 0.951389 0.0109375 0.0277778
1 0.351367 0.659028 0.00664063 0.0111111
0 0.246484 0.431944 0.103906 0.1375
1 0.292578 0.463194 0.0125 0.0236111
1 0.682813 0.112413 0.00625 0.00989583
1 0.805469 0.0309028 0.0109375 0.0138889
1 0.794531 0.111111 0.00625 0.00868056
1 0.769922 0.103299 0.0117188 0.0184028
0 0.929688 0.950694 0.0109375 0.0236111
1 0.796875 0.112153 0.00625 0.0125
0 0.704687 0.919444 0.10625 0.0944444
1 0.771875 0.109549 0.00703125 0.0166667
3 0.669531 0.586806 0.0671875 0.111111
1 0.751172 0.0171495 0.009375 0.0297635
1 0.772656 0.105903 0.00625 0.0107639
1 0.785547 0.142535 0.00859375 0.0118056
0 0.269531 0.448264 0.0546875 0.0965278
0 0.751562 0.0171007 0.009375 0.027474
1 0.771875 0.105816 0.0078125 0.0138889
1 0.771094 0.0997396 0.00625 0.0147569
0 0.264844 0.436111 0.0640625 0.120139
1 0.786719 0.142708 0.009375 0.0131944
1 0.291016 0.463889 0.009375 0.0159722
1 0.257422 0.622917 0.00859375 0.0180556
1 0.683984 0.112066 0.0046875 0.0112847
1 0.753906 0.0173828 0.0140625 0.0303819
1 0.394531 0.0354167 0.00625 0.0199653
1 0.752344 0.0165799 0.0117188 0.0331597
1 0.807813 0.0318359 0.009375 0.012717
1 0.684375 0.110503 0.0046875 0.0123264
1 0.726562 0.105903 0.00625 0.00833333
1 0.744922 0.935417 0.0210938 0.0388889
1 0.351367 0.659028 0.00664063 0.0111111
1 0.798437 0.109201 0.00625 0.0104167
1 0.774219 0.105903 0.009375 0.0104167
1 0.929688 0.951389 0.0109375 0.0277778
1 0.292383 0.463542 0.0125 0.0229167
0 0.247266 0.431944 0.102344 0.1375
1 0.805469 0.0312934 0.0109375 0.0147569
0 0.929688 0.950694 0.0109375 0.0236111
1 0.794531 0.111111 0.00625 0.00902778
1 0.769922 0.103299 0.0117188 0.01875
1 0.390234 0.0369792 0.0148437 0.0178819
3 0.669531 0.586806 0.0671875 0.111111
1 0.751562 0.0173557 0.009375 0.0293511
1 0.772266 0.105816 0.00703125 0.0111111
1 0.785547 0.142535 0.00859375 0.0118056
0 0.751562 0.0170627 0.009375 0.0276801
0 0.269336 0.447917 0.0546875 0.0972222
1 0.771094 0.0998264 0.00625 0.0149306
1 0.291016 0.463889 0.009375 0.0166667
0 0.264648 0.434722 0.0648438 0.122222
1 0.786719 0.142708 0.009375 0.0131944
1 0.257422 0.622917 0.00859375 0.0180556
1 0.771875 0.103819 0.00859375 0.0170139
1 0.683984 0.112066 0.0046875 0.0112847
1 0.753906 0.0173611 0.0140625 0.0302951
1 0.752344 0.0165799 0.0117188 0.0331597
1 0.394531 0.0355143 0.00703125 0.0201172
1 0.292188 0.463889 0.0125 0.0229167
1 0.807813 0.0319878 0.009375 0.0130208
1 0.351367 0.659028 0.00664063 0.0111111
1 0.684375 0.110503 0.0046875 0.0123264
1 0.774219 0.105729 0.009375 0.0107639
1 0.929688 0.952083 0.0109375 0.0263889
1 0.745313 0.935417 0.0203125 0.0388889
0 0.24707 0.431597 0.103125 0.138194
1 0.726172 0.105903 0.00703125 0.00868056
1 0.798437 0.109201 0.00625 0.0107639
1 0.286133 0.465972 0.0191406 0.0423611
1 0.769922 0.103299 0.0117188 0.01875
1 0.805469 0.0314236 0.0109375 0.0151042
3 0.669531 0.586806 0.0671875 0.111111
1 0.751562 0.0174262 0.009375 0.0292969
1 0.772656 0.105903 0.00625 0.0114583
1 0.785937 0.142535 0.009375 0.0121528
0 0.751562 0.017079 0.009375 0.0278646
0 0.269531 0.447917 0.0546875 0.0972222
1 0.291016 0.463889 0.009375 0.0166667
1 0.771875 0.105729 0.0078125 0.0142361
1 0.771094 0.0998264 0.00625 0.0149306
0 0.264648 0.434722 0.0652344 0.123611
1 0.257422 0.622917 0.00859375 0.0180556
1 0.394531 0.0355469 0.00703125 0.0202257
1 0.683984 0.111979 0.0046875 0.0114583
1 0.753516 0.0174045 0.0140625 0.0302083
1 0.292188 0.463889 0.0125 0.0229167
1 0.752344 0.0166667 0.0125 0.0333333
1 0.351367 0.659028 0.00664063 0.0111111
1 0.808594 0.0319878 0.0078125 0.0131076
1 0.287109 0.466667 0.0171875 0.0388889
0 0.246875 0.43125 0.103125 0.138889
1 0.774219 0.105816 0.009375 0.0111111
1 0.929688 0.952778 0.0125 0.0277778
1 0.745313 0.935417 0.0203125 0.0388889
1 0.390527 0.0368924 0.0142578 0.018316
1 0.798437 0.109288 0.00625 0.0109375
1 0.726562 0.105903 0.00625 0.00902778
1 0.272266 0.448611 0.0492188 0.0847222
3 0.669531 0.586806 0.0671875 0.111111
1 0.751562 0.0174913 0.009375 0.0292535
1 0.772266 0.105642 0.00703125 0.0118056
1 0.785937 0.142535 0.009375 0.0121528
0 0.269531 0.447917 0.0546875 0.0972222
0 0.751562 0.0171007 0.009375 0.0278212
1 0.291016 0.463889 0.009375 0.0166667
1 0.771094 0.0998264 0.00625 0.0152778
0 0.264648 0.434028 0.0652344 0.123611
1 0.257422 0.622917 0.00859375 0.0180556
1 0.771875 0.103646 0.00859375 0.0171875
1 0.394531 0.0355143 0.00625 0.0202908
1 0.292188 0.463889 0.0125 0.0229167
1 0.753516 0.0174262 0.0140625 0.0302517
1 0.683984 0.111979 0.0046875 0.0114583
1 0.752344 0.0167535 0.0125 0.0335069
1 0.2875 0.467361 0.0164062 0.0375
1 0.929688 0.952778 0.0125 0.0277778
1 0.351367 0.659028 0.00664063 0.0111111
0 0.246875 0.43125 0.103906 0.140278
1 0.390625 0.0368056 0.0148437 0.0184896
1 0.774219 0.105729 0.009375 0.0114583
1 0.272461 0.448958 0.0488281 0.0833333
1 0.808594 0.0320312 0.0078125 0.0131944
3 0.669531 0.586806 0.0671875 0.111111
1 0.751562 0.0173123 0.009375 0.0297852
1 0.772266 0.105469 0.00703125 0.0123264
0 0.269531 0.447569 0.0546875 0.0979167
0 0.751562 0.0170953 0.009375 0.0279622
1 0.785937 0.142535 0.009375 0.0125
1 0.29082 0.464236 0.009375 0.0166667
1 0.257422 0.622917 0.00859375 0.0180556
0 0.264844 0.434028 0.065625 0.125
1 0.771094 0.1 0.00625 0.0157986
1 0.771875 0.103472 0.00859375 0.0177083
1 0.292188 0.463889 0.0128906 0.0236111
1 0.394922 0.0355035 0.00703125 0.0203993
1 0.753516 0.0174533 0.0140625 0.0302843
1 0.752344 0.0168403 0.0125 0.0336806
1 0.683984 0.111979 0.0046875 0.0114583
1 0.288281 0.467361 0.0148437 0.0333333
1 0.272852 0.448958 0.0476562 0.0798611
1 0.929688 0.952778 0.0125 0.0277778
1 0.351367 0.659028 0.00664063 0.0111111
1 0.390625 0.0367947 0.0148437 0.0185981
1 0.683594 0.110243 0.0046875 0.0128472
0 0.246875 0.43125 0.104687 0.140278
3 0.669531 0.586806 0.0671875 0.111111
1 0.751562 0.0173557 0.009375 0.029872
1 0.772266 0.105208 0.00703125 0.0128472
0 0.751562 0.0171007 0.009375 0.0282118
0 0.268945 0.445139 0.0570313 0.104167
1 0.29082 0.464236 0.009375 0.0166667
1 0.785937 0.142535 0.009375 0.0125
1 0.257422 0.623264 0.00859375 0.0180556
1 0.771094 0.100174 0.00625 0.0161458
1 0.292188 0.464583 0.0128906 0.0236111
1 0.394922 0.0355035 0.00703125 0.0204861
1 0.771875 0.103472 0.00859375 0.0182292
0 0.261328 0.434028 0.0726563 0.126389
0 0.273047 0.449306 0.0476562 0.0784722
1 0.753516 0.0174913 0.0140625 0.0303385
1 0.752344 0.0168403 0.0125 0.0336806
1 0.288672 0.467361 0.0148437 0.0319444
1 0.273047 0.449306 0.0476562 0.0784722
1 0.929688 0.952778 0.0125 0.0277778
1 0.683984 0.111892 0.0046875 0.0118056
1 0.929688 0.950694 0.009375 0.0236111
1 0.351367 0.659028 0.00664063 0.0111111
3 0.669531 0.586806 0.0671875 0.111111
1 0.751562 0.0174045 0.009375 0.0300347
0 0.751562 0.0170519 0.009375 0.0284831
1 0.772266 0.105122 0.00703125 0.0133681
0 0.268945 0.445486 0.0570313 0.103472
1 0.29082 0.464236 0.009375 0.0166667
1 0.257422 0.623264 0.00859375 0.0180556
1 0.785937 0.142535 0.009375 0.0128472
1 0.771094 0.10026 0.00625 0.0164931
1 0.292188 0.464583 0.0128906 0.0236111
1 0.394922 0.0354275 0.00703125 0.0204644
1 0.771875 0.103299 0.00859375 0.01875
0 0.261523 0.434028 0.0726563 0.127778
1 0.753516 0.0175401 0.0140625 0.0304579
1 0.752344 0.0168186 0.0125 0.0336372
0 0.273047 0.449306 0.0476562 0.0777778
1 0.288672 0.467361 0.0144531 0.0305556
1 0.273047 0.449306 0.0476562 0.0777778
1 0.929688 0.952778 0.0125 0.0277778
1 0.929688 0.950694 0.009375 0.0236111
1 0.351367 0.659028 0.00664063 0.0118056
3 0.669531 0.586806 0.0671875 0.111111
1 0.751562 0.0174696 0.009375 0.0301215
0 0.751562 0.0171007 0.009375 0.0287326
1 0.29082 0.464236 0.009375 0.0166667
0 0.269141 0.446181 0.0570313 0.102083
1 0.772266 0.104861 0.00703125 0.0138889
1 0.257422 0.623264 0.00859375 0.0180556
1 0.292188 0.464583 0.0132813 0.0236111
1 0.785937 0.142535 0.009375 0.0128472
1 0.771094 0.100347 0.00625 0.0168403
1 0.394922 0.0354167 0.00703125 0.0204861
1 0.273438 0.45 0.0464844 0.075
1 0.753516 0.0175998 0.0140625 0.0304253
1 0.289062 0.467361 0.0140625 0.0291667
1 0.771875 0.103299 0.00859375 0.0192708
0 0.261523 0.432639 0.0730469 0.130556
0 0.273438 0.45 0.0464844 0.075
1 0.929688 0.952083 0.0125 0.0263889
1 0.929688 0.951389 0.009375 0.0222222
3 0.669531 0.586806 0.0671875 0.111111
1 0.751562 0.0175564 0.009375 0.0302083
0 0.751562 0.0171224 0.009375 0.0289497
1 0.29082 0.464236 0.009375 0.0166667
0 0.270508 0.450694 0.0535156 0.0923611
1 0.257422 0.623264 0.00859375 0.0180556
1 0.772266 0.104687 0.00703125 0.0145833
0 0.265234 0.434722 0.0652344 0.123611
1 0.292188 0.464583 0.0132813 0.0236111
1 0.771094 0.100434 0.00625 0.0171875
1 0.785937 0.142361 0.009375 0.0131944
1 0.395312 0.0354167 0.00625 0.0204861
1 0.753516 0.0176649 0.0140625 0.0305556
1 0.288867 0.467361 0.0140625 0.0291667
1 0.273047 0.449306 0.0476562 0.0777778
1 0.771875 0.103125 0.00859375 0.0197917
1 0.929688 0.952083 0.0125 0.0263889
1 0.929688 0.951389 0.009375 0.0222222
3 0.669531 0.586806 0.0671875 0.111111
1 0.751562 0.0176432 0.009375 0.0302951
0 0.751562 0.0172092 0.009375 0.0290365
1 0.29082 0.464236 0.009375 0.0166667
0 0.270703 0.450694 0.053125 0.0930556
1 0.257422 0.623611 0.00859375 0.0180556
1 0.772266 0.104514 0.00703125 0.0149306
0 0.265625 0.435069 0.0648438 0.122917
1 0.292188 0.464583 0.0132813 0.0236111
1 0.257422 0.622917 0.0105469 0.0215278
1 0.395312 0.0354167 0.00625 0.0204861
1 0.771094 0.100521 0.00625 0.0173611
1 0.753516 0.0177083 0.0140625 0.0305556
1 0.289062 0.467361 0.0140625 0.0291667
1 0.272852 0.449653 0.0480469 0.0784722
1 0.929688 0.952778 0.0125 0.025
1 0.785937 0.142361 0.009375 0.0131944
1 0.771875 0.103038 0.00859375 0.0201389
1 0.929688 0.951389 0.009375 0.0222222
3 0.669922 0.586806 0.0671875 0.111111
1 0.751562 0.01773 0.009375 0.0303385
0 0.751562 0.0172797 0.009375 0.0293294
1 0.29082 0.464236 0.009375 0.0166667
0 0.270703 0.450694 0.053125 0.0930556
1 0.257422 0.623611 0.00859375 0.0180556
0 0.266016 0.435417 0.0648438 0.122917
1 0.772266 0.104253 0.00703125 0.015625
1 0.292188 0.464583 0.0132813 0.0236111
1 0.257422 0.622917 0.0105469 0.0215278
1 0.394922 0.0369792 0.00625 0.0185764
1 0.289062 0.467361 0.0140625 0.0291667
1 0.753516 0.0177734 0.0140625 0.030599
1 0.273047 0.449653 0.0484375 0.0784722
3 0.669922 0.586806 0.0671875 0.111111
1 0.751562 0.0177138 0.009375 0.0303711
0 0.751562 0.0172797 0.009375 0.0293294
1 0.29082 0.464236 0.009375 0.0166667
0 0.270703 0.450694 0.053125 0.0930556
1 0.257422 0.623611 0.00859375 0.0180556
0 0.266016 0.435417 0.0648438 0.122917
1 0.772266 0.104167 0.00703125 0.015625
1 0.292188 0.464583 0.0132813 0.0236111
1 0.257422 0.622917 0.0105469 0.0215278
1 0.394922 0.0369792 0.00625 0.0185764
1 0.289062 0.467361 0.0140625 0.0291667
1 0.753906 0.0177572 0.0140625 0.0306315
1 0.273047 0.45 0.0484375 0.0791667
