0 0.784766 0.436111 0.0679687 0.0680556
0 0.703125 0.0388021 0.028125 0.0776042
0 0.635156 0.0365451 0.0265625 0.0708333
0 0.946094 0.0439345 0.0359375 0.0859158
0 0.80625 0.0387044 0.03125 0.0746745
0 0.669141 0.036697 0.0273438 0.0733941
0 0.910156 0.0390625 0.0359375 0.0721354
0 0.559766 0.0637153 0.05625 0.0527778
0 0.5625 0.181988 0.0578125 0.0519965
0 0.577344 0.239236 0.0625 0.0555556
0 0.5625 0.117535 0.0640625 0.0579861
0 0.704687 0.968056 0.0578125 0.0611111
1 0.703906 0.968056 0.0578125 0.0611111
1 0.559375 0.0640191 0.05625 0.0523437
1 0.562891 0.117535 0.0632813 0.0572917
1 0.5625 0.181944 0.0578125 0.0513889
1 0.635156 0.0361545 0.0273438 0.0712674
1 0.577344 0.239583 0.0609375 0.0555556
1 0.946094 0.0443576 0.0359375 0.0855903
1 0.66875 0.0365885 0.028125 0.0731771
1 0.909375 0.0379774 0.0375 0.0728299
0 0.300781 0.0290799 0.0210938 0.0545139
1 0.635938 0.947222 0.0515625 0.0833333
0 0.635938 0.947222 0.0515625 0.0833333
1 0.253125 0.43125 0.0078125 0.0152778
1 0.638281 0.936111 0.0546875 0.1125
0 0.9125 0.818056 0.046875 0.0944444
1 0.648828 0.913889 0.0757812 0.155556
0 0.982813 0.836111 0.0140625 0.0277778
1 0.982813 0.836111 0.0140625 0.0277778
0 0.649219 0.925 0.078125 0.133333
0 0.705469 1 0.0390625 0
0 0.925 0.815278 0.0703125 0.0833333
0 0.983594 0.856944 0.0265625 0.0694444
1 0.98125 0.858333 0.025 0.075
0 0.215625 0.459028 0.040625 0.0326389
1 0.925 0.861111 0.0125 0.0138889
0 0.985937 0.836111 0.0203125 0.0305556
0 0.186133 0.00553928 0.0488281 0.0110786
1 0.784766 0.436111 0.0679687 0.0680556
1 0.275781 0.124132 0.00625 0.0173611
0 0.253125 0.43125 0.0078125 0.0152778
1 0.928125 0.859722 0.01875 0.0166667
0 0.105469 0.438889 0.03125 0.0416667
2 0.704687 0.968056 0.0578125 0.0611111
1 0.985937 0.836111 0.0203125 0.0305556
0 0.985937 0.840278 0.0234375 0.0388889
0 0.101855 0.440972 0.0396484 0.0472222
1 0.98125 0.877778 0.01875 0.0375
1 0.9125 0.81875 0.046875 0.0944444
1 0.766406 0.0601562 0.009375 0.0151042
2 0.559375 0.0638889 0.05625 0.0527778
3 0.703906 0.968056 0.0578125 0.0611111
1 0.703125 0.0388889 0.028125 0.0777778
0 0.223047 0.40625 0.0203125 0.0222222
2 0.946094 0.0444553 0.0359375 0.0859158
1 0.805469 0.0385525 0.03125 0.0753255
1 0.582812 0.114063 0.0234375 0.0496528
0 1 0.0519965 0 0.103993
0 0.978906 0.856944 0.0328125 0.0777778
0 0.205859 0.411111 0.0132813 0.0305556
1 0.255273 0.988194 0.0109375 0.0208333
1 0.298047 0.218056 0.00429688 0.0125
1 0.587109 0.110937 0.0140625 0.0432292
1 0.0884766 0.018967 0.0515625 0.037934
1 0.226562 0.40625 0.0125 0.0194444
0 0.996875 0.758333 0.00625 0.0472222
0 0.784766 0.435417 0.0679687 0.0680556
0 0.562891 0.11684 0.0632813 0.05625
0 0.635156 0.0357639 0.0265625 0.0713542
0 0.5625 0.181597 0.0578125 0.0503472
0 0.703125 0.0386502 0.0273438 0.0773003
0 0.559375 0.0636285 0.05625 0.0506944
0 0.946094 0.0433919 0.0359375 0.08648
0 0.66875 0.0366753 0.0273438 0.0733507
0 0.910937 0.037066 0.034375 0.0739583
0 0.80625 0.0382053 0.03125 0.0761936
0 0.575781 0.237847 0.0578125 0.0513889
0 0.705469 0.968056 0.05625 0.0611111
1 0.983594 0.858333 0.0296875 0.075
1 0.704687 0.968056 0.0578125 0.0611111
0 0.911719 0.819444 0.0453125 0.0944444
0 0.983594 0.858333 0.0296875 0.075
1 0.98125 0.8625 0.0203125 0.0694444
1 0.255469 0.988194 0.0109375 0.0208333
1 0.982813 0.8375 0.015625 0.0305556
1 0.982813 0.834722 0.0125 0.0236111
1 0.206836 0.413542 0.015625 0.0395833
1 0.978125 0.853472 0.03125 0.0708333
1 0.98125 0.85 0.01875 0.0555556
1 0.766016 0.0605469 0.009375 0.0141493
1 0.925 0.860417 0.0125 0.0138889
0 0.255273 0.988194 0.0136719 0.0222222
0 0.924219 0.820833 0.06875 0.0944444
0 0.635938 0.949306 0.05 0.0791667
0 0.704297 1 0.0453125 0
1 0.986719 0.836111 0.021875 0.0333333
0 0.598437 0.0154948 0.034375 0.0207465
1 0.98125 0.880556 0.01875 0.0305556
0 0.300586 0.0289497 0.0222656 0.055816
1 0.946094 0.0434896 0.0359375 0.0869792
1 0.276172 0.124132 0.00585938 0.0180556
0 0.215625 0.458333 0.0421875 0.0375
1 0.915625 0.820139 0.053125 0.0944444
0 0.475781 0.420139 0.065625 0.0472222
0 0.995313 0.772049 0.009375 0.192014
1 0.66875 0.0366753 0.0273438 0.0733507
1 0.226562 0.405903 0.0136719 0.0208333
1 0.80625 0.0386719 0.028125 0.0749132
1 0.98125 0.884722 0.015625 0.025
1 0.978125 0.848611 0.040625 0.0930556
1 0.632031 0.948611 0.0421875 0.0861111
0 0.0927734 0.0186144 0.0408203 0.0367296
0 0.996094 0.759722 0.0078125 0.0611111
0 0.982813 0.825 0.03125 0.144444
0 0.477344 0.400694 0.065625 0.0402778
0 0.996875 0.790278 0.00625 0.0361111
1 0.25293 0.430903 0.00820312 0.0159722
1 0.559375 0.0633681 0.0554687 0.0506944
0 0.183105 0.00521918 0.0517578 0.0104384
0 0.0169189 0.4125 0.0324707 0.0236111
0 0.98125 0.8625 0.0203125 0.0694444
0 0.591406 0 0.08125 0
1 0.982813 0.825 0.03125 0.144444
1 0.218164 0.405903 0.0125 0.0208333
0 0.99375 0.788715 0.0125 0.200347
0 0.939062 0.829861 0.096875 0.120833
0 0.978125 0.848611 0.040625 0.0930556
0 0.184961 0.00533854 0.04375 0.0106771
0 0.206445 0.411806 0.0140625 0.0333333
0 0.258984 0.382986 0.053125 0.0458333
0 0.982813 0.834722 0.0125 0.0236111
0 0.957812 0.85625 0.075 0.158333
0 0.996094 0.738194 0.0078125 0.0847222
1 0.636328 0.952778 0.0492188 0.0694444
1 0.927344 0.788889 0.0109375 0.0277778
0 0.575781 0 0.0765625 0
1 0.267188 0.995833 0.00703125 0.00694444
1 0.223047 0.405556 0.0210938 0.0222222
0 0.486719 0.423958 0.090625 0.0638889
0 0.996875 0.759722 0.00625 0.0527778
0 0.784766 0.436111 0.0679687 0.0680556
0 0.562891 0.117361 0.0632813 0.0569444
0 0.946094 0.043533 0.0359375 0.087066
0 0.635156 0.0362956 0.0265625 0.0715061
0 0.5625 0.181944 0.0570313 0.0506944
0 0.559375 0.0634983 0.05625 0.0507812
0 0.703125 0.0388889 0.028125 0.0777778
0 0.909375 0.0380968 0.0375 0.0720703
0 0.66875 0.0367187 0.0265625 0.0734375
0 0.80625 0.0381076 0.03125 0.0762153
0 0.576563 0.238542 0.0609375 0.0534722
0 0.704687 0.968056 0.0578125 0.0611111
1 0.704297 0.968056 0.0585938 0.0611111
0 0.65 0.906944 0.078125 0.165278
1 0.982813 0.858333 0.028125 0.0722222
1 0.252734 0.430903 0.0078125 0.0152778
0 0.9125 0.820139 0.04375 0.0944444
1 0.255469 0.9875 0.0109375 0.0222222
1 0.982813 0.847222 0.0171875 0.05
1 0.766406 0.0609375 0.009375 0.0135417
1 0.559375 0.0636285 0.0554687 0.0505208
1 0.924219 0.861111 0.0125 0.0138889
1 0.66875 0.0365885 0.0265625 0.0731771
0 0.983594 0.856944 0.0296875 0.0805556
1 0.945312 0.0428385 0.0375 0.0855035
0 0.186328 0.00616319 0.0472656 0.0123264
1 0.98125 0.854861 0.0203125 0.0638889
1 0.982813 0.836111 0.0125 0.025
0 0.707422 1 0.0382813 0
1 0.635156 0.036122 0.0265625 0.0711589
0 0.896094 0.886111 0.0828125 0.227778
0 0.702344 1 0.046875 0
1 0.909375 0.0384115 0.0375 0.0727431
1 0.703125 0.0392795 0.028125 0.078559
2 0.704687 0.968056 0.0578125 0.0611111
1 0.982031 0.872917 0.0234375 0.0486111
0 0.637109 0.951389 0.053125 0.075
0 0.0628418 0.0263889 0.106738 0.0527778
1 0.80625 0.0382378 0.03125 0.0764757
1 0.978906 0.854167 0.0296875 0.0708333
0 0.925781 0.818056 0.0671875 0.0861111
0 0.982813 0.836111 0.0125 0.025
0 0.255469 0.9875 0.0140625 0.0222222
0 0.697266 1 0.0414063 0
0 0.0749023 0.0229601 0.0822266 0.0459201
1 0.576172 0.238889 0.0601562 0.0534722
1 0.206055 0.410417 0.0125 0.0305556
0 0.982813 0.847222 0.0171875 0.05
1 0.562109 0.181641 0.0578125 0.0506076
1 0.562891 0.117535 0.0632813 0.0565972
0 0.691406 1 0.0359375 0
0 0.321094 0.723611 0.154687 0.208333
0 0.252734 0.430903 0.0078125 0.0152778
1 0.945312 0.8 0.028125 0.0458333
0 0.0649902 0.920139 0.108105 0.155556
1 0.637109 0.951389 0.053125 0.075
1 0.595312 0.54375 0.0078125 0.0305556
0 0.596094 0.548611 0.009375 0.0402778
1 0.702344 1 0.046875 0
0 0.945312 0.8 0.028125 0.0458333
0 0.0856934 0.0199653 0.0581055 0.0399306
1 0.914062 0.820833 0.04375 0.0944444
0 0.598437 0.0148492 0.0351562 0.0213433
0 0.300977 0.0325955 0.021875 0.0650174
0 0.784766 0.436111 0.0679687 0.06875
0 0.562891 0.117274 0.0632813 0.0564236
0 0.946094 0.0433594 0.0359375 0.0867188
0 0.635156 0.0358073 0.0265625 0.0716146
0 0.5625 0.181944 0.0578125 0.0510417
0 0.703125 0.0387587 0.028125 0.0775174
0 0.559375 0.0634115 0.05625 0.0507812
0 0.909375 0.0383572 0.0375 0.0725911
0 0.80625 0.0380317 0.03125 0.07602
0 0.669141 0.0366319 0.0273438 0.0732639
0 0.573438 0.238194 0.0523437 0.0520833
0 0.704687 0.968056 0.0578125 0.0625
1 0.559375 0.0630208 0.0554687 0.0512153
1 0.703906 0.968056 0.059375 0.0611111
0 0.65 0.925694 0.0765625 0.129167
1 0.252734 0.430903 0.00703125 0.0138889
1 0.562891 0.117188 0.0632813 0.0555556
1 0.98125 0.858333 0.0265625 0.075
0 0.911719 0.820833 0.0453125 0.0972222
1 0.982813 0.836111 0.015625 0.0277778
1 0.5625 0.181944 0.0578125 0.0506944
1 0.573438 0.238194 0.053125 0.0520833
0 0.648438 0.8875 0.075 0.205556
1 0.276172 0.124045 0.00664063 0.0192708
0 0.645312 0.940278 0.0679687 0.1
0 0.599219 0.0146213 0.0382813 0.0212782
0 0.983594 0.858333 0.025 0.0736111
1 0.946094 0.04375 0.0359375 0.0864583
1 0.645312 0.940278 0.0679687 0.1
1 0.632812 0.959722 0.040625 0.0666667
1 0.636719 0.95 0.05 0.0805556
0 0.982813 0.836111 0.015625 0.0277778
1 0.980469 0.879167 0.0203125 0.0361111
0 0.898438 0.870139 0.075 0.195833
1 0.978125 0.853472 0.0375 0.0861111
0 0.702344 1 0.05 0
0 0.0591797 0.0229167 0.110937 0.0458333
1 0.255469 0.988194 0.0109375 0.0208333
0 0.892187 0.881944 0.09375 0.230556
2 0.704297 0.968056 0.0585938 0.0611111
1 0.985937 0.855556 0.025 0.0694444
0 0.636719 0.95 0.05 0.0805556
1 0.766406 0.0612413 0.0078125 0.0131076
1 0.635156 0.0362413 0.0265625 0.0709201
1 0.925 0.861111 0.0125 0.0138889
0 0.216797 0.459722 0.0390625 0.0333333
1 0.9125 0.819444 0.04375 0.0944444
1 0.647656 0.917361 0.0734375 0.144444
0 0.186035 0.00700955 0.0498047 0.0140191
1 0.669141 0.0366319 0.0273438 0.0732639
1 0.985937 0.836806 0.021875 0.0333333
0 0.978125 0.853472 0.0375 0.0861111
0 0.255469 0.988194 0.0132813 0.0222222
0 0.979688 0.859722 0.021875 0.075
0 0.632812 0.959722 0.040625 0.0666667
0 0.879687 0.944444 0.084375 0.105556
0 0.0592773 0.0320312 0.118555 0.0640625
1 0.298242 0.218056 0.0046875 0.0152778
0 0.928125 0.825 0.075 0.105556
0 0.98125 0.882639 0.01875 0.0305556
0 0.0715698 0.0199002 0.0840088 0.0398003
0 0.644531 0.950694 0.0625 0.0666667
0 0.985937 0.836806 0.021875 0.0333333
1 0.977344 0.854167 0.03125 0.0722222
0 0.996875 0.760417 0.00625 0.0527778
1 0.702344 1 0.05 0
0 0.932031 0.243576 0.034375 0.0527778
0 0.589844 0 0.0765625 0
0 0.00925293 0.368142 0.0169434 0.0498264
0 0.188086 0.00605469 0.0378906 0.0121094
1 0.205859 0.409722 0.0132813 0.0305556
1 0.227734 0.405556 0.009375 0.0194444
1 0.703125 0.0389757 0.028125 0.0779514
1 0.909375 0.0384549 0.0375 0.071875
1 0.648438 0.8875 0.075 0.205556
0 0.942187 0.830556 0.103125 0.122222
0 0.0812012 0.0189887 0.0639648 0.0379774
1 0.98125 0.848611 0.01875 0.0555556
0 0.963281 0.834722 0.06875 0.127778
1 0.784766 0.435764 0.0679687 0.0680556
1 0.263281 0.0722222 0.00625 0.0213542
1 0.275 0.123872 0.0078125 0.0206597
0 0.300781 0.0288194 0.0210938 0.0557292
0 0.996094 0.747917 0.0078125 0.0541667
0 0.604297 0.0138672 0.0546875 0.025217
0 0.252734 0.430903 0.00703125 0.0138889
1 0.9375 0.830556 0.09375 0.119444
0 0.996875 0.777778 0.00625 0.111111
0 0.784766 0.435764 0.0679687 0.0680556
0 0.946094 0.0438477 0.0359375 0.0860894
0 0.5625 0.181944 0.0578125 0.0513889
0 0.563281 0.11684 0.0632813 0.0559028
0 0.635156 0.0363715 0.0265625 0.0710069
0 0.703125 0.0388021 0.028125 0.0776042
0 0.669141 0.0366319 0.0273438 0.0732639
0 0.559375 0.0630642 0.05625 0.0507812
0 0.573438 0.238021 0.053125 0.0520833
0 0.80625 0.0383572 0.03125 0.0757161
0 0.909375 0.0388455 0.0375 0.0717882
0 0.704687 0.968056 0.0578125 0.0625
1 0.704297 0.968056 0.059375 0.0611111
1 0.982031 0.858333 0.025 0.075
1 0.559375 0.0626736 0.0554687 0.0505208
1 0.982031 0.84375 0.0171875 0.0444444
0 0.648438 0.916667 0.0734375 0.147222
1 0.98125 0.852083 0.01875 0.0597222
0 0.599609 0.0154731 0.0382813 0.0197049
1 0.982031 0.834722 0.0140625 0.025
0 0.897656 0.870833 0.075 0.197222
0 0.982031 0.858333 0.025 0.075
0 0.89375 0.880556 0.0953125 0.233333
1 0.978125 0.852778 0.028125 0.0694444
1 0.766406 0.0614583 0.00859375 0.0128472
2 0.703906 0.968056 0.059375 0.0611111
1 0.252734 0.430556 0.00703125 0.0138889
1 0.648438 0.916667 0.075 0.147222
0 0.932031 0.246528 0.0359375 0.0496528
0 0.228125 0.303472 0.0589844 0.0538194
1 0.946094 0.0442817 0.0359375 0.085395
1 0.98125 0.868056 0.021875 0.0583333
1 0.5625 0.181597 0.0578125 0.0506944
0 0.909375 0.826389 0.05 0.108333
1 0.925 0.861111 0.0125 0.0166667
1 0.255469 0.988194 0.0117188 0.0208333
0 0.188672 0.00605469 0.0425781 0.0121094
1 0.562891 0.117014 0.0632813 0.0555556
1 0.984375 0.838889 0.021875 0.0361111
0 0.982031 0.834722 0.0140625 0.025
0 0.915625 0.820833 0.053125 0.0944444
1 0.944531 0.8 0.03125 0.0472222
1 0.641406 0.946528 0.0585938 0.0847222
1 0.9125 0.820833 0.04375 0.0944444
0 0.649609 0.941667 0.0757812 0.0944444
0 0.982031 0.84375 0.0171875 0.0444444
0 0.702344 1 0.04375 0
0 0.241406 0.347222 0.0585938 0.05
0 0.187891 0.00556641 0.0390625 0.0111328
1 0.635156 0.0365017 0.0265625 0.0703993
0 0.187891 0.00665148 0.0515625 0.013303
1 0.573438 0.238194 0.0523437 0.0520833
0 0.645312 0.951389 0.0640625 0.0638889
1 0.910156 0.0392687 0.0359375 0.0719835
0 0.903125 0.841667 0.065625 0.141667
0 0.883594 0.925 0.0953125 0.147222
3 0.703906 0.968056 0.059375 0.0611111
0 0.0594727 0.0248698 0.111133 0.0497396
0 0.98125 0.852083 0.01875 0.0597222
0 0.585156 0 0.078125 0
1 0.980469 0.880556 0.0203125 0.0333333
0 0.188867 0.00601128 0.0359375 0.0103733
0 0.917188 0.00837674 0.025 0.0131944
0 0.996875 0.7625 0.00625 0.0638889
1 0.896875 0.885417 0.084375 0.229167
0 0.0587891 0.106858 0.117578 0.213715
1 0.904688 0.825 0.0625 0.105556
0 0.255469 0.988889 0.0132813 0.0222222
0 0.226953 0.294444 0.0589844 0.0354167
1 0.645312 0.951389 0.0640625 0.0638889
0 0.882812 0.945139 0.090625 0.104167
1 0.252734 0.432639 0.0078125 0.0152778
0 0.978125 0.852778 0.028125 0.0694444
0 0.706641 1 0.0359375 0
1 0.63125 0.959722 0.0375 0.0638889
0 0.257422 0.382639 0.0511719 0.0430556
0 0.980469 0.881944 0.01875 0.0305556
0 0.996094 0.7625 0.0078125 0.0972222
0 0.553125 0.244444 0.0273438 0.0548611
1 0.702344 1 0.04375 0
0 0.710938 1 0.0320312 0
0 0.785156 0.435764 0.0671875 0.0680556
0 0.563281 0.117188 0.0640625 0.0569444
0 0.946094 0.043826 0.0359375 0.0863064
0 0.5625 0.181554 0.0578125 0.0507812
0 0.635156 0.0362413 0.0265625 0.0711806
0 0.703125 0.0389323 0.028125 0.0778646
0 0.559375 0.0632378 0.05625 0.0513021
0 0.80625 0.0380208 0.03125 0.0760417
0 0.66875 0.0365885 0.028125 0.0731771
0 0.909375 0.0388129 0.0375 0.0723741
0 0.573047 0.238021 0.0523437 0.0520833
0 0.704687 0.968056 0.0578125 0.0611111
1 0.704297 0.968056 0.059375 0.0611111
1 0.98125 0.858333 0.0234375 0.075
1 0.252734 0.430556 0.00703125 0.0138889
1 0.982813 0.839583 0.015625 0.0347222
1 0.559375 0.0631076 0.05625 0.0512153
1 0.98125 0.847222 0.01875 0.05
1 0.982031 0.834722 0.0140625 0.025
1 0.766406 0.0610243 0.009375 0.0135417
1 0.925 0.861111 0.0125 0.0138889
0 0.649219 0.907639 0.075 0.166667
0 0.598437 0.0152344 0.0359375 0.0206163
2 0.704297 0.968056 0.0585938 0.0611111
0 0.910937 0.825694 0.046875 0.105556
1 0.98125 0.875694 0.021875 0.0430556
1 0.978125 0.853472 0.028125 0.0680556
0 0.98125 0.858333 0.0234375 0.075
1 0.648438 0.904861 0.075 0.170833
0 0.932031 0.246528 0.0359375 0.0506944
1 0.255469 0.988194 0.0117188 0.0208333
1 0.5625 0.181597 0.0578125 0.0506944
0 0.701563 1 0.0445312 0
1 0.946094 0.044184 0.0359375 0.0859375
1 0.9125 0.819444 0.04375 0.0944444
0 0.982031 0.834722 0.0140625 0.025
0 0.896094 0.883333 0.08125 0.225
0 0.6 0.0148383 0.04375 0.0253581
1 0.562891 0.116927 0.0632813 0.0557292
0 0.982813 0.839583 0.015625 0.0347222
0 0.222656 0.405556 0.0210938 0.0208333
0 0.215234 0.460069 0.0429688 0.0375
0 0.996875 0.759722 0.00625 0.0527778
1 0.573438 0.238194 0.0515625 0.0520833
0 0.708984 1 0.0328125 0
1 0.980469 0.880556 0.01875 0.0333333
0 0.255469 0.988194 0.0117188 0.0208333
1 0.701563 1 0.0445312 0
1 0.642578 0.947222 0.0632813 0.0847222
1 0.909375 0.0391602 0.0375 0.0732422
1 0.983594 0.869444 0.0234375 0.0555556
0 0.301758 0.0411892 0.0226563 0.0823785
0 0.252734 0.430556 0.00703125 0.0138889
1 0.226562 0.405556 0.0117188 0.0194444
1 0.692969 0.990278 0.0351562 0.0180556
0 0.98125 0.847222 0.01875 0.05
0 0.585547 0 0.0789063 0
0 0.996484 0.769444 0.00703125 0.075
1 0.586719 0.108854 0.0140625 0.0388889
0 0.300781 0.028928 0.021875 0.055599
0 0.553516 0.243403 0.0242187 0.0527778
1 0.205664 0.409722 0.0117188 0.0284722
1 0.282031 0.389583 0.00703125 0.0152778
0 0.996094 0.743056 0.0078125 0.0638889
0 0.784766 0.436111 0.0679687 0.0680556
0 0.563281 0.116493 0.0632813 0.0555556
0 0.5625 0.181944 0.0578125 0.0517361
0 0.946094 0.0437609 0.0359375 0.0860894
0 0.635156 0.0361979 0.0265625 0.0711806
0 0.703125 0.0389323 0.028125 0.0778646
0 0.559375 0.0632378 0.05625 0.0513021
0 0.66875 0.0366319 0.028125 0.0732639
0 0.80625 0.0380208 0.03125 0.0760417
0 0.909375 0.0390191 0.0375 0.0728299
0 0.573047 0.238021 0.0515625 0.0524306
0 0.705078 0.968056 0.0570313 0.0611111
1 0.704687 0.968056 0.0585938 0.0611111
1 0.98125 0.858333 0.0234375 0.075
1 0.252734 0.430556 0.00703125 0.0138889
1 0.982031 0.838194 0.015625 0.0319444
1 0.559375 0.0631076 0.05625 0.0510417
1 0.98125 0.834722 0.0125 0.025
0 0.932813 0.245833 0.034375 0.0506944
0 0.597656 0.0152778 0.034375 0.0202257
1 0.924219 0.861111 0.0125 0.0138889
0 0.909375 0.833333 0.05 0.122222
1 0.766406 0.0611979 0.009375 0.0131944
1 0.980469 0.879167 0.0203125 0.0361111
2 0.704687 0.968056 0.0578125 0.0611111
0 0.9125 0.820833 0.04375 0.0972222
1 0.255664 0.988194 0.0121094 0.0208333
0 0.598437 0.0142307 0.0421875 0.0241428
1 0.984375 0.8375 0.021875 0.0333333
0 0.895312 0.88125 0.084375 0.222222
0 0.98125 0.858333 0.0234375 0.075
1 0.946094 0.0440972 0.0359375 0.0854167
0 0.585547 0 0.078125 0
0 0.300977 0.0290148 0.0214844 0.0555122
0 0.255664 0.988194 0.0121094 0.0208333
0 0.98125 0.834722 0.0125 0.025
0 0.996875 0.759722 0.00625 0.0527778
0 0.982031 0.838194 0.015625 0.0319444
0 0.700781 1 0.04375 0
1 0.980469 0.882639 0.0171875 0.0305556
1 0.9125 0.820139 0.04375 0.0958333
0 0.648828 0.904167 0.0742188 0.172222
1 0.976562 0.856944 0.0328125 0.0833333
1 0.5625 0.181424 0.0578125 0.0506944
1 0.586719 0.109115 0.0140625 0.0395833
0 0.252734 0.430556 0.00703125 0.0138889
0 0.0588867 0.0220269 0.111133 0.0440538
0 0.704687 1 0.0375 0
1 0.909375 0.0390191 0.0375 0.0728299
0 0.187012 0.00596788 0.0462891 0.0119358
0 0.6625 0.919444 0.1 0.147222
0 0.579687 0.240278 0.0398437 0.0541667
1 0.562891 0.116927 0.0632813 0.0557292
0 0.187402 0.00557726 0.0384766 0.0108507
0 0.223047 0.405556 0.0210938 0.0208333
0 0.996484 0.768056 0.00703125 0.075
0 0.980469 0.882639 0.0171875 0.0305556
1 0.909375 0.833333 0.05 0.122222
1 0.205859 0.410069 0.0125 0.0305556
1 0.945312 0.8 0.028125 0.0472222
0 0.553125 0.242882 0.025 0.0524306
1 0.298047 0.218056 0.0046875 0.0138889
1 0.89375 0.877778 0.084375 0.216667
0 0.784766 0.436111 0.0679687 0.0680556
0 0.5625 0.181944 0.0578125 0.0517361
0 0.563281 0.116493 0.0640625 0.0555556
0 0.946094 0.0437934 0.0359375 0.0858507
0 0.635156 0.0361871 0.0265625 0.0710286
0 0.703125 0.0388889 0.028125 0.0777778
0 0.559375 0.0632378 0.05625 0.0513021
0 0.80625 0.0380208 0.03125 0.0760417
0 0.66875 0.0366319 0.028125 0.0732639
0 0.909375 0.0391927 0.0375 0.0729167
0 0.572656 0.237847 0.0515625 0.0520833
0 0.704687 0.968056 0.0578125 0.0611111
1 0.703906 0.968056 0.059375 0.0611111
1 0.252734 0.430903 0.00703125 0.0131944
1 0.982031 0.8375 0.015625 0.0305556
1 0.98125 0.858333 0.025 0.075
1 0.98125 0.835417 0.0125 0.0263889
0 0.910937 0.823611 0.046875 0.102778
1 0.559375 0.0633681 0.0546875 0.0506944
1 0.924219 0.861111 0.0125 0.0138889
0 0.599219 0.0151042 0.0375 0.0202257
1 0.766406 0.0612847 0.009375 0.0130208
0 0.901563 0.866667 0.0671875 0.188889
1 0.980469 0.880556 0.0203125 0.0333333
0 0.895312 0.880556 0.084375 0.222222
2 0.704687 0.968056 0.0578125 0.0611111
1 0.984375 0.852778 0.025 0.0652778
0 0.982031 0.8375 0.015625 0.0305556
0 0.98125 0.835417 0.0125 0.0263889
1 0.255469 0.988194 0.0117188 0.0208333
1 0.985156 0.8375 0.021875 0.0347222
0 0.648828 0.903472 0.0742188 0.172222
1 0.946094 0.0441949 0.0359375 0.0852214
0 0.98125 0.858333 0.025 0.075
0 0.932031 0.246007 0.0359375 0.0510417
1 0.648828 0.903472 0.0742188 0.172222
0 0.585547 0 0.0796875 0
0 0.984375 0.852778 0.025 0.0652778
0 0.0579102 0.0219835 0.112695 0.043967
0 0.255469 0.988194 0.0117188 0.0208333
1 0.9125 0.820139 0.04375 0.0958333
0 0.252734 0.430903 0.00703125 0.0131944
0 0.301562 0.0393989 0.0226563 0.0783203
1 0.909375 0.0391927 0.0375 0.0729167
0 0.301172 0.029145 0.021875 0.0556858
0 0.996875 0.761111 0.00625 0.0583333
0 0.700781 1 0.0453125 0
1 0.89375 0.876389 0.0828125 0.211111
0 0.985156 0.8375 0.021875 0.0347222
1 0.587109 0.108681 0.0132813 0.0385417
0 0.98125 0.883333 0.0171875 0.0305556
0 0.223047 0.405556 0.0210938 0.0208333
0 0.874219 0.951389 0.0703125 0.0916667
0 0.94375 0.309722 0.03125 0.0333333
0 0.0703613 0.0198785 0.0866211 0.0397569
0 0.182617 0.00642361 0.059375 0.0128472
0 0.875 0.915972 0.071875 0.1625
1 0.925 0.860417 0.015625 0.0180556
1 0.205859 0.410417 0.0125 0.0305556
1 0.98125 0.847222 0.0203125 0.0555556
1 0.920313 0.791667 0.025 0.0375
1 0.5625 0.181597 0.0578125 0.0503472
0 0.704687 1 0.0390625 0
0 0.59375 0.0149306 0.0335938 0.0184896
0 0.186328 0.00581597 0.0472656 0.0116319
1 0.978125 0.843056 0.025 0.0472222
1 0.562891 0.117014 0.0632813 0.0555556
0 0.580469 0.239931 0.0375 0.0541667
0 0.98125 0.847222 0.0203125 0.0555556
0 0.784766 0.436111 0.0679687 0.0680556
0 0.563281 0.11658 0.0640625 0.0553819
0 0.5625 0.181901 0.0578125 0.0514757
0 0.703125 0.0388021 0.028125 0.0776042
0 0.946094 0.0439128 0.0359375 0.085612
0 0.635156 0.0361111 0.0265625 0.0711806
0 0.559375 0.0632813 0.05625 0.0512153
0 0.80625 0.0381076 0.03125 0.0762153
0 0.66875 0.0366319 0.028125 0.0732639
0 0.909375 0.0389757 0.0375 0.0723958
0 0.573047 0.238021 0.0515625 0.0524306
0 0.704687 0.968056 0.0578125 0.0611111
1 0.704297 0.968056 0.0585938 0.0611111
1 0.252734 0.43125 0.00703125 0.0125
1 0.982813 0.838194 0.015625 0.0319444
1 0.98125 0.858333 0.025 0.075
0 0.599219 0.014974 0.0375 0.0198351
0 0.910156 0.827778 0.0484375 0.111111
1 0.98125 0.836111 0.0125 0.0277778
1 0.559375 0.0634115 0.0546875 0.0506076
0 0.9 0.868056 0.06875 0.193056
1 0.766406 0.0612847 0.009375 0.0131944
0 0.896875 0.879861 0.084375 0.225
0 0.94375 0.309722 0.03125 0.0326389
1 0.925 0.861111 0.0125 0.0138889
1 0.980469 0.880556 0.0203125 0.0333333
2 0.704297 0.968056 0.0578125 0.0611111
0 0.982813 0.838194 0.015625 0.0319444
0 0.98125 0.858333 0.025 0.075
1 0.946094 0.0443142 0.0359375 0.0849826
0 0.98125 0.836111 0.0125 0.0277778
1 0.255469 0.988194 0.0117188 0.0208333
1 0.985937 0.8375 0.021875 0.0361111
0 0.301953 0.0404514 0.0234375 0.0807292
0 0.301172 0.0291233 0.021875 0.055816
0 0.59375 0.0151693 0.0328125 0.018533
0 0.0580078 0.0228299 0.112305 0.0456597
0 0.579687 0 0.0796875 0
0 0.649219 0.905556 0.075 0.168056
0 0.700781 1 0.046875 0
1 0.648828 0.902778 0.0742188 0.172222
1 0.909375 0.0391819 0.0375 0.0730252
1 0.911719 0.820833 0.0453125 0.1
0 0.255469 0.988194 0.0117188 0.0208333
0 0.070166 0.0203776 0.0868164 0.0407552
1 0.5875 0.108507 0.0125 0.0380208
0 0.98125 0.882639 0.01875 0.0305556
1 0.89375 0.877083 0.0828125 0.213889
0 0.985937 0.8375 0.021875 0.0361111
0 0.932031 0.245486 0.034375 0.0506944
0 0.0803711 0.0191189 0.065625 0.0382378
0 0.996875 0.759722 0.00625 0.0555556
0 1 0.0656684 0 0.128385
0 0.882812 0.873611 0.053125 0.233333
0 0.651563 0.531944 0.0390625 0.0375
1 0.562891 0.117014 0.0632813 0.0555556
0 0.252734 0.43125 0.00703125 0.0125
1 0.5625 0.181597 0.0578125 0.0503472
1 0.978125 0.84375 0.025 0.0486111
1 0.282031 0.389931 0.00703125 0.0138889
1 0.919531 0.791667 0.0265625 0.0361111
1 0.205859 0.411111 0.0125 0.0319444
0 0.784766 0.436111 0.0679687 0.0680556
0 0.563281 0.117014 0.0640625 0.05625
0 0.5625 0.181901 0.0578125 0.0514757
0 0.703125 0.0388021 0.028125 0.0776042
0 0.635156 0.0360677 0.0265625 0.0713542
0 0.946094 0.0438368 0.0359375 0.0855903
0 0.559375 0.0631944 0.05625 0.0512153
0 0.80625 0.0381076 0.03125 0.0762153
0 0.66875 0.0365885 0.028125 0.0731771
0 0.909375 0.0389323 0.0375 0.0723958
0 0.572656 0.238021 0.0515625 0.0524306
0 0.704687 0.968056 0.0578125 0.0611111
1 0.704297 0.968056 0.0585938 0.0611111
1 0.982813 0.838889 0.015625 0.0333333
0 0.599219 0.0150228 0.0375 0.019694
1 0.252734 0.43125 0.00703125 0.0125
1 0.98125 0.858333 0.025 0.075
0 0.911719 0.822917 0.046875 0.101389
1 0.559375 0.0634115 0.0546875 0.0506076
0 0.895312 0.880556 0.084375 0.220833
0 0.903125 0.860417 0.0640625 0.176389
1 0.766406 0.0612847 0.009375 0.0130208
0 0.944531 0.309722 0.0328125 0.0333333
1 0.98125 0.836111 0.0140625 0.0263889
0 0.301172 0.0289497 0.021875 0.0556424
0 0.301953 0.040842 0.0234375 0.0815104
1 0.980469 0.880556 0.0203125 0.0333333
0 0.98125 0.858333 0.025 0.075
1 0.925 0.861111 0.0125 0.0138889
1 0.946094 0.0442274 0.0359375 0.0849826
1 0.255469 0.988194 0.0117188 0.0208333
2 0.704687 0.968056 0.0578125 0.0611111
0 0.982813 0.838889 0.015625 0.0333333
1 0.985937 0.8375 0.021875 0.0361111
0 0.579687 0 0.0796875 0
0 0.700391 1 0.046875 0
0 0.648828 0.90625 0.0742188 0.166667
1 0.9125 0.820139 0.04375 0.0958333
1 0.909375 0.0391927 0.0375 0.0730903
0 0.59375 0.0151476 0.0335938 0.0186198
0 0.0579102 0.0241319 0.1125 0.0482639
1 0.587891 0.108333 0.0117188 0.0375
0 0.0690918 0.0213325 0.0895508 0.0426649
1 0.648828 0.902778 0.0742188 0.172222
0 0.255469 0.988194 0.0117188 0.0208333
0 0.932031 0.245833 0.0359375 0.0506944
0 0.0783203 0.0196181 0.0701172 0.0392361
0 0.98125 0.882639 0.01875 0.0305556
0 0.105371 0.440972 0.0296875 0.0444444
1 0.89375 0.877778 0.084375 0.216667
0 0.985937 0.8375 0.021875 0.0361111
0 0.98125 0.836111 0.0140625 0.0263889
1 0.5625 0.181597 0.0578125 0.0503472
0 0.884375 0.870139 0.05625 0.243056
0 0.875 0.953472 0.071875 0.0875
1 0.91875 0.791667 0.028125 0.0388889
1 0.562891 0.117014 0.0632813 0.0559028
0 0.996875 0.761111 0.00625 0.0555556
0 0.553125 0.243056 0.0265625 0.0527778
0 1 0.0640625 0 0.126389
1 0.298047 0.218403 0.0046875 0.0145833
0 0.651563 0.531944 0.0390625 0.0375
0 0.784766 0.436111 0.0679687 0.0680556
0 0.563281 0.117014 0.0640625 0.05625
0 0.5625 0.182118 0.0578125 0.0513889
0 0.703125 0.0388455 0.028125 0.077691
0 0.635156 0.0360352 0.0265625 0.0713325
0 0.946094 0.043826 0.0359375 0.085612
0 0.559375 0.063151 0.05625 0.0511285
0 0.80625 0.0380208 0.03125 0.0760417
0 0.66875 0.0366319 0.028125 0.0732639
0 0.909375 0.038878 0.0375 0.0724175
0 0.572656 0.237847 0.0515625 0.0520833
0 0.704687 0.968056 0.0578125 0.0625
1 0.703906 0.968056 0.059375 0.0611111
0 0.911719 0.820833 0.0453125 0.0972222
0 0.599609 0.0150608 0.0382813 0.0194878
1 0.252734 0.43125 0.00703125 0.0125
1 0.982813 0.8375 0.015625 0.0305556
1 0.982031 0.858333 0.025 0.075
1 0.559375 0.0633247 0.0546875 0.050434
0 0.90625 0.849306 0.05625 0.154167
0 0.894531 0.88125 0.0859375 0.222222
1 0.766406 0.0612847 0.009375 0.0130208
0 0.301953 0.0414497 0.0234375 0.0827257
0 0.301172 0.0289063 0.021875 0.0555556
0 0.945312 0.309896 0.034375 0.0333333
0 0.649219 0.9125 0.075 0.155556
0 0.982813 0.8375 0.015625 0.0305556
1 0.946094 0.0442708 0.0359375 0.0850694
1 0.980469 0.880556 0.0203125 0.0333333
0 0.982031 0.858333 0.025 0.075
1 0.925 0.861111 0.0125 0.0138889
1 0.255469 0.988889 0.0113281 0.0194444
1 0.9125 0.819444 0.04375 0.0944444
0 0.700391 1 0.0476562 0
1 0.985937 0.8375 0.021875 0.0361111
0 0.0681763 0.0220052 0.0913818 0.0440104
1 0.909375 0.0392361 0.0375 0.0731771
0 0.0578125 0.0245877 0.112695 0.0491753
0 0.579687 0 0.0796875 0
2 0.704687 0.968056 0.0578125 0.0611111
1 0.587891 0.108333 0.0117188 0.0378472
0 0.59375 0.0151421 0.0328125 0.0183268
0 0.932031 0.245833 0.0359375 0.0503472
1 0.648828 0.902083 0.0742188 0.173611
0 0.106055 0.440278 0.0292969 0.0430556
0 0.979688 0.881944 0.021875 0.0347222
0 0.255469 0.988889 0.0113281 0.0194444
0 0.985937 0.8375 0.021875 0.0361111
1 0.892969 0.877778 0.0859375 0.213889
0 0.0801758 0.0197917 0.0705078 0.0395833
0 0.875781 0.952778 0.0734375 0.0888889
1 0.978125 0.852778 0.028125 0.0694444
1 0.978125 0.841667 0.025 0.0444444
0 0.996875 0.759028 0.00625 0.0527778
0 0.69375 1 0.0398437 0
0 0.876562 0.917361 0.075 0.159722
1 0.91875 0.791667 0.028125 0.0388889
0 0.553125 0.242882 0.0257812 0.0520833
0 0.883594 0.872917 0.059375 0.240278
0 0.784766 0.436111 0.0679687 0.0680556
0 0.563281 0.117014 0.0640625 0.05625
0 0.5625 0.182118 0.0578125 0.0513889
0 0.703125 0.0388455 0.028125 0.077691
0 0.635156 0.0360352 0.0265625 0.0713325
0 0.946094 0.0437609 0.0359375 0.0857422
0 0.559375 0.0630642 0.05625 0.0511285
0 0.80625 0.0379774 0.03125 0.0759549
0 0.66875 0.0366319 0.028125 0.0732639
0 0.909375 0.0388889 0.0375 0.0724826
0 0.572656 0.237847 0.0515625 0.0520833
0 0.704687 0.968056 0.0578125 0.0611111
1 0.703906 0.968056 0.059375 0.0611111
0 0.911719 0.820139 0.0453125 0.0958333
1 0.252734 0.43125 0.00703125 0.0125
1 0.982813 0.838889 0.015625 0.0333333
0 0.6 0.0151042 0.0390625 0.0194444
1 0.982813 0.858333 0.025 0.075
1 0.559375 0.0632813 0.0546875 0.0505208
0 0.301953 0.0418403 0.0234375 0.0833333
0 0.909375 0.8375 0.053125 0.130556
0 0.301172 0.0289497 0.021875 0.0555556
1 0.766406 0.0613281 0.009375 0.0130208
0 0.89375 0.881944 0.0875 0.222222
0 0.649219 0.913889 0.075 0.154167
1 0.98125 0.836111 0.0140625 0.025
1 0.9125 0.819444 0.04375 0.0944444
0 0.945312 0.309722 0.034375 0.0333333
1 0.946094 0.0442274 0.0359375 0.0851562
0 0.982813 0.858333 0.025 0.075
0 0.982813 0.838889 0.015625 0.0333333
1 0.255469 0.988889 0.0113281 0.0194444
1 0.980469 0.880556 0.0203125 0.0333333
1 0.925 0.861111 0.0125 0.0138889
0 0.0679565 0.0222005 0.0918213 0.044401
0 0.700391 1 0.0476562 0
0 0.932031 0.246007 0.0359375 0.05
1 0.985937 0.8375 0.021875 0.0361111
1 0.909375 0.0392361 0.0375 0.0732639
0 0.059668 0.0292101 0.119336 0.0584201
0 0.59375 0.0150553 0.0328125 0.0180664
1 0.5875 0.108507 0.0125 0.0381944
0 0.579687 0 0.0796875 0
0 0.979688 0.881944 0.021875 0.0347222
2 0.704297 0.968056 0.0585938 0.0611111
0 0.105859 0.440278 0.0294922 0.0430556
0 0.255469 0.988889 0.0113281 0.0194444
0 0.0798828 0.0198351 0.0712891 0.0396701
1 0.648828 0.901389 0.0742188 0.175
0 0.875781 0.951389 0.0734375 0.0916667
0 0.985937 0.8375 0.021875 0.0361111
1 0.89375 0.877778 0.084375 0.213889
0 0.875781 0.920139 0.0734375 0.154167
0 0.69375 1 0.0390625 0
0 0.98125 0.836111 0.0140625 0.025
1 0.978125 0.853472 0.028125 0.0694444
0 0.996875 0.759028 0.00625 0.0527778
0 0.348828 0.786111 0.15 0.0916667
1 0.91875 0.793056 0.028125 0.0388889
0 0.707031 1 0.0390625 0
0 0.553125 0.243056 0.025 0.0520833
0 0.784766 0.436111 0.0679687 0.06875
0 0.563281 0.116927 0.0640625 0.0564236
0 0.5625 0.181597 0.0578125 0.0506944
0 0.703125 0.0388672 0.028125 0.0777344
0 0.635156 0.0360243 0.0265625 0.0712674
0 0.946094 0.04375 0.0359375 0.0857639
0 0.559375 0.0630208 0.05625 0.0510417
0 0.80625 0.0381076 0.03125 0.0762153
0 0.66875 0.0366319 0.028125 0.0732639
0 0.909375 0.0388889 0.0375 0.0724826
0 0.573047 0.237847 0.0515625 0.0520833
0 0.704297 0.968056 0.0578125 0.0625
1 0.703906 0.968056 0.059375 0.0611111
0 0.9125 0.820139 0.04375 0.0958333
1 0.982813 0.858333 0.025 0.075
1 0.252734 0.43125 0.00703125 0.0125
1 0.982813 0.839583 0.015625 0.0347222
0 0.6 0.0151476 0.0390625 0.019401
0 0.301953 0.0417643 0.0234375 0.083138
1 0.559375 0.0631944 0.0546875 0.0505208
0 0.301172 0.0289931 0.021875 0.0556424
1 0.9125 0.819444 0.04375 0.0944444
0 0.649219 0.915278 0.075 0.151389
0 0.982813 0.858333 0.025 0.075
1 0.766406 0.0613281 0.009375 0.0130208
1 0.98125 0.836111 0.0140625 0.025
1 0.946094 0.0442274 0.0359375 0.0851562
0 0.89375 0.88125 0.0875 0.223611
1 0.255469 0.988889 0.0109375 0.0194444
0 0.982813 0.839583 0.015625 0.0347222
1 0.980469 0.880556 0.0203125 0.0333333
0 0.0677734 0.0222222 0.0923828 0.0444444
0 0.909375 0.834722 0.0515625 0.125
0 0.7 1 0.0484375 0
1 0.925 0.861111 0.0125 0.0138889
1 0.909375 0.039247 0.0375 0.0732422
0 0.932031 0.246181 0.0359375 0.05
1 0.985937 0.8375 0.021875 0.0361111
0 0.945312 0.309722 0.034375 0.0333333
0 0.0595703 0.0294054 0.119141 0.0588108
0 0.594141 0.0150553 0.0328125 0.0180664
0 0.0798828 0.01977 0.0710938 0.0395399
0 0.979688 0.881944 0.021875 0.0347222
0 0.579687 0 0.0796875 0
1 0.5875 0.108854 0.0125 0.0388889
0 0.105859 0.440278 0.0296875 0.0416667
0 0.255469 0.988889 0.0109375 0.0194444
2 0.703906 0.968056 0.059375 0.0611111
0 0.985937 0.8375 0.021875 0.0361111
0 0.693359 1 0.0398437 0
0 0.875 0.950694 0.071875 0.0930556
0 0.347266 0.786111 0.153906 0.0930556
0 0.875 0.922222 0.071875 0.15
1 0.89375 0.877083 0.0859375 0.2125
1 0.91875 0.793056 0.028125 0.0402778
0 0.996875 0.758333 0.00625 0.0527778
1 0.978125 0.854167 0.0296875 0.0694444
0 0.945312 0.800694 0.028125 0.0458333
0 0.98125 0.836111 0.0140625 0.025
0 0.784766 0.436111 0.0679687 0.06875
0 0.563281 0.11684 0.0640625 0.05625
0 0.5625 0.181597 0.0578125 0.0503472
0 0.703125 0.0388672 0.028125 0.0777344
0 0.635156 0.0359809 0.0265625 0.0712674
0 0.945312 0.0437609 0.0375 0.0857422
0 0.559375 0.0630208 0.05625 0.0510417
0 0.80625 0.0381076 0.03125 0.0762153
0 0.66875 0.0366319 0.028125 0.0732639
0 0.909375 0.0389323 0.0375 0.0723958
0 0.573047 0.2375 0.0515625 0.0513889
0 0.704297 0.968056 0.0585938 0.0625
1 0.703906 0.968056 0.059375 0.0611111
0 0.9125 0.819444 0.04375 0.0944444
1 0.982031 0.858333 0.0265625 0.075
1 0.982813 0.840278 0.0171875 0.0361111
1 0.252734 0.43125 0.00703125 0.0125
0 0.6 0.0152344 0.0390625 0.0192274
1 0.559375 0.0631944 0.0554687 0.0505208
0 0.301953 0.0417969 0.0234375 0.0830729
1 0.982031 0.836111 0.0140625 0.0277778
0 0.301172 0.0290365 0.021875 0.0556424
0 0.649219 0.915972 0.075 0.15
1 0.9125 0.819444 0.04375 0.0944444
1 0.945312 0.044184 0.0375 0.0850694
0 0.982031 0.858333 0.0265625 0.075
1 0.766406 0.0613715 0.009375 0.012934
0 0.982813 0.840278 0.0171875 0.0361111
1 0.909375 0.0391927 0.0375 0.0730903
0 0.89375 0.881944 0.0875 0.225
1 0.255469 0.988889 0.0109375 0.0194444
1 0.980469 0.880556 0.0203125 0.0333333
0 0.0672729 0.0222656 0.0935791 0.0445312
0 0.982031 0.836111 0.0140625 0.0277778
1 0.925 0.861111 0.0125 0.0138889
0 0.7 1 0.0484375 0
1 0.985937 0.8375 0.0234375 0.0388889
0 0.932031 0.246007 0.0359375 0.0503472
0 0.0742676 0.0200521 0.0749023 0.0401042
0 0.594531 0.015191 0.0328125 0.0180556
0 0.979688 0.881944 0.021875 0.0347222
0 0.0595215 0.0299913 0.119043 0.0599826
1 0.5875 0.108941 0.0125 0.0390625
0 0.105859 0.440278 0.0300781 0.0416667
0 0.255469 0.988889 0.0109375 0.0194444
0 0.579687 0 0.0796875 0
0 0.349219 0.786111 0.149219 0.0916667
0 0.693359 1 0.0398437 0
0 0.945312 0.800694 0.028125 0.0458333
2 0.703906 0.968056 0.059375 0.0611111
0 0.985937 0.8375 0.0234375 0.0388889
0 0.909375 0.836111 0.0515625 0.127778
1 0.89375 0.876389 0.0859375 0.211111
0 0.875 0.95 0.071875 0.0944444
0 0.996875 0.759028 0.00625 0.0527778
1 0.91875 0.793056 0.028125 0.0402778
1 0.978125 0.854167 0.0296875 0.0694444
0 0.875 0.920833 0.071875 0.151389
0 0.784766 0.436111 0.0679687 0.06875
0 0.563281 0.116927 0.0640625 0.0564236
0 0.5625 0.181424 0.0578125 0.0503472
0 0.635156 0.0360243 0.0265625 0.0712674
0 0.703125 0.0388889 0.028125 0.0777778
0 0.945312 0.0437934 0.0375 0.0856771
0 0.559375 0.0630208 0.05625 0.0510417
0 0.80625 0.0381293 0.03125 0.0762587
0 0.66875 0.0366753 0.028125 0.0733507
0 0.573047 0.2375 0.0515625 0.0513889
0 0.909375 0.0389323 0.0375 0.0723958
0 0.704297 0.968056 0.0585938 0.0625
1 0.703906 0.968056 0.059375 0.0611111
0 0.9125 0.819444 0.04375 0.0944444
1 0.982031 0.858333 0.0265625 0.075
0 0.649609 0.9125 0.075 0.155556
1 0.982813 0.840278 0.0171875 0.0361111
0 0.6 0.0152778 0.0390625 0.019184
0 0.301953 0.0418403 0.0234375 0.0829861
1 0.252734 0.43125 0.00703125 0.0125
0 0.301172 0.0290365 0.021875 0.0556424
1 0.559375 0.0631076 0.0554687 0.0505208
1 0.945312 0.0442274 0.0375 0.0849826
1 0.982031 0.836111 0.0140625 0.0277778
1 0.9125 0.819444 0.04375 0.0944444
0 0.982031 0.858333 0.0265625 0.075
1 0.909375 0.0392361 0.0375 0.0730035
0 0.982813 0.840278 0.0171875 0.0361111
1 0.766406 0.0613715 0.009375 0.0130208
1 0.255469 0.988889 0.0109375 0.0194444
0 0.89375 0.881944 0.0875 0.225
1 0.980469 0.880556 0.0203125 0.0333333
0 0.0672729 0.0221788 0.0935791 0.0443576
1 0.925 0.861111 0.0125 0.0138889
0 0.982031 0.836111 0.0140625 0.0277778
0 0.7 1 0.0484375 0
1 0.985937 0.838194 0.0234375 0.0388889
0 0.594141 0.0151693 0.0335938 0.0179253
0 0.0743042 0.0200087 0.0744385 0.0400174
0 0.979688 0.881944 0.021875 0.0361111
0 0.932031 0.246007 0.0359375 0.0503472
0 0.105762 0.440278 0.0300781 0.0416667
1 0.5875 0.108854 0.0125 0.0392361
0 0.0595703 0.0317274 0.119141 0.0634549
0 0.579687 0 0.0796875 0
0 0.255469 0.988889 0.0109375 0.0194444
0 0.350977 0.786111 0.145703 0.0888889
0 0.945312 0.800694 0.0296875 0.0458333
0 0.985937 0.838194 0.0234375 0.0388889
0 0.69375 1 0.0390625 0
1 0.89375 0.875694 0.084375 0.209722
2 0.703906 0.968056 0.059375 0.0611111
1 0.978125 0.854167 0.0296875 0.0694444
0 0.917188 0.0077908 0.025 0.0128906
1 0.91875 0.793056 0.028125 0.0402778
0 0.784766 0.436111 0.0679687 0.06875
0 0.563281 0.11684 0.0640625 0.0564236
0 0.5625 0.181424 0.0578125 0.0503472
0 0.703125 0.0389323 0.028125 0.0778646
0 0.635156 0.0360243 0.0265625 0.0712674
0 0.559375 0.0629774 0.05625 0.0511285
0 0.945312 0.0437934 0.0375 0.0856771
0 0.80625 0.0381293 0.03125 0.0762587
0 0.66875 0.0367187 0.028125 0.0734375
0 0.573047 0.2375 0.0515625 0.0513889
0 0.909375 0.0390191 0.0375 0.0723958
0 0.704297 0.968056 0.0585938 0.0625
1 0.703906 0.968056 0.059375 0.0611111
0 0.649609 0.914583 0.075 0.151389
0 0.9125 0.819444 0.04375 0.0944444
1 0.982031 0.858333 0.0265625 0.075
0 0.301953 0.0418837 0.0234375 0.0830729
1 0.945312 0.0442708 0.0375 0.0850694
1 0.982813 0.841667 0.0171875 0.0388889
0 0.6 0.0150553 0.040625 0.0203234
0 0.301367 0.0291233 0.0222656 0.0557292
1 0.9125 0.819444 0.04375 0.0944444
1 0.252734 0.43125 0.00703125 0.0131944
1 0.559375 0.0631076 0.0554687 0.0505208
1 0.909375 0.0393338 0.0375 0.0730686
1 0.982031 0.836111 0.0140625 0.0277778
0 0.982031 0.858333 0.0265625 0.075
0 0.982813 0.841667 0.0171875 0.0388889
1 0.255469 0.988889 0.0109375 0.0194444
1 0.766406 0.0614149 0.009375 0.0131076
0 0.89375 0.88125 0.0875 0.223611
0 0.0668457 0.0222439 0.0944336 0.0444878
1 0.98125 0.879167 0.021875 0.0361111
1 0.925 0.861111 0.0125 0.0138889
0 0.982031 0.836111 0.0140625 0.0277778
0 0.594531 0.0152344 0.0328125 0.0178385
1 0.985937 0.838889 0.025 0.0388889
0 0.7 1 0.0484375 0
1 0.5875 0.108854 0.0125 0.0392361
0 0.0594727 0.0326172 0.118945 0.0652344
0 0.0742676 0.0200521 0.0741211 0.0401042
0 0.105664 0.439931 0.0302734 0.0416667
0 0.93125 0.245833 0.0375 0.0506944
0 0.945312 0.801389 0.0296875 0.0472222
0 0.979688 0.881944 0.021875 0.0361111
0 0.255469 0.988889 0.0109375 0.0194444
1 0.894531 0.874306 0.084375 0.206944
0 0.579687 0 0.0796875 0
2 0.703906 0.968056 0.059375 0.0611111
1 0.91875 0.793056 0.0296875 0.0402778
0 0.917188 0.0078776 0.025 0.0131076
0 0.985937 0.838889 0.025 0.0388889
0 0.5625 0.221528 0.065625 0.0784722
0 0.784766 0.436111 0.0679687 0.06875
0 0.563281 0.11684 0.0640625 0.05625
0 0.5625 0.181207 0.0578125 0.0500868
0 0.703125 0.0389757 0.028125 0.0779514
0 0.635156 0.0360352 0.0265625 0.0711589
0 0.559375 0.062934 0.05625 0.0510417
0 0.945312 0.0438477 0.0375 0.0857422
0 0.80625 0.038151 0.03125 0.0763021
0 0.66875 0.0367187 0.028125 0.0734375
0 0.573047 0.237326 0.0515625 0.0510417
0 0.909375 0.0391602 0.0375 0.0723741
0 0.703906 0.968056 0.0578125 0.0625
1 0.703906 0.968056 0.059375 0.0611111
0 0.649609 0.916667 0.075 0.147222
1 0.945312 0.0443142 0.0375 0.0849826
0 0.302344 0.0419162 0.0242187 0.0830078
0 0.911719 0.820139 0.0453125 0.0958333
1 0.982813 0.858333 0.025 0.075
1 0.982813 0.840972 0.0171875 0.0375
1 0.9125 0.819444 0.04375 0.0944444
1 0.909375 0.0394531 0.0375 0.0730035
0 0.600391 0.0151096 0.0398437 0.0204753
0 0.301562 0.0292535 0.0226563 0.0559028
1 0.559375 0.0631076 0.0554687 0.0503472
1 0.252734 0.43125 0.00703125 0.0131944
1 0.982031 0.836111 0.0140625 0.0277778
0 0.982813 0.858333 0.025 0.075
0 0.982813 0.840972 0.0171875 0.0375
1 0.255469 0.988889 0.0109375 0.0194444
0 0.89375 0.880556 0.0875 0.222222
1 0.766406 0.0614583 0.009375 0.0131944
0 0.0671021 0.022678 0.0937256 0.0453559
0 0.982031 0.836111 0.0140625 0.0277778
1 0.925 0.861111 0.0125 0.0138889
1 0.985937 0.838194 0.0234375 0.0388889
1 0.98125 0.879167 0.021875 0.0361111
0 0.594531 0.0152561 0.0328125 0.0177517
0 0.059375 0.0335286 0.11875 0.0670573
0 0.93125 0.24566 0.0375 0.0510417
0 0.0741211 0.0201389 0.0744141 0.0402778
1 0.5875 0.109028 0.0125 0.0395833
0 0.7 1 0.0484375 0
1 0.894531 0.875 0.084375 0.208333
0 0.255469 0.988889 0.0109375 0.0194444
0 0.945312 0.800694 0.0296875 0.0472222
0 0.105664 0.439931 0.0304688 0.0416667
0 0.5625 0.22066 0.065625 0.0795139
0 0.579687 0 0.0796875 0
1 0.91875 0.793056 0.0296875 0.0402778
0 0.985937 0.838194 0.0234375 0.0388889
0 0.980469 0.880556 0.01875 0.0333333
0 0.648438 0.8875 0.075 0.205556
1 0.917188 0.806944 0.034375 0.0666667
0 0.784766 0.436111 0.0679687 0.0680556
0 0.563281 0.116753 0.0640625 0.0564236
0 0.5625 0.181207 0.0578125 0.0500868
0 0.703125 0.0389757 0.028125 0.0779514
0 0.559375 0.0629774 0.05625 0.0511285
0 0.635156 0.0360677 0.0265625 0.0710938
0 0.945312 0.0438802 0.0375 0.0856771
0 0.80625 0.0381944 0.03125 0.0763889
0 0.66875 0.0367622 0.028125 0.0735243
0 0.573047 0.237153 0.0515625 0.0506944
0 0.909375 0.0391819 0.0375 0.0723307
0 0.704297 0.968056 0.0585938 0.0625
1 0.703906 0.968056 0.059375 0.0611111
0 0.649609 0.919444 0.075 0.144444
1 0.945312 0.0443468 0.0375 0.0849175
0 0.9125 0.81875 0.046875 0.0944444
0 0.302148 0.0420247 0.0238281 0.0833116
1 0.909375 0.0394965 0.0375 0.0729167
1 0.982813 0.856944 0.025 0.0722222
1 0.982813 0.838889 0.015625 0.0333333
1 0.9125 0.819444 0.04375 0.0958333
0 0.301562 0.0298611 0.0226563 0.0563368
0 0.600781 0.0151476 0.040625 0.0205729
1 0.559375 0.0631076 0.0554687 0.0503472
1 0.252734 0.43125 0.00703125 0.0138889
0 0.982813 0.856944 0.025 0.0722222
0 0.982813 0.838889 0.015625 0.0333333
1 0.98125 0.836111 0.0140625 0.025
0 0.894531 0.88125 0.0890625 0.223611
1 0.255664 0.988889 0.0113281 0.0194444
1 0.766406 0.0614149 0.009375 0.0131076
1 0.985937 0.8375 0.0234375 0.0388889
1 0.925 0.861111 0.0125 0.0138889
0 0.0681519 0.0228733 0.0914307 0.0457465
1 0.98125 0.879167 0.021875 0.0361111
0 0.0575684 0.0253906 0.113379 0.0507812
0 0.594141 0.0152344 0.0328125 0.0176215
0 0.648438 0.886111 0.075 0.208333
0 0.93125 0.245486 0.0375 0.0513889
1 0.89375 0.875694 0.084375 0.209722
0 0.985937 0.8375 0.0234375 0.0388889
0 0.0595703 0.0356988 0.119141 0.0713976
0 0.562891 0.219792 0.0648438 0.0805556
1 0.587109 0.109028 0.0132813 0.0395833
1 0.91875 0.793056 0.0296875 0.0416667
1 0.916406 0.806944 0.034375 0.0666667
0 0.0744141 0.0201606 0.0736328 0.0403212
0 0.945312 0.800694 0.0296875 0.0472222
0 0.579297 0 0.0789063 0
0 0.784766 0.436111 0.0679687 0.0680556
0 0.563281 0.116753 0.0640625 0.0564236
0 0.5625 0.181424 0.0578125 0.0503472
0 0.703125 0.0390625 0.028125 0.078125
0 0.559375 0.0629774 0.05625 0.0511285
0 0.635156 0.0361111 0.0265625 0.0710069
0 0.945312 0.0438802 0.0375 0.0856771
0 0.80625 0.0382161 0.03125 0.0764323
0 0.66875 0.0368056 0.028125 0.0736111
0 0.909375 0.0391927 0.0375 0.072309
0 0.573047 0.237153 0.0515625 0.0506944
0 0.704297 0.968056 0.0585938 0.0625
1 0.703906 0.968056 0.059375 0.0611111
0 0.649609 0.920833 0.075 0.141667
0 0.9125 0.81875 0.046875 0.0944444
1 0.946094 0.0443576 0.0359375 0.0848958
0 0.302344 0.0420898 0.0242187 0.083355
1 0.909375 0.0395942 0.0375 0.072895
1 0.982813 0.8375 0.015625 0.0305556
1 0.982813 0.856944 0.025 0.0722222
1 0.559375 0.0631076 0.0554687 0.0505208
0 0.301562 0.0299913 0.0226563 0.0565104
0 0.982813 0.8375 0.015625 0.0305556
1 0.9125 0.819444 0.04375 0.0958333
0 0.982813 0.856944 0.025 0.0722222
0 0.600781 0.0151476 0.040625 0.0208333
1 0.98125 0.836111 0.0140625 0.025
1 0.252734 0.43125 0.00703125 0.0138889
0 0.894531 0.880556 0.0890625 0.222222
1 0.255664 0.988889 0.0113281 0.0194444
0 0.648438 0.893056 0.0734375 0.194444
1 0.766016 0.0613715 0.009375 0.0131944
1 0.985937 0.8375 0.021875 0.0361111
1 0.925 0.861111 0.0125 0.0138889
0 0.985937 0.8375 0.021875 0.0361111
1 0.980469 0.879861 0.0203125 0.0347222
0 0.0693359 0.0235243 0.0892578 0.0470486
0 0.98125 0.836111 0.0140625 0.025
0 0.563281 0.219097 0.0640625 0.08125
1 0.89375 0.877778 0.0875 0.213889
0 0.93125 0.245486 0.0375 0.0513889
1 0.5875 0.108941 0.0125 0.0394097
2 0.703906 0.968056 0.059375 0.0611111
1 0.635156 0.0359375 0.0265625 0.071875
0 0.594531 0.0151259 0.0328125 0.0175781
0 0.784766 0.436111 0.0679687 0.0680556
0 0.563281 0.116753 0.0640625 0.0564236
0 0.5625 0.181424 0.0578125 0.0503472
0 0.703125 0.0390625 0.028125 0.078125
0 0.559375 0.0628906 0.05625 0.0511285
0 0.635156 0.036122 0.0265625 0.0709852
0 0.945312 0.0439236 0.0375 0.0855903
0 0.66875 0.0368056 0.028125 0.0736111
0 0.80625 0.0382813 0.03125 0.0763021
0 0.909375 0.0392361 0.0375 0.0722222
0 0.573047 0.236979 0.0515625 0.0503472
0 0.703906 0.968056 0.059375 0.0611111
1 0.703906 0.968056 0.059375 0.0611111
0 0.649219 0.922222 0.075 0.138889
1 0.945312 0.0443902 0.0375 0.0848307
0 0.9125 0.81875 0.046875 0.0944444
1 0.909375 0.0396376 0.0375 0.0728082
0 0.302344 0.0420139 0.0242187 0.0833333
1 0.982813 0.8375 0.015625 0.0305556
0 0.982813 0.8375 0.015625 0.0305556
0 0.982813 0.855556 0.0234375 0.0694444
1 0.559375 0.0631076 0.0554687 0.0505208
1 0.982813 0.855556 0.0234375 0.0694444
0 0.301562 0.0301215 0.0226563 0.0565972
1 0.98125 0.836111 0.0140625 0.025
1 0.9125 0.819444 0.04375 0.0958333
0 0.600781 0.015191 0.040625 0.0210938
0 0.896094 0.879167 0.090625 0.230556
1 0.252734 0.43125 0.00703125 0.0138889
1 0.985937 0.8375 0.021875 0.0361111
0 0.648828 0.884722 0.0742188 0.213889
1 0.766016 0.0613715 0.009375 0.0132813
1 0.255664 0.988889 0.0113281 0.0194444
0 0.985937 0.8375 0.021875 0.0361111
0 0.98125 0.836111 0.0140625 0.025
1 0.648828 0.918056 0.0742188 0.144444
1 0.925 0.861111 0.0125 0.0138889
0 0.563281 0.219097 0.0640625 0.0805556
1 0.635156 0.0359809 0.0265625 0.0719618
2 0.703906 0.968056 0.059375 0.0611111
1 0.5875 0.108854 0.0125 0.0394097
1 0.98125 0.880556 0.01875 0.0333333
1 0.89375 0.877778 0.0875 0.213889
0 0.188672 0.00532769 0.0414063 0.0106554
0 0.784766 0.436111 0.0679687 0.0680556
0 0.563281 0.116667 0.0640625 0.05625
0 0.5625 0.181424 0.0578125 0.0503472
0 0.703125 0.0391385 0.028125 0.0781467
0 0.559375 0.0628906 0.05625 0.0511285
0 0.635156 0.0361979 0.0265625 0.0710069
0 0.945312 0.043967 0.0375 0.0855035
0 0.66875 0.036849 0.028125 0.0736979
0 0.80625 0.038444 0.03125 0.0760634
0 0.909375 0.0393229 0.0375 0.0722222
0 0.573047 0.236806 0.0515625 0.05
0 0.703906 0.968056 0.059375 0.0611111
1 0.703906 0.968056 0.059375 0.0611111
0 0.649219 0.923611 0.075 0.136111
1 0.945312 0.0444336 0.0375 0.0847439
1 0.909375 0.0396701 0.0375 0.0726563
0 0.9125 0.81875 0.046875 0.0944444
1 0.982813 0.8375 0.015625 0.0305556
0 0.302344 0.042003 0.0246094 0.0831814
0 0.982813 0.8375 0.015625 0.0305556
0 0.982813 0.854167 0.021875 0.0666667
1 0.559375 0.0630208 0.0554687 0.0505208
0 0.301562 0.0302517 0.0230469 0.0567708
1 0.982813 0.854167 0.021875 0.0666667
0 0.649219 0.884722 0.075 0.213889
1 0.9125 0.819444 0.0453125 0.0958333
0 0.600781 0.0152344 0.040625 0.0212674
1 0.985156 0.8375 0.021875 0.0361111
0 0.896875 0.879167 0.090625 0.227778
1 0.252734 0.431597 0.00703125 0.0138889
0 0.985156 0.8375 0.021875 0.0361111
1 0.766016 0.0613715 0.009375 0.0133681
1 0.648828 0.920833 0.0742188 0.138889
0 0.685156 0.963194 0.102344 0.0666667
1 0.255664 0.988889 0.0113281 0.0194444
1 0.980469 0.859722 0.0203125 0.0736111
0 0.649219 0.941667 0.0734375 0.0972222
0 0.563281 0.219271 0.0640625 0.0798611
1 0.635156 0.0359809 0.0265625 0.0719618
2 0.703906 0.968056 0.059375 0.0611111
1 0.925 0.861111 0.0125 0.0138889
1 0.814062 0.652778 0.0078125 0.0166667
0 0.188867 0.00527344 0.0414063 0.0105469
0 0.784766 0.436111 0.0679687 0.0680556
0 0.563281 0.116667 0.0640625 0.05625
0 0.5625 0.181424 0.0578125 0.0503472
0 0.703125 0.0392036 0.028125 0.0781901
0 0.559375 0.0628472 0.05625 0.0510417
0 0.635156 0.0362413 0.0265625 0.0708333
0 0.945312 0.0441406 0.0375 0.084809
0 0.66875 0.0369358 0.028125 0.0736979
0 0.80625 0.0386285 0.03125 0.0757812
0 0.909375 0.0393229 0.0375 0.0720486
0 0.573047 0.236806 0.0515625 0.05
0 0.703906 0.968056 0.059375 0.0611111
1 0.703906 0.968056 0.059375 0.0611111
0 0.649219 0.925 0.075 0.133333
1 0.945312 0.044477 0.0375 0.0846571
1 0.909375 0.0397244 0.0375 0.0724609
1 0.982813 0.836806 0.015625 0.0291667
0 0.982813 0.836806 0.015625 0.0291667
0 0.911719 0.81875 0.046875 0.0944444
0 0.302344 0.0418837 0.025 0.0828993
0 0.649219 0.884722 0.075 0.213889
0 0.982813 0.850694 0.021875 0.0597222
0 0.301562 0.0303385 0.0230469 0.0568576
1 0.982813 0.850694 0.021875 0.0597222
1 0.559375 0.0630208 0.0554687 0.0503472
1 0.648828 0.922222 0.0742188 0.136111
1 0.9125 0.819444 0.046875 0.0972222
1 0.985156 0.8375 0.021875 0.0361111
0 0.685938 0.963889 0.1 0.0666667
0 0.985156 0.8375 0.021875 0.0361111
1 0.766016 0.0613715 0.009375 0.0133681
0 0.648828 0.943056 0.0734375 0.0944444
0 0.600781 0.0152778 0.0414063 0.0213542
0 0.896875 0.877778 0.090625 0.225
1 0.252734 0.431597 0.00703125 0.0138889
0 0.98125 0.857639 0.025 0.0763889
0 0.563281 0.219097 0.0640625 0.0791667
1 0.98125 0.857639 0.025 0.0763889
1 0.648828 0.943056 0.0734375 0.0944444
2 0.703906 0.968056 0.059375 0.0611111
1 0.255664 0.988889 0.0113281 0.0194444
0 0.644531 0.952083 0.0640625 0.075
1 0.814062 0.652778 0.0078125 0.0166667
0 0.784766 0.436111 0.0679687 0.0680556
0 0.563281 0.116493 0.0640625 0.05625
0 0.5625 0.181424 0.0578125 0.0503472
0 0.703125 0.0392361 0.028125 0.078125
0 0.559375 0.0628472 0.05625 0.0510417
0 0.635156 0.0362847 0.0265625 0.0706597
0 0.945312 0.0442274 0.0375 0.084809
0 0.66875 0.0369792 0.028125 0.0736111
0 0.80625 0.0387587 0.03125 0.075434
0 0.909375 0.0394097 0.0375 0.071875
0 0.573047 0.236806 0.0515625 0.05
0 0.703906 0.968056 0.059375 0.0611111
1 0.703906 0.968056 0.059375 0.0611111
0 0.649219 0.926389 0.075 0.130556
1 0.945312 0.0445312 0.0375 0.0845486
1 0.909375 0.0398329 0.0375 0.0724175
0 0.982813 0.836806 0.015625 0.0291667
0 0.649219 0.884028 0.075 0.213889
1 0.982813 0.836806 0.015625 0.0291667
0 0.302539 0.0417969 0.0253906 0.0827257
0 0.911719 0.818056 0.046875 0.0944444
0 0.983594 0.847222 0.021875 0.0527778
1 0.648828 0.923611 0.0742188 0.133333
0 0.301562 0.0304688 0.0234375 0.0569444
0 0.686328 0.963889 0.1 0.0666667
1 0.985156 0.836806 0.021875 0.0347222
0 0.985156 0.836806 0.021875 0.0347222
1 0.983594 0.847222 0.021875 0.0527778
1 0.559375 0.0630208 0.0554687 0.0503472
1 0.9125 0.819444 0.046875 0.0958333
1 0.766016 0.0613715 0.009375 0.0135417
0 0.98125 0.852778 0.021875 0.0625
1 0.98125 0.852778 0.021875 0.0625
0 0.600781 0.0153212 0.0421875 0.021441
0 0.896875 0.877083 0.090625 0.223611
0 0.64375 0.952778 0.0640625 0.075
0 0.563672 0.219444 0.0632813 0.0777778
1 0.252734 0.431597 0.00703125 0.0138889
2 0.703906 0.968056 0.059375 0.0611111
0 0.784766 0.436111 0.0679687 0.06875
0 0.563281 0.116493 0.0640625 0.05625
0 0.5625 0.181424 0.0578125 0.0503472
0 0.703125 0.039247 0.028125 0.0781033
0 0.559375 0.0628472 0.05625 0.0510417
0 0.635156 0.0362956 0.0265625 0.070638
0 0.945312 0.0442708 0.0375 0.0847222
0 0.66875 0.037066 0.028125 0.0735243
0 0.80625 0.038878 0.03125 0.0751953
0 0.909375 0.0394965 0.0375 0.0719618
0 0.573047 0.236806 0.0515625 0.05
0 0.703906 0.968056 0.059375 0.0611111
1 0.703906 0.968056 0.059375 0.0611111
0 0.649219 0.927083 0.075 0.129167
1 0.945312 0.0445747 0.0375 0.0844618
1 0.909375 0.0399197 0.0375 0.0722439
0 0.649219 0.883333 0.075 0.215278
0 0.982813 0.836806 0.015625 0.0291667
1 0.982813 0.836806 0.015625 0.0291667
1 0.649219 0.925 0.075 0.130556
0 0.302734 0.0417535 0.0257812 0.0826389
0 0.983594 0.845833 0.021875 0.05
0 0.9125 0.818056 0.046875 0.0944444
0 0.686328 0.963889 0.1 0.0666667
1 0.648438 0.94375 0.0734375 0.0930556
0 0.301562 0.0305556 0.0234375 0.0570313
1 0.985156 0.836806 0.021875 0.0347222
0 0.985156 0.836806 0.021875 0.0347222
1 0.983594 0.845833 0.021875 0.05
1 0.766016 0.0613715 0.009375 0.0135417
1 0.9125 0.81875 0.046875 0.0944444
1 0.559375 0.0630208 0.0554687 0.0503472
0 0.98125 0.852083 0.021875 0.0611111
1 0.98125 0.852083 0.021875 0.0611111
0 0.64375 0.952778 0.0632813 0.075
0 0.600781 0.0153429 0.0421875 0.0215278
0 0.65 0.944444 0.0757812 0.0916667
0 0.564062 0.220313 0.0640625 0.0760417
0 0.897656 0.876389 0.0921875 0.222222
2 0.703906 0.968056 0.059375 0.0611111
0 0.98125 0.857639 0.025 0.0763889
1 0.638672 0.952083 0.053125 0.0736111
1 0.252734 0.431597 0.00742187 0.0138889
0 0.784766 0.436111 0.0679687 0.06875
0 0.563281 0.116493 0.0640625 0.05625
0 0.5625 0.181424 0.0578125 0.0503472
0 0.703125 0.0393229 0.0273438 0.078125
0 0.559375 0.0628472 0.05625 0.0508681
0 0.635156 0.036849 0.0265625 0.0706597
0 0.945312 0.0443142 0.0375 0.0846354
0 0.66875 0.0371528 0.028125 0.0735243
0 0.80625 0.0390625 0.03125 0.0750868
0 0.573047 0.236632 0.0515625 0.0496528
0 0.909375 0.0395399 0.0375 0.071875
0 0.703906 0.968056 0.059375 0.0611111
1 0.703906 0.968056 0.059375 0.0611111
0 0.649219 0.927778 0.075 0.127778
1 0.945312 0.0446181 0.0375 0.084375
1 0.909375 0.0399631 0.0375 0.0721571
0 0.649219 0.883333 0.075 0.216667
0 0.982813 0.836806 0.015625 0.0291667
1 0.649219 0.926389 0.075 0.130556
1 0.982813 0.836806 0.015625 0.0291667
0 0.982813 0.844444 0.021875 0.0472222
0 0.302734 0.0416667 0.0257812 0.0824653
0 0.6875 0.963889 0.0976562 0.0666667
1 0.648438 0.944444 0.0734375 0.0916667
0 0.911719 0.820833 0.046875 0.0986111
0 0.301562 0.0306424 0.0234375 0.0571181
1 0.984375 0.836806 0.021875 0.0347222
0 0.984375 0.836806 0.021875 0.0347222
1 0.982813 0.844444 0.021875 0.0472222
1 0.766016 0.0613715 0.009375 0.0135417
1 0.9125 0.819444 0.046875 0.0958333
0 0.98125 0.851389 0.021875 0.0597222
0 0.64375 0.953472 0.0625 0.0736111
1 0.638281 0.952778 0.0515625 0.075
1 0.559375 0.062934 0.0554687 0.0503472
0 0.564062 0.220833 0.0632813 0.0743056
1 0.98125 0.851389 0.021875 0.0597222
0 0.601172 0.0153863 0.0421875 0.0217014
2 0.703906 0.968056 0.059375 0.0611111
0 0.784766 0.436111 0.0679687 0.0680556
0 0.563281 0.116493 0.0640625 0.05625
0 0.5625 0.181424 0.0578125 0.0503472
0 0.703125 0.0393229 0.0273438 0.078125
0 0.559375 0.0628472 0.05625 0.0508681
0 0.635156 0.036849 0.0265625 0.0706597
0 0.945312 0.0443142 0.0375 0.0846354
0 0.66875 0.0371528 0.028125 0.0735243
0 0.80625 0.0390516 0.03125 0.0750217
0 0.573047 0.236632 0.0515625 0.0496528
0 0.909375 0.0395399 0.0375 0.071875
0 0.703906 0.968056 0.059375 0.0611111
1 0.703906 0.968056 0.059375 0.0611111
0 0.649219 0.927778 0.075 0.127778
1 0.945312 0.0446181 0.0375 0.084375
1 0.909375 0.0399197 0.0375 0.0720703
0 0.649219 0.883333 0.075 0.216667
0 0.982813 0.836806 0.015625 0.0291667
1 0.649219 0.926389 0.075 0.130556
1 0.982813 0.836806 0.015625 0.0291667
0 0.982813 0.844444 0.021875 0.0472222
0 0.302734 0.0416667 0.0257812 0.0824653
0 0.6875 0.963889 0.0976562 0.0666667
1 0.648438 0.944444 0.0734375 0.0916667
0 0.911719 0.820833 0.046875 0.0986111
0 0.301562 0.0306424 0.0234375 0.0571181
1 0.984375 0.836806 0.021875 0.0347222
0 0.984375 0.836806 0.021875 0.0347222
1 0.982813 0.844444 0.021875 0.0472222
1 0.766016 0.0613715 0.009375 0.0135417
1 0.9125 0.819444 0.046875 0.0958333
0 0.98125 0.851389 0.021875 0.0597222
0 0.64375 0.953472 0.0632813 0.0736111
1 0.559375 0.062934 0.0554687 0.0503472
1 0.638281 0.952778 0.0515625 0.075
0 0.564062 0.220833 0.0632813 0.0746528
1 0.98125 0.851389 0.021875 0.0597222
0 0.601172 0.0153863 0.0421875 0.0217014
2 0.703906 0.968056 0.059375 0.0611111
