3 0.5125 0.329861 0.0875 0.130556
1 0.873438 0.274653 0.015625 0.0173611
0 0.355469 0.867361 0.015625 0.0388889
1 0.358594 0.876389 0.00703125 0.0194444
1 0.355469 0.868056 0.015625 0.0388889
0 0.00953369 0.916667 0.0175537 0.025
0 0.356445 0.861111 0.0152344 0.0305556
1 0.874219 0.278819 0.0171875 0.0236111
0 0.358594 0.876389 0.00703125 0.0194444
1 0.356445 0.861111 0.0152344 0.0305556
1 0.209375 0.420139 0.00585938 0.0125
1 0.108398 0.245833 0.00625 0.0104167
0 0.00814209 0.950694 0.0162842 0.0847222
1 0.875 0.282986 0.01875 0.0326389
1 0.877344 0.278819 0.015625 0.0215278
1 0.965625 0.380556 0.0125 0.0152778
0 0.873438 0.276389 0.015625 0.0194444
0 0.358594 0.866667 0.0171875 0.0416667
1 0.716016 0.618056 0.0046875 0.0111111
1 0.959375 0.378472 0.009375 0.0166667
1 0.958594 0.373264 0.0078125 0.0166667
0 0.209375 0.420139 0.00585938 0.0125
1 0.872656 0.272917 0.015625 0.0256944
1 0.00957031 0.915972 0.0175293 0.0236111
1 0.903125 0.324132 0.009375 0.0135417
1 0.984375 0.334375 0.009375 0.0152778
1 0.753516 0.519444 0.00546875 0.0125
1 0.208984 0.421528 0.00703125 0.0138889
1 0.207617 0.420139 0.00898437 0.0125
1 0.358594 0.866667 0.0171875 0.0416667
3 0.5125 0.330208 0.0875 0.131944
1 0.358984 0.879167 0.00703125 0.0166667
1 0.871875 0.273264 0.0125 0.0145833
1 0.355859 0.868056 0.0140625 0.0361111
1 0.873438 0.276389 0.015625 0.0180556
1 0.875781 0.277778 0.0109375 0.0173611
0 0.357227 0.866667 0.0136719 0.0361111
1 0.357422 0.859722 0.0132813 0.0277778
0 0.357422 0.859722 0.0132813 0.0277778
1 0.873438 0.277951 0.015625 0.0260417
0 0.355469 0.869444 0.0148437 0.0361111
1 0.20918 0.420139 0.00625 0.0125
0 0.358984 0.879167 0.00703125 0.0166667
0 0.356055 0.861806 0.0179687 0.0472222
0 0.00881348 0.948611 0.0173828 0.0944444
1 0.358984 0.866667 0.015625 0.0388889
1 0.354102 0.866667 0.015625 0.0305556
1 0.984375 0.332639 0.009375 0.0173611
1 0.00819092 0.946528 0.0162354 0.0930556
1 0.964063 0.377778 0.015625 0.025
1 0.356055 0.861806 0.0179687 0.0472222
1 0.204297 0.234722 0.00820312 0.0142361
1 0.878125 0.279514 0.0125 0.0222222
1 0.875 0.282986 0.01875 0.0326389
1 0.958594 0.374306 0.0078125 0.0208333
1 0.959375 0.377778 0.009375 0.0194444
1 0.985937 0.332292 0.0125 0.0232639
0 0.00949707 0.916667 0.0175781 0.025
1 0.208984 0.421528 0.0078125 0.0138889
2 0.00841064 0.945833 0.0163818 0.0944444
1 0.9875 0.328819 0.0125 0.0243056
3 0.5125 0.330556 0.0875 0.132639
0 0.355469 0.867361 0.015625 0.0375
0 0.357031 0.870833 0.0117188 0.0305556
1 0.871875 0.27309 0.0125 0.0142361
1 0.874219 0.276736 0.0140625 0.0180556
1 0.876562 0.278125 0.009375 0.0163194
1 0.357031 0.870833 0.0117188 0.0305556
1 0.872656 0.276042 0.0171875 0.0215278
1 0.355469 0.867361 0.015625 0.0375
2 0.722266 0.557986 0.105469 0.190972
0 0.0088623 0.947917 0.0171387 0.0958333
1 0.875 0.278819 0.015625 0.0236111
0 0.358984 0.866667 0.0183594 0.0402778
0 0.355078 0.861111 0.0191406 0.0472222
0 0.874219 0.276736 0.0140625 0.0180556
3 0.725781 0.555556 0.1 0.191667
1 0.984375 0.332639 0.009375 0.0145833
1 0.208984 0.420139 0.00742187 0.0125
3 0.771094 0.390625 0.0484375 0.05625
0 0.876562 0.278125 0.009375 0.0163194
1 0.874219 0.281944 0.01875 0.0336806
0 0.00976562 0.916667 0.0175293 0.0222222
0 0.872656 0.276042 0.0171875 0.0215278
0 0.871875 0.27309 0.0125 0.0142361
0 0.723437 0.555556 0.107813 0.191667
1 0.878125 0.279167 0.0125 0.0211806
1 0.878125 0.278125 0.015625 0.0243056
3 0.5125 0.330208 0.0875 0.131944
0 0.355273 0.868056 0.0160156 0.0388889
1 0.873438 0.275174 0.015625 0.01875
0 0.357422 0.872222 0.0109375 0.0305556
1 0.357422 0.872222 0.0109375 0.0305556
1 0.355664 0.868056 0.0160156 0.0361111
0 0.356641 0.863889 0.015625 0.0333333
1 0.873438 0.277778 0.0171875 0.0260417
1 0.208594 0.419792 0.0078125 0.0131944
1 0.984375 0.332465 0.009375 0.0125
0 0.358594 0.868056 0.0179687 0.0416667
1 0.874219 0.281944 0.01875 0.0340278
1 0.206836 0.419444 0.0113281 0.0138889
0 0.873438 0.276736 0.015625 0.0215278
0 0.00881348 0.947222 0.0171387 0.0916667
1 0.963281 0.379167 0.01875 0.01875
1 0.876562 0.277778 0.01875 0.0256944
0 0.00970459 0.916667 0.0174561 0.0222222
0 0.354883 0.859722 0.0195312 0.0527778
1 0.203906 0.234722 0.009375 0.0138889
1 0.982813 0.335417 0.0125 0.0173611
1 0.959375 0.374306 0.009375 0.0180556
1 0.903906 0.323958 0.0125 0.0166667
1 0.959375 0.377778 0.009375 0.0180556
0 0.109961 0.586806 0.0958984 0.316667
0 0.206836 0.419444 0.0113281 0.0138889
1 0.985937 0.331944 0.009375 0.0131944
0 0.208594 0.419792 0.0078125 0.0131944
1 0.358594 0.868056 0.0179687 0.0416667
0 0.0993164 0.678472 0.167773 0.188889
2 0.721875 0.560069 0.105469 0.207639
3 0.724219 0.561111 0.10625 0.208333
1 0.903125 0.325 0.009375 0.0142361
1 0.872656 0.271875 0.015625 0.025
3 0.767187 0.388889 0.0484375 0.0541667
0 0.00979004 0.934028 0.0188477 0.0583333
1 0.985937 0.333507 0.0125 0.0149306
3 0.5125 0.330208 0.0875 0.131944
0 0.355469 0.868056 0.0164062 0.0388889
1 0.873438 0.276042 0.015625 0.0201389
0 0.357812 0.873611 0.0101562 0.0277778
0 0.356641 0.863194 0.015625 0.0319444
1 0.357812 0.873611 0.0101562 0.0277778
1 0.355664 0.868056 0.0164062 0.0361111
1 0.356641 0.863194 0.015625 0.0319444
0 0.358594 0.867361 0.0179687 0.0402778
0 0.00900879 0.947917 0.0173828 0.0916667
1 0.874219 0.282639 0.01875 0.0340278
0 0.355859 0.861111 0.0175781 0.0472222
1 0.903906 0.324653 0.0125 0.0170139
1 0.984375 0.332292 0.00625 0.0121528
1 0.984375 0.334375 0.0078125 0.0138889
1 0.208398 0.419792 0.00859375 0.0131944
1 0.876562 0.277778 0.021875 0.0263889
1 1 0.921528 0 0.119444
0 0.873438 0.276736 0.015625 0.0215278
0 0.00969238 0.918056 0.0174805 0.0277778
1 0.358594 0.867361 0.0179687 0.0402778
3 1 0.911111 0 0.147222
0 0.00953369 0.933333 0.0181885 0.0583333
1 0.971875 0.357552 0.0421875 0.0668403
1 0.966406 0.366667 0.028125 0.0472222
2 0.722656 0.556944 0.107813 0.195833
3 0.5125 0.330208 0.0875 0.131944
0 0.355469 0.868056 0.015625 0.0361111
1 0.873438 0.274826 0.015625 0.0177083
0 0.356641 0.8625 0.0148437 0.0305556
1 0.356445 0.869444 0.0128906 0.0361111
0 0.00964355 0.947222 0.0179199 0.0861111
1 0.873438 0.277431 0.015625 0.0263889
0 0.358984 0.866667 0.0183594 0.0388889
1 0.356641 0.8625 0.0148437 0.0305556
0 0.0097168 0.917361 0.0169434 0.025
1 0.208203 0.419792 0.00859375 0.0131944
0 0.355859 0.861111 0.0171875 0.0444444
1 0.875 0.282465 0.01875 0.034375
0 0.873438 0.276563 0.015625 0.0211806
0 0.0147827 0.952083 0.0295654 0.0958333
1 0.207031 0.420139 0.0117188 0.0138889
0 0.00965576 0.927778 0.0175049 0.0472222
1 0.984375 0.332292 0.00625 0.0125
1 0.203906 0.235069 0.009375 0.0131944
1 0.755469 0.511806 0.0234375 0.0319444
0 0.152539 0.0460938 0.0205078 0.0480903
3 0.5125 0.330208 0.0875 0.131944
0 0.355469 0.867361 0.015625 0.0375
1 0.873438 0.275 0.015625 0.0180556
0 0.356836 0.8625 0.0148437 0.0305556
1 0.35625 0.869444 0.0132813 0.0361111
0 0.00961914 0.945833 0.0178223 0.0819444
1 0.873438 0.277778 0.015625 0.0263889
1 0.35625 0.865972 0.0164062 0.0347222
0 0.358984 0.867361 0.01875 0.0402778
0 0.0120728 0.951389 0.0241455 0.0944444
0 0.355859 0.861111 0.0171875 0.0472222
0 0.00793457 0.947917 0.0154785 0.0986111
1 0.875 0.282292 0.01875 0.0340278
0 0.00958252 0.916667 0.0170654 0.0222222
0 0.873438 0.276736 0.015625 0.0208333
0 0.699219 0.283333 0.0125 0.025
1 0.208203 0.419792 0.009375 0.0131944
1 0.903125 0.324653 0.0125 0.015625
3 0.5125 0.330208 0.0875 0.131944
0 0.355469 0.868056 0.015625 0.0375
1 0.873438 0.275 0.015625 0.0180556
0 0.356641 0.8625 0.0148437 0.0305556
1 0.356445 0.869444 0.0128906 0.0333333
0 0.00968018 0.947222 0.017749 0.0833333
1 0.873438 0.278125 0.015625 0.0267361
1 0.35625 0.865972 0.0164062 0.0347222
0 0.358984 0.868056 0.01875 0.0388889
0 0.0122925 0.952083 0.024585 0.0958333
0 0.355469 0.861111 0.01875 0.0472222
1 0.874219 0.282639 0.01875 0.0340278
0 0.00797119 0.947222 0.0153564 0.1
1 0.903125 0.324653 0.0125 0.0159722
0 0.873438 0.276563 0.015625 0.0211806
0 0.00952148 0.916667 0.0168945 0.0222222
1 0.903125 0.325347 0.009375 0.0145833
1 0.716016 0.617361 0.00625 0.0125
0 0.699219 0.283507 0.0125 0.0236111
3 0.5125 0.330208 0.0875 0.13125
0 0.355469 0.868056 0.015625 0.0375
1 0.873438 0.274826 0.015625 0.0177083
0 0.356836 0.8625 0.0148437 0.0305556
1 0.35625 0.869444 0.0132813 0.0347222
0 0.00968018 0.946528 0.0176514 0.0847222
1 0.873438 0.278125 0.0171875 0.0267361
1 0.35625 0.866667 0.0164062 0.0361111
0 0.358984 0.868056 0.01875 0.0388889
0 0.355078 0.860417 0.0195312 0.05
1 0.874219 0.282639 0.01875 0.0347222
1 0.903125 0.324653 0.0125 0.0166667
1 0.903125 0.325521 0.009375 0.0145833
0 0.355469 0.863889 0.0191406 0.0347222
0 0.873438 0.276563 0.015625 0.0211806
0 0.00953369 0.916667 0.0169678 0.0222222
1 0.203906 0.235069 0.00976562 0.0145833
1 0.873438 0.272569 0.015625 0.0263889
1 0.00930176 0.947917 0.0178223 0.0875
3 0.5125 0.330382 0.0875 0.131597
0 0.355469 0.868056 0.015625 0.0375
1 0.873438 0.274653 0.015625 0.0173611
0 0.356641 0.8625 0.0148437 0.0291667
1 0.35625 0.869444 0.0140625 0.0361111
0 0.00965576 0.946528 0.0176025 0.0847222
1 0.873438 0.278125 0.0171875 0.0270833
1 0.356641 0.8625 0.0148437 0.0291667
0 0.358984 0.868056 0.01875 0.0388889
1 0.903125 0.324653 0.0125 0.0166667
1 0.874219 0.282465 0.01875 0.034375
0 0.355078 0.861111 0.0191406 0.05
0 0.355469 0.863889 0.0191406 0.0347222
1 0.903125 0.325694 0.009375 0.0145833
0 0.00952148 0.916667 0.0169434 0.0222222
0 0.873438 0.276736 0.015625 0.0208333
1 0.203906 0.235417 0.0101562 0.0145833
1 0.873438 0.272569 0.015625 0.0263889
1 0.964063 0.379514 0.01875 0.0173611
3 0.5125 0.330208 0.0875 0.13125
0 0.355469 0.868056 0.015625 0.0375
1 0.873438 0.274653 0.015625 0.0173611
0 0.356836 0.8625 0.0152344 0.0291667
1 0.35625 0.869444 0.0140625 0.0347222
0 0.00961914 0.947222 0.0176758 0.0861111
1 0.873438 0.278125 0.0171875 0.0263889
1 0.356836 0.8625 0.0152344 0.0291667
0 0.358789 0.868056 0.01875 0.0388889
1 0.874219 0.282465 0.01875 0.034375
0 0.355078 0.861111 0.01875 0.0486111
1 0.903125 0.324653 0.0125 0.0166667
0 0.355469 0.863889 0.0191406 0.0333333
0 0.00947266 0.916667 0.0169922 0.0222222
1 0.203906 0.235417 0.00976562 0.0145833
1 0.903125 0.325521 0.009375 0.0149306
0 0.873438 0.276736 0.015625 0.0208333
1 0.964063 0.379514 0.01875 0.0173611
1 0.873438 0.272569 0.015625 0.0263889
3 0.5125 0.330208 0.0875 0.13125
0 0.355469 0.868056 0.015625 0.0388889
1 0.873438 0.274479 0.015625 0.0170139
1 0.875 0.27691 0.0125 0.01875
0 0.356641 0.8625 0.015625 0.0291667
1 0.35625 0.869444 0.0132813 0.0333333
0 0.00963135 0.947222 0.017749 0.0861111
1 0.873438 0.278125 0.0171875 0.0263889
1 0.355859 0.866667 0.0164062 0.0361111
0 0.358789 0.867361 0.01875 0.0402778
1 0.874219 0.282465 0.01875 0.034375
1 0.903125 0.324653 0.0125 0.0166667
0 0.355078 0.861111 0.01875 0.0472222
0 0.00947266 0.916667 0.017041 0.0222222
1 0.203906 0.235417 0.00976562 0.0145833
1 0.903125 0.325521 0.009375 0.0149306
1 0.963281 0.379514 0.01875 0.0173611
0 0.873438 0.276736 0.015625 0.0208333
1 0.873438 0.272569 0.015625 0.0263889
1 0.107227 0.245486 0.00722656 0.0114583
3 0.5125 0.330208 0.0875 0.13125
0 0.355469 0.868056 0.015625 0.0388889
1 0.873438 0.274653 0.015625 0.0173611
1 0.875 0.276736 0.0125 0.01875
0 0.356641 0.8625 0.015625 0.0305556
1 0.35625 0.869444 0.0132813 0.0333333
0 0.00961914 0.947222 0.0177734 0.0861111
1 0.873438 0.278125 0.0171875 0.0267361
1 0.355859 0.866667 0.0164062 0.0361111
0 0.358789 0.868056 0.01875 0.0388889
0 0.355078 0.861111 0.01875 0.0472222
1 0.903125 0.324479 0.0125 0.0166667
1 0.874219 0.282639 0.01875 0.0347222
0 0.00946045 0.916667 0.0170654 0.0222222
1 0.203906 0.235417 0.00976562 0.0145833
1 0.963281 0.379167 0.01875 0.0166667
0 0.873438 0.276736 0.015625 0.0211806
1 0.903125 0.325694 0.009375 0.0152778
1 0.873438 0.272569 0.015625 0.0263889
1 0.107227 0.245486 0.00742187 0.0118056
3 0.5125 0.330208 0.0875 0.13125
0 0.355273 0.868056 0.0160156 0.0388889
1 0.873438 0.274653 0.015625 0.0173611
1 0.875 0.276736 0.0125 0.01875
0 0.356641 0.8625 0.015625 0.0305556
1 0.35625 0.869444 0.0132813 0.0333333
1 0.355859 0.868056 0.0164062 0.0388889
0 0.00927734 0.948611 0.0180664 0.0888889
1 0.873438 0.278125 0.0171875 0.0267361
1 0.356641 0.8625 0.015625 0.0305556
0 0.358984 0.868056 0.01875 0.0388889
0 0.355078 0.861111 0.01875 0.0472222
1 0.903125 0.324306 0.0125 0.0166667
1 0.874219 0.282639 0.01875 0.0347222
0 0.00947266 0.916667 0.0170898 0.0222222
1 0.203906 0.235417 0.009375 0.0145833
1 0.963281 0.379167 0.01875 0.0180556
0 0.873438 0.276736 0.015625 0.0211806
1 0.873438 0.272569 0.015625 0.0263889
1 0.903125 0.325694 0.009375 0.0152778
1 0.876562 0.277778 0.01875 0.0270833
1 0.107324 0.245486 0.00742187 0.0118056
3 0.5125 0.330208 0.0875 0.13125
0 0.355273 0.868056 0.0160156 0.0375
1 0.873438 0.274653 0.015625 0.0173611
1 0.875 0.27691 0.0125 0.0190972
1 0.35625 0.869444 0.0136719 0.0333333
0 0.356641 0.8625 0.0152344 0.0291667
0 0.00930176 0.948611 0.0181152 0.0888889
1 0.873438 0.278125 0.0171875 0.0263889
1 0.356641 0.8625 0.0152344 0.0291667
0 0.358789 0.868056 0.01875 0.0388889
1 0.903125 0.324306 0.0125 0.0166667
0 0.354883 0.861111 0.0191406 0.0486111
1 0.874219 0.282639 0.01875 0.034375
0 0.00947266 0.916667 0.0171875 0.0222222
1 0.203906 0.235243 0.009375 0.0142361
0 0.873438 0.276736 0.015625 0.0208333
1 0.873438 0.272569 0.015625 0.0267361
1 0.964063 0.379167 0.01875 0.0180556
1 0.903125 0.325521 0.009375 0.0152778
1 0.877344 0.277778 0.0203125 0.0270833
3 0.5125 0.330208 0.0875 0.13125
0 0.355273 0.868056 0.0160156 0.0375
1 0.873438 0.274653 0.015625 0.0173611
1 0.35625 0.870139 0.0132813 0.0333333
0 0.356836 0.8625 0.0152344 0.0277778
1 0.355859 0.868056 0.0164062 0.0388889
0 0.00935059 0.948611 0.0181641 0.0888889
1 0.873438 0.278125 0.0171875 0.0263889
1 0.356836 0.8625 0.0152344 0.0277778
0 0.358789 0.868056 0.01875 0.0388889
0 0.0123413 0.952083 0.0246826 0.0958333
0 0.354688 0.861111 0.0195312 0.0486111
1 0.874219 0.282639 0.01875 0.034375
1 0.903125 0.324306 0.0125 0.0173611
0 0.355469 0.863889 0.0191406 0.0333333
0 0.00952148 0.916667 0.0171875 0.0222222
1 0.873438 0.272569 0.015625 0.0263889
0 0.873438 0.276736 0.015625 0.0211806
1 0.203906 0.235243 0.009375 0.0142361
1 0.903125 0.325521 0.009375 0.0152778
1 0.877344 0.277778 0.0203125 0.0277778
3 0.5125 0.330208 0.0875 0.13125
0 0.355273 0.868056 0.0160156 0.0375
1 0.873438 0.274826 0.015625 0.0177083
1 0.356445 0.870833 0.0132813 0.0333333
0 0.356836 0.861806 0.0152344 0.0277778
1 0.355469 0.868056 0.0164062 0.0361111
0 0.00942383 0.948611 0.0181641 0.0888889
1 0.873438 0.278125 0.0171875 0.0263889
1 0.356836 0.861806 0.0152344 0.0277778
0 0.0131592 0.952083 0.0263184 0.0958333
0 0.358789 0.867361 0.0183594 0.0388889
0 0.354688 0.861111 0.0203125 0.05
1 0.874219 0.282639 0.01875 0.034375
1 0.903125 0.324306 0.0125 0.0173611
0 0.355469 0.863889 0.0191406 0.0361111
0 0.00957031 0.916667 0.0171387 0.0222222
1 0.873438 0.272569 0.015625 0.0270833
0 0.873438 0.276736 0.015625 0.0211806
1 0.203906 0.235417 0.009375 0.0145833
1 0.877344 0.277951 0.0203125 0.0277778
1 0.903125 0.325521 0.009375 0.0152778
3 0.5125 0.330208 0.0875 0.13125
0 0.355273 0.868056 0.0160156 0.0375
1 0.873438 0.275 0.015625 0.0180556
1 0.356641 0.870833 0.0132813 0.0319444
1 0.355469 0.868056 0.0164062 0.0361111
0 0.356836 0.861806 0.0152344 0.0277778
0 0.00944824 0.948611 0.0181641 0.0888889
1 0.873438 0.278299 0.0171875 0.0267361
1 0.356836 0.861806 0.0152344 0.0277778
0 0.0138062 0.952083 0.0276123 0.0958333
0 0.358789 0.867361 0.0183594 0.0388889
1 0.873438 0.282639 0.01875 0.0340278
0 0.354297 0.859722 0.0207031 0.05
1 0.903125 0.324306 0.0125 0.0173611
0 0.355469 0.863889 0.0191406 0.0347222
0 0.00960693 0.916667 0.0171143 0.0222222
1 0.873438 0.272743 0.015625 0.0270833
0 0.873438 0.276736 0.015625 0.0215278
1 0.877344 0.277951 0.0203125 0.0277778
3 0.5125 0.330208 0.0875 0.13125
0 0.355273 0.868056 0.0160156 0.0375
1 0.873438 0.275 0.015625 0.0180556
1 0.356445 0.870833 0.0132813 0.0319444
1 0.355469 0.868056 0.0164062 0.0361111
0 0.357031 0.861806 0.0148437 0.0277778
0 0.00947266 0.948611 0.0181641 0.0888889
1 0.873438 0.278299 0.0171875 0.0267361
1 0.357031 0.861806 0.0148437 0.0277778
0 0.0140381 0.952083 0.0280762 0.0958333
1 0.873438 0.282639 0.01875 0.0340278
0 0.354297 0.859722 0.0210938 0.05
0 0.358789 0.867361 0.0179687 0.0388889
1 0.903125 0.324306 0.0125 0.0170139
0 0.355469 0.863889 0.0191406 0.0361111
0 0.00961914 0.916667 0.0171387 0.0222222
1 0.873438 0.272743 0.015625 0.0270833
0 0.873438 0.276736 0.015625 0.0215278
3 0.5125 0.330208 0.0875 0.13125
0 0.355273 0.868056 0.0160156 0.0375
1 0.356445 0.870833 0.0132813 0.0319444
1 0.873438 0.275 0.015625 0.0180556
1 0.355469 0.868056 0.0164062 0.0361111
0 0.357031 0.861806 0.0148437 0.0277778
0 0.00952148 0.949306 0.0181641 0.0888889
1 0.873438 0.278472 0.0171875 0.0263889
1 0.357031 0.861806 0.0148437 0.0277778
0 0.0145142 0.952083 0.0290283 0.0958333
0 0.354297 0.860417 0.0207031 0.05
0 0.358984 0.867361 0.0179687 0.0388889
1 0.873438 0.282813 0.01875 0.034375
0 0.355469 0.863889 0.0191406 0.0361111
1 0.903125 0.324306 0.0125 0.0166667
0 0.00964355 0.916667 0.0171387 0.0222222
1 0.873438 0.272569 0.015625 0.0270833
3 0.5125 0.330208 0.0875 0.13125
0 0.355273 0.868056 0.0160156 0.0375
1 0.35625 0.870833 0.0136719 0.0333333
1 0.873438 0.275 0.015625 0.0180556
1 0.875 0.277257 0.0125 0.0190972
0 0.357031 0.861806 0.0148437 0.0277778
0 0.00957031 0.949306 0.0181641 0.0888889
1 0.355859 0.866667 0.0167969 0.0361111
1 0.873438 0.278472 0.0171875 0.0263889
1 0.357031 0.861806 0.0148437 0.0277778
0 0.0150879 0.952083 0.0301758 0.0958333
0 0.358984 0.866667 0.0179687 0.0388889
0 0.354297 0.860417 0.0203125 0.05
1 0.874219 0.282813 0.01875 0.034375
0 0.355469 0.863889 0.0195312 0.0361111
1 0.903125 0.324306 0.0125 0.0166667
0 0.00969238 0.918056 0.0167969 0.025
1 0.873438 0.272569 0.015625 0.0270833
3 0.5125 0.330208 0.0875 0.13125
0 0.35625 0.868056 0.015625 0.0388889
1 0.35625 0.870833 0.0136719 0.0333333
1 0.873438 0.275 0.015625 0.0180556
1 0.875 0.277257 0.0125 0.0190972
0 0.357031 0.861806 0.0148437 0.0277778
1 0.355859 0.866667 0.0167969 0.0361111
0 0.00959473 0.949306 0.0181641 0.0888889
1 0.873438 0.278472 0.0171875 0.0263889
1 0.357031 0.861806 0.0148437 0.0277778
0 0.015332 0.952083 0.0306641 0.0958333
0 0.358984 0.866667 0.0175781 0.0388889
0 0.354297 0.860417 0.0203125 0.05
1 0.874219 0.282813 0.01875 0.034375
0 0.355469 0.863889 0.0195312 0.0361111
1 0.903125 0.324479 0.0125 0.0163194
0 0.00969238 0.918056 0.016748 0.025
1 0.873438 0.272743 0.015625 0.0270833
3 0.5125 0.330208 0.0875 0.13125
0 0.35625 0.868056 0.015625 0.0388889
1 0.35625 0.870833 0.0136719 0.0333333
1 0.873438 0.275 0.015625 0.0180556
0 0.357031 0.861806 0.0148437 0.0291667
1 0.355859 0.866667 0.0171875 0.0361111
0 0.00961914 0.949306 0.0182129 0.0888889
1 0.873438 0.275694 0.01875 0.0222222
1 0.357031 0.861806 0.0148437 0.0291667
0 0.0154541 0.952083 0.0309082 0.0958333
0 0.358984 0.866667 0.0171875 0.0388889
0 0.354297 0.861111 0.0203125 0.05
1 0.874219 0.282813 0.01875 0.034375
0 0.355469 0.864583 0.0195312 0.0361111
1 0.903125 0.324479 0.0125 0.0163194
0 0.0097168 0.918056 0.0166992 0.025
3 0.5125 0.330208 0.0875 0.13125
0 0.35625 0.868056 0.015625 0.0388889
1 0.35625 0.870833 0.0140625 0.0333333
1 0.873438 0.275 0.015625 0.0180556
1 0.875 0.277257 0.0125 0.0190972
0 0.357031 0.861806 0.0148437 0.0291667
1 0.355859 0.866667 0.0171875 0.0361111
0 0.00964355 0.949306 0.0182129 0.0888889
1 0.357031 0.861806 0.0148437 0.0291667
1 0.873438 0.275694 0.01875 0.0222222
0 0.0155518 0.952083 0.0311035 0.0958333
0 0.358984 0.866667 0.0171875 0.0388889
0 0.354688 0.861111 0.0203125 0.0486111
1 0.873438 0.282813 0.01875 0.034375
0 0.355469 0.864583 0.0195312 0.0361111
1 0.903125 0.324653 0.0125 0.0166667
0 0.0097168 0.918056 0.0166992 0.025
3 0.5125 0.330208 0.0875 0.13125
0 0.356055 0.868056 0.0160156 0.0375
1 0.35625 0.870139 0.0140625 0.0333333
1 0.873438 0.275 0.015625 0.0180556
0 0.357031 0.8625 0.0148437 0.0305556
1 0.875 0.277257 0.0125 0.0190972
1 0.355859 0.866667 0.0171875 0.0361111
0 0.00969238 0.949306 0.0181641 0.0888889
1 0.357031 0.8625 0.0148437 0.0305556
1 0.873438 0.275694 0.01875 0.0222222
0 0.0154053 0.952083 0.0308105 0.0958333
0 0.358984 0.866667 0.0171875 0.0388889
0 0.354688 0.861111 0.0199219 0.0486111
1 0.873438 0.282813 0.01875 0.034375
0 0.355469 0.864583 0.0195312 0.0361111
3 0.96875 0.913889 0.0421875 0.0527778
0 0.00974121 0.918056 0.0166992 0.025
3 0.5125 0.330208 0.0875 0.13125
0 0.356055 0.868056 0.0160156 0.0375
1 0.35625 0.870139 0.0140625 0.0333333
1 0.873438 0.275 0.015625 0.0180556
0 0.357031 0.8625 0.0148437 0.0305556
1 0.875 0.277257 0.0125 0.0190972
1 0.355859 0.866667 0.0171875 0.0361111
0 0.00969238 0.949306 0.0181641 0.0888889
1 0.357031 0.8625 0.0148437 0.0305556
1 0.873438 0.275694 0.01875 0.0222222
0 0.0154541 0.952083 0.0309082 0.0958333
0 0.358984 0.866667 0.0171875 0.0388889
0 0.354688 0.861111 0.0199219 0.0486111
1 0.873438 0.282813 0.01875 0.034375
0 0.355469 0.864583 0.0195312 0.0361111
3 0.96875 0.913889 0.0421875 0.0527778
0 0.009729 0.918056 0.0166748 0.025
