1 0.292969 0.290972 0.0109375 0.0277778
1 0.0416992 0.313542 0.0139648 0.0298611
1 0.295508 0.285937 0.0113281 0.0243056
1 0.0414551 0.309375 0.012207 0.0215278
0 0.0414917 0.314236 0.013501 0.0291667
1 0.295312 0.294792 0.015625 0.0368056
0 0.00648193 0.235417 0.011084 0.0243056
1 0.0406738 0.318056 0.0114258 0.0260417
0 0.0414551 0.309375 0.012207 0.0215278
1 0.0399536 0.315625 0.01521 0.0309028
1 0.298047 0.28941 0.0140625 0.0319444
1 0.296484 0.288542 0.0109375 0.0277778
0 0.00668945 0.242882 0.0116211 0.040625
1 0.289844 0.292361 0.0132813 0.03125
0 0.0406738 0.318056 0.0114258 0.0260417
1 0.295703 0.277083 0.0078125 0.0138889
0 0.0416016 0.31875 0.0167969 0.0368056
1 0.0416016 0.31875 0.0167969 0.0368056
0 0.0387207 0.317361 0.0131836 0.03125
1 0.480469 0.840278 0.0109375 0.0222222
0 0.00686035 0.25434 0.0121094 0.0670139
1 0.00648193 0.235417 0.011084 0.0243056
1 0.298633 0.297049 0.0164062 0.0315972
1 0.298438 0.29375 0.01875 0.0409722
0 0.00644531 0.227083 0.0112305 0.0361111
1 0.479688 0.844444 0.009375 0.0194444
1 0.00668945 0.242882 0.0116211 0.040625
1 0.482031 0.844444 0.0125 0.0305556
1 0.296094 0.301215 0.0117188 0.0364583
1 0.294336 0.283681 0.0117188 0.0305556
1 0.372461 0.505208 0.00429688 0.0125
1 0.293555 0.298958 0.0113281 0.0413194
1 0.273828 0.230556 0.00625 0.0152778
0 0.116992 0.3875 0.0224609 0.0361111
1 0.492188 0.843056 0.0109375 0.0277778
0 0.00751953 0.262153 0.0134277 0.0888889
0 0.0391602 0.316146 0.0180664 0.0329861
0 0.00567627 0.236285 0.0113525 0.0309028
1 0.0406738 0.304861 0.0126953 0.0229167
0 0.0105103 0.233681 0.0191162 0.0336806
1 0.271289 0.230035 0.00976562 0.0170139
1 0.00644531 0.227083 0.0112305 0.0361111
1 0.491406 0.847917 0.0109375 0.0236111
1 0.293164 0.291319 0.0113281 0.0277778
1 0.295117 0.293056 0.0148437 0.0347222
1 0.295703 0.285937 0.0121094 0.0232639
1 0.0416016 0.314236 0.0138672 0.0305556
0 0.0416016 0.314236 0.0138672 0.0305556
1 0.298047 0.290278 0.015625 0.0340278
1 0.297656 0.294097 0.0203125 0.0423611
1 0.296094 0.276563 0.0078125 0.0135417
1 0.29043 0.292708 0.0144531 0.0326389
1 0.038623 0.318056 0.0125977 0.0291667
1 0.00649414 0.234375 0.0115234 0.0222222
0 0.00651855 0.234375 0.0115723 0.0215278
0 0.479688 0.811111 0.0390625 0.1
0 0.0416992 0.318056 0.0168945 0.0361111
1 0.296094 0.298264 0.015625 0.0423611
0 0.038623 0.318056 0.0125977 0.0291667
1 0.0416992 0.318056 0.0168945 0.0361111
1 0.294531 0.28316 0.0132813 0.0322917
0 0.116992 0.386111 0.0222656 0.0347222
1 0.272852 0.230556 0.0078125 0.0166667
1 0.48125 0.842361 0.0125 0.0277778
1 0.271289 0.230556 0.0105469 0.0173611
0 0.296484 0.295833 0.0179687 0.0409722
1 0.479688 0.811111 0.0390625 0.1
1 0.483594 0.845833 0.015625 0.0333333
1 0.373437 0.508333 0.00625 0.0201389
2 0.479688 0.8125 0.0390625 0.1
1 0.273047 0.231597 0.0117188 0.0166667
0 0.00651855 0.243403 0.0118652 0.0402778
1 0.294922 0.284201 0.0179687 0.0503472
1 0.268359 0.231597 0.00859375 0.0222222
1 0.486719 0.831944 0.025 0.0583333
1 0.0410645 0.30625 0.0130859 0.0260417
0 0.0387817 0.317014 0.017749 0.0333333
1 0.0387817 0.317014 0.017749 0.0333333
1 0.298438 0.284722 0.0148437 0.0333333
0 0.00683594 0.25 0.0125 0.0569444
0 0.00561523 0.235069 0.0112305 0.0263889
1 0.293359 0.29184 0.0125 0.03125
1 0.294727 0.29375 0.0160156 0.0388889
1 0.294922 0.288194 0.0140625 0.0277778
1 0.0416504 0.314236 0.0139648 0.0305556
0 0.0418091 0.313542 0.0132568 0.0288194
1 0.297266 0.291319 0.0164062 0.0361111
0 0.0064209 0.234549 0.011377 0.0215278
1 0.290625 0.294444 0.0148437 0.0375
1 0.297656 0.295139 0.0210938 0.04375
0 0.04198 0.318576 0.01604 0.0361111
1 0.04198 0.318576 0.01604 0.0361111
1 0.296094 0.281597 0.009375 0.0215278
0 0.0386719 0.317882 0.0141602 0.0326389
1 0.0386719 0.317882 0.0141602 0.0326389
1 0.00644531 0.234549 0.0114746 0.0225694
0 0.00666504 0.24375 0.0115234 0.0423611
0 0.00716553 0.254514 0.0123291 0.0652778
0 0.116895 0.386111 0.0226563 0.0347222
0 0.0408203 0.323264 0.0170898 0.0375
1 0.272266 0.232986 0.0101562 0.0256944
0 0.0059082 0.235069 0.0118164 0.0277778
0 0.00666504 0.228125 0.0120605 0.0354167
0 0.294727 0.29375 0.0160156 0.0388889
0 0.197607 0.521528 0.0313477 0.0722222
0 0.204297 0.520833 0.0320312 0.0736111
0 0.220117 0.54375 0.0617188 0.0986111
0 0.294922 0.288194 0.0140625 0.0277778
1 0.0410156 0.309375 0.0147461 0.0333333
1 0.047168 0.313542 0.0185547 0.0305556
0 0.2 0.538194 0.0195312 0.0388889
0 0.293359 0.29184 0.0125 0.03125
0 0.170215 0.743056 0.0267578 0.0694444
0 0.0384644 0.315451 0.0179932 0.0329861
0 0.203125 0.535764 0.0257812 0.0451389
1 0.26875 0.235764 0.00859375 0.0319444
0 0.209961 0.525694 0.0402344 0.0666667
0 0.0116943 0.233507 0.0217285 0.034375
0 0.200781 0.526389 0.0257812 0.0618056
0 0.0351318 0.315625 0.0248535 0.0416667
0 0.0410156 0.309375 0.0147461 0.0333333
1 0.292969 0.290972 0.0109375 0.0291667
1 0.0416504 0.313889 0.0136719 0.0298611
1 0.295703 0.286458 0.0121094 0.0263889
1 0.294727 0.293229 0.0140625 0.0364583
1 0.297656 0.290278 0.0148437 0.0340278
0 0.0417114 0.313715 0.0132568 0.0295139
0 0.00644531 0.234896 0.0112305 0.0229167
1 0.296094 0.281944 0.009375 0.0229167
1 0.297656 0.29375 0.0203125 0.0423611
1 0.290234 0.294444 0.0140625 0.0368056
1 0.0383789 0.318403 0.0136719 0.03125
1 0.0923828 0.947917 0.0580078 0.0513889
1 0.0064209 0.234722 0.0111328 0.0229167
1 0.0416992 0.318576 0.0161133 0.0361111
1 0.294531 0.285764 0.0125 0.0319444
0 0.0383789 0.318403 0.0136719 0.03125
0 0.116797 0.386111 0.0222656 0.0347222
0 0.0416992 0.318576 0.0161133 0.0361111
0 0.00651855 0.244618 0.0115723 0.0434028
1 0.479297 0.811806 0.0398437 0.1
1 0.486328 0.845139 0.021875 0.0375
1 0.269531 0.232986 0.00976562 0.0305556
1 0.486328 0.836806 0.025 0.0513889
1 0.483594 0.844444 0.0171875 0.0333333
1 0.271484 0.231944 0.0109375 0.0260417
0 0.00600586 0.236111 0.0120117 0.0284722
0 0.478906 0.807639 0.0421875 0.0958333
1 0.0384277 0.314931 0.0176758 0.0315972
0 0.296094 0.290278 0.0125 0.0322917
1 0.261523 0.374306 0.0105469 0.0388889
0 0.00715332 0.251389 0.0125488 0.0586806
1 0.373047 0.510069 0.00703125 0.0243056
0 0.295117 0.295833 0.0160156 0.0423611
1 0.267578 0.232986 0.00703125 0.0270833
1 0.0410034 0.309375 0.0140869 0.0326389
0 0.0384277 0.314931 0.0176758 0.0315972
0 0.112891 0.520833 0.0167969 0.0208333
0 0.0069458 0.227431 0.0128662 0.0375
1 0.0461426 0.312847 0.0185547 0.0291667
1 0.474609 0.823611 0.0515625 0.125
1 0.293555 0.293229 0.0128906 0.0340278
1 0.295703 0.293229 0.0171875 0.0385417
1 0.295312 0.287847 0.0132813 0.0270833
1 0.0417114 0.314236 0.0138428 0.03125
0 0.0417114 0.314236 0.0138428 0.03125
1 0.291016 0.294097 0.015625 0.0368056
0 0.0065918 0.235069 0.0113037 0.0236111
1 0.296094 0.281771 0.009375 0.0215278
1 0.0417969 0.31875 0.0164062 0.0375
0 0.0417969 0.31875 0.0164062 0.0375
1 0.00653076 0.235069 0.0111816 0.0236111
0 0.116699 0.385764 0.0224609 0.0347222
1 0.479297 0.811806 0.0398437 0.101389
1 0.0381348 0.319097 0.0144531 0.0319444
1 0.297266 0.295833 0.0214844 0.0458333
0 0.478906 0.8125 0.040625 0.1
0 0.0381348 0.319097 0.0144531 0.0319444
0 0.296094 0.295833 0.0179687 0.0430556
1 0.485547 0.8375 0.0257812 0.05
0 0.00664063 0.244792 0.0115723 0.04375
1 0.486328 0.844444 0.021875 0.0388889
1 0.482031 0.84375 0.015625 0.0319444
0 0.168457 0.741667 0.0248047 0.0722222
0 0.293359 0.291667 0.0121094 0.0305556
1 0.0381836 0.315278 0.0178711 0.0326389
1 0.271289 0.23316 0.0121094 0.0277778
1 0.00662842 0.242535 0.0114502 0.0395833
0 0.0381836 0.315278 0.0178711 0.0326389
0 0.00717773 0.253993 0.0124512 0.0635417
0 0.0404419 0.323785 0.018335 0.0381944
1 0.269531 0.235069 0.00976562 0.0347222
0 0.00668945 0.228472 0.0121094 0.0371528
1 0.0465698 0.313542 0.0189697 0.03125
0 0.296094 0.290972 0.0132813 0.0333333
1 0.0404419 0.323785 0.018335 0.0381944
1 0.298438 0.285764 0.0148437 0.0326389
1 0.293359 0.290972 0.0121094 0.0291667
1 0.041748 0.314236 0.0137695 0.0305556
1 0.295312 0.287847 0.0140625 0.0270833
1 0.295703 0.293229 0.0171875 0.0378472
0 0.041748 0.314236 0.0137695 0.0305556
0 0.00654297 0.234549 0.0112793 0.021875
1 0.00656738 0.234375 0.0111816 0.0222222
1 0.297656 0.295486 0.0210938 0.0444444
1 0.291016 0.29375 0.015625 0.0354167
1 0.0419434 0.318403 0.015918 0.0375
1 0.295898 0.281944 0.009375 0.0215278
0 0.0419434 0.318403 0.015918 0.0375
1 0.0382813 0.319097 0.0135742 0.0305556
0 0.294922 0.294097 0.015625 0.0381944
0 0.0065918 0.242014 0.0115234 0.0375
0 0.296094 0.290625 0.0132813 0.0319444
0 0.293359 0.290972 0.0121094 0.0291667
0 0.0382813 0.319097 0.0135742 0.0305556
0 0.116797 0.386111 0.0228516 0.0333333
1 0.00671387 0.240625 0.0114258 0.0354167
1 0.0384766 0.315625 0.0178711 0.0319444
0 0.00579834 0.235243 0.0115967 0.0274306
0 0.00678711 0.228125 0.0123535 0.0361111
0 0.297656 0.295486 0.0210938 0.0444444
1 0.0462036 0.313368 0.0191162 0.0309028
1 0.269531 0.234896 0.0101562 0.034375
0 0.00739746 0.249306 0.0128418 0.0538194
1 0.271094 0.232292 0.0125 0.0277778
1 0.48125 0.843056 0.0125 0.0277778
0 0.0384766 0.315625 0.0178711 0.0319444
1 0.293359 0.290799 0.0117188 0.0295139
1 0.295312 0.288194 0.0140625 0.0277778
1 0.295508 0.292361 0.0164062 0.0368056
1 0.0416992 0.313889 0.0133789 0.0298611
0 0.0418945 0.313368 0.0134766 0.0284722
0 0.0065918 0.234722 0.0115234 0.0222222
1 0.29082 0.293403 0.0152344 0.0354167
1 0.297656 0.294792 0.0210938 0.04375
1 0.0065918 0.234375 0.0114258 0.021875
1 0.295703 0.282639 0.009375 0.0236111
1 0.0417969 0.31875 0.0158203 0.0375
0 0.0417969 0.31875 0.0158203 0.0375
1 0.0381348 0.319444 0.0131836 0.0298611
0 0.294727 0.293229 0.0148437 0.0364583
0 0.00662842 0.243056 0.0118896 0.0395833
0 0.00588379 0.235243 0.0117676 0.0270833
0 0.293359 0.290799 0.0117188 0.0295139
0 0.0381348 0.319444 0.0131836 0.0298611
1 0.0384644 0.315625 0.0177979 0.0319444
0 0.295312 0.288194 0.0140625 0.0277778
0 0.0384644 0.315625 0.0177979 0.0319444
0 0.00734863 0.248958 0.0129883 0.0527778
1 0.00681152 0.241493 0.0119141 0.0368056
1 0.0462402 0.313368 0.01875 0.0298611
1 0.0409668 0.309896 0.0149414 0.0333333
1 0.298438 0.285764 0.0148437 0.0333333
1 0.269531 0.235243 0.0101562 0.0336806
0 0.297266 0.294965 0.01875 0.0413194
0 0.479297 0.819444 0.0398437 0.116667
0 0.00679932 0.227431 0.0125244 0.0361111
1 0.293359 0.290625 0.0117188 0.0284722
1 0.0416138 0.313889 0.0134521 0.0298611
1 0.295312 0.2875 0.0132813 0.0270833
1 0.295508 0.292014 0.0164062 0.0361111
0 0.0417969 0.313368 0.0136719 0.0284722
0 0.00664063 0.234722 0.0115723 0.0222222
1 0.290625 0.29375 0.015625 0.0347222
1 0.297656 0.294618 0.0210938 0.0434028
1 0.00662842 0.234375 0.0114502 0.021875
1 0.295898 0.282292 0.00976562 0.0225694
1 0.0416138 0.31875 0.0159912 0.0371528
0 0.0416138 0.31875 0.0159912 0.0371528
1 0.0379883 0.319792 0.0131836 0.0302083
0 0.295898 0.296007 0.0179687 0.0434028
0 0.294922 0.293229 0.0148437 0.0364583
0 0.00671387 0.243403 0.0120117 0.0402778
1 0.0384766 0.315799 0.0177734 0.0322917
0 0.0379883 0.319792 0.0131836 0.0302083
0 0.0384766 0.315799 0.0177734 0.0322917
0 0.293359 0.292361 0.0125 0.03125
1 0.271094 0.234028 0.0109375 0.0284722
0 0.295312 0.2875 0.0132813 0.0270833
1 0.48125 0.843056 0.0125 0.0277778
1 0.373437 0.511806 0.0078125 0.0277778
1 0.268945 0.234375 0.009375 0.0291667
1 0.00687256 0.241667 0.0119873 0.0368056
1 0.0461792 0.313194 0.0187744 0.0298611
0 0.00740967 0.248958 0.0130615 0.0527778
1 0.0408203 0.309722 0.0149414 0.0333333
0 0.479297 0.816667 0.040625 0.111111
0 0.00688477 0.227431 0.0126465 0.0375
1 0.484375 0.845833 0.0179687 0.0361111
1 0.298438 0.285764 0.0148437 0.0326389
1 0.0415527 0.314063 0.0136719 0.0302083
1 0.293359 0.290451 0.0117188 0.0284722
1 0.295508 0.287153 0.0132813 0.0263889
1 0.294141 0.29566 0.015625 0.0385417
0 0.041748 0.313542 0.0138672 0.0284722
1 0.297266 0.290972 0.0164062 0.0350694
0 0.00666504 0.234722 0.0115234 0.0225694
1 0.29082 0.29375 0.0152344 0.0347222
1 0.00651855 0.234201 0.0114258 0.0211806
1 0.0415039 0.318403 0.0163086 0.0375
1 0.295898 0.282292 0.00976562 0.0222222
1 0.297656 0.294792 0.0210938 0.0430556
0 0.0415039 0.318403 0.0163086 0.0375
1 0.0380859 0.319792 0.0134766 0.0305556
1 0.0385254 0.315799 0.0179687 0.0326389
0 0.295703 0.296007 0.0179687 0.0434028
0 0.294727 0.293229 0.0148437 0.0364583
0 0.00671387 0.243403 0.0119629 0.040625
0 0.0385254 0.315799 0.0179687 0.0326389
0 0.0380859 0.319792 0.0134766 0.0305556
0 0.293164 0.292188 0.0121094 0.0309028
1 0.373437 0.511806 0.0078125 0.0270833
1 0.271094 0.233681 0.0109375 0.0270833
1 0.268555 0.234028 0.00859375 0.0284722
1 0.0460815 0.313194 0.0189697 0.0298611
1 0.00688477 0.241319 0.0119141 0.0368056
1 0.269531 0.235417 0.009375 0.0333333
1 0.48125 0.843056 0.0125 0.0277778
0 0.478906 0.816667 0.040625 0.111111
0 0.00738525 0.248958 0.0129639 0.0527778
0 0.295508 0.287153 0.0132813 0.0263889
1 0.0407104 0.309722 0.0152588 0.0333333
0 0.0069458 0.227083 0.0126709 0.0381944
1 0.0407104 0.324306 0.0174072 0.0368056
1 0.484375 0.845139 0.01875 0.0361111
1 0.298438 0.285764 0.0148437 0.0326389
1 0.261328 0.373611 0.0109375 0.0395833
1 0.0415894 0.314063 0.013501 0.0302083
1 0.293164 0.290278 0.0113281 0.0277778
1 0.295508 0.286806 0.0128906 0.0256944
1 0.293945 0.295833 0.0152344 0.0381944
1 0.295312 0.291493 0.0160156 0.0347222
0 0.0417114 0.313889 0.0136475 0.0291667
1 0.290625 0.293924 0.0148437 0.0347222
1 0.00651855 0.234201 0.011377 0.0211806
0 0.00651855 0.234201 0.011377 0.0211806
1 0.296094 0.282118 0.009375 0.021875
1 0.0414917 0.318403 0.0162354 0.0371528
1 0.297656 0.294792 0.0210938 0.04375
0 0.0414917 0.318403 0.0162354 0.0371528
1 0.0380859 0.319792 0.0132813 0.0298611
1 0.0385254 0.315799 0.0178711 0.0326389
0 0.294531 0.293229 0.0148437 0.0364583
0 0.295703 0.296181 0.0179687 0.04375
0 0.0385254 0.315799 0.0178711 0.0326389
0 0.00668945 0.243056 0.0118652 0.0402778
0 0.0380859 0.319792 0.0132813 0.0298611
0 0.292969 0.292188 0.0117188 0.0302083
0 0.00578613 0.235069 0.0115723 0.0260417
1 0.00687256 0.241319 0.0118408 0.0368056
1 0.271094 0.232986 0.0109375 0.0260417
1 0.26875 0.233854 0.00898437 0.028125
1 0.48125 0.843056 0.0125 0.0277778
1 0.373437 0.511806 0.0078125 0.0263889
1 0.0460815 0.313368 0.0189697 0.0295139
0 0.295508 0.286806 0.0128906 0.0256944
1 0.0408203 0.309722 0.0150391 0.0329861
0 0.116797 0.386111 0.0226563 0.0347222
1 0.00578613 0.235069 0.0115723 0.0260417
0 0.00743408 0.255556 0.0133545 0.0659722
1 0.478906 0.815972 0.040625 0.109722
1 0.0407715 0.324306 0.0170898 0.0364583
1 0.298438 0.285764 0.0144531 0.0326389
0 0.479297 0.815278 0.040625 0.108333
0 0.00693359 0.227083 0.0126465 0.0381944
1 0.0416016 0.314063 0.0134766 0.0302083
1 0.292969 0.290278 0.0109375 0.0277778
1 0.293945 0.295833 0.0152344 0.0381944
1 0.295703 0.286458 0.0128906 0.0256944
1 0.295312 0.291667 0.0164062 0.0347222
0 0.041687 0.313889 0.013501 0.0291667
0 0.00646973 0.234028 0.0112793 0.0208333
1 0.00646973 0.234028 0.0112793 0.0208333
1 0.290625 0.294097 0.0148437 0.0347222
1 0.296094 0.281944 0.009375 0.0215278
1 0.297656 0.294792 0.0210938 0.04375
1 0.0415527 0.318229 0.0161133 0.0371528
0 0.0415527 0.318229 0.0161133 0.0371528
1 0.0380859 0.319792 0.0130859 0.0298611
0 0.294727 0.293403 0.0144531 0.0368056
0 0.295703 0.296007 0.0179687 0.0434028
1 0.0384766 0.315799 0.0177734 0.0322917
0 0.00664063 0.243403 0.0117676 0.0402778
0 0.0384766 0.315799 0.0177734 0.0322917
0 0.0380859 0.319792 0.0130859 0.0298611
0 0.292969 0.292361 0.0117188 0.0302083
1 0.271289 0.232292 0.0109375 0.0243056
1 0.00683594 0.241667 0.0117676 0.0375
1 0.268945 0.233507 0.00898437 0.0274306
1 0.373242 0.511458 0.0078125 0.0263889
0 0.295703 0.286458 0.0128906 0.0256944
1 0.046106 0.313368 0.0189209 0.0291667
1 0.480859 0.843056 0.0117188 0.0263889
0 0.116797 0.385764 0.0226563 0.0340278
1 0.478906 0.815278 0.0414063 0.108333
0 0.00731201 0.255556 0.0131104 0.0659722
1 0.270312 0.233507 0.0109375 0.0298611
1 0.298438 0.285764 0.0144531 0.0322917
1 0.040918 0.309722 0.0149414 0.0326389
1 0.0416016 0.314063 0.0133789 0.0302083
1 0.292969 0.290278 0.0109375 0.0277778
1 0.293945 0.295833 0.0152344 0.0381944
1 0.295703 0.286632 0.0128906 0.0256944
1 0.295508 0.291667 0.0164062 0.0347222
0 0.0416992 0.313889 0.0135742 0.0291667
0 0.00646973 0.234028 0.0112305 0.0208333
1 0.00646973 0.234028 0.0112305 0.0208333
1 0.290625 0.294097 0.0148437 0.0347222
1 0.296094 0.281944 0.00976562 0.0215278
1 0.297656 0.294792 0.0210938 0.0430556
1 0.0415039 0.318403 0.0162109 0.0375
0 0.0415039 0.318403 0.0162109 0.0375
1 0.0380859 0.320139 0.0130859 0.0298611
1 0.0384766 0.315625 0.0176758 0.0319444
0 0.294727 0.293576 0.0144531 0.0368056
0 0.295703 0.296007 0.0179687 0.0434028
0 0.00662842 0.243056 0.0117432 0.0402778
0 0.0384766 0.315625 0.0176758 0.0319444
0 0.0380859 0.320139 0.0130859 0.0298611
0 0.292969 0.292535 0.0117188 0.0305556
1 0.00683594 0.241319 0.0117188 0.0371528
1 0.271094 0.231597 0.0109375 0.0229167
1 0.0460815 0.313194 0.0187744 0.0291667
1 0.480859 0.843056 0.0117188 0.025
1 0.478906 0.815278 0.0414063 0.108333
1 0.26875 0.233333 0.00859375 0.0263889
0 0.116895 0.385764 0.0224609 0.0340278
0 0.295703 0.286632 0.0128906 0.0256944
1 0.269531 0.235764 0.009375 0.0319444
1 0.373242 0.511111 0.0078125 0.0263889
0 0.0072876 0.255903 0.0130615 0.0666667
1 0.298438 0.285764 0.0148437 0.0326389
1 0.040918 0.309722 0.0149414 0.0326389
1 0.0409302 0.324306 0.0167725 0.0361111
0 0.479297 0.816667 0.0414063 0.111111
1 0.0416016 0.314236 0.0134766 0.0298611
1 0.292969 0.290278 0.0109375 0.0277778
1 0.29375 0.295833 0.0148437 0.0381944
1 0.295703 0.286458 0.0128906 0.0256944
1 0.295703 0.291667 0.0164062 0.0347222
0 0.0417114 0.313889 0.0136475 0.0291667
0 0.00656738 0.234549 0.011377 0.0222222
1 0.00644531 0.234028 0.0112305 0.0208333
1 0.290625 0.294097 0.0148437 0.0347222
1 0.296094 0.282118 0.00976562 0.021875
1 0.0414185 0.318403 0.0163818 0.0375
1 0.297656 0.294618 0.0210938 0.0430556
0 0.0414185 0.318403 0.0163818 0.0375
1 0.0380005 0.320139 0.0130615 0.0291667
1 0.0384888 0.315625 0.017749 0.0319444
0 0.294531 0.293576 0.0148437 0.0368056
0 0.0384888 0.315625 0.017749 0.0319444
0 0.00662842 0.243056 0.0117432 0.0395833
0 0.0380005 0.320139 0.0130615 0.0291667
0 0.292773 0.292708 0.0113281 0.0305556
1 0.00682373 0.241319 0.0117432 0.0368056
1 0.478906 0.814583 0.040625 0.106944
1 0.271289 0.231597 0.0105469 0.0225694
0 0.296094 0.290278 0.0132813 0.0319444
1 0.0460938 0.313194 0.0188477 0.0291667
0 0.297656 0.294618 0.0210938 0.0430556
1 0.373242 0.511111 0.0078125 0.0256944
0 0.116895 0.385764 0.0224609 0.0340278
1 0.480469 0.843056 0.0109375 0.025
1 0.269531 0.235764 0.009375 0.0315972
1 0.298438 0.285764 0.0144531 0.0322917
1 0.26875 0.232986 0.00859375 0.0263889
0 0.478906 0.813889 0.040625 0.105556
0 0.00722656 0.255556 0.0128906 0.0652778
1 0.0408691 0.324306 0.0167969 0.0361111
1 0.0416138 0.314063 0.0134521 0.0298611
1 0.292969 0.290451 0.0109375 0.0274306
1 0.29375 0.295833 0.0148437 0.0381944
1 0.295703 0.286458 0.0125 0.0256944
1 0.295703 0.291667 0.0164062 0.0347222
0 0.0416992 0.313889 0.0135742 0.0291667
1 0.00644531 0.234028 0.0112793 0.0208333
0 0.00645752 0.234028 0.0112549 0.0201389
1 0.290625 0.294097 0.0148437 0.034375
1 0.296094 0.282118 0.00976562 0.021875
1 0.297656 0.294618 0.0210938 0.0430556
1 0.0414063 0.318403 0.0163086 0.0375
0 0.0414063 0.318403 0.0163086 0.0375
1 0.0379761 0.320486 0.012915 0.0288194
1 0.0385254 0.315625 0.0176758 0.0319444
0 0.294531 0.29375 0.0140625 0.0368056
0 0.295703 0.296181 0.0179687 0.0430556
0 0.0385254 0.315625 0.0176758 0.0319444
0 0.00662842 0.243056 0.0117432 0.0395833
0 0.0379761 0.320486 0.012915 0.0288194
0 0.292773 0.292708 0.0113281 0.0305556
1 0.00681152 0.241319 0.0117676 0.0368056
1 0.373242 0.511111 0.0078125 0.0256944
1 0.478906 0.815278 0.040625 0.108333
0 0.296094 0.290278 0.0132813 0.0319444
1 0.0460938 0.313194 0.0188477 0.0291667
1 0.271289 0.23125 0.0105469 0.0222222
0 0.116797 0.385764 0.0222656 0.0340278
0 0.478906 0.814583 0.040625 0.106944
1 0.298438 0.285764 0.0148437 0.0322917
1 0.269531 0.235764 0.009375 0.03125
0 0.00716553 0.255208 0.0127686 0.0645833
1 0.480469 0.843056 0.0109375 0.025
1 0.0408203 0.324306 0.0166992 0.0357639
1 0.0416016 0.314063 0.0132813 0.0298611
1 0.292969 0.290278 0.0109375 0.0270833
1 0.29375 0.295833 0.0148437 0.0381944
1 0.295703 0.286458 0.0125 0.0256944
1 0.295703 0.291667 0.0164062 0.0347222
0 0.0416992 0.313889 0.0135742 0.0291667
0 0.00656738 0.234549 0.011377 0.0222222
1 0.0064209 0.234028 0.0112793 0.0208333
1 0.290625 0.294097 0.0148437 0.0347222
1 0.296094 0.282118 0.00976562 0.021875
1 0.297656 0.294444 0.0210938 0.0427083
1 0.041394 0.318403 0.0162354 0.0371528
0 0.041394 0.318403 0.0162354 0.0371528
1 0.0379395 0.320833 0.012793 0.0284722
0 0.294531 0.293576 0.0140625 0.0368056
1 0.0384766 0.315625 0.0176758 0.0319444
0 0.295703 0.296181 0.0179687 0.0430556
0 0.00661621 0.243056 0.0117676 0.0402778
0 0.0384766 0.315625 0.0176758 0.0319444
0 0.0379395 0.320833 0.012793 0.0284722
0 0.292773 0.292708 0.0113281 0.0305556
1 0.373242 0.511111 0.0078125 0.025
0 0.296094 0.290278 0.0132813 0.0319444
1 0.478906 0.815278 0.040625 0.108333
1 0.00681152 0.241319 0.0117188 0.0368056
0 0.478906 0.814583 0.040625 0.106944
1 0.0460938 0.313194 0.01875 0.0288194
0 0.00708008 0.255382 0.0126953 0.0649306
1 0.271289 0.231076 0.0105469 0.0215278
0 0.116797 0.385764 0.0222656 0.0340278
1 0.298438 0.285764 0.0148437 0.0322917
1 0.270508 0.232465 0.0109375 0.0270833
1 0.269531 0.235764 0.00898437 0.03125
1 0.0415894 0.314236 0.0133057 0.0298611
1 0.292969 0.290278 0.0109375 0.0270833
1 0.29375 0.295833 0.0148437 0.0381944
1 0.295703 0.286458 0.0125 0.0253472
0 0.0416504 0.313889 0.0135742 0.0288194
1 0.295703 0.291319 0.0164062 0.0340278
0 0.00644531 0.233854 0.0112305 0.0201389
1 0.0064209 0.234028 0.0112793 0.0208333
1 0.290625 0.294097 0.0148437 0.0340278
1 0.296094 0.282118 0.00976562 0.021875
1 0.297656 0.294444 0.0210938 0.0423611
1 0.0414063 0.318403 0.0162109 0.0368056
0 0.0414063 0.318403 0.0162109 0.0368056
1 0.0380371 0.320833 0.0128906 0.028125
0 0.294531 0.293403 0.0140625 0.0364583
1 0.0385254 0.315625 0.0176758 0.0315972
0 0.295703 0.296181 0.0179687 0.0430556
0 0.00661621 0.243056 0.0117676 0.0402778
0 0.0385254 0.315625 0.0176758 0.0315972
0 0.0380371 0.320833 0.0128906 0.028125
1 0.373242 0.511111 0.0078125 0.025
0 0.478906 0.814583 0.040625 0.106944
0 0.292773 0.292708 0.0113281 0.0305556
1 0.478906 0.815278 0.040625 0.108333
0 0.296094 0.289931 0.0132813 0.03125
1 0.046106 0.313194 0.0187256 0.0288194
0 0.00704346 0.255208 0.0125732 0.0645833
1 0.00678711 0.241319 0.0117676 0.0368056
1 0.298438 0.285764 0.0148437 0.0319444
0 0.116895 0.385764 0.0222656 0.0340278
1 0.270312 0.232292 0.0109375 0.0263889
1 0.480469 0.842361 0.0109375 0.0236111
0 0.0521484 0.586806 0.084375 0.129167
1 0.0415894 0.314236 0.0133057 0.0298611
1 0.292969 0.290278 0.0109375 0.0270833
1 0.29375 0.295833 0.0148437 0.0381944
1 0.295703 0.286458 0.0125 0.0253472
0 0.0416504 0.313889 0.0135742 0.0291667
1 0.295703 0.291319 0.0164062 0.0340278
0 0.0064209 0.233854 0.0111816 0.0201389
1 0.0064209 0.233854 0.0112305 0.0204861
1 0.290625 0.294097 0.0148437 0.034375
1 0.296094 0.281944 0.0101562 0.0222222
1 0.297656 0.294271 0.0210938 0.0427083
1 0.0414185 0.318403 0.0161865 0.0368056
0 0.0414185 0.318403 0.0161865 0.0368056
1 0.0381714 0.320486 0.0131104 0.0284722
0 0.294531 0.293403 0.0140625 0.0364583
1 0.0385254 0.315625 0.0176758 0.0315972
0 0.295508 0.296181 0.0175781 0.0430556
0 0.0065918 0.243056 0.0116699 0.0395833
0 0.0381714 0.320486 0.0131104 0.0284722
0 0.478906 0.814583 0.040625 0.106944
0 0.0385254 0.315625 0.0176758 0.0315972
0 0.292773 0.292535 0.0113281 0.0302083
1 0.373047 0.511111 0.0078125 0.025
1 0.478906 0.814583 0.040625 0.106944
0 0.296094 0.289931 0.0132813 0.03125
0 0.00700684 0.255208 0.0125 0.0645833
1 0.0459839 0.313194 0.0187744 0.0284722
1 0.00678711 0.241146 0.0117188 0.0364583
1 0.270312 0.231944 0.0109375 0.0256944
1 0.298438 0.28559 0.0148437 0.0322917
0 0.0521484 0.586806 0.084375 0.126389
1 0.0415161 0.314236 0.0132568 0.0298611
1 0.292969 0.290104 0.0109375 0.0267361
1 0.295703 0.286285 0.0125 0.025
1 0.29375 0.295833 0.0148437 0.0381944
0 0.0415894 0.313889 0.013501 0.0288194
1 0.295508 0.290972 0.0160156 0.0333333
0 0.00639648 0.233681 0.0111816 0.0201389
1 0.00640869 0.233854 0.0112549 0.0204861
1 0.290625 0.293924 0.0148437 0.0340278
1 0.296094 0.281944 0.00976562 0.0215278
1 0.0414185 0.318229 0.0161865 0.0368056
1 0.297656 0.294271 0.0210938 0.0423611
0 0.0414185 0.318229 0.0161865 0.0368056
1 0.0382324 0.320486 0.0130859 0.0277778
0 0.294531 0.293229 0.0140625 0.0361111
1 0.0385254 0.315625 0.0176758 0.0315972
0 0.295508 0.296181 0.0175781 0.0430556
0 0.00656738 0.243056 0.0116943 0.0395833
0 0.0382324 0.320486 0.0130859 0.0277778
0 0.478906 0.814583 0.040625 0.106944
0 0.0385254 0.315625 0.0176758 0.0315972
1 0.373047 0.511111 0.0078125 0.025
1 0.478906 0.814583 0.040625 0.106944
0 0.292578 0.292361 0.0109375 0.0298611
0 0.00700684 0.254861 0.0125488 0.0638889
1 0.270312 0.23125 0.0105469 0.025
1 0.00678711 0.240972 0.0117188 0.0361111
0 0.0521484 0.5875 0.084375 0.125
0 0.296094 0.289583 0.0132813 0.0305556
1 0.0460449 0.313194 0.01875 0.0284722
1 0.0415527 0.314236 0.0131836 0.0298611
1 0.292969 0.289931 0.0109375 0.0263889
1 0.295703 0.286111 0.0125 0.0246528
1 0.293555 0.29566 0.0144531 0.0375
1 0.295312 0.290972 0.015625 0.0326389
0 0.0416504 0.313889 0.0134766 0.0291667
0 0.00639648 0.233681 0.0111816 0.0201389
1 0.00639648 0.233854 0.0112793 0.0204861
1 0.290625 0.29375 0.0148437 0.0333333
1 0.296094 0.281771 0.00976562 0.0215278
1 0.297656 0.294097 0.0210938 0.0420139
1 0.0414063 0.318056 0.0162109 0.0368056
0 0.0414063 0.318056 0.0162109 0.0368056
1 0.0382813 0.320486 0.0129883 0.0277778
1 0.298828 0.29566 0.0164062 0.0361111
1 0.295312 0.298611 0.0148437 0.0427083
0 0.294336 0.293056 0.0136719 0.0354167
0 0.478906 0.814583 0.040625 0.106944
1 0.0385254 0.315625 0.0176758 0.03125
0 0.00656738 0.243056 0.0117188 0.0395833
0 0.295312 0.296181 0.0171875 0.0427083
0 0.0382813 0.320486 0.0129883 0.0277778
0 0.0385254 0.315625 0.0176758 0.03125
1 0.479297 0.814583 0.040625 0.106944
1 0.373047 0.510764 0.0078125 0.0243056
1 0.270312 0.230903 0.0101562 0.0239583
0 0.00700684 0.254167 0.0125488 0.0621528
1 0.00679932 0.240972 0.011792 0.0361111
0 0.292578 0.292361 0.0109375 0.0291667
0 0.0522461 0.588194 0.084375 0.123611
1 0.271875 0.230903 0.0109375 0.0222222
1 0.0415527 0.314236 0.0131836 0.0298611
1 0.292969 0.289931 0.0105469 0.0263889
1 0.295703 0.285937 0.0117188 0.0243056
1 0.293359 0.295486 0.0140625 0.0375
1 0.295312 0.290625 0.015625 0.0326389
0 0.0416504 0.313889 0.0134766 0.0288194
1 0.295703 0.295486 0.01875 0.0402778
0 0.00637207 0.233854 0.0111816 0.0197917
1 0.00639648 0.233681 0.0112793 0.0201389
1 0.290625 0.29375 0.0148437 0.0333333
1 0.296094 0.281597 0.00976562 0.0208333
1 0.0414185 0.318056 0.0163818 0.0368056
0 0.0414185 0.318056 0.0163818 0.0368056
1 0.0381836 0.321007 0.012793 0.0267361
0 0.478906 0.814583 0.040625 0.106944
1 0.295508 0.298958 0.0144531 0.0416667
1 0.299023 0.296181 0.0160156 0.0347222
0 0.294336 0.292708 0.0132813 0.0347222
1 0.0385742 0.315625 0.0176758 0.03125
0 0.00656738 0.242708 0.0117188 0.0388889
1 0.479297 0.813889 0.040625 0.105556
0 0.295312 0.296181 0.0171875 0.0427083
0 0.0385742 0.315625 0.0176758 0.03125
0 0.0381836 0.321007 0.012793 0.0267361
1 0.270312 0.230556 0.0101562 0.0236111
1 0.373047 0.510764 0.0078125 0.0243056
1 0.00678711 0.240799 0.0118164 0.0357639
1 0.271875 0.230903 0.0105469 0.0215278
0 0.00700684 0.253646 0.0125977 0.0611111
1 0.480469 0.842361 0.0109375 0.0236111
1 0.0415527 0.314063 0.0131836 0.0295139
1 0.292969 0.289931 0.0105469 0.0260417
1 0.295703 0.285764 0.0117188 0.0243056
1 0.293359 0.295486 0.0140625 0.0368056
1 0.295312 0.290625 0.015625 0.0322917
0 0.0416016 0.313889 0.0134766 0.0288194
1 0.295898 0.295486 0.0183594 0.0402778
1 0.297656 0.290278 0.015625 0.0347222
0 0.00637207 0.233681 0.0111816 0.0194444
1 0.00639648 0.233681 0.0112793 0.0201389
1 0.290625 0.29375 0.0148437 0.0326389
1 0.296094 0.281424 0.00976562 0.0208333
1 0.0414063 0.318056 0.0164062 0.0368056
0 0.0414063 0.318056 0.0164062 0.0368056
1 0.0381348 0.321354 0.0126953 0.0263889
0 0.478906 0.814583 0.040625 0.106944
1 0.299219 0.296701 0.015625 0.0333333
1 0.295703 0.299306 0.0140625 0.0413194
0 0.294336 0.292708 0.0132813 0.0347222
1 0.0385864 0.315625 0.017749 0.03125
1 0.479297 0.814583 0.040625 0.106944
0 0.00656738 0.242535 0.0117188 0.0385417
0 0.295312 0.296181 0.0171875 0.0423611
1 0.270312 0.230556 0.0101562 0.0229167
0 0.0385864 0.315625 0.017749 0.03125
1 0.373047 0.510764 0.0078125 0.0243056
0 0.0533203 0.579167 0.0818359 0.113889
1 0.271875 0.230729 0.0105469 0.0215278
0 0.0381348 0.321354 0.0126953 0.0263889
1 0.480469 0.842361 0.0109375 0.0236111
1 0.00678711 0.240625 0.0118164 0.0354167
0 0.00708008 0.253646 0.0126465 0.0611111
1 0.0415527 0.314063 0.0130859 0.0295139
1 0.292969 0.289931 0.0105469 0.0260417
1 0.295703 0.285764 0.0117188 0.0243056
1 0.293359 0.295486 0.0140625 0.0368056
1 0.295312 0.290625 0.0152344 0.0322917
0 0.0416016 0.313889 0.0134766 0.0291667
1 0.295898 0.295486 0.0183594 0.0395833
1 0.297656 0.290278 0.015625 0.0347222
0 0.00637207 0.233681 0.0111572 0.0194444
1 0.0064209 0.233681 0.0112793 0.0201389
1 0.290234 0.292708 0.0140625 0.03125
1 0.296094 0.28125 0.009375 0.0208333
1 0.0414551 0.318056 0.0164062 0.0368056
0 0.0414551 0.318056 0.0164062 0.0368056
1 0.0381836 0.321181 0.0126953 0.0263889
0 0.478906 0.813889 0.040625 0.105556
1 0.299414 0.297049 0.0152344 0.0326389
1 0.479297 0.813889 0.040625 0.105556
1 0.295703 0.299479 0.0140625 0.0409722
0 0.294336 0.292535 0.0132813 0.034375
1 0.0385864 0.315625 0.017749 0.03125
0 0.295312 0.296181 0.0175781 0.0423611
1 0.270312 0.230208 0.0101562 0.0229167
1 0.271875 0.230729 0.0105469 0.0215278
0 0.0535034 0.578472 0.0814697 0.1125
0 0.00656738 0.242361 0.0117188 0.0381944
1 0.373047 0.510764 0.0078125 0.0243056
0 0.0385864 0.315625 0.017749 0.03125
1 0.480469 0.841667 0.0109375 0.0222222
0 0.0381836 0.321181 0.0126953 0.0263889
1 0.486719 0.84375 0.021875 0.0333333
1 0.00678711 0.240625 0.0118164 0.0354167
1 0.0415527 0.314063 0.0130859 0.0295139
1 0.292969 0.289931 0.0105469 0.0256944
1 0.295703 0.285764 0.0117188 0.0243056
1 0.293359 0.295486 0.0140625 0.0368056
1 0.295312 0.290625 0.015625 0.0319444
0 0.0415527 0.314063 0.0130859 0.0295139
1 0.296094 0.295486 0.0179687 0.0395833
1 0.297656 0.290451 0.015625 0.034375
0 0.00637207 0.233681 0.0111572 0.0194444
1 0.0064209 0.233681 0.0112793 0.0201389
1 0.290234 0.292708 0.0140625 0.03125
1 0.296094 0.28125 0.009375 0.0208333
1 0.0415161 0.318056 0.0163818 0.0368056
0 0.0415161 0.318056 0.0163818 0.0368056
1 0.0382935 0.321181 0.0128662 0.0263889
1 0.299414 0.297222 0.0152344 0.0326389
1 0.479297 0.814583 0.040625 0.106944
1 0.295703 0.299653 0.0140625 0.0409722
0 0.294336 0.292708 0.0132813 0.034375
0 0.479297 0.814583 0.040625 0.106944
1 0.0385742 0.315625 0.0177734 0.03125
1 0.270312 0.230208 0.0101562 0.0222222
1 0.271875 0.230903 0.0105469 0.0215278
0 0.295312 0.296181 0.0171875 0.0423611
0 0.0535278 0.579167 0.0816162 0.1125
1 0.480469 0.842361 0.0109375 0.0236111
1 0.373047 0.511111 0.0078125 0.025
1 0.486719 0.84375 0.021875 0.0333333
0 0.0385742 0.315625 0.0177734 0.03125
0 0.00656738 0.242188 0.0117188 0.0375
0 0.0382935 0.321181 0.0128662 0.0263889
1 0.0415527 0.314063 0.0130859 0.0295139
1 0.292969 0.289931 0.0101562 0.0256944
1 0.295703 0.28559 0.0117188 0.0239583
1 0.293359 0.29566 0.0136719 0.0364583
1 0.295312 0.290625 0.0152344 0.0319444
0 0.0415527 0.314063 0.0130859 0.0295139
1 0.295898 0.29566 0.0179687 0.0395833
1 0.297656 0.290451 0.015625 0.034375
0 0.00637207 0.233681 0.0111572 0.0194444
1 0.0064209 0.233681 0.0113037 0.0201389
1 0.290234 0.292708 0.0136719 0.0305556
1 0.296094 0.28125 0.009375 0.0208333
1 0.0414551 0.317882 0.0164062 0.0371528
0 0.0414551 0.317882 0.0164062 0.0371528
1 0.0381714 0.321354 0.0127197 0.0260417
1 0.299609 0.297396 0.0148437 0.0315972
0 0.479297 0.814583 0.0414063 0.106944
1 0.295703 0.299653 0.0140625 0.0402778
1 0.479297 0.814583 0.0414063 0.106944
0 0.294336 0.292708 0.0132813 0.0340278
1 0.271875 0.230903 0.0105469 0.0215278
1 0.270312 0.229861 0.0101562 0.021875
0 0.0535278 0.578472 0.0818115 0.111111
1 0.0385742 0.315625 0.0177734 0.03125
0 0.295312 0.296181 0.0171875 0.0423611
1 0.480469 0.842361 0.0109375 0.0236111
1 0.373047 0.511111 0.0078125 0.025
1 0.487109 0.844444 0.0226563 0.0333333
0 0.0385742 0.315625 0.0177734 0.03125
0 0.00657959 0.242014 0.0117432 0.0375
1 0.0415161 0.314063 0.0130615 0.0295139
1 0.292969 0.289931 0.0101562 0.0256944
1 0.295703 0.285417 0.0117188 0.0236111
1 0.293359 0.29566 0.0132813 0.0361111
1 0.295312 0.290625 0.0148437 0.0319444
0 0.0415161 0.314063 0.0130615 0.0295139
1 0.295898 0.295486 0.0179687 0.0395833
1 0.297656 0.290278 0.015625 0.0340278
0 0.00637207 0.233681 0.0111816 0.0194444
1 0.0064209 0.233681 0.0112793 0.0197917
1 0.296094 0.28125 0.009375 0.0208333
1 0.290234 0.292708 0.0136719 0.0305556
1 0.0414551 0.317882 0.0165039 0.0371528
0 0.0414551 0.317882 0.0165039 0.0371528
1 0.0381836 0.321528 0.0126953 0.0256944
0 0.479688 0.814583 0.040625 0.106944
1 0.299609 0.297743 0.0148437 0.0305556
1 0.295703 0.300174 0.0140625 0.0399306
1 0.479688 0.814583 0.040625 0.106944
1 0.271875 0.230903 0.0105469 0.0215278
1 0.270312 0.229514 0.0101562 0.0215278
0 0.294141 0.292535 0.0132813 0.0336806
1 0.480469 0.842361 0.0109375 0.0236111
1 0.487109 0.844444 0.0226563 0.0333333
0 0.0536133 0.578125 0.0816406 0.109028
1 0.0385742 0.315625 0.0177734 0.03125
0 0.295312 0.296181 0.0171875 0.0416667
1 0.373047 0.511111 0.0078125 0.025
1 0.482031 0.841667 0.009375 0.0236111
0 0.0385742 0.315625 0.0177734 0.03125
1 0.0415161 0.314063 0.0130615 0.0295139
1 0.292969 0.289931 0.0101562 0.0256944
1 0.295703 0.285417 0.0117188 0.0236111
1 0.293359 0.29566 0.0132813 0.0361111
1 0.295312 0.290451 0.0148437 0.0315972
0 0.0415161 0.314063 0.0130615 0.0295139
1 0.295898 0.295486 0.0179687 0.0392361
1 0.297656 0.290278 0.015625 0.0340278
0 0.00634766 0.233681 0.0111816 0.0194444
1 0.0064209 0.233681 0.0112793 0.0197917
1 0.296094 0.28125 0.009375 0.0208333
1 0.290234 0.292708 0.0136719 0.0305556
1 0.0414551 0.317882 0.0165039 0.0371528
0 0.0414551 0.317882 0.0165039 0.0371528
1 0.0381348 0.321528 0.0126953 0.0256944
0 0.479688 0.814583 0.040625 0.106944
1 0.299609 0.297743 0.0148437 0.0305556
1 0.479688 0.814583 0.040625 0.106944
1 0.295703 0.300174 0.0140625 0.0399306
1 0.271875 0.230903 0.0105469 0.0215278
1 0.270312 0.229514 0.0101562 0.0215278
0 0.294141 0.292361 0.0132813 0.0333333
1 0.480469 0.842361 0.0109375 0.0236111
1 0.487109 0.844444 0.0226563 0.0333333
0 0.0536255 0.578125 0.0816162 0.109028
1 0.0385742 0.315625 0.0177734 0.03125
0 0.295312 0.296181 0.0171875 0.0416667
1 0.373047 0.510764 0.0078125 0.025
0 0.0385742 0.315625 0.0177734 0.03125
