0 0.398828 0.0351128 0.0320312 0.0675347
0 0.315039 0.215625 0.0410156 0.0979167
0 0.787109 0.938889 0.0820312 0.108333
0 0.875 0.4125 0.034375 0.102778
0 0.329688 0.0263889 0.0320312 0.0503472
0 0.352734 0.207639 0.0257812 0.0618056
1 0.567578 0.509028 0.0664062 0.0666667
0 0.674219 0.342361 0.034375 0.0986111
1 0.584766 0.35625 0.0640625 0.0652778
1 0.576563 0.583333 0.0773437 0.0652778
0 0.584766 0.355903 0.0632813 0.0638889
1 0.714063 0.356597 0.034375 0.0993056
0 0.752344 0.376476 0.0359375 0.0998264
1 0.578906 0.425 0.0734375 0.0694444
0 0.290039 0.199479 0.0246094 0.0701389
0 0.578906 0.425694 0.0734375 0.0694444
0 0.714063 0.356944 0.0359375 0.1
0 0.158398 0.00654297 0.0214844 0.0119575
0 0.990625 0.452083 0.01875 0.109722
1 0.752344 0.376389 0.0359375 0.1
0 0.576953 0.584028 0.0765625 0.0666667
1 0.674219 0.342361 0.034375 0.0986111
0 0.567969 0.508681 0.0664062 0.0673611
0 0.994531 0.45 0.0109375 0.103472
0 0.157617 0.00639106 0.0273438 0.0127821
1 0.994531 0.45 0.0109375 0.103472
0 0.289453 0.188542 0.0242187 0.0506944
1 0.990625 0.125868 0.015625 0.0326389
1 0.990625 0.451389 0.01875 0.106944
1 0.254297 0.355208 0.00703125 0.0229167
0 0.0387695 0.234722 0.0510742 0.0652778
1 0.239063 0.310764 0.0078125 0.0243056
1 0.11582 0.553125 0.009375 0.0118056
1 0.213281 0.642361 0.00703125 0.0145833
0 0.213281 0.642361 0.00703125 0.0145833
0 0.288281 0.211806 0.0304688 0.0979167
1 0.7875 0.938889 0.08125 0.108333
0 0.178906 0.00428602 0.0710938 0.00857205
1 0.610937 0.114236 0.0125 0.028125
0 0.994531 0.439583 0.0109375 0.0805556
0 1 0.457639 0 0.1125
1 0.611719 0.123264 0.0140625 0.0472222
1 0.610156 0.107813 0.0101562 0.0163194
0 0.0279297 0.573264 0.0165039 0.0159722
0 0.921875 0.116406 0.15625 0.232812
1 0.875 0.413194 0.034375 0.103472
2 0.576563 0.584028 0.078125 0.0666667
0 0.611328 0.129167 0.01875 0.0597222
1 0.289844 0.195139 0.0242187 0.0635417
0 0.490234 0.975694 0.0234375 0.0472222
0 0.278516 0.203299 0.0484375 0.0770833
0 1 0.451736 0 0.103472
1 0.329297 0.0263889 0.0316406 0.0496528
1 0.521875 0.547917 0.021875 0.0354167
0 0.889063 0.114236 0.221875 0.228472
0 0.95 0 0.078125 0
1 0.825 0.426389 0.0109375 0.0194444
0 0.349023 0.216319 0.0308594 0.0798611
1 0.822656 0.426042 0.0140625 0.0208333
0 0.992969 0.428819 0.0140625 0.0618056
1 0.267969 0.397917 0.00625 0.0194444
1 0.610156 0.110677 0.0125 0.0232639
1 0.158398 0.00713976 0.0238281 0.0124566
1 0.0953125 0.480556 0.0132813 0.0263889
0 0.994922 0.428472 0.0101562 0.0597222
1 0.117188 0.554861 0.0105469 0.0152778
0 0.611719 0.123264 0.0140625 0.0472222
1 0.527344 0.546528 0.0117188 0.0236111
0 0.614062 0.124306 0.0203125 0.0493056
1 0.255078 0.35625 0.0101562 0.0243056
2 0.990625 0.452083 0.01875 0.108333
0 1 0.380208 0 0.154861
3 0.576563 0.583681 0.078125 0.0659722
0 0.985156 0.436111 0.028125 0.141667
1 0.0674805 0.563194 0.00664063 0.0145833
1 0.757812 0.596528 0.00625 0.0125
1 0.992969 0.457986 0.0140625 0.1
2 0.752344 0.376476 0.0359375 0.0998264
0 0.173145 0.00580512 0.0587891 0.0116102
1 0.2125 0.64375 0.0078125 0.0166667
1 0.398828 0.0351128 0.0320312 0.0675347
0 0.641406 0.0136068 0.01875 0.0234375
0 0.2125 0.64375 0.0078125 0.0166667
1 0.994531 0.439583 0.0109375 0.0805556
0 1 0.477083 0 0.1
0 0.144922 0.00454644 0.0503906 0.00909288
0 1 0.504514 0 0.136111
2 0.578906 0.425347 0.0734375 0.0694444
2 0.584766 0.355903 0.0632813 0.0638889
1 0.620703 0.112934 0.00859375 0.0239583
1 0.595703 0.395139 0.009375 0.0229167
0 0.156543 0.0102214 0.0283203 0.0164062
1 0.0964844 0.470833 0.00898437 0.0138889
1 0.614062 0.124306 0.0203125 0.0493056
0 0.399121 0.0344618 0.0314453 0.0689236
0 0.7875 0.938889 0.08125 0.108333
0 0.578906 0.425 0.0734375 0.0680556
0 0.584375 0.355556 0.0625 0.0625
0 0.567969 0.508333 0.065625 0.0666667
0 0.315234 0.215582 0.0398437 0.0980035
0 0.576953 0.581944 0.0773437 0.0611111
0 0.674219 0.342535 0.0335938 0.0975694
0 0.329492 0.0263889 0.0320312 0.0506944
0 0.751953 0.376302 0.0351562 0.100174
0 0.875 0.4125 0.034375 0.103472
0 0.714063 0.35625 0.0351562 0.1
0 0.352539 0.208681 0.0257812 0.0631944
0 0.990625 0.452083 0.01875 0.108333
0 0.289844 0.201345 0.0234375 0.0750868
0 0.158398 0.00634766 0.0214844 0.0126953
1 0.714063 0.356944 0.034375 0.102083
1 0.751953 0.376302 0.0351562 0.100174
0 0.158203 0.00653212 0.028125 0.0130642
0 0.288672 0.18954 0.021875 0.0521701
0 0.0391602 0.233333 0.0518555 0.0645833
1 0.990625 0.126563 0.0171875 0.0329861
1 0.254297 0.355903 0.0078125 0.0229167
0 0.289062 0.212543 0.0261719 0.0992187
0 0.992969 0.451389 0.0140625 0.105556
0 0.182617 0.0042806 0.0796875 0.0085612
1 0.990625 0.451736 0.01875 0.110417
1 0.238867 0.310764 0.0078125 0.0253472
1 0.674219 0.342361 0.0335938 0.0972222
1 0.268359 0.397917 0.00703125 0.0208333
0 0.927344 0.111719 0.145313 0.22066
1 0.0946289 0.478472 0.0171875 0.0319444
0 0.178223 0 0.0748047 0
1 0.757812 0.596528 0.00703125 0.0138889
1 0.115723 0.553472 0.0107422 0.0125
1 0.821094 0.425694 0.0171875 0.0236111
0 0.212891 0.641667 0.0078125 0.0180556
0 0.926562 0.178429 0.146875 0.142448
0 0.142578 0.221354 0.0576172 0.0802083
1 0.823438 0.425694 0.015625 0.0208333
1 0.158398 0.00659722 0.0236328 0.0131944
0 0.482422 0.554167 0.05625 0.0597222
1 0.567969 0.508333 0.065625 0.0652778
1 0.289453 0.196528 0.0234375 0.0663194
0 0.927344 0.146202 0.145313 0.16697
1 0.096582 0.476389 0.0109375 0.0277778
0 0.948438 0 0.084375 0
1 0.576563 0.581944 0.0765625 0.0611111
1 0.0930664 0.483333 0.0167969 0.0263889
0 1 0.463889 0 0.120833
1 0.213281 0.643403 0.0078125 0.0173611
1 0.0970703 0.476736 0.0210938 0.0368056
0 0.0279297 0.572917 0.0168945 0.0166667
0 0.135742 0.00483941 0.0691406 0.00967882
0 0.360938 0.00141602 0.071875 0.00283203
0 0.173047 0.00578342 0.0648438 0.0115668
0 0.121655 0.00397135 0.102002 0.00794271
1 0.920313 0.379861 0.009375 0.0180556
1 0.11875 0.554861 0.0169922 0.0173611
1 0.0926758 0.475694 0.0224609 0.0388889
1 0.547656 0.576389 0.01875 0.0479167
0 0.355078 0.243576 0.046875 0.115625
0 0.115723 0.553472 0.0107422 0.0125
1 0.0669922 0.563542 0.00625 0.0145833
0 1 0.940278 0 0.119444
0 0.478906 0.563542 0.06875 0.0763889
1 0.527344 0.546528 0.0125 0.0243056
1 0.255273 0.35625 0.0105469 0.025
0 1 0.395486 0 0.172917
0 0.117188 0.552778 0.01875 0.0166667
0 0.346875 0.234896 0.0414063 0.106597
1 0.611719 0.119965 0.0125 0.0402778
1 0.610937 0.11441 0.0117188 0.0286458
0 0.503906 0.571528 0.0484375 0.0888889
0 0.476562 0.540278 0.06875 0.0527778
1 0.875 0.412847 0.034375 0.103472
0 0.157227 0.00987413 0.0269531 0.0168837
0 0.150781 0.00588108 0.025 0.0117622
0 0.36875 0.00378689 0.0703125 0.00757378
1 0.352539 0.208681 0.0257812 0.0631944
1 0.522656 0.546528 0.0195312 0.0319444
1 0.212109 0.641319 0.00859375 0.0180556
1 0.329297 0.0263238 0.03125 0.0514323
1 0.527344 0.546528 0.009375 0.0222222
1 0.238672 0.307292 0.00898437 0.0291667
1 0.564062 0.378472 0.01875 0.0291667
0 0.953125 0.0144965 0.084375 0.0233507
0 0.990625 0.409115 0.01875 0.19566
0 0.0414551 0.247222 0.0399414 0.0381944
1 0.399121 0.034592 0.0314453 0.069184
1 0.779688 0.0608941 0.0109375 0.0315104
0 0.950781 0.0111328 0.08125 0.0222656
1 0.00943604 0.489931 0.0144775 0.0180556
1 0.490234 0.976389 0.0234375 0.0472222
0 0.820312 0.425 0.01875 0.025
0 0.271875 0.210243 0.0597656 0.0954861
1 0.0279297 0.572917 0.0168945 0.0166667
1 0.55 0.579861 0.0234375 0.0555556
0 0.0339355 0.234375 0.0665039 0.0760417
1 0.527344 0.550694 0.0132813 0.0319444
2 0.990625 0.451736 0.01875 0.110417
0 0.505859 0.549653 0.0101562 0.0409722
0 0.557031 0.725174 0.059375 0.124653
0 0.488281 0.548611 0.0453125 0.0444444
1 0.988281 0.129514 0.021875 0.0454861
0 0.7875 0.938889 0.08125 0.106944
0 0.578906 0.425347 0.0734375 0.0673611
0 0.315234 0.215625 0.040625 0.0979167
0 0.567969 0.508681 0.065625 0.0666667
0 0.399121 0.0344618 0.0314453 0.0689236
0 0.584375 0.355642 0.0625 0.0623264
0 0.674219 0.342535 0.0335938 0.0975694
0 0.751953 0.376042 0.0351562 0.1
0 0.875 0.412847 0.034375 0.103472
0 0.576563 0.583333 0.078125 0.0652778
0 0.713672 0.356337 0.034375 0.0998264
0 0.329688 0.0260417 0.0320312 0.0513889
0 0.352734 0.210069 0.0257812 0.0666667
0 0.990625 0.451736 0.01875 0.107639
0 0.290234 0.199479 0.0242187 0.0715278
0 0.158203 0.00672743 0.0210938 0.0121528
1 0.713672 0.356163 0.0335938 0.0987847
1 0.751953 0.376476 0.0351562 0.0998264
0 0.157617 0.00654297 0.0265625 0.0130859
0 0.288672 0.212153 0.028125 0.0989583
1 0.576953 0.583333 0.0773437 0.0638889
1 0.990625 0.129253 0.01875 0.0373264
1 0.674219 0.342361 0.0335938 0.0979167
1 0.253906 0.355556 0.0078125 0.0229167
1 0.567969 0.508333 0.065625 0.0652778
1 0.238672 0.31059 0.0078125 0.025
0 0.0388184 0.233681 0.0514648 0.0666667
0 0.287891 0.193576 0.0226563 0.0611111
1 0.267773 0.397222 0.00703125 0.0208333
1 0.990625 0.452083 0.01875 0.109722
1 0.253516 0.356944 0.0101562 0.0263889
0 0.174512 0.00379774 0.0673828 0.00759549
1 0.094165 0.480903 0.016748 0.0270833
1 0.824219 0.426389 0.0109375 0.0194444
0 0.353125 0.236979 0.0421875 0.112847
1 0.11582 0.553472 0.0078125 0.0111111
0 0.641016 0.0130588 0.0179687 0.023622
0 0.503125 0.0765191 0.025 0.0575521
0 0.213281 0.642361 0.00703125 0.0159722
0 1 0.481597 0 0.154861
0 0.34668 0.232292 0.0371094 0.104861
0 1 0.46875 0 0.134722
0 0.925781 0.111979 0.148438 0.223958
1 0.213281 0.642361 0.00703125 0.0159722
1 0.786719 0.938889 0.0828125 0.108333
0 0.138281 0.00527886 0.0648438 0.0105577
1 0.610937 0.113281 0.0125 0.0279514
0 0.404004 0.761111 0.0513672 0.0611111
1 0.0282715 0.573611 0.015918 0.0152778
1 0.611719 0.117882 0.0125 0.0368056
1 0.55 0.581944 0.0226563 0.0597222
1 0.610156 0.108507 0.0109375 0.0184028
1 0.547266 0.577083 0.01875 0.0493056
1 0.821875 0.425694 0.015625 0.0222222
1 0.158398 0.00705295 0.0238281 0.012717
1 0.212109 0.642361 0.0078125 0.0166667
1 0.0925537 0.477778 0.0215332 0.0354167
0 0.126782 0.00445421 0.0921387 0.00890842
0 0.958594 0 0.0828125 0
0 0.275391 0.21059 0.0546875 0.0940972
1 0.920313 0.380556 0.00625 0.0180556
1 0.0964844 0.475347 0.0105469 0.0243056
0 0.0282715 0.573611 0.015918 0.0152778
0 0.279687 0.205208 0.0445312 0.0805556
0 0.402734 0.772222 0.0539063 0.0652778
1 0.0673828 0.563889 0.00644531 0.0138889
1 0.329492 0.0263455 0.0320312 0.0499132
0 0.212109 0.642361 0.0078125 0.0166667
0 0.990625 0.127431 0.0171875 0.0333333
0 0.408984 0.755556 0.0523437 0.05
0 0.503906 0.0631076 0.0171875 0.0414931
1 0.875 0.4125 0.034375 0.102778
1 0.825 0.427083 0.015625 0.0222222
0 0.162109 0.00597873 0.0402344 0.0119575
0 0.157129 0.0100911 0.0269531 0.0165365
0 1 0.467361 0 0.131944
0 0.363672 0.00118273 0.0648438 0.00236545
0 0.355469 0.281076 0.0523437 0.0819444
0 0.942187 0 0.075 0
1 0.268359 0.397222 0.009375 0.0236111
1 0.0708984 0.563889 0.0144531 0.0138889
1 0.291016 0.199479 0.025 0.0711806
0 0.505469 0.0553819 0.01875 0.0395833
0 0.892969 0.239757 0.0234375 0.0395833
1 0.00983887 0.489583 0.0132813 0.0180556
1 0.238281 0.307465 0.009375 0.0298611
0 0.7875 0.938889 0.08125 0.108333
0 0.398828 0.0344618 0.0320312 0.0678819
0 0.31543 0.215451 0.0402344 0.0975694
0 0.578906 0.425347 0.0734375 0.0680556
0 0.584375 0.356337 0.0625 0.0623264
0 0.674219 0.342361 0.034375 0.0979167
0 0.874219 0.4125 0.0359375 0.104167
0 0.751953 0.376042 0.0351562 0.1
0 0.567578 0.508681 0.0664062 0.0659722
0 0.329688 0.0258681 0.0320312 0.0512153
0 0.576953 0.583333 0.0773437 0.0652778
0 0.714063 0.356944 0.034375 0.0986111
0 0.35293 0.210069 0.025 0.065625
0 0.289844 0.199826 0.0234375 0.0715278
0 0.991406 0.452083 0.0171875 0.109722
0 0.157813 0.00692274 0.0210938 0.0119358
1 0.577344 0.583333 0.078125 0.0645833
1 0.567969 0.508333 0.065625 0.0652778
1 0.751953 0.376389 0.034375 0.0993056
0 0.157617 0.00683594 0.0269531 0.0136719
1 0.714063 0.35625 0.034375 0.0986111
0 0.0385742 0.23316 0.0527344 0.0631944
1 0.990625 0.12691 0.015625 0.0335069
0 0.290234 0.210417 0.0265625 0.0951389
1 0.238672 0.310417 0.00703125 0.0243056
1 0.674219 0.342708 0.0335938 0.0979167
1 0.253906 0.355903 0.00703125 0.0229167
1 0.991406 0.452083 0.0171875 0.109722
0 1 0.475 0 0.145833
1 0.267578 0.397917 0.00703125 0.0222222
1 0.758594 0.596528 0.0078125 0.0125
1 0.825 0.426389 0.0109375 0.0194444
1 0.822656 0.426389 0.0140625 0.0208333
0 0.2875 0.192361 0.0210938 0.0583333
0 0.0416504 0.246528 0.0423828 0.0399306
1 0.213281 0.641667 0.00703125 0.0173611
1 0.578906 0.425694 0.0734375 0.0680556
0 0.180469 0.00426432 0.0773437 0.00852865
0 0.999609 0.455556 0.00078125 0.115278
1 0.0945557 0.48125 0.0147949 0.0277778
0 0.213281 0.641667 0.00703125 0.0173611
0 0.142773 0.208507 0.0558594 0.0534722
1 0.253516 0.357639 0.009375 0.025
0 0.927344 0.11059 0.145313 0.217708
1 0.584375 0.355469 0.0625 0.0612847
1 0.547266 0.576389 0.01875 0.0472222
0 0.378125 0.278819 0.0179687 0.0479167
1 0.920313 0.379861 0.0078125 0.0166667
1 0.115625 0.553472 0.00820312 0.0125
1 0.158105 0.00683594 0.0238281 0.0136719
0 0.994922 0.424306 0.0101562 0.0513889
1 0.0095459 0.489931 0.0130371 0.0173611
1 0.212305 0.642708 0.00820312 0.01875
1 0.490625 0.975 0.0234375 0.0472222
1 0.554297 0.584722 0.0296875 0.0652778
0 0.990625 0.126823 0.015625 0.0348958
1 1 0.475 0 0.145833
1 0.096582 0.472917 0.00957031 0.0180556
0 0.641797 0.0127387 0.01875 0.0228733
0 0.926953 0.171137 0.146094 0.126476
1 0.0281006 0.572917 0.0162598 0.0159722
1 0.663672 0.909722 0.015625 0.025
1 0.0672852 0.563542 0.00644531 0.0138889
0 1 0.438194 0 0.129167
1 0.329297 0.0263238 0.03125 0.050651
0 0.373828 0.278299 0.021875 0.0482639
1 0.0925537 0.484375 0.0168457 0.0194444
0 0.212305 0.642708 0.00820312 0.01875
0 0.160938 0.00643446 0.0355469 0.0128689
0 0.358984 0.246528 0.0402344 0.0826389
0 0.0281006 0.572917 0.0162598 0.0159722
0 0.126172 0.00482313 0.0994141 0.00964627
0 0.176367 0 0.0757812 0
1 0.289453 0.195877 0.021875 0.065191
0 0.151758 0.00628255 0.0273438 0.0125651
1 0.0928711 0.478472 0.0195312 0.0319444
1 0.874219 0.4125 0.0359375 0.104167
1 0.0944336 0.484722 0.0130859 0.0236111
0 0.375781 0.288889 0.0265625 0.0701389
1 0.239844 0.310764 0.0101562 0.0256944
1 0.0959961 0.478125 0.0134766 0.03125
1 0.6125 0.022309 0.009375 0.0152778
1 0.0416016 0.529167 0.00761719 0.0111111
0 0.143359 0.221181 0.0574219 0.0791667
0 0.646875 0.013954 0.0296875 0.0274306
0 0.643359 0.545833 0.0109375 0.0194444
0 0.0735352 0.166667 0.0345703 0.05625
0 0.346484 0.238194 0.0351562 0.0902778
1 0.820312 0.425 0.01875 0.0236111
0 0.129688 0.194444 0.028125 0.0239583
1 0.255078 0.35625 0.0105469 0.025
0 0.380078 0.28559 0.0226563 0.0631944
0 0.371875 0.294271 0.0382813 0.0809028
0 0.298828 0.213932 0.0375 0.102691
0 0.146875 0.00574002 0.0472656 0.01148
1 0.505469 0.545833 0.009375 0.0305556
0 0.821094 0.425694 0.0171875 0.0236111
0 0.928516 0.167882 0.142969 0.0892361
1 0.7875 0.938889 0.08125 0.108333
0 0.193311 0.703472 0.0547852 0.0430556
0 0.889844 0.17296 0.065625 0.0797743
0 0.7875 0.938889 0.08125 0.108333
0 0.398828 0.034809 0.0320312 0.0674479
0 0.751953 0.376042 0.0351562 0.1
0 0.578906 0.425694 0.0734375 0.0680556
0 0.315625 0.215625 0.0398437 0.0972222
0 0.674219 0.342708 0.034375 0.0979167
0 0.584375 0.355903 0.0625 0.0618056
0 0.714063 0.35625 0.034375 0.0986111
0 0.875 0.4125 0.034375 0.104167
0 0.567578 0.508333 0.0664062 0.0666667
0 0.576563 0.582639 0.078125 0.0638889
0 0.329688 0.0261285 0.0328125 0.0515625
0 0.352734 0.209722 0.0257812 0.0645833
0 0.289844 0.199826 0.0242187 0.071875
0 0.991406 0.452083 0.0171875 0.108333
0 0.158203 0.00692274 0.021875 0.0112413
1 0.577344 0.583333 0.078125 0.0645833
1 0.567969 0.508333 0.065625 0.0652778
0 0.158496 0.00681424 0.0240234 0.0136285
1 0.825 0.426736 0.0125 0.0194444
0 0.350781 0.216667 0.0277344 0.0805556
1 0.821875 0.426042 0.015625 0.0229167
1 0.238672 0.310417 0.0078125 0.0243056
1 0.992188 0.127257 0.015625 0.0336806
1 0.254297 0.355469 0.0078125 0.0223958
1 0.713672 0.357639 0.0351562 0.100694
0 0.290625 0.211285 0.0265625 0.096875
1 0.267578 0.397917 0.00703125 0.0222222
1 0.674219 0.342708 0.034375 0.0979167
0 0.0385254 0.232986 0.053125 0.0638889
1 0.213281 0.642014 0.00742187 0.0166667
1 0.578906 0.425694 0.0734375 0.0680556
0 0.287695 0.19171 0.021875 0.0575521
1 0.991406 0.451389 0.0171875 0.108333
1 0.825 0.427083 0.015625 0.0236111
1 0.758203 0.596528 0.00703125 0.0125
1 0.584766 0.355469 0.0632813 0.0612847
1 0.212305 0.643056 0.00859375 0.0180556
0 0.142871 0.221181 0.0576172 0.0791667
0 0.37793 0.278646 0.0191406 0.0482639
0 0.991406 0.127083 0.015625 0.0340278
0 0.17793 0.00325521 0.06875 0.00651042
0 0.927344 0.172569 0.145313 0.132292
1 0.751953 0.376389 0.0351562 0.1
1 0.329688 0.0266927 0.0320312 0.0498264
0 0.928125 0.135417 0.14375 0.181597
1 0.0947266 0.480556 0.0150391 0.0270833
0 0.151172 0.0062717 0.0320312 0.0125434
0 0.213281 0.642014 0.00742187 0.0166667
1 0.919531 0.379861 0.0078125 0.0173611
1 0.550391 0.580903 0.0226563 0.05625
0 0.378906 0.272222 0.01875 0.0381944
1 0.546875 0.576736 0.01875 0.0479167
0 0.375 0.290972 0.0289063 0.0756944
1 0.0671875 0.563194 0.00644531 0.0138889
0 1 0.445833 0 0.117361
1 0.610547 0.109201 0.0109375 0.0194444
0 0.374219 0.279514 0.0238281 0.0513889
1 0.0088623 0.490278 0.0138184 0.0180556
0 1 0.467361 0 0.133333
0 0.380078 0.285069 0.0226563 0.0625
1 0.239453 0.626389 0.0078125 0.0138889
1 0.553906 0.584722 0.0296875 0.0652778
0 0.158398 0.00589193 0.0289063 0.0117839
1 0.611328 0.113889 0.0125 0.0288194
0 0.357812 0.241493 0.0429688 0.0958333
0 0.641406 0.0134549 0.01875 0.0222656
0 0.611719 0.117188 0.0140625 0.034375
1 0.213086 0.6375 0.00859375 0.025
0 0.821875 0.426042 0.015625 0.0229167
1 0.0964844 0.475694 0.0105469 0.0256944
1 0.7875 0.939583 0.0828125 0.106944
1 0.612109 0.0228299 0.0101562 0.0162326
0 0.212305 0.643056 0.00859375 0.0180556
0 0.616406 0.120139 0.021875 0.0413194
1 0.6125 0.119705 0.0132813 0.0397569
0 0.157715 0.00991753 0.0259766 0.0160156
0 0.177344 0 0.0722656 0
0 0.0410156 0.249653 0.0400391 0.0347222
0 0.960938 0 0.078125 0
1 0.0926758 0.476389 0.0212891 0.0375
0 0.124829 0.00321181 0.097998 0.00642361
0 0.614844 0.126389 0.021875 0.0527778
1 0.0701172 0.563889 0.0128906 0.0138889
0 0.360547 0.284375 0.0539063 0.0673611
0 0.0748047 0.167318 0.0371094 0.0584201
1 0.0416992 0.528819 0.00761719 0.0118056
0 0.898438 0.172917 0.084375 0.0857639
0 0.142383 0.00465495 0.05625 0.0093099
0 0.345898 0.236806 0.0328125 0.100694
1 0.505469 0.545833 0.00859375 0.0305556
1 0.158008 0.00703125 0.021875 0.0111111
0 1 0.409115 0 0.151215
0 0.0280762 0.572917 0.0157227 0.0152778
0 0.375781 0.273958 0.0203125 0.0423611
0 0.193311 0.70816 0.0540039 0.0475694
1 0.746094 0.797222 0.00625 0.0166667
1 0.255078 0.35625 0.0109375 0.0256944
1 0.0926025 0.482986 0.0183105 0.0284722
1 0.290625 0.199306 0.0242187 0.0694444
1 0.280664 0.436806 0.00585938 0.0194444
0 0.625 0.13559 0.0328125 0.0628472
1 0.0280762 0.572917 0.0157227 0.0152778
1 0.115332 0.553472 0.00800781 0.0125
1 0.238477 0.307639 0.009375 0.0291667
0 0.623047 0.126563 0.0304688 0.053125
0 0.7875 0.938889 0.08125 0.105556
0 0.398828 0.0347656 0.0320312 0.0677951
0 0.751953 0.376302 0.0351562 0.100174
0 0.578906 0.425694 0.0734375 0.0680556
0 0.315234 0.215625 0.0398437 0.0972222
0 0.584375 0.355642 0.0625 0.0623264
0 0.875 0.413194 0.034375 0.104167
0 0.567578 0.508333 0.0664062 0.0666667
0 0.714063 0.356337 0.034375 0.0984375
0 0.674219 0.342708 0.034375 0.0972222
0 0.329688 0.0258247 0.0324219 0.0516493
0 0.576563 0.582639 0.078125 0.0638889
0 0.352734 0.209549 0.0257812 0.0649306
0 0.992188 0.451389 0.015625 0.108333
0 0.290039 0.198264 0.0246094 0.06875
0 0.288672 0.190451 0.021875 0.0545139
0 0.158203 0.00671658 0.0214844 0.0111328
1 0.577344 0.584028 0.078125 0.0659722
0 0.158203 0.00684679 0.0234375 0.0136936
1 0.567969 0.508333 0.065625 0.0659722
1 0.713672 0.357292 0.0351562 0.100694
1 0.674219 0.342708 0.034375 0.0979167
1 0.238867 0.310417 0.00742187 0.0243056
0 0.038623 0.232986 0.0530273 0.0631944
1 0.825 0.426389 0.0125 0.0194444
1 0.253906 0.355903 0.00703125 0.0236111
1 0.267578 0.397569 0.00703125 0.0222222
1 0.992188 0.451389 0.015625 0.108333
1 0.992188 0.12717 0.015625 0.0340278
1 0.821875 0.426389 0.015625 0.0236111
0 0.290625 0.210069 0.0285156 0.0947917
1 0.213281 0.642361 0.00742187 0.0166667
1 0.751953 0.376389 0.0351562 0.1
1 0.758203 0.596528 0.00703125 0.0138889
0 0.213281 0.642361 0.00742187 0.0166667
0 0.183887 0.00370009 0.0806641 0.00740017
1 0.253516 0.356944 0.009375 0.0263889
1 0.825 0.427431 0.015625 0.0229167
0 0.160156 0.00590278 0.0316406 0.0118056
1 0.578906 0.425694 0.0734375 0.0680556
1 0.0090332 0.490278 0.013916 0.0180556
1 0.584375 0.355642 0.0625 0.0623264
0 0.151172 0.0062717 0.0275391 0.0125434
0 0.142188 0.215278 0.0554687 0.0666667
1 0.920313 0.379861 0.00625 0.0166667
1 0.550781 0.58125 0.0234375 0.0569444
0 0.0411133 0.249306 0.0401367 0.0340278
1 0.239453 0.626389 0.00703125 0.0138889
0 0.991406 0.127257 0.015625 0.0345486
1 0.547656 0.577083 0.0195312 0.0486111
1 0.0948242 0.48125 0.0154297 0.025
1 0.505469 0.545833 0.00859375 0.0305556
0 0.0754883 0.167318 0.0373047 0.0570313
1 0.554688 0.585417 0.03125 0.0673611
1 0.7875 0.938889 0.08125 0.105556
0 0.505469 0.544444 0.009375 0.0291667
0 0.641016 0.0135634 0.0179687 0.0218316
1 0.238672 0.307639 0.00898437 0.0291667
1 0.291406 0.198915 0.0222656 0.0674479
0 0.0280762 0.572917 0.0161133 0.0152778
1 0.610547 0.109375 0.0117188 0.0201389
0 0.129077 0.00343967 0.0883301 0.00687934
0 0.179492 0 0.0785156 0
0 0.821094 0.425694 0.0171875 0.0222222
0 0.614062 0.119097 0.01875 0.0395833
0 0.546875 0.0840061 0.028125 0.0861545
1 0.255078 0.355903 0.0101562 0.0256944
0 0.373047 0.278299 0.0234375 0.0517361
0 0.00811768 0.489583 0.0141846 0.01875
0 0.157813 0.0100694 0.0257812 0.016276
0 0.611719 0.118316 0.0140625 0.0362847
1 0.0925781 0.482639 0.0181641 0.0229167
0 0.377344 0.276736 0.0175781 0.0430556
1 0.0928711 0.478472 0.0185547 0.0326389
1 0.0670898 0.563194 0.00664063 0.0138889
1 0.329688 0.0263455 0.0320312 0.0500868
1 0.0415161 0.529167 0.00817871 0.0125
0 0.374219 0.290278 0.0289063 0.0736111
1 0.611719 0.115278 0.0125 0.03125
1 0.0119751 0.490278 0.0111084 0.0152778
0 0.357031 0.238194 0.040625 0.102778
1 0.490625 0.976389 0.0234375 0.0472222
0 0.238867 0.310417 0.00742187 0.0243056
1 0.115332 0.553472 0.00898437 0.0125
0 0.145703 0.00486111 0.05 0.00972222
0 0.960938 0 0.078125 0
0 1 0.403125 0 0.165278
1 0.29707 0.190278 0.0136719 0.0451389
1 0.6125 0.0226563 0.0109375 0.0167535
0 1 0.463194 0 0.126389
1 0.0966797 0.472917 0.0101562 0.0201389
1 0.875 0.412847 0.034375 0.104167
0 0.180664 0.0063151 0.0785156 0.0126302
0 0.7875 0.938889 0.08125 0.105556
0 0.398828 0.035026 0.0320312 0.0673611
0 0.578906 0.425694 0.0734375 0.0680556
0 0.751953 0.376302 0.0351562 0.100174
0 0.584375 0.355642 0.0625 0.0623264
0 0.315234 0.215625 0.0402344 0.0972222
0 0.567969 0.508333 0.065625 0.0666667
0 0.875 0.4125 0.034375 0.104167
0 0.329688 0.025803 0.0324219 0.0513455
0 0.714063 0.356597 0.034375 0.0986111
0 0.674219 0.342535 0.034375 0.0975694
0 0.576953 0.582639 0.078125 0.0638889
0 0.352539 0.209722 0.0261719 0.0659722
0 0.992188 0.451389 0.015625 0.106944
0 0.289844 0.198655 0.0242187 0.0693576
0 0.288672 0.190451 0.021875 0.0545139
0 0.158203 0.00679253 0.021875 0.0112413
1 0.577344 0.584028 0.078125 0.0652778
0 0.158887 0.00686849 0.0248047 0.013737
1 0.674219 0.342708 0.034375 0.0979167
1 0.713672 0.357292 0.0351562 0.100694
1 0.567969 0.508333 0.065625 0.0659722
1 0.238672 0.310417 0.00703125 0.0243056
1 0.254102 0.355556 0.00742187 0.0222222
1 0.823438 0.426389 0.0125 0.0194444
0 0.290625 0.210113 0.0289063 0.0950521
0 0.0387207 0.232639 0.0532227 0.0618056
1 0.991406 0.127431 0.015625 0.0347222
1 0.751562 0.376389 0.034375 0.1
1 0.267578 0.397222 0.00703125 0.0222222
1 0.821875 0.426389 0.015625 0.0222222
1 0.992188 0.451389 0.015625 0.106944
1 0.213086 0.642014 0.00742187 0.0173611
1 0.238281 0.31059 0.009375 0.0260417
0 0.213086 0.642014 0.00742187 0.0173611
1 0.253516 0.356944 0.009375 0.0256944
0 0.991406 0.127431 0.015625 0.0347222
1 0.758594 0.596528 0.0078125 0.0138889
0 0.184375 0.00388455 0.0839844 0.0077691
1 0.825 0.427431 0.015625 0.0222222
1 0.584375 0.355642 0.0625 0.0623264
0 0.149609 0.00633681 0.0226563 0.0126736
1 0.239453 0.626736 0.00703125 0.0131944
0 0.160742 0.00597873 0.0347656 0.0119575
1 0.578906 0.425347 0.0734375 0.0680556
1 0.0953125 0.48125 0.0148437 0.025
1 0.00938721 0.489931 0.0128662 0.0173611
0 0.0411255 0.249479 0.04021 0.0340278
0 0.137695 0.200174 0.0460938 0.0361111
1 0.7875 0.938889 0.08125 0.105556
1 0.550781 0.580556 0.0242187 0.0555556
0 0.0753418 0.16697 0.0368164 0.0563368
1 0.0671387 0.563194 0.00654297 0.0138889
0 0.124902 0.00352648 0.0960938 0.00705295
1 0.920313 0.379861 0.00625 0.0152778
1 0.115234 0.553472 0.009375 0.0118056
0 0.0281494 0.572917 0.0155762 0.0152778
0 0.821094 0.425694 0.0171875 0.0222222
0 0.960156 0 0.0796875 0
0 0.178906 0 0.0785156 0
1 0.0966797 0.473264 0.0101562 0.0201389
0 1 0.466667 0 0.134722
0 0.357031 0.237847 0.0445312 0.111111
1 0.0930664 0.484028 0.0171875 0.0194444
1 0.291406 0.199696 0.021875 0.0693576
0 0.373633 0.278472 0.0230469 0.0527778
0 0.377344 0.277257 0.01875 0.0447917
0 0.374805 0.290625 0.0292969 0.0756944
1 0.555469 0.584722 0.0328125 0.0666667
1 0.255078 0.355903 0.0101562 0.0256944
0 0.996094 0.422222 0.0078125 0.0486111
0 0.278516 0.202951 0.0445312 0.0760417
0 0.296484 0.192014 0.0164062 0.0486111
1 0.297656 0.190278 0.0125 0.0444444
1 0.0414551 0.529167 0.00800781 0.0118056
1 0.505469 0.545833 0.00859375 0.0305556
0 0.193359 0.709028 0.0527344 0.0486111
0 0.143555 0.0051378 0.0550781 0.0102756
0 0.823438 0.426389 0.0125 0.0194444
0 0.142969 0.219792 0.0574219 0.0763889
1 0.0281494 0.572917 0.0155762 0.0152778
1 0.213281 0.6375 0.00859375 0.0256944
0 0.179492 0.00646701 0.0769531 0.012934
0 0.346484 0.235764 0.0351562 0.107639
0 0.157715 0.0100803 0.0259766 0.0163411
1 0.09375 0.478125 0.01875 0.0326389
1 0.884375 0.2 0.009375 0.0256944
1 0.0699219 0.563889 0.0131836 0.0138889
1 0.097168 0.477083 0.0181641 0.0354167
1 0.329297 0.0263021 0.0316406 0.0501736
0 0.7875 0.938889 0.08125 0.105556
0 0.578906 0.425694 0.0734375 0.0680556
0 0.584375 0.355556 0.0625 0.0618056
0 0.567969 0.508333 0.065625 0.0666667
0 0.398828 0.035026 0.0320312 0.0670139
0 0.751953 0.376389 0.0351562 0.1
0 0.315234 0.215972 0.040625 0.0972222
0 0.674219 0.342708 0.034375 0.0979167
0 0.714063 0.356597 0.034375 0.0986111
0 0.875 0.412847 0.034375 0.104167
0 0.329688 0.0258681 0.0320312 0.0512153
0 0.576953 0.582292 0.078125 0.0631944
0 0.352734 0.210069 0.0257812 0.0666667
0 0.992188 0.451736 0.015625 0.107639
0 0.289062 0.193924 0.0226563 0.0614583
0 0.158203 0.00681424 0.021875 0.0111545
0 0.159082 0.00681424 0.025 0.0136285
1 0.238672 0.310764 0.0078125 0.025
1 0.674219 0.342535 0.034375 0.0975694
1 0.577344 0.583333 0.078125 0.0652778
1 0.713672 0.356858 0.0351562 0.100174
1 0.254102 0.355556 0.00742187 0.0222222
1 0.823438 0.426389 0.0125 0.0194444
0 0.290625 0.210113 0.028125 0.0950521
0 0.291406 0.199696 0.021875 0.0686632
1 0.567969 0.508333 0.065625 0.0659722
1 0.991406 0.127083 0.015625 0.0335069
1 0.267578 0.397569 0.00703125 0.0215278
1 0.821875 0.426389 0.015625 0.0222222
1 0.992188 0.451736 0.015625 0.107639
0 0.0388672 0.233681 0.0513672 0.0635417
1 0.751562 0.376389 0.034375 0.0993056
0 0.990625 0.127257 0.015625 0.0347222
1 0.758594 0.596528 0.0078125 0.0138889
1 0.253516 0.356944 0.009375 0.0256944
0 0.186816 0.00385742 0.0884766 0.00771484
1 0.213281 0.641667 0.00703125 0.0173611
0 0.213281 0.641667 0.00703125 0.0173611
0 0.15 0.00657552 0.0234375 0.0124132
1 0.0950928 0.48125 0.0152832 0.0263889
1 0.825 0.427778 0.015625 0.0222222
0 0.162109 0.00593533 0.0371094 0.0118707
1 0.239453 0.626389 0.00742187 0.0138889
1 0.00898437 0.489931 0.0133789 0.0173611
1 0.7875 0.938889 0.08125 0.105556
0 0.821875 0.425694 0.015625 0.0222222
0 0.118555 0.00361328 0.111133 0.00722656
1 0.212305 0.643403 0.00859375 0.01875
1 0.584766 0.355556 0.0632813 0.0618056
0 0.193408 0.708507 0.0530273 0.0496528
0 0.0281006 0.572917 0.0157715 0.0152778
0 0.134961 0.197569 0.0402344 0.03125
0 0.996094 0.421528 0.0078125 0.0458333
1 0.115332 0.553472 0.009375 0.0118056
1 0.298438 0.190278 0.0113281 0.04375
1 0.0929932 0.484722 0.0171387 0.0180556
0 0.0756348 0.167014 0.0374023 0.0559028
0 0.212305 0.643403 0.00859375 0.01875
1 0.0967773 0.473611 0.0103516 0.0208333
0 0.823438 0.426389 0.0125 0.0194444
1 0.0671387 0.563194 0.00664063 0.0138889
0 0.179102 0 0.0808594 0
1 0.238672 0.307813 0.009375 0.0291667
1 0.920313 0.379861 0.00625 0.0152778
1 0.578906 0.425694 0.0734375 0.0680556
1 0.746094 0.797222 0.00625 0.0194444
1 0.4 0.342187 0.009375 0.0135417
1 0.548437 0.577083 0.0203125 0.0493056
1 0.884375 0.2 0.009375 0.025
0 0.357031 0.236285 0.0429688 0.110069
0 0.0411133 0.249653 0.0402344 0.0340278
0 1 0.46875 0 0.136806
1 0.0935303 0.478472 0.0191895 0.0326389
1 0.255078 0.355903 0.0101562 0.0256944
0 0.346094 0.235069 0.034375 0.106597
0 1 0.402083 0 0.185417
1 0.0970703 0.477083 0.0179687 0.0347222
0 0.373437 0.289236 0.0304688 0.0729167
0 0.142773 0.219097 0.0566406 0.0756944
0 0.376953 0.276563 0.01875 0.0434028
0 0.296875 0.192188 0.015625 0.0479167
0 0.278516 0.201562 0.0445312 0.0739583
1 0.0281006 0.572917 0.0157715 0.0152778
1 0.291406 0.199696 0.021875 0.0686632
0 0.136523 0.00494792 0.06875 0.00989583
1 0.0414551 0.529167 0.00800781 0.0118056
1 0.490625 0.976389 0.0234375 0.0444444
0 0.958984 0 0.0820312 0
0 0.157715 0.0101128 0.0257812 0.0164931
0 0.373437 0.277951 0.0226563 0.0513889
0 0.992969 0.425087 0.0140625 0.184549
1 0.329297 0.0263021 0.0320312 0.0503472
1 0.505469 0.545486 0.00859375 0.0298611
0 0.707422 0.0418837 0.0195312 0.0439236
0 0.7875 0.938889 0.08125 0.105556
0 0.578906 0.425694 0.0734375 0.0680556
0 0.567969 0.508333 0.065625 0.0666667
0 0.584766 0.355642 0.0632813 0.0623264
0 0.398828 0.0350694 0.0320312 0.0671007
0 0.751953 0.376389 0.0351562 0.1
0 0.315234 0.215972 0.040625 0.0972222
0 0.674219 0.342708 0.034375 0.0979167
0 0.714063 0.356163 0.034375 0.0987847
0 0.875 0.4125 0.034375 0.104167
0 0.577344 0.581944 0.0773437 0.0625
0 0.329688 0.0258464 0.0320312 0.0512587
0 0.352734 0.210069 0.0257812 0.0666667
0 0.991406 0.451389 0.0171875 0.108333
0 0.289453 0.19822 0.0242187 0.0681424
0 0.288477 0.189757 0.021875 0.0534722
0 0.158203 0.00682509 0.021875 0.0112196
0 0.15918 0.00677083 0.0251953 0.0135417
1 0.238672 0.310417 0.00742187 0.0243056
1 0.674219 0.342535 0.034375 0.0975694
1 0.822656 0.426042 0.0140625 0.0201389
1 0.254102 0.355556 0.00742187 0.0222222
1 0.713672 0.356944 0.0351562 0.1
0 0.290625 0.209896 0.028125 0.0947917
1 0.577344 0.583333 0.078125 0.0652778
1 0.991406 0.127083 0.015625 0.0336806
1 0.751562 0.376042 0.034375 0.0993056
1 0.267578 0.397222 0.00703125 0.0208333
1 0.991406 0.451389 0.0171875 0.108333
1 0.567969 0.508333 0.065625 0.0659722
1 0.253516 0.356944 0.009375 0.0256944
0 0.0389526 0.233333 0.0511963 0.0631944
1 0.758594 0.596528 0.0078125 0.0138889
0 0.185937 0.00384115 0.0863281 0.00768229
0 0.990625 0.127431 0.015625 0.0347222
1 0.0951172 0.48125 0.0152344 0.025
1 0.825 0.427431 0.015625 0.0222222
0 0.213281 0.641667 0.00703125 0.0180556
1 0.213281 0.641667 0.00703125 0.0180556
0 0.149414 0.00661892 0.0224609 0.0125
0 0.162305 0.00594618 0.0367187 0.0118924
0 0.821875 0.425694 0.015625 0.0215278
1 0.00964355 0.489931 0.0123535 0.0173611
1 0.298828 0.190278 0.0105469 0.04375
0 0.0280273 0.572917 0.0158203 0.0152778
1 0.115332 0.553472 0.00976562 0.0118056
0 0.193555 0.709028 0.053125 0.05
1 0.746094 0.797222 0.00625 0.0194444
1 0.096875 0.473611 0.0103516 0.0208333
1 0.0671875 0.563194 0.00664063 0.0138889
1 0.584766 0.355556 0.0632813 0.0618056
1 0.884375 0.200174 0.009375 0.025
1 0.0928711 0.484722 0.0167969 0.0180556
0 0.996094 0.421528 0.0078125 0.0458333
1 0.0960938 0.477778 0.0128906 0.0305556
0 0.179199 0 0.0818359 0
0 0.119507 0.00338542 0.111377 0.00677083
0 0.0755859 0.167014 0.0373047 0.0555556
1 0.490625 0.976389 0.0234375 0.0472222
0 0.138672 0.201736 0.0480469 0.0395833
1 0.0280273 0.572917 0.0158203 0.0152778
0 0.346484 0.234722 0.0339844 0.103472
1 0.238672 0.307813 0.009375 0.0291667
0 0.357031 0.236111 0.0425781 0.108333
1 0.7875 0.938889 0.08125 0.105556
0 1 0.467361 0 0.133333
1 0.4 0.342187 0.009375 0.0135417
0 0.278516 0.201432 0.04375 0.0735243
1 0.920313 0.379861 0.00625 0.0152778
1 0.291016 0.199479 0.0226563 0.0684028
0 0.824219 0.426389 0.0109375 0.0194444
1 0.255078 0.355903 0.0101562 0.025
0 1 0.4 0 0.186806
1 0.239453 0.626389 0.00742187 0.0138889
1 0.09375 0.478472 0.0189453 0.0326389
0 0.0411621 0.249653 0.0401367 0.0336806
1 0.875 0.4125 0.034375 0.104167
1 0.329297 0.0262587 0.0320312 0.0502604
0 0.296875 0.192188 0.015625 0.0479167
1 0.0969727 0.477083 0.0175781 0.0347222
0 0.157813 0.00999349 0.0257812 0.0163845
1 0.0414063 0.529167 0.00791016 0.0118056
0 0.7875 0.938889 0.08125 0.105556
0 0.578906 0.425347 0.0734375 0.0680556
0 0.567578 0.508333 0.0664062 0.0666667
0 0.584375 0.355556 0.0625 0.0618056
0 0.398828 0.0350586 0.0320312 0.0673828
0 0.315234 0.215972 0.040625 0.0972222
0 0.751953 0.376389 0.0351562 0.1
0 0.674219 0.342708 0.034375 0.0972222
0 0.714063 0.356163 0.034375 0.0987847
0 0.875 0.4125 0.034375 0.104167
0 0.577344 0.582292 0.0773437 0.0625
0 0.329688 0.0258247 0.0320312 0.0513021
0 0.352734 0.210243 0.0257812 0.0670139
0 0.991406 0.451389 0.0171875 0.108333
0 0.289453 0.198264 0.0242187 0.0684028
0 0.288477 0.189931 0.021875 0.0534722
0 0.158398 0.00677083 0.021875 0.0113281
0 0.159375 0.00681424 0.0253906 0.0136285
1 0.238672 0.310417 0.0078125 0.0243056
1 0.713672 0.356858 0.0351562 0.100174
1 0.254102 0.355556 0.00742187 0.0222222
1 0.674219 0.342361 0.034375 0.0972222
1 0.751562 0.376389 0.034375 0.0993056
1 0.822656 0.426389 0.0140625 0.0194444
0 0.290625 0.209679 0.028125 0.0938368
1 0.577344 0.583333 0.078125 0.0652778
1 0.990625 0.127257 0.015625 0.034375
1 0.267969 0.397569 0.00703125 0.0201389
1 0.567969 0.508333 0.065625 0.0659722
1 0.990625 0.451389 0.01875 0.106944
1 0.253516 0.356944 0.009375 0.0256944
0 0.185937 0.00392795 0.0859375 0.0078559
1 0.758594 0.596528 0.0078125 0.0138889
0 0.990625 0.127257 0.015625 0.034375
0 0.0390137 0.233333 0.0511719 0.0631944
0 0.162695 0.00597873 0.0375 0.0119575
1 0.0951172 0.481597 0.0150391 0.025
1 0.00980225 0.489931 0.0121338 0.0173611
0 0.213281 0.641667 0.00703125 0.0173611
0 0.149902 0.00648872 0.0234375 0.0127604
1 0.213281 0.641667 0.00703125 0.0173611
1 0.821094 0.425347 0.0171875 0.0229167
0 0.0279785 0.572917 0.0161133 0.0152778
1 0.299023 0.190278 0.0101562 0.04375
1 0.11543 0.553472 0.00976562 0.0118056
1 0.825 0.427778 0.015625 0.0222222
1 0.884375 0.2 0.009375 0.025
1 0.096875 0.473264 0.0105469 0.0201389
1 0.490625 0.977083 0.0234375 0.0458333
0 0.179199 0 0.0818359 0
1 0.584766 0.355556 0.0625 0.0611111
0 0.821094 0.425694 0.0171875 0.0215278
1 0.0279785 0.572917 0.0161133 0.0152778
1 0.746094 0.797222 0.00625 0.0194444
1 0.0960938 0.477778 0.0130859 0.0305556
1 0.0671875 0.563194 0.00664063 0.0138889
1 0.0928711 0.484722 0.0167969 0.0180556
0 0.193408 0.709028 0.0530273 0.0486111
0 0.996094 0.422222 0.0078125 0.0458333
0 0.121069 0.00349392 0.110596 0.00698785
1 0.875 0.4125 0.034375 0.104167
1 0.255078 0.355903 0.0101562 0.025
1 0.238672 0.307813 0.009375 0.0291667
0 0.346094 0.232986 0.0335938 0.104167
0 1 0.464583 0 0.129167
0 0.278125 0.201085 0.0445312 0.0728299
1 0.291016 0.199609 0.0226563 0.0681424
1 0.0937256 0.478472 0.0187988 0.0326389
1 0.239453 0.626736 0.00742187 0.0131944
0 0.0756836 0.167014 0.0373047 0.0552083
0 0.29707 0.192361 0.015625 0.0479167
1 0.096875 0.477083 0.0175781 0.0347222
1 0.0704102 0.563889 0.0142578 0.0138889
1 0.7875 0.938889 0.08125 0.105556
0 0.356641 0.235069 0.0414063 0.108333
1 0.0072998 0.489236 0.0132324 0.0173611
1 0.4 0.342187 0.009375 0.0135417
0 0.0411987 0.249653 0.0400635 0.0333333
0 1 0.396875 0 0.182639
1 0.116602 0.554861 0.0125 0.0152778
1 0.920313 0.379861 0.00625 0.0152778
1 0.0414185 0.529167 0.0079834 0.0118056
1 0.329297 0.0261719 0.0320312 0.0503472
1 0.159375 0.00681424 0.0253906 0.0136285
0 0.7875 0.938889 0.08125 0.106944
0 0.578906 0.425347 0.0734375 0.0680556
0 0.567969 0.508333 0.065625 0.0666667
0 0.584375 0.355556 0.0625 0.0618056
0 0.398828 0.0350586 0.0320312 0.0673828
0 0.315234 0.215972 0.040625 0.0972222
0 0.751953 0.376389 0.0351562 0.1
0 0.674219 0.342708 0.034375 0.0972222
0 0.714063 0.356163 0.034375 0.0987847
0 0.577344 0.581944 0.0773437 0.0625
0 0.875 0.4125 0.034375 0.104167
0 0.329688 0.0258247 0.0320312 0.0512153
0 0.352734 0.210417 0.0257812 0.0673611
0 0.991406 0.451389 0.0171875 0.108333
0 0.289648 0.198264 0.0242187 0.0684028
0 0.288672 0.189757 0.021875 0.0534722
0 0.158398 0.00680339 0.021875 0.0113064
0 0.159375 0.00678168 0.0253906 0.0135634
1 0.238672 0.310417 0.0078125 0.0243056
1 0.713672 0.356944 0.0351562 0.1
1 0.254102 0.355556 0.00742187 0.0222222
1 0.674219 0.342361 0.034375 0.0972222
1 0.751562 0.376042 0.034375 0.0993056
1 0.990625 0.127257 0.015625 0.034375
0 0.290625 0.209375 0.028125 0.0934028
1 0.821875 0.426389 0.015625 0.0194444
1 0.267969 0.397569 0.00703125 0.0201389
1 0.824219 0.426389 0.0109375 0.0194444
1 0.990625 0.451389 0.01875 0.106944
1 0.577344 0.583333 0.078125 0.0652778
1 0.758594 0.596528 0.0078125 0.0138889
1 0.253516 0.356944 0.009375 0.0256944
0 0.186035 0.0039605 0.0857422 0.00792101
1 0.567969 0.508333 0.065625 0.0659722
0 0.0390137 0.233333 0.0510742 0.0628472
0 0.990625 0.127257 0.015625 0.034375
1 0.00981445 0.489931 0.0120605 0.0173611
1 0.0951172 0.48125 0.0148437 0.025
0 0.1625 0.00596788 0.0367187 0.0119358
0 0.213281 0.641667 0.00703125 0.0173611
1 0.11543 0.553472 0.00996094 0.0125
0 0.0279785 0.572917 0.0160645 0.0152778
1 0.213281 0.641667 0.00703125 0.0173611
0 0.14873 0.00659722 0.0205078 0.0123264
1 0.298828 0.189931 0.0105469 0.04375
1 0.0671875 0.563194 0.00664063 0.0138889
1 0.096875 0.473611 0.0105469 0.0208333
1 0.884375 0.2 0.009375 0.0256944
1 0.0279785 0.572917 0.0160645 0.0152778
0 0.19375 0.709028 0.0519531 0.0486111
1 0.0960938 0.477778 0.0128906 0.0305556
1 0.0928711 0.484722 0.0169922 0.01875
1 0.824219 0.427778 0.0171875 0.0222222
1 0.875 0.412847 0.034375 0.104167
0 0.179297 0 0.0824219 0
0 0.996094 0.422569 0.0078125 0.0465278
1 0.584375 0.355208 0.0625 0.0611111
1 0.490625 0.976389 0.0234375 0.0472222
0 0.821094 0.425694 0.0171875 0.0222222
1 0.255078 0.355469 0.0101562 0.0251736
1 0.0706055 0.563889 0.0144531 0.0138889
1 0.0938477 0.478472 0.0189453 0.0326389
0 1 0.464236 0 0.128472
0 0.120703 0.0034451 0.1125 0.00689019
1 0.746094 0.797222 0.00625 0.0194444
1 0.00725098 0.488889 0.0130859 0.0180556
0 0.0757324 0.16697 0.0374023 0.0549479
1 0.096875 0.477431 0.0175781 0.0347222
0 0.346094 0.232292 0.0328125 0.104167
1 0.238672 0.307639 0.009375 0.0291667
1 0.116602 0.554861 0.0125 0.0152778
1 0.291016 0.199609 0.0226563 0.0681424
0 0.278125 0.200998 0.0445312 0.0730035
0 0.296875 0.192014 0.015625 0.0479167
1 0.0414063 0.529167 0.00791016 0.0118056
1 0.239453 0.626736 0.00703125 0.0131944
1 0.4 0.342187 0.009375 0.0135417
0 0.35625 0.234375 0.0402344 0.108333
1 0.0123291 0.490625 0.0104004 0.0152778
1 0.0907227 0.480556 0.0197266 0.0277778
1 0.7875 0.938889 0.08125 0.105556
0 0.298828 0.189931 0.0105469 0.04375
0 0.7875 0.938889 0.08125 0.106944
0 0.578906 0.425347 0.0734375 0.0680556
0 0.398828 0.0350586 0.0320312 0.0673828
0 0.567969 0.508333 0.065625 0.0666667
0 0.584375 0.355208 0.0625 0.0618056
0 0.315234 0.215972 0.040625 0.0972222
0 0.751953 0.376389 0.0351562 0.1
0 0.674219 0.342708 0.034375 0.0972222
0 0.714063 0.356163 0.034375 0.0987847
0 0.577344 0.582292 0.0773437 0.0631944
0 0.875 0.4125 0.034375 0.104167
0 0.329688 0.0258681 0.0320312 0.0512153
0 0.352734 0.210417 0.0257812 0.0673611
0 0.991406 0.451389 0.0171875 0.108333
0 0.289648 0.198437 0.0242187 0.0684028
0 0.288672 0.190321 0.021875 0.0540799
0 0.158203 0.00667318 0.0222656 0.0112196
0 0.159375 0.00678168 0.0253906 0.0135634
1 0.713281 0.356944 0.034375 0.1
1 0.238672 0.310417 0.00742187 0.0239583
1 0.254102 0.355556 0.00742187 0.0222222
1 0.674219 0.342361 0.034375 0.0972222
1 0.751562 0.376042 0.034375 0.0993056
1 0.990625 0.127257 0.015625 0.034375
1 0.267969 0.397569 0.00703125 0.0201389
1 0.990625 0.451389 0.01875 0.106944
0 0.290625 0.209028 0.028125 0.0930556
1 0.822656 0.426389 0.0140625 0.0194444
1 0.577344 0.583333 0.078125 0.0652778
1 0.758594 0.596528 0.0078125 0.0138889
1 0.567969 0.508333 0.065625 0.0659722
1 0.253516 0.356944 0.009375 0.0256944
0 0.0389526 0.233333 0.051001 0.0625
0 0.187012 0.00409071 0.0876953 0.00818142
1 0.00959473 0.490278 0.0124512 0.0166667
1 0.0951172 0.48125 0.0148437 0.0256944
0 0.990625 0.127257 0.015625 0.034375
0 0.161719 0.00603299 0.0351562 0.012066
1 0.11543 0.553472 0.0101562 0.0125
0 0.213281 0.641667 0.00703125 0.0180556
0 0.0279785 0.572917 0.0159668 0.0152778
1 0.213281 0.641667 0.00703125 0.0180556
1 0.096875 0.473611 0.0105469 0.0215278
0 0.148047 0.00653212 0.01875 0.0123264
1 0.0672852 0.563194 0.00664063 0.0138889
1 0.0279785 0.572917 0.0159668 0.0152778
1 0.875 0.412847 0.034375 0.104167
1 0.0960938 0.477778 0.0128906 0.0305556
1 0.298828 0.190278 0.0109375 0.04375
1 0.0926758 0.484722 0.0171875 0.01875
1 0.584766 0.355208 0.0625 0.0611111
0 0.19375 0.708333 0.0519531 0.0486111
1 0.884375 0.2 0.009375 0.0256944
1 0.0937744 0.478472 0.0190918 0.0326389
1 0.0708008 0.564583 0.0146484 0.0138889
1 0.825 0.427778 0.015625 0.0222222
1 0.00721436 0.489236 0.0131104 0.0180556
1 0.0970703 0.477431 0.0175781 0.0347222
1 0.821094 0.425347 0.0171875 0.0229167
0 0.996094 0.422917 0.0078125 0.0465278
1 0.255078 0.355903 0.0101562 0.025
1 0.116504 0.554861 0.0125 0.0152778
0 0.122485 0.00356988 0.111279 0.00713976
0 1 0.463889 0 0.129167
0 0.179395 0 0.0826172 0
1 0.490625 0.976389 0.0234375 0.0472222
1 0.746094 0.8 0.00625 0.0222222
0 0.0756836 0.167014 0.0373047 0.0548611
1 0.0414185 0.529167 0.0079834 0.0118056
1 0.090625 0.480903 0.0197266 0.0270833
0 0.821094 0.425694 0.0171875 0.0215278
0 0.278125 0.201432 0.0445312 0.0742188
0 0.346094 0.232465 0.0320312 0.103472
0 0.296484 0.192361 0.0164062 0.0479167
0 0.0412109 0.249479 0.0399414 0.0333333
1 0.238672 0.307639 0.009375 0.0291667
1 0.0122803 0.490625 0.0105469 0.0152778
1 0.291016 0.199609 0.0226563 0.0681424
1 0.4 0.342187 0.009375 0.0135417
0 0.35625 0.235069 0.0390625 0.107639
0 0.00788574 0.489583 0.0141602 0.0180556
1 0.0737305 0.565278 0.0199219 0.0152778
0 0.138672 0.202778 0.0478516 0.0423611
0 0.7875 0.938889 0.08125 0.106944
0 0.578906 0.425347 0.0734375 0.0680556
0 0.398828 0.035026 0.0320312 0.0673611
0 0.584375 0.355208 0.0625 0.0618056
0 0.567969 0.508333 0.065625 0.0666667
0 0.315234 0.215972 0.040625 0.0975694
0 0.751953 0.376389 0.0351562 0.1
0 0.674219 0.342708 0.034375 0.0972222
0 0.577344 0.582292 0.0773437 0.0631944
0 0.714063 0.356597 0.034375 0.0986111
0 0.875 0.4125 0.034375 0.104167
0 0.329688 0.0258681 0.0320312 0.0512153
0 0.352734 0.210417 0.0257812 0.0666667
0 0.991406 0.451389 0.0171875 0.108333
0 0.289453 0.198611 0.0242187 0.0690972
0 0.288672 0.190625 0.021875 0.0548611
0 0.158203 0.00669488 0.0222656 0.011263
0 0.159375 0.00674913 0.0253906 0.0134983
1 0.713672 0.356944 0.0351562 0.1
1 0.674219 0.342361 0.034375 0.0972222
1 0.238672 0.310417 0.00742187 0.0239583
1 0.254102 0.355556 0.00742187 0.0222222
1 0.751562 0.376042 0.034375 0.0993056
1 0.990625 0.127257 0.015625 0.034375
1 0.267969 0.397569 0.00703125 0.0201389
0 0.290625 0.209201 0.0273438 0.0930556
1 0.822656 0.426389 0.0140625 0.0194444
1 0.990625 0.451389 0.01875 0.106944
1 0.758594 0.596528 0.0078125 0.0138889
1 0.577344 0.583333 0.078125 0.0652778
0 0.0389648 0.233333 0.0509766 0.0625
1 0.253516 0.356944 0.009375 0.0256944
1 0.567969 0.508333 0.065625 0.0666667
0 0.187305 0.00406358 0.0878906 0.00812717
1 0.00966797 0.490278 0.0123047 0.0166667
1 0.11543 0.553472 0.0101562 0.0125
1 0.0951172 0.48125 0.0152344 0.0256944
0 0.213281 0.641667 0.00703125 0.0180556
0 0.161621 0.00601128 0.0347656 0.0120226
0 0.990625 0.127257 0.015625 0.034375
0 0.0279785 0.572917 0.0160156 0.0152778
1 0.213281 0.641667 0.00703125 0.0180556
1 0.0672852 0.563889 0.00664063 0.0138889
1 0.096875 0.473611 0.0105469 0.0208333
0 0.147852 0.00659722 0.0183594 0.0122396
1 0.875 0.412847 0.034375 0.104167
1 0.884375 0.2 0.009375 0.0256944
1 0.0279785 0.572917 0.0160156 0.0152778
0 0.193701 0.70816 0.0516602 0.0475694
1 0.584766 0.355208 0.0625 0.0611111
1 0.0926758 0.484722 0.0171875 0.01875
1 0.0960938 0.477778 0.0128906 0.0305556
1 0.298633 0.190278 0.0109375 0.04375
1 0.0708008 0.564583 0.0146484 0.0138889
1 0.09375 0.478472 0.0191406 0.0326389
1 0.116406 0.554861 0.0125 0.0152778
1 0.00720215 0.488889 0.0130859 0.0180556
1 0.825 0.427778 0.015625 0.0222222
1 0.746094 0.8 0.00625 0.0222222
1 0.821094 0.425347 0.0171875 0.0229167
1 0.0969727 0.477431 0.0173828 0.0347222
1 0.255078 0.355903 0.0101562 0.025
0 0.996094 0.422917 0.0078125 0.0465278
0 0.123071 0.0035102 0.108936 0.0070204
0 0.0412109 0.249653 0.0399414 0.0333333
1 0.0414063 0.529167 0.00791016 0.0118056
0 0.0755859 0.167014 0.0371094 0.0545139
0 0.27832 0.201736 0.0445312 0.075
0 0.296484 0.192188 0.0164062 0.0479167
1 0.490625 0.976389 0.0234375 0.0472222
0 0.346094 0.232118 0.0316406 0.103125
0 0.179492 0 0.0828125 0
0 0.821094 0.425694 0.0171875 0.0215278
1 0.0122803 0.490625 0.0105469 0.0152778
1 0.0907227 0.48125 0.0197266 0.0263889
1 0.238672 0.307639 0.009375 0.0291667
0 1 0.463542 0 0.127778
1 0.0737305 0.565278 0.0199219 0.0152778
1 0.4 0.342187 0.009375 0.0135417
0 0.00786133 0.489583 0.0141602 0.0180556
0 0.356445 0.234722 0.0386719 0.106944
0 0.957812 0 0.084375 0
0 0.7875 0.938889 0.08125 0.106944
0 0.578906 0.425 0.0734375 0.0680556
0 0.398828 0.035026 0.0320312 0.0673611
0 0.567969 0.508333 0.065625 0.0666667
0 0.584375 0.355208 0.0625 0.0618056
0 0.315234 0.215972 0.040625 0.0975694
0 0.751953 0.376389 0.0351562 0.1
0 0.674219 0.342708 0.034375 0.0972222
0 0.577344 0.582292 0.0773437 0.0631944
0 0.714063 0.356597 0.034375 0.0986111
0 0.875 0.4125 0.034375 0.104167
0 0.329688 0.0258681 0.0320312 0.0512153
0 0.352734 0.210243 0.0257812 0.0666667
0 0.991406 0.451389 0.0171875 0.108333
0 0.289453 0.198958 0.0242187 0.0697917
0 0.288672 0.190799 0.021875 0.0552083
0 0.158203 0.00669488 0.0222656 0.0113064
0 0.159375 0.00675998 0.0251953 0.01352
1 0.713672 0.356944 0.0351562 0.1
1 0.674219 0.342361 0.034375 0.0972222
1 0.751562 0.376042 0.034375 0.0993056
1 0.238672 0.310417 0.00742187 0.0239583
1 0.254102 0.355556 0.00742187 0.0222222
1 0.990625 0.127257 0.015625 0.034375
0 0.29043 0.209028 0.0273438 0.0927083
1 0.267969 0.397569 0.00703125 0.0201389
1 0.991797 0.452083 0.0164062 0.111111
1 0.821875 0.426389 0.015625 0.0201389
1 0.758594 0.596528 0.0078125 0.0138889
1 0.824219 0.426389 0.0109375 0.0194444
1 0.577344 0.583333 0.078125 0.0645833
0 0.038977 0.233333 0.0509521 0.0625
1 0.11543 0.553472 0.0101562 0.0118056
1 0.00960693 0.490278 0.0124268 0.0166667
0 0.188623 0.00406901 0.0907227 0.00813802
1 0.253516 0.356944 0.009375 0.0256944
1 0.0950195 0.48125 0.0154297 0.0263889
1 0.567969 0.507986 0.065625 0.0659722
0 0.213281 0.641667 0.00703125 0.0180556
0 0.990625 0.127257 0.015625 0.034375
0 0.161719 0.00603299 0.0347656 0.012066
0 0.0279297 0.572917 0.0160156 0.0152778
1 0.584375 0.355208 0.0625 0.0611111
1 0.213281 0.641667 0.00703125 0.0180556
1 0.096875 0.473958 0.0105469 0.0215278
0 0.147656 0.00659722 0.0177734 0.0122396
1 0.0672852 0.563542 0.00673828 0.0138889
1 0.875 0.412847 0.034375 0.104167
1 0.884375 0.2 0.009375 0.0256944
0 0.193701 0.70816 0.0516602 0.0475694
1 0.0279297 0.572917 0.0160156 0.0152778
1 0.0925537 0.484375 0.017627 0.0194444
1 0.0709961 0.564236 0.0150391 0.0145833
1 0.0960938 0.477778 0.0130859 0.0305556
1 0.746094 0.8 0.00703125 0.0222222
1 0.0936523 0.478472 0.0193359 0.0333333
1 0.116406 0.554861 0.0125 0.0152778
1 0.298438 0.190278 0.0109375 0.0440972
1 0.096875 0.477431 0.0173828 0.0347222
1 0.00725098 0.489236 0.0131836 0.0180556
0 0.0412109 0.249653 0.0399414 0.0333333
1 0.824219 0.427778 0.0171875 0.0222222
1 0.746094 0.797222 0.00625 0.0194444
0 0.123047 0.00348307 0.108984 0.00696615
1 0.0414063 0.529167 0.00800781 0.0118056
1 0.0907227 0.480903 0.0197266 0.0270833
0 0.996094 0.422917 0.0078125 0.0472222
1 0.255078 0.355903 0.0101562 0.025
1 0.490234 0.976389 0.0234375 0.0472222
0 0.278125 0.202257 0.0445312 0.0760417
0 0.0755859 0.16684 0.0369141 0.0545139
0 0.346094 0.231944 0.03125 0.102778
1 0.0122314 0.490625 0.0106934 0.0152778
0 0.821094 0.425694 0.0171875 0.0222222
0 0.296484 0.192361 0.0164062 0.0479167
0 0.17959 0 0.0830078 0
1 0.0738281 0.565278 0.0201172 0.0152778
0 1 0.463194 0 0.127778
0 0.00791016 0.489583 0.014209 0.0180556
0 0.35625 0.234375 0.0382813 0.106944
0 0.957812 0 0.084375 0
1 0.238672 0.307639 0.009375 0.0291667
0 0.7875 0.938889 0.08125 0.106944
0 0.578906 0.425 0.0734375 0.0680556
0 0.398828 0.0350152 0.0320312 0.067296
0 0.567969 0.508333 0.065625 0.0666667
0 0.584375 0.355208 0.0625 0.0618056
0 0.315234 0.215972 0.040625 0.0975694
0 0.751953 0.376302 0.0351562 0.100174
0 0.674219 0.342708 0.034375 0.0972222
0 0.577344 0.582292 0.0773437 0.0631944
0 0.875 0.4125 0.034375 0.104167
0 0.714063 0.356597 0.034375 0.0986111
0 0.329688 0.0258898 0.0320312 0.0512587
0 0.352734 0.210069 0.0257812 0.0666667
0 0.991406 0.451389 0.0171875 0.108333
0 0.289453 0.198655 0.0242187 0.0693576
0 0.158203 0.00670573 0.0224609 0.0112847
1 0.713672 0.356944 0.0351562 0.1
1 0.674219 0.342361 0.034375 0.0972222
1 0.751562 0.376042 0.034375 0.0993056
1 0.238672 0.310417 0.00742187 0.0236111
1 0.254102 0.355556 0.00742187 0.0222222
1 0.990625 0.127344 0.015625 0.034375
0 0.288281 0.186458 0.0210938 0.046875
1 0.991797 0.452083 0.0164062 0.111111
0 0.29043 0.208854 0.0273438 0.0927083
1 0.267969 0.397569 0.00703125 0.0201389
1 0.758203 0.596528 0.00703125 0.0138889
0 0.0389648 0.233333 0.0509766 0.0628472
1 0.821875 0.426389 0.015625 0.0201389
1 0.824219 0.426389 0.0109375 0.0194444
1 0.577344 0.583333 0.078125 0.0645833
1 0.11543 0.553472 0.0101562 0.0118056
1 0.00949707 0.489931 0.0126953 0.0173611
1 0.253516 0.356944 0.009375 0.0256944
1 0.0949219 0.48125 0.0154297 0.0263889
0 0.188477 0.00397678 0.0910156 0.00795356
0 0.213281 0.641667 0.00703125 0.0180556
1 0.567969 0.508333 0.065625 0.0666667
0 0.990625 0.127344 0.015625 0.034375
0 0.0279297 0.572917 0.0160645 0.0152778
0 0.160938 0.00601128 0.0335938 0.0120226
1 0.584375 0.355208 0.0625 0.0611111
1 0.0672852 0.563542 0.00683594 0.0138889
1 0.096875 0.473611 0.0105469 0.0208333
1 0.213281 0.641667 0.00703125 0.0180556
0 0.147949 0.00662977 0.0185547 0.0122613
1 0.884375 0.2 0.009375 0.025
1 0.875 0.4125 0.034375 0.104167
0 0.193945 0.708333 0.0519531 0.0486111
1 0.746094 0.8 0.00703125 0.0222222
1 0.0925537 0.484722 0.017627 0.0194444
1 0.0279297 0.572917 0.0160645 0.0152778
1 0.0709473 0.564236 0.0149414 0.0145833
1 0.0960938 0.477778 0.0128906 0.0305556
1 0.0935547 0.478472 0.0193359 0.0319444
1 0.116406 0.554861 0.0125 0.0152778
1 0.0967773 0.477778 0.0175781 0.0347222
1 0.298438 0.190278 0.0117188 0.0444444
1 0.0072998 0.489236 0.0132813 0.0180556
1 0.490234 0.976389 0.0234375 0.0472222
0 0.0754883 0.16684 0.0369141 0.0545139
1 0.0907227 0.48125 0.0197266 0.0263889
0 0.122656 0.00350477 0.108984 0.00700955
0 0.0412109 0.249653 0.0399414 0.0333333
0 0.346289 0.231771 0.03125 0.102778
1 0.825 0.427778 0.015625 0.0222222
1 0.0414063 0.529167 0.00810547 0.0125
1 0.255078 0.355903 0.0101562 0.025
0 0.996094 0.422917 0.0078125 0.0472222
0 0.296484 0.192361 0.0164062 0.0479167
1 0.012146 0.490625 0.0108154 0.0152778
0 0.278125 0.202431 0.0445312 0.0763889
0 0.957812 0 0.084375 0
0 0.139258 0.205556 0.0488281 0.0479167
1 0.0738281 0.565625 0.0201172 0.0152778
0 0.356055 0.233854 0.0378906 0.106944
1 0.159375 0.00674913 0.025 0.0134983
0 0.00793457 0.489583 0.0142578 0.01875
0 0.821094 0.425694 0.0171875 0.0222222
0 0.7875 0.938889 0.08125 0.106944
0 0.578906 0.425 0.0734375 0.0680556
0 0.567969 0.508333 0.065625 0.0666667
0 0.398828 0.0350369 0.0320312 0.0674262
0 0.584766 0.355556 0.0632813 0.0625
0 0.315234 0.215972 0.040625 0.0972222
0 0.751953 0.376389 0.0351562 0.1
0 0.674609 0.342708 0.034375 0.0972222
0 0.577344 0.582292 0.0773437 0.0631944
0 0.875 0.4125 0.034375 0.104167
0 0.714063 0.356597 0.034375 0.0993056
0 0.329688 0.0258898 0.0320312 0.0513455
0 0.352734 0.210069 0.0257812 0.0666667
0 0.990625 0.451389 0.01875 0.108333
0 0.289453 0.198568 0.0242187 0.0688368
0 0.158203 0.00669488 0.0224609 0.0113932
1 0.713672 0.356944 0.0351562 0.1
1 0.751562 0.376042 0.034375 0.0993056
1 0.674219 0.342361 0.034375 0.0972222
1 0.238672 0.310417 0.00742187 0.0236111
1 0.254102 0.355556 0.00742187 0.0222222
0 0.288281 0.186458 0.0210938 0.046875
1 0.990625 0.127257 0.015625 0.0342014
1 0.991797 0.452083 0.0164062 0.111111
1 0.267969 0.397569 0.00703125 0.0201389
0 0.29043 0.208637 0.0273438 0.0924479
0 0.0389648 0.233333 0.0509766 0.0628472
1 0.821875 0.426389 0.015625 0.0201389
1 0.824219 0.426736 0.0109375 0.01875
1 0.758203 0.596528 0.00703125 0.0138889
1 0.115527 0.553472 0.0103516 0.0118056
1 0.00961914 0.490278 0.0124512 0.0166667
1 0.577344 0.583333 0.078125 0.0645833
1 0.253516 0.356944 0.009375 0.0256944
1 0.0948242 0.481944 0.0154297 0.025
0 0.188232 0.00412326 0.0899414 0.00824653
0 0.213281 0.641667 0.00703125 0.0180556
0 0.990625 0.127257 0.015625 0.0342014
0 0.16123 0.00603299 0.0339844 0.012066
1 0.0672852 0.563542 0.00683594 0.0138889
0 0.0279053 0.572917 0.0161133 0.0152778
1 0.567969 0.508333 0.065625 0.0666667
1 0.096875 0.473611 0.0105469 0.0208333
1 0.213281 0.641667 0.00703125 0.0180556
0 0.147852 0.00657552 0.0183594 0.0125434
1 0.746094 0.8 0.00703125 0.0236111
1 0.584375 0.354774 0.0625 0.0612847
1 0.0708984 0.564583 0.0150391 0.0152778
1 0.0924805 0.484722 0.0175781 0.01875
1 0.116406 0.554861 0.0125 0.0152778
1 0.884375 0.2 0.009375 0.025
1 0.0279053 0.572917 0.0161133 0.0152778
1 0.0959961 0.477778 0.0130859 0.0305556
1 0.875 0.413194 0.034375 0.104167
1 0.0935303 0.478819 0.0191895 0.0326389
0 0.193799 0.708333 0.0522461 0.0486111
0 0.0756836 0.16684 0.0373047 0.0545139
1 0.0072998 0.489236 0.0132324 0.0180556
1 0.0967773 0.477778 0.0177734 0.0347222
1 0.298047 0.190278 0.0125 0.0444444
1 0.489844 0.976389 0.0234375 0.0472222
0 0.346484 0.231944 0.03125 0.102778
1 0.0906006 0.481597 0.0195801 0.0263889
0 0.140332 0.207986 0.0509766 0.053125
1 0.0414063 0.529167 0.00810547 0.0125
0 0.0412231 0.249479 0.0400146 0.0333333
1 0.824219 0.427778 0.0171875 0.0222222
0 0.123535 0.00372721 0.106445 0.00745443
0 0.278125 0.202127 0.0445312 0.0763021
1 0.255078 0.355903 0.0101562 0.025
0 0.996094 0.423611 0.0078125 0.0472222
1 0.0121216 0.490625 0.0108154 0.0152778
0 0.35625 0.233854 0.0375 0.106597
0 0.296094 0.192361 0.0171875 0.0479167
1 0.159375 0.00677083 0.025 0.0135417
0 0.143262 0.220833 0.0576172 0.0798611
1 0.4 0.342187 0.009375 0.0135417
1 0.0738281 0.565625 0.0201172 0.0152778
0 0.7875 0.938889 0.08125 0.106944
0 0.578906 0.425 0.0734375 0.0680556
0 0.567969 0.508333 0.065625 0.0666667
0 0.584766 0.355556 0.0632813 0.0625
0 0.398828 0.0350586 0.0320312 0.0673828
0 0.315234 0.216146 0.0402344 0.0975694
0 0.751953 0.376389 0.0351562 0.1
0 0.674609 0.342708 0.034375 0.0972222
0 0.577344 0.581944 0.0773437 0.0625
0 0.875 0.4125 0.034375 0.104167
0 0.714063 0.356163 0.034375 0.0987847
0 0.329688 0.0259549 0.0320312 0.0513889
0 0.352734 0.210069 0.0257812 0.0663194
0 0.990625 0.451389 0.01875 0.107639
0 0.289453 0.198437 0.0242187 0.06875
0 0.158203 0.00670573 0.0226563 0.0114149
1 0.713672 0.356944 0.0351562 0.1
1 0.751562 0.376389 0.034375 0.0993056
1 0.674219 0.342361 0.034375 0.0972222
1 0.238672 0.310417 0.00742187 0.0236111
1 0.254102 0.355556 0.00742187 0.0222222
0 0.288281 0.186458 0.0210938 0.046875
1 0.990625 0.127257 0.015625 0.034375
1 0.267969 0.397569 0.00703125 0.0201389
1 0.991797 0.452083 0.0164062 0.111111
0 0.0389648 0.233333 0.0510742 0.0628472
0 0.290234 0.20829 0.0273438 0.0917535
1 0.821875 0.426389 0.015625 0.0194444
1 0.824219 0.426736 0.0109375 0.01875
1 0.115527 0.553472 0.0103516 0.0118056
1 0.758203 0.596528 0.00703125 0.0138889
1 0.00969238 0.490278 0.0123535 0.0166667
1 0.239844 0.310937 0.0101562 0.025
1 0.25332 0.356944 0.009375 0.0256944
0 0.187109 0.00422092 0.0875 0.00844184
1 0.0947021 0.481944 0.0152832 0.025
1 0.577344 0.583333 0.078125 0.0652778
0 0.990625 0.127257 0.015625 0.034375
0 0.161133 0.00605469 0.0332031 0.0121094
0 0.213281 0.641667 0.00703125 0.0180556
1 0.0672852 0.563889 0.00693359 0.0138889
0 0.0278809 0.572917 0.0161621 0.0152778
0 0.147266 0.00658637 0.0171875 0.0126953
1 0.746094 0.8 0.00703125 0.0222222
1 0.096875 0.473611 0.0105469 0.0208333
1 0.116406 0.554861 0.0125 0.0152778
1 0.213281 0.641667 0.00703125 0.0180556
1 0.0708496 0.564583 0.0149414 0.0152778
1 0.584375 0.354774 0.0625 0.0612847
1 0.0958984 0.477778 0.0132813 0.0305556
1 0.0278809 0.572917 0.0161621 0.0152778
1 0.884375 0.2 0.009375 0.025
1 0.0924805 0.484722 0.0173828 0.0194444
1 0.567969 0.507986 0.065625 0.0659722
1 0.875 0.412847 0.034375 0.104167
1 0.0936523 0.479167 0.0191406 0.0319444
0 0.0756836 0.16684 0.0373047 0.0545139
1 0.00732422 0.489236 0.0133301 0.0180556
1 0.297656 0.190278 0.0125 0.0447917
1 0.0967773 0.477778 0.0179687 0.0347222
0 0.141016 0.210243 0.0523437 0.0576389
0 0.346484 0.232118 0.03125 0.101736
0 0.193555 0.708333 0.0527344 0.0472222
0 0.143359 0.220833 0.0578125 0.0805556
0 0.27832 0.20191 0.0445312 0.0760417
0 0.35625 0.234375 0.0382813 0.105556
1 0.255078 0.355903 0.0105469 0.025
0 0.296094 0.192361 0.0171875 0.0479167
1 0.090625 0.481597 0.0197266 0.0263889
1 0.0414063 0.529167 0.00820312 0.0125
1 0.159375 0.00675998 0.025 0.01352
1 0.824219 0.427778 0.0171875 0.0229167
0 0.124121 0.00386827 0.104492 0.00773655
0 0.7875 0.938889 0.08125 0.106944
0 0.578906 0.425 0.0734375 0.0680556
0 0.567969 0.508333 0.065625 0.0666667
0 0.584766 0.355556 0.0632813 0.0625
0 0.398828 0.035026 0.0320312 0.0674479
0 0.315234 0.215972 0.0402344 0.0979167
0 0.751953 0.376389 0.0351562 0.1
0 0.674609 0.342708 0.034375 0.0979167
0 0.577344 0.582292 0.0773437 0.0631944
0 0.875 0.4125 0.034375 0.104167
0 0.714063 0.357031 0.034375 0.0998264
0 0.329688 0.0259983 0.0320312 0.0512153
0 0.352734 0.210069 0.0257812 0.0663194
0 0.990625 0.451389 0.01875 0.107639
0 0.289453 0.198307 0.0242187 0.0686632
0 0.158301 0.00672743 0.0224609 0.0113715
1 0.713672 0.356858 0.0351562 0.100174
1 0.751562 0.376389 0.034375 0.0993056
1 0.238672 0.310417 0.00742187 0.0236111
1 0.254102 0.355556 0.00742187 0.0222222
1 0.674219 0.342361 0.034375 0.0972222
0 0.288281 0.186458 0.0210938 0.046875
1 0.990625 0.127257 0.015625 0.034375
1 0.991406 0.452083 0.0171875 0.111111
0 0.0389648 0.233333 0.0511719 0.0625
1 0.267969 0.397569 0.00703125 0.0201389
0 0.290234 0.207943 0.0269531 0.091059
1 0.115625 0.553472 0.0105469 0.0111111
1 0.821875 0.426389 0.015625 0.0194444
1 0.824219 0.426736 0.0109375 0.01875
1 0.758594 0.596528 0.00625 0.0138889
1 0.25332 0.356944 0.009375 0.0256944
0 0.186426 0.00439996 0.0861328 0.00879991
1 0.00982666 0.490278 0.0121338 0.0166667
1 0.239844 0.310937 0.0101562 0.025
0 0.990625 0.127257 0.015625 0.034375
0 0.161719 0.00603299 0.034375 0.012066
1 0.094751 0.481944 0.0151855 0.025
0 0.213281 0.641667 0.00703125 0.0180556
1 0.577344 0.582986 0.078125 0.0645833
1 0.0672852 0.563889 0.00693359 0.0138889
1 0.116406 0.554861 0.0125 0.0152778
0 0.027832 0.572917 0.0162109 0.0152778
0 0.147266 0.00666233 0.0171875 0.0127604
1 0.746094 0.8 0.00703125 0.0222222
0 0.0757324 0.16684 0.0375977 0.0545139
1 0.0708008 0.564583 0.0150391 0.0152778
1 0.096875 0.473611 0.0105469 0.0208333
1 0.213281 0.641667 0.00703125 0.0180556
1 0.584375 0.354861 0.0625 0.0618056
1 0.0957031 0.477778 0.0132813 0.0305556
1 0.884375 0.2 0.009375 0.025
1 0.027832 0.572917 0.0162109 0.0152778
1 0.875 0.412847 0.034375 0.104167
1 0.0925537 0.484722 0.0172363 0.0194444
0 0.14082 0.208681 0.0519531 0.0548611
1 0.0936523 0.479167 0.0189453 0.0319444
0 0.34668 0.231944 0.0316406 0.101736
0 0.278516 0.201693 0.0445312 0.0757812
1 0.297656 0.190278 0.0132813 0.0447917
0 0.143359 0.220833 0.0576172 0.0802083
1 0.567969 0.507986 0.065625 0.0659722
0 0.35625 0.234201 0.0382813 0.105903
1 0.00736084 0.489236 0.0133545 0.0180556
0 0.193555 0.707639 0.053125 0.0472222
1 0.0966797 0.477778 0.0179687 0.0347222
1 0.159375 0.00674913 0.0246094 0.0134983
0 0.0412231 0.249306 0.039624 0.0340278
1 0.255078 0.355903 0.0105469 0.025
1 0.0414063 0.529514 0.00820312 0.0125
0 0.377148 0.276736 0.0191406 0.0423611
0 0.296094 0.192361 0.0171875 0.0479167
0 0.7875 0.938889 0.08125 0.106944
0 0.578906 0.425 0.0734375 0.0680556
0 0.567969 0.507986 0.065625 0.0673611
0 0.584766 0.355556 0.0632813 0.0625
0 0.398828 0.0349826 0.0320312 0.0675347
0 0.315234 0.215972 0.0402344 0.0979167
0 0.751953 0.376389 0.0351562 0.1
0 0.674609 0.342708 0.034375 0.0979167
0 0.577344 0.581944 0.0773437 0.0625
0 0.875 0.412847 0.034375 0.104167
0 0.714063 0.357031 0.034375 0.0998264
0 0.329688 0.02602 0.0320312 0.0512587
0 0.352734 0.210069 0.0257812 0.0666667
0 0.990625 0.451389 0.01875 0.106944
0 0.289453 0.19822 0.0242187 0.0681424
0 0.158203 0.00666233 0.0226563 0.0114149
1 0.713672 0.356858 0.0351562 0.100174
1 0.751562 0.376389 0.034375 0.0993056
1 0.238672 0.310417 0.00742187 0.0239583
1 0.254102 0.355556 0.00742187 0.0222222
0 0.288281 0.186502 0.0210938 0.0471354
1 0.674219 0.342535 0.034375 0.0975694
0 0.0390625 0.232986 0.0529297 0.0618056
1 0.990625 0.127083 0.015625 0.0340278
1 0.991406 0.452083 0.0171875 0.111111
1 0.267969 0.397569 0.00703125 0.0201389
0 0.290234 0.207986 0.0269531 0.0909722
1 0.115527 0.553819 0.0103516 0.0118056
1 0.823438 0.426389 0.0125 0.0180556
0 0.185449 0.00452474 0.0837891 0.00904948
1 0.25332 0.356944 0.009375 0.0256944
1 0.00991211 0.490278 0.0120117 0.0166667
0 0.990625 0.127083 0.015625 0.0340278
0 0.162695 0.00598958 0.0363281 0.0119792
1 0.758203 0.596528 0.00703125 0.0138889
1 0.821094 0.425694 0.0171875 0.0215278
1 0.094751 0.481944 0.0151855 0.025
0 0.213281 0.641667 0.00703125 0.0173611
0 0.0757812 0.16684 0.0375 0.0548611
1 0.0672852 0.563889 0.00703125 0.0138889
0 0.147754 0.00670573 0.0181641 0.0129774
0 0.0278076 0.572917 0.0162598 0.0152778
1 0.116406 0.554861 0.0125 0.0152778
0 0.286719 0.212326 0.0328125 0.103125
1 0.746094 0.8 0.00703125 0.0236111
1 0.577344 0.582986 0.078125 0.0645833
1 0.584375 0.354861 0.0625 0.0618056
1 0.0707031 0.564583 0.0148437 0.0152778
1 0.213281 0.641667 0.00703125 0.0173611
1 0.096875 0.473611 0.0105469 0.0208333
1 0.875 0.413194 0.0359375 0.104167
1 0.884375 0.2 0.009375 0.025
1 0.0956055 0.477778 0.0134766 0.0305556
0 0.346875 0.232118 0.0324219 0.102083
0 0.14082 0.207639 0.0519531 0.0527778
1 0.0278076 0.572917 0.0162598 0.0152778
0 0.278516 0.201562 0.0445312 0.0756944
0 0.143359 0.220833 0.0574219 0.0805556
0 0.35625 0.234375 0.0390625 0.10625
1 0.297461 0.190278 0.0132813 0.0444444
1 0.0935791 0.479167 0.0190918 0.0319444
0 0.377148 0.277951 0.0199219 0.0447917
1 0.0925537 0.484722 0.0172363 0.0194444
0 0.0412598 0.248958 0.0396484 0.0347222
1 0.159277 0.00673828 0.0246094 0.0134766
1 0.00743408 0.489236 0.013501 0.0180556
0 0.178906 0 0.0792969 0
0 0.193359 0.707639 0.0535156 0.0472222
0 0.7875 0.938889 0.08125 0.105556
0 0.578906 0.425 0.0734375 0.0680556
0 0.567969 0.507986 0.0664062 0.0673611
0 0.584766 0.355556 0.0632813 0.0625
0 0.398828 0.0349826 0.0320312 0.0675347
0 0.315234 0.215972 0.0402344 0.0979167
0 0.751953 0.376389 0.0351562 0.100694
0 0.674609 0.342708 0.034375 0.0979167
0 0.577344 0.581944 0.0773437 0.0625
0 0.875 0.413194 0.0359375 0.104167
0 0.714063 0.357031 0.034375 0.0998264
0 0.329688 0.0260417 0.0320312 0.0512153
0 0.352734 0.210069 0.0257812 0.0666667
0 0.990625 0.451389 0.01875 0.106944
0 0.289453 0.198264 0.0242187 0.0684028
0 0.158203 0.00664063 0.0226563 0.0114583
1 0.713672 0.356944 0.0351562 0.100694
1 0.752344 0.376389 0.034375 0.1
1 0.238672 0.310417 0.00742187 0.0239583
0 0.0391113 0.23316 0.0529297 0.0618056
1 0.254102 0.355556 0.00742187 0.0222222
0 0.288281 0.186458 0.0214844 0.0472222
1 0.991406 0.452083 0.0171875 0.111111
1 0.674219 0.342361 0.034375 0.0972222
1 0.990625 0.127083 0.015625 0.0340278
1 0.267969 0.397569 0.00703125 0.0201389
0 0.290039 0.207595 0.0269531 0.0903646
0 0.184277 0.00456814 0.0810547 0.00913628
1 0.115625 0.553819 0.0101562 0.0118056
1 0.823438 0.426389 0.0125 0.0180556
1 0.253516 0.357031 0.009375 0.0262153
0 0.163672 0.00598958 0.0378906 0.0119792
0 0.990625 0.127083 0.015625 0.0340278
1 0.00986328 0.490278 0.0121582 0.0166667
1 0.758203 0.596528 0.00703125 0.0138889
1 0.821094 0.425694 0.0171875 0.0215278
0 0.0757812 0.16684 0.0376953 0.0548611
1 0.0948242 0.481944 0.0148437 0.025
0 0.213281 0.641667 0.00703125 0.0173611
0 0.147852 0.00681424 0.0183594 0.0129774
1 0.0672852 0.563889 0.00703125 0.0138889
0 0.0277832 0.572917 0.0163086 0.0152778
1 0.116406 0.555208 0.0125 0.0152778
1 0.577344 0.582986 0.078125 0.0645833
0 0.278516 0.201432 0.0445312 0.0756076
1 0.584375 0.354861 0.0625 0.0618056
1 0.746094 0.8 0.00703125 0.025
0 0.140723 0.20625 0.0517578 0.0496528
0 0.346875 0.232465 0.0328125 0.102083
1 0.884375 0.2 0.009375 0.025
1 0.0967773 0.474306 0.0107422 0.0222222
1 0.875 0.413194 0.0359375 0.104167
0 0.35625 0.235069 0.0398437 0.10625
0 0.143359 0.22066 0.0574219 0.0802083
1 0.0707031 0.564583 0.0148437 0.0152778
0 0.0412964 0.248958 0.0396729 0.0347222
0 0.377148 0.278819 0.0203125 0.0465278
1 0.213281 0.641667 0.00703125 0.0173611
1 0.297461 0.189931 0.0132813 0.0444444
1 0.0277832 0.572917 0.0163086 0.0152778
0 0.178613 0 0.0783203 0
1 0.0935547 0.479167 0.0191406 0.0319444
1 0.159277 0.00674913 0.0246094 0.0134983
1 0.0925537 0.484722 0.0172363 0.0194444
0 0.7875 0.938889 0.08125 0.105556
0 0.578906 0.425 0.0734375 0.0680556
0 0.567969 0.508333 0.0664062 0.0666667
0 0.584766 0.355556 0.0632813 0.0625
0 0.398828 0.0349718 0.0320312 0.0675564
0 0.315234 0.215972 0.0402344 0.0979167
0 0.751953 0.376389 0.0351562 0.100694
0 0.674609 0.342708 0.034375 0.0979167
0 0.577344 0.581944 0.0773437 0.0625
0 0.875 0.413194 0.0359375 0.104167
0 0.714063 0.357031 0.034375 0.0998264
0 0.329492 0.0260851 0.0320312 0.0511285
0 0.352734 0.210069 0.0257812 0.0666667
0 0.990625 0.451389 0.01875 0.106944
0 0.289453 0.198264 0.0242187 0.0684028
0 0.158203 0.00659722 0.0226563 0.0115017
1 0.713672 0.356944 0.0351562 0.100694
0 0.0391602 0.233333 0.0529297 0.0618056
1 0.752344 0.376302 0.034375 0.100174
1 0.238672 0.310417 0.00742187 0.0239583
1 0.254297 0.355556 0.00742187 0.0222222
0 0.288281 0.186458 0.0210938 0.0472222
0 0.157813 0.00614149 0.0232422 0.012283
1 0.991406 0.452083 0.0171875 0.111111
1 0.990625 0.127083 0.015625 0.0340278
1 0.268164 0.397917 0.00703125 0.0208333
1 0.674219 0.342535 0.034375 0.0975694
0 0.183594 0.0046441 0.0792969 0.00928819
0 0.290039 0.207465 0.0265625 0.0899306
1 0.823438 0.426389 0.0125 0.0180556
1 0.253516 0.356944 0.009375 0.0263889
1 0.115625 0.553819 0.0101562 0.0118056
0 0.165039 0.00596788 0.040625 0.0119358
0 0.990625 0.127083 0.015625 0.0340278
0 0.0757812 0.16684 0.0376953 0.0548611
1 0.00976562 0.490278 0.0123047 0.0166667
1 0.821094 0.425694 0.0171875 0.0215278
1 0.758203 0.596875 0.00703125 0.0138889
1 0.0948242 0.481944 0.0146484 0.025
0 0.278516 0.201389 0.0441406 0.0756944
0 0.148926 0.00683594 0.0201172 0.0130208
0 0.286719 0.212326 0.0324219 0.103125
0 0.141016 0.207292 0.0523437 0.0520833
0 0.346875 0.232639 0.0328125 0.102083
0 0.213086 0.641667 0.00742187 0.0173611
0 0.143359 0.220833 0.0574219 0.0805556
0 0.35625 0.235243 0.0398437 0.106944
0 0.0277832 0.572917 0.0164062 0.0152778
1 0.0672852 0.563889 0.00703125 0.0138889
1 0.584375 0.355208 0.0625 0.0618056
0 0.0413086 0.248611 0.0398437 0.0354167
0 0.178223 1.08507e-05 0.0771484 2.17014e-05
1 0.746094 0.8 0.00703125 0.025
0 0.377148 0.279514 0.0207031 0.0479167
1 0.875 0.413194 0.0359375 0.104167
1 0.116406 0.555208 0.0123047 0.0152778
1 0.884375 0.2 0.009375 0.0256944
1 0.577344 0.582986 0.078125 0.0645833
1 0.0966797 0.474653 0.0105469 0.0222222
1 0.297266 0.189931 0.0132813 0.0444444
0 0.178613 0.00187717 0.0701172 0.00375434
1 0.0706543 0.564583 0.0149414 0.0152778
0 0.374414 0.289931 0.0300781 0.0722222
0 0.159277 0.0054362 0.0275391 0.0108724
0 0.7875 0.938889 0.08125 0.105556
0 0.578906 0.425 0.0734375 0.0680556
0 0.567969 0.508333 0.0664062 0.0666667
0 0.584766 0.355556 0.0632813 0.0625
0 0.398828 0.0349067 0.03125 0.067513
0 0.315234 0.215799 0.0398437 0.0982639
0 0.674609 0.342708 0.034375 0.0979167
0 0.751953 0.376389 0.0351562 0.100694
0 0.577344 0.581944 0.0773437 0.0625
0 0.875 0.413194 0.0359375 0.104167
0 0.714063 0.357031 0.034375 0.0998264
0 0.329492 0.0261502 0.0320312 0.0509983
0 0.353125 0.210417 0.0257812 0.0673611
0 0.990625 0.451389 0.01875 0.106944
0 0.289453 0.198307 0.0242187 0.0686632
0 0.158203 0.00654297 0.0226563 0.0115234
1 0.713672 0.356944 0.0351562 0.100694
0 0.0391602 0.233333 0.0529297 0.0625
1 0.752344 0.376302 0.034375 0.100174
1 0.238672 0.310417 0.00742187 0.0239583
1 0.254297 0.355556 0.00742187 0.0222222
0 0.157813 0.00607639 0.0230469 0.0121528
0 0.288281 0.186632 0.0214844 0.0472222
1 0.991406 0.452083 0.0171875 0.111111
1 0.990625 0.126997 0.015625 0.0338542
1 0.267969 0.397917 0.00703125 0.0208333
0 0.15957 0.0062717 0.028125 0.0125434
0 0.182227 0.00466037 0.0765625 0.00932075
1 0.674219 0.342708 0.034375 0.0972222
1 0.823438 0.426389 0.0125 0.0180556
1 0.253516 0.356944 0.009375 0.0263889
0 0.166504 0.00590278 0.0435547 0.0118056
1 0.115625 0.553819 0.0101562 0.0118056
0 0.990625 0.126997 0.015625 0.0338542
0 0.0757812 0.16671 0.0376953 0.0547743
1 0.240039 0.310764 0.00976562 0.025
1 0.00976562 0.490278 0.0123047 0.0166667
1 0.821094 0.425694 0.0171875 0.0215278
0 0.278711 0.201345 0.04375 0.0757812
1 0.0949219 0.481944 0.0144531 0.025
0 0.149414 0.00687934 0.0212891 0.013151
0 0.141602 0.209375 0.0535156 0.0559028
1 0.758203 0.596875 0.00703125 0.0138889
0 0.177734 0.000119358 0.0757812 0.000238715
0 0.143359 0.220833 0.0574219 0.0805556
0 0.346875 0.232639 0.0335938 0.102083
0 0.286719 0.212153 0.0324219 0.102778
0 0.356055 0.234896 0.0402344 0.107292
0 0.0413574 0.248611 0.0399414 0.0354167
0 0.178223 0.00203451 0.0693359 0.00406901
0 0.213086 0.642014 0.00742187 0.0173611
1 0.875 0.413194 0.0359375 0.104167
1 0.0672852 0.563889 0.00722656 0.0145833
0 0.377148 0.280556 0.0207031 0.0493056
1 0.0966797 0.475 0.0105469 0.0229167
1 0.746094 0.8 0.00703125 0.025
0 0.0277344 0.572569 0.0164062 0.0159722
1 0.884375 0.2 0.009375 0.0256944
0 0.159375 0.00540365 0.0277344 0.0108073
1 0.584375 0.355208 0.0625 0.0618056
1 0.116406 0.555208 0.0123047 0.0152778
0 0.377539 0.273438 0.0207031 0.0378472
1 0.297266 0.189931 0.0136719 0.0444444
0 0.158203 0.0101237 0.0261719 0.0163845
0 0.7875 0.938889 0.08125 0.105556
0 0.578906 0.425 0.0734375 0.0680556
0 0.567969 0.508333 0.0664062 0.0666667
0 0.584766 0.355556 0.0632813 0.0625
0 0.398828 0.0348958 0.03125 0.0675347
0 0.674609 0.342708 0.034375 0.0979167
0 0.315234 0.215972 0.0398437 0.0979167
0 0.751953 0.376389 0.0351562 0.100694
0 0.577344 0.581944 0.0773437 0.0625
0 0.714063 0.356597 0.034375 0.1
0 0.875 0.413194 0.0359375 0.104167
0 0.329492 0.0261719 0.0320312 0.0509549
0 0.353125 0.21059 0.0257812 0.0677083
0 0.991406 0.451389 0.0171875 0.105556
0 0.289453 0.198264 0.0242187 0.0684028
0 0.158203 0.00648872 0.0226563 0.0116319
0 0.039209 0.233507 0.052832 0.0625
1 0.713672 0.356944 0.0351562 0.100694
1 0.752344 0.376302 0.034375 0.100174
1 0.238672 0.310417 0.00742187 0.0243056
0 0.157715 0.00603299 0.0230469 0.012066
1 0.254297 0.355556 0.00742187 0.0222222
0 0.288281 0.186632 0.0214844 0.0475694
1 0.991406 0.452083 0.0171875 0.111111
1 0.990625 0.126997 0.015625 0.0338542
0 0.18125 0.00472005 0.0742188 0.0094401
0 0.159766 0.00626085 0.0285156 0.0125217
1 0.268164 0.397569 0.00703125 0.0201389
0 0.167578 0.00588108 0.0457031 0.0117622
1 0.674219 0.342535 0.034375 0.0975694
1 0.823438 0.426389 0.0125 0.0180556
1 0.253516 0.356944 0.009375 0.0263889
0 0.0757812 0.166667 0.0376953 0.0548611
1 0.115625 0.553819 0.0101562 0.0118056
0 0.990625 0.126997 0.015625 0.0338542
0 0.278906 0.201389 0.04375 0.0756944
1 0.00968018 0.490278 0.0124756 0.0166667
0 0.177441 0.000287543 0.0748047 0.000575087
0 0.14209 0.211458 0.0544922 0.0604167
1 0.821094 0.425694 0.0171875 0.0222222
1 0.0948242 0.481944 0.0144531 0.025
0 0.17793 0.00222439 0.06875 0.00444878
0 0.347266 0.232639 0.0335938 0.101389
0 0.150391 0.00681424 0.0230469 0.0134115
0 0.0413574 0.248264 0.0399414 0.0361111
0 0.142969 0.219965 0.0580078 0.0815972
0 0.356055 0.234722 0.0402344 0.106944
0 0.377344 0.281076 0.0210938 0.0510417
0 0.286719 0.211806 0.0320312 0.102083
0 0.159375 0.00537109 0.0279297 0.0107422
1 0.758203 0.596875 0.00703125 0.0138889
1 0.875 0.413194 0.0359375 0.104167
0 0.377344 0.273264 0.0210938 0.0375
1 0.746094 0.8 0.00703125 0.025
1 0.884375 0.200174 0.009375 0.0260417
1 0.0966797 0.475694 0.0107422 0.0236111
1 0.0672852 0.563889 0.00722656 0.0145833
0 0.213281 0.642014 0.0078125 0.0173611
0 0.374609 0.290972 0.0304688 0.0736111
0 0.7875 0.938889 0.08125 0.105556
0 0.578906 0.425 0.0734375 0.0680556
0 0.567969 0.508333 0.0664062 0.0666667
0 0.584766 0.355556 0.0632813 0.0625
0 0.398828 0.0349067 0.03125 0.067513
0 0.674609 0.342708 0.034375 0.0979167
0 0.315234 0.215799 0.0398437 0.0982639
0 0.751953 0.376389 0.0351562 0.100694
0 0.577344 0.581944 0.0773437 0.0625
0 0.714063 0.356597 0.034375 0.1
0 0.875 0.413194 0.0359375 0.104167
0 0.329492 0.0262153 0.0320312 0.0507812
0 0.353125 0.210764 0.0257812 0.0680556
0 0.991406 0.451389 0.0171875 0.105556
0 0.289453 0.19809 0.0238281 0.0680556
0 0.158105 0.00642361 0.0226563 0.0117188
0 0.039209 0.233507 0.052832 0.0625
1 0.713672 0.356944 0.0351562 0.100694
1 0.238672 0.310417 0.00742187 0.0243056
1 0.752344 0.376302 0.034375 0.100174
0 0.157715 0.00598958 0.0230469 0.0119792
1 0.254297 0.355556 0.00742187 0.0222222
1 0.991406 0.452083 0.0171875 0.111111
0 0.288281 0.186849 0.0214844 0.0478299
0 0.180859 0.00477431 0.0730469 0.00954861
0 0.159766 0.0062283 0.0289063 0.0124566
1 0.990625 0.126997 0.015625 0.0338542
1 0.268164 0.397569 0.00703125 0.0201389
0 0.168652 0.00583767 0.0478516 0.0116753
1 0.253516 0.356944 0.009375 0.0263889
1 0.823438 0.426389 0.0125 0.0180556
0 0.0756836 0.166667 0.0376953 0.0548611
0 0.990625 0.126997 0.015625 0.0338542
1 0.115625 0.554167 0.0101562 0.0125
1 0.674219 0.342708 0.034375 0.0972222
0 0.177148 0.000450304 0.0742188 0.000900608
0 0.278906 0.201215 0.04375 0.0753472
0 0.177539 0.00244141 0.0683594 0.00488281
1 0.00969238 0.490278 0.0124512 0.0166667
0 0.142578 0.214236 0.0554687 0.0659722
0 0.0413574 0.248264 0.0400391 0.0361111
0 0.347266 0.232639 0.0335938 0.101389
1 0.0949219 0.481944 0.0142578 0.025
0 0.289844 0.206207 0.0265625 0.0875868
0 0.377148 0.281944 0.0214844 0.0527778
0 0.151758 0.00679253 0.0261719 0.0135851
0 0.35625 0.234896 0.040625 0.106944
0 0.144238 0.224653 0.0544922 0.0715278
0 0.159375 0.00538194 0.0283203 0.0107639
1 0.821094 0.425694 0.0171875 0.0222222
0 0.377344 0.273264 0.0210938 0.0381944
0 0.286719 0.211632 0.0320312 0.101736
1 0.884375 0.200347 0.009375 0.0256944
1 0.746094 0.8 0.00703125 0.025
0 0.374805 0.291146 0.0300781 0.0739583
1 0.875 0.413194 0.0359375 0.104167
1 0.268555 0.397917 0.00898437 0.0229167
0 0.178711 0.00722656 0.0734375 0.0144531
1 0.0966797 0.475694 0.0107422 0.0243056
0 0.158203 0.0101454 0.0265625 0.016645
1 0.297266 0.189931 0.0136719 0.04375
0 0.7875 0.938889 0.08125 0.105556
0 0.578906 0.425 0.0734375 0.0680556
0 0.567969 0.508333 0.0664062 0.0666667
0 0.584766 0.355556 0.0632813 0.0625
0 0.398828 0.0348958 0.03125 0.0675347
0 0.674219 0.342535 0.034375 0.096875
0 0.751953 0.376389 0.0351562 0.100694
0 0.315234 0.215799 0.0398437 0.0982639
0 0.577344 0.581944 0.0773437 0.0625
0 0.714063 0.356944 0.034375 0.1
0 0.875 0.413194 0.0359375 0.104167
0 0.329492 0.0262153 0.0320312 0.0506944
0 0.353125 0.210764 0.0257812 0.0680556
0 0.991406 0.451389 0.0171875 0.105556
0 0.289453 0.197917 0.0242187 0.0680556
0 0.158105 0.00628255 0.0226563 0.0118273
0 0.039209 0.233681 0.052832 0.0625
0 0.158301 0.00635851 0.0263672 0.012717
1 0.238672 0.310417 0.00742187 0.0243056
1 0.713672 0.356944 0.0351562 0.100694
0 0.157617 0.00590278 0.0230469 0.0118056
1 0.752344 0.376736 0.034375 0.100694
1 0.254297 0.355903 0.00742187 0.0222222
1 0.991406 0.452083 0.0171875 0.111111
0 0.288281 0.186849 0.0214844 0.0478299
0 0.180371 0.00480686 0.0720703 0.00961372
1 0.990625 0.126997 0.015625 0.0338542
1 0.268164 0.397917 0.00703125 0.0208333
0 0.170117 0.00579427 0.0507812 0.0115885
1 0.253516 0.356944 0.009375 0.0263889
0 0.176953 0.000645616 0.0734375 0.00129123
0 0.0756836 0.166623 0.0376953 0.0549479
1 0.823438 0.426389 0.0125 0.0180556
0 0.278906 0.201085 0.0433594 0.0756076
0 0.990625 0.126997 0.015625 0.0338542
1 0.115625 0.554167 0.00996094 0.0125
0 0.0413574 0.24809 0.0401367 0.0364583
0 0.142773 0.220486 0.0574219 0.0802083
1 0.00969238 0.490278 0.0124512 0.0173611
1 0.674219 0.342708 0.034375 0.0972222
0 0.376953 0.282465 0.021875 0.0541667
0 0.347266 0.232986 0.0335938 0.100694
1 0.0949219 0.481944 0.0140625 0.025
0 0.159473 0.00537109 0.0287109 0.0107422
0 0.377344 0.273438 0.0210938 0.0381944
0 0.153125 0.00683594 0.0289063 0.0136719
0 0.356445 0.235069 0.040625 0.10625
0 0.286914 0.211458 0.0316406 0.101389
0 0.375 0.291319 0.0296875 0.0743056
1 0.884375 0.200347 0.009375 0.0260417
1 0.746094 0.8 0.00703125 0.025
1 0.821094 0.425694 0.0171875 0.0222222
0 0.7875 0.938889 0.08125 0.105556
0 0.578906 0.425 0.0734375 0.0680556
0 0.567969 0.508333 0.0664062 0.0666667
0 0.584766 0.355556 0.0632813 0.0625
0 0.398828 0.0348958 0.03125 0.0675347
0 0.674219 0.342535 0.034375 0.096875
0 0.751953 0.376389 0.0351562 0.100694
0 0.315234 0.215799 0.0398437 0.0982639
0 0.577344 0.581944 0.0773437 0.0625
0 0.714063 0.356944 0.034375 0.1
0 0.875 0.413194 0.0359375 0.104167
0 0.329492 0.0262153 0.0320312 0.0506944
0 0.353125 0.210764 0.0257812 0.0680556
0 0.991406 0.451389 0.0171875 0.105556
0 0.289453 0.197917 0.0242187 0.0680556
0 0.158105 0.0062934 0.0226563 0.011849
0 0.039209 0.233681 0.052832 0.0625
1 0.238672 0.310417 0.00742187 0.0243056
1 0.713672 0.356944 0.0351562 0.100694
0 0.157617 0.00590278 0.0230469 0.0118056
1 0.752344 0.376736 0.034375 0.100694
1 0.254297 0.355556 0.00742187 0.0222222
1 0.991406 0.452083 0.0171875 0.111111
0 0.288281 0.186849 0.0214844 0.0478299
0 0.180371 0.00480686 0.0720703 0.00961372
0 0.159961 0.00615234 0.0296875 0.0123047
1 0.990625 0.126997 0.015625 0.0338542
1 0.268164 0.397917 0.00703125 0.0208333
0 0.17002 0.00579427 0.0505859 0.0115885
1 0.253516 0.356944 0.009375 0.0263889
0 0.176855 0.000645616 0.0736328 0.00129123
0 0.0756836 0.166623 0.0376953 0.0549479
1 0.823438 0.426389 0.0125 0.0180556
0 0.278906 0.201085 0.0433594 0.0756076
0 0.177246 0.0026747 0.0677734 0.00534939
0 0.990625 0.126997 0.015625 0.0338542
1 0.115625 0.554167 0.00996094 0.0125
0 0.0413574 0.24809 0.0401367 0.0364583
0 0.142773 0.220486 0.0574219 0.0802083
1 0.00969238 0.490278 0.0124512 0.0166667
1 0.674219 0.342708 0.034375 0.0972222
0 0.376953 0.282639 0.021875 0.0541667
0 0.347266 0.232986 0.0335938 0.100694
1 0.0949219 0.481944 0.0140625 0.025
0 0.159473 0.00536024 0.0287109 0.0107205
0 0.377344 0.273438 0.0210938 0.0381944
0 0.153125 0.00682509 0.0289063 0.0136502
0 0.356445 0.235069 0.040625 0.10625
0 0.286914 0.211458 0.0316406 0.101389
0 0.375 0.291319 0.0296875 0.0743056
1 0.884375 0.200347 0.009375 0.0260417
1 0.821094 0.425694 0.0171875 0.0222222
1 0.746094 0.8 0.00703125 0.025
