0 0.788867 0.8125 0.0785156 0.0972222
0 0.3125 0.174306 0.0351562 0.09375
0 0.859375 0.317014 0.034375 0.0958333
0 0.98125 0.345486 0.0375 0.101389
0 0.578516 0.499306 0.075 0.0604167
0 0.385547 0.0153158 0.0265625 0.0287435
0 0.578906 0.285069 0.0609375 0.0604167
0 0.741406 0.291319 0.0328125 0.0930556
0 0.567969 0.429167 0.0640625 0.0625
0 0.576172 0.349913 0.0710938 0.0640625
0 0.666016 0.265625 0.03125 0.09375
0 0.315234 0.00922309 0.0234375 0.018099
0 0.34707 0.164757 0.0257812 0.0590278
1 0.704297 0.274653 0.0320312 0.0951389
1 0.579297 0.285243 0.0609375 0.0600694
1 0.575781 0.349306 0.0703125 0.0638889
1 0.666016 0.265972 0.03125 0.0923611
1 0.567578 0.428819 0.0648438 0.0631944
0 0.704297 0.275 0.0320312 0.096875
1 0.578516 0.499306 0.075 0.0597222
1 0.741406 0.291667 0.0328125 0.09375
0 0.286719 0.157031 0.0214844 0.0626736
1 0.98125 0.345486 0.0375 0.102083
0 0.282813 0.161198 0.0273438 0.0730903
0 0.344922 0.175868 0.0304688 0.0805556
1 0.9625 0.0349935 0.015625 0.0324436
0 0.273633 0.165625 0.0480469 0.0798611
1 0.859375 0.317014 0.034375 0.0965278
1 0.22207 0.595486 0.00820312 0.0159722
0 0.499219 0.469444 0.03125 0.0513889
2 0.982031 0.345052 0.0359375 0.101562
1 0.286719 0.157031 0.0214844 0.0626736
1 0.385352 0.0155165 0.0261719 0.0285156
0 0.280273 0.172049 0.0378906 0.0958333
0 0.286328 0.168924 0.0226563 0.0871528
1 0.966406 0.0355903 0.025 0.034375
1 0.244922 0.254167 0.00703125 0.0243056
1 0.34707 0.163455 0.0261719 0.0557292
1 0.50625 0.467361 0.0164062 0.0430556
0 0.22207 0.595486 0.00820312 0.0159722
1 0.789844 0.8125 0.078125 0.0972222
0 0.504687 0.470139 0.0226563 0.0513889
1 0.314844 0.00913628 0.025 0.018099
0 0.4875 0.472917 0.0546875 0.0569444
1 0.972656 0.036122 0.0359375 0.0381727
0 0.50625 0.467361 0.0164062 0.0430556
0 0.960938 0.715278 0.053125 0.0444444
1 0.509766 0.461806 0.009375 0.0305556
1 0.259375 0.301736 0.00742187 0.0232639
0 0.6 0.0617622 0.015625 0.0502604
1 0.529688 0.468056 0.0109375 0.0222222
0 0.262305 0.171007 0.0726563 0.0986111
0 0.0500488 0.181293 0.0500977 0.0644965
0 0.509766 0.461806 0.009375 0.0305556
1 0.184766 0.638194 0.00976562 0.0222222
1 0.187305 0.636458 0.0167969 0.0201389
1 0.221875 0.591319 0.009375 0.0256944
2 0.578125 0.499306 0.075 0.0597222
0 0.342969 0.19197 0.0390625 0.109809
2 0.666016 0.265972 0.03125 0.0923611
1 0.501562 0.473611 0.03125 0.0569444
1 0.4875 0.475694 0.0585938 0.0652778
2 0.578906 0.285069 0.0609375 0.0604167
0 0.972656 0.036122 0.0359375 0.0381727
0 0.499219 0.459375 0.03125 0.0465278
1 0.0796875 0.517708 0.00654297 0.0159722
0 1 0.251215 0 0.167708
0 0.221875 0.591319 0.009375 0.0256944
1 0.3125 0.17309 0.0351562 0.0916667
1 0.746094 0.686111 0.0078125 0.0173611
1 0.5 0.466667 0.028125 0.0458333
1 0.523438 0.467361 0.021875 0.0333333
1 0.185937 0.640278 0.0140625 0.0263889
3 0.98125 0.345833 0.0375 0.102083
1 0.291016 0.15217 0.015625 0.0463542
3 0.578125 0.499306 0.075 0.0597222
1 0.504687 0.470139 0.0226563 0.0513889
0 0.9625 0.0354601 0.01875 0.034809
0 0.489844 0.0290582 0.028125 0.0455295
1 0.598047 0.046441 0.009375 0.0180556
1 0.753125 0.497569 0.00625 0.0111111
0 0.79043 0.8125 0.0785156 0.0972222
0 0.576563 0.349219 0.0703125 0.0626736
0 0.567578 0.428472 0.0640625 0.0611111
0 0.665625 0.265625 0.03125 0.0923611
0 0.578906 0.284722 0.0609375 0.0590278
0 0.3125 0.174262 0.0351562 0.0938368
0 0.578906 0.497569 0.0742188 0.0569444
0 0.741406 0.291667 0.0328125 0.09375
0 0.858594 0.316667 0.034375 0.0965278
0 0.385547 0.0150228 0.0265625 0.0289822
0 0.98125 0.345486 0.0375 0.101389
0 0.703906 0.275 0.03125 0.0958333
0 0.315039 0.00911458 0.0226563 0.0182292
0 0.346875 0.163715 0.0257812 0.0572917
0 0.286133 0.167187 0.021875 0.0829861
0 0.286719 0.157813 0.0199219 0.0635417
1 0.703906 0.274653 0.03125 0.0958333
0 0.281836 0.165451 0.0296875 0.0819444
0 0.345703 0.175521 0.0296875 0.0802083
1 0.741406 0.29184 0.0328125 0.0940972
0 0.275391 0.174826 0.0429688 0.0986111
1 0.98125 0.345833 0.0375 0.101389
0 0.34082 0.00545247 0.0785156 0.0109049
0 0.485938 0.477083 0.0609375 0.0666667
0 0.494141 0.471181 0.0429688 0.0527778
1 0.244922 0.253993 0.00703125 0.0232639
0 0.317187 0.0107856 0.0273438 0.0200521
0 0.0509644 0.180599 0.0508057 0.0644965
1 0.22207 0.594792 0.0078125 0.0180556
1 0.666016 0.265625 0.0304688 0.0923611
0 0.374609 0.229514 0.0226563 0.0545139
0 0.505469 0.468403 0.01875 0.0444444
0 0.269141 0.194054 0.0585938 0.141059
0 0.347266 0.191276 0.0429688 0.109809
1 0.9625 0.0352431 0.015625 0.0325521
1 0.510156 0.460764 0.0078125 0.0277778
1 0.258789 0.302951 0.00742187 0.0197917
1 0.315234 0.00922309 0.0246094 0.0184462
0 0.376953 0.220833 0.0179687 0.0361111
0 0.357617 0.214062 0.0519531 0.106597
0 0.479297 0.470139 0.071875 0.0569444
1 0.286719 0.157813 0.0199219 0.0635417
0 0.370117 0.248437 0.0378906 0.0947917
1 0.975 0.0392795 0.04375 0.0421875
1 0.222266 0.593056 0.00898437 0.0236111
0 0.22207 0.594792 0.0078125 0.0180556
1 0.509766 0.464583 0.0101562 0.0361111
1 0.528906 0.469444 0.0078125 0.0208333
0 0.501953 0.470833 0.028125 0.0527778
1 0.34707 0.165972 0.0253906 0.0621528
1 0.385547 0.0155816 0.0265625 0.0275174
1 0.567969 0.428472 0.0640625 0.0597222
0 0.358984 0.239931 0.053125 0.0888889
0 0.260938 0.195833 0.0789063 0.153472
0 0.495313 0.461806 0.040625 0.0430556
0 0.291602 0.155382 0.0144531 0.053125
1 0.079541 0.518403 0.00625 0.0159722
1 0.272656 0.345486 0.00703125 0.0229167
1 0.530859 0.468056 0.0101562 0.0194444
0 0.497656 0.492361 0.059375 0.0902778
0 0.946875 0.226389 0.028125 0.0652778
0 0.292578 0.163368 0.0132813 0.0743056
0 0.488672 0.465625 0.053125 0.0548611
1 0.578516 0.497917 0.0742188 0.0569444
0 0.568359 0.593056 0.0484375 0.0680556
1 0.79043 0.8125 0.0785156 0.0972222
1 0.530078 0.473611 0.0132813 0.0305556
0 0.221875 0.590278 0.009375 0.0277778
1 0.111035 0.416667 0.0152344 0.0333333
0 0.377344 0.238542 0.0273438 0.0722222
1 0.746094 0.686111 0.0078125 0.0166667
0 0.976562 0.0411024 0.046875 0.0474826
0 0.510156 0.460764 0.0078125 0.0277778
1 0.505469 0.468403 0.01875 0.0444444
1 0.859375 0.317014 0.034375 0.0965278
0 0.352344 0.167752 0.0226563 0.0617188
0 0.480859 0.407639 0.0515625 0.0472222
0 0.91875 0.0663194 0.1625 0.131944
1 0.967188 0.0376628 0.028125 0.0380425
0 0.347266 0.225694 0.059375 0.103472
1 0.291406 0.151823 0.0144531 0.0463542
1 0.576172 0.349219 0.0703125 0.0626736
0 0.528906 0.0325304 0.028125 0.0526476
0 0.557813 0.616667 0.06875 0.115278
1 0.188086 0.635417 0.01875 0.0319444
0 0.509766 0.464583 0.0101562 0.0361111
1 0.578906 0.284549 0.0609375 0.0586806
0 0.789844 0.8125 0.078125 0.0972222
0 0.576563 0.349306 0.0703125 0.0625
0 0.567969 0.428819 0.0640625 0.0611111
0 0.578906 0.284896 0.0609375 0.0583333
0 0.312695 0.174132 0.0351562 0.0934028
0 0.741016 0.291319 0.0328125 0.09375
0 0.665625 0.265972 0.03125 0.0920139
0 0.858594 0.317187 0.034375 0.0961806
0 0.578906 0.498611 0.075 0.0583333
0 0.98125 0.345139 0.0375 0.101389
0 0.703906 0.275 0.03125 0.0951389
0 0.385547 0.0149957 0.0273438 0.0287326
0 0.315039 0.00896267 0.0226563 0.0177517
0 0.34707 0.166146 0.0261719 0.0625
1 0.703906 0.274826 0.03125 0.0951389
0 0.284961 0.165451 0.0242187 0.0791667
0 0.346094 0.177083 0.0296875 0.084375
0 0.280859 0.167057 0.0320312 0.0853299
0 0.286328 0.157118 0.0207031 0.0614583
1 0.665625 0.265799 0.03125 0.0916667
1 0.741016 0.291667 0.0328125 0.0944444
1 0.98125 0.345833 0.0375 0.102083
0 0.314063 0.0094184 0.0257812 0.0188368
0 0.276563 0.175174 0.0414063 0.0989583
0 0.344141 0.190972 0.0359375 0.110417
1 0.858594 0.317187 0.034375 0.0961806
0 0.485156 0.473611 0.0609375 0.0597222
1 0.244727 0.253993 0.00742187 0.0243056
0 0.317578 0.0108724 0.0273438 0.0196181
1 0.961719 0.0355903 0.015625 0.0328993
0 0.35332 0.205903 0.0480469 0.112153
0 0.507031 0.467708 0.015625 0.04375
1 0.567969 0.428472 0.0640625 0.0604167
1 0.578906 0.498611 0.075 0.0583333
1 0.22207 0.595833 0.00742187 0.0152778
0 0.377148 0.221701 0.0179687 0.0385417
0 0.495313 0.470833 0.040625 0.0541667
1 0.510156 0.461458 0.00859375 0.0291667
0 0.271094 0.193793 0.0554687 0.137413
0 0.491406 0.479167 0.0554687 0.0694444
1 0.385156 0.0153429 0.0265625 0.0276476
1 0.8125 0.334375 0.009375 0.0173611
0 0.375391 0.227431 0.021875 0.0513889
1 0.346875 0.16441 0.0265625 0.0579861
1 0.258594 0.302604 0.0078125 0.0211806
1 0.2875 0.156944 0.0199219 0.0611111
2 0.98125 0.345486 0.0375 0.100694
1 0.579687 0.284722 0.0609375 0.0576389
1 0.575781 0.349306 0.0703125 0.0625
1 0.507031 0.467708 0.015625 0.04375
0 0.0504395 0.180556 0.0522461 0.0666667
1 0.973437 0.0376736 0.040625 0.0386285
0 0.478125 0.483333 0.0765625 0.0777778
0 0.262891 0.215972 0.078125 0.189236
1 0.509375 0.465278 0.0109375 0.0381944
0 0.292578 0.164236 0.0144531 0.0763889
0 0.261328 0.186068 0.075 0.128559
0 0.371484 0.243056 0.0320312 0.0854167
0 0.494531 0.0288845 0.0328125 0.043967
0 0.352148 0.167318 0.0214844 0.0618924
0 0.503906 0.471528 0.025 0.0555556
0 0.485156 0.493056 0.06875 0.0902778
0 0.343945 0.226042 0.0527344 0.107639
0 0.356836 0.238194 0.0558594 0.0916667
0 0.113965 0.475694 0.22793 0.204167
1 0.641797 0.459375 0.00859375 0.0180556
1 0.314844 0.00896267 0.0246094 0.0179253
1 0.789844 0.8125 0.078125 0.0972222
1 0.551562 0.5 0.0210938 0.0597222
0 0.976562 0.0418403 0.046875 0.0465278
0 0.496875 0.49375 0.0578125 0.0902778
1 0.810938 0.333681 0.0125 0.0180556
0 0.4875 0.0282769 0.0234375 0.0361545
0 0.494922 0.459722 0.0414063 0.0472222
0 0.314453 0.012462 0.0234375 0.0218641
1 0.222266 0.597569 0.00859375 0.0201389
0 0.340625 0.00527344 0.0765625 0.0105469
1 0.0798828 0.518403 0.00664063 0.0152778
1 0.970312 0.0357205 0.03125 0.0351562
3 0.98125 0.345833 0.0375 0.102083
1 0.272266 0.345833 0.00703125 0.0236111
1 0.528906 0.470139 0.0078125 0.0215278
1 0.221875 0.593056 0.009375 0.025
0 0.482031 0.453125 0.0640625 0.0715278
0 0.789844 0.8125 0.078125 0.0972222
0 0.3125 0.173568 0.0351562 0.0917535
0 0.576563 0.349306 0.0703125 0.0631944
0 0.578906 0.285069 0.0609375 0.0586806
0 0.567969 0.429167 0.0640625 0.0611111
0 0.741406 0.291319 0.0328125 0.0930556
0 0.857813 0.31684 0.034375 0.096875
0 0.98125 0.345226 0.0375 0.102604
0 0.578906 0.498264 0.075 0.0583333
0 0.666016 0.265972 0.03125 0.0916667
0 0.703906 0.275347 0.03125 0.0951389
0 0.385938 0.0153212 0.0273438 0.0284288
0 0.315039 0.00900608 0.0226563 0.0175781
0 0.347461 0.167405 0.0253906 0.0638021
0 0.284961 0.161806 0.0210938 0.0711806
0 0.287695 0.157378 0.0191406 0.0612847
1 0.703906 0.275 0.03125 0.0944444
1 0.666016 0.265972 0.0304688 0.0916667
1 0.567969 0.428472 0.0640625 0.0611111
1 0.578906 0.498264 0.0757812 0.0590278
0 0.283008 0.166623 0.0265625 0.0834201
1 0.741406 0.291667 0.03125 0.09375
0 0.346875 0.177778 0.0289063 0.084375
1 0.579687 0.284722 0.0609375 0.0583333
1 0.9625 0.0349392 0.015625 0.0325521
1 0.576563 0.349306 0.0703125 0.0631944
0 0.375 0.227431 0.0226563 0.05
0 0.286328 0.171875 0.0234375 0.0920139
0 0.285742 0.152257 0.0183594 0.0520833
0 0.344141 0.189887 0.0351562 0.103559
1 0.98125 0.345833 0.0375 0.102778
0 0.485156 0.472917 0.059375 0.0569444
1 0.244922 0.253819 0.00742187 0.0229167
1 0.272266 0.34592 0.00703125 0.0220486
0 0.317578 0.0105686 0.028125 0.0196615
0 0.0504028 0.180512 0.0503662 0.0639757
1 0.288672 0.161111 0.0175781 0.0680556
1 0.385547 0.0151042 0.0265625 0.0279514
1 0.510547 0.459028 0.0078125 0.0243056
0 0.375 0.237847 0.0242187 0.0729167
1 0.509375 0.460417 0.0109375 0.0291667
1 0.857813 0.316667 0.034375 0.0965278
0 0.275781 0.171875 0.0421875 0.0916667
0 0.273438 0.184332 0.0484375 0.118142
0 0.291406 0.158333 0.0144531 0.0583333
1 0.259375 0.301736 0.00703125 0.0229167
0 0.509375 0.460417 0.0109375 0.0291667
0 0.377148 0.222396 0.0179687 0.0402778
0 0.358789 0.214931 0.0464844 0.0736111
1 0.222266 0.595486 0.00703125 0.0166667
1 0.285937 0.163194 0.021875 0.0739583
1 0.963281 0.0360243 0.0203125 0.0375868
1 0.971875 0.0376736 0.0359375 0.0391493
1 0.315234 0.00890842 0.0234375 0.0178168
0 0.36875 0.246354 0.0421875 0.0899306
0 0.497656 0.468056 0.0359375 0.0472222
0 0.500781 0.462153 0.028125 0.0340278
1 0.79043 0.8125 0.0785156 0.0972222
1 0.110547 0.416667 0.0160156 0.0333333
0 0.360547 0.235764 0.0515625 0.0715278
1 0.285156 0.386111 0.00546875 0.0180556
1 0.110156 0.421875 0.0152344 0.0243056
1 0.292188 0.163281 0.0128906 0.0717014
1 0.753125 0.497569 0.00625 0.0111111
1 0.8125 0.334722 0.009375 0.0170139
1 0.553125 0.493056 0.0234375 0.04375
0 0.315039 0.0125434 0.0230469 0.0217448
1 0.551562 0.498611 0.0203125 0.0569444
2 0.666016 0.265972 0.0304688 0.0916667
1 0.671094 0.797222 0.0148437 0.025
1 0.810938 0.334375 0.009375 0.0177083
1 0.0261475 0.441667 0.00942383 0.0180556
1 0.0799316 0.518403 0.00644531 0.0152778
0 0.322852 0.175391 0.0496094 0.0915799
1 0.287109 0.153993 0.0195312 0.0545139
0 0.0508301 0.171571 0.0510742 0.0436632
0 0.976562 0.0415039 0.046875 0.0473741
0 0.346094 0.229514 0.0507812 0.0826389
0 0.222266 0.595486 0.00703125 0.0166667
1 0.221875 0.59375 0.00820312 0.0208333
0 0.27168 0.220313 0.0664062 0.196875
1 0.96875 0.0349718 0.0265625 0.0345703
1 0.975 0.0429253 0.04375 0.0486111
0 0.0794922 0.116146 0.0277344 0.0574653
0 0.496875 0.457639 0.0375 0.0375
0 0.375195 0.246875 0.0308594 0.0892361
1 0.901563 0.284028 0.009375 0.0201389
0 0.789844 0.8125 0.078125 0.0972222
0 0.312695 0.17322 0.0347656 0.0903646
0 0.576563 0.349306 0.0703125 0.0631944
0 0.741406 0.291146 0.0328125 0.0934028
0 0.578906 0.284375 0.0609375 0.0583333
0 0.703906 0.275347 0.03125 0.0951389
0 0.98125 0.345052 0.0375 0.101562
0 0.859375 0.317014 0.034375 0.0965278
0 0.666016 0.266146 0.03125 0.0920139
0 0.578516 0.498264 0.075 0.0583333
0 0.567969 0.428472 0.0640625 0.0625
0 0.385547 0.0153646 0.0273438 0.0284722
0 0.315234 0.00911458 0.0226563 0.0176215
0 0.347461 0.163715 0.0253906 0.05625
1 0.567969 0.428472 0.0640625 0.0611111
0 0.345703 0.17678 0.0289063 0.0832465
0 0.286328 0.157813 0.0199219 0.0628472
1 0.578906 0.498611 0.0757812 0.0583333
0 0.285547 0.167535 0.0234375 0.0833333
1 0.666406 0.265972 0.03125 0.0916667
1 0.703906 0.274826 0.03125 0.0947917
0 0.289844 0.159549 0.015625 0.0645833
1 0.579687 0.284201 0.0609375 0.0579861
1 0.576563 0.349306 0.0703125 0.0631944
1 0.98125 0.345833 0.0375 0.102778
1 0.244922 0.253472 0.00703125 0.0222222
0 0.375586 0.228819 0.021875 0.0527778
1 0.222266 0.595833 0.0078125 0.0166667
1 0.741406 0.291667 0.0320312 0.09375
0 0.285156 0.176432 0.0296875 0.102691
1 0.272266 0.346181 0.00703125 0.0229167
1 0.385547 0.0150608 0.0265625 0.0279514
1 0.259375 0.301736 0.00703125 0.0236111
0 0.0509277 0.180903 0.049707 0.0638889
0 0.344336 0.190799 0.0332031 0.106944
1 0.11084 0.416319 0.0158203 0.0340278
1 0.857813 0.316667 0.034375 0.0958333
0 0.377539 0.223611 0.0191406 0.0423611
0 0.509375 0.461111 0.0109375 0.0291667
1 0.9625 0.0350694 0.015625 0.0336806
0 0.291406 0.156944 0.0148437 0.0541667
0 0.374414 0.24184 0.0253906 0.0802083
1 0.510156 0.459028 0.0078125 0.025
0 0.273047 0.187153 0.05 0.124653
1 0.289844 0.159549 0.015625 0.0645833
1 0.810938 0.334375 0.0109375 0.0177083
0 0.274609 0.17296 0.0445312 0.0943576
0 0.485938 0.472917 0.0578125 0.0569444
0 0.358398 0.219444 0.0472656 0.0729167
1 0.244141 0.254514 0.00898437 0.0253472
0 0.377344 0.235938 0.0234375 0.0652778
1 0.347461 0.163021 0.0257812 0.0538194
1 0.552734 0.495139 0.0226563 0.0479167
0 0.496875 0.46875 0.0382813 0.0472222
1 0.0799805 0.518403 0.00683594 0.0152778
0 0.484375 0.480208 0.065625 0.0722222
1 0.285156 0.386111 0.00625 0.0180556
1 0.222266 0.590625 0.00859375 0.0277778
1 0.108789 0.414583 0.0203125 0.0388889
0 0.371094 0.247049 0.0359375 0.0913194
0 0.361719 0.238194 0.05 0.0753472
1 0.315234 0.00904948 0.0230469 0.018099
0 0.267383 0.206944 0.0648438 0.168056
1 0.598437 0.046441 0.009375 0.0192708
0 0.372656 0.231944 0.0226563 0.0583333
1 0.0368652 0.540625 0.0157227 0.0194444
0 0.500781 0.462153 0.028125 0.0340278
0 0.510156 0.459028 0.0078125 0.025
1 0.746094 0.686111 0.00703125 0.0166667
1 0.510156 0.4625 0.0101562 0.0319444
1 0.753125 0.497569 0.00625 0.0111111
1 0.223438 0.595139 0.0109375 0.0194444
1 0.286914 0.161372 0.0207031 0.0703125
1 0.375391 0.226736 0.0210938 0.0493056
1 0.026123 0.441667 0.00966797 0.0180556
1 0.975 0.0387587 0.0421875 0.0425347
0 0.6 0.0598958 0.0148437 0.0439236
1 0.789844 0.8125 0.0796875 0.0972222
0 0.977344 0.0425781 0.0453125 0.0514757
1 0.0813477 0.51875 0.00996094 0.0152778
0 0.789844 0.8125 0.078125 0.0972222
0 0.576563 0.349653 0.0703125 0.0638889
0 0.3125 0.173568 0.0347656 0.0917535
0 0.741406 0.291493 0.0328125 0.0940972
0 0.578906 0.284375 0.0609375 0.0583333
0 0.858594 0.317014 0.034375 0.0965278
0 0.98125 0.345486 0.0375 0.102083
0 0.666016 0.266146 0.03125 0.0920139
0 0.567969 0.429167 0.0640625 0.0625
0 0.578906 0.498264 0.075 0.0590278
0 0.703906 0.275174 0.03125 0.0947917
0 0.385547 0.0152995 0.0273438 0.0285156
0 0.315234 0.00904948 0.0226563 0.0177517
0 0.347266 0.164931 0.0257812 0.0590278
1 0.578906 0.498611 0.0757812 0.0597222
1 0.703906 0.275 0.03125 0.0951389
0 0.345703 0.17678 0.0289063 0.083941
1 0.666016 0.265799 0.0304688 0.0920139
0 0.286523 0.155903 0.0199219 0.0590278
1 0.567969 0.428819 0.0640625 0.0618056
1 0.98125 0.345833 0.0375 0.102778
0 0.284375 0.165799 0.025 0.0795139
1 0.244922 0.253993 0.00742187 0.0236111
1 0.741406 0.291667 0.0328125 0.0944444
0 0.290234 0.156944 0.0148437 0.0583333
1 0.579687 0.284375 0.0609375 0.0583333
1 0.510547 0.459375 0.0078125 0.0256944
1 0.259375 0.301736 0.00703125 0.0236111
1 0.576563 0.349653 0.0703125 0.0638889
1 0.272461 0.34592 0.00703125 0.0234375
0 0.374609 0.229861 0.0226563 0.0555556
1 0.222266 0.595139 0.0078125 0.0180556
0 0.0510254 0.180208 0.0493164 0.0628472
1 0.9625 0.0351997 0.015625 0.0337674
0 0.283594 0.178863 0.0359375 0.107552
0 0.509375 0.460764 0.0109375 0.0284722
1 0.858594 0.31684 0.034375 0.0961806
1 0.290234 0.156944 0.0148437 0.0583333
0 0.499609 0.467361 0.0328125 0.0451389
0 0.4875 0.472917 0.0546875 0.0569444
0 0.274609 0.170486 0.0445312 0.0888889
1 0.510156 0.462153 0.009375 0.03125
0 0.344922 0.19197 0.0335938 0.112587
1 0.810938 0.334375 0.0109375 0.0180556
0 0.357227 0.214931 0.0472656 0.0895833
1 0.285156 0.386111 0.00585938 0.0194444
0 0.272656 0.184418 0.0496094 0.117969
2 0.98125 0.345833 0.0375 0.102778
0 0.485156 0.479861 0.065625 0.0722222
0 0.375 0.22309 0.0195312 0.0427083
0 0.374219 0.240625 0.0257812 0.0791667
1 0.221875 0.59375 0.00898437 0.0236111
1 0.385547 0.0150174 0.0265625 0.0282986
1 0.110937 0.416319 0.0158203 0.0340278
0 0.502344 0.461806 0.0265625 0.0333333
1 0.551953 0.499306 0.0210938 0.0569444
0 0.510547 0.459375 0.0078125 0.0256944
0 0.505469 0.464583 0.01875 0.0375
1 0.0259033 0.441667 0.00957031 0.0180556
0 0.291797 0.153819 0.0136719 0.0465278
0 0.377148 0.237674 0.0238281 0.0690972
1 0.315234 0.00915799 0.0226563 0.018316
0 0.372266 0.247222 0.034375 0.0923611
1 0.287109 0.160156 0.0207031 0.0678819
0 0.222266 0.595139 0.0078125 0.0180556
0 0.505078 0.470139 0.0234375 0.05
0 0.361719 0.2375 0.0492188 0.0798611
1 0.347266 0.168229 0.0253906 0.0670139
1 0.0798828 0.518056 0.00722656 0.0152778
0 0.0514526 0.170486 0.051001 0.0409722
1 0.972656 0.0380317 0.0375 0.0407769
1 0.789844 0.8125 0.0796875 0.0972222
0 0.64375 0.458681 0.0125 0.01875
1 0.505469 0.464583 0.01875 0.0375
1 0.291797 0.153819 0.0136719 0.0465278
1 0.746094 0.686111 0.00625 0.0166667
1 0.287891 0.153125 0.0179687 0.0520833
0 0.789844 0.8125 0.078125 0.0972222
0 0.576563 0.350087 0.0703125 0.0637153
0 0.3125 0.174002 0.0351562 0.0922743
0 0.578906 0.284549 0.0609375 0.0586806
0 0.567969 0.428819 0.0640625 0.0618056
0 0.858594 0.317361 0.034375 0.0965278
0 0.666016 0.265972 0.03125 0.0920139
0 0.578906 0.498611 0.075 0.0583333
0 0.741406 0.291667 0.0328125 0.09375
0 0.98125 0.345052 0.0375 0.101562
0 0.385547 0.0151964 0.0273438 0.0280273
0 0.703906 0.275694 0.03125 0.0951389
0 0.315234 0.00913628 0.0226563 0.0174913
0 0.347461 0.164757 0.0257812 0.0586806
1 0.703906 0.275174 0.03125 0.0951389
0 0.345703 0.176736 0.0289063 0.0836806
0 0.285547 0.161111 0.0226563 0.0690972
1 0.741406 0.29184 0.0328125 0.0940972
1 0.982031 0.345833 0.0359375 0.102083
1 0.666016 0.265799 0.0304688 0.0920139
0 0.2875 0.154948 0.0195312 0.0560764
1 0.578906 0.498264 0.075 0.0590278
0 0.28125 0.167014 0.0320312 0.084375
1 0.244922 0.25434 0.00703125 0.0239583
1 0.567969 0.428472 0.0640625 0.0611111
0 0.374805 0.229167 0.0222656 0.0534722
1 0.259375 0.301736 0.00703125 0.0232639
0 0.28418 0.177821 0.0332031 0.104774
1 0.272461 0.345833 0.00703125 0.0229167
1 0.579297 0.284201 0.0601562 0.0583333
1 0.9625 0.0351997 0.015625 0.0330729
1 0.510547 0.459722 0.0078125 0.025
1 0.222266 0.595833 0.0078125 0.0166667
0 0.375 0.22309 0.0199219 0.0427083
0 0.317578 0.0107422 0.0273438 0.019401
1 0.857813 0.317014 0.034375 0.0958333
0 0.0509766 0.180252 0.0494141 0.0624132
0 0.374805 0.240278 0.025 0.0784722
0 0.274609 0.181944 0.0453125 0.112847
0 0.344531 0.192882 0.034375 0.115625
0 0.286133 0.171484 0.0261719 0.0917535
0 0.355859 0.211111 0.046875 0.0986111
1 0.285156 0.385764 0.00585938 0.01875
1 0.576172 0.349653 0.0703125 0.0638889
1 0.810938 0.334375 0.0109375 0.0180556
0 0.291016 0.156424 0.015625 0.0538194
0 0.509766 0.460417 0.0109375 0.0284722
2 0.982031 0.345833 0.0359375 0.102083
1 0.110937 0.419444 0.0140625 0.0291667
0 0.487891 0.470486 0.0546875 0.0520833
1 0.385547 0.0149794 0.0265625 0.0278537
0 0.372656 0.246528 0.0328125 0.0909722
1 0.289062 0.159115 0.0179687 0.0640625
1 0.510156 0.461806 0.009375 0.0305556
0 0.361719 0.238542 0.0492188 0.0819444
0 0.484766 0.478819 0.0648438 0.06875
1 0.971875 0.0378906 0.0375 0.0393229
0 0.496094 0.467708 0.0398437 0.0444444
0 0.510547 0.459722 0.0078125 0.025
0 0.5 0.461458 0.0296875 0.0326389
1 0.110742 0.415278 0.015625 0.0361111
1 0.0257812 0.441667 0.00932617 0.0180556
0 0.26875 0.203776 0.0617188 0.160503
1 0.22207 0.590278 0.00898437 0.0277778
1 0.553125 0.495139 0.0234375 0.0486111
0 0.375391 0.218229 0.0164062 0.0322917
1 0.0798828 0.518056 0.00742187 0.0152778
1 0.292188 0.163889 0.0140625 0.0690972
0 0.0512207 0.170312 0.0508789 0.0399306
1 0.753125 0.497917 0.00625 0.0111111
1 0.396875 0.288715 0.0078125 0.0107639
1 0.290625 0.555556 0.00859375 0.0208333
1 0.347266 0.163368 0.0257812 0.0552083
0 0.292188 0.163889 0.0140625 0.0690972
0 0.64375 0.458333 0.0125 0.0194444
0 0.244922 0.25434 0.00703125 0.0239583
0 0.971875 0.0378906 0.0375 0.0393229
0 0.352344 0.167187 0.0210938 0.0590278
0 0.789844 0.8125 0.078125 0.0972222
0 0.576563 0.349653 0.0703125 0.0631944
0 0.3125 0.174349 0.0351562 0.0929687
0 0.567969 0.428819 0.0640625 0.0618056
0 0.578906 0.284375 0.0609375 0.0583333
0 0.858594 0.317361 0.034375 0.0965278
0 0.666016 0.265972 0.03125 0.0920139
0 0.578906 0.498264 0.075 0.0583333
0 0.98125 0.345486 0.0375 0.101389
0 0.741406 0.291667 0.0328125 0.09375
0 0.385547 0.0152561 0.0273438 0.028125
0 0.703906 0.275694 0.03125 0.0951389
0 0.315234 0.00883246 0.0226563 0.0175347
0 0.347461 0.165451 0.0257812 0.0604167
1 0.703906 0.275347 0.03125 0.0951389
0 0.346289 0.176563 0.0285156 0.0833333
0 0.285547 0.161285 0.0226563 0.0694444
1 0.741406 0.291667 0.0320312 0.0944444
0 0.287305 0.155208 0.0199219 0.0565972
1 0.98125 0.345486 0.0375 0.102083
1 0.666016 0.265799 0.0304688 0.0920139
0 0.28125 0.166319 0.0320312 0.0829861
1 0.244922 0.253646 0.00703125 0.0229167
1 0.578906 0.497917 0.075 0.0583333
1 0.9625 0.0352865 0.015625 0.0327257
0 0.283594 0.177387 0.0335938 0.103559
0 0.374609 0.229861 0.021875 0.0548611
1 0.259375 0.301736 0.00703125 0.0229167
1 0.567969 0.428472 0.0640625 0.0611111
1 0.578906 0.284028 0.0609375 0.0579861
1 0.510547 0.459375 0.0078125 0.025
1 0.857813 0.317014 0.034375 0.0958333
1 0.272461 0.345747 0.00703125 0.0223958
0 0.272656 0.180252 0.05 0.109635
0 0.317578 0.0107747 0.0273438 0.0193793
0 0.285742 0.171918 0.0253906 0.0922743
0 0.375 0.239236 0.025 0.0763889
0 0.375 0.223438 0.0195312 0.0434028
0 0.344531 0.191667 0.0335938 0.112847
0 0.0508789 0.180382 0.0494141 0.0621528
0 0.488281 0.469444 0.0539063 0.05
0 0.509766 0.460417 0.0109375 0.0277778
1 0.110937 0.418403 0.0148437 0.03125
1 0.222266 0.595833 0.0078125 0.0159722
0 0.29082 0.156944 0.0160156 0.0552083
0 0.355859 0.209071 0.0445312 0.096441
2 0.98125 0.345486 0.0375 0.102083
1 0.810938 0.334375 0.0125 0.0180556
1 0.971875 0.0378906 0.0359375 0.0386285
1 0.385547 0.014936 0.0265625 0.0280273
1 0.285156 0.385764 0.00585938 0.0180556
1 0.576172 0.349306 0.0703125 0.0638889
0 0.485156 0.477778 0.0640625 0.0673611
0 0.496875 0.467361 0.0375 0.0444444
1 0.510156 0.461806 0.009375 0.0305556
0 0.5 0.461111 0.0296875 0.0319444
0 0.372656 0.246007 0.0328125 0.0902778
0 0.267383 0.202734 0.0644531 0.15842
1 0.288672 0.159549 0.0179687 0.0649306
1 0.221875 0.59375 0.00898437 0.0208333
0 0.510547 0.459375 0.0078125 0.025
0 0.362109 0.2375 0.0476562 0.0784722
0 0.971875 0.0378906 0.0359375 0.0386285
1 0.109082 0.415625 0.0197266 0.0375
1 0.396875 0.288542 0.0078125 0.0104167
1 0.0258301 0.441667 0.009375 0.0180556
0 0.975 0.0408963 0.04375 0.0468533
0 0.291992 0.164062 0.0148437 0.0694444
1 0.746094 0.686111 0.00625 0.0166667
0 0.352344 0.167187 0.0210938 0.0597222
1 0.0798828 0.518056 0.00751953 0.0152778
0 0.963281 0.0367296 0.015625 0.036263
0 0.0512207 0.170486 0.0508789 0.0395833
1 0.291992 0.164062 0.0148437 0.0694444
1 0.967969 0.0355903 0.025 0.0354167
1 0.347266 0.163368 0.0257812 0.0552083
0 0.375391 0.217708 0.0164062 0.03125
0 0.789844 0.8125 0.078125 0.0972222
0 0.576563 0.349653 0.0703125 0.0631944
0 0.567969 0.428472 0.0640625 0.0611111
0 0.3125 0.174132 0.0351562 0.0930556
0 0.579297 0.284375 0.0609375 0.0583333
0 0.858594 0.317361 0.034375 0.0965278
0 0.666016 0.265972 0.03125 0.0920139
0 0.578516 0.497917 0.075 0.0576389
0 0.741406 0.291493 0.0328125 0.0940972
0 0.98125 0.345486 0.0375 0.101389
0 0.385547 0.0152398 0.0273438 0.0281141
0 0.703906 0.275521 0.03125 0.0954861
0 0.315234 0.00881076 0.0226563 0.0173611
0 0.347656 0.165538 0.0257812 0.0602431
0 0.346484 0.176693 0.028125 0.0834201
1 0.703906 0.275347 0.03125 0.0951389
0 0.285742 0.16059 0.0222656 0.0680556
1 0.741406 0.29184 0.0328125 0.0940972
1 0.666406 0.265625 0.03125 0.0916667
1 0.98125 0.345486 0.0375 0.102083
0 0.281836 0.16671 0.0304688 0.083941
1 0.244922 0.25434 0.00703125 0.0236111
1 0.9625 0.0352539 0.015625 0.0327908
0 0.284375 0.177778 0.0320312 0.105208
1 0.259375 0.301736 0.00703125 0.0229167
0 0.374609 0.228125 0.021875 0.0517361
1 0.857813 0.317014 0.034375 0.0958333
1 0.510547 0.459028 0.0078125 0.025
1 0.578906 0.284028 0.0609375 0.0576389
1 0.578906 0.497917 0.075 0.0583333
0 0.272266 0.181641 0.05 0.112413
0 0.285547 0.172049 0.025 0.0927083
1 0.272461 0.345833 0.00703125 0.0222222
1 0.567969 0.428472 0.0640625 0.0604167
0 0.345313 0.190278 0.0328125 0.109028
0 0.317578 0.0108398 0.0273438 0.0192057
0 0.285742 0.152344 0.0191406 0.0522569
1 0.110742 0.418056 0.0148437 0.0319444
0 0.374609 0.238021 0.0257812 0.0739583
1 0.810938 0.334375 0.0125 0.0180556
0 0.4875 0.469444 0.0546875 0.05
0 0.375 0.222917 0.01875 0.0423611
0 0.509375 0.460417 0.0109375 0.0277778
0 0.0510864 0.180165 0.0491943 0.0618924
0 0.355469 0.207292 0.0429688 0.0920139
1 0.385547 0.0149306 0.0265625 0.027908
1 0.974219 0.0381944 0.040625 0.0394097
0 0.484375 0.477778 0.065625 0.0666667
0 0.290625 0.156771 0.0164062 0.0552083
2 0.98125 0.345486 0.0375 0.102083
0 0.267773 0.206424 0.0636719 0.165625
1 0.285156 0.385764 0.00546875 0.0180556
0 0.500781 0.461111 0.028125 0.0319444
1 0.510156 0.461806 0.009375 0.0305556
1 0.576172 0.349392 0.0703125 0.0637153
1 0.746094 0.686458 0.00625 0.0159722
0 0.510547 0.459028 0.0078125 0.025
0 0.498437 0.466667 0.0351562 0.0430556
1 0.222266 0.595833 0.0078125 0.0166667
0 0.37207 0.245833 0.0347656 0.0895833
1 0.288672 0.159462 0.0179687 0.0651042
1 0.10918 0.415278 0.0195312 0.0375
0 0.974219 0.0381944 0.040625 0.0394097
1 0.0798828 0.518056 0.00742187 0.0152778
0 0.352344 0.167405 0.021875 0.0603299
1 0.0257812 0.441319 0.009375 0.0180556
0 0.478906 0.470486 0.0726563 0.0583333
0 0.361719 0.23559 0.0476562 0.0746528
0 0.37832 0.223611 0.0175781 0.0430556
1 0.396875 0.288542 0.0078125 0.0104167
1 0.807813 0.333681 0.0171875 0.0211806
0 0.963281 0.0368924 0.015625 0.0368056
0 0.810938 0.334375 0.0125 0.0180556
0 0.0512207 0.169792 0.0504883 0.0385417
0 0.940625 0.802083 0.0171875 0.0458333
1 0.967969 0.0355143 0.025 0.0355686
1 0.347461 0.163194 0.0257812 0.0545139
0 0.292188 0.164323 0.0148437 0.0703125
1 0.292188 0.164323 0.0148437 0.0703125
0 0.789844 0.8125 0.078125 0.0972222
0 0.576563 0.349306 0.0703125 0.0631944
0 0.567969 0.428472 0.0640625 0.0611111
0 0.3125 0.174132 0.0351562 0.0930556
0 0.578906 0.284201 0.0609375 0.0579861
0 0.666016 0.265799 0.03125 0.0920139
0 0.578516 0.497917 0.075 0.0576389
0 0.858594 0.317014 0.034375 0.0965278
0 0.741406 0.291493 0.0328125 0.0940972
0 0.98125 0.345486 0.0375 0.101389
0 0.385547 0.0152344 0.0273438 0.028125
0 0.703906 0.275694 0.03125 0.0951389
0 0.315234 0.00878906 0.0226563 0.0174045
0 0.347656 0.165799 0.0257812 0.0607639
0 0.34668 0.175998 0.0277344 0.0820312
0 0.285547 0.159983 0.021875 0.0668403
1 0.703906 0.275174 0.03125 0.0951389
1 0.741406 0.29184 0.0328125 0.0940972
1 0.982031 0.345486 0.0359375 0.102083
0 0.282031 0.166406 0.0296875 0.0831597
1 0.244922 0.253646 0.00703125 0.0229167
1 0.666016 0.265625 0.03125 0.0916667
1 0.858594 0.317014 0.034375 0.0958333
1 0.9625 0.0352322 0.015625 0.0328342
0 0.284375 0.177431 0.03125 0.104167
1 0.25957 0.301736 0.00703125 0.0229167
0 0.374609 0.227257 0.021875 0.05
0 0.272266 0.180556 0.05 0.110417
1 0.272656 0.345833 0.00703125 0.0222222
1 0.578906 0.497917 0.075 0.0583333
0 0.274219 0.168229 0.0453125 0.084375
1 0.567969 0.428472 0.0640625 0.0604167
1 0.510547 0.459375 0.0078125 0.025
0 0.345313 0.189193 0.0320312 0.107031
0 0.317578 0.0107639 0.0273438 0.0192274
1 0.578906 0.283681 0.0609375 0.0576389
0 0.285742 0.152257 0.0191406 0.0524306
1 0.110742 0.418056 0.0148437 0.0326389
0 0.374609 0.237847 0.0257812 0.0729167
0 0.376563 0.220833 0.0164062 0.0375
0 0.486719 0.469444 0.05625 0.05
1 0.746094 0.686111 0.00625 0.0166667
0 0.509375 0.460417 0.0109375 0.0284722
0 0.355469 0.206771 0.0421875 0.0892361
2 0.982031 0.345486 0.0359375 0.102083
0 0.051123 0.180208 0.0491211 0.0618056
1 0.810938 0.334375 0.0125 0.0177083
0 0.267969 0.206554 0.0632813 0.165365
1 0.975 0.0380642 0.040625 0.0395833
1 0.285156 0.385764 0.00546875 0.0180556
1 0.385547 0.0148872 0.0265625 0.0280382
0 0.290625 0.156597 0.0164062 0.0548611
0 0.483984 0.477083 0.065625 0.0666667
1 0.222266 0.595833 0.0078125 0.0159722
1 0.510156 0.461806 0.009375 0.0305556
0 0.5 0.461111 0.0296875 0.0326389
1 0.576172 0.349306 0.0703125 0.0631944
0 0.352148 0.167361 0.0214844 0.0607639
1 0.0798828 0.518056 0.00742187 0.0152778
0 0.372266 0.24566 0.034375 0.0888889
1 0.109082 0.415625 0.0193359 0.0375
0 0.975 0.0380642 0.040625 0.0395833
0 0.510547 0.459375 0.0078125 0.025
1 0.0257812 0.441667 0.00947266 0.0180556
0 0.498047 0.467014 0.0359375 0.04375
0 0.478516 0.470139 0.0726563 0.0583333
0 0.963281 0.036849 0.015625 0.037066
0 0.361719 0.235243 0.0476562 0.0732639
1 0.967188 0.0353407 0.025 0.035395
1 0.288281 0.159635 0.01875 0.0657986
1 0.396875 0.288715 0.0078125 0.0107639
0 0.789844 0.8125 0.078125 0.0972222
0 0.576563 0.349219 0.0703125 0.0626736
0 0.567969 0.428472 0.0640625 0.0611111
0 0.578906 0.284028 0.0609375 0.0579861
0 0.3125 0.174132 0.0351562 0.0927083
0 0.666016 0.265625 0.03125 0.0916667
0 0.578516 0.497917 0.075 0.0583333
0 0.858594 0.317014 0.034375 0.0965278
0 0.741406 0.291319 0.0328125 0.09375
0 0.98125 0.345139 0.0375 0.102083
0 0.703906 0.275694 0.03125 0.0951389
0 0.385547 0.0152344 0.0265625 0.0280816
0 0.315234 0.00878906 0.0226563 0.0174045
0 0.347656 0.166146 0.0257812 0.0614583
0 0.285547 0.159635 0.021875 0.0661458
1 0.741406 0.29184 0.0328125 0.0940972
1 0.982031 0.345486 0.0359375 0.102083
1 0.703906 0.275 0.03125 0.0951389
0 0.282422 0.166146 0.0289063 0.0826389
1 0.244922 0.253646 0.00703125 0.0229167
1 0.858594 0.317014 0.034375 0.0958333
0 0.347266 0.175521 0.028125 0.0805556
0 0.284375 0.177257 0.03125 0.103472
1 0.259766 0.301736 0.00703125 0.0229167
1 0.9625 0.0352431 0.015625 0.0329861
0 0.375391 0.225 0.0203125 0.0451389
1 0.666016 0.265625 0.03125 0.0916667
1 0.272656 0.345833 0.00703125 0.0222222
0 0.272266 0.180382 0.0503906 0.109722
0 0.274023 0.167882 0.0457031 0.0833333
1 0.578906 0.497917 0.075 0.0583333
0 0.375 0.237326 0.025 0.071875
0 0.345703 0.189063 0.0320312 0.10625
1 0.510547 0.459375 0.0078125 0.025
0 0.317578 0.0107639 0.0265625 0.0191406
1 0.567969 0.428125 0.0640625 0.0604167
1 0.110742 0.418056 0.0148437 0.0326389
0 0.285547 0.152431 0.0195312 0.0524306
0 0.376563 0.220833 0.0164062 0.0375
2 0.982031 0.345486 0.0359375 0.102083
1 0.579297 0.283681 0.0601562 0.0569444
0 0.0511719 0.180208 0.0490234 0.0618056
1 0.746094 0.686458 0.00625 0.0166667
0 0.267969 0.20625 0.0628906 0.164583
0 0.356055 0.20829 0.0417969 0.084809
0 0.509375 0.460764 0.0109375 0.0284722
0 0.486719 0.469444 0.05625 0.0506944
1 0.385547 0.0148872 0.0265625 0.0280382
1 0.285352 0.386111 0.00546875 0.0180556
0 0.290625 0.15625 0.0164062 0.0541667
1 0.975 0.0382921 0.04375 0.0402561
1 0.810938 0.334375 0.0125 0.0173611
1 0.964063 0.0362847 0.021875 0.0375
0 0.483984 0.477083 0.065625 0.0659722
0 0.372656 0.245486 0.0328125 0.0881944
0 0.352148 0.167318 0.0214844 0.0605035
1 0.222266 0.595833 0.0078125 0.0159722
1 0.0799316 0.518056 0.00732422 0.0152778
1 0.510156 0.461806 0.009375 0.0305556
1 0.0258057 0.441667 0.00957031 0.0180556
1 0.108984 0.415625 0.0195312 0.0375
0 0.5 0.461458 0.0296875 0.0333333
0 0.975 0.0382921 0.04375 0.0402561
0 0.510547 0.459375 0.0078125 0.025
1 0.396875 0.288889 0.00859375 0.0111111
0 0.498437 0.467361 0.034375 0.0444444
0 0.362109 0.235243 0.046875 0.071875
0 0.964063 0.0369032 0.015625 0.0374783
1 0.576563 0.349306 0.0703125 0.0631944
0 0.940625 0.802083 0.0171875 0.0458333
0 0.375391 0.216667 0.015625 0.0291667
0 0.372656 0.231076 0.0234375 0.0579861
1 0.753125 0.497917 0.00703125 0.0118056
0 0.478125 0.470139 0.0734375 0.0583333
0 0.291992 0.164323 0.0144531 0.0699653
0 0.377344 0.229861 0.0210938 0.0555556
0 0.789844 0.8125 0.078125 0.0972222
0 0.576563 0.349219 0.0703125 0.0626736
0 0.567969 0.428472 0.0640625 0.0618056
0 0.578906 0.284028 0.0609375 0.0579861
0 0.3125 0.174002 0.0351562 0.0929687
0 0.666016 0.265625 0.03125 0.0916667
0 0.578516 0.497917 0.075 0.0583333
0 0.858594 0.317014 0.034375 0.0965278
0 0.98125 0.345139 0.0375 0.102083
0 0.741406 0.291493 0.0328125 0.0940972
0 0.385547 0.0152127 0.0265625 0.028125
0 0.703906 0.275694 0.03125 0.0951389
0 0.315234 0.00878906 0.0226563 0.0174045
0 0.347656 0.166059 0.025 0.0612847
0 0.285547 0.159288 0.021875 0.0654514
0 0.346875 0.175391 0.0273438 0.0811632
1 0.741406 0.291667 0.0328125 0.09375
1 0.703906 0.275174 0.03125 0.0947917
1 0.982031 0.345486 0.0359375 0.102083
0 0.282813 0.165885 0.028125 0.0817708
1 0.244922 0.253646 0.00703125 0.0225694
1 0.858594 0.317014 0.034375 0.0958333
0 0.375586 0.225 0.0203125 0.0451389
1 0.259766 0.301736 0.00703125 0.0229167
1 0.666016 0.265625 0.03125 0.0916667
1 0.9625 0.0352431 0.015625 0.0328125
0 0.27207 0.180859 0.0507812 0.110503
1 0.272656 0.345833 0.00703125 0.0222222
0 0.274023 0.167752 0.0457031 0.0832465
0 0.375 0.236806 0.0242187 0.0708333
1 0.567969 0.428125 0.0640625 0.0604167
1 0.578906 0.497917 0.075 0.0583333
1 0.510547 0.459375 0.0078125 0.025
1 0.110742 0.418056 0.0148437 0.0326389
0 0.317578 0.0107639 0.0265625 0.0190972
0 0.376563 0.221181 0.0164062 0.0375
0 0.345703 0.189193 0.0320312 0.105642
2 0.982031 0.345486 0.0359375 0.102083
0 0.0512207 0.180208 0.0489258 0.0618056
0 0.267773 0.206207 0.0628906 0.16467
0 0.509375 0.460764 0.0109375 0.0284722
1 0.746094 0.686458 0.00625 0.0166667
1 0.579297 0.283507 0.0601562 0.0572917
0 0.357422 0.211285 0.0414063 0.078125
0 0.4875 0.469792 0.0546875 0.0513889
1 0.385547 0.0148655 0.0265625 0.0280816
1 0.285352 0.386111 0.00546875 0.0180556
0 0.29043 0.156337 0.0164062 0.0543403
0 0.372852 0.245139 0.0324219 0.0881944
1 0.975781 0.0383572 0.04375 0.0401259
1 0.9625 0.0375434 0.01875 0.0398437
1 0.108984 0.415625 0.0195312 0.0375
1 0.0258301 0.441667 0.00957031 0.0180556
1 0.965625 0.0363607 0.021875 0.0375217
1 0.810938 0.334549 0.0125 0.0173611
1 0.510156 0.461806 0.009375 0.0305556
0 0.351953 0.167318 0.0210938 0.0605035
1 0.222266 0.595833 0.00742187 0.0159722
0 0.483984 0.477083 0.0648438 0.0666667
1 0.0799316 0.518056 0.00732422 0.0152778
1 0.396875 0.288889 0.0078125 0.0111111
0 0.510547 0.459375 0.0078125 0.025
0 0.500781 0.461458 0.028125 0.0340278
0 0.975781 0.0383572 0.04375 0.0401259
0 0.3625 0.235417 0.0460938 0.0708333
0 0.375391 0.21684 0.015625 0.0291667
0 0.372656 0.230903 0.0234375 0.0576389
0 0.291797 0.164149 0.0140625 0.0696181
1 0.576563 0.349306 0.0703125 0.0631944
0 0.372656 0.221528 0.0195312 0.0388889
0 0.499609 0.467361 0.0328125 0.0444444
0 0.940625 0.802778 0.0171875 0.0472222
0 0.492188 0.477083 0.0515625 0.0611111
0 0.377344 0.230035 0.0210938 0.0555556
0 0.789844 0.8125 0.078125 0.0972222
0 0.576563 0.349306 0.0703125 0.0631944
0 0.567969 0.428472 0.0640625 0.0611111
0 0.578906 0.284028 0.0609375 0.0576389
0 0.3125 0.174132 0.0351562 0.0927083
0 0.665625 0.265799 0.03125 0.0920139
0 0.578906 0.497917 0.075 0.0583333
0 0.858594 0.317014 0.034375 0.0965278
0 0.98125 0.345139 0.0375 0.102083
0 0.741406 0.291493 0.0328125 0.0940972
0 0.385547 0.0151964 0.0273438 0.0280273
0 0.703906 0.275694 0.03125 0.0951389
0 0.315234 0.00878906 0.0226563 0.0174045
0 0.347656 0.165972 0.025 0.0611111
0 0.285547 0.159288 0.021875 0.0654514
0 0.34668 0.175347 0.0273438 0.0809028
1 0.741406 0.291667 0.0328125 0.09375
1 0.703906 0.275174 0.03125 0.0947917
1 0.982031 0.345486 0.0359375 0.102083
0 0.282813 0.165799 0.028125 0.0815972
1 0.244922 0.253646 0.00703125 0.0225694
1 0.858594 0.317014 0.034375 0.0958333
0 0.374609 0.22691 0.0210938 0.0489583
1 0.259766 0.301736 0.00703125 0.0225694
1 0.666016 0.265625 0.03125 0.0916667
0 0.272266 0.180946 0.0503906 0.111024
1 0.9625 0.0352431 0.015625 0.0327257
1 0.272656 0.345833 0.00703125 0.0222222
0 0.274219 0.167665 0.0453125 0.0827257
0 0.375195 0.236806 0.0242187 0.0708333
1 0.567969 0.428125 0.0640625 0.0604167
1 0.510547 0.459722 0.0078125 0.025
1 0.578906 0.497917 0.075 0.0583333
1 0.110742 0.418056 0.0148437 0.0326389
0 0.376563 0.221007 0.0164062 0.0375
0 0.317578 0.0107422 0.0265625 0.0190104
0 0.345703 0.18941 0.0316406 0.105556
0 0.0512207 0.180208 0.0489258 0.0618056
0 0.267969 0.206597 0.0625 0.165278
2 0.982031 0.345486 0.0359375 0.102083
0 0.509766 0.460764 0.0109375 0.0284722
0 0.357812 0.211806 0.040625 0.0770833
1 0.746094 0.686806 0.00625 0.0166667
1 0.385547 0.014822 0.0265625 0.028125
1 0.579297 0.283507 0.0601562 0.0572917
0 0.4875 0.470139 0.0546875 0.0513889
0 0.372852 0.245139 0.0316406 0.0881944
1 0.285352 0.386111 0.00546875 0.0180556
0 0.29043 0.156424 0.0164062 0.0545139
1 0.510156 0.461806 0.009375 0.0305556
1 0.0258057 0.441667 0.00961914 0.0180556
1 0.222266 0.595833 0.00742187 0.0159722
1 0.108984 0.415625 0.0195312 0.0375
0 0.352148 0.167318 0.0210938 0.0605035
1 0.975 0.0380968 0.040625 0.0392578
1 0.0798828 0.518056 0.00722656 0.0152778
0 0.483984 0.477778 0.0648438 0.0680556
1 0.810938 0.334549 0.0125 0.0173611
1 0.964063 0.0361979 0.0203125 0.0368924
1 0.396875 0.288889 0.0078125 0.0111111
0 0.510547 0.459722 0.0078125 0.025
0 0.375391 0.21684 0.015625 0.0291667
0 0.3625 0.23559 0.0460938 0.0711806
0 0.291797 0.164149 0.0140625 0.0696181
0 0.501172 0.461806 0.0273438 0.0347222
0 0.372656 0.221528 0.0195312 0.0388889
1 0.753125 0.497917 0.00703125 0.0118056
0 0.5 0.467708 0.03125 0.0451389
0 0.975 0.0380968 0.040625 0.0392578
1 0.576172 0.349306 0.0703125 0.0631944
0 0.270898 0.228125 0.0699219 0.213194
0 0.492578 0.477083 0.0515625 0.0611111
0 0.789844 0.8125 0.078125 0.0972222
0 0.576563 0.349306 0.0703125 0.0631944
0 0.567969 0.428472 0.0640625 0.0618056
0 0.578906 0.283854 0.0609375 0.0579861
0 0.3125 0.173958 0.0351562 0.0927083
0 0.665625 0.265799 0.03125 0.0920139
0 0.578906 0.497917 0.075 0.0583333
0 0.858594 0.317014 0.034375 0.0965278
0 0.741406 0.291493 0.0328125 0.0940972
0 0.98125 0.345139 0.0375 0.102083
0 0.385547 0.0151855 0.0273438 0.028049
0 0.703906 0.275694 0.03125 0.0951389
0 0.315234 0.00881076 0.0226563 0.0173611
0 0.347656 0.165799 0.025 0.0607639
0 0.285547 0.159462 0.021875 0.0657986
0 0.346875 0.175347 0.0273438 0.0809028
1 0.703906 0.275174 0.03125 0.0947917
1 0.741406 0.291667 0.0328125 0.09375
1 0.98125 0.345486 0.0375 0.102083
0 0.282813 0.165885 0.028125 0.0817708
1 0.244922 0.253472 0.00703125 0.0222222
1 0.858594 0.317014 0.034375 0.0965278
0 0.374609 0.227083 0.0210938 0.0493056
1 0.259766 0.301736 0.00703125 0.0225694
0 0.272266 0.180946 0.05 0.111024
1 0.666016 0.265625 0.03125 0.0916667
1 0.9625 0.0352865 0.015625 0.0327257
0 0.274219 0.167665 0.0453125 0.0827257
1 0.272656 0.345833 0.00703125 0.0222222
0 0.375195 0.237153 0.0242187 0.0715278
1 0.510547 0.459722 0.0078125 0.025
0 0.375 0.222396 0.0179687 0.0409722
1 0.567969 0.428125 0.0640625 0.0604167
1 0.110742 0.418056 0.0148437 0.0333333
1 0.578906 0.497917 0.075 0.0583333
0 0.317578 0.0107205 0.0265625 0.0190104
0 0.377734 0.224306 0.01875 0.0430556
0 0.267969 0.20625 0.0625 0.164236
0 0.345703 0.18928 0.0316406 0.105469
0 0.0511597 0.180208 0.0488525 0.0618056
2 0.98125 0.345486 0.0375 0.102083
0 0.509766 0.460764 0.0109375 0.0284722
1 0.746094 0.686458 0.00625 0.0173611
0 0.357812 0.211632 0.040625 0.0767361
0 0.487109 0.470139 0.0554687 0.0513889
1 0.385547 0.0147786 0.0265625 0.028125
1 0.510156 0.461806 0.009375 0.0305556
0 0.373047 0.245486 0.03125 0.0881944
1 0.579297 0.283507 0.0601562 0.0572917
1 0.285352 0.385764 0.00546875 0.0173611
1 0.0257812 0.441667 0.00966797 0.0180556
0 0.29043 0.156597 0.0164062 0.0548611
1 0.108984 0.415625 0.0195312 0.0375
1 0.973437 0.0378906 0.0375 0.0387153
0 0.352148 0.167057 0.0210938 0.0603299
0 0.483594 0.477778 0.065625 0.0680556
0 0.510547 0.459722 0.0078125 0.025
1 0.222266 0.595833 0.00742187 0.0152778
1 0.810938 0.334549 0.0125 0.0173611
1 0.0799316 0.518056 0.00722656 0.0145833
1 0.396875 0.288889 0.0078125 0.0111111
0 0.375391 0.216667 0.015625 0.0291667
1 0.753125 0.497917 0.00625 0.0118056
0 0.501562 0.461806 0.0265625 0.0340278
0 0.291797 0.164236 0.0140625 0.0697917
0 0.362695 0.236111 0.0457031 0.0715278
0 0.500781 0.467361 0.0304688 0.0444444
0 0.491797 0.477083 0.0523437 0.0611111
0 0.973437 0.0378906 0.0375 0.0387153
0 0.789844 0.8125 0.078125 0.0972222
0 0.576563 0.349306 0.0703125 0.0631944
0 0.567969 0.428472 0.0640625 0.0611111
0 0.578906 0.283854 0.0609375 0.0579861
0 0.3125 0.173958 0.0351562 0.0927083
0 0.666016 0.265625 0.03125 0.0916667
0 0.578906 0.497917 0.075 0.0583333
0 0.858594 0.317014 0.034375 0.0965278
0 0.741406 0.291319 0.0328125 0.0944444
0 0.98125 0.345139 0.0375 0.102083
0 0.385547 0.0151042 0.0265625 0.0282118
0 0.703906 0.275 0.03125 0.0958333
0 0.315234 0.00881076 0.0226563 0.0173611
0 0.347656 0.165799 0.025 0.0604167
0 0.285547 0.159462 0.021875 0.0657986
0 0.346875 0.175304 0.0273438 0.0806424
1 0.741406 0.29184 0.0328125 0.0940972
1 0.703906 0.275174 0.03125 0.0947917
1 0.98125 0.345486 0.0375 0.102083
0 0.282813 0.165799 0.028125 0.0815972
1 0.244922 0.253472 0.00703125 0.0222222
1 0.858594 0.317014 0.034375 0.0965278
0 0.374609 0.227083 0.0210938 0.0493056
1 0.259766 0.301736 0.00703125 0.0222222
0 0.271875 0.180903 0.0507812 0.110764
1 0.9625 0.0353299 0.015625 0.0327257
0 0.273828 0.167405 0.0460938 0.0825521
1 0.666016 0.265625 0.03125 0.0916667
1 0.272656 0.34592 0.00703125 0.0220486
1 0.510547 0.459722 0.0078125 0.025
0 0.375391 0.2375 0.0242187 0.0715278
0 0.375 0.222222 0.0179687 0.0402778
1 0.567969 0.428125 0.0640625 0.0604167
1 0.110742 0.418403 0.0148437 0.0326389
0 0.317578 0.0107096 0.0265625 0.0189453
1 0.578906 0.497917 0.075 0.0583333
0 0.267578 0.205903 0.0625 0.163889
0 0.0511719 0.180208 0.0488281 0.0618056
0 0.377734 0.224306 0.01875 0.0430556
2 0.98125 0.345486 0.0375 0.102083
0 0.345703 0.189193 0.03125 0.104948
0 0.509766 0.461111 0.0109375 0.0291667
1 0.510156 0.462153 0.009375 0.03125
0 0.486719 0.470833 0.05625 0.0527778
0 0.357812 0.210417 0.0398437 0.0770833
1 0.746094 0.686458 0.00625 0.0173611
1 0.385547 0.0147786 0.0265625 0.0282118
0 0.373047 0.245486 0.03125 0.0881944
1 0.285352 0.385764 0.00546875 0.0173611
1 0.0258057 0.441667 0.0097168 0.0180556
1 0.578906 0.283507 0.0609375 0.0572917
1 0.108594 0.416667 0.0183594 0.0347222
0 0.483594 0.477778 0.065625 0.0680556
1 0.973437 0.0379774 0.0375 0.0387153
1 0.396875 0.288889 0.0078125 0.0111111
0 0.290625 0.15651 0.0164062 0.0543403
0 0.510547 0.459722 0.0078125 0.025
1 0.222266 0.595833 0.00742187 0.0152778
0 0.352148 0.167014 0.0210938 0.0600694
1 0.0799805 0.518056 0.00722656 0.0145833
1 0.810938 0.334375 0.0125 0.0173611
1 0.111523 0.416319 0.0201172 0.0388889
0 0.375391 0.216667 0.0152344 0.0291667
1 0.753125 0.497917 0.00625 0.0118056
0 0.501562 0.461806 0.0265625 0.0347222
0 0.491406 0.477083 0.053125 0.0611111
0 0.271289 0.227474 0.06875 0.211719
0 0.973437 0.0379774 0.0375 0.0387153
0 0.500781 0.468056 0.0304688 0.0444444
3 0.98125 0.345486 0.0375 0.102083
0 0.362891 0.236111 0.0453125 0.071875
0 0.291797 0.16441 0.0140625 0.0697917
0 0.50625 0.464931 0.0171875 0.0375
0 0.051123 0.169444 0.0499023 0.0381944
0 0.789844 0.8125 0.078125 0.0972222
0 0.576563 0.349306 0.0703125 0.0631944
0 0.567969 0.428472 0.0640625 0.0611111
0 0.578906 0.283854 0.0609375 0.0579861
0 0.666016 0.265625 0.03125 0.0916667
0 0.3125 0.173958 0.0351562 0.0927083
0 0.578906 0.497917 0.075 0.0583333
0 0.858594 0.317014 0.034375 0.0965278
0 0.741406 0.291319 0.0328125 0.0944444
0 0.98125 0.345139 0.0375 0.102083
0 0.385547 0.0150825 0.0265625 0.0282986
0 0.703906 0.275 0.03125 0.0954861
0 0.315234 0.00877821 0.0226563 0.0174262
0 0.347656 0.165799 0.025 0.0604167
0 0.285547 0.159375 0.021875 0.065625
0 0.346875 0.175304 0.0269531 0.0806424
1 0.741406 0.29184 0.0328125 0.0940972
1 0.703906 0.275174 0.03125 0.0947917
1 0.98125 0.345052 0.0375 0.101562
0 0.282813 0.165538 0.028125 0.0810764
1 0.244922 0.253472 0.00703125 0.0222222
1 0.858594 0.317014 0.034375 0.0965278
0 0.374609 0.227431 0.0210938 0.0496528
1 0.259766 0.301736 0.00703125 0.0222222
0 0.271875 0.180903 0.0507812 0.110764
0 0.273438 0.167187 0.0460938 0.0822917
0 0.375391 0.237847 0.0242187 0.0725694
1 0.9625 0.0354058 0.015625 0.0326606
1 0.510547 0.459722 0.0078125 0.025
1 0.272656 0.346181 0.00703125 0.0222222
0 0.375 0.222222 0.0179687 0.0402778
1 0.666016 0.265625 0.03125 0.0916667
0 0.317578 0.0106554 0.0265625 0.0189236
0 0.267578 0.20625 0.0625 0.164583
1 0.110547 0.41875 0.0148437 0.0319444
0 0.377734 0.224132 0.0191406 0.0430556
0 0.509766 0.461111 0.0109375 0.0291667
0 0.0512207 0.180208 0.0488281 0.0614583
2 0.98125 0.345052 0.0375 0.101562
1 0.567969 0.427778 0.0640625 0.0604167
0 0.345703 0.189193 0.03125 0.104948
1 0.578906 0.497917 0.075 0.0583333
0 0.486719 0.470833 0.05625 0.0527778
0 0.373437 0.245486 0.0304688 0.0881944
1 0.510156 0.462153 0.009375 0.03125
1 0.746094 0.686458 0.00625 0.0173611
0 0.357422 0.209722 0.0390625 0.0784722
0 0.483594 0.477083 0.065625 0.0666667
1 0.385547 0.0147515 0.0265625 0.0283095
1 0.0257812 0.441667 0.00966797 0.0180556
0 0.510547 0.459722 0.0078125 0.025
1 0.396875 0.289062 0.0078125 0.0114583
1 0.285352 0.385764 0.00546875 0.0173611
1 0.579297 0.283333 0.0609375 0.0569444
0 0.29043 0.156597 0.0164062 0.0541667
0 0.375391 0.217014 0.0148437 0.0291667
1 0.0799316 0.518403 0.00722656 0.0145833
0 0.352148 0.167187 0.0210938 0.0600694
1 0.974219 0.0381076 0.040625 0.0391493
1 0.222266 0.595833 0.0078125 0.0152778
0 0.501562 0.461806 0.0265625 0.0347222
1 0.810938 0.334549 0.0109375 0.0170139
1 0.108887 0.415972 0.0197266 0.0375
1 0.753125 0.497917 0.00625 0.0118056
0 0.491406 0.476736 0.053125 0.0604167
0 0.500781 0.468056 0.0304688 0.0451389
0 0.271484 0.227604 0.0679687 0.212153
0 0.260938 0.19184 0.0742188 0.138889
0 0.50625 0.465278 0.0171875 0.0375
0 0.362891 0.236458 0.0453125 0.0722222
1 0.25918 0.299826 0.00859375 0.0246528
3 0.98125 0.345052 0.0375 0.101562
0 0.789844 0.8125 0.0796875 0.0972222
0 0.576563 0.349306 0.0703125 0.0631944
0 0.567969 0.428472 0.0640625 0.0618056
0 0.578906 0.283854 0.0609375 0.0579861
0 0.666016 0.265625 0.03125 0.0916667
0 0.3125 0.173958 0.0351562 0.0927083
0 0.578906 0.497917 0.075 0.0583333
0 0.858594 0.317014 0.034375 0.0965278
0 0.741406 0.291667 0.0328125 0.0944444
0 0.98125 0.345139 0.0375 0.102083
0 0.703906 0.275 0.03125 0.0958333
0 0.385547 0.0150825 0.0265625 0.028342
0 0.315234 0.00878906 0.0226563 0.0174045
0 0.347656 0.165799 0.025 0.0607639
0 0.285547 0.159375 0.021875 0.0659722
0 0.346875 0.175304 0.0269531 0.0806424
1 0.741406 0.29184 0.0328125 0.0940972
1 0.98125 0.345052 0.0375 0.101562
1 0.703906 0.275174 0.03125 0.0947917
0 0.282813 0.165278 0.028125 0.0805556
1 0.244922 0.253472 0.00664063 0.0222222
0 0.374609 0.227431 0.0210938 0.05
0 0.283789 0.177951 0.0308594 0.104861
1 0.858594 0.317014 0.034375 0.0965278
1 0.259766 0.301736 0.00703125 0.0225694
0 0.271484 0.180946 0.0515625 0.111024
0 0.375391 0.238021 0.0242187 0.0725694
0 0.273047 0.167057 0.046875 0.0818576
0 0.375 0.222222 0.0179687 0.0402778
1 0.510547 0.459722 0.0078125 0.0256944
1 0.272656 0.346181 0.00703125 0.0222222
1 0.9625 0.0354167 0.015625 0.0328125
0 0.267578 0.207943 0.0632813 0.168142
0 0.317578 0.0106554 0.0265625 0.0188802
0 0.377734 0.224306 0.0195312 0.0430556
1 0.665625 0.265625 0.03125 0.0916667
0 0.509375 0.461111 0.0109375 0.0291667
0 0.0512817 0.180208 0.0488037 0.0614583
0 0.345898 0.18928 0.03125 0.104774
2 0.98125 0.345052 0.0375 0.101562
1 0.110547 0.41875 0.0150391 0.0319444
0 0.486328 0.470833 0.0570313 0.0527778
0 0.373437 0.245486 0.0304688 0.0881944
1 0.567969 0.427778 0.0640625 0.0604167
0 0.357422 0.209722 0.0390625 0.0777778
1 0.510156 0.4625 0.009375 0.0319444
1 0.578906 0.497917 0.075 0.0583333
1 0.746094 0.686111 0.00625 0.0166667
0 0.483594 0.477083 0.065625 0.0666667
0 0.510547 0.459722 0.0078125 0.0256944
1 0.385547 0.0147569 0.0265625 0.0284722
1 0.0257812 0.441667 0.00976562 0.0180556
0 0.375195 0.217014 0.0152344 0.0298611
0 0.290625 0.156424 0.0164062 0.0538194
0 0.500781 0.462153 0.028125 0.0354167
0 0.500391 0.468056 0.03125 0.0458333
1 0.0798828 0.518403 0.00722656 0.0145833
1 0.396875 0.289236 0.0078125 0.0118056
0 0.50625 0.465278 0.0171875 0.0381944
1 0.222266 0.595833 0.0078125 0.0152778
1 0.579297 0.283333 0.0609375 0.0569444
0 0.352148 0.167405 0.0210938 0.0603299
1 0.753125 0.497917 0.00625 0.0118056
0 0.271484 0.229514 0.06875 0.215972
0 0.260742 0.192708 0.0746094 0.140278
1 0.285352 0.386111 0.00546875 0.0180556
1 0.810938 0.334549 0.0109375 0.0170139
1 0.111523 0.416319 0.0207031 0.0388889
0 0.363086 0.236285 0.0449219 0.071875
3 0.98125 0.345052 0.0375 0.101562
1 0.975 0.0384115 0.0421875 0.0397569
0 0.263086 0.175998 0.06875 0.103559
0 0.291797 0.16441 0.0136719 0.06875
0 0.789844 0.8125 0.0796875 0.0972222
0 0.576563 0.349306 0.0703125 0.0631944
0 0.567969 0.428472 0.0640625 0.0611111
0 0.578906 0.283681 0.0609375 0.0576389
0 0.666016 0.265625 0.03125 0.0916667
0 0.3125 0.173958 0.0351562 0.0927083
0 0.578906 0.497917 0.075 0.0583333
0 0.858594 0.317014 0.034375 0.0965278
0 0.741406 0.291667 0.0328125 0.0944444
0 0.98125 0.345139 0.0375 0.102083
0 0.703906 0.275 0.03125 0.0958333
0 0.385547 0.0150391 0.0265625 0.0284288
0 0.315234 0.00877821 0.0226563 0.0173394
0 0.347656 0.166059 0.025 0.0609375
0 0.285352 0.159549 0.0222656 0.0659722
0 0.346875 0.175521 0.0269531 0.0809028
1 0.98125 0.345486 0.0375 0.101389
1 0.741406 0.29184 0.0328125 0.0940972
1 0.703906 0.275174 0.0320312 0.0947917
0 0.282422 0.165365 0.0289063 0.0807292
1 0.244922 0.253472 0.00703125 0.0222222
0 0.374805 0.228125 0.0214844 0.0510417
0 0.283594 0.178516 0.03125 0.106163
1 0.858594 0.317014 0.034375 0.0965278
0 0.271094 0.180382 0.0523437 0.109722
1 0.259766 0.301736 0.00703125 0.0222222
0 0.375391 0.238368 0.0242187 0.0732639
0 0.273047 0.16658 0.0476562 0.0810764
0 0.375 0.222222 0.0179687 0.0402778
1 0.510547 0.459722 0.0078125 0.0256944
1 0.272656 0.346181 0.00703125 0.0222222
0 0.285547 0.152604 0.0195312 0.053125
0 0.267188 0.207813 0.0640625 0.168056
1 0.9625 0.0355143 0.015625 0.0329644
0 0.509375 0.461111 0.0109375 0.0291667
0 0.317773 0.0106011 0.0269531 0.0189453
0 0.377539 0.224306 0.0195312 0.0430556
2 0.98125 0.345486 0.0375 0.101389
1 0.665625 0.265625 0.03125 0.0916667
0 0.346094 0.188932 0.03125 0.104774
0 0.0512573 0.180208 0.0486572 0.0611111
0 0.486328 0.470833 0.0570313 0.0527778
0 0.373828 0.245833 0.0304688 0.0881944
1 0.110547 0.41875 0.0150391 0.0319444
0 0.357031 0.209028 0.0390625 0.0788194
1 0.567969 0.427778 0.0640625 0.0604167
0 0.483594 0.477083 0.065625 0.0666667
1 0.510156 0.4625 0.009375 0.0319444
1 0.578906 0.497917 0.075 0.0583333
1 0.746094 0.686458 0.00625 0.0166667
0 0.510547 0.459722 0.0078125 0.0256944
1 0.385547 0.0147786 0.0265625 0.0285156
1 0.0257812 0.441667 0.00981445 0.0180556
0 0.501562 0.4625 0.028125 0.0361111
0 0.500781 0.468403 0.03125 0.0458333
0 0.375 0.217014 0.015625 0.0298611
1 0.0798828 0.518403 0.00722656 0.0145833
0 0.50625 0.465278 0.0171875 0.0381944
0 0.290625 0.156424 0.0164062 0.0534722
0 0.27168 0.228819 0.06875 0.214583
0 0.260547 0.191363 0.0753906 0.137413
1 0.396875 0.289236 0.0078125 0.0118056
1 0.222266 0.595833 0.0078125 0.0152778
1 0.753125 0.497917 0.00625 0.0118056
0 0.363281 0.236458 0.0449219 0.0722222
1 0.810938 0.334549 0.0109375 0.0170139
0 0.351953 0.167361 0.0210938 0.0604167
0 0.263281 0.174653 0.06875 0.100347
3 0.98125 0.345486 0.0375 0.101389
1 0.579297 0.283333 0.0609375 0.0572917
1 0.111523 0.416319 0.0207031 0.0388889
1 0.285352 0.386111 0.00546875 0.0173611
0 0.789844 0.8125 0.0796875 0.0972222
0 0.576563 0.349306 0.0703125 0.0631944
0 0.567969 0.428472 0.0640625 0.0611111
0 0.579297 0.283681 0.0617188 0.0579861
0 0.666016 0.265625 0.03125 0.0916667
0 0.3125 0.173958 0.0351562 0.0927083
0 0.578906 0.497917 0.075 0.0583333
0 0.858594 0.317361 0.034375 0.0965278
0 0.741406 0.291667 0.0328125 0.09375
0 0.98125 0.345139 0.0375 0.102778
0 0.703906 0.275 0.0320312 0.0958333
0 0.385547 0.0150174 0.0265625 0.0284722
0 0.315234 0.00881076 0.0226563 0.0173611
0 0.347656 0.166406 0.025 0.0616319
0 0.285352 0.159549 0.0222656 0.0663194
1 0.98125 0.345486 0.0375 0.101389
1 0.741406 0.29184 0.0328125 0.0940972
1 0.703906 0.275174 0.0320312 0.0947917
0 0.282422 0.165365 0.028125 0.0807292
1 0.244922 0.25434 0.00703125 0.0232639
0 0.374805 0.229514 0.021875 0.0534722
0 0.283594 0.17934 0.0320312 0.107639
0 0.270898 0.180208 0.0527344 0.109375
0 0.375391 0.239236 0.0242187 0.075
1 0.259766 0.301736 0.00703125 0.0229167
1 0.858594 0.317014 0.034375 0.0965278
0 0.272656 0.166319 0.0480469 0.0809028
0 0.375 0.222222 0.0183594 0.0402778
1 0.510156 0.459722 0.0078125 0.0256944
0 0.267188 0.208507 0.0640625 0.169444
1 0.272656 0.346181 0.00703125 0.0229167
0 0.285547 0.152604 0.0195312 0.053125
0 0.509375 0.461111 0.0109375 0.0291667
0 0.317969 0.0105469 0.0273438 0.0190104
0 0.346094 0.189063 0.0320312 0.105208
0 0.374023 0.246181 0.0300781 0.0888889
0 0.377539 0.224479 0.0195312 0.0434028
1 0.9625 0.0355794 0.015625 0.0330078
0 0.0512695 0.180208 0.0486328 0.0611111
1 0.665625 0.265625 0.03125 0.0916667
2 0.98125 0.345486 0.0375 0.101389
0 0.486328 0.470833 0.0570313 0.0527778
0 0.356641 0.20816 0.0390625 0.0822917
0 0.483984 0.477083 0.0648438 0.0666667
1 0.510156 0.4625 0.009375 0.0319444
1 0.567969 0.427778 0.0640625 0.0604167
1 0.110547 0.41875 0.0152344 0.0319444
1 0.578906 0.497917 0.075 0.0583333
0 0.510156 0.459722 0.0078125 0.0256944
0 0.501562 0.4625 0.028125 0.0361111
1 0.0257812 0.441667 0.00986328 0.0180556
1 0.385547 0.0147569 0.0265625 0.0286024
0 0.500781 0.46875 0.0304688 0.0458333
0 0.375 0.217187 0.015625 0.0298611
1 0.0798828 0.518403 0.00722656 0.0145833
0 0.271875 0.228863 0.06875 0.214497
1 0.746094 0.686111 0.00625 0.0166667
0 0.50625 0.465278 0.0171875 0.0388889
0 0.260547 0.191363 0.0757812 0.137413
0 0.290625 0.156424 0.0164062 0.0534722
1 0.222266 0.595833 0.0078125 0.0152778
0 0.363477 0.237153 0.0449219 0.0736111
1 0.396875 0.289236 0.0078125 0.0118056
0 0.478125 0.470139 0.0734375 0.0611111
1 0.753125 0.497917 0.00625 0.0118056
1 0.810938 0.334722 0.0109375 0.0166667
1 0.579297 0.283333 0.0609375 0.0572917
0 0.351953 0.167535 0.0210938 0.0607639
0 0.789844 0.8125 0.0796875 0.0972222
0 0.576563 0.349219 0.0703125 0.0626736
0 0.567969 0.428125 0.0640625 0.0618056
0 0.579297 0.283681 0.0617188 0.0579861
0 0.665625 0.265625 0.03125 0.0916667
0 0.3125 0.174002 0.0351562 0.0929687
0 0.578906 0.497917 0.075 0.0583333
0 0.741406 0.291667 0.0328125 0.09375
0 0.858594 0.317361 0.034375 0.0965278
0 0.703906 0.275 0.0320312 0.0958333
0 0.98125 0.345139 0.0375 0.102778
0 0.385547 0.0150228 0.0265625 0.0285482
0 0.315234 0.00882162 0.0226563 0.0173394
0 0.347656 0.166667 0.025 0.0621528
0 0.285156 0.159722 0.0226563 0.0666667
0 0.346875 0.175694 0.0273438 0.08125
1 0.98125 0.345052 0.0375 0.101562
1 0.741406 0.29184 0.0328125 0.0940972
0 0.282422 0.165191 0.0285156 0.0803819
1 0.244922 0.25434 0.00703125 0.0232639
1 0.703906 0.275174 0.0320312 0.0947917
0 0.375 0.230729 0.021875 0.0559028
0 0.283203 0.17921 0.0328125 0.107552
0 0.270898 0.178863 0.0527344 0.106858
0 0.375391 0.239931 0.0242187 0.0763889
0 0.272656 0.165799 0.0484375 0.0798611
1 0.259766 0.30191 0.00703125 0.0225694
0 0.375 0.222049 0.0183594 0.0399306
1 0.510156 0.459722 0.0078125 0.0256944
1 0.858594 0.317014 0.034375 0.0965278
0 0.267188 0.207465 0.0644531 0.167361
1 0.272656 0.346181 0.00703125 0.0229167
0 0.509375 0.461111 0.0109375 0.0291667
0 0.346094 0.189063 0.0320312 0.105556
0 0.317969 0.0105252 0.0273438 0.0190538
0 0.0513794 0.180208 0.0486084 0.0607639
0 0.377344 0.224653 0.0195312 0.04375
0 0.486328 0.471181 0.0570313 0.0541667
0 0.285547 0.152691 0.0195312 0.0532986
0 0.356055 0.207248 0.0394531 0.084809
1 0.665625 0.265625 0.03125 0.0916667
1 0.9625 0.0356011 0.015625 0.0329644
2 0.98125 0.345052 0.0375 0.101562
1 0.510156 0.4625 0.009375 0.0319444
0 0.482031 0.477083 0.06875 0.0652778
1 0.567969 0.427778 0.0640625 0.0604167
0 0.501562 0.4625 0.028125 0.0361111
0 0.500781 0.46875 0.03125 0.0472222
0 0.510156 0.459722 0.0078125 0.0256944
1 0.110449 0.41875 0.0152344 0.0319444
1 0.0257812 0.441667 0.00991211 0.0180556
0 0.315039 0.0123481 0.0222656 0.0234375
0 0.260547 0.189583 0.0757812 0.133333
0 0.272266 0.227734 0.0679687 0.211892
1 0.578906 0.497569 0.075 0.0576389
0 0.50625 0.465625 0.0171875 0.0388889
1 0.385547 0.0147569 0.0265625 0.0286892
0 0.375 0.217014 0.015625 0.0298611
1 0.079834 0.518403 0.00712891 0.0145833
0 0.363672 0.237674 0.0453125 0.0746528
0 0.290625 0.156684 0.0164062 0.0539931
1 0.396875 0.289236 0.0078125 0.0125
1 0.753125 0.497917 0.00625 0.0118056
1 0.222266 0.596181 0.0078125 0.0152778
1 0.810938 0.334722 0.0109375 0.0166667
0 0.789844 0.8125 0.0796875 0.0972222
0 0.576563 0.349219 0.0703125 0.0626736
0 0.567969 0.428125 0.0640625 0.0618056
0 0.579297 0.283681 0.0617188 0.0579861
0 0.666016 0.265625 0.03125 0.0916667
0 0.3125 0.174002 0.0351562 0.0929687
0 0.578906 0.497917 0.075 0.0583333
0 0.741406 0.291667 0.0328125 0.09375
0 0.703906 0.275 0.0320312 0.0958333
0 0.858594 0.317361 0.034375 0.0965278
0 0.98125 0.345486 0.0375 0.101389
0 0.385547 0.0150119 0.0265625 0.0285699
0 0.315234 0.00883246 0.0226563 0.0173177
0 0.347852 0.166667 0.025 0.0621528
0 0.285156 0.159896 0.0226563 0.0670139
0 0.346875 0.175651 0.0273438 0.0813368
1 0.98125 0.345486 0.0375 0.101389
0 0.282617 0.165278 0.0285156 0.0805556
1 0.741406 0.29184 0.0328125 0.0940972
1 0.244922 0.254514 0.00703125 0.0236111
0 0.375 0.231597 0.021875 0.0576389
0 0.283398 0.179514 0.0324219 0.107639
1 0.703906 0.275174 0.0320312 0.0947917
0 0.271094 0.178472 0.0523437 0.105903
0 0.375391 0.240625 0.025 0.0777778
0 0.272656 0.165712 0.0484375 0.0796875
1 0.259766 0.301736 0.00703125 0.0229167
1 0.510156 0.459722 0.0078125 0.0256944
0 0.375 0.222049 0.01875 0.0395833
0 0.267188 0.207682 0.0640625 0.167969
0 0.509375 0.461111 0.0109375 0.0291667
0 0.346094 0.188845 0.0320312 0.105642
1 0.272656 0.346181 0.00703125 0.0229167
0 0.318164 0.0104818 0.0277344 0.0190538
1 0.858594 0.317014 0.034375 0.0965278
0 0.0513184 0.180165 0.0485352 0.0605035
0 0.486719 0.471528 0.0578125 0.0541667
0 0.377344 0.224653 0.0195312 0.04375
0 0.355664 0.206424 0.0394531 0.0871528
0 0.285547 0.152778 0.0195312 0.0534722
1 0.510156 0.4625 0.009375 0.0319444
1 0.9625 0.0356337 0.015625 0.0328125
0 0.482031 0.477083 0.06875 0.0652778
1 0.665625 0.265625 0.03125 0.0920139
2 0.98125 0.345486 0.0375 0.101389
0 0.501172 0.462847 0.028125 0.0368056
0 0.500391 0.46875 0.03125 0.0472222
0 0.510156 0.459722 0.0078125 0.0256944
1 0.567969 0.427778 0.0640625 0.0604167
0 0.272656 0.227778 0.0671875 0.211806
0 0.260547 0.189583 0.0757812 0.133333
0 0.50625 0.465625 0.0171875 0.0388889
0 0.315039 0.0123698 0.0222656 0.0233941
1 0.0258057 0.441667 0.00991211 0.0180556
0 0.375 0.217187 0.015625 0.0298611
1 0.110352 0.41875 0.0152344 0.0319444
1 0.385547 0.0147569 0.0265625 0.028776
0 0.363672 0.238021 0.0453125 0.0756944
1 0.578906 0.497569 0.075 0.0576389
0 0.290625 0.156684 0.0164062 0.0539931
1 0.079834 0.518403 0.00712891 0.0145833
1 0.753125 0.497917 0.00625 0.0125
1 0.396875 0.28941 0.0078125 0.0125
1 0.222266 0.596181 0.0078125 0.0159722
0 0.789844 0.8125 0.0796875 0.0972222
0 0.576563 0.349219 0.0703125 0.0626736
0 0.567969 0.428472 0.0640625 0.0611111
0 0.666016 0.265625 0.03125 0.0916667
0 0.579297 0.283854 0.0617188 0.0579861
0 0.3125 0.174002 0.0351562 0.0929687
0 0.741406 0.291667 0.0328125 0.09375
0 0.578906 0.497917 0.075 0.0583333
0 0.703906 0.275 0.03125 0.0958333
0 0.858594 0.317361 0.034375 0.0965278
0 0.98125 0.345486 0.0375 0.101389
0 0.385547 0.0149957 0.0265625 0.0286024
0 0.315234 0.00883246 0.0226563 0.0172743
0 0.347656 0.16697 0.025 0.0625868
0 0.285156 0.160243 0.0226563 0.0677083
0 0.282617 0.165278 0.0285156 0.0809028
1 0.98125 0.345139 0.0375 0.101389
1 0.741406 0.29184 0.0328125 0.0940972
1 0.244922 0.254514 0.00703125 0.0236111
0 0.375 0.232639 0.0226563 0.0597222
0 0.283203 0.179167 0.0324219 0.106944
0 0.271289 0.177734 0.0519531 0.104253
0 0.375391 0.241319 0.025 0.0784722
1 0.703906 0.275174 0.0320312 0.0947917
1 0.510156 0.459722 0.0078125 0.0256944
1 0.259766 0.302083 0.00703125 0.0229167
0 0.375 0.221875 0.01875 0.0395833
0 0.267578 0.206207 0.0632813 0.16467
0 0.346094 0.188715 0.0320312 0.105556
0 0.318359 0.0104167 0.028125 0.0191406
0 0.509375 0.461111 0.0109375 0.0291667
0 0.0513672 0.180208 0.0484375 0.0604167
1 0.272656 0.346181 0.00703125 0.0229167
0 0.486328 0.471528 0.0570313 0.0548611
1 0.858594 0.317014 0.034375 0.0965278
0 0.354883 0.204123 0.0394531 0.091059
0 0.377539 0.224653 0.0199219 0.04375
0 0.285547 0.152778 0.0199219 0.0538194
1 0.510156 0.4625 0.009375 0.0319444
0 0.373047 0.226042 0.0210938 0.0479167
0 0.501172 0.462847 0.028125 0.0368056
0 0.482031 0.477083 0.06875 0.0652778
0 0.5 0.46875 0.03125 0.0472222
1 0.9625 0.0356337 0.015625 0.0327257
0 0.510156 0.459722 0.0078125 0.0256944
0 0.273828 0.163368 0.04375 0.0788194
0 0.273047 0.227083 0.0664062 0.210417
0 0.260547 0.188585 0.0757812 0.131163
0 0.50625 0.465625 0.0171875 0.0388889
2 0.98125 0.345139 0.0375 0.101389
0 0.315039 0.0123698 0.0222656 0.0233073
1 0.0258057 0.441667 0.00991211 0.0180556
1 0.567969 0.427778 0.0640625 0.0604167
0 0.375 0.217014 0.015625 0.0295139
1 0.665625 0.265625 0.03125 0.0920139
0 0.363672 0.238194 0.0453125 0.0763889
1 0.110352 0.41875 0.0152344 0.0319444
1 0.385547 0.0147569 0.0265625 0.028776
0 0.290625 0.156771 0.0160156 0.0538194
0 0.0525879 0.196528 0.0405273 0.03125
1 0.079834 0.518403 0.00712891 0.0145833
1 0.753125 0.497917 0.00625 0.0125
1 0.222266 0.596181 0.0078125 0.0159722
0 0.0517578 0.172222 0.050293 0.0427083
1 0.396875 0.289583 0.0078125 0.0125
0 0.789844 0.8125 0.0796875 0.0972222
0 0.576563 0.349306 0.0703125 0.0625
0 0.567969 0.428472 0.0640625 0.0611111
0 0.666016 0.265625 0.03125 0.0920139
0 0.579297 0.283681 0.0617188 0.0583333
0 0.3125 0.173958 0.0351562 0.0930556
0 0.703906 0.275 0.03125 0.0958333
0 0.741406 0.291667 0.0328125 0.09375
0 0.578906 0.497917 0.075 0.0583333
0 0.858594 0.317361 0.034375 0.0965278
0 0.98125 0.345486 0.0375 0.101389
0 0.385547 0.0149957 0.0265625 0.0286024
0 0.315234 0.00885417 0.0226563 0.0171875
0 0.347656 0.167361 0.025 0.0631944
0 0.285156 0.160417 0.0226563 0.0680556
0 0.282422 0.165278 0.0289063 0.0805556
1 0.98125 0.345139 0.0375 0.101389
1 0.244922 0.254514 0.00703125 0.0236111
1 0.741406 0.29184 0.0328125 0.0940972
0 0.375 0.233681 0.0226563 0.0618056
0 0.283203 0.178299 0.0320312 0.105208
0 0.271484 0.176563 0.0515625 0.102083
1 0.510156 0.459722 0.0078125 0.0256944
0 0.374805 0.222049 0.01875 0.0395833
1 0.259766 0.302083 0.00703125 0.0229167
0 0.267578 0.20434 0.0628906 0.161111
0 0.318359 0.0103299 0.0285156 0.0192274
0 0.346289 0.188585 0.0324219 0.105469
0 0.374609 0.246528 0.0296875 0.0895833
0 0.509375 0.461111 0.0109375 0.0291667
0 0.0513672 0.180208 0.0484375 0.0604167
1 0.703906 0.275174 0.0320312 0.0947917
0 0.486719 0.471528 0.0578125 0.0555556
0 0.354688 0.203472 0.0398437 0.0930556
1 0.272656 0.346181 0.00703125 0.0229167
0 0.377344 0.225 0.0203125 0.0444444
0 0.285547 0.153125 0.0199219 0.0541667
1 0.509766 0.4625 0.0101562 0.0319444
1 0.858594 0.317014 0.034375 0.0965278
0 0.373047 0.226042 0.0210938 0.0479167
0 0.500781 0.463194 0.0289063 0.0375
0 0.273633 0.163368 0.0441406 0.0791667
0 0.5 0.46875 0.0328125 0.0472222
0 0.263672 0.171528 0.0679687 0.0940972
0 0.510156 0.459722 0.0078125 0.0256944
0 0.260547 0.186806 0.0757812 0.127431
0 0.273047 0.225868 0.0652344 0.207639
0 0.505859 0.465972 0.0179687 0.0388889
1 0.9625 0.0356337 0.015625 0.0326389
0 0.363672 0.238542 0.0453125 0.0770833
0 0.374805 0.217014 0.0160156 0.0298611
0 0.0525879 0.196528 0.0405273 0.03125
1 0.0258057 0.441667 0.0100098 0.0180556
2 0.98125 0.345139 0.0375 0.101389
0 0.0517578 0.172569 0.050293 0.0434028
0 0.478125 0.470139 0.075 0.0625
1 0.385547 0.0147569 0.0265625 0.0288194
1 0.567969 0.427778 0.0640625 0.0604167
0 0.290625 0.156771 0.0164062 0.0541667
0 0.789844 0.8125 0.0796875 0.0972222
0 0.576563 0.349306 0.0703125 0.0625
0 0.567969 0.428472 0.0640625 0.0611111
0 0.665625 0.265625 0.03125 0.0920139
0 0.579687 0.283681 0.0609375 0.0576389
0 0.3125 0.173958 0.0351562 0.0930556
0 0.741406 0.291667 0.0328125 0.09375
0 0.703906 0.275 0.03125 0.0958333
0 0.578906 0.497917 0.075 0.0583333
0 0.858594 0.317361 0.034375 0.0965278
0 0.98125 0.345052 0.0375 0.101562
0 0.385742 0.0148437 0.0269531 0.0289931
0 0.315234 0.00881076 0.0226563 0.0171441
0 0.347656 0.167535 0.025 0.0635417
0 0.285156 0.164236 0.0234375 0.0760417
1 0.98125 0.345139 0.0375 0.101389
1 0.244922 0.254514 0.00703125 0.0236111
0 0.375 0.235069 0.0226563 0.0645833
0 0.271484 0.175521 0.0515625 0.0996528
0 0.283203 0.177604 0.0320312 0.103819
1 0.741406 0.29184 0.0328125 0.0940972
1 0.510156 0.459722 0.0078125 0.0256944
0 0.374805 0.222049 0.01875 0.0395833
0 0.374609 0.246701 0.0296875 0.0899306
0 0.318359 0.0102539 0.0289063 0.0193359
0 0.267383 0.202604 0.0628906 0.157292
0 0.346289 0.188542 0.0324219 0.105208
0 0.509375 0.461458 0.0109375 0.0298611
1 0.259766 0.302083 0.00703125 0.0229167
0 0.0513672 0.180208 0.0484375 0.0604167
0 0.486328 0.471875 0.0578125 0.0555556
0 0.354688 0.203168 0.0398437 0.0936632
0 0.377344 0.225174 0.0203125 0.0447917
0 0.312891 0.0102865 0.028125 0.0201389
1 0.272656 0.346181 0.00703125 0.0229167
1 0.509766 0.4625 0.0101562 0.0319444
0 0.273438 0.163194 0.0445312 0.0788194
1 0.858594 0.317014 0.034375 0.0965278
0 0.285547 0.153212 0.0199219 0.0546875
0 0.373047 0.226215 0.0210938 0.0482639
0 0.500781 0.463194 0.0296875 0.0375
0 0.499609 0.46875 0.0328125 0.0472222
1 0.703906 0.275 0.0320312 0.0951389
0 0.263672 0.17066 0.0679687 0.0923611
0 0.510156 0.459722 0.0078125 0.0256944
0 0.260156 0.185113 0.0761719 0.124219
0 0.505859 0.465972 0.0179687 0.0388889
0 0.273047 0.224826 0.0648438 0.205903
0 0.0526367 0.196528 0.040625 0.03125
0 0.315234 0.0124566 0.0226563 0.0232205
0 0.364062 0.239063 0.0453125 0.0774306
1 0.9625 0.0356337 0.015625 0.0326389
0 0.374609 0.217014 0.0164062 0.0298611
0 0.324219 0.00962457 0.0453125 0.0192491
1 0.0258301 0.441667 0.0100586 0.0180556
0 0.478125 0.470139 0.075 0.0625
0 0.940625 0.801389 0.01875 0.05
1 0.385547 0.0147515 0.0265625 0.0288303
0 0.504687 0.471528 0.0234375 0.0527778
0 0.789844 0.8125 0.0796875 0.0972222
0 0.576563 0.349306 0.0703125 0.0625
0 0.567969 0.428472 0.0640625 0.0611111
0 0.666016 0.265625 0.03125 0.0920139
0 0.579687 0.283681 0.0609375 0.0576389
0 0.312305 0.173958 0.0351562 0.0930556
0 0.741406 0.29184 0.0328125 0.0940972
0 0.703906 0.275 0.03125 0.0958333
0 0.578906 0.497917 0.075 0.0583333
0 0.858594 0.317361 0.034375 0.0965278
0 0.98125 0.345052 0.0375 0.101562
0 0.385742 0.0148437 0.0269531 0.0289931
0 0.315234 0.00879991 0.0226563 0.0171224
0 0.347656 0.167708 0.025 0.0638889
0 0.285156 0.164236 0.0234375 0.0763889
0 0.375 0.235764 0.0226563 0.0659722
1 0.244922 0.254514 0.00703125 0.0236111
1 0.98125 0.345139 0.0359375 0.101389
0 0.271875 0.174653 0.0507812 0.0979167
0 0.283203 0.177127 0.0320312 0.103385
1 0.741406 0.29184 0.0328125 0.0940972
0 0.375391 0.228125 0.0203125 0.0513889
1 0.510156 0.459722 0.0078125 0.0256944
0 0.374805 0.246875 0.0292969 0.0895833
0 0.267578 0.201042 0.0625 0.154167
0 0.318555 0.0101562 0.0289063 0.0194878
0 0.346484 0.188368 0.0328125 0.104861
0 0.509375 0.461111 0.0109375 0.0291667
0 0.0513672 0.180382 0.0484375 0.0604167
0 0.376172 0.221007 0.0175781 0.0368056
1 0.259766 0.302083 0.00703125 0.0229167
0 0.354688 0.202387 0.0398437 0.0945313
0 0.486719 0.471528 0.0578125 0.0555556
0 0.312891 0.0102214 0.028125 0.0203125
0 0.273438 0.163021 0.0445312 0.0784722
1 0.509766 0.4625 0.0101562 0.0319444
0 0.285547 0.153385 0.0199219 0.0550347
0 0.500781 0.463194 0.0296875 0.0375
0 0.499219 0.46875 0.0328125 0.0472222
0 0.263672 0.170139 0.0679687 0.0909722
1 0.272656 0.346181 0.00703125 0.0229167
0 0.510156 0.459722 0.0078125 0.0256944
1 0.858594 0.317014 0.034375 0.0965278
0 0.259766 0.183854 0.0765625 0.121528
0 0.505859 0.465972 0.0179687 0.0388889
0 0.273242 0.224002 0.0644531 0.20408
0 0.0526245 0.196528 0.0406494 0.03125
0 0.325391 0.00962457 0.0476562 0.0192491
0 0.939844 0.801389 0.0171875 0.05
0 0.364258 0.239236 0.0449219 0.0777778
0 0.315234 0.0125054 0.0226563 0.023253
0 0.374609 0.217014 0.0164062 0.0298611
0 0.341211 0.00616319 0.0769531 0.0123264
1 0.703906 0.275 0.0320312 0.0947917
0 0.372656 0.221354 0.0195312 0.0381944
1 0.9625 0.0356337 0.015625 0.0326389
1 0.385547 0.0147352 0.0265625 0.0288628
1 0.0258057 0.441667 0.0101074 0.0180556
0 0.478125 0.470139 0.075 0.0625
0 0.504687 0.471528 0.0234375 0.0527778
0 0.789844 0.8125 0.0796875 0.0972222
0 0.576563 0.349306 0.0703125 0.0625
0 0.567969 0.428472 0.0640625 0.0611111
0 0.666016 0.265625 0.03125 0.0920139
0 0.579687 0.283681 0.0609375 0.0576389
0 0.3125 0.173958 0.0351562 0.0927083
0 0.741406 0.29184 0.0328125 0.0940972
0 0.703906 0.275 0.03125 0.0958333
0 0.578906 0.497917 0.075 0.0583333
0 0.858594 0.317361 0.034375 0.0965278
0 0.98125 0.345226 0.0375 0.101215
0 0.385742 0.0148437 0.0269531 0.0289497
0 0.315234 0.00878906 0.0226563 0.0171441
0 0.347656 0.167708 0.025 0.0638889
0 0.285156 0.164236 0.0234375 0.0763889
0 0.375 0.235764 0.0226563 0.0659722
1 0.244922 0.254514 0.00703125 0.0236111
1 0.98125 0.345139 0.0359375 0.101389
0 0.271875 0.174653 0.0507812 0.0979167
0 0.283203 0.177127 0.0320312 0.103385
0 0.375391 0.228125 0.0203125 0.0513889
1 0.741406 0.29184 0.0328125 0.0940972
1 0.510156 0.459722 0.0078125 0.0256944
0 0.374805 0.246875 0.0292969 0.0895833
0 0.318555 0.0101671 0.0289063 0.0195095
0 0.267383 0.201042 0.0628906 0.154167
0 0.346484 0.188368 0.0328125 0.104861
0 0.509375 0.461111 0.0109375 0.0291667
0 0.0513672 0.180382 0.0484375 0.0604167
0 0.376172 0.220833 0.0175781 0.0368056
1 0.259766 0.302083 0.00703125 0.0229167
0 0.354688 0.202387 0.0398437 0.0945313
0 0.486719 0.471528 0.0578125 0.0555556
0 0.312891 0.0102214 0.028125 0.0203125
0 0.273438 0.163021 0.0445312 0.0788194
1 0.509766 0.4625 0.0101562 0.0319444
0 0.285547 0.153385 0.0199219 0.0550347
0 0.500781 0.463194 0.0296875 0.0375
0 0.499219 0.46875 0.0328125 0.0472222
0 0.263672 0.169965 0.0679687 0.0909722
1 0.272656 0.346181 0.00703125 0.0229167
0 0.510156 0.459722 0.0078125 0.0256944
1 0.858594 0.317014 0.034375 0.0965278
0 0.259766 0.183724 0.0765625 0.121441
0 0.505859 0.465972 0.0179687 0.0388889
0 0.273242 0.224002 0.0644531 0.20408
0 0.325391 0.00962457 0.0476562 0.0192491
0 0.0526367 0.196528 0.040625 0.03125
0 0.939844 0.801389 0.0171875 0.05
0 0.364258 0.239236 0.0449219 0.0777778
0 0.315234 0.0125054 0.0226563 0.023253
0 0.374609 0.217014 0.0164062 0.0298611
0 0.341406 0.00617405 0.0773437 0.0123481
1 0.703906 0.275 0.0320312 0.0951389
0 0.372656 0.221354 0.0195312 0.0381944
1 0.9625 0.0356337 0.015625 0.0326389
1 0.385547 0.0147352 0.0265625 0.0288628
1 0.0258301 0.441667 0.0101562 0.0180556
0 0.504687 0.471528 0.0234375 0.0527778
0 0.478125 0.470139 0.075 0.0625
