1 0.32793 0.478472 0.00976562 0.0166667
1 0.326172 0.476042 0.0132813 0.0222222
1 0.327734 0.479861 0.0113281 0.0236111
1 0.329297 0.478472 0.0132813 0.0194444
1 0.327148 0.471181 0.0136719 0.0270833
1 0.324023 0.475 0.0183594 0.0270833
1 0.327539 0.484028 0.0121094 0.0277778
1 0.322266 0.478472 0.0210938 0.0319444
1 0.325391 0.486111 0.0179687 0.0361111
1 0.327734 0.478819 0.0109375 0.0194444
1 0.325 0.477431 0.0171875 0.0277778
1 0.325977 0.471875 0.0171875 0.0319444
1 0.326953 0.477778 0.0148437 0.0319444
1 0.320898 0.472569 0.0269531 0.0388889
1 0.317969 0.476389 0.0328125 0.0472222
1 0.329102 0.478472 0.0152344 0.0256944
1 0.326953 0.484722 0.0148437 0.0333333
1 0.323438 0.485417 0.025 0.0416667
1 0.329688 0.469444 0.0191406 0.0361111
1 0.327734 0.479514 0.0101562 0.0215278
1 0.327734 0.480208 0.0121094 0.0270833
1 0.325781 0.476389 0.0148437 0.0263889
1 0.327344 0.485417 0.0125 0.0333333
1 0.325586 0.471528 0.0167969 0.0326389
1 0.321875 0.479514 0.0234375 0.0375
1 0.325391 0.486458 0.0179687 0.0402778
1 0.323242 0.473611 0.0214844 0.0319444
0 0.325977 0.479167 0.0148437 0.0277778
0 0.326953 0.474653 0.0140625 0.0277778
0 0.32168 0.475347 0.0242187 0.0347222
1 0.329297 0.487153 0.0164062 0.0402778
0 0.327734 0.479514 0.0101562 0.0215278
0 0.325586 0.471528 0.0167969 0.0326389
1 0.329492 0.468403 0.0167969 0.0368056
0 0.325391 0.486458 0.0179687 0.0402778
1 0.327539 0.476736 0.0105469 0.0194444
1 0.326172 0.472917 0.015625 0.0284722
1 0.325977 0.477778 0.0140625 0.0263889
1 0.323633 0.473264 0.0199219 0.0319444
1 0.321484 0.479861 0.025 0.0402778
1 0.327344 0.487153 0.0117188 0.0368056
1 0.325391 0.487847 0.0171875 0.0444444
1 0.328906 0.476736 0.0140625 0.0243056
1 0.321484 0.46875 0.0246094 0.0416667
1 0.329492 0.487847 0.0164062 0.0458333
1 0.323828 0.453125 0.03125 0.0701389
1 0.328125 0.454861 0.0195312 0.0611111
1 0.327344 0.477083 0.0109375 0.0194444
1 0.325781 0.475694 0.0144531 0.025
1 0.326953 0.479167 0.0132813 0.0291667
1 0.325586 0.471528 0.0164062 0.0326389
1 0.323828 0.475 0.0195312 0.0347222
0 0.326562 0.474306 0.0148437 0.0291667
1 0.324609 0.488194 0.01875 0.0451389
1 0.328711 0.477083 0.0140625 0.025
1 0.326953 0.486806 0.0125 0.0375
1 0.320703 0.482986 0.0257812 0.0472222
0 0.326953 0.479167 0.0132813 0.0291667
0 0.320703 0.482986 0.0257812 0.0472222
0 0.323828 0.475 0.0195312 0.0347222
0 0.327344 0.477083 0.0109375 0.0194444
0 0.314844 0.498264 0.0414063 0.0826389
1 0.327539 0.479167 0.0101562 0.0180556
1 0.325586 0.475694 0.0144531 0.025
1 0.326758 0.479167 0.0136719 0.0305556
1 0.325391 0.470833 0.0164062 0.0333333
1 0.323438 0.473611 0.0203125 0.0381944
1 0.324023 0.488194 0.0195312 0.0444444
1 0.326953 0.486806 0.0128906 0.0361111
1 0.328516 0.478472 0.0140625 0.0236111
0 0.326367 0.473264 0.0152344 0.03125
0 0.325781 0.477778 0.0140625 0.0236111
1 0.320117 0.488194 0.0273438 0.0576389
0 0.326758 0.479167 0.0136719 0.0305556
0 0.320117 0.488194 0.0273438 0.0576389
0 0.323438 0.473611 0.0203125 0.0381944
1 0.321875 0.480556 0.0226563 0.0388889
0 0.327344 0.477083 0.0109375 0.0194444
0 0.321875 0.480556 0.0226563 0.0388889
1 0.327344 0.479167 0.0101562 0.0180556
1 0.325781 0.476042 0.0140625 0.0243056
1 0.326953 0.479167 0.0132813 0.0277778
1 0.325586 0.471528 0.0164062 0.0319444
0 0.326562 0.474306 0.0148437 0.0277778
1 0.328711 0.478819 0.0136719 0.0229167
1 0.327148 0.485069 0.0121094 0.0326389
0 0.326953 0.479167 0.0132813 0.0277778
1 0.322461 0.480556 0.0222656 0.0430556
0 0.322461 0.480556 0.0222656 0.0430556
1 0.324609 0.487153 0.0179687 0.0423611
0 0.327344 0.477083 0.0109375 0.0194444
0 0.324219 0.474306 0.01875 0.0326389
0 0.316211 0.501736 0.0402344 0.0958333
1 0.327539 0.479167 0.0101562 0.0173611
1 0.326172 0.476389 0.0132813 0.0222222
1 0.327344 0.479861 0.0125 0.0263889
1 0.325781 0.471875 0.015625 0.0305556
1 0.323438 0.479861 0.0195312 0.0375
1 0.328711 0.478472 0.0132813 0.0208333
1 0.327344 0.484722 0.0117188 0.0305556
1 0.325195 0.486806 0.0167969 0.0402778
0 0.326562 0.475 0.0136719 0.0263889
0 0.327344 0.477431 0.0105469 0.0180556
0 0.327344 0.479861 0.0125 0.0263889
0 0.323438 0.479861 0.0195312 0.0375
0 0.324609 0.475 0.0171875 0.0298611
1 0.327734 0.479167 0.0101562 0.0166667
1 0.326172 0.476389 0.0132813 0.0222222
1 0.327344 0.479861 0.0121094 0.0256944
1 0.325781 0.472222 0.015625 0.0305556
1 0.323438 0.479167 0.0195312 0.0361111
1 0.328906 0.478819 0.0132813 0.0208333
1 0.327344 0.484722 0.0109375 0.0291667
1 0.325391 0.486806 0.0164062 0.0388889
0 0.326562 0.475 0.0132813 0.025
0 0.327344 0.479861 0.0121094 0.0256944
0 0.327344 0.477431 0.0101562 0.0173611
0 0.323438 0.479167 0.0195312 0.0361111
0 0.324609 0.475 0.0171875 0.0291667
1 0.327344 0.477778 0.0105469 0.0180556
1 0.326172 0.476389 0.0132813 0.0222222
1 0.327344 0.479861 0.0121094 0.0263889
1 0.325781 0.472222 0.015625 0.0305556
1 0.323242 0.479861 0.0203125 0.0388889
1 0.328906 0.479167 0.0132813 0.0208333
1 0.327344 0.485069 0.0117188 0.03125
1 0.325391 0.4875 0.0164062 0.0402778
0 0.326562 0.475 0.0140625 0.0263889
0 0.327344 0.479861 0.0121094 0.0263889
0 0.327344 0.477778 0.0105469 0.0180556
0 0.323242 0.479861 0.0203125 0.0388889
1 0.329297 0.486806 0.015625 0.0402778
1 0.327344 0.477431 0.0109375 0.0180556
1 0.325977 0.476389 0.0136719 0.0222222
1 0.327344 0.479861 0.0125 0.0263889
1 0.325781 0.472222 0.015625 0.0305556
1 0.322852 0.479861 0.0214844 0.0402778
1 0.328906 0.478819 0.0132813 0.0215278
1 0.327344 0.485417 0.0117188 0.0319444
1 0.325391 0.4875 0.0171875 0.0416667
0 0.326562 0.475 0.0140625 0.0270833
1 0.329102 0.487153 0.015625 0.0409722
1 0.327344 0.477431 0.0109375 0.0180556
1 0.325781 0.476042 0.0140625 0.0229167
1 0.327344 0.479861 0.0125 0.0277778
1 0.325781 0.472222 0.0164062 0.0305556
1 0.322656 0.480208 0.0226563 0.0416667
1 0.328516 0.477083 0.0140625 0.0236111
1 0.327344 0.485764 0.0117188 0.0326389
1 0.325 0.487847 0.0171875 0.0423611
0 0.326367 0.475 0.0148437 0.0277778
1 0.32207 0.470139 0.0230469 0.0375
1 0.329297 0.4875 0.015625 0.0430556
1 0.327344 0.477431 0.0109375 0.0180556
1 0.325781 0.476042 0.0140625 0.0229167
1 0.327344 0.479861 0.0125 0.0277778
1 0.325781 0.471875 0.0164062 0.03125
1 0.322461 0.480208 0.0230469 0.0423611
1 0.328516 0.477083 0.0140625 0.0236111
1 0.327344 0.485764 0.0117188 0.0333333
1 0.325 0.4875 0.0175781 0.0430556
1 0.322461 0.475 0.0210938 0.0326389
0 0.326367 0.474653 0.0148437 0.0277778
1 0.329297 0.4875 0.015625 0.0430556
1 0.326953 0.489931 0.0132813 0.0472222
1 0.321875 0.470139 0.0234375 0.0375
1 0.327344 0.477431 0.0109375 0.0180556
1 0.325781 0.476042 0.0140625 0.0229167
1 0.327344 0.479861 0.0125 0.0263889
1 0.325781 0.472222 0.0164062 0.0305556
1 0.322656 0.479514 0.0226563 0.0409722
1 0.328516 0.477083 0.0140625 0.0229167
1 0.327344 0.485764 0.0117188 0.0326389
1 0.325 0.4875 0.0171875 0.0416667
0 0.326367 0.475 0.0148437 0.0277778
1 0.329297 0.4875 0.015625 0.0423611
1 0.327148 0.490278 0.0132813 0.0472222
1 0.32207 0.470833 0.0230469 0.0375
1 0.324219 0.456944 0.0289063 0.0680556
1 0.327344 0.477431 0.0109375 0.0180556
1 0.325977 0.476042 0.0136719 0.0229167
1 0.327344 0.479861 0.0125 0.0263889
1 0.325781 0.472222 0.0164062 0.0305556
1 0.322656 0.479167 0.0230469 0.0402778
1 0.328516 0.477083 0.0140625 0.0222222
1 0.327344 0.485764 0.0117188 0.0326389
1 0.325 0.4875 0.0171875 0.0416667
0 0.326367 0.475 0.0148437 0.0277778
1 0.329297 0.4875 0.015625 0.0423611
1 0.327148 0.490278 0.0132813 0.0472222
1 0.32207 0.470833 0.0230469 0.0375
1 0.324219 0.456944 0.0289063 0.0680556
1 0.327344 0.477083 0.0109375 0.0180556
1 0.325977 0.476389 0.0140625 0.0236111
1 0.327344 0.479514 0.0125 0.0270833
1 0.325781 0.472222 0.0164062 0.03125
1 0.322266 0.479514 0.0238281 0.0416667
1 0.328906 0.479167 0.0132813 0.0222222
1 0.327344 0.486111 0.0117188 0.0333333
1 0.325 0.4875 0.0175781 0.0423611
1 0.329297 0.488194 0.015625 0.0430556
0 0.326172 0.474653 0.0148437 0.0277778
1 0.321875 0.470833 0.0238281 0.0375
1 0.323828 0.456944 0.0289063 0.06875
1 0.327148 0.490278 0.0136719 0.0472222
1 0.327344 0.477431 0.0109375 0.01875
1 0.325977 0.476389 0.0140625 0.0236111
1 0.327148 0.479861 0.0128906 0.0277778
1 0.325586 0.472222 0.0164062 0.0319444
1 0.321875 0.480556 0.025 0.0444444
1 0.328516 0.477431 0.0140625 0.0236111
1 0.322266 0.475347 0.021875 0.0333333
1 0.325 0.4875 0.0179687 0.0430556
1 0.327344 0.486111 0.0121094 0.0333333
1 0.321484 0.470139 0.0242187 0.0395833
1 0.329297 0.488194 0.0164062 0.0444444
1 0.323438 0.456944 0.0296875 0.0694444
1 0.327344 0.477431 0.0109375 0.01875
1 0.325781 0.476042 0.0140625 0.0236111
1 0.326953 0.479514 0.0132813 0.0277778
1 0.325391 0.471875 0.0164062 0.0319444
1 0.321094 0.481597 0.0265625 0.0465278
1 0.321875 0.475347 0.0226563 0.0340278
1 0.328516 0.477083 0.0140625 0.0236111
1 0.324609 0.4875 0.0179687 0.0430556
1 0.327344 0.486111 0.0121094 0.0347222
1 0.321289 0.470139 0.025 0.0402778
1 0.323047 0.456597 0.03125 0.0708333
1 0.329297 0.488889 0.0164062 0.0458333
1 0.327344 0.477083 0.0109375 0.0180556
1 0.325781 0.476042 0.0140625 0.0236111
1 0.325391 0.471875 0.0164062 0.0319444
1 0.326953 0.479861 0.0132813 0.0277778
1 0.321094 0.482292 0.0265625 0.0479167
1 0.321875 0.475347 0.0226563 0.0340278
1 0.328516 0.477083 0.0140625 0.0236111
1 0.324609 0.487847 0.0179687 0.0430556
1 0.327344 0.486111 0.0121094 0.0347222
1 0.321094 0.469792 0.025 0.0402778
1 0.322852 0.456597 0.03125 0.0708333
1 0.329297 0.488889 0.0164062 0.0458333
1 0.327344 0.477083 0.0109375 0.0180556
1 0.325781 0.476042 0.0140625 0.0236111
1 0.325391 0.471875 0.0167969 0.0319444
1 0.326953 0.479861 0.0132813 0.0277778
1 0.320703 0.483333 0.0273438 0.0486111
1 0.321875 0.475347 0.0226563 0.0340278
1 0.324609 0.4875 0.0179687 0.0430556
1 0.328516 0.477083 0.0140625 0.0236111
1 0.327344 0.486111 0.0121094 0.0347222
1 0.320898 0.469792 0.0257812 0.0409722
1 0.322656 0.45625 0.03125 0.0708333
1 0.327344 0.477083 0.0109375 0.0180556
1 0.325781 0.476042 0.0140625 0.0236111
1 0.325391 0.471528 0.0167969 0.0319444
1 0.327148 0.479861 0.0128906 0.0277778
1 0.323438 0.474306 0.0203125 0.0340278
1 0.320312 0.484375 0.028125 0.0513889
1 0.324609 0.4875 0.0179687 0.0430556
1 0.321094 0.48125 0.0242187 0.0402778
1 0.328516 0.477083 0.0140625 0.0236111
1 0.327344 0.486111 0.0117188 0.0347222
1 0.322852 0.45625 0.03125 0.0708333
1 0.327344 0.477083 0.0109375 0.0180556
1 0.325781 0.476042 0.0140625 0.0236111
1 0.325391 0.471528 0.0167969 0.0319444
1 0.327148 0.479861 0.0128906 0.0277778
1 0.323438 0.474306 0.0210938 0.0347222
1 0.320312 0.484722 0.028125 0.0527778
1 0.324609 0.4875 0.0179687 0.0430556
1 0.328906 0.479514 0.0136719 0.0229167
1 0.321094 0.48125 0.0242187 0.0402778
1 0.327344 0.486111 0.0117188 0.0347222
1 0.323047 0.456597 0.0304688 0.0708333
1 0.327734 0.479167 0.0101562 0.0180556
1 0.325781 0.476042 0.0140625 0.0236111
1 0.327148 0.480208 0.0128906 0.0277778
1 0.325391 0.471528 0.0167969 0.0326389
1 0.323242 0.473958 0.0214844 0.0354167
1 0.319922 0.485417 0.0289063 0.0534722
1 0.324609 0.4875 0.0179687 0.0430556
1 0.328906 0.479514 0.0136719 0.0229167
1 0.320703 0.48125 0.025 0.0402778
1 0.327344 0.486111 0.0117188 0.0347222
1 0.323047 0.456597 0.0304688 0.0708333
1 0.327734 0.479167 0.0101562 0.0180556
1 0.325781 0.476042 0.0140625 0.0236111
1 0.325781 0.473611 0.015625 0.0305556
1 0.327148 0.480556 0.0128906 0.0277778
1 0.323047 0.473611 0.021875 0.0361111
1 0.319531 0.486111 0.0296875 0.0548611
1 0.324609 0.4875 0.0183594 0.0430556
1 0.328906 0.479514 0.0136719 0.0229167
1 0.320703 0.481944 0.025 0.0416667
1 0.327344 0.486458 0.0117188 0.0347222
1 0.327734 0.479167 0.0101562 0.01875
1 0.325781 0.476389 0.0144531 0.0236111
1 0.325781 0.473611 0.0164062 0.03125
1 0.326953 0.480556 0.0132813 0.0291667
1 0.322656 0.473611 0.0226563 0.0375
1 0.319531 0.486806 0.0300781 0.0569444
1 0.324609 0.4875 0.01875 0.0430556
1 0.320312 0.481944 0.0257812 0.0416667
1 0.328906 0.479861 0.0136719 0.0236111
1 0.327344 0.486111 0.0117188 0.0347222
1 0.327734 0.479167 0.0101562 0.01875
1 0.325781 0.476389 0.0144531 0.0236111
1 0.325781 0.473611 0.0164062 0.03125
1 0.326953 0.480556 0.0132813 0.0291667
1 0.322656 0.473611 0.0226563 0.0381944
1 0.319531 0.487153 0.0304688 0.0569444
1 0.324609 0.4875 0.01875 0.0430556
1 0.320312 0.481944 0.0257812 0.0416667
1 0.328906 0.479861 0.0136719 0.0236111
1 0.327344 0.486111 0.0121094 0.0347222
