0 0.0514648 0.954167 0.0892578 0.0722222
1 0.562109 0.360069 0.0078125 0.01875
1 0.292773 0.607639 0.0171875 0.0472222
0 0.321484 0.118924 0.0140625 0.0513889
1 0.246289 0.759722 0.0101562 0.0194444
1 0.321484 0.121267 0.0148437 0.0557292
1 0.562891 0.363889 0.009375 0.025
1 0.320703 0.117101 0.0117188 0.0477431
0 0.246289 0.759722 0.0101562 0.0194444
1 0.566406 0.359722 0.0078125 0.0173611
0 0.376172 0.145833 0.0226563 0.0600694
1 0.562891 0.357639 0.00859375 0.0180556
0 0.292969 0.608333 0.0164062 0.0458333
0 0.392188 0.228472 0.0210938 0.0458333
0 0.395312 0.223958 0.0265625 0.05625
0 0.396875 0.217708 0.03125 0.0677083
0 0.390234 0.23125 0.0164062 0.0395833
0 0.321875 0.129167 0.0179687 0.0725694
0 0.320312 0.111545 0.0109375 0.0383681
1 0.567187 0.359722 0.0101562 0.0201389
1 0.560938 0.361806 0.0109375 0.0222222
1 0.321875 0.129167 0.0179687 0.0725694
1 0.391016 0.23125 0.0179687 0.0416667
0 0.385938 0.140799 0.0421875 0.0600694
1 0.247266 0.758333 0.0136719 0.0222222
0 0.310742 0.118403 0.0277344 0.0645833
0 0.108789 0.489583 0.0195312 0.0152778
0 0.390625 0.221875 0.0234375 0.0607639
1 0.566016 0.357639 0.0132813 0.025
1 0.376367 0.144271 0.0222656 0.0565972
0 0.387598 0.184896 0.0373047 0.129861
1 0.566406 0.363889 0.0125 0.0263889
0 0.247266 0.758333 0.0136719 0.0222222
0 0.322656 0.128906 0.0121094 0.0472222
1 0.39375 0.227431 0.0226563 0.0496528
0 0.313672 0.119444 0.0257812 0.0552083
2 0.376758 0.143403 0.0230469 0.0552083
1 0.564844 0.303819 0.0046875 0.0111111
1 0.322656 0.128906 0.0121094 0.0472222
0 0.30332 0.118576 0.0191406 0.05625
0 0.382031 0.138976 0.0335938 0.0515625
1 0.247656 0.7625 0.0148437 0.025
0 0.395312 0.139497 0.0617188 0.0619792
1 0.564062 0.366319 0.0132813 0.0284722
1 0.550781 0.340451 0.00703125 0.0204861
1 0.549609 0.340451 0.00703125 0.021875
3 0.376758 0.143403 0.0230469 0.0552083
0 0.301172 0.113194 0.0191406 0.0548611
0 0.307813 0.133333 0.0226563 0.0732639
1 0.558594 0.361806 0.0140625 0.0208333
1 0.374609 0.139931 0.015625 0.0402778
0 0.299219 0.118576 0.0195312 0.0545139
1 0.385938 0.140799 0.0421875 0.0600694
1 0.394922 0.217882 0.028125 0.065625
0 0.247656 0.7625 0.0148437 0.025
0 0.303516 0.129688 0.0179687 0.0520833
0 0.406152 0.218403 0.0501953 0.0715278
1 0.377344 0.153472 0.0234375 0.0767361
0 0.311328 0.128299 0.025 0.0583333
1 0.245508 0.751389 0.0140625 0.0333333
0 0.5625 0.359722 0.0078125 0.0173611
0 0.318945 0.110243 0.0148437 0.0527778
1 0.310742 0.118403 0.0277344 0.0645833
0 0.594141 0.776563 0.102344 0.260764
3 0.0850098 0.139236 0.17002 0.225694
1 0.250195 0.761111 0.01875 0.0222222
0 0.051416 0.954167 0.0891602 0.0722222
1 0.293555 0.60625 0.0175781 0.05
1 0.5625 0.360417 0.0078125 0.0194444
1 0.246094 0.759722 0.0109375 0.0194444
1 0.5625 0.363542 0.009375 0.0263889
0 0.321094 0.117014 0.0132813 0.0472222
1 0.564062 0.359722 0.0109375 0.0194444
1 0.562891 0.358333 0.009375 0.0194444
0 0.376172 0.147569 0.0226563 0.0618056
0 0.246094 0.759722 0.0109375 0.0194444
0 0.378516 0.141667 0.0265625 0.053125
1 0.567187 0.359722 0.0109375 0.0208333
0 0.379102 0.157726 0.0285156 0.0838542
1 0.320703 0.113715 0.0109375 0.0402778
0 0.29375 0.60625 0.01875 0.0520833
0 0.403125 0.141319 0.0757812 0.0590278
0 0.320312 0.109028 0.0101562 0.0329861
1 0.247266 0.758333 0.0140625 0.0222222
1 0.321289 0.119792 0.0140625 0.0524306
0 0.322266 0.122309 0.0140625 0.0532986
1 0.563672 0.364931 0.0148437 0.0305556
0 0.389844 0.232292 0.0164062 0.0402778
0 0.383203 0.139931 0.0351562 0.0522569
0 0.391406 0.225868 0.0210938 0.0517361
1 0.292969 0.599653 0.0214844 0.0604167
1 0.566016 0.363889 0.0132813 0.0291667
0 0.108789 0.488889 0.0203125 0.0152778
0 0.3875 0.183681 0.0429688 0.132639
0 0.395215 0.228125 0.0267578 0.0496528
0 0.397559 0.221181 0.0330078 0.0625
0 0.395312 0.2125 0.0367187 0.0770833
1 0.565625 0.357552 0.0140625 0.0279514
0 0.32168 0.128993 0.01875 0.0729167
0 0.247266 0.758333 0.0140625 0.0222222
1 0.248047 0.763194 0.0164062 0.0277778
0 0.39375 0.173655 0.0601562 0.121441
0 0.389844 0.216319 0.0226563 0.0729167
0 0.308203 0.116146 0.0226563 0.0576389
1 0.244922 0.763889 0.0140625 0.0277778
0 0.375 0.140278 0.01875 0.0430556
0 0.322266 0.129514 0.0117188 0.0430556
1 0.389844 0.232292 0.0164062 0.0402778
1 0.550781 0.339757 0.0078125 0.0232639
1 0.563672 0.368056 0.0117188 0.0361111
1 0.245117 0.751389 0.0148437 0.0333333
1 0.558984 0.362153 0.0140625 0.0229167
1 0.249805 0.759722 0.0183594 0.0222222
0 0.311914 0.116319 0.0234375 0.053125
0 0.389453 0.23941 0.0140625 0.0263889
0 0.245117 0.751389 0.0148437 0.0333333
0 0.400098 0.203819 0.0482422 0.0958333
0 0.379102 0.15408 0.0253906 0.0588542
1 0.389453 0.23941 0.0140625 0.0263889
0 0.391504 0.237153 0.0185547 0.0326389
0 0.324805 0.12474 0.0203125 0.0631944
1 0.0514648 0.954167 0.0896484 0.0722222
0 0.302734 0.119271 0.0148437 0.0510417
1 0.564844 0.304688 0.0046875 0.0121528
0 0.248047 0.763194 0.0164062 0.0277778
0 0.277344 0.108681 0.0195312 0.0555556
0 0.0523437 0.975694 0.0888672 0.0486111
0 0.0513184 0.954167 0.0887695 0.075
0 0.321289 0.120052 0.0144531 0.0538194
1 0.5625 0.361111 0.0078125 0.0201389
1 0.292773 0.606944 0.0167969 0.0486111
1 0.245898 0.759722 0.0109375 0.0194444
0 0.320703 0.116059 0.0117188 0.0449653
1 0.562891 0.363889 0.0101562 0.0277778
0 0.383984 0.142622 0.0375 0.0571181
0 0.394141 0.141493 0.0585938 0.0590278
0 0.396875 0.218229 0.0328125 0.0666667
0 0.395215 0.225174 0.0283203 0.0538194
0 0.321875 0.128472 0.01875 0.0725694
1 0.564844 0.361458 0.0117188 0.0222222
0 0.39209 0.228125 0.0205078 0.0479167
0 0.245898 0.759722 0.0109375 0.0194444
0 0.377344 0.142535 0.0257812 0.0538194
1 0.562891 0.358681 0.009375 0.0201389
0 0.404297 0.226562 0.0445312 0.053125
0 0.389746 0.230903 0.0173828 0.0427083
0 0.320312 0.109201 0.0101562 0.0336806
1 0.320703 0.116059 0.0117188 0.0449653
0 0.403906 0.141059 0.0789063 0.0637153
0 0.292969 0.607639 0.0164062 0.0479167
1 0.564844 0.365625 0.0140625 0.0298611
0 0.384766 0.166146 0.0398437 0.102431
0 0.397266 0.17921 0.0625 0.127691
1 0.320312 0.109201 0.0101562 0.0336806
0 0.389062 0.185069 0.0445312 0.129514
0 0.406641 0.216667 0.0570313 0.0736111
1 0.321094 0.123438 0.015625 0.0604167
0 0.399219 0.229514 0.0335938 0.0458333
0 0.391309 0.210417 0.0314453 0.0840278
0 0.32207 0.135764 0.0140625 0.0461806
1 0.246875 0.759028 0.0140625 0.0222222
0 0.311523 0.11875 0.0261719 0.0611111
0 0.380078 0.164062 0.0289063 0.0975694
0 0.39375 0.233333 0.021875 0.0395833
0 0.0532349 0.993056 0.0878662 0.0138889
1 0.565234 0.360069 0.0148437 0.0298611
1 0.390723 0.230556 0.0185547 0.0423611
0 0.410156 0.133767 0.0921875 0.0699653
1 0.29082 0.609722 0.0144531 0.0444444
1 0.244922 0.7625 0.0136719 0.0277778
0 0.246875 0.759028 0.0140625 0.0222222
1 0.561719 0.365278 0.0140625 0.03125
1 0.563672 0.368056 0.0117188 0.0375
0 0.374414 0.139236 0.0191406 0.0463542
0 0.313281 0.126215 0.028125 0.0590278
1 0.247656 0.7625 0.0164062 0.0277778
0 0.5625 0.360069 0.00859375 0.0180556
1 0.322656 0.119097 0.0148437 0.0513889
0 0.420703 0.223438 0.0804688 0.0652778
0 0.312109 0.112153 0.021875 0.0496528
1 0.393848 0.227431 0.0248047 0.05
0 0.562891 0.363889 0.0101562 0.0277778
0 0.244922 0.7625 0.0136719 0.0277778
0 0.378125 0.153472 0.0265625 0.0666667
0 0.403125 0.159375 0.0703125 0.0878472
1 0.25 0.761111 0.0179687 0.0222222
1 0.321875 0.128472 0.01875 0.0725694
0 0.305273 0.114063 0.0199219 0.0552083
0 0.398047 0.131944 0.0578125 0.0456597
0 0.564844 0.365625 0.0140625 0.0298611
0 0.409766 0.233333 0.05 0.0454861
0 0.405859 0.237847 0.0429688 0.0333333
0 0.310352 0.103038 0.01875 0.0432292
0 0.32168 0.144097 0.0203125 0.0493056
0 0.338086 0.0339518 0.0136719 0.0437283
1 0.558594 0.3625 0.0140625 0.0236111
0 0.31875 0.107552 0.0148437 0.0496528
0 0.247656 0.7625 0.0164062 0.0277778
1 0.241016 0.759722 0.0191406 0.0236111
3 0.0811523 0.123611 0.162305 0.206944
1 0.385547 0.141146 0.0414063 0.0545139
3 0.0808594 0.0805556 0.161719 0.161111
0 0.000170898 0.725 0.000341797 0.136111
1 0.39375 0.233333 0.021875 0.0395833
0 0.0509766 0.954167 0.0884766 0.0694444
1 0.5625 0.359722 0.0078125 0.0173611
1 0.246094 0.759722 0.0101562 0.0166667
1 0.292578 0.607292 0.0164062 0.0472222
0 0.321484 0.120312 0.0132813 0.0548611
0 0.320703 0.116406 0.0109375 0.0458333
0 0.246094 0.759722 0.0101562 0.0166667
1 0.5625 0.363889 0.009375 0.0256944
0 0.377539 0.142535 0.0253906 0.0545139
1 0.245508 0.758333 0.0121094 0.0208333
0 0.393359 0.227778 0.0234375 0.0493056
1 0.562891 0.357639 0.009375 0.0180556
0 0.383984 0.140278 0.0375 0.0527778
1 0.564453 0.359722 0.0109375 0.0173611
0 0.245508 0.758333 0.0121094 0.0208333
0 0.398047 0.217708 0.0351562 0.0680556
0 0.390723 0.230903 0.0169922 0.0423611
0 0.320312 0.108507 0.0101562 0.0322917
0 0.292578 0.608333 0.015625 0.0458333
0 0.401563 0.226736 0.0375 0.0548611
1 0.321484 0.120312 0.0132813 0.0548611
1 0.320703 0.116406 0.0109375 0.0458333
1 0.567187 0.359028 0.0101562 0.0180556
1 0.561328 0.361806 0.0109375 0.0222222
0 0.380078 0.158941 0.03125 0.0866319
0 0.400781 0.140799 0.0710938 0.0590278
0 0.320703 0.126389 0.0167969 0.0638889
1 0.247266 0.759722 0.0132813 0.0194444
0 0.407031 0.231597 0.0476562 0.0451389
1 0.320312 0.108507 0.0101562 0.0322917
0 0.323438 0.131944 0.0121094 0.0444444
0 0.409277 0.226042 0.0564453 0.0555556
0 0.376953 0.152778 0.025 0.0666667
0 0.389453 0.221181 0.0242187 0.0631944
0 0.393066 0.234028 0.0201172 0.0402778
1 0.566406 0.364583 0.0125 0.0291667
1 0.390723 0.230903 0.0169922 0.0423611
0 0.392871 0.188151 0.0548828 0.126476
0 0.245703 0.751389 0.0125 0.0333333
1 0.565625 0.357639 0.0140625 0.0256944
1 0.565234 0.303646 0.0046875 0.0114583
1 0.29043 0.610417 0.0136719 0.0416667
0 0.247266 0.759722 0.0132813 0.0194444
1 0.246094 0.7625 0.0109375 0.025
0 0.413281 0.214583 0.0695312 0.0791667
0 0.391797 0.134115 0.05 0.0491319
0 0.0819824 0.090625 0.160254 0.179167
1 0.378125 0.141406 0.0265625 0.0526042
1 0.564062 0.368056 0.0109375 0.0361111
0 0.39834 0.235069 0.0314453 0.0402778
1 0.550781 0.341319 0.0078125 0.01875
0 0.373437 0.139583 0.0140625 0.0399306
1 0.551172 0.343924 0.00703125 0.0184028
0 0.10918 0.488194 0.0226563 0.0201389
1 0.393848 0.228125 0.0232422 0.05
1 0.248437 0.765278 0.0171875 0.0305556
1 0.245703 0.751389 0.0125 0.0333333
0 0.420215 0.223264 0.0783203 0.06875
0 0.0512207 0.954167 0.0889648 0.0694444
1 0.292773 0.606944 0.0167969 0.0479167
1 0.5625 0.360069 0.00859375 0.0180556
0 0.321484 0.12066 0.0140625 0.0555556
1 0.246289 0.759722 0.0101562 0.0166667
0 0.378125 0.143576 0.0257812 0.0569444
0 0.246289 0.759722 0.0101562 0.0166667
1 0.5625 0.363889 0.009375 0.0263889
1 0.564062 0.360417 0.0125 0.0208333
0 0.392871 0.226736 0.0220703 0.0520833
0 0.320312 0.127257 0.0175781 0.0670139
0 0.387402 0.142882 0.0455078 0.0590278
1 0.245703 0.758333 0.0117188 0.0208333
1 0.563281 0.357986 0.0101562 0.01875
0 0.396875 0.218403 0.0320312 0.0659722
1 0.320703 0.117535 0.0113281 0.0489583
0 0.245703 0.758333 0.0117188 0.0208333
0 0.321094 0.115885 0.0109375 0.0470486
0 0.389746 0.230903 0.0173828 0.0444444
1 0.321484 0.121875 0.0148437 0.0588542
0 0.320312 0.11059 0.0105469 0.0368056
0 0.293164 0.606944 0.0179687 0.0486111
0 0.402344 0.226736 0.0390625 0.0555556
1 0.561719 0.3625 0.0125 0.0243056
1 0.564062 0.365278 0.0140625 0.0305556
1 0.566406 0.359722 0.0125 0.0194444
1 0.320312 0.11059 0.0105469 0.0368056
0 0.322266 0.130208 0.0132813 0.0489583
0 0.4 0.143056 0.0703125 0.0625
1 0.290625 0.610417 0.0140625 0.0416667
0 0.403027 0.216493 0.0455078 0.071875
0 0.382031 0.155729 0.034375 0.0805556
0 0.389746 0.224306 0.0220703 0.05625
1 0.247461 0.759722 0.0128906 0.0194444
0 0.407031 0.232465 0.0476562 0.0440972
0 0.408984 0.225694 0.0546875 0.05625
0 0.391016 0.196571 0.0375 0.108247
0 0.375586 0.154167 0.0214844 0.0670139
1 0.565234 0.359028 0.0148437 0.0263889
1 0.390625 0.229167 0.01875 0.0479167
0 0.314453 0.120573 0.0230469 0.0571181
0 0.392969 0.183681 0.0554687 0.121875
0 0.324023 0.126649 0.0199219 0.0685764
0 0.245898 0.751389 0.0125 0.0319444
0 0.322461 0.13724 0.0160156 0.0560764
0 0.309375 0.118663 0.021875 0.0592014
0 0.247461 0.759722 0.0128906 0.0194444
1 0.246094 0.7625 0.0109375 0.025
1 0.377734 0.142708 0.0257812 0.0548611
0 0.246094 0.7625 0.0109375 0.025
0 0.417188 0.216667 0.075 0.0746528
1 0.5625 0.368056 0.0109375 0.0361111
0 0.398828 0.234896 0.0328125 0.0413194
1 0.144727 0.843056 0.00664063 0.0138889
1 0.322266 0.130208 0.0132813 0.0489583
0 0.303906 0.113194 0.0167969 0.0552083
0 0.394531 0.136632 0.0539063 0.0517361
0 0.563281 0.364236 0.0109375 0.0270833
0 0.108398 0.488194 0.0238281 0.0208333
0 0.312891 0.129167 0.025 0.0621528
1 0.551172 0.339757 0.0078125 0.021875
1 0.248047 0.763889 0.0164062 0.0305556
0 0.562891 0.359375 0.009375 0.0166667
1 0.321875 0.129514 0.0195312 0.0739583
0 0.303516 0.107986 0.0140625 0.0486111
1 0.373242 0.139236 0.0132813 0.0401042
1 0.245898 0.751389 0.0125 0.0319444
1 0.0512695 0.954167 0.0890625 0.0694444
0 0.380469 0.155469 0.0265625 0.0612847
1 0.559375 0.362153 0.015625 0.0236111
0 0.372461 0.147309 0.0171875 0.0480903
1 0.551562 0.343403 0.0078125 0.0201389
0 0.0510254 0.954167 0.0881836 0.0694444
1 0.292969 0.606597 0.0171875 0.0486111
1 0.246094 0.759028 0.0101562 0.0180556
0 0.321484 0.120226 0.0136719 0.0543403
1 0.5625 0.359722 0.0078125 0.0180556
0 0.377148 0.142969 0.0238281 0.0546875
0 0.320703 0.115451 0.0109375 0.0440972
0 0.246094 0.759028 0.0101562 0.0180556
1 0.5625 0.364236 0.009375 0.0270833
0 0.392188 0.227778 0.0210938 0.0489583
1 0.564062 0.360764 0.0125 0.0208333
0 0.320312 0.127431 0.0171875 0.0663194
1 0.320703 0.115451 0.0109375 0.0440972
1 0.563281 0.357639 0.009375 0.0180556
0 0.382031 0.141319 0.0328125 0.0541667
0 0.292969 0.60625 0.0179687 0.05
0 0.389844 0.231944 0.0171875 0.0416667
1 0.561719 0.362847 0.0125 0.025
0 0.394922 0.216319 0.0296875 0.0694444
0 0.320312 0.108681 0.0101562 0.0329861
0 0.321875 0.12934 0.0132813 0.0491319
1 0.564062 0.365278 0.0140625 0.0305556
1 0.320312 0.108681 0.0101562 0.0329861
1 0.566406 0.359375 0.0117188 0.01875
1 0.290625 0.610417 0.0148437 0.0423611
0 0.399121 0.225 0.0361328 0.05625
1 0.321484 0.121267 0.0148437 0.0567708
1 0.247266 0.758333 0.0132813 0.0222222
0 0.398438 0.142101 0.0664062 0.0616319
0 0.380273 0.161111 0.0308594 0.0902778
0 0.4 0.211979 0.0421875 0.0805556
1 0.565234 0.358681 0.0148437 0.0256944
1 0.390625 0.230556 0.0179687 0.0451389
0 0.32207 0.137674 0.0164062 0.0541667
0 0.405859 0.22691 0.0476562 0.0541667
0 0.247266 0.758333 0.0132813 0.0222222
0 0.375781 0.153125 0.0210938 0.0625
0 0.390625 0.187457 0.0492188 0.125781
1 0.246094 0.7625 0.0113281 0.025
0 0.3125 0.119531 0.025 0.0598958
0 0.246094 0.7625 0.0113281 0.025
1 0.377148 0.142014 0.0246094 0.0524306
0 0.5625 0.359028 0.009375 0.0166667
0 0.563281 0.364583 0.0109375 0.0277778
1 0.5625 0.367361 0.0109375 0.0361111
0 0.246094 0.751389 0.0125 0.0333333
0 0.314258 0.128906 0.0257812 0.0600694
0 0.324219 0.126215 0.0195312 0.0673611
1 0.247656 0.763889 0.015625 0.0277778
1 0.321875 0.12934 0.0132813 0.0491319
1 0.373437 0.13941 0.0132813 0.0402778
0 0.304883 0.11875 0.0171875 0.0517361
0 0.412891 0.213021 0.0710938 0.0822917
0 7.32422e-05 0.713889 0.000146484 0.115278
0 0.247656 0.763889 0.015625 0.0277778
0 0.373047 0.146528 0.0179687 0.0472222
1 0.552344 0.336285 0.009375 0.0295139
1 0.551172 0.338889 0.00859375 0.0243056
0 0.391016 0.135417 0.046875 0.0513889
0 0.383984 0.149045 0.0351562 0.0619792
1 0.246094 0.751389 0.0125 0.0333333
1 0.549609 0.338194 0.0078125 0.0263889
1 0.0511719 0.954167 0.0890625 0.0694444
0 0.380078 0.155035 0.0257812 0.0565972
2 0.377148 0.141753 0.0246094 0.0529514
0 0.321484 0.145139 0.01875 0.0520833
0 0.396875 0.235938 0.0289063 0.0375
0 0.564062 0.360764 0.0125 0.0208333
0 0.583203 0.94375 0.0304688 0.0736111
0 0.0510742 0.954167 0.0884766 0.0694444
0 0.321484 0.120573 0.0140625 0.0550347
1 0.292969 0.606944 0.0164062 0.0472222
1 0.5625 0.360417 0.0078125 0.0194444
1 0.246094 0.759028 0.0101562 0.0180556
0 0.246094 0.759028 0.0101562 0.0180556
0 0.376563 0.142622 0.0226563 0.0536458
1 0.5625 0.364236 0.009375 0.0270833
0 0.391016 0.228472 0.0195312 0.0479167
0 0.320703 0.12691 0.0164062 0.0659722
1 0.564062 0.361111 0.0125 0.0222222
0 0.321094 0.115972 0.0117188 0.0465278
1 0.563281 0.357986 0.009375 0.01875
0 0.389746 0.232639 0.0158203 0.0395833
0 0.39375 0.215625 0.028125 0.0711806
0 0.292969 0.606944 0.0171875 0.0486111
0 0.385547 0.140625 0.040625 0.0552083
1 0.564062 0.365278 0.0140625 0.0305556
0 0.320312 0.110243 0.0101562 0.0361111
0 0.321875 0.128993 0.0136719 0.0501736
1 0.29043 0.611806 0.0140625 0.0395833
1 0.566406 0.360417 0.0109375 0.0208333
1 0.320703 0.118837 0.0117188 0.0510417
0 0.380078 0.165712 0.0304688 0.100174
1 0.320312 0.110243 0.0101562 0.0361111
0 0.394434 0.230208 0.0236328 0.0465278
1 0.247266 0.758333 0.0132813 0.0208333
0 0.398535 0.223611 0.0357422 0.0583333
0 0.389453 0.187543 0.0460938 0.129774
0 0.396191 0.141146 0.0623047 0.0586806
0 0.247266 0.758333 0.0132813 0.0208333
1 0.390234 0.231944 0.0171875 0.0420139
0 0.321875 0.136632 0.0160156 0.0541667
0 0.398828 0.20816 0.040625 0.0881944
0 0.583594 0.94375 0.0320312 0.0763889
0 0.315039 0.12066 0.021875 0.0555556
0 0.375781 0.153472 0.0210938 0.0628472
1 0.246094 0.7625 0.0113281 0.025
0 0.310547 0.116753 0.0210938 0.0574653
0 0.405566 0.227083 0.0466797 0.0548611
0 0.246094 0.751389 0.0125 0.0333333
0 0.246094 0.7625 0.0113281 0.025
1 0.5625 0.367361 0.0109375 0.0361111
1 0.550781 0.339063 0.0078125 0.0239583
0 0.563281 0.364583 0.0109375 0.0277778
0 0.5625 0.359375 0.009375 0.0166667
1 0.552344 0.336632 0.009375 0.0288194
1 0.376563 0.141493 0.0234375 0.0513889
0 0.324219 0.125955 0.0195312 0.0673611
0 0.304102 0.118403 0.015625 0.0513889
1 0.0511719 0.954167 0.0892578 0.0694444
1 0.549609 0.338542 0.0078125 0.0256944
0 0.403516 0.232986 0.0414063 0.0395833
0 0.247656 0.763889 0.015625 0.0291667
1 0.551562 0.342014 0.0078125 0.0222222
0 0.373047 0.146701 0.0179687 0.0458333
0 0.0510864 0.954167 0.0884521 0.0694444
0 0.321484 0.121007 0.0140625 0.0559028
1 0.246094 0.759028 0.0101562 0.0180556
1 0.5625 0.360417 0.0078125 0.0194444
1 0.292773 0.607292 0.0164062 0.0472222
0 0.246094 0.759028 0.0101562 0.0180556
0 0.376953 0.142101 0.0242187 0.0529514
1 0.562109 0.364583 0.009375 0.0277778
0 0.391016 0.228125 0.0195312 0.0486111
0 0.321094 0.116319 0.0117188 0.0472222
1 0.564062 0.361111 0.0117188 0.0222222
0 0.321875 0.128993 0.0183594 0.0729167
0 0.389844 0.232639 0.0164062 0.0399306
1 0.562891 0.358333 0.0101562 0.0194444
0 0.382812 0.141059 0.0351562 0.0536458
0 0.393359 0.217014 0.0265625 0.0680556
1 0.561719 0.363194 0.0125 0.025
0 0.292969 0.606944 0.0167969 0.0486111
1 0.564062 0.365278 0.0140625 0.0305556
0 0.320312 0.111545 0.0101562 0.0383681
1 0.290234 0.6125 0.0132813 0.0375
1 0.566406 0.359722 0.0109375 0.0194444
0 0.396191 0.140278 0.0623047 0.0579861
0 0.394141 0.230556 0.0234375 0.0458333
1 0.247266 0.758333 0.0132813 0.0208333
0 0.390234 0.189757 0.0460938 0.125347
1 0.320703 0.119792 0.0117188 0.053125
0 0.39834 0.223438 0.0345703 0.0586806
0 0.381641 0.167882 0.0335938 0.104514
0 0.247266 0.758333 0.0132813 0.0208333
1 0.320312 0.111545 0.0101562 0.0383681
1 0.565234 0.359028 0.0148437 0.0263889
0 0.32207 0.136111 0.015625 0.0552083
1 0.390234 0.231944 0.0171875 0.0416667
0 0.398828 0.209332 0.0398437 0.0855035
0 0.315039 0.120573 0.0214844 0.0553819
0 0.583594 0.944444 0.0320312 0.0777778
0 0.376953 0.15191 0.0234375 0.0621528
0 0.291992 0.611111 0.0140625 0.0402778
0 0.386133 0.132899 0.0433594 0.0668403
0 0.398535 0.187674 0.0576172 0.131944
0 0.378906 0.16033 0.0273438 0.0894097
1 0.5625 0.367361 0.0109375 0.0361111
1 0.246094 0.7625 0.0113281 0.025
0 0.404687 0.227083 0.0453125 0.0548611
0 0.563281 0.364583 0.0109375 0.0277778
0 0.5625 0.359722 0.009375 0.0166667
0 0.246094 0.7625 0.0113281 0.025
0 0.309766 0.116493 0.0203125 0.0572917
0 0.246094 0.751389 0.0125 0.0333333
1 0.551562 0.339236 0.0078125 0.0236111
0 0.421191 0.750694 0.0982422 0.136111
0 0.314063 0.128819 0.0234375 0.0586806
1 0.552344 0.336632 0.009375 0.0288194
1 0.0512573 0.954167 0.0892822 0.0694444
0 0.374609 0.139062 0.0164062 0.0409722
0 0.372852 0.146354 0.0171875 0.0451389
0 0.304688 0.111719 0.015625 0.0508681
0 0.304297 0.104861 0.0125 0.0416667
0 0.39375 0.130035 0.059375 0.0736111
1 0.376953 0.141146 0.0242187 0.0513889
0 0.248047 0.764583 0.0164062 0.0305556
0 0.564062 0.361111 0.0117188 0.0222222
0 0.392285 0.134201 0.0513672 0.0506944
1 0.549609 0.338715 0.0078125 0.0260417
0 0.325195 0.125347 0.0226563 0.0649306
0 0.402344 0.233507 0.0390625 0.0375
1 0.248047 0.764583 0.0164062 0.0305556
0 0.0511597 0.954167 0.088501 0.0694444
0 0.321484 0.121094 0.0140625 0.0560764
1 0.246094 0.759028 0.0105469 0.0180556
1 0.5625 0.360764 0.0078125 0.0201389
0 0.246094 0.759028 0.0105469 0.0180556
1 0.292773 0.607292 0.0160156 0.0465278
0 0.376953 0.141146 0.0242187 0.0510417
1 0.562109 0.364583 0.009375 0.0277778
1 0.291992 0.6125 0.0136719 0.0375
0 0.390527 0.231597 0.0173828 0.0423611
0 0.321094 0.116493 0.0117188 0.0475694
0 0.32207 0.128993 0.0179687 0.0725694
1 0.564062 0.360417 0.0109375 0.0208333
0 0.383398 0.141146 0.0363281 0.0541667
1 0.5625 0.358333 0.009375 0.0194444
0 0.392578 0.227778 0.021875 0.0513889
0 0.394141 0.217882 0.0273438 0.0666667
1 0.561719 0.363194 0.0125 0.0256944
0 0.321875 0.128299 0.0128906 0.0493056
0 0.292969 0.606944 0.0164062 0.0472222
0 0.396094 0.140451 0.0617188 0.0583333
1 0.567187 0.359722 0.009375 0.0194444
1 0.564062 0.365625 0.0140625 0.0305556
0 0.391504 0.193229 0.0466797 0.118056
0 0.398438 0.223264 0.0351562 0.059375
1 0.320898 0.119965 0.0117188 0.053125
0 0.381641 0.16441 0.034375 0.0975694
1 0.247266 0.758333 0.0132813 0.0208333
0 0.397266 0.230208 0.0304688 0.0454861
1 0.320312 0.112413 0.0101562 0.0401042
0 0.399121 0.211285 0.0392578 0.0815972
0 0.32207 0.135417 0.015625 0.05625
0 0.247266 0.758333 0.0132813 0.0208333
1 0.390527 0.231597 0.0173828 0.0423611
0 0.377148 0.151997 0.0238281 0.0619792
1 0.565625 0.358681 0.0140625 0.0256944
0 0.398828 0.189236 0.0570313 0.128819
0 0.40459 0.226736 0.0455078 0.0555556
0 0.315234 0.121094 0.021875 0.0557292
0 0.387305 0.132986 0.0457031 0.0673611
0 0.291992 0.6125 0.0136719 0.0375
1 0.5625 0.367361 0.0109375 0.0361111
1 0.246094 0.7625 0.0113281 0.025
0 0.374609 0.139583 0.0171875 0.0430556
0 0.583594 0.944444 0.0328125 0.0777778
0 0.5625 0.359722 0.009375 0.0166667
0 0.246094 0.7625 0.0113281 0.025
0 0.30918 0.115972 0.0191406 0.0559028
0 0.402734 0.232986 0.0398437 0.0388889
0 0.562891 0.364583 0.0101562 0.0277778
0 0.245898 0.751389 0.0125 0.0333333
1 0.550781 0.339236 0.0078125 0.0243056
1 0.0512573 0.954167 0.0892822 0.0694444
0 0.314063 0.129427 0.0234375 0.0585069
1 0.552344 0.336806 0.009375 0.0291667
0 0.372656 0.146528 0.0171875 0.0454861
1 0.377344 0.141146 0.025 0.0517361
0 0.421191 0.751562 0.0982422 0.135764
0 0.393066 0.134722 0.0513672 0.0503472
0 0.564062 0.365625 0.0140625 0.0305556
0 0.338281 0.0337674 0.0140625 0.0451389
0 0.390625 0.220486 0.021875 0.0597222
0 0.321875 0.144618 0.0171875 0.0520833
0 0.247852 0.763889 0.0160156 0.0305556
0 0.325195 0.125 0.0226563 0.0638889
1 0.247852 0.763889 0.0160156 0.0305556
0 0.0511841 0.954167 0.0886475 0.0694444
0 0.321484 0.121007 0.0140625 0.0559028
1 0.246094 0.759028 0.0105469 0.0180556
1 0.5625 0.360764 0.0078125 0.0201389
0 0.245898 0.758333 0.0105469 0.0194444
0 0.376953 0.141146 0.0242187 0.0510417
1 0.292773 0.607292 0.0160156 0.0465278
1 0.562109 0.364583 0.009375 0.0277778
0 0.390527 0.231771 0.0173828 0.0423611
1 0.291797 0.6125 0.0132813 0.0368056
1 0.564062 0.360417 0.0109375 0.0208333
0 0.322266 0.128646 0.0171875 0.0715278
0 0.392578 0.227778 0.0210938 0.0510417
0 0.383203 0.141059 0.0359375 0.0539931
0 0.39375 0.218229 0.0265625 0.0659722
1 0.5625 0.358333 0.009375 0.0194444
1 0.561719 0.363194 0.0125 0.025
0 0.321875 0.127951 0.0125 0.0489583
0 0.320312 0.112847 0.0101562 0.0409722
0 0.395996 0.140451 0.0611328 0.0583333
0 0.292969 0.607292 0.0164062 0.0472222
1 0.567187 0.359722 0.0101562 0.0194444
0 0.39834 0.222917 0.0345703 0.0597222
0 0.390625 0.194618 0.04375 0.114931
0 0.381641 0.16224 0.0335938 0.0932292
1 0.247266 0.758333 0.0132813 0.0208333
1 0.564062 0.365625 0.0140625 0.0305556
1 0.320703 0.120226 0.0117188 0.0536458
0 0.396875 0.230208 0.0296875 0.0451389
0 0.322266 0.135243 0.0148437 0.0545139
0 0.398828 0.211632 0.0390625 0.08125
1 0.320312 0.112847 0.0101562 0.0409722
1 0.390527 0.231771 0.0173828 0.0423611
0 0.377148 0.151823 0.0238281 0.0612847
0 0.398535 0.189757 0.0560547 0.127778
0 0.386523 0.133073 0.0441406 0.0668403
1 0.565625 0.358333 0.0140625 0.025
0 0.315234 0.121354 0.021875 0.0559028
0 0.374609 0.139583 0.0171875 0.0430556
0 0.404297 0.227083 0.0445312 0.0541667
0 0.291797 0.6125 0.0132813 0.0368056
1 0.246094 0.7625 0.0113281 0.025
1 0.5625 0.367361 0.0109375 0.0361111
0 0.5625 0.359722 0.009375 0.0173611
0 0.246094 0.7625 0.0113281 0.025
1 0.377344 0.141059 0.025 0.0515625
0 0.308594 0.115625 0.01875 0.0548611
0 0.245703 0.751389 0.0125 0.0333333
0 0.391797 0.134896 0.0492188 0.0486111
0 0.372852 0.146528 0.0175781 0.0454861
0 0.401953 0.233333 0.0382813 0.0381944
0 0.5625 0.364583 0.009375 0.0277778
0 0.583594 0.943056 0.03125 0.075
1 0.552344 0.336806 0.009375 0.0291667
0 0.338281 0.0336697 0.0140625 0.0453342
1 0.550781 0.339236 0.0078125 0.0243056
0 0.314063 0.129427 0.0234375 0.0576389
0 0.322266 0.144705 0.0164062 0.0512153
1 0.0512817 0.954167 0.0894287 0.0694444
0 0.3375 0.0455729 0.0109375 0.0208333
0 0.0511719 0.954167 0.0886719 0.0694444
0 0.321484 0.12092 0.0140625 0.0557292
1 0.246094 0.759028 0.0105469 0.0180556
1 0.5625 0.360417 0.0078125 0.0194444
0 0.376953 0.141927 0.0242187 0.0522569
0 0.245898 0.759028 0.0105469 0.0180556
1 0.292773 0.607292 0.0160156 0.0465278
1 0.562109 0.364583 0.009375 0.0277778
0 0.390625 0.231597 0.0179687 0.0427083
1 0.291797 0.6125 0.0132813 0.0375
0 0.383008 0.141059 0.0355469 0.0539931
0 0.392578 0.227604 0.021875 0.0513889
1 0.564062 0.360069 0.0109375 0.0201389
0 0.39375 0.218056 0.0265625 0.0663194
0 0.322266 0.128733 0.0171875 0.0713542
1 0.5625 0.358333 0.009375 0.0194444
1 0.561719 0.362847 0.0125 0.025
0 0.320312 0.113281 0.0101562 0.0418403
0 0.396094 0.140451 0.0617188 0.0590278
0 0.292969 0.607292 0.0164062 0.0472222
0 0.390625 0.195139 0.0429688 0.113542
1 0.567187 0.359722 0.0109375 0.0194444
0 0.381641 0.161719 0.0335938 0.0921875
0 0.39834 0.222569 0.0345703 0.0604167
1 0.247266 0.758333 0.0132813 0.0208333
0 0.32207 0.134635 0.0152344 0.0555556
0 0.398438 0.211285 0.0382813 0.0815972
0 0.396973 0.230035 0.0294922 0.0454861
1 0.320703 0.120312 0.0117188 0.0538194
1 0.564062 0.365625 0.0140625 0.0305556
1 0.320312 0.113281 0.0101562 0.0418403
0 0.398535 0.188932 0.0560547 0.12908
0 0.247266 0.758333 0.0132813 0.0208333
1 0.390625 0.231597 0.0179687 0.0427083
0 0.386719 0.132986 0.0445312 0.0670139
0 0.374609 0.139583 0.0171875 0.04375
0 0.31543 0.121441 0.021875 0.0564236
0 0.375781 0.153212 0.0210938 0.0609375
1 0.565625 0.358333 0.0140625 0.025
0 0.403906 0.226736 0.04375 0.0545139
1 0.246094 0.7625 0.0113281 0.025
0 0.291797 0.6125 0.0132813 0.0375
1 0.5625 0.367361 0.0109375 0.0361111
0 0.246094 0.7625 0.0113281 0.025
1 0.377344 0.141146 0.025 0.0517361
0 0.373047 0.146528 0.0179687 0.0458333
0 0.391797 0.135069 0.0484375 0.0479167
0 0.5625 0.359722 0.009375 0.0166667
0 0.308984 0.115625 0.01875 0.0545139
0 0.338281 0.033431 0.0140625 0.0458116
0 0.313867 0.128993 0.0238281 0.0576389
0 0.245703 0.751389 0.0125 0.0333333
0 0.322266 0.144792 0.0164062 0.0517361
0 0.401953 0.233333 0.0375 0.0381944
1 0.552344 0.336806 0.009375 0.0291667
0 0.583203 0.942361 0.03125 0.0736111
1 0.550781 0.339236 0.0078125 0.0243056
0 0.562891 0.364583 0.0101562 0.0277778
1 0.0512817 0.954167 0.0894287 0.0694444
1 0.247852 0.763889 0.0160156 0.0291667
0 0.3375 0.0455295 0.0109375 0.0209201
0 0.0511719 0.954167 0.0886719 0.0694444
0 0.321484 0.120747 0.0136719 0.0553819
1 0.246094 0.759028 0.0105469 0.0180556
1 0.5625 0.360417 0.0078125 0.0194444
0 0.376758 0.142014 0.0238281 0.0524306
0 0.245898 0.759028 0.0105469 0.0180556
1 0.292578 0.607292 0.0160156 0.0465278
1 0.562109 0.364583 0.009375 0.0277778
0 0.391406 0.227431 0.0203125 0.05
1 0.291797 0.612153 0.0132813 0.0375
0 0.389844 0.232292 0.0171875 0.040625
0 0.382617 0.141059 0.0347656 0.0539931
1 0.564062 0.359722 0.0109375 0.0194444
0 0.393848 0.217708 0.0263672 0.0670139
0 0.322266 0.128819 0.0171875 0.0715278
1 0.5625 0.358333 0.009375 0.0194444
1 0.561719 0.3625 0.0125 0.025
0 0.320312 0.113368 0.0101562 0.0418403
0 0.389941 0.196181 0.0419922 0.111806
0 0.395703 0.140625 0.0609375 0.0590278
0 0.381641 0.163628 0.034375 0.0960069
0 0.292969 0.607292 0.0164062 0.0472222
1 0.567187 0.359375 0.0109375 0.01875
0 0.398047 0.222222 0.034375 0.0611111
1 0.247266 0.758333 0.0132813 0.0208333
0 0.398047 0.210243 0.0382813 0.0836806
0 0.32207 0.134722 0.0152344 0.0559028
0 0.396484 0.230035 0.0289063 0.0454861
1 0.320703 0.120312 0.0117188 0.0538194
0 0.386523 0.132899 0.0441406 0.0675347
1 0.564062 0.365625 0.0140625 0.0305556
1 0.320312 0.113368 0.0101562 0.0418403
0 0.397656 0.188368 0.0546875 0.130556
0 0.247266 0.758333 0.0132813 0.0208333
0 0.375781 0.152951 0.0207031 0.0611111
0 0.374609 0.13941 0.0171875 0.0434028
1 0.566406 0.364583 0.0140625 0.0305556
0 0.315625 0.121701 0.021875 0.0569444
1 0.390234 0.231597 0.0179687 0.0430556
0 0.393359 0.130816 0.0585938 0.0727431
1 0.565625 0.358333 0.0140625 0.025
1 0.246094 0.7625 0.0113281 0.025
0 0.291797 0.612153 0.0132813 0.0375
0 0.403516 0.226389 0.0429688 0.0541667
0 0.245703 0.7625 0.0132813 0.0263889
0 0.373047 0.146354 0.0179687 0.0458333
0 0.391797 0.134983 0.0460938 0.0473958
1 0.5625 0.367361 0.0109375 0.0361111
1 0.377148 0.141146 0.0246094 0.0520833
0 0.5625 0.359722 0.009375 0.0166667
0 0.308984 0.115625 0.01875 0.0538194
0 0.245703 0.751389 0.0125 0.0333333
0 0.338281 0.0334093 0.0140625 0.0460286
0 0.314063 0.128993 0.0242187 0.0583333
0 0.322266 0.144792 0.0164062 0.0524306
1 0.247656 0.763889 0.015625 0.0291667
1 0.552344 0.336806 0.0101562 0.0291667
0 0.583203 0.941667 0.03125 0.0722222
0 0.0512817 0.954167 0.0894287 0.0694444
0 0.321484 0.120486 0.0132813 0.0552083
1 0.246094 0.759028 0.0105469 0.0180556
1 0.5625 0.360417 0.0078125 0.0194444
0 0.376563 0.14184 0.0242187 0.0524306
0 0.245898 0.759028 0.0105469 0.0180556
1 0.292578 0.607292 0.0160156 0.0465278
1 0.562109 0.364583 0.009375 0.0277778
1 0.291797 0.6125 0.0132813 0.0375
0 0.391406 0.227431 0.0203125 0.05
0 0.389844 0.232292 0.0171875 0.040625
0 0.382422 0.140972 0.034375 0.0538194
0 0.393359 0.217361 0.0257812 0.0673611
1 0.564062 0.359722 0.0109375 0.0194444
0 0.322266 0.128819 0.0171875 0.071875
1 0.5625 0.357986 0.009375 0.01875
1 0.561719 0.3625 0.0125 0.0243056
0 0.320312 0.113368 0.0101562 0.0416667
0 0.389844 0.197049 0.040625 0.110417
0 0.395703 0.140451 0.0609375 0.0590278
0 0.292969 0.607292 0.0164062 0.0472222
1 0.567187 0.359375 0.0109375 0.01875
0 0.382031 0.165972 0.034375 0.100694
0 0.398047 0.222049 0.034375 0.0607639
1 0.247266 0.758333 0.0132813 0.0208333
0 0.32207 0.134722 0.0152344 0.05625
0 0.397559 0.210069 0.0376953 0.0840278
0 0.396484 0.229861 0.0289063 0.0451389
1 0.320898 0.120226 0.0117188 0.0536458
0 0.386719 0.132639 0.0445312 0.0680556
1 0.320312 0.113368 0.0101562 0.0416667
0 0.376953 0.151215 0.0234375 0.0614583
0 0.397754 0.188238 0.0544922 0.131163
0 0.378711 0.159549 0.0277344 0.0871528
1 0.564062 0.365278 0.0140625 0.0305556
0 0.374609 0.13941 0.0171875 0.0434028
0 0.247266 0.758333 0.0132813 0.0208333
0 0.315625 0.121788 0.021875 0.0576389
1 0.566406 0.364583 0.0140625 0.0305556
1 0.390234 0.231597 0.0179687 0.0427083
1 0.246094 0.7625 0.0113281 0.025
0 0.39375 0.130382 0.059375 0.0736111
1 0.565625 0.357986 0.0140625 0.0243056
0 0.291797 0.6125 0.0132813 0.0375
0 0.312109 0.120312 0.0234375 0.059375
0 0.372852 0.146267 0.0175781 0.0456597
1 0.563281 0.368056 0.0109375 0.0347222
0 0.403223 0.226562 0.0419922 0.0538194
0 0.245703 0.7625 0.0132813 0.0263889
1 0.377148 0.141146 0.0246094 0.0520833
0 0.391797 0.134896 0.0460938 0.0470486
0 0.5625 0.359722 0.009375 0.0166667
0 0.308984 0.115451 0.0179687 0.0538194
0 0.245703 0.751389 0.0125 0.0333333
0 0.338281 0.0333767 0.0140625 0.0460938
0 0.314063 0.129167 0.0242187 0.0588542
0 0.322266 0.144792 0.0164062 0.0524306
1 0.247656 0.763889 0.015625 0.0291667
1 0.552344 0.336458 0.009375 0.0291667
0 0.0512817 0.954861 0.0894287 0.0694444
0 0.321289 0.119618 0.0136719 0.0534722
1 0.246094 0.759028 0.0105469 0.0180556
1 0.5625 0.360417 0.0078125 0.0194444
0 0.376953 0.142014 0.0242187 0.0527778
1 0.292578 0.607292 0.0160156 0.0465278
0 0.245898 0.759028 0.0105469 0.0180556
0 0.320508 0.125521 0.0160156 0.0642361
1 0.291797 0.6125 0.0132813 0.0375
1 0.562109 0.364583 0.009375 0.0277778
0 0.391504 0.227083 0.0201172 0.05
0 0.389844 0.231597 0.0171875 0.0416667
0 0.392969 0.217187 0.0257812 0.0677083
0 0.382422 0.141059 0.034375 0.0539931
1 0.564062 0.359722 0.0109375 0.0194444
1 0.5625 0.357986 0.009375 0.01875
0 0.321875 0.127257 0.0125 0.0493056
0 0.320312 0.113021 0.0101562 0.0411458
0 0.38916 0.195443 0.0419922 0.113281
1 0.561719 0.3625 0.0125 0.0236111
0 0.395703 0.140799 0.0609375 0.059375
0 0.382031 0.166667 0.0351562 0.102431
1 0.567187 0.359028 0.0109375 0.0180556
0 0.292773 0.607639 0.0164062 0.0472222
1 0.247266 0.758333 0.0132813 0.0208333
0 0.398047 0.221528 0.034375 0.0618056
0 0.321875 0.134896 0.015625 0.0565972
1 0.320898 0.119965 0.0117188 0.0534722
0 0.397656 0.208637 0.0382813 0.0868924
0 0.396875 0.227778 0.0296875 0.0520833
1 0.320312 0.113021 0.0101562 0.0411458
0 0.3875 0.132639 0.0460938 0.06875
0 0.378906 0.160156 0.028125 0.0883681
0 0.374609 0.139583 0.0179687 0.0440972
0 0.397266 0.187109 0.0554687 0.132726
0 0.375781 0.152951 0.0207031 0.0614583
0 0.247266 0.758333 0.0132813 0.0208333
0 0.315625 0.121875 0.021875 0.0579861
1 0.389844 0.231597 0.0171875 0.0416667
1 0.566406 0.364583 0.0140625 0.0305556
1 0.246094 0.7625 0.0113281 0.025
1 0.564062 0.365278 0.0140625 0.0305556
1 0.565625 0.357986 0.0140625 0.0243056
0 0.291797 0.6125 0.0132813 0.0375
0 0.372852 0.146354 0.0175781 0.0458333
1 0.561719 0.365278 0.0132813 0.0319444
0 0.324219 0.125347 0.0191406 0.0649306
1 0.563281 0.368056 0.0109375 0.0347222
1 0.377148 0.141319 0.0246094 0.0524306
0 0.245703 0.7625 0.0132813 0.0263889
0 0.391797 0.134896 0.0453125 0.0465278
0 0.5625 0.359722 0.009375 0.0166667
0 0.308984 0.115451 0.0183594 0.0538194
0 0.338086 0.0334635 0.0136719 0.0459201
0 0.403125 0.226389 0.0414063 0.0534722
0 0.245898 0.751389 0.0128906 0.0333333
0 0.314258 0.129514 0.0242187 0.059375
0 0.322266 0.144792 0.0164062 0.0524306
1 0.247656 0.763889 0.015625 0.0291667
1 0.552344 0.336458 0.009375 0.0291667
0 0.0512695 0.954167 0.0886719 0.0694444
0 0.321289 0.119618 0.0136719 0.0538194
1 0.246094 0.759028 0.0105469 0.0180556
1 0.5625 0.360417 0.0078125 0.0194444
0 0.376953 0.142188 0.0242187 0.0527778
1 0.292578 0.607292 0.0160156 0.0465278
0 0.245898 0.759028 0.0105469 0.0180556
0 0.320508 0.125694 0.0160156 0.0645833
1 0.291797 0.6125 0.0132813 0.0375
0 0.391504 0.227083 0.0201172 0.05
1 0.562109 0.364583 0.009375 0.0277778
0 0.389844 0.231597 0.0171875 0.0416667
0 0.392969 0.217014 0.0257812 0.0680556
0 0.386523 0.140885 0.0433594 0.0557292
1 0.564062 0.359375 0.0109375 0.01875
1 0.5625 0.357986 0.009375 0.01875
0 0.321875 0.127083 0.0125 0.0498264
0 0.38916 0.194965 0.0419922 0.114236
0 0.320312 0.113021 0.0101562 0.0413194
1 0.561719 0.362153 0.0125 0.0236111
0 0.382227 0.166406 0.0355469 0.101562
0 0.39541 0.140972 0.0607422 0.059375
1 0.567187 0.359028 0.0109375 0.0180556
1 0.247266 0.758333 0.0132813 0.0208333
0 0.292773 0.607639 0.0164062 0.0472222
0 0.397559 0.221528 0.0345703 0.0618056
0 0.321875 0.134722 0.015625 0.0581597
1 0.320898 0.120139 0.0117188 0.0534722
0 0.397656 0.207639 0.0382813 0.0885417
0 0.396973 0.227778 0.0294922 0.0520833
1 0.320312 0.113021 0.0101562 0.0413194
0 0.379102 0.159896 0.0285156 0.0881944
0 0.374609 0.139757 0.0179687 0.0447917
0 0.397559 0.187153 0.0548828 0.132986
0 0.375781 0.152778 0.0203125 0.0618056
0 0.315625 0.122135 0.021875 0.0586806
0 0.247266 0.758333 0.0132813 0.0208333
1 0.246094 0.7625 0.0109375 0.025
1 0.389844 0.231597 0.0171875 0.0416667
1 0.566406 0.364583 0.0140625 0.0305556
1 0.565625 0.357639 0.0140625 0.0236111
1 0.564062 0.365625 0.0140625 0.0305556
0 0.291797 0.6125 0.0132813 0.0375
0 0.372852 0.146354 0.0175781 0.0461806
0 0.324219 0.125521 0.0195312 0.065625
1 0.377344 0.141493 0.025 0.0524306
1 0.561719 0.365278 0.0132813 0.0319444
0 0.308984 0.115451 0.0183594 0.0538194
0 0.245703 0.7625 0.0132813 0.0263889
0 0.391797 0.134896 0.04375 0.0460069
1 0.563281 0.368403 0.0109375 0.0340278
0 0.383594 0.147569 0.034375 0.0590278
0 0.5625 0.359722 0.009375 0.0166667
0 0.245703 0.751389 0.0132813 0.0333333
0 0.338086 0.0335069 0.0136719 0.0459201
0 0.403125 0.226389 0.0414063 0.053125
1 0.247852 0.763889 0.015625 0.0291667
0 0.322266 0.144705 0.0171875 0.0529514
0 0.0512207 0.954167 0.0885742 0.0694444
0 0.321094 0.119705 0.0140625 0.0539931
1 0.246094 0.759028 0.0105469 0.0180556
1 0.5625 0.360417 0.0078125 0.0194444
0 0.376953 0.142361 0.0242187 0.053125
0 0.245898 0.759028 0.0105469 0.0180556
1 0.292578 0.607292 0.0160156 0.0465278
0 0.320508 0.126128 0.0164062 0.0654514
0 0.391504 0.227083 0.0201172 0.0503472
1 0.291797 0.6125 0.0132813 0.0361111
1 0.562109 0.364583 0.009375 0.0277778
0 0.389844 0.231597 0.0171875 0.0416667
0 0.392969 0.216493 0.0257812 0.0690972
0 0.386523 0.141146 0.0433594 0.0559028
1 0.564062 0.359028 0.0109375 0.0180556
1 0.5625 0.358333 0.009375 0.0180556
0 0.32168 0.127083 0.0128906 0.0505208
0 0.389062 0.194618 0.0414063 0.114931
1 0.561719 0.361806 0.0117188 0.0236111
0 0.320508 0.113194 0.0105469 0.0416667
0 0.395215 0.141319 0.0595703 0.059375
0 0.382422 0.168576 0.0359375 0.105903
1 0.567187 0.359028 0.0109375 0.0180556
1 0.247266 0.758333 0.0132813 0.0208333
0 0.292773 0.607639 0.0164062 0.0472222
0 0.397754 0.205903 0.0388672 0.0916667
0 0.397559 0.220486 0.0345703 0.0635417
1 0.320703 0.120139 0.0117188 0.0536458
0 0.32168 0.134288 0.0160156 0.0609375
0 0.375 0.140017 0.01875 0.0456597
0 0.396973 0.227431 0.0294922 0.0524306
0 0.379297 0.160677 0.0289063 0.0894097
0 0.397266 0.186979 0.0539063 0.132986
1 0.320508 0.113194 0.0105469 0.0416667
0 0.375781 0.152951 0.0203125 0.0621528
0 0.315625 0.122569 0.021875 0.0597222
0 0.247266 0.758333 0.0132813 0.0208333
1 0.389844 0.231597 0.0171875 0.0416667
1 0.566406 0.364583 0.0132813 0.0305556
1 0.565625 0.357639 0.0140625 0.0236111
0 0.291797 0.6125 0.0132813 0.0361111
0 0.324219 0.125694 0.0195312 0.0659722
0 0.372656 0.146528 0.0171875 0.0461806
1 0.564062 0.365625 0.0140625 0.0305556
0 0.30918 0.115451 0.01875 0.0541667
1 0.245508 0.7625 0.0128906 0.0263889
1 0.561719 0.365278 0.0125 0.0319444
0 0.245508 0.7625 0.0128906 0.0263889
1 0.377344 0.14158 0.025 0.0526042
0 0.383594 0.147569 0.034375 0.0590278
0 0.245703 0.751389 0.0132813 0.0333333
0 0.39209 0.134896 0.0423828 0.0456597
1 0.247852 0.763889 0.015625 0.0291667
0 0.321875 0.144965 0.0171875 0.0545139
1 0.563281 0.36875 0.0109375 0.0333333
0 0.401465 0.132465 0.0751953 0.0763889
0 0.403125 0.226042 0.040625 0.0534722
0 0.5625 0.359375 0.009375 0.0166667
0 0.0512207 0.954167 0.0885742 0.0694444
0 0.321094 0.119792 0.0140625 0.0541667
1 0.246094 0.759028 0.0105469 0.0180556
1 0.5625 0.360417 0.0078125 0.0194444
0 0.377148 0.142361 0.0246094 0.053125
1 0.292578 0.607292 0.0160156 0.0465278
0 0.320508 0.126389 0.0164062 0.0659722
0 0.245898 0.759028 0.0105469 0.0180556
1 0.562109 0.364236 0.009375 0.0270833
1 0.291797 0.6125 0.0132813 0.0361111
0 0.391504 0.227083 0.0201172 0.0506944
0 0.386719 0.141233 0.04375 0.0557292
1 0.564062 0.359028 0.0109375 0.0180556
0 0.392969 0.216319 0.0257812 0.0694444
0 0.389844 0.231597 0.0171875 0.0416667
0 0.321875 0.12717 0.0132813 0.0508681
0 0.389062 0.19375 0.0421875 0.117014
1 0.561719 0.361806 0.0125 0.0236111
0 0.394922 0.141406 0.059375 0.0588542
0 0.320312 0.113281 0.0109375 0.0418403
0 0.382812 0.170095 0.0359375 0.109115
1 0.567187 0.359028 0.0109375 0.0180556
1 0.247266 0.758333 0.0132813 0.0208333
0 0.292578 0.607639 0.0164062 0.0472222
1 0.320898 0.120226 0.0121094 0.0538194
0 0.397266 0.204861 0.0390625 0.09375
0 0.375195 0.140191 0.0191406 0.0463542
0 0.398047 0.220139 0.0351562 0.0638889
0 0.379687 0.161632 0.0296875 0.0913194
0 0.396973 0.227431 0.0294922 0.0527778
0 0.388281 0.132726 0.0476562 0.0692708
0 0.397266 0.186806 0.0546875 0.133333
1 0.320312 0.113281 0.0109375 0.0418403
0 0.375781 0.153038 0.0203125 0.0626736
0 0.315625 0.122917 0.0226563 0.0607639
0 0.247266 0.758333 0.0132813 0.0208333
1 0.566406 0.364583 0.0132813 0.0305556
1 0.389844 0.231597 0.0171875 0.0416667
0 0.291797 0.6125 0.0132813 0.0361111
1 0.565625 0.357639 0.0140625 0.0236111
0 0.324219 0.125694 0.0195312 0.0661458
0 0.309375 0.115451 0.0195312 0.0545139
1 0.564062 0.365972 0.0140625 0.0305556
1 0.245703 0.7625 0.0132813 0.0263889
0 0.372656 0.146701 0.0171875 0.0461806
0 0.322852 0.137847 0.0167969 0.0510417
0 0.383594 0.147569 0.034375 0.0590278
1 0.377344 0.14158 0.025 0.0526042
0 0.245703 0.7625 0.0132813 0.0263889
0 0.401465 0.132465 0.0751953 0.0760417
0 0.391797 0.134896 0.0421875 0.0454861
1 0.247852 0.763889 0.015625 0.0291667
1 0.563672 0.36875 0.0109375 0.0333333
0 0.245703 0.751389 0.0132813 0.0333333
0 0.0512207 0.954167 0.0885742 0.0694444
0 0.321094 0.119965 0.0140625 0.0545139
1 0.246094 0.759028 0.0105469 0.0180556
1 0.5625 0.360417 0.00859375 0.0194444
0 0.377148 0.142361 0.0246094 0.053125
0 0.320508 0.126302 0.0164062 0.0657986
1 0.292578 0.607292 0.0160156 0.0465278
0 0.245898 0.759028 0.0105469 0.0180556
1 0.562109 0.364583 0.009375 0.0277778
1 0.291797 0.6125 0.0132813 0.0361111
0 0.391504 0.227083 0.0201172 0.0506944
0 0.386719 0.141146 0.04375 0.0555556
1 0.564062 0.359028 0.0117188 0.0180556
0 0.392969 0.216146 0.0265625 0.0697917
0 0.389844 0.231597 0.0171875 0.0416667
0 0.321875 0.127257 0.0132813 0.0510417
0 0.389453 0.193056 0.0429688 0.118403
1 0.561719 0.361806 0.0125 0.0236111
0 0.394922 0.141493 0.059375 0.0586806
0 0.320312 0.113368 0.0109375 0.0420139
0 0.382812 0.169618 0.0367187 0.107986
1 0.567187 0.359028 0.0109375 0.0180556
1 0.247266 0.758333 0.0132813 0.0208333
0 0.375195 0.140365 0.0195312 0.0467014
1 0.320898 0.120312 0.0121094 0.0539931
0 0.292578 0.607639 0.0164062 0.0472222
0 0.397559 0.205208 0.0392578 0.0930556
0 0.398047 0.220486 0.0359375 0.0631944
0 0.396875 0.227431 0.0296875 0.0524306
0 0.388379 0.132812 0.0482422 0.06875
0 0.379687 0.161545 0.0296875 0.0907986
1 0.320312 0.113368 0.0109375 0.0420139
0 0.397559 0.187109 0.0548828 0.132726
0 0.375781 0.153125 0.0203125 0.0628472
0 0.315625 0.12309 0.0226563 0.0618056
1 0.246094 0.7625 0.0109375 0.025
0 0.319922 0.134809 0.0183594 0.0671875
1 0.566406 0.364583 0.0132813 0.0305556
0 0.247266 0.758333 0.0132813 0.0208333
1 0.565625 0.357292 0.0140625 0.0236111
0 0.324219 0.125694 0.0195312 0.0663194
0 0.291797 0.6125 0.0132813 0.0361111
1 0.389844 0.231597 0.0171875 0.0416667
0 0.30957 0.115451 0.0195312 0.0545139
1 0.564062 0.365972 0.0140625 0.0305556
0 0.372656 0.146701 0.0179687 0.0461806
0 0.400781 0.132899 0.0734375 0.0744792
0 0.322656 0.137413 0.0171875 0.0520833
0 0.383594 0.147396 0.034375 0.0590278
1 0.377539 0.14158 0.0253906 0.0526042
1 0.248047 0.763889 0.015625 0.0291667
0 0.392285 0.134896 0.0419922 0.0454861
0 0.245703 0.7625 0.0132813 0.0277778
0 0.403516 0.226215 0.0414063 0.0534722
1 0.563672 0.36875 0.0109375 0.0333333
0 0.0512207 0.954167 0.0885742 0.0694444
0 0.321094 0.119878 0.0140625 0.0543403
1 0.246094 0.759028 0.0105469 0.0180556
1 0.5625 0.360417 0.00859375 0.0194444
0 0.377344 0.142361 0.025 0.053125
0 0.320312 0.126215 0.0164062 0.0659722
1 0.292578 0.607292 0.0160156 0.0465278
1 0.562109 0.364583 0.009375 0.0263889
0 0.245898 0.759028 0.0105469 0.0180556
1 0.291797 0.612847 0.0132813 0.0361111
0 0.386719 0.141146 0.04375 0.0555556
0 0.391504 0.227083 0.0201172 0.0506944
1 0.564062 0.359028 0.0117188 0.0180556
0 0.392969 0.215972 0.0265625 0.0701389
0 0.389844 0.231771 0.0171875 0.0413194
0 0.32168 0.127257 0.0132813 0.0513889
1 0.561719 0.361806 0.0125 0.0236111
0 0.389941 0.192188 0.0435547 0.120139
0 0.394922 0.141493 0.059375 0.0586806
0 0.383203 0.168576 0.0367187 0.105903
0 0.320312 0.113455 0.0109375 0.0421875
1 0.567187 0.359028 0.0109375 0.0180556
1 0.247266 0.758333 0.0132813 0.0208333
0 0.375391 0.140365 0.0195312 0.046875
1 0.320898 0.120312 0.0121094 0.0539931
0 0.292578 0.607639 0.0164062 0.0472222
0 0.397656 0.205208 0.0398437 0.0930556
0 0.398047 0.220486 0.0359375 0.0631944
0 0.388672 0.132986 0.0484375 0.0684028
0 0.377344 0.151389 0.0234375 0.0628472
0 0.396875 0.227431 0.0304688 0.0524306
1 0.320312 0.113455 0.0109375 0.0421875
0 0.379883 0.161111 0.0300781 0.0899306
0 0.398047 0.187153 0.0554687 0.132292
0 0.315625 0.12309 0.0226563 0.0621528
1 0.246094 0.7625 0.0113281 0.025
0 0.319922 0.134722 0.01875 0.0680556
1 0.566406 0.364583 0.0132813 0.0291667
0 0.324219 0.125694 0.0195312 0.0663194
1 0.565625 0.356944 0.0140625 0.0236111
0 0.247266 0.758333 0.0132813 0.0208333
0 0.309961 0.115625 0.0199219 0.0548611
0 0.291797 0.612847 0.0132813 0.0361111
0 0.400098 0.13316 0.0716797 0.0736111
1 0.564062 0.365625 0.0140625 0.0305556
1 0.390625 0.229861 0.01875 0.0479167
0 0.383594 0.147396 0.0351562 0.0586806
0 0.372656 0.146701 0.0179687 0.0461806
0 0.322656 0.137153 0.0171875 0.0527778
1 0.248047 0.763889 0.015625 0.0291667
1 0.377539 0.14158 0.0253906 0.0526042
0 0.391797 0.134809 0.0421875 0.0454861
1 0.563672 0.36875 0.0109375 0.0333333
1 0.249609 0.759722 0.0175781 0.0208333
0 0.0512207 0.954167 0.0885742 0.0694444
0 0.321094 0.119965 0.0140625 0.0545139
1 0.246094 0.759028 0.0105469 0.0180556
1 0.5625 0.360417 0.00859375 0.0194444
0 0.377344 0.142361 0.025 0.053125
0 0.320312 0.126563 0.0164062 0.0666667
1 0.292578 0.607292 0.0160156 0.0465278
1 0.562109 0.364583 0.009375 0.0263889
1 0.291797 0.613194 0.0132813 0.0361111
0 0.245898 0.759028 0.0105469 0.0180556
0 0.387109 0.141146 0.04375 0.0555556
1 0.564062 0.359028 0.0117188 0.0180556
0 0.391406 0.227083 0.0203125 0.0506944
0 0.393359 0.215625 0.0265625 0.0708333
0 0.389844 0.231597 0.0171875 0.0413194
1 0.561719 0.361806 0.0125 0.0236111
0 0.395215 0.141493 0.0595703 0.0586806
0 0.390234 0.192057 0.04375 0.120747
0 0.383203 0.167708 0.0367187 0.104167
0 0.320312 0.113194 0.0109375 0.0416667
1 0.567187 0.359028 0.0109375 0.0180556
0 0.389746 0.193924 0.0314453 0.117014
1 0.247266 0.758333 0.0132813 0.0208333
1 0.320898 0.120312 0.0121094 0.0538194
0 0.375391 0.140451 0.0195312 0.046875
0 0.292578 0.607639 0.0164062 0.0472222
0 0.397754 0.205165 0.0404297 0.0931424
0 0.388965 0.13316 0.0486328 0.0680556
0 0.398047 0.220139 0.0359375 0.0638889
1 0.320312 0.113194 0.0109375 0.0416667
0 0.377344 0.151476 0.0234375 0.0626736
0 0.397266 0.227257 0.0304688 0.0527778
0 0.315625 0.123438 0.0234375 0.0631944
0 0.398047 0.187326 0.0554687 0.131944
0 0.379883 0.16059 0.0300781 0.0885417
1 0.246094 0.7625 0.0113281 0.025
0 0.319922 0.134549 0.01875 0.0694444
1 0.566406 0.364583 0.0132813 0.0291667
0 0.324219 0.125781 0.0195312 0.0664931
1 0.565625 0.356944 0.0140625 0.0229167
0 0.399609 0.133247 0.0710938 0.0734375
0 0.310352 0.115972 0.0207031 0.0552083
1 0.564062 0.365972 0.0140625 0.0305556
0 0.247266 0.758333 0.0132813 0.0208333
0 0.291797 0.613194 0.0132813 0.0361111
1 0.390527 0.229861 0.0189453 0.0479167
0 0.383594 0.147309 0.0351562 0.0585069
0 0.322656 0.136806 0.0171875 0.0541667
1 0.377734 0.14158 0.0257812 0.0526042
1 0.248047 0.763889 0.0160156 0.0305556
0 0.372656 0.146875 0.0179687 0.0458333
1 0.563672 0.368403 0.0109375 0.0340278
1 0.249609 0.759722 0.0179687 0.0208333
0 0.392285 0.134809 0.0435547 0.0460069
0 0.0512207 0.954167 0.0885742 0.0694444
0 0.321094 0.119965 0.0140625 0.0545139
1 0.246094 0.759028 0.0105469 0.0180556
1 0.5625 0.360417 0.00859375 0.01875
0 0.377539 0.142361 0.0253906 0.053125
0 0.320508 0.12691 0.0167969 0.0673611
1 0.292578 0.607292 0.0160156 0.0465278
1 0.562109 0.364583 0.009375 0.0263889
1 0.291602 0.613194 0.0128906 0.0354167
1 0.564062 0.359028 0.0117188 0.0180556
0 0.386719 0.140538 0.04375 0.0536458
0 0.245898 0.759028 0.0105469 0.0180556
0 0.391309 0.226736 0.0205078 0.0506944
0 0.321875 0.127431 0.0132813 0.0520833
0 0.393359 0.215451 0.0273438 0.0711806
0 0.389844 0.231597 0.0171875 0.0416667
1 0.561719 0.361806 0.0125 0.0236111
0 0.394922 0.141493 0.059375 0.0586806
0 0.390234 0.19184 0.0445312 0.120833
0 0.320312 0.113108 0.0109375 0.0414931
0 0.383594 0.167882 0.0375 0.104514
1 0.566797 0.359028 0.0117188 0.0180556
1 0.247266 0.758333 0.0132813 0.0208333
1 0.320898 0.120226 0.0121094 0.0538194
0 0.375391 0.140451 0.0199219 0.046875
0 0.292578 0.607639 0.0164062 0.0472222
0 0.397754 0.205035 0.0404297 0.0934028
0 0.398047 0.220139 0.0359375 0.0638889
1 0.320312 0.113108 0.0109375 0.0414931
0 0.377344 0.151562 0.0242187 0.0628472
0 0.397266 0.227257 0.03125 0.053125
0 0.315625 0.123785 0.0234375 0.0640625
0 0.391797 0.234722 0.01875 0.0375
0 0.398047 0.187457 0.0554687 0.131337
1 0.246094 0.7625 0.0113281 0.025
0 0.379883 0.160503 0.0300781 0.0883681
1 0.566406 0.364583 0.0140625 0.0298611
0 0.398828 0.133247 0.0695312 0.0730903
0 0.324023 0.126042 0.0199219 0.0670139
1 0.565625 0.356944 0.0140625 0.0229167
0 0.310937 0.116319 0.021875 0.0559028
1 0.564062 0.365625 0.0140625 0.03125
0 0.247266 0.758333 0.0132813 0.0208333
0 0.383984 0.147396 0.0351562 0.0583333
0 0.291602 0.613194 0.0128906 0.0354167
0 0.322656 0.136458 0.0171875 0.0555556
1 0.390527 0.229861 0.0189453 0.0479167
1 0.563672 0.368056 0.0109375 0.0347222
1 0.37793 0.141667 0.0261719 0.0524306
1 0.248047 0.763889 0.0160156 0.0305556
1 0.249609 0.759722 0.0179687 0.0208333
0 0.392188 0.134896 0.04375 0.0461806
0 0.0512207 0.954167 0.0885742 0.0694444
0 0.321094 0.119965 0.0140625 0.0545139
1 0.246094 0.759028 0.0105469 0.0180556
1 0.562891 0.359722 0.009375 0.0166667
0 0.377539 0.142274 0.0253906 0.0529514
0 0.320508 0.126823 0.0167969 0.0671875
1 0.5625 0.364583 0.009375 0.0263889
1 0.292578 0.607292 0.0160156 0.0465278
0 0.386719 0.140538 0.0445312 0.0536458
1 0.291602 0.613194 0.0128906 0.0347222
0 0.245898 0.759028 0.0105469 0.0180556
0 0.391406 0.226736 0.0210938 0.0506944
0 0.321875 0.127431 0.0132813 0.0524306
0 0.393848 0.215278 0.0279297 0.0715278
1 0.561719 0.361806 0.0125 0.0229167
0 0.394922 0.141493 0.059375 0.0586806
0 0.389844 0.231424 0.0171875 0.0413194
0 0.320312 0.112847 0.0109375 0.0409722
0 0.390625 0.190929 0.0453125 0.122309
0 0.383594 0.167665 0.0375 0.103559
1 0.566797 0.358333 0.0117188 0.0180556
1 0.320898 0.120052 0.0121094 0.0534722
1 0.247266 0.758333 0.0132813 0.0208333
1 0.320312 0.112847 0.0109375 0.0409722
0 0.292578 0.607639 0.0164062 0.0472222
0 0.398047 0.20434 0.040625 0.0947917
0 0.39834 0.220139 0.0361328 0.0638889
0 0.377344 0.151736 0.0242187 0.0628472
0 0.397266 0.227083 0.03125 0.0534722
0 0.313086 0.121615 0.025 0.0638889
1 0.246094 0.7625 0.0113281 0.025
0 0.379687 0.160243 0.0296875 0.0875
0 0.398535 0.187196 0.0560547 0.131858
0 0.391797 0.235069 0.01875 0.0368056
1 0.566406 0.364583 0.0140625 0.0298611
1 0.564062 0.365625 0.0140625 0.03125
0 0.398828 0.132986 0.0695312 0.0736111
1 0.565625 0.356597 0.0140625 0.0229167
0 0.324023 0.126042 0.0199219 0.0670139
0 0.383789 0.147396 0.0355469 0.0583333
0 0.314063 0.118576 0.0203125 0.0548611
0 0.322656 0.136458 0.0171875 0.0559028
0 0.291602 0.613194 0.0128906 0.0347222
0 0.247266 0.758333 0.0132813 0.0208333
1 0.249609 0.759722 0.0179687 0.0208333
1 0.390527 0.229514 0.0189453 0.0479167
1 0.37793 0.141667 0.0261719 0.0524306
1 0.563672 0.368056 0.0109375 0.0347222
1 0.248047 0.763889 0.0164062 0.0305556
0 0.0512207 0.954167 0.0885742 0.0694444
0 0.321094 0.120052 0.0140625 0.0546875
1 0.246094 0.759028 0.0105469 0.0180556
1 0.562891 0.359722 0.009375 0.0166667
0 0.377539 0.142361 0.0253906 0.053125
0 0.320508 0.127083 0.0167969 0.0677083
1 0.5625 0.364583 0.009375 0.0263889
1 0.292578 0.607292 0.0160156 0.0465278
0 0.386914 0.140451 0.0441406 0.0538194
1 0.291602 0.613194 0.0128906 0.0347222
0 0.245898 0.759028 0.0105469 0.0180556
0 0.391797 0.226562 0.0210938 0.0510417
0 0.39375 0.214931 0.028125 0.0722222
1 0.561719 0.361806 0.0125 0.0229167
0 0.394922 0.141493 0.059375 0.0590278
0 0.389844 0.231424 0.0171875 0.0413194
0 0.383594 0.166493 0.0375 0.101389
0 0.320312 0.112674 0.0109375 0.040625
1 0.566406 0.358333 0.0125 0.0180556
0 0.390625 0.190104 0.0460938 0.124306
1 0.320703 0.119965 0.0117188 0.0534722
1 0.247266 0.758333 0.0132813 0.0208333
0 0.38916 0.132639 0.0498047 0.0690972
1 0.320312 0.112674 0.0109375 0.040625
0 0.292578 0.607639 0.0164062 0.0472222
0 0.398047 0.203646 0.040625 0.0961806
0 0.39834 0.219965 0.0361328 0.0642361
0 0.377344 0.151736 0.0242187 0.0631944
0 0.313281 0.122049 0.025 0.0645833
1 0.246094 0.7625 0.0113281 0.025
0 0.397656 0.227083 0.03125 0.0534722
0 0.380078 0.159635 0.0296875 0.0862847
0 0.319922 0.134635 0.0195312 0.0720486
0 0.392188 0.235243 0.01875 0.0368056
1 0.564062 0.365278 0.0148437 0.0319444
1 0.566406 0.364583 0.0140625 0.0298611
1 0.565625 0.356944 0.0140625 0.0236111
0 0.324219 0.126215 0.0203125 0.0673611
0 0.398438 0.132639 0.06875 0.0739583
0 0.383984 0.147396 0.0359375 0.0583333
0 0.314063 0.118663 0.0203125 0.0553819
1 0.249609 0.759722 0.0183594 0.0222222
0 0.322656 0.136111 0.0171875 0.0565972
1 0.563672 0.368056 0.0109375 0.0347222
0 0.314844 0.130208 0.0265625 0.0684028
0 0.291602 0.613194 0.0128906 0.0347222
0 0.247266 0.758333 0.0132813 0.0208333
1 0.248047 0.764583 0.0164062 0.0305556
1 0.37793 0.141667 0.0261719 0.0524306
1 0.390527 0.229514 0.0189453 0.0482639
0 0.0512207 0.954167 0.0885742 0.0694444
0 0.321094 0.120139 0.0140625 0.0548611
1 0.246094 0.759028 0.0105469 0.0180556
1 0.562891 0.359722 0.009375 0.0166667
0 0.377539 0.142361 0.0253906 0.053125
0 0.320508 0.12717 0.0167969 0.0678819
1 0.5625 0.364583 0.009375 0.0263889
1 0.292578 0.611111 0.0148437 0.0416667
0 0.386914 0.140538 0.0441406 0.0539931
0 0.245898 0.759028 0.0105469 0.0180556
0 0.391797 0.226562 0.0210938 0.0510417
0 0.393652 0.214931 0.0283203 0.0722222
1 0.561719 0.361806 0.0125 0.0229167
0 0.394629 0.141493 0.0591797 0.0590278
1 0.289844 0.613889 0.0125 0.0347222
0 0.383594 0.165104 0.0375 0.0986111
0 0.389844 0.231424 0.0171875 0.0413194
0 0.320312 0.1125 0.0109375 0.0402778
1 0.566406 0.358333 0.0125 0.0180556
1 0.320703 0.119792 0.0117188 0.0529514
0 0.391016 0.189193 0.046875 0.125781
1 0.292969 0.606944 0.0179687 0.0472222
1 0.247266 0.758333 0.0132813 0.0208333
1 0.320312 0.1125 0.0109375 0.0402778
0 0.38916 0.132639 0.0498047 0.0690972
0 0.292578 0.607639 0.0164062 0.0472222
0 0.398438 0.219965 0.0367187 0.0642361
0 0.398047 0.203429 0.0414063 0.0966146
0 0.377734 0.15191 0.0242187 0.0635417
0 0.313281 0.122222 0.0253906 0.0652778
1 0.246094 0.7625 0.0117188 0.025
0 0.396875 0.230035 0.0304688 0.0454861
0 0.380078 0.159115 0.0296875 0.0852431
1 0.564062 0.365278 0.0148437 0.0319444
0 0.319531 0.134722 0.0195312 0.0729167
0 0.392188 0.235417 0.01875 0.0368056
0 0.324219 0.126215 0.0203125 0.0677083
0 0.398438 0.132465 0.0679687 0.0739583
0 0.390625 0.219271 0.021875 0.0621528
0 0.383984 0.147309 0.0359375 0.0585069
1 0.564062 0.367708 0.0109375 0.0354167
1 0.249609 0.759722 0.0183594 0.0222222
1 0.37793 0.141753 0.0261719 0.0526042
0 0.322656 0.136024 0.0171875 0.0571181
0 0.314063 0.118663 0.0203125 0.0553819
1 0.248242 0.764583 0.0164062 0.0305556
0 0.291602 0.613542 0.0128906 0.0354167
0 0.0512207 0.954167 0.0885742 0.0694444
0 0.321094 0.120139 0.0140625 0.0548611
1 0.246094 0.759028 0.0109375 0.0180556
1 0.562891 0.359722 0.009375 0.0166667
0 0.377539 0.142448 0.0253906 0.0532986
0 0.320312 0.127257 0.0164062 0.0680556
1 0.5625 0.364583 0.009375 0.0263889
1 0.292578 0.607639 0.0164062 0.0472222
0 0.386914 0.140451 0.0441406 0.0541667
1 0.291602 0.613542 0.0128906 0.0354167
0 0.391309 0.228125 0.0205078 0.0506944
0 0.245898 0.759028 0.0105469 0.0180556
0 0.393652 0.214583 0.0283203 0.0729167
1 0.561719 0.361806 0.0125 0.0229167
0 0.394531 0.141493 0.0585938 0.059375
0 0.383594 0.16441 0.0375 0.0975694
0 0.389844 0.23125 0.0171875 0.0416667
1 0.566406 0.358333 0.0125 0.0180556
0 0.320312 0.112326 0.0109375 0.0399306
1 0.320703 0.119705 0.0117188 0.0529514
0 0.391016 0.188498 0.046875 0.12717
1 0.320312 0.112326 0.0109375 0.0399306
0 0.389062 0.132639 0.0492188 0.0690972
0 0.39834 0.219792 0.0361328 0.0645833
0 0.292578 0.607639 0.0164062 0.0472222
0 0.398047 0.202387 0.0414063 0.0986979
0 0.313281 0.122483 0.0253906 0.0654514
0 0.377734 0.152083 0.0242187 0.0638889
1 0.246094 0.7625 0.0117188 0.025
0 0.380078 0.158767 0.0296875 0.0845486
0 0.396875 0.229861 0.0304688 0.0458333
1 0.564062 0.365278 0.0148437 0.0319444
0 0.319531 0.134722 0.0195312 0.0736111
0 0.39209 0.235243 0.0189453 0.0368056
0 0.324219 0.126389 0.0203125 0.0677083
0 0.398047 0.132378 0.0671875 0.0741319
0 0.390625 0.219271 0.021875 0.0621528
0 0.383984 0.147309 0.0359375 0.0588542
1 0.564062 0.367361 0.0109375 0.0354167
1 0.249609 0.759722 0.0183594 0.0222222
1 0.37793 0.141753 0.0261719 0.0526042
1 0.248242 0.765278 0.0164062 0.0305556
0 0.322656 0.135764 0.0171875 0.0579861
0 0.314063 0.11875 0.0203125 0.0555556
0 0.0512207 0.954167 0.0885742 0.0694444
0 0.321094 0.120139 0.0140625 0.0548611
1 0.246094 0.759028 0.0109375 0.0180556
1 0.562891 0.359722 0.009375 0.0166667
0 0.377539 0.142448 0.0253906 0.0532986
0 0.320312 0.127257 0.0167969 0.0680556
1 0.5625 0.364583 0.009375 0.0263889
1 0.292578 0.607639 0.0164062 0.0472222
0 0.386914 0.140451 0.0441406 0.0541667
1 0.291602 0.613542 0.0128906 0.0354167
0 0.391309 0.228125 0.0205078 0.0506944
0 0.245898 0.759028 0.0105469 0.0180556
0 0.393652 0.214583 0.0283203 0.0729167
1 0.561719 0.361806 0.0125 0.0229167
0 0.394531 0.141493 0.0585938 0.059375
0 0.383594 0.164497 0.0375 0.0977431
0 0.389844 0.23125 0.0171875 0.0416667
0 0.320312 0.112326 0.0109375 0.0399306
1 0.566406 0.358333 0.0125 0.0180556
1 0.320703 0.119618 0.0117188 0.0527778
0 0.391016 0.188368 0.046875 0.127431
1 0.320312 0.112326 0.0109375 0.0399306
0 0.39834 0.219792 0.0361328 0.0645833
0 0.292578 0.607639 0.0164062 0.0472222
0 0.398047 0.202127 0.0414063 0.0992187
0 0.392188 0.132118 0.0554687 0.0711806
0 0.377734 0.152083 0.0242187 0.0638889
0 0.313281 0.122483 0.0253906 0.0654514
1 0.246094 0.7625 0.0117188 0.025
0 0.380078 0.158767 0.0296875 0.0845486
0 0.396875 0.229861 0.0304688 0.0458333
1 0.564062 0.365278 0.0148437 0.0319444
0 0.39209 0.235417 0.0189453 0.0368056
0 0.324219 0.126302 0.0203125 0.0677083
0 0.390625 0.219271 0.021875 0.0621528
0 0.383984 0.147309 0.0359375 0.0588542
1 0.564062 0.367361 0.0109375 0.0354167
1 0.249609 0.759722 0.0183594 0.0222222
1 0.37793 0.141753 0.0261719 0.0526042
1 0.248437 0.765278 0.0164062 0.0305556
0 0.322656 0.135764 0.0171875 0.0579861
0 0.314063 0.11875 0.0203125 0.0555556
