3 0.672266 0.592361 0.0671875 0.109722
1 0.772656 0.0266927 0.0125 0.019184
0 0.275586 0.440972 0.0511719 0.0888889
1 0.275391 0.440625 0.0507812 0.0895833
1 0.774219 0.0229601 0.0109375 0.0230903
1 0.783594 0.116319 0.0046875 0.00868056
1 0.795313 0.151128 0.00625 0.0105903
1 0.398828 0.0342448 0.0101562 0.0142361
1 0.4 0.0328342 0.0125 0.0155816
1 0.79375 0.15191 0.0078125 0.0104167
1 0.798437 0.141406 0.00625 0.00850694
0 0.262109 0.422917 0.0804688 0.129167
1 0.772266 0.0306424 0.0132813 0.0177951
1 0.402344 0.031467 0.0117188 0.0206597
1 0.854688 0.808333 0.00625 0.00972222
1 0.78125 0.115451 0.0078125 0.0128472
0 0.773047 0.0254557 0.0125 0.0213108
1 0.929688 0.966667 0.009375 0.0208333
1 0.771875 0.0241753 0.0148437 0.0259549
1 0.821875 0.0403646 0.003125 0.00703125
1 0.798437 0.123872 0.00625 0.00920139
1 0.897656 0.882639 0.0046875 0.0111111
1 0.781641 0.113542 0.00625 0.0131944
1 0.797656 0.145052 0.00625 0.00920139
1 0.693359 0.11658 0.00625 0.00972222
1 0.4 0.0317057 0.015625 0.0228733
0 0.177344 0.9875 0.00976562 0.0222222
1 0.775 0.0148655 0.009375 0.0241753
1 0.688281 0.103472 0.00546875 0.0102431
1 0.693359 0.115799 0.0046875 0.0114583
1 0.404687 0.0324653 0.009375 0.0184896
1 0.85625 0.8125 0.009375 0.0166667
1 0.269922 0.427083 0.0648438 0.116667
1 0.775 0.0233073 0.015625 0.0257812
1 0.4 0.0354167 0.0140625 0.0204861
1 0.857813 0.816667 0.009375 0.0138889
0 0.929688 0.969444 0.009375 0.0222222
1 0.832812 0.133247 0.00625 0.00590278
1 0.780469 0.106771 0.00625 0.0130208
3 0.672656 0.592361 0.0664062 0.109722
1 0.772656 0.0273003 0.0125 0.01875
0 0.275 0.440278 0.05 0.0902778
1 0.782812 0.115972 0.00703125 0.0100694
1 0.795313 0.151389 0.009375 0.0107639
1 0.774219 0.0226563 0.0109375 0.0233507
0 0.267188 0.422222 0.0671875 0.129167
1 0.397656 0.0348199 0.0078125 0.0128255
1 0.399219 0.0332031 0.0109375 0.0153646
1 0.403516 0.0323785 0.00859375 0.0170139
1 0.78125 0.114757 0.009375 0.0152778
1 0.78125 0.112847 0.0078125 0.0163194
1 0.771875 0.0312066 0.0125 0.0168403
1 0.821875 0.0404948 0.0046875 0.00746528
1 0.797656 0.14184 0.00625 0.0100694
1 0.781641 0.110243 0.00859375 0.0180556
0 0.772656 0.0273003 0.0125 0.01875
1 0.780469 0.106771 0.00703125 0.015625
1 0.798437 0.123785 0.00625 0.0100694
1 0.771875 0.024783 0.0140625 0.0255208
1 0.796875 0.147743 0.009375 0.0125
1 0.692969 0.11684 0.00625 0.009375
1 0.775 0.0125217 0.0078125 0.0196615
1 0.74375 0.945833 0.0203125 0.0388889
1 0.929688 0.970833 0.009375 0.0222222
1 0.410156 0.413542 0.0203125 0.025
1 0.405469 0.0322917 0.00859375 0.0196181
1 0.402734 0.035753 0.0109375 0.0191189
1 0.795313 0.153646 0.009375 0.0166667
1 0.8 0.123611 0.009375 0.0121528
0 0.264062 0.399392 0.0746094 0.176215
1 0.832812 0.132986 0.00625 0.00625
1 0.686719 0.103646 0.00703125 0.0100694
1 0.929688 0.968056 0.0109375 0.0236111
1 0.688281 0.103646 0.00625 0.0100694
1 0.771484 0.117708 0.00546875 0.00902778
1 0.780469 0.120833 0.00625 0.0161458
1 0.775 0.0231771 0.015625 0.0259549
1 0.774219 0.018354 0.0101562 0.0317817
1 0.399609 0.0358398 0.0140625 0.019987
1 0.79375 0.153993 0.009375 0.0163194
1 0.798437 0.121354 0.00625 0.0118056
1 0.798437 0.150174 0.0125 0.0166667
1 0.957812 0.101562 0.00625 0.00902778
1 0.782031 0.120312 0.009375 0.0175347
1 0.735156 0.112066 0.00625 0.0109375
1 0.4 0.0311198 0.0140625 0.0215278
3 0.672656 0.593056 0.0671875 0.111111
1 0.772656 0.0261502 0.0125 0.0214844
1 0.773438 0.0231283 0.0109375 0.0250109
1 0.782812 0.116233 0.00625 0.00989583
0 0.275781 0.440972 0.0503906 0.0902778
1 0.795313 0.15191 0.0078125 0.0114583
1 0.78125 0.115625 0.009375 0.0149306
1 0.79375 0.152431 0.009375 0.0111111
0 0.264453 0.426389 0.0742188 0.125
1 0.400781 0.0329427 0.0125 0.015625
1 0.797656 0.142274 0.00625 0.0111111
1 0.399219 0.0342773 0.0109375 0.013737
1 0.78125 0.112066 0.0078125 0.0168403
0 0.243701 0.41875 0.118848 0.145833
1 0.780469 0.107813 0.00703125 0.0163194
1 0.798437 0.123698 0.00625 0.0104167
1 0.772266 0.0295573 0.0132813 0.0199653
0 0.772656 0.0261502 0.0125 0.0214844
1 0.822656 0.040625 0.0046875 0.00798611
1 0.775 0.0170519 0.009375 0.0283963
1 0.692969 0.117535 0.00625 0.0104167
1 0.796094 0.148264 0.009375 0.0135417
1 0.402344 0.0316623 0.0109375 0.0215712
1 0.8 0.123524 0.009375 0.0121528
1 0.688281 0.10434 0.00625 0.0118056
1 0.735156 0.112413 0.00703125 0.0105903
1 0.774609 0.0227865 0.015625 0.0266493
1 0.795313 0.153993 0.009375 0.0161458
0 0.230273 0.402778 0.158984 0.182639
1 0.771094 0.118056 0.0046875 0.009375
0 0.177148 0.9875 0.00917969 0.0222222
1 0.780078 0.121267 0.00625 0.0152778
1 0.798437 0.121528 0.00625 0.0119792
0 0.233008 0.430556 0.149219 0.134722
0 0.645312 0.926389 0.223438 0.0944444
1 0.929688 0.96875 0.009375 0.0222222
1 0.733594 0.106684 0.00625 0.0119792
1 0.782031 0.120139 0.009375 0.0180556
1 0.685938 0.10434 0.0078125 0.0118056
0 0.69375 0.926389 0.121875 0.0861111
1 0.801562 0.121007 0.009375 0.0111111
0 0.275 0.453472 0.0578125 0.115278
1 0.79375 0.154514 0.009375 0.0159722
1 0.275977 0.441319 0.05 0.0902778
0 0.773438 0.0231283 0.0109375 0.0250109
1 0.672656 0.593056 0.0671875 0.111111
1 0.854688 0.808333 0.00625 0.0111111
1 0.797656 0.151389 0.0125 0.0166667
3 0.672656 0.59375 0.0671875 0.111111
1 0.772656 0.0256293 0.0125 0.0222656
1 0.795313 0.151736 0.0078125 0.0114583
1 0.782812 0.115365 0.00703125 0.0119792
1 0.399219 0.0345486 0.0109375 0.0122396
1 0.773438 0.0223145 0.0125 0.0277669
0 0.276758 0.442708 0.0492188 0.0881944
1 0.401172 0.0325087 0.0132813 0.0163194
1 0.78125 0.114063 0.009375 0.0180556
1 0.797656 0.142361 0.00625 0.0118056
1 0.774219 0.0182509 0.0109375 0.0320747
1 0.782031 0.110937 0.009375 0.0194444
0 0.707031 0.926389 0.09375 0.0833333
1 0.402344 0.0312717 0.0109375 0.0201823
0 0.271875 0.435764 0.0601562 0.104167
0 0.772656 0.0256293 0.0125 0.0222656
0 0.264844 0.417708 0.075 0.139583
1 0.796094 0.148958 0.009375 0.0137153
0 0.246094 0.418403 0.116406 0.145139
1 0.798437 0.123785 0.00625 0.0104167
1 0.929688 0.968056 0.009375 0.0222222
1 0.742969 0.945833 0.0203125 0.0388889
1 0.854688 0.809722 0.00625 0.0138889
0 0.667188 0.927778 0.173438 0.0875
1 0.733594 0.106597 0.00625 0.0152778
1 0.795313 0.153733 0.009375 0.0164931
0 0.234717 0.407986 0.14541 0.169444
1 0.771875 0.0290148 0.0132813 0.0213976
1 0.295898 0.456944 0.00898437 0.0166667
1 0.772656 0.117535 0.0078125 0.0114583
1 0.735156 0.111892 0.0078125 0.0133681
1 0.410156 0.413194 0.0210938 0.0243056
0 0.177441 0.986806 0.00917969 0.0222222
0 0.464844 0.369097 0.0140625 0.0236111
1 0.780469 0.119097 0.0078125 0.0197917
0 0.532031 0.196528 0.0203125 0.0319444
3 0.672656 0.593403 0.0671875 0.110417
1 0.772656 0.0269531 0.0125 0.0200521
1 0.773438 0.0231554 0.0117188 0.025217
0 0.275781 0.441667 0.05 0.0902778
1 0.795313 0.151649 0.009375 0.0112847
1 0.782812 0.115972 0.00625 0.0111111
0 0.265234 0.425694 0.0734375 0.123611
1 0.78125 0.114844 0.009375 0.0168403
1 0.797656 0.141319 0.00625 0.00972222
1 0.781641 0.111892 0.0078125 0.0184028
0 0.239502 0.414497 0.12959 0.150174
1 0.399609 0.034592 0.0117188 0.0128472
0 0.250781 0.425694 0.103906 0.126389
1 0.797656 0.124479 0.00625 0.009375
1 0.401563 0.0324653 0.0125 0.0161458
1 0.780859 0.109722 0.0078125 0.0197917
0 0.772656 0.0269531 0.0125 0.0200521
1 0.774219 0.0167535 0.0101562 0.0276476
0 0.707422 0.926389 0.0929687 0.0847222
1 0.821875 0.0408854 0.0046875 0.00859375
1 0.929688 0.968056 0.009375 0.0222222
1 0.742969 0.945833 0.0203125 0.0375
0 0.223779 0.403472 0.167285 0.179167
0 0.644531 0.928472 0.223438 0.0972222
1 0.796094 0.149653 0.009375 0.0145833
1 0.854688 0.811111 0.00625 0.0138889
1 0.8 0.123958 0.009375 0.0118056
1 0.780469 0.120486 0.0078125 0.0173611
1 0.801562 0.120573 0.00625 0.0102431
0 0.53125 0.198611 0.0203125 0.0340278
0 0.773438 0.0231554 0.0117188 0.025217
1 0.798437 0.121528 0.00625 0.0116319
1 0.771875 0.0296441 0.0140625 0.0203125
0 0.257812 0.409635 0.0914062 0.161285
0 0.583594 0.124306 0.021875 0.0350694
1 0.775781 0.116059 0.0140625 0.0144097
1 0.733594 0.106771 0.00625 0.0135417
1 0.782031 0.119618 0.009375 0.0192708
0 0.682813 0.928472 0.14375 0.0875
1 0.0456055 0.0380317 0.0105469 0.0261936
1 0.0458984 0.0400282 0.009375 0.0199436
1 0.410156 0.4125 0.0210938 0.0229167
1 0.260156 0.613194 0.009375 0.0194444
3 0.672656 0.593056 0.0664062 0.111111
1 0.772656 0.0264106 0.0125 0.0204427
1 0.773438 0.0222711 0.0117188 0.0257704
1 0.795313 0.151649 0.009375 0.0114583
1 0.782812 0.115538 0.00625 0.0112847
1 0.78125 0.11441 0.009375 0.0173611
1 0.79375 0.152257 0.009375 0.0111111
1 0.781641 0.112153 0.0078125 0.0184028
0 0.274219 0.438889 0.053125 0.0944444
0 0.268359 0.427083 0.065625 0.119444
1 0.796875 0.141233 0.00625 0.00989583
0 0.772656 0.0264106 0.0125 0.0204427
1 0.774219 0.0162326 0.0109375 0.0266927
1 0.797656 0.124306 0.00625 0.009375
1 0.821875 0.0407118 0.0046875 0.00833333
1 0.397266 0.0354601 0.00703125 0.0117188
0 0.231689 0.419444 0.144434 0.141667
0 0.258203 0.422917 0.0890625 0.130556
1 0.403906 0.0323785 0.0078125 0.0157986
1 0.403125 0.0342448 0.009375 0.0149306
1 0.399219 0.0331597 0.009375 0.0147569
1 0.733594 0.106597 0.00625 0.0135417
1 0.780469 0.119531 0.0078125 0.0190972
0 0.773438 0.0222711 0.0117188 0.0257704
1 0.929688 0.968056 0.009375 0.0222222
1 0.776172 0.115625 0.0140625 0.0152778
1 0.79375 0.144271 0.0140625 0.015625
1 0.8 0.123872 0.009375 0.0116319
1 0.771875 0.0295573 0.0140625 0.0203993
1 0.781641 0.11875 0.009375 0.0208333
1 0.735156 0.112153 0.00703125 0.0118056
1 0.798437 0.121354 0.00625 0.0118056
1 0.743359 0.945833 0.0195312 0.0375
1 0.692969 0.11684 0.00625 0.0114583
0 0.707031 0.927778 0.09375 0.0888889
1 0.688281 0.104514 0.00625 0.0131944
1 0.801562 0.120486 0.00625 0.0104167
1 0.854688 0.811111 0.00625 0.0138889
3 0.672656 0.59375 0.0671875 0.111111
1 0.772656 0.027105 0.0125 0.0193142
1 0.773438 0.0217231 0.0117188 0.0255642
1 0.782812 0.115365 0.00703125 0.0114583
1 0.795313 0.151649 0.009375 0.0116319
1 0.78125 0.114236 0.009375 0.0175347
0 0.275391 0.441319 0.0507812 0.0902778
1 0.781641 0.11224 0.0078125 0.0173611
1 0.79375 0.152257 0.009375 0.0114583
1 0.796875 0.140972 0.00625 0.0100694
0 0.270312 0.432639 0.0617188 0.108333
1 0.78125 0.108767 0.0078125 0.0194444
1 0.774609 0.0148058 0.0101562 0.0235135
1 0.797656 0.124392 0.00625 0.00972222
1 0.821875 0.0407986 0.00625 0.00850694
1 0.397656 0.0348524 0.0078125 0.0127604
0 0.772656 0.027105 0.0125 0.0193142
1 0.399219 0.0332031 0.0109375 0.0152778
1 0.403125 0.0326389 0.009375 0.0166667
0 0.261719 0.427083 0.0792969 0.120833
1 0.743359 0.945833 0.0195312 0.0375
1 0.733594 0.106597 0.00625 0.0138889
0 0.23457 0.419792 0.140625 0.144444
1 0.780469 0.119792 0.0078125 0.0184028
1 0.929688 0.968056 0.009375 0.0222222
1 0.782031 0.11875 0.009375 0.0206597
1 0.735156 0.111892 0.00703125 0.0123264
1 0.8 0.123785 0.009375 0.0118056
1 0.688281 0.104774 0.00625 0.0131944
1 0.773047 0.117101 0.0078125 0.0121528
1 0.692969 0.11658 0.00625 0.0123264
1 0.774219 0.0227865 0.015625 0.0265625
1 0.79375 0.144444 0.0125 0.0159722
0 0.707031 0.926389 0.0953125 0.0888889
1 0.854688 0.811111 0.0078125 0.0166667
1 0.694531 0.117535 0.00625 0.00902778
1 0.834375 0.134896 0.0078125 0.009375
1 0.771875 0.0300347 0.0140625 0.0192708
1 0.798437 0.121528 0.00625 0.0121528
1 0.646094 0.117361 0.0046875 0.0135417
1 0.259961 0.613194 0.00820312 0.0173611
0 0.773438 0.0217231 0.0117188 0.0255642
0 0.601562 0.104514 0.025 0.0381944
1 0.802344 0.12066 0.0078125 0.0107639
3 0.672656 0.593403 0.0671875 0.110417
1 0.772656 0.0273438 0.0125 0.0190104
1 0.773438 0.0215766 0.0117188 0.0256836
1 0.782812 0.115451 0.00703125 0.0114583
1 0.795313 0.151823 0.009375 0.0118056
1 0.78125 0.114236 0.009375 0.0177083
0 0.275 0.440972 0.0515625 0.0916667
1 0.781641 0.11224 0.0078125 0.0175347
0 0.268359 0.427778 0.065625 0.119444
1 0.796875 0.140972 0.00625 0.00972222
1 0.79375 0.152257 0.009375 0.0114583
1 0.780859 0.108507 0.0078125 0.0190972
1 0.771875 0.023329 0.0140625 0.028342
1 0.774219 0.0151693 0.0109375 0.0243924
1 0.398438 0.0345595 0.009375 0.0136936
1 0.797656 0.124479 0.00625 0.00972222
1 0.821875 0.041059 0.00625 0.00885417
1 0.399609 0.0331597 0.0117188 0.015625
0 0.772656 0.0273438 0.0125 0.0190104
1 0.401563 0.0334635 0.0125 0.0170139
1 0.692969 0.116667 0.00625 0.0119792
1 0.733203 0.106424 0.00546875 0.0145833
1 0.688281 0.104687 0.00625 0.0128472
1 0.74375 0.945833 0.0203125 0.0388889
1 0.780469 0.119965 0.0078125 0.0180556
0 0.235938 0.41875 0.1375 0.145833
1 0.735156 0.111806 0.00703125 0.0128472
1 0.402734 0.0319444 0.0101562 0.021441
1 0.646094 0.117188 0.00546875 0.0138889
1 0.694531 0.117535 0.00625 0.00920139
1 0.782031 0.118924 0.009375 0.0204861
1 0.8 0.123872 0.009375 0.0118056
1 0.773438 0.117014 0.00859375 0.0125
0 0.707031 0.927083 0.0960938 0.0888889
1 0.929688 0.968056 0.009375 0.0222222
1 0.79375 0.144618 0.0125 0.0159722
0 0.773438 0.0215766 0.0117188 0.0256836
1 0.771875 0.0299045 0.0140625 0.0194444
1 0.798437 0.121615 0.00625 0.0123264
1 0.733203 0.107986 0.00703125 0.0125
1 0.834375 0.134983 0.00625 0.00920139
1 0.802344 0.12066 0.0078125 0.0111111
1 0.259961 0.613194 0.00820312 0.0180556
0 0.645312 0.927778 0.228906 0.108333
3 0.672656 0.593403 0.0671875 0.110417
1 0.772656 0.0273003 0.0125 0.0190972
1 0.773438 0.0216797 0.0117188 0.0257378
1 0.782812 0.115451 0.00625 0.0116319
1 0.78125 0.114236 0.009375 0.0173611
1 0.795313 0.151823 0.009375 0.0116319
1 0.781641 0.1125 0.0078125 0.0170139
0 0.274609 0.440972 0.0523437 0.0916667
0 0.267969 0.426389 0.0664062 0.120833
1 0.796875 0.140885 0.00625 0.00972222
1 0.780859 0.10842 0.0078125 0.0189236
1 0.79375 0.152257 0.009375 0.0114583
1 0.771875 0.0233073 0.0140625 0.0284722
1 0.797656 0.124479 0.00625 0.00972222
1 0.774219 0.015842 0.0109375 0.0257378
1 0.398438 0.0345052 0.009375 0.0139757
1 0.821875 0.041059 0.00625 0.00902778
0 0.772656 0.0273003 0.0125 0.0190972
1 0.4 0.0331597 0.0109375 0.0158854
1 0.402344 0.0326389 0.0109375 0.0172743
1 0.692969 0.11684 0.00625 0.0114583
1 0.733594 0.106424 0.00625 0.0145833
1 0.780469 0.119965 0.0078125 0.0180556
1 0.688281 0.104687 0.00625 0.0130208
1 0.646094 0.117101 0.00546875 0.0142361
1 0.782031 0.118924 0.009375 0.0206597
0 0.236523 0.417708 0.136328 0.147917
1 0.800781 0.123785 0.009375 0.0118056
1 0.735156 0.111806 0.00703125 0.0131944
1 0.694141 0.117535 0.00625 0.00920139
1 0.74375 0.945833 0.0203125 0.0375
1 0.773438 0.117101 0.0078125 0.0123264
1 0.774219 0.0228082 0.015625 0.0270399
1 0.798437 0.121528 0.00625 0.0123264
0 0.707812 0.927778 0.0953125 0.0888889
1 0.796094 0.14974 0.009375 0.0147569
1 0.929688 0.968056 0.009375 0.0222222
0 0.773438 0.0216797 0.0117188 0.0257378
1 0.802344 0.12066 0.0078125 0.0107639
1 0.771875 0.0297743 0.0140625 0.0197917
1 0.79375 0.144618 0.0125 0.0159722
1 0.834375 0.134983 0.00625 0.00920139
3 0.672656 0.593403 0.0671875 0.110417
1 0.772656 0.0267144 0.0125 0.0202691
1 0.773438 0.0222873 0.0125 0.0264323
1 0.782812 0.115451 0.00625 0.0114583
1 0.78125 0.114236 0.009375 0.0173611
1 0.781641 0.1125 0.0078125 0.0170139
1 0.795313 0.151649 0.009375 0.0116319
0 0.274609 0.440972 0.0523437 0.0902778
0 0.267969 0.425694 0.0667969 0.122222
1 0.796875 0.141059 0.00625 0.0100694
1 0.780859 0.108507 0.0078125 0.01875
1 0.79375 0.15217 0.009375 0.0114583
1 0.774219 0.0171007 0.0109375 0.0285156
1 0.797656 0.124392 0.00625 0.00989583
1 0.398438 0.0344618 0.009375 0.0138021
0 0.772656 0.0267144 0.0125 0.0202691
1 0.821875 0.041059 0.00625 0.00911458
1 0.399609 0.0331597 0.0117188 0.0157986
1 0.402344 0.0326389 0.0109375 0.0171875
1 0.692969 0.11684 0.00625 0.0114583
1 0.733594 0.106597 0.00625 0.0142361
1 0.780469 0.120139 0.00703125 0.0177083
1 0.688281 0.104861 0.00625 0.0128472
1 0.782031 0.119097 0.009375 0.0201389
1 0.800781 0.123785 0.009375 0.0118056
1 0.646094 0.117188 0.00546875 0.0142361
0 0.773438 0.0222873 0.0125 0.0264323
1 0.694531 0.117535 0.00625 0.00920139
1 0.798437 0.121528 0.00625 0.0123264
1 0.735156 0.111806 0.00703125 0.0131944
1 0.929688 0.968056 0.009375 0.0222222
1 0.773828 0.11684 0.009375 0.0128472
1 0.796094 0.149653 0.009375 0.0147569
0 0.707812 0.927778 0.0945313 0.0888889
0 0.236377 0.417708 0.137402 0.148611
1 0.802344 0.120486 0.0078125 0.0107639
1 0.771875 0.0292969 0.0140625 0.0207465
1 0.74375 0.945833 0.0203125 0.0375
1 0.855469 0.811111 0.0078125 0.0166667
1 0.79375 0.144705 0.0125 0.0159722
3 0.672656 0.593403 0.0671875 0.110417
1 0.772656 0.0261719 0.0125 0.0215278
1 0.773438 0.0225043 0.0125 0.0267795
1 0.782812 0.115451 0.00625 0.0114583
1 0.78125 0.11441 0.009375 0.0170139
1 0.781641 0.1125 0.0078125 0.0166667
1 0.795313 0.151562 0.009375 0.0116319
0 0.273438 0.439583 0.0546875 0.0944444
0 0.267969 0.425694 0.0664062 0.122222
1 0.780859 0.10842 0.0078125 0.0184028
1 0.796875 0.141146 0.00625 0.0104167
1 0.773828 0.0178602 0.0117188 0.0300347
1 0.797656 0.124392 0.00625 0.00989583
1 0.79375 0.152083 0.009375 0.0114583
1 0.398047 0.0345595 0.00859375 0.0136936
0 0.772656 0.0261719 0.0125 0.0215278
1 0.402344 0.0325955 0.0109375 0.0171875
1 0.399609 0.0331597 0.0117188 0.0157986
1 0.692969 0.116927 0.00625 0.0112847
1 0.821875 0.0410156 0.00625 0.00911458
1 0.780469 0.120399 0.00625 0.0171875
0 0.773438 0.0225043 0.0125 0.0267795
1 0.733594 0.106597 0.00625 0.0137153
1 0.782031 0.119097 0.00859375 0.0201389
1 0.800781 0.123872 0.009375 0.0118056
1 0.688281 0.104774 0.00703125 0.0125
1 0.798437 0.121528 0.00625 0.0123264
1 0.929688 0.968056 0.009375 0.0222222
1 0.694531 0.117535 0.00625 0.00902778
1 0.646094 0.117361 0.00546875 0.0140625
1 0.796094 0.149653 0.009375 0.0147569
1 0.773438 0.117014 0.009375 0.0125
1 0.735156 0.111892 0.00703125 0.0126736
1 0.803125 0.120399 0.00625 0.0105903
0 0.707812 0.927778 0.0953125 0.0902778
1 0.854688 0.811111 0.00625 0.0166667
0 0.237109 0.417969 0.137109 0.148785
1 0.79375 0.144792 0.0125 0.0163194
3 0.672656 0.593403 0.0671875 0.110417
1 0.772656 0.0260634 0.0125 0.021658
1 0.782812 0.115451 0.00625 0.0114583
1 0.773438 0.0219184 0.0125 0.0273438
1 0.78125 0.11441 0.00859375 0.0166667
1 0.795313 0.151562 0.009375 0.0116319
0 0.273438 0.439931 0.0546875 0.0930556
1 0.780859 0.108333 0.0078125 0.0180556
1 0.796875 0.141319 0.00625 0.0104167
0 0.267969 0.425347 0.0664062 0.122222
1 0.797656 0.124392 0.00625 0.00989583
0 0.772656 0.0260634 0.0125 0.021658
1 0.79375 0.152083 0.009375 0.0114583
1 0.397656 0.0345378 0.0078125 0.013737
1 0.402344 0.0325521 0.0109375 0.0172743
1 0.399219 0.0331163 0.0109375 0.0158854
1 0.821875 0.0409288 0.00625 0.00894097
1 0.692969 0.117014 0.00625 0.0111111
1 0.780469 0.12066 0.00625 0.0166667
0 0.773438 0.0219184 0.0125 0.0273438
1 0.733594 0.106597 0.00625 0.0131944
1 0.800781 0.123958 0.009375 0.0118056
1 0.798437 0.121528 0.00625 0.0121528
1 0.929688 0.968056 0.009375 0.0222222
1 0.782031 0.119271 0.0078125 0.0197917
1 0.796094 0.149566 0.009375 0.0145833
1 0.688281 0.104687 0.00703125 0.0121528
1 0.694531 0.117535 0.00625 0.00902778
1 0.802344 0.120312 0.00625 0.0104167
1 0.773438 0.117014 0.009375 0.0125
1 0.735156 0.111979 0.00703125 0.0125
1 0.646094 0.117535 0.00546875 0.0138889
0 0.708594 0.927778 0.0953125 0.0902778
1 0.854688 0.811111 0.00625 0.0166667
0 0.237061 0.417361 0.136816 0.149306
1 0.817187 0.116493 0.009375 0.009375
1 0.79375 0.144792 0.0125 0.0159722
1 0.810156 0.118056 0.00625 0.00833333
3 0.672656 0.593403 0.0671875 0.110417
1 0.772656 0.0259115 0.0125 0.0220486
1 0.782812 0.115365 0.00625 0.0114583
1 0.773438 0.0219184 0.0125 0.0273438
1 0.78125 0.11441 0.009375 0.0166667
1 0.781641 0.112413 0.0078125 0.0163194
0 0.273047 0.439583 0.0554687 0.09375
1 0.795313 0.151736 0.0078125 0.0118056
0 0.267578 0.424306 0.0671875 0.123611
1 0.780859 0.108333 0.0078125 0.0177083
1 0.797656 0.124479 0.00625 0.00972222
0 0.772656 0.0259115 0.0125 0.0220486
1 0.796875 0.141493 0.00625 0.0107639
1 0.397656 0.0346354 0.0078125 0.0135417
1 0.79375 0.152083 0.009375 0.0114583
1 0.402344 0.0324653 0.0109375 0.0171007
1 0.399219 0.0330729 0.0109375 0.0157986
1 0.692969 0.116927 0.00625 0.0109375
1 0.821875 0.0409722 0.00625 0.00902778
0 0.773438 0.0219184 0.0125 0.0273438
1 0.780469 0.120573 0.00625 0.0168403
1 0.733594 0.106684 0.00625 0.0133681
1 0.798437 0.121441 0.00625 0.0123264
1 0.800781 0.123958 0.009375 0.0116319
1 0.929688 0.968056 0.009375 0.0222222
1 0.782031 0.119271 0.0078125 0.0197917
1 0.796094 0.149479 0.009375 0.0144097
1 0.694531 0.117535 0.00625 0.00885417
1 0.802344 0.120226 0.00625 0.0104167
1 0.688281 0.104687 0.00703125 0.0121528
1 0.773828 0.11684 0.009375 0.0128472
1 0.735156 0.111979 0.00703125 0.0125
0 0.237109 0.417274 0.136328 0.148785
0 0.708594 0.927778 0.0953125 0.0916667
1 0.854688 0.811111 0.00625 0.0166667
1 0.646094 0.117535 0.00546875 0.0135417
3 0.672656 0.593403 0.0671875 0.110417
1 0.772656 0.0257595 0.0125 0.0222656
1 0.782812 0.115278 0.00625 0.0116319
1 0.773438 0.0218967 0.0125 0.0273872
1 0.78125 0.114236 0.009375 0.0170139
1 0.781641 0.112326 0.0078125 0.0164931
0 0.272656 0.438889 0.05625 0.0944444
0 0.267188 0.422917 0.0671875 0.127083
1 0.795313 0.151736 0.0078125 0.0118056
1 0.780859 0.10842 0.0078125 0.0180556
1 0.397656 0.0346788 0.0078125 0.0133681
0 0.772656 0.0257595 0.0125 0.0222656
1 0.796875 0.124479 0.00625 0.00972222
1 0.796875 0.141667 0.00625 0.0107639
1 0.402344 0.0324653 0.0109375 0.0169271
1 0.399219 0.0330946 0.0109375 0.0157552
1 0.79375 0.152083 0.009375 0.0114583
1 0.692969 0.117014 0.00625 0.0107639
1 0.821875 0.0409722 0.00625 0.00920139
0 0.773438 0.0218967 0.0125 0.0273872
1 0.403125 0.0316406 0.0109375 0.0212674
1 0.798437 0.121441 0.00625 0.0123264
1 0.780469 0.120573 0.00625 0.0170139
1 0.733594 0.106684 0.00625 0.0133681
1 0.800781 0.123958 0.009375 0.0116319
1 0.929688 0.968056 0.009375 0.0222222
1 0.796094 0.149479 0.009375 0.0142361
1 0.782031 0.119271 0.0078125 0.0197917
1 0.802344 0.120139 0.00625 0.0104167
1 0.694531 0.117535 0.00625 0.00868056
1 0.688281 0.104601 0.00703125 0.0118056
1 0.854688 0.811111 0.00625 0.0166667
1 0.774219 0.116753 0.009375 0.0131944
0 0.238867 0.417708 0.133203 0.148611
1 0.735156 0.112066 0.00703125 0.0125
0 0.708203 0.927778 0.0953125 0.0916667
1 0.404687 0.0323785 0.0109375 0.0190104
3 0.672656 0.593403 0.0671875 0.110417
1 0.772656 0.0255208 0.0125 0.0227431
1 0.782812 0.115104 0.00625 0.0121528
1 0.773438 0.0219184 0.0125 0.0275174
1 0.78125 0.113889 0.009375 0.0177083
1 0.781641 0.111979 0.0078125 0.0170139
0 0.272266 0.438194 0.0570313 0.0958333
1 0.780859 0.108681 0.0078125 0.01875
0 0.267188 0.421528 0.0679687 0.129861
1 0.397656 0.0346788 0.0078125 0.0133681
1 0.795313 0.151736 0.0078125 0.0119792
0 0.772656 0.0255208 0.0125 0.0227431
1 0.796875 0.124479 0.00625 0.0100694
1 0.796875 0.14184 0.00625 0.0111111
1 0.402344 0.0324653 0.0109375 0.0168403
1 0.399219 0.0330729 0.0109375 0.0157118
1 0.79375 0.152083 0.009375 0.0118056
0 0.773438 0.0219184 0.0125 0.0275174
1 0.692969 0.11684 0.00625 0.0111111
1 0.821875 0.0411024 0.00625 0.00954861
1 0.403125 0.0315972 0.0109375 0.0211806
1 0.798437 0.121354 0.00625 0.0125
1 0.780469 0.120139 0.00703125 0.0177083
1 0.796094 0.149392 0.009375 0.0144097
1 0.782031 0.119097 0.0078125 0.0201389
1 0.800781 0.123958 0.009375 0.0118056
1 0.733594 0.106771 0.00625 0.0135417
1 0.929688 0.968056 0.009375 0.0222222
1 0.802344 0.120139 0.00625 0.0104167
1 0.694531 0.117535 0.00625 0.00902778
0 0.239014 0.417708 0.13291 0.148611
1 0.688281 0.104514 0.00703125 0.0119792
0 0.708203 0.927778 0.0953125 0.0916667
1 0.855469 0.811806 0.0078125 0.0166667
1 0.404687 0.0323785 0.0109375 0.0189236
1 0.774219 0.116493 0.0109375 0.0138889
3 0.672656 0.593056 0.0671875 0.111111
1 0.772656 0.0254123 0.0125 0.0230469
1 0.782812 0.115017 0.00625 0.0123264
1 0.773438 0.0219238 0.0125 0.0276801
1 0.78125 0.113715 0.009375 0.0180556
1 0.781641 0.111979 0.0078125 0.0173611
0 0.271875 0.4375 0.0578125 0.0972222
1 0.78125 0.108854 0.0078125 0.0190972
0 0.266797 0.420833 0.0679687 0.13125
0 0.772656 0.0254123 0.0125 0.0230469
1 0.397656 0.0347114 0.0078125 0.0135634
1 0.795313 0.151736 0.0078125 0.0121528
1 0.797656 0.124479 0.00625 0.0100694
1 0.402344 0.0325521 0.0109375 0.0170139
1 0.796875 0.142014 0.00625 0.0114583
1 0.399609 0.0331163 0.0117188 0.0159722
1 0.79375 0.152083 0.009375 0.0119792
0 0.773438 0.0219238 0.0125 0.0276801
1 0.692969 0.116753 0.00625 0.0112847
1 0.821875 0.0411458 0.00625 0.00972222
1 0.780469 0.119878 0.00703125 0.0185764
1 0.403125 0.031684 0.0109375 0.0213542
1 0.798437 0.121354 0.00625 0.0125
1 0.782031 0.118924 0.00859375 0.0204861
1 0.796094 0.149392 0.009375 0.0144097
1 0.733594 0.106597 0.00625 0.0138889
1 0.800781 0.123958 0.009375 0.0119792
1 0.802344 0.120052 0.00625 0.0105903
0 0.239258 0.417708 0.132812 0.147917
1 0.929688 0.968056 0.009375 0.0222222
1 0.694531 0.117535 0.00625 0.00902778
0 0.707812 0.927778 0.0953125 0.0916667
3 0.672656 0.593056 0.0671875 0.111111
1 0.772656 0.0257161 0.0125 0.022526
1 0.782812 0.115104 0.00625 0.0125
1 0.773438 0.0218316 0.0125 0.0275174
1 0.78125 0.113802 0.009375 0.0180556
1 0.781641 0.112066 0.0078125 0.0173611
0 0.272266 0.437847 0.0570313 0.0965278
0 0.772656 0.0257161 0.0125 0.022526
1 0.78125 0.108854 0.0078125 0.0190972
1 0.397656 0.0347114 0.0078125 0.0135634
0 0.267188 0.421181 0.0679687 0.130556
1 0.402344 0.0325955 0.0109375 0.0171007
1 0.795313 0.151736 0.0078125 0.0123264
1 0.797656 0.124479 0.00625 0.0102431
1 0.399609 0.0331597 0.0117188 0.0159722
1 0.796875 0.142101 0.00625 0.0116319
1 0.79375 0.152083 0.009375 0.0121528
0 0.773438 0.0218316 0.0125 0.0275174
1 0.692969 0.116667 0.00625 0.0114583
1 0.780469 0.119792 0.00703125 0.01875
1 0.821875 0.0412326 0.00625 0.00989583
1 0.782031 0.118924 0.00859375 0.0204861
1 0.798437 0.121354 0.00625 0.0128472
1 0.796094 0.149306 0.009375 0.0145833
0 0.239258 0.417274 0.132812 0.148785
1 0.800781 0.123958 0.009375 0.0121528
1 0.733594 0.106597 0.00625 0.0138889
1 0.802344 0.119965 0.00625 0.0107639
1 0.404297 0.0325521 0.0117188 0.0190972
1 0.694531 0.117535 0.00625 0.00902778
3 0.672656 0.593056 0.0671875 0.111111
1 0.772656 0.0257161 0.0125 0.022526
1 0.782812 0.115104 0.00625 0.0125
1 0.773438 0.0218316 0.0125 0.0275174
1 0.78125 0.113715 0.009375 0.0184028
1 0.781641 0.111979 0.0078125 0.0177083
0 0.272656 0.438194 0.0558594 0.0958333
0 0.772656 0.0257161 0.0125 0.022526
1 0.78125 0.108854 0.0078125 0.0194444
1 0.398047 0.0347656 0.00859375 0.0137153
0 0.267188 0.422222 0.0679687 0.129167
1 0.401563 0.0335178 0.0140625 0.0173394
1 0.795313 0.151736 0.0078125 0.0125
1 0.797656 0.124566 0.00625 0.0104167
1 0.796875 0.142361 0.00625 0.0121528
0 0.773438 0.0218316 0.0125 0.0275174
1 0.79375 0.152083 0.009375 0.0125
1 0.403125 0.031684 0.0109375 0.021441
1 0.780469 0.119705 0.0078125 0.0189236
1 0.782031 0.118924 0.00859375 0.0204861
1 0.692969 0.11658 0.00625 0.0116319
1 0.796094 0.149219 0.009375 0.0144097
1 0.821875 0.0413194 0.00625 0.0100694
1 0.798437 0.121354 0.00625 0.0128472
0 0.239014 0.417708 0.133691 0.149306
1 0.800781 0.124132 0.009375 0.0123264
1 0.733594 0.106597 0.00625 0.0142361
1 0.802344 0.119965 0.00625 0.0111111
3 0.672656 0.593056 0.0671875 0.111111
1 0.772656 0.0254991 0.0125 0.0229601
1 0.773438 0.0218533 0.0125 0.0276476
1 0.782812 0.115017 0.00625 0.0130208
1 0.78125 0.113455 0.009375 0.0189236
0 0.273047 0.438889 0.0554687 0.0944444
1 0.78125 0.109028 0.0078125 0.0197917
0 0.772656 0.0232856 0.0125 0.0268663
0 0.267383 0.423264 0.0675781 0.127083
1 0.397656 0.034809 0.0078125 0.0137153
1 0.401563 0.0335503 0.0140625 0.0174479
1 0.795313 0.151649 0.009375 0.0128472
1 0.797656 0.124653 0.00625 0.0107639
1 0.796875 0.142708 0.0078125 0.0128472
1 0.79375 0.152083 0.009375 0.0128472
1 0.402734 0.0317274 0.0109375 0.0215278
0 0.773438 0.0194878 0.0125 0.0334201
1 0.780469 0.119271 0.0078125 0.0197917
1 0.782031 0.118837 0.00859375 0.0210069
1 0.692969 0.116493 0.00625 0.0118056
1 0.796094 0.149219 0.009375 0.0145833
0 0.238867 0.417708 0.134375 0.150694
1 0.821875 0.0414063 0.00625 0.0102431
1 0.798437 0.121354 0.00625 0.0131944
3 0.672656 0.593056 0.0671875 0.111111
1 0.772656 0.0254123 0.0125 0.0230469
1 0.773438 0.0218533 0.0125 0.0277344
1 0.782812 0.115017 0.00625 0.0131944
1 0.78125 0.113368 0.009375 0.0192708
0 0.272656 0.438194 0.05625 0.0958333
0 0.772656 0.0232639 0.0125 0.0269097
0 0.267188 0.422917 0.0679687 0.127778
1 0.78125 0.109028 0.0078125 0.0201389
1 0.397656 0.0348958 0.0078125 0.0138021
1 0.401563 0.0335503 0.0140625 0.0175347
1 0.795313 0.151649 0.009375 0.0130208
1 0.797656 0.124653 0.00625 0.0107639
1 0.796875 0.142882 0.0078125 0.0130208
1 0.79375 0.152083 0.009375 0.0130208
1 0.772266 0.0282986 0.0140625 0.0228299
1 0.402734 0.0317274 0.0109375 0.0216146
0 0.773438 0.0195095 0.0125 0.0335503
1 0.782031 0.11875 0.00859375 0.0211806
1 0.780469 0.119097 0.0078125 0.0204861
1 0.796094 0.149306 0.009375 0.0149306
0 0.239453 0.417274 0.133203 0.150174
1 0.692969 0.116319 0.00625 0.0121528
3 0.672656 0.593056 0.0671875 0.111111
1 0.772656 0.0251302 0.0132813 0.0236979
1 0.782812 0.114931 0.00625 0.0137153
1 0.773438 0.0195747 0.0125 0.0335938
1 0.78125 0.113108 0.009375 0.0201389
0 0.27168 0.436806 0.0582031 0.0986111
0 0.266797 0.420833 0.06875 0.131944
0 0.772656 0.0231771 0.0125 0.0270833
1 0.780859 0.109201 0.00859375 0.0208333
1 0.401563 0.0336372 0.0140625 0.0174479
1 0.397656 0.0349826 0.0078125 0.0136285
1 0.797656 0.12474 0.00625 0.0111111
1 0.795313 0.151649 0.009375 0.0133681
1 0.796875 0.143142 0.0078125 0.0137153
1 0.774219 0.0228733 0.015625 0.0271701
1 0.79375 0.152083 0.009375 0.0133681
1 0.403125 0.0317057 0.0109375 0.0215712
1 0.782031 0.118576 0.00859375 0.021875
1 0.780469 0.11875 0.0078125 0.0213542
3 0.672656 0.593056 0.0671875 0.111111
1 0.772656 0.0248915 0.0125 0.0241753
1 0.782812 0.114931 0.00703125 0.0138889
1 0.773438 0.0195801 0.0125 0.0336697
0 0.270703 0.434375 0.0601562 0.103472
1 0.78125 0.112847 0.009375 0.0204861
0 0.266797 0.419792 0.06875 0.134028
0 0.773047 0.0230686 0.0125 0.0273003
1 0.780859 0.109201 0.00859375 0.0211806
1 0.401172 0.0336697 0.0140625 0.0173828
1 0.397656 0.0350694 0.0078125 0.0134549
0 0.276172 0.443056 0.0492188 0.0875
1 0.797656 0.124826 0.00625 0.0112847
1 0.795313 0.151562 0.009375 0.0135417
1 0.796875 0.143576 0.0078125 0.0142361
1 0.774219 0.022678 0.015625 0.0273872
1 0.772266 0.0279514 0.0140625 0.0235243
3 0.672656 0.593056 0.0671875 0.111111
1 0.772656 0.0246745 0.0125 0.0246094
1 0.773438 0.0196398 0.0125 0.0336372
1 0.782812 0.114757 0.00703125 0.0144097
0 0.270703 0.434722 0.0601562 0.102778
0 0.266797 0.419444 0.06875 0.134722
1 0.78125 0.112674 0.009375 0.0211806
0 0.773047 0.0229818 0.0125 0.0275608
1 0.401172 0.0336914 0.0140625 0.0173394
1 0.397656 0.0351562 0.0078125 0.0133681
1 0.782031 0.109896 0.009375 0.0215278
0 0.276172 0.443056 0.0492188 0.0875
1 0.774219 0.0225477 0.015625 0.0276476
1 0.797656 0.124826 0.00625 0.0114583
1 0.772266 0.0278212 0.0140625 0.0237847
1 0.795313 0.151562 0.009375 0.0138889
1 0.796875 0.143924 0.0078125 0.0149306
3 0.672656 0.593056 0.0671875 0.111111
1 0.772656 0.0245009 0.0125 0.0250434
1 0.773438 0.019656 0.0125 0.0336046
1 0.782812 0.114583 0.00703125 0.0149306
0 0.270898 0.434375 0.0601562 0.103472
0 0.266797 0.419444 0.06875 0.134722
1 0.78125 0.112326 0.009375 0.021875
0 0.773047 0.0229384 0.0125 0.0277344
1 0.401172 0.033724 0.0140625 0.0172743
1 0.397656 0.0351562 0.0078125 0.0133681
1 0.782031 0.109896 0.009375 0.021875
0 0.276367 0.443056 0.0496094 0.0875
1 0.774219 0.0224881 0.015625 0.0278537
1 0.772266 0.0276476 0.0140625 0.0241319
1 0.797656 0.124826 0.00625 0.0118056
3 0.672656 0.593056 0.0671875 0.111111
1 0.772656 0.0243273 0.0125 0.0253906
1 0.773438 0.0197049 0.0125 0.0336806
0 0.271094 0.434722 0.059375 0.102778
1 0.782812 0.11441 0.00703125 0.015625
0 0.266992 0.419792 0.06875 0.134028
0 0.773047 0.0228733 0.0125 0.0278646
1 0.78125 0.112153 0.009375 0.0225694
1 0.401172 0.033724 0.0140625 0.0171875
1 0.397656 0.0351671 0.0078125 0.0133464
0 0.276367 0.443056 0.0496094 0.0875
1 0.774219 0.0224609 0.015625 0.0278212
3 0.672656 0.593056 0.0671875 0.111111
1 0.772656 0.0243056 0.0125 0.025434
1 0.773438 0.0197049 0.0125 0.0336806
0 0.271094 0.434722 0.059375 0.102778
1 0.782812 0.114323 0.00703125 0.015625
0 0.266992 0.419792 0.06875 0.134028
0 0.773047 0.0228678 0.0125 0.0278754
1 0.78125 0.112153 0.009375 0.0225694
1 0.401172 0.0336697 0.0140625 0.0172092
1 0.397656 0.0351562 0.0078125 0.0133681
0 0.276367 0.443056 0.0496094 0.0875
1 0.774219 0.0224392 0.015625 0.0278646
