0 0.598437 0.455417 0.0453125 0.0375
0 0.989844 0.0314583 0.0203125 0.0629167
1 0.516797 0.214792 0.00859375 0.0179167
1 0.515625 0.213333 0.009375 0.0183333
1 0.228906 0.140938 0.00703125 0.0197917
1 0.428906 0.494167 0.009375 0.0183333
1 0.532812 0.546667 0.00625 0.015
1 0.607813 0.546667 0.00625 0.02
0 0.662109 0.757917 0.0742188 0.055
1 0.429688 0.505 0.009375 0.0191667
0 0.651953 0.751667 0.0523437 0.0416667
1 0.528906 0.218333 0.0078125 0.0166667
0 0.516797 0.214792 0.00859375 0.0179167
1 0.990625 0.0326042 0.01875 0.0652083
3 0.659375 0.755 0.0671875 0.0541667
1 0.598437 0.455 0.0453125 0.04
1 0.496875 0.196042 0.0078125 0.01625
0 0.515625 0.213333 0.009375 0.0183333
0 0.428906 0.494167 0.009375 0.0183333
1 0.621875 0.571667 0.0078125 0.0216667
1 0.648047 0.437083 0.0140625 0.0175
0 0.114648 0.913333 0.0359375 0.035
1 0.651953 0.751667 0.0523437 0.0416667
0 0.545313 0.7025 0.025 0.045
1 0.282813 0.0866667 0.00585938 0.0233333
0 0.113477 0.935 0.0410156 0.08
0 0.532812 0.546667 0.00625 0.015
1 0.705469 0.212917 0.0078125 0.03
0 0.612109 0.6125 0.0210938 0.0566667
1 0.689844 0.240208 0.009375 0.0220833
1 0.555469 0.544167 0.00625 0.015
1 0.942969 0.650417 0.009375 0.0208333
0 0.12002 0.91 0.025 0.0266667
0 0.109961 0.951667 0.0472656 0.0966667
1 0.596875 0.704583 0.009375 0.0208333
0 0.648047 0.437083 0.0140625 0.0175
0 0.607813 0.609583 0.0289063 0.0608333
1 0.409375 0.00799479 0.0078125 0.0157292
2 0.659375 0.755 0.0671875 0.0541667
0 0.0410645 0.155833 0.0255859 0.0272917
1 0.907812 0.165625 0.00625 0.0125
1 0.480469 0.621667 0.00703125 0.015
1 0.450781 0.66125 0.00625 0.0141667
1 0.615625 0.721667 0.0101562 0.02
1 0.612109 0.6125 0.0210938 0.0566667
1 0.413672 0.62875 0.00625 0.0175
0 0.996094 0.47875 0.0078125 0.0266667
1 0.295898 0.0599479 0.00625 0.023125
1 0.442969 0.8875 0.0078125 0.025
1 0.517969 0.622083 0.00625 0.0133333
0 0.528906 0.218333 0.0078125 0.0166667
0 0.598047 0.455 0.0460938 0.0366667
0 0.990625 0.0313802 0.01875 0.0627604
1 0.516406 0.215417 0.009375 0.0183333
1 0.532812 0.5475 0.00625 0.0166667
1 0.428906 0.495 0.009375 0.0191667
1 0.515234 0.212917 0.00859375 0.0183333
1 0.430469 0.506667 0.009375 0.0166667
1 0.607031 0.5475 0.00625 0.02
0 0.516406 0.215417 0.009375 0.0183333
1 0.554688 0.54375 0.00625 0.0158333
1 0.621875 0.571667 0.0078125 0.0233333
0 0.939844 0.591667 0.0109375 0.0166667
1 0.705469 0.209167 0.0078125 0.04
1 0.953125 0.6025 0.009375 0.0216667
0 0.428906 0.495 0.009375 0.0191667
1 0.939844 0.591667 0.0109375 0.0166667
1 0.527734 0.220208 0.009375 0.0191667
1 0.942969 0.65 0.009375 0.0216667
0 0.650781 0.755 0.0507812 0.0441667
1 0.442969 0.888333 0.00703125 0.0266667
0 0.953125 0.6025 0.009375 0.0216667
0 0.114063 0.95 0.0402344 0.0983333
0 0.639844 0.598333 0.009375 0.0183333
1 0.496875 0.196667 0.00859375 0.0183333
0 0.515234 0.212917 0.00859375 0.0183333
1 0.991406 0.031888 0.0171875 0.063099
1 0.689844 0.240833 0.009375 0.025
1 0.794531 0.380833 0.0078125 0.0175
0 0.114258 0.914167 0.0359375 0.03
1 0.639844 0.598333 0.009375 0.0183333
1 0.711328 0.201667 0.0078125 0.0366667
0 0.939062 0.585833 0.009375 0.0158333
1 0.907812 0.165417 0.00625 0.0129167
0 0.995703 0.47875 0.00859375 0.0258333
0 0.688281 0.14125 0.0390625 0.0608333
0 0.978906 0.519167 0.009375 0.02
0 0.649219 0.111667 0.053125 0.0645833
0 0.684766 0.147813 0.0445312 0.064375
1 0.598047 0.455 0.0460938 0.0366667
0 0.942969 0.65 0.009375 0.0216667
0 0.430469 0.506667 0.009375 0.0166667
0 0.646094 0.755 0.0367187 0.0408333
1 0.557031 0.566667 0.00625 0.0158333
0 0.858594 0.989167 0.025 0.0183333
0 0.598437 0.455 0.0453125 0.0366667
0 0.991406 0.0308594 0.0171875 0.0617188
1 0.516406 0.215 0.0101562 0.0208333
1 0.907812 0.164792 0.00625 0.0133333
1 0.995313 0.479167 0.009375 0.0233333
1 0.979688 0.518333 0.0109375 0.0216667
1 0.409375 0.0151042 0.00859375 0.0302083
1 0.795313 0.38 0.00625 0.015
1 0.978125 0.531667 0.0109375 0.0233333
1 0.996094 0.47 0.0078125 0.0233333
0 0.995313 0.479167 0.009375 0.0233333
1 0.992969 0.50875 0.0125 0.0241667
1 0.532812 0.5475 0.00625 0.0166667
1 0.607813 0.547083 0.00625 0.0208333
0 0.979688 0.518333 0.0109375 0.0216667
0 0.113867 0.945833 0.040625 0.106667
0 0.978125 0.531667 0.0109375 0.0233333
1 0.992578 0.03125 0.0148437 0.0625
1 0.953125 0.6025 0.009375 0.0233333
1 0.894531 0.225208 0.0078125 0.01375
0 0.992969 0.50875 0.0125 0.0241667
0 0.516406 0.215 0.0101562 0.0208333
0 0.996094 0.47 0.0078125 0.0233333
1 0.527344 0.217917 0.009375 0.0225
0 0.410547 0.0243229 0.0117188 0.0423958
1 0.942187 0.649583 0.009375 0.02
1 0.597656 0.45625 0.04375 0.035
1 0.283203 0.0901042 0.00625 0.0316667
0 0.608594 0.6075 0.0257812 0.0616667
1 0.410547 0.0243229 0.0117188 0.0423958
1 0.992188 0.476667 0.0140625 0.0183333
0 0.649219 0.436667 0.0171875 0.0216667
0 0.654688 0.439167 0.0273438 0.0283333
0 0.992188 0.476667 0.0140625 0.0183333
0 0.612891 0.610417 0.0171875 0.0566667
0 0.409375 0.0151042 0.00859375 0.0302083
0 0.111719 0.25375 0.00820312 0.0191667
0 0.598047 0.454583 0.0453125 0.0366667
0 0.990625 0.0315104 0.01875 0.0630208
1 0.942187 0.649167 0.009375 0.0183333
1 0.953125 0.600833 0.0125 0.0208333
1 0.907812 0.165 0.0078125 0.015
1 0.940625 0.593333 0.0125 0.0166667
1 0.516406 0.21625 0.009375 0.02125
1 0.990625 0.0315104 0.01875 0.0630208
1 0.429297 0.495 0.0109375 0.02
1 0.951563 0.61 0.0125 0.0241667
1 0.795313 0.381667 0.00625 0.0166667
1 0.978125 0.532083 0.0109375 0.0216667
1 0.282813 0.090625 0.00625 0.0308333
1 0.532812 0.5475 0.00546875 0.0166667
1 0.409375 0.0138542 0.00859375 0.0266667
1 0.705469 0.209792 0.00859375 0.04125
1 0.607813 0.5475 0.0078125 0.0216667
1 0.515234 0.212917 0.00859375 0.02
0 0.864844 0.991667 0.0125 0.0133333
1 0.598437 0.455417 0.0445312 0.0366667
1 0.995313 0.477917 0.009375 0.025
0 0.942187 0.0319792 0.0125 0.0164583
1 0.939062 0.586667 0.0109375 0.0166667
1 0.0982422 0.400104 0.0101562 0.028125
0 0.859375 0.99 0.01875 0.0166667
1 0.9375 0.595 0.0125 0.0166667
1 0.940625 0.63625 0.0125 0.015
1 0.979688 0.519167 0.0125 0.0191667
1 0.528516 0.219583 0.0078125 0.0225
0 0.909375 0.159375 0.009375 0.01875
0 0.907812 0.165 0.0078125 0.015
0 0.60625 0.609583 0.0328125 0.0608333
1 0.430469 0.503333 0.0109375 0.0233333
1 0.705469 0.20375 0.009375 0.0416667
0 0.942187 0.649167 0.009375 0.0183333
1 0.995703 0.470417 0.00859375 0.0233333
1 0.10293 0.404896 0.0078125 0.026875
1 0.896875 0.197917 0.009375 0.0154167
1 0.909375 0.159375 0.009375 0.01875
0 0.978125 0.532083 0.0109375 0.0216667
1 0.111914 0.254167 0.00898437 0.0191667
1 0.690234 0.243125 0.009375 0.0279167
0 0.995313 0.477917 0.009375 0.025
1 0.710938 0.203333 0.0078125 0.0354167
1 0.410937 0.0221354 0.0117188 0.0378125
1 0.817187 0.358542 0.009375 0.015
1 0.992188 0.508333 0.0125 0.0241667
0 0.112988 0.7425 0.00644531 0.015
1 0.895312 0.223333 0.009375 0.01375
0 0.111914 0.254167 0.00898437 0.0191667
0 0.895312 0.223333 0.009375 0.01375
1 0.948438 0.6175 0.0125 0.0183333
1 0.450781 0.6625 0.0078125 0.0183333
0 0.642187 0.747083 0.0328125 0.0316667
1 0.596094 0.703333 0.00859375 0.0233333
1 0.112988 0.7425 0.00644531 0.015
0 0.597656 0.455417 0.0453125 0.0375
0 0.991406 0.0311719 0.0171875 0.0623438
1 0.939062 0.592083 0.0125 0.0158333
1 0.532812 0.5475 0.00546875 0.0166667
1 0.516406 0.214583 0.009375 0.0191667
1 0.942969 0.648333 0.009375 0.0166667
0 0.0984375 0.401771 0.0105469 0.0347917
0 0.661328 0.757083 0.0710938 0.0508333
0 0.651563 0.749167 0.0523437 0.0366667
1 0.428906 0.495417 0.009375 0.0216667
1 0.991406 0.0311719 0.0171875 0.0623438
1 0.0984375 0.401771 0.0105469 0.0347917
1 0.907812 0.164271 0.009375 0.0125
1 0.953125 0.60125 0.009375 0.02
1 0.607813 0.546667 0.00703125 0.0216667
1 0.979688 0.516667 0.009375 0.0166667
0 0.995313 0.477917 0.009375 0.025
1 0.554688 0.545 0.00546875 0.0183333
1 0.995313 0.477917 0.009375 0.025
1 0.978125 0.533333 0.0109375 0.02
0 0.979688 0.516667 0.009375 0.0166667
0 0.116992 0.24875 0.0175781 0.0166667
1 0.101953 0.404896 0.009375 0.0352083
1 0.939062 0.585 0.009375 0.015
0 0.939062 0.592083 0.0125 0.0158333
0 0.978125 0.533333 0.0109375 0.02
1 0.794531 0.380625 0.00625 0.01375
0 0.111816 0.252083 0.00839844 0.02
0 0.99375 0.5075 0.0125 0.0225
1 0.528516 0.218542 0.0078125 0.0208333
1 0.99375 0.5075 0.0125 0.0225
0 0.101953 0.404896 0.009375 0.0352083
1 0.996094 0.469167 0.0078125 0.0208333
0 0.895312 0.224167 0.009375 0.0125
1 0.597656 0.455417 0.0453125 0.0375
0 0.942969 0.648333 0.009375 0.0166667
1 0.409766 0.0115625 0.009375 0.0226042
0 0.604688 0.606667 0.028125 0.0516667
0 0.119434 0.905 0.0255859 0.0233333
1 0.56875 0.516667 0.00546875 0.0183333
1 0.951563 0.61125 0.009375 0.0216667
0 0.228125 0.142604 0.0101562 0.025
0 0.907812 0.164271 0.009375 0.0125
0 0.939062 0.585 0.009375 0.015
1 0.817187 0.357083 0.0078125 0.0116667
0 0.139844 0.826875 0.0111328 0.0295833
1 0.429297 0.501667 0.00859375 0.0266667
1 0.895312 0.224167 0.009375 0.0125
0 0.120898 0.908333 0.0226563 0.0233333
0 0.996094 0.469167 0.0078125 0.0208333
1 0.65 0.875 0.00625 0.0166667
0 0.865625 0.990833 0.0125 0.0133333
1 0.283203 0.0875 0.00625 0.0227083
0 0.953125 0.60125 0.009375 0.02
1 0.111816 0.252083 0.00839844 0.02
1 0.621484 0.568333 0.0078125 0.0216667
0 0.409766 0.0115625 0.009375 0.0226042
0 0.516406 0.214583 0.009375 0.0191667
0 0.910937 0.155625 0.009375 0.0141667
0 0.648438 0.438333 0.0164062 0.0216667
1 0.595312 0.70125 0.0078125 0.0158333
1 0.147656 0.016875 0.0101562 0.0254167
0 0.598437 0.455417 0.0453125 0.0375
0 0.991406 0.0311979 0.0171875 0.0623958
1 0.516406 0.214375 0.009375 0.02125
1 0.532812 0.546667 0.00546875 0.0166667
1 0.991406 0.0311979 0.0171875 0.0623958
1 0.428906 0.495417 0.009375 0.0216667
1 0.607813 0.5475 0.00625 0.0216667
1 0.908594 0.163021 0.009375 0.0141667
0 0.60625 0.610833 0.03125 0.0633333
1 0.528125 0.217917 0.0078125 0.0216667
0 0.657812 0.758333 0.0648438 0.0516667
1 0.940625 0.590833 0.0125 0.015
1 0.996094 0.47 0.0078125 0.0216667
1 0.942969 0.649167 0.009375 0.02
1 0.56875 0.515417 0.00625 0.0175
0 0.650781 0.751667 0.05 0.04
0 0.895312 0.224167 0.009375 0.0133333
1 0.621094 0.568333 0.0078125 0.0208333
0 0.908594 0.163021 0.009375 0.0141667
1 0.953125 0.603333 0.009375 0.0241667
1 0.794531 0.380208 0.00625 0.0145833
1 0.817187 0.357083 0.009375 0.0125
0 0.83125 0.00696615 0.015625 0.0139323
1 0.595312 0.700417 0.0078125 0.0183333
0 0.938281 0.584167 0.009375 0.0158333
1 0.705469 0.211458 0.0078125 0.0320833
1 0.554688 0.545 0.00625 0.0183333
1 0.759375 0.419167 0.0109375 0.0133333
1 0.995703 0.477917 0.00859375 0.025
1 0.429688 0.5025 0.009375 0.025
0 0.995703 0.477917 0.00859375 0.025
1 0.409375 0.0113542 0.009375 0.02125
0 0.942969 0.649167 0.009375 0.02
0 0.940625 0.590833 0.0125 0.015
0 0.910937 0.157708 0.009375 0.0170833
1 0.650781 0.874167 0.0078125 0.0183333
1 0.682813 0.993333 0.0078125 0.0116667
0 0.659375 0.759167 0.071875 0.0666667
1 0.979688 0.519167 0.009375 0.0225
1 0.0982422 0.400833 0.00976562 0.0341667
1 0.705469 0.200833 0.0078125 0.0316667
1 0.690234 0.240625 0.009375 0.02125
0 0.0982422 0.400833 0.00976562 0.0341667
1 0.598437 0.455833 0.04375 0.0366667
0 0.866406 0.991667 0.0109375 0.0133333
0 0.653125 0.858333 0.00859375 0.0216667
0 0.979688 0.519167 0.009375 0.0225
0 0.94375 0.0301562 0.0125 0.0151042
0 0.953125 0.603333 0.009375 0.0241667
0 0.896875 0.197917 0.009375 0.0141667
1 0.102539 0.404583 0.00878906 0.0341667
0 0.8125 0.142708 0.00625 0.02875
1 0.978125 0.53 0.009375 0.0283333
0 0.859375 0.99 0.01875 0.0166667
1 0.429688 0.0930208 0.0078125 0.020625
0 0.117969 0.2475 0.0208984 0.0191667
0 0.599219 0.455 0.0429688 0.0375
0 0.991016 0.0308333 0.0179687 0.0616667
1 0.516406 0.21375 0.009375 0.0216667
1 0.907812 0.163333 0.009375 0.0154167
1 0.991016 0.0308333 0.0179687 0.0616667
0 0.657031 0.7575 0.0632813 0.05
0 0.650781 0.751667 0.0507812 0.0416667
1 0.532812 0.5475 0.0046875 0.0166667
1 0.607422 0.5475 0.00625 0.0216667
1 0.940625 0.592083 0.0125 0.0166667
1 0.979688 0.52 0.009375 0.0216667
1 0.528906 0.21875 0.0078125 0.02375
1 0.94375 0.648333 0.009375 0.0216667
0 0.661719 0.76 0.0765625 0.0683333
1 0.953125 0.6025 0.009375 0.0233333
1 0.705469 0.210833 0.0078125 0.0345833
1 0.79375 0.379583 0.00625 0.015
1 0.978125 0.530833 0.009375 0.025
1 0.705469 0.2025 0.0078125 0.0345833
1 0.996094 0.469167 0.0078125 0.0216667
1 0.690234 0.24125 0.00859375 0.025
0 0.907812 0.163333 0.009375 0.0154167
1 0.621094 0.5675 0.0078125 0.0216667
1 0.895312 0.224167 0.009375 0.01375
1 0.409375 0.0118229 0.00859375 0.0232292
0 0.867188 0.991667 0.0125 0.0116667
1 0.896875 0.1975 0.009375 0.01375
0 0.895312 0.224167 0.009375 0.01375
1 0.71875 0.200417 0.00625 0.0283333
1 0.816406 0.358333 0.0078125 0.0141667
1 0.760547 0.419167 0.009375 0.0133333
1 0.599219 0.455 0.0429688 0.0375
1 0.910156 0.157813 0.009375 0.0175
1 0.710938 0.20375 0.0078125 0.0304167
1 0.595312 0.700833 0.0078125 0.02
0 0.11875 0.905 0.0242187 0.02
0 0.910156 0.157813 0.009375 0.0175
1 0.428906 0.495417 0.009375 0.0216667
1 0.939062 0.584583 0.0109375 0.015
1 0.56875 0.515 0.0046875 0.0183333
1 0.995703 0.4775 0.00859375 0.0266667
0 0.860156 0.990833 0.0171875 0.015
1 0.554688 0.545833 0.00625 0.0183333
0 0.516406 0.21375 0.009375 0.0216667
3 0.657812 0.755833 0.065625 0.0483333
0 0.0984375 0.400833 0.0105469 0.0366667
1 0.0984375 0.400833 0.0105469 0.0366667
0 0.598437 0.455 0.04375 0.0383333
0 0.991406 0.030625 0.0171875 0.06125
0 0.659375 0.75875 0.0671875 0.0525
1 0.991406 0.030625 0.0171875 0.06125
1 0.516406 0.213542 0.009375 0.02125
1 0.607813 0.548333 0.00625 0.0233333
1 0.532812 0.547083 0.00546875 0.0166667
0 0.652344 0.75125 0.0546875 0.0391667
1 0.908594 0.163021 0.009375 0.0147917
1 0.940625 0.59125 0.0125 0.0158333
1 0.79375 0.379167 0.00625 0.0133333
1 0.953125 0.601667 0.009375 0.0216667
1 0.942969 0.6475 0.0078125 0.0183333
1 0.979688 0.518333 0.009375 0.02
1 0.428906 0.495 0.009375 0.0233333
1 0.996094 0.468333 0.0078125 0.0208333
1 0.938281 0.585 0.009375 0.015
1 0.528516 0.2175 0.0078125 0.0225
1 0.594922 0.7 0.0078125 0.0183333
1 0.553906 0.648333 0.0078125 0.0166667
1 0.621094 0.568333 0.0078125 0.0225
1 0.705469 0.211458 0.0078125 0.03375
0 0.667188 0.76375 0.0890625 0.0783333
1 0.409766 0.0126042 0.00859375 0.0239583
0 0.938281 0.585 0.009375 0.015
1 0.689844 0.240417 0.009375 0.02375
0 0.940625 0.59125 0.0125 0.0158333
1 0.816406 0.357083 0.0078125 0.0125
1 0.978125 0.5325 0.009375 0.0225
1 0.56875 0.515 0.00546875 0.0183333
0 0.909375 0.158021 0.009375 0.016875
0 0.908594 0.163021 0.009375 0.0147917
0 0.942969 0.6475 0.0078125 0.0183333
1 0.555469 0.545833 0.00625 0.0191667
1 0.995703 0.47875 0.00859375 0.0258333
1 0.650781 0.875 0.00703125 0.0166667
0 0.657422 0.758333 0.0742188 0.0683333
1 0.953125 0.61 0.009375 0.0233333
1 0.760938 0.417917 0.00859375 0.0125
0 0.867188 0.991667 0.0109375 0.0116667
1 0.719531 0.2 0.00625 0.02625
1 0.598828 0.455 0.0445312 0.0375
1 0.828906 0.358958 0.00625 0.0158333
1 0.635938 0.630833 0.0078125 0.0141667
0 0.653125 0.856667 0.0078125 0.02
0 0.0983398 0.400833 0.0101562 0.0325
1 0.705859 0.2025 0.0078125 0.0329167
0 0.953125 0.601667 0.009375 0.0216667
0 0.935938 0.0625521 0.009375 0.0146875
0 0.442187 0.886667 0.0125 0.0366667
0 0.979688 0.518333 0.009375 0.02
0 0.895312 0.224167 0.009375 0.0133333
1 0.641016 0.624167 0.009375 0.015
1 0.711719 0.203958 0.0078125 0.0295833
0 0.942969 0.0301042 0.0109375 0.015
1 0.728125 0.200833 0.0078125 0.0266667
0 0.542578 0.7 0.0171875 0.0366667
0 0.650781 0.875 0.00703125 0.0166667
0 0.859375 0.99 0.015625 0.0133333
1 0.51875 0.624167 0.0078125 0.0183333
0 0.598437 0.455 0.04375 0.0375
0 0.991406 0.0309375 0.0171875 0.061875
1 0.991406 0.0309375 0.0171875 0.061875
1 0.79375 0.379375 0.00625 0.01375
1 0.907812 0.163125 0.009375 0.0145833
1 0.516406 0.21375 0.009375 0.0216667
0 0.659766 0.7575 0.0679687 0.0483333
1 0.532812 0.5475 0.00546875 0.0166667
1 0.607422 0.548333 0.00625 0.0233333
0 0.65 0.750833 0.0484375 0.0366667
1 0.939844 0.590833 0.0109375 0.0166667
1 0.979688 0.518333 0.009375 0.0208333
1 0.978125 0.531667 0.009375 0.0233333
1 0.953125 0.601667 0.009375 0.0216667
1 0.705469 0.213542 0.00703125 0.0304167
1 0.996094 0.469583 0.0078125 0.0225
1 0.762109 0.418333 0.00703125 0.0116667
1 0.690625 0.24 0.0078125 0.0229167
1 0.995703 0.478333 0.00859375 0.0266667
0 0.939844 0.590833 0.0109375 0.0166667
1 0.594531 0.699583 0.0078125 0.0191667
1 0.94375 0.648333 0.009375 0.02
0 0.660937 0.76 0.0734375 0.0666667
1 0.621094 0.568333 0.0078125 0.0225
1 0.816406 0.357292 0.0078125 0.0133333
1 0.428906 0.495 0.009375 0.0233333
1 0.939062 0.585 0.009375 0.015
1 0.528906 0.218333 0.0078125 0.0233333
1 0.71875 0.2 0.00625 0.025
0 0.979688 0.518333 0.009375 0.0208333
0 0.939062 0.585 0.009375 0.015
1 0.409375 0.0121354 0.0078125 0.0230208
1 0.828906 0.359167 0.00625 0.0166667
1 0.894531 0.225 0.0078125 0.0133333
1 0.8875 0.260417 0.00625 0.0116667
1 0.650781 0.874167 0.0078125 0.0183333
1 0.728906 0.200833 0.00625 0.0241667
1 0.56875 0.515833 0.00546875 0.0183333
0 0.978125 0.531667 0.009375 0.0233333
0 0.953125 0.601667 0.009375 0.0216667
1 0.51875 0.624167 0.0078125 0.0216667
0 0.441797 0.886667 0.0109375 0.0333333
1 0.896875 0.196667 0.009375 0.0125
1 0.555469 0.54625 0.00625 0.0183333
0 0.867188 0.991667 0.0109375 0.0133333
1 0.636328 0.630833 0.00859375 0.0166667
1 0.705469 0.202083 0.00703125 0.0316667
0 0.94375 0.648333 0.009375 0.02
1 0.952344 0.61 0.009375 0.0233333
1 0.814062 0.364583 0.00625 0.0141667
1 0.553906 0.64875 0.0078125 0.0175
0 0.650781 0.874167 0.0078125 0.0183333
1 0.711328 0.205417 0.00703125 0.0283333
1 0.910156 0.157917 0.009375 0.0170833
1 0.99375 0.50625 0.0109375 0.0241667
0 0.608594 0.608333 0.028125 0.0625
3 0.991406 0.0309375 0.0171875 0.061875
1 0.640625 0.598333 0.009375 0.02
0 0.653125 0.856667 0.0078125 0.02
0 0.83125 0.0069401 0.0125 0.0138802
1 0.640625 0.62375 0.009375 0.0158333
0 0.995703 0.478333 0.00859375 0.0266667
0 0.0984375 0.399896 0.0105469 0.0302083
0 0.859375 0.99 0.015625 0.015
1 0.451562 0.659167 0.00625 0.02
0 0.598828 0.455 0.0445312 0.0383333
0 0.991016 0.031224 0.0179687 0.0624479
1 0.991016 0.031224 0.0179687 0.0624479
1 0.516406 0.213958 0.009375 0.0220833
1 0.79375 0.379583 0.00625 0.0141667
1 0.907812 0.162917 0.009375 0.0145833
1 0.532812 0.5475 0.00546875 0.0175
1 0.607813 0.5475 0.00625 0.0216667
1 0.705469 0.2125 0.00703125 0.0320833
1 0.939844 0.59125 0.0109375 0.0158333
1 0.979688 0.518333 0.009375 0.02
1 0.690625 0.239583 0.0078125 0.0241667
0 0.646875 0.750833 0.0421875 0.035
0 0.659375 0.7575 0.06875 0.0491667
1 0.978125 0.532083 0.009375 0.0233333
1 0.953125 0.601667 0.009375 0.0208333
1 0.7625 0.418333 0.0078125 0.0125
1 0.996094 0.469167 0.0078125 0.0216667
1 0.428906 0.495 0.009375 0.0233333
1 0.71875 0.199375 0.00625 0.025
1 0.705469 0.201667 0.00703125 0.0325
0 0.0470215 0.595833 0.0485352 0.0466667
1 0.816406 0.357917 0.0078125 0.0133333
1 0.728906 0.200417 0.00625 0.0233333
1 0.621094 0.568333 0.00703125 0.0216667
1 0.528516 0.217917 0.0078125 0.0233333
1 0.895312 0.225208 0.009375 0.01375
1 0.711719 0.205 0.0078125 0.03125
1 0.896875 0.196458 0.009375 0.0120833
1 0.94375 0.648333 0.009375 0.02
1 0.594531 0.7 0.0078125 0.0183333
1 0.995703 0.478333 0.00859375 0.025
1 0.409375 0.0122917 0.0078125 0.023125
3 0.991016 0.031224 0.0179687 0.0624479
0 0.660937 0.761667 0.075 0.07
0 0.939844 0.59125 0.0109375 0.0158333
1 0.8875 0.260833 0.00625 0.01125
0 0.442187 0.886667 0.0109375 0.0333333
1 0.555469 0.545833 0.00625 0.0183333
1 0.51875 0.624167 0.0078125 0.02
1 0.636719 0.630833 0.009375 0.0166667
0 0.653125 0.856667 0.0078125 0.02
1 0.650781 0.874167 0.0078125 0.0183333
1 0.829687 0.35875 0.00625 0.0158333
1 0.939062 0.584167 0.009375 0.0141667
0 0.0469238 0.545833 0.0459961 0.0466667
0 0.979688 0.518333 0.009375 0.02
1 0.640234 0.598333 0.0101562 0.02
0 0.939062 0.584167 0.009375 0.0141667
1 0.910156 0.157917 0.009375 0.01625
0 0.650781 0.874167 0.0078125 0.0183333
1 0.641016 0.624167 0.009375 0.0166667
1 0.56875 0.515417 0.00546875 0.0183333
0 0.978125 0.532083 0.009375 0.0233333
0 0.0460938 0.620833 0.0464844 0.05
2 0.991016 0.031224 0.0179687 0.0624479
1 0.717188 0.2075 0.00625 0.0316667
1 0.814062 0.364375 0.00625 0.01375
0 0.953125 0.601667 0.009375 0.0208333
1 0.299219 0.0215625 0.00703125 0.0289583
1 0.99375 0.506667 0.0109375 0.0233333
0 0.83125 0.00721354 0.0125 0.0144271
1 0.728906 0.2125 0.00625 0.025
1 0.599219 0.455833 0.04375 0.0383333
0 0.94375 0.648333 0.009375 0.02
0 0.666016 0.771667 0.0875 0.0866667
1 0.282813 0.0897917 0.00625 0.025
0 0.598437 0.455 0.0445312 0.0383333
0 0.991016 0.0311719 0.0179687 0.0623438
1 0.991016 0.0311719 0.0179687 0.0623438
1 0.79375 0.379167 0.00625 0.01375
1 0.516406 0.21375 0.009375 0.0225
1 0.907812 0.163021 0.009375 0.0139583
1 0.532812 0.5475 0.00546875 0.0175
1 0.979688 0.518333 0.009375 0.0208333
0 0.646484 0.750833 0.0414063 0.0358333
1 0.940625 0.59125 0.0125 0.0158333
1 0.607422 0.547083 0.00625 0.0208333
0 0.659375 0.757083 0.0671875 0.0491667
1 0.761719 0.418333 0.0078125 0.0133333
1 0.978125 0.532083 0.009375 0.0233333
1 0.705469 0.212083 0.0078125 0.0325
1 0.428906 0.495 0.009375 0.0233333
1 0.996094 0.469167 0.0078125 0.0216667
1 0.690625 0.239583 0.0078125 0.0241667
1 0.953125 0.601667 0.009375 0.0216667
1 0.816406 0.357917 0.0078125 0.0133333
0 0.0468262 0.595 0.0488281 0.0458333
1 0.995313 0.477917 0.009375 0.025
1 0.894531 0.225417 0.0078125 0.01375
1 0.621094 0.568333 0.00703125 0.0208333
1 0.528516 0.217917 0.0078125 0.02375
1 0.719141 0.199375 0.00546875 0.0245833
1 0.705469 0.2025 0.00625 0.0325
1 0.711328 0.204792 0.00703125 0.03125
1 0.896875 0.196458 0.009375 0.0120833
0 0.660937 0.7625 0.0742188 0.0716667
0 0.940625 0.59125 0.0125 0.0158333
0 0.0469727 0.546667 0.0462891 0.0441667
1 0.728906 0.200625 0.00625 0.0241667
1 0.409375 0.0118229 0.0078125 0.0222917
1 0.594922 0.700417 0.0078125 0.0191667
1 0.51875 0.624167 0.0078125 0.02
1 0.555469 0.545833 0.00625 0.0183333
1 0.650781 0.874167 0.0078125 0.0183333
0 0.979688 0.518333 0.009375 0.0208333
3 0.991016 0.0311719 0.0179687 0.0623438
1 0.99375 0.506667 0.0109375 0.0233333
0 0.650781 0.874167 0.0078125 0.0183333
1 0.636719 0.63 0.009375 0.0166667
1 0.56875 0.515417 0.00546875 0.0183333
0 0.978125 0.532083 0.009375 0.0233333
1 0.886719 0.260417 0.00625 0.0108333
1 0.829687 0.35875 0.00625 0.015
0 0.939062 0.584583 0.009375 0.0141667
1 0.640234 0.598333 0.0101562 0.02
1 0.939062 0.584583 0.009375 0.0141667
1 0.94375 0.6475 0.009375 0.02
0 0.953125 0.601667 0.009375 0.0216667
0 0.653125 0.856667 0.0078125 0.02
0 0.442187 0.886667 0.0109375 0.0316667
0 0.83125 0.00704427 0.0125 0.0140885
1 0.814062 0.364167 0.00625 0.0133333
0 0.666406 0.7775 0.0875 0.1
0 0.598437 0.455 0.0445312 0.0383333
0 0.991016 0.03125 0.0179687 0.0625
1 0.991016 0.03125 0.0179687 0.0625
1 0.79375 0.378958 0.00625 0.0133333
1 0.907812 0.163125 0.009375 0.01375
1 0.516406 0.21375 0.009375 0.0216667
0 0.660156 0.757917 0.06875 0.0516667
1 0.979688 0.518333 0.009375 0.02
1 0.939844 0.59125 0.0125 0.0166667
1 0.532812 0.5475 0.00546875 0.0166667
0 0.646875 0.75125 0.0421875 0.0375
1 0.761719 0.418333 0.0078125 0.0133333
1 0.607422 0.547083 0.00625 0.0208333
1 0.978125 0.5325 0.009375 0.0233333
1 0.996094 0.469167 0.0078125 0.0216667
1 0.705469 0.212708 0.00703125 0.03125
1 0.953125 0.601667 0.009375 0.0216667
1 0.816406 0.3575 0.0078125 0.0133333
0 0.0466919 0.594583 0.048999 0.0441667
1 0.690625 0.239583 0.0078125 0.0241667
1 0.894531 0.225417 0.0078125 0.0141667
1 0.428906 0.495 0.009375 0.0233333
0 0.660937 0.761667 0.0734375 0.07
1 0.995703 0.478333 0.00859375 0.025
0 0.046875 0.5475 0.0462891 0.0416667
1 0.896875 0.196667 0.009375 0.0125
1 0.719531 0.199167 0.00546875 0.0241667
1 0.621094 0.568333 0.00625 0.0208333
1 0.528516 0.217917 0.0078125 0.0241667
1 0.705469 0.202292 0.00625 0.0316667
1 0.885938 0.260417 0.00625 0.0108333
0 0.939844 0.59125 0.0125 0.0166667
0 0.979688 0.518333 0.009375 0.02
1 0.728906 0.200417 0.00625 0.0241667
1 0.409766 0.0117708 0.00859375 0.0219792
1 0.650781 0.874167 0.0078125 0.0183333
1 0.94375 0.6475 0.009375 0.02
1 0.99375 0.507083 0.009375 0.0233333
0 0.83125 0.00664063 0.0125 0.0132813
1 0.711328 0.204375 0.00703125 0.0304167
3 0.991016 0.03125 0.0179687 0.0625
1 0.555469 0.545833 0.00625 0.0183333
1 0.939062 0.584583 0.009375 0.015
0 0.650781 0.874167 0.0078125 0.0183333
1 0.829687 0.358333 0.00625 0.015
1 0.51875 0.624167 0.0078125 0.02
0 0.978125 0.5325 0.009375 0.0233333
0 0.939062 0.584583 0.009375 0.015
1 0.56875 0.515417 0.00546875 0.0183333
0 0.665625 0.777917 0.0859375 0.100833
1 0.595312 0.7 0.0078125 0.0191667
1 0.636719 0.630417 0.0101562 0.0158333
1 0.952344 0.61 0.0109375 0.0241667
0 0.649609 0.756667 0.0492188 0.0508333
0 0.953125 0.601667 0.009375 0.0216667
0 0.0459473 0.620417 0.0469727 0.0466667
1 0.814062 0.364167 0.00625 0.0133333
1 0.909375 0.158125 0.009375 0.0158333
0 0.0983398 0.400833 0.0101562 0.0358333
2 0.991016 0.03125 0.0179687 0.0625
0 0.598437 0.455 0.0453125 0.0383333
0 0.991016 0.0313802 0.0179687 0.0627604
1 0.991016 0.0313802 0.0179687 0.0627604
1 0.79375 0.37875 0.00625 0.0133333
1 0.907812 0.163125 0.009375 0.01375
1 0.516406 0.21375 0.009375 0.0216667
0 0.660156 0.7575 0.06875 0.0516667
1 0.939844 0.59125 0.0125 0.0166667
1 0.979688 0.518333 0.009375 0.02
1 0.762109 0.418333 0.0078125 0.0133333
1 0.532812 0.5475 0.00546875 0.0166667
0 0.646875 0.750833 0.0421875 0.0366667
1 0.705469 0.213333 0.00625 0.03
1 0.607813 0.547083 0.00625 0.0208333
1 0.953125 0.601667 0.009375 0.0216667
1 0.996094 0.469167 0.0078125 0.0216667
1 0.690625 0.239583 0.0078125 0.0233333
1 0.816406 0.357917 0.0078125 0.0133333
1 0.978125 0.5325 0.009375 0.0233333
1 0.894531 0.225625 0.0078125 0.0141667
1 0.428906 0.494167 0.009375 0.0233333
0 0.0467773 0.594167 0.0492188 0.0433333
1 0.719531 0.199167 0.0046875 0.02375
0 0.660937 0.761667 0.0734375 0.07
1 0.896875 0.196667 0.009375 0.0125
0 0.0467773 0.547917 0.0462891 0.0408333
1 0.995703 0.478333 0.00859375 0.025
1 0.705469 0.201667 0.00625 0.03
1 0.728906 0.200417 0.00625 0.02375
1 0.620703 0.568333 0.00703125 0.0208333
3 0.991016 0.0313802 0.0179687 0.0627604
1 0.711719 0.204583 0.00703125 0.0291667
1 0.94375 0.6475 0.009375 0.02
1 0.939062 0.585 0.009375 0.015
1 0.528516 0.218333 0.0078125 0.0241667
1 0.886719 0.260208 0.00625 0.0104167
0 0.83125 0.00654948 0.0125 0.013099
0 0.939844 0.59125 0.0125 0.0166667
1 0.51875 0.62375 0.0078125 0.0191667
0 0.979688 0.518333 0.009375 0.02
1 0.829687 0.358542 0.00625 0.015
1 0.409766 0.0114844 0.00859375 0.0209896
1 0.952344 0.61 0.0109375 0.025
1 0.650781 0.874167 0.0078125 0.0183333
1 0.99375 0.506667 0.009375 0.0233333
2 0.991016 0.0313802 0.0179687 0.0627604
1 0.555469 0.545833 0.00625 0.0183333
1 0.636719 0.63 0.009375 0.0166667
1 0.814062 0.364167 0.00625 0.0133333
0 0.0460083 0.62 0.0470459 0.045
0 0.65 0.75625 0.05 0.0516667
1 0.936719 0.592083 0.0140625 0.0175
0 0.650781 0.874167 0.0078125 0.0183333
0 0.0982422 0.400417 0.0101562 0.0358333
0 0.953125 0.601667 0.009375 0.0216667
0 0.939062 0.585 0.009375 0.015
0 0.978125 0.5325 0.009375 0.0233333
0 0.666797 0.782917 0.0875 0.110833
0 0.598437 0.455 0.0453125 0.0383333
0 0.991016 0.0314062 0.0179687 0.0628125
1 0.991016 0.0314062 0.0179687 0.0628125
1 0.79375 0.37875 0.00625 0.01375
1 0.907812 0.163125 0.0078125 0.0135417
1 0.516406 0.21375 0.009375 0.0216667
1 0.939844 0.59125 0.0125 0.0166667
1 0.762109 0.418333 0.0078125 0.0133333
1 0.705469 0.213542 0.00625 0.02875
1 0.979688 0.518333 0.009375 0.02
1 0.953125 0.601667 0.0109375 0.0225
1 0.690625 0.239375 0.0078125 0.0233333
1 0.532812 0.5475 0.00546875 0.0166667
0 0.660156 0.7575 0.06875 0.0516667
1 0.607813 0.546667 0.00625 0.0208333
1 0.816406 0.357917 0.0078125 0.0133333
1 0.996094 0.469167 0.0078125 0.0216667
0 0.644531 0.750417 0.0375 0.0358333
1 0.894531 0.225833 0.0078125 0.0141667
1 0.978125 0.5325 0.009375 0.0233333
1 0.428906 0.494167 0.009375 0.0233333
1 0.719141 0.199167 0.00546875 0.0233333
1 0.896875 0.196667 0.009375 0.0125
3 0.991016 0.0314062 0.0179687 0.0628125
1 0.939062 0.585 0.009375 0.0158333
1 0.728906 0.200417 0.00625 0.0233333
1 0.705469 0.20125 0.00625 0.0291667
0 0.046875 0.594167 0.0491211 0.0425
1 0.886719 0.260417 0.00625 0.0108333
1 0.620703 0.56875 0.00703125 0.0208333
1 0.711719 0.204583 0.00703125 0.0291667
1 0.995703 0.478333 0.00859375 0.025
1 0.94375 0.6475 0.009375 0.02
0 0.0468628 0.54875 0.0461182 0.0391667
1 0.51875 0.62375 0.00703125 0.0191667
0 0.661328 0.762083 0.0742188 0.0708333
1 0.528516 0.218125 0.0078125 0.0241667
0 0.830469 0.00638021 0.0109375 0.0127604
1 0.828906 0.35875 0.00625 0.015
1 0.952344 0.61 0.0109375 0.025
0 0.939844 0.59125 0.0125 0.0166667
2 0.991016 0.0314062 0.0179687 0.0628125
0 0.979688 0.518333 0.009375 0.02
1 0.936719 0.591667 0.0140625 0.0183333
0 0.666016 0.769167 0.0867188 0.0883333
1 0.650781 0.874167 0.0078125 0.0183333
1 0.814062 0.364167 0.00625 0.0133333
1 0.636719 0.63 0.009375 0.0166667
1 0.99375 0.507083 0.009375 0.0241667
0 0.939062 0.585 0.009375 0.0158333
1 0.555469 0.545833 0.00625 0.0183333
1 0.409766 0.011224 0.00859375 0.0204687
0 0.650781 0.874167 0.0078125 0.0183333
0 0.0982422 0.400417 0.0101562 0.0358333
1 0.830469 0.00638021 0.0109375 0.0127604
0 0.598437 0.455 0.0453125 0.0383333
0 0.991016 0.0314062 0.0179687 0.0628125
1 0.991016 0.0314062 0.0179687 0.0628125
1 0.907812 0.163125 0.00625 0.0133333
1 0.79375 0.37875 0.00625 0.0133333
1 0.516406 0.21375 0.009375 0.0216667
1 0.939844 0.59125 0.0125 0.0166667
1 0.705469 0.21375 0.00625 0.0283333
1 0.762109 0.418333 0.0078125 0.0133333
1 0.953125 0.601667 0.0109375 0.0225
1 0.690625 0.239375 0.0078125 0.0233333
1 0.979688 0.518333 0.009375 0.02
1 0.607813 0.546667 0.00625 0.02
0 0.660156 0.7575 0.06875 0.0516667
1 0.532812 0.5475 0.00546875 0.0166667
1 0.816406 0.357917 0.0078125 0.0133333
1 0.996094 0.469167 0.0078125 0.0216667
1 0.894531 0.225833 0.0078125 0.0141667
0 0.643359 0.75 0.0351562 0.035
1 0.71875 0.199167 0.0046875 0.0233333
1 0.428906 0.494167 0.009375 0.0233333
1 0.978125 0.5325 0.009375 0.0233333
1 0.897656 0.196667 0.009375 0.0125
3 0.991016 0.0314062 0.0179687 0.0628125
1 0.939062 0.585 0.009375 0.0166667
1 0.705469 0.200833 0.00625 0.0291667
1 0.728906 0.200417 0.00625 0.0233333
1 0.620703 0.56875 0.00703125 0.0208333
1 0.711719 0.204583 0.00703125 0.0291667
1 0.886719 0.260417 0.00625 0.0108333
1 0.995703 0.478333 0.00859375 0.025
1 0.94375 0.6475 0.009375 0.02
1 0.51875 0.62375 0.00703125 0.0191667
0 0.0469238 0.593333 0.0488281 0.0416667
0 0.0469238 0.549167 0.0458008 0.0383333
0 0.830469 0.00632813 0.0109375 0.0126563
1 0.528516 0.218333 0.0078125 0.0241667
2 0.991016 0.0314062 0.0179687 0.0628125
1 0.952344 0.609583 0.0109375 0.025
1 0.829687 0.358542 0.00625 0.015
0 0.661719 0.7625 0.075 0.0716667
0 0.939844 0.59125 0.0125 0.0166667
1 0.936719 0.591667 0.0140625 0.0175
1 0.650781 0.875 0.0078125 0.0166667
0 0.979688 0.518333 0.009375 0.02
0 0.0982422 0.400417 0.0101562 0.035
1 0.636719 0.63 0.009375 0.0175
1 0.814062 0.363958 0.00625 0.0133333
0 0.939062 0.585 0.009375 0.0166667
1 0.830469 0.00632813 0.0109375 0.0126563
0 0.666406 0.770417 0.0875 0.0916667
1 0.99375 0.507083 0.009375 0.0241667
0 0.598437 0.455 0.0453125 0.0383333
0 0.991016 0.0314062 0.0179687 0.0628125
1 0.907812 0.163125 0.00625 0.0133333
1 0.79375 0.37875 0.00625 0.0133333
1 0.991016 0.0314062 0.0179687 0.0628125
1 0.516406 0.21375 0.009375 0.0216667
1 0.939844 0.590833 0.0125 0.0166667
1 0.953125 0.601667 0.0109375 0.0216667
1 0.762109 0.418333 0.0078125 0.0133333
1 0.705469 0.21375 0.00625 0.0283333
1 0.690625 0.239375 0.0078125 0.0233333
1 0.816406 0.357708 0.0078125 0.0133333
0 0.660547 0.757917 0.0695312 0.0533333
1 0.607813 0.546667 0.00625 0.02
1 0.532812 0.5475 0.00546875 0.0166667
1 0.979688 0.51875 0.009375 0.0208333
1 0.996094 0.469167 0.0078125 0.0216667
1 0.894531 0.225833 0.0078125 0.0141667
1 0.429297 0.494167 0.009375 0.0233333
0 0.642969 0.75 0.034375 0.035
1 0.939062 0.585 0.009375 0.0166667
1 0.71875 0.199167 0.0046875 0.0233333
1 0.897656 0.196667 0.009375 0.0125
1 0.978125 0.532083 0.009375 0.0241667
1 0.886719 0.260417 0.00625 0.0108333
1 0.620703 0.56875 0.00703125 0.0208333
1 0.728906 0.200417 0.00625 0.0233333
1 0.705469 0.200833 0.00625 0.02875
1 0.51875 0.62375 0.00625 0.0191667
1 0.711719 0.204583 0.00703125 0.02875
1 0.94375 0.6475 0.009375 0.0208333
1 0.995703 0.477917 0.00859375 0.0258333
3 0.991016 0.0315495 0.0179687 0.0629427
0 0.0469849 0.55 0.045874 0.0383333
1 0.829687 0.358333 0.00625 0.015
1 0.528516 0.218333 0.0078125 0.0241667
0 0.939844 0.590833 0.0125 0.0166667
1 0.814062 0.363958 0.00625 0.0133333
1 0.952344 0.609167 0.0109375 0.025
1 0.936719 0.591667 0.0140625 0.0183333
0 0.661719 0.762083 0.075 0.0716667
0 0.0468872 0.593333 0.048999 0.0416667
1 0.650781 0.875 0.0078125 0.0166667
0 0.939062 0.585 0.009375 0.0166667
0 0.83125 0.00638021 0.009375 0.0127604
1 0.441797 0.886667 0.0101562 0.03
0 0.0982422 0.4 0.00996094 0.035
1 0.83125 0.00638021 0.009375 0.0127604
0 0.979688 0.51875 0.009375 0.0208333
1 0.636719 0.63 0.009375 0.0175
1 0.776367 0.399167 0.0128906 0.0183333
0 0.598437 0.455 0.0453125 0.0383333
0 0.991016 0.0313542 0.0179687 0.0627083
1 0.907812 0.163229 0.00625 0.0133333
1 0.79375 0.379167 0.00625 0.0133333
1 0.991016 0.0313542 0.0179687 0.0627083
1 0.516406 0.21375 0.009375 0.0216667
1 0.939844 0.590833 0.0125 0.0166667
1 0.953125 0.601667 0.0125 0.0216667
1 0.690625 0.239375 0.0078125 0.0233333
1 0.762109 0.418333 0.0078125 0.0133333
1 0.705469 0.21375 0.00625 0.0283333
1 0.816406 0.357917 0.0078125 0.0133333
0 0.660937 0.757917 0.0703125 0.0533333
1 0.607813 0.546667 0.00625 0.02
1 0.996094 0.469583 0.0078125 0.0216667
1 0.894531 0.225833 0.0078125 0.0141667
1 0.979688 0.519167 0.009375 0.0216667
1 0.532812 0.547083 0.00546875 0.0166667
0 0.642187 0.75 0.0320312 0.0341667
1 0.939062 0.585 0.009375 0.0166667
1 0.71875 0.199167 0.0046875 0.0233333
1 0.897656 0.196667 0.009375 0.0125
1 0.429297 0.494167 0.009375 0.0233333
1 0.886719 0.260417 0.00625 0.0108333
1 0.978125 0.532083 0.009375 0.0241667
1 0.620703 0.56875 0.00703125 0.0208333
1 0.728906 0.200417 0.00625 0.0233333
1 0.995703 0.477917 0.00859375 0.0258333
1 0.711719 0.204583 0.00703125 0.0291667
1 0.705469 0.200833 0.00625 0.02875
1 0.94375 0.6475 0.009375 0.02
1 0.51875 0.623333 0.00625 0.0183333
1 0.814062 0.363958 0.00625 0.01375
0 0.0469238 0.550417 0.0460938 0.0383333
1 0.936719 0.590833 0.0140625 0.0183333
1 0.528516 0.218333 0.0078125 0.025
1 0.828906 0.358542 0.00625 0.015
1 0.650781 0.875 0.0078125 0.0166667
1 0.952344 0.609167 0.0109375 0.025
0 0.661719 0.761667 0.075 0.0716667
1 0.441797 0.886667 0.0101562 0.03
0 0.939844 0.590833 0.0125 0.0166667
0 0.441797 0.886667 0.0101562 0.03
0 0.598437 0.455 0.0453125 0.0383333
0 0.991016 0.0313021 0.0179687 0.0626042
1 0.907812 0.163333 0.00625 0.013125
1 0.79375 0.379167 0.00625 0.01375
1 0.991016 0.0313021 0.0179687 0.0626042
1 0.516406 0.21375 0.009375 0.0216667
1 0.939844 0.590833 0.0125 0.0166667
1 0.953125 0.601667 0.0125 0.0216667
1 0.690625 0.239583 0.0078125 0.0233333
1 0.705469 0.213958 0.00625 0.0283333
1 0.762109 0.418333 0.0078125 0.0133333
1 0.816406 0.357917 0.0078125 0.0133333
0 0.660937 0.758333 0.0703125 0.0533333
1 0.996094 0.469583 0.0078125 0.0216667
1 0.894531 0.225833 0.0078125 0.0145833
1 0.607813 0.546667 0.00625 0.02
1 0.979688 0.519167 0.009375 0.0216667
1 0.532812 0.547083 0.00546875 0.0166667
1 0.939062 0.585 0.009375 0.0166667
1 0.897656 0.196667 0.009375 0.0125
0 0.641797 0.75 0.03125 0.0333333
1 0.886719 0.260417 0.00625 0.0108333
1 0.71875 0.199167 0.0046875 0.0233333
1 0.995703 0.4775 0.00859375 0.0266667
1 0.428906 0.494167 0.009375 0.0216667
1 0.728906 0.200625 0.00625 0.0233333
1 0.620703 0.568333 0.00703125 0.02
1 0.711719 0.204792 0.00625 0.02875
1 0.814062 0.363958 0.00625 0.01375
1 0.705469 0.200833 0.00625 0.0291667
1 0.978125 0.531667 0.009375 0.025
1 0.51875 0.623333 0.00625 0.0183333
1 0.94375 0.6475 0.009375 0.02
1 0.936719 0.590833 0.0140625 0.0183333
1 0.828906 0.358333 0.00625 0.015
1 0.651172 0.875 0.0078125 0.0166667
0 0.598437 0.455 0.0453125 0.0383333
0 0.991016 0.031276 0.0179687 0.0625521
1 0.907812 0.163333 0.00625 0.013125
1 0.79375 0.379375 0.00625 0.01375
1 0.991016 0.031276 0.0179687 0.0625521
1 0.516406 0.21375 0.009375 0.0216667
1 0.939844 0.590833 0.0125 0.0175
1 0.953125 0.601667 0.0125 0.0216667
1 0.690625 0.239583 0.00859375 0.0233333
1 0.705469 0.213958 0.00625 0.0283333
1 0.816406 0.357917 0.0078125 0.0133333
1 0.996094 0.47 0.0078125 0.0216667
1 0.762109 0.417917 0.0078125 0.0141667
0 0.660937 0.758333 0.0703125 0.0533333
1 0.894531 0.225833 0.0078125 0.0145833
1 0.979688 0.519167 0.009375 0.0216667
1 0.607813 0.546667 0.00625 0.02
1 0.532812 0.547083 0.00546875 0.0166667
1 0.897656 0.196875 0.009375 0.0129167
1 0.939062 0.585 0.009375 0.0166667
0 0.641016 0.75 0.0296875 0.0333333
1 0.886719 0.260208 0.00625 0.0108333
1 0.71875 0.199167 0.0046875 0.0233333
1 0.995703 0.4775 0.00859375 0.0258333
1 0.728906 0.200833 0.00625 0.0233333
1 0.711719 0.205 0.00625 0.0283333
1 0.814062 0.363958 0.00625 0.01375
1 0.428906 0.494167 0.009375 0.0216667
1 0.978125 0.531667 0.009375 0.025
1 0.705469 0.201042 0.00625 0.02875
1 0.94375 0.647917 0.009375 0.0208333
1 0.620703 0.568333 0.0078125 0.02
1 0.936719 0.590833 0.0140625 0.0183333
1 0.51875 0.623333 0.00625 0.0183333
0 0.598437 0.455 0.0453125 0.0383333
0 0.991016 0.03125 0.0179687 0.0625
1 0.907812 0.163333 0.00625 0.0129167
1 0.79375 0.379583 0.00625 0.0141667
1 0.516406 0.213958 0.009375 0.02125
1 0.991016 0.0314323 0.0179687 0.0628646
1 0.939844 0.590833 0.0125 0.0166667
1 0.952344 0.60125 0.0109375 0.0216667
1 0.690625 0.239583 0.0078125 0.0233333
1 0.996094 0.47 0.0078125 0.0216667
1 0.816406 0.357917 0.0078125 0.0133333
1 0.705469 0.214167 0.00625 0.0283333
1 0.762109 0.417917 0.0078125 0.0141667
0 0.660937 0.757917 0.0695312 0.0533333
1 0.894531 0.225833 0.0078125 0.0145833
1 0.979688 0.519167 0.009375 0.0216667
1 0.607813 0.54625 0.00625 0.0191667
1 0.897656 0.196875 0.009375 0.0129167
0 0.639844 0.75 0.028125 0.0325
1 0.532812 0.546667 0.00546875 0.0166667
1 0.995703 0.4775 0.00859375 0.0266667
1 0.886719 0.260208 0.00625 0.0108333
1 0.71875 0.199167 0.0046875 0.0233333
1 0.939062 0.585 0.009375 0.0166667
1 0.728906 0.200833 0.00625 0.0233333
1 0.814062 0.36375 0.00625 0.0133333
1 0.711719 0.205 0.00625 0.0283333
0 0.598437 0.455 0.0453125 0.0383333
0 0.991016 0.03125 0.0179687 0.0625
1 0.907812 0.163333 0.0078125 0.0129167
1 0.79375 0.379583 0.00625 0.01375
1 0.516406 0.214167 0.009375 0.0208333
1 0.991016 0.0314583 0.0179687 0.0627083
1 0.939844 0.590833 0.0125 0.0166667
1 0.690625 0.239792 0.00859375 0.02375
1 0.952344 0.601667 0.0109375 0.0216667
1 0.996094 0.47 0.0078125 0.0216667
1 0.705469 0.214167 0.00625 0.0283333
1 0.816406 0.357917 0.0078125 0.0133333
1 0.762109 0.417917 0.0078125 0.0141667
1 0.894531 0.225833 0.0078125 0.015
0 0.660937 0.757917 0.0695312 0.0525
1 0.979688 0.519167 0.009375 0.0225
1 0.995703 0.4775 0.00859375 0.0266667
1 0.607813 0.54625 0.00625 0.0191667
0 0.639063 0.749583 0.025 0.0316667
1 0.532812 0.546667 0.00546875 0.0166667
1 0.886719 0.260417 0.00625 0.0108333
1 0.897656 0.197083 0.009375 0.0133333
1 0.71875 0.199167 0.0046875 0.0233333
1 0.939062 0.585 0.009375 0.0166667
1 0.728906 0.200833 0.00625 0.0233333
0 0.598437 0.455 0.0453125 0.0383333
0 0.991406 0.03125 0.0171875 0.0625
1 0.907812 0.163333 0.0078125 0.0129167
1 0.79375 0.379583 0.00625 0.0141667
1 0.516406 0.214167 0.009375 0.0208333
1 0.991016 0.0314583 0.0179687 0.0627083
1 0.690625 0.239792 0.00859375 0.02375
1 0.939844 0.590833 0.0125 0.0166667
1 0.996094 0.47 0.0078125 0.0225
1 0.952344 0.601667 0.0109375 0.0216667
1 0.705469 0.214167 0.00625 0.0283333
1 0.817187 0.358125 0.009375 0.0133333
1 0.894531 0.225833 0.0078125 0.015
0 0.660937 0.7575 0.06875 0.0516667
1 0.761719 0.417917 0.0078125 0.0141667
1 0.995703 0.4775 0.00859375 0.0266667
0 0.638281 0.749583 0.0234375 0.0308333
1 0.979688 0.519167 0.009375 0.0225
1 0.607813 0.545833 0.00625 0.0183333
1 0.532812 0.546667 0.00546875 0.0166667
1 0.71875 0.199167 0.0046875 0.0233333
1 0.886719 0.260208 0.00625 0.0108333
1 0.897656 0.197083 0.009375 0.0133333
0 0.598437 0.455 0.0453125 0.0383333
0 0.991406 0.03125 0.0171875 0.0625
1 0.907812 0.163333 0.0078125 0.0129167
1 0.79375 0.38 0.00625 0.0141667
1 0.516406 0.214167 0.009375 0.0208333
1 0.690625 0.239792 0.00859375 0.02375
1 0.991016 0.0314583 0.0179687 0.0627083
1 0.939844 0.590833 0.0125 0.0166667
1 0.996094 0.47 0.0078125 0.0233333
1 0.705469 0.214167 0.00703125 0.0283333
1 0.952344 0.601667 0.0109375 0.0216667
1 0.817187 0.358125 0.009375 0.0133333
1 0.995703 0.477083 0.00859375 0.0266667
1 0.894531 0.225833 0.0078125 0.015
0 0.6375 0.749583 0.021875 0.03
0 0.660547 0.7575 0.06875 0.0516667
1 0.607813 0.54625 0.00625 0.0191667
1 0.719141 0.199167 0.00546875 0.0233333
1 0.979688 0.519583 0.009375 0.0225
1 0.532812 0.546667 0.00625 0.0166667
1 0.761719 0.417917 0.0078125 0.0141667
0 0.598437 0.455 0.0453125 0.0383333
0 0.991406 0.03125 0.0171875 0.0625
1 0.907812 0.163229 0.0078125 0.013125
1 0.79375 0.38 0.00625 0.0141667
1 0.516406 0.214167 0.009375 0.0208333
1 0.690625 0.24 0.00859375 0.02375
1 0.991406 0.0314453 0.0171875 0.062526
1 0.705469 0.213958 0.00703125 0.0283333
1 0.996094 0.47 0.0078125 0.0233333
1 0.939844 0.590833 0.0125 0.0166667
1 0.995703 0.477083 0.00859375 0.0266667
1 0.952344 0.601667 0.0109375 0.0216667
1 0.894531 0.226042 0.0078125 0.015
1 0.817187 0.358333 0.009375 0.0133333
1 0.719141 0.198958 0.00546875 0.02375
0 0.6375 0.749167 0.021875 0.03
1 0.607813 0.54625 0.00625 0.0191667
1 0.532812 0.546667 0.00625 0.0166667
0 0.598437 0.455 0.0453125 0.0383333
0 0.991406 0.03125 0.0171875 0.0625
1 0.907812 0.163229 0.0078125 0.013125
1 0.79375 0.380208 0.00625 0.0141667
1 0.516406 0.214167 0.009375 0.0204167
1 0.690625 0.24 0.00859375 0.02375
1 0.705469 0.214167 0.00703125 0.0279167
1 0.996094 0.470417 0.0078125 0.0233333
1 0.939844 0.590833 0.0125 0.0166667
1 0.991406 0.0314453 0.0171875 0.062526
1 0.995703 0.477083 0.00859375 0.0266667
1 0.719141 0.198958 0.00546875 0.02375
1 0.894531 0.226042 0.0078125 0.015
1 0.952344 0.601667 0.0109375 0.0216667
1 0.607813 0.54625 0.00625 0.0191667
0 0.637109 0.749167 0.0210938 0.0283333
1 0.532812 0.546667 0.00625 0.0166667
0 0.598437 0.455 0.0453125 0.0383333
0 0.991406 0.03125 0.0171875 0.0625
1 0.907812 0.163333 0.0078125 0.0129167
1 0.79375 0.38 0.00625 0.0141667
1 0.690625 0.24 0.00859375 0.02375
1 0.516406 0.214167 0.009375 0.0204167
1 0.705469 0.214167 0.00703125 0.0279167
1 0.996094 0.470417 0.0078125 0.0233333
1 0.939844 0.590833 0.0125 0.0166667
1 0.991406 0.0314714 0.0171875 0.0626823
1 0.995703 0.477083 0.00859375 0.0266667
1 0.719141 0.198958 0.00546875 0.02375
1 0.894531 0.226042 0.0078125 0.015
1 0.952344 0.601667 0.0109375 0.0216667
0 0.637109 0.749167 0.0210938 0.0283333
1 0.607813 0.54625 0.00625 0.0191667
1 0.532812 0.546667 0.00625 0.0166667
