0 0.742188 0.902778 0.05 0.175
0 0.740625 0.163715 0.01875 0.046875
0 0.624219 0.530556 0.025 0.0472222
0 0.564844 0.956944 0.0539063 0.0861111
0 0.985937 0.0341146 0.028125 0.0609375
0 0.256055 0.977083 0.0503906 0.0458333
1 0.770703 0.327431 0.0132813 0.0194444
0 0.770703 0.327431 0.0132813 0.0194444
0 0.817969 0.100521 0.028125 0.028125
0 0.614844 0.681771 0.0125 0.0225694
1 0.614844 0.681771 0.0125 0.0225694
0 0.873438 0.0265625 0.071875 0.047309
1 0.840625 0.123264 0.0125 0.0166667
0 0.85625 0.0272461 0.03125 0.0408203
0 0.840625 0.123264 0.0125 0.0166667
0 0.867188 0.0272569 0.05 0.0432292
1 0.758594 0.661111 0.00703125 0.0180556
0 0.695312 0.349653 0.009375 0.0180556
0 0.984375 0.0322483 0.0296875 0.0644965
0 0.855469 0.024783 0.0234375 0.0354167
1 0.853906 0.0296875 0.01875 0.0374132
1 0.855469 0.024783 0.0234375 0.0354167
1 0.615625 0.677778 0.0125 0.025
0 0.853906 0.0296875 0.01875 0.0374132
0 0.615625 0.677778 0.0125 0.025
1 0.741406 0.902778 0.05 0.175
1 0.695312 0.349653 0.009375 0.0180556
1 0.842188 0.127344 0.015625 0.0215278
0 0.842188 0.127344 0.015625 0.0215278
2 0.741406 0.904167 0.05 0.177778
1 0.840625 0.120573 0.015625 0.0237847
0 0.840625 0.120573 0.015625 0.0237847
1 0.753906 0.727083 0.0078125 0.0194444
1 0.752344 0.727083 0.0078125 0.0180556
1 0.771094 0.323611 0.0140625 0.0263889
0 0.769141 0.332552 0.0195312 0.0307292
0 0.758594 0.661111 0.00703125 0.0180556
1 0.740625 0.163542 0.01875 0.0472222
0 0.820312 0.105903 0.034375 0.0378472
0 0.815625 0.102431 0.034375 0.0340278
1 0.85625 0.0259115 0.0328125 0.0386285
1 0.717188 0.526389 0.0109375 0.0236111
1 0.773438 0.330642 0.0171875 0.0206597
0 0.773438 0.330642 0.0171875 0.0206597
0 0.717188 0.526389 0.0109375 0.0236111
1 0.817187 0.102691 0.028125 0.0303819
1 0.715625 0.524306 0.009375 0.0222222
1 0.986719 0.0313802 0.0265625 0.059809
1 0.717188 0.636806 0.009375 0.0222222
0 0.8375 0.130903 0.025 0.0302083
0 0.744922 0.16441 0.0273438 0.0458333
0 0.0820312 0.0213542 0.0835937 0.0427083
0 0.767969 0.342708 0.0234375 0.04375
0 0.771094 0.323611 0.0140625 0.0263889
0 0.765625 0.331944 0.0234375 0.0243056
2 0.564062 0.956944 0.0546875 0.0861111
3 0.741406 0.904167 0.05 0.177778
1 0.557813 0.861806 0.009375 0.0194444
1 0.769141 0.332552 0.0195312 0.0307292
1 0.70625 0.779167 0.00625 0.0125
1 0.760156 0.661111 0.00859375 0.0173611
1 0.716797 0.632639 0.0101562 0.025
0 0.78125 0.992014 0.0140625 0.0159722
0 0.742188 0.904167 0.0492188 0.175
0 0.740625 0.163194 0.01875 0.0479167
0 0.625 0.530556 0.025 0.0472222
0 0.564844 0.956944 0.0546875 0.0861111
0 0.985937 0.0375868 0.028125 0.0559028
0 0.255859 0.977083 0.0507812 0.0458333
1 0.770703 0.328125 0.0132813 0.0201389
0 0.770703 0.328125 0.0132813 0.0201389
1 0.614844 0.680556 0.0125 0.0236111
0 0.85625 0.0249023 0.040625 0.0368273
0 0.984375 0.0325521 0.03125 0.0651042
0 0.817187 0.102951 0.028125 0.0305556
0 0.614844 0.680556 0.0125 0.0236111
1 0.841406 0.123351 0.0125 0.0171875
0 0.841406 0.123351 0.0125 0.0171875
1 0.717188 0.526389 0.0125 0.0236111
0 0.863281 0.0275174 0.04375 0.0426215
0 0.854688 0.0237739 0.028125 0.0340495
0 0.874219 0.0271701 0.071875 0.0467882
1 0.758594 0.660417 0.009375 0.0201389
1 0.771484 0.323958 0.0132813 0.0270833
1 0.773438 0.332292 0.0171875 0.0222222
1 0.557813 0.861806 0.0109375 0.0208333
0 0.773438 0.332292 0.0171875 0.0222222
1 0.854688 0.0237739 0.028125 0.0340495
0 0.769531 0.331597 0.0203125 0.0305556
0 0.842188 0.126563 0.015625 0.0208333
0 0.695312 0.349306 0.009375 0.0180556
1 0.842188 0.126563 0.015625 0.0208333
1 0.695312 0.349306 0.009375 0.0180556
0 0.758594 0.660417 0.009375 0.0201389
0 0.840625 0.120833 0.0171875 0.0248264
1 0.753906 0.727083 0.009375 0.0208333
1 0.717188 0.636806 0.0125 0.0236111
1 0.716406 0.632986 0.0125 0.0277778
0 0.717188 0.526389 0.0125 0.0236111
1 0.857031 0.0278754 0.0328125 0.0406033
0 0.771484 0.323958 0.0132813 0.0270833
1 0.986719 0.03176 0.0265625 0.0618273
0 0.770703 0.342014 0.0195312 0.0423611
0 0.821875 0.105556 0.0375 0.0375
1 0.740625 0.163194 0.01875 0.0475694
0 0.890625 0.0269531 0.110937 0.0539063
0 0.467969 0.945833 0.0390625 0.105556
0 0.985937 0.0678819 0.028125 0.104861
0 0.966797 0.0323351 0.0664062 0.0646701
0 0.834375 0.127257 0.03125 0.0315972
1 0.840625 0.120833 0.0171875 0.0248264
1 0.876562 0.534722 0.0125 0.0229167
1 0.477734 0.909722 0.0132813 0.0305556
0 0.473047 0.922917 0.0164062 0.0555556
1 0.625 0.530556 0.025 0.0472222
0 0.78125 0.338542 0.021875 0.0215278
1 0.769531 0.331597 0.0203125 0.0305556
1 0.706641 0.779861 0.00703125 0.0125
0 0.778125 0.345139 0.0171875 0.0333333
1 0.671875 0.142188 0.009375 0.028125
0 0.717188 0.636806 0.0125 0.0236111
0 0.557813 0.861806 0.0109375 0.0208333
1 0.760156 0.661111 0.0109375 0.0180556
1 0.473047 0.922917 0.0164062 0.0555556
0 0.471875 0.930556 0.0273438 0.0694444
1 0.667969 0.108767 0.009375 0.0295139
0 0.764844 0.331944 0.0234375 0.0243056
0 0.742188 0.904167 0.05 0.175
0 0.741406 0.164062 0.01875 0.0461806
0 0.625 0.530556 0.0242187 0.0458333
0 0.566406 0.95625 0.05 0.0847222
0 0.255078 0.977778 0.0503906 0.0444444
0 0.985937 0.0407118 0.025 0.0472222
0 0.817187 0.103472 0.028125 0.028125
0 0.771484 0.328125 0.0132813 0.0194444
0 0.614844 0.68125 0.0140625 0.025
1 0.771484 0.328125 0.0132813 0.0194444
0 0.841406 0.123264 0.0140625 0.0159722
1 0.614844 0.68125 0.0140625 0.025
0 0.85625 0.0212782 0.0328125 0.0326172
0 0.986719 0.0319444 0.0265625 0.0638889
0 0.85625 0.0189236 0.028125 0.0260417
0 0.857813 0.0267795 0.0359375 0.0430556
0 0.988281 0.0314996 0.0234375 0.0529731
0 0.695312 0.35 0.00859375 0.0166667
1 0.841406 0.123264 0.0140625 0.0159722
0 0.774219 0.331944 0.0171875 0.0215278
1 0.774219 0.331944 0.0171875 0.0215278
0 0.842188 0.126215 0.015625 0.0194444
1 0.695312 0.35 0.00859375 0.0166667
0 0.615234 0.686111 0.0140625 0.0333333
1 0.842188 0.126215 0.015625 0.0194444
0 0.616406 0.69375 0.0171875 0.0472222
1 0.717578 0.525694 0.0125 0.0263889
0 0.717578 0.525694 0.0125 0.0263889
0 0.86875 0.027691 0.05625 0.0457465
0 0.982813 0.0392253 0.034375 0.0580078
0 0.769922 0.334028 0.0179687 0.0298611
1 0.771875 0.323958 0.0140625 0.0270833
0 0.771875 0.323958 0.0140625 0.0270833
0 0.740234 0.158377 0.021875 0.0568576
1 0.758594 0.661458 0.009375 0.0201389
1 0.988281 0.0314996 0.0234375 0.0529731
0 0.771094 0.341667 0.0203125 0.04375
1 0.85625 0.0189236 0.028125 0.0260417
1 0.615234 0.686111 0.0140625 0.0333333
0 0.841406 0.121528 0.015625 0.0229167
1 0.740625 0.164062 0.01875 0.0461806
0 0.779883 0.992361 0.0183594 0.0152778
0 0.621094 0.684896 0.0273438 0.0329861
0 0.877344 0.0254774 0.075 0.0489583
0 0.528906 0.955556 0.125781 0.0888889
0 0.614062 0.679861 0.0171875 0.0305556
1 0.779883 0.992361 0.0183594 0.0152778
1 0.753125 0.729167 0.009375 0.0222222
1 0.986719 0.0390191 0.0265625 0.0507812
0 0.8375 0.131076 0.025 0.0274306
0 0.77793 0.34375 0.0191406 0.0326389
1 0.859375 0.0289497 0.03125 0.0381076
1 0.752344 0.731944 0.009375 0.0277778
1 0.625 0.529861 0.0234375 0.0458333
1 0.841406 0.121528 0.015625 0.0229167
0 0.758594 0.661458 0.009375 0.0201389
0 0.986719 0.0625 0.0265625 0.0880208
1 0.85625 0.0231337 0.034375 0.0334201
1 0.707031 0.779167 0.0078125 0.0138889
1 0.566406 0.95625 0.0515625 0.0861111
0 0.742969 0.904167 0.05 0.175
0 0.740625 0.163932 0.01875 0.0471354
0 0.624609 0.53125 0.0242187 0.0458333
0 0.564062 0.956944 0.053125 0.0861111
0 0.985937 0.0398003 0.025 0.0490451
0 0.254883 0.977083 0.0503906 0.0458333
0 0.817187 0.103212 0.028125 0.0298611
0 0.771484 0.328385 0.0132813 0.0182292
1 0.771484 0.328385 0.0132813 0.0182292
1 0.615625 0.681944 0.0125 0.0236111
0 0.615625 0.681944 0.0125 0.0236111
0 0.985156 0.0315104 0.0296875 0.0630208
0 0.841406 0.123785 0.0125 0.015625
1 0.841406 0.123785 0.0125 0.015625
0 0.9875 0.0311632 0.025 0.0576389
0 0.695312 0.35 0.00859375 0.0166667
1 0.717188 0.525 0.0109375 0.0236111
0 0.855469 0.0274414 0.028125 0.0374783
1 0.740625 0.163932 0.01875 0.0471354
1 0.85625 0.0232639 0.025 0.0327257
1 0.714844 0.525 0.009375 0.0208333
1 0.85625 0.0313368 0.01875 0.0329861
0 0.982813 0.0355143 0.034375 0.0626519
0 0.860937 0.0288086 0.028125 0.0383898
1 0.842188 0.126563 0.015625 0.0197917
1 0.613281 0.68125 0.0140625 0.025
0 0.85625 0.0313368 0.01875 0.0329861
1 0.773438 0.329514 0.0171875 0.0208333
1 0.986719 0.0371419 0.0265625 0.0534939
1 0.758594 0.661111 0.0078125 0.0180556
0 0.613281 0.68125 0.0140625 0.025
1 0.614453 0.686111 0.0125 0.0305556
1 0.695312 0.35 0.00859375 0.0166667
0 0.773438 0.329514 0.0171875 0.0208333
1 0.557422 0.861111 0.009375 0.0194444
1 0.817187 0.103212 0.028125 0.0298611
0 0.867188 0.0289931 0.053125 0.0421007
0 0.540234 0.955556 0.105469 0.0847222
0 0.879687 0.0265625 0.08125 0.0472222
0 0.769531 0.333681 0.01875 0.0291667
0 0.842188 0.126563 0.015625 0.0197917
0 0.816406 0.102604 0.0359375 0.0340278
0 0.614453 0.686111 0.0125 0.0305556
1 0.625 0.530903 0.0234375 0.0465278
1 0.706641 0.779167 0.00703125 0.0125
1 0.854688 0.0243924 0.034375 0.0366319
1 0.255859 0.977083 0.053125 0.0444444
1 0.752344 0.730556 0.009375 0.025
1 0.717188 0.636458 0.0101562 0.0222222
0 0.854688 0.0275933 0.0421875 0.0406467
1 0.478906 0.908333 0.009375 0.0277778
0 0.717188 0.525 0.0109375 0.0236111
1 0.772266 0.323611 0.0132813 0.0263889
1 0.860937 0.0288086 0.028125 0.0383898
0 0.714844 0.525 0.009375 0.0208333
0 0.261914 0.979167 0.0421875 0.0416667
0 0.782031 0.336111 0.0265625 0.0236111
1 0.9875 0.0311632 0.025 0.0576389
0 0.773828 0.342274 0.0257812 0.0446181
1 0.753906 0.729167 0.009375 0.0222222
0 0.839844 0.120747 0.0171875 0.0225694
0 0.742578 0.902778 0.0492188 0.172222
0 0.625 0.530556 0.025 0.0465278
0 0.740625 0.164062 0.01875 0.046875
0 0.564844 0.956944 0.0546875 0.0861111
0 0.985937 0.0402344 0.028125 0.0490451
0 0.255078 0.977083 0.0507812 0.0458333
1 0.771094 0.328472 0.0125 0.0208333
0 0.817187 0.103646 0.028125 0.0319444
0 0.771094 0.328472 0.0125 0.0208333
1 0.615625 0.681944 0.0125 0.025
0 0.854688 0.0265625 0.03125 0.0427951
1 0.716797 0.526042 0.0117188 0.0256944
0 0.987109 0.0325629 0.0257812 0.0567491
0 0.615625 0.681944 0.0125 0.025
0 0.842188 0.123872 0.0125 0.0185764
0 0.858594 0.0287435 0.0265625 0.0390408
0 0.860937 0.0257921 0.01875 0.0381727
1 0.842188 0.123872 0.0125 0.0185764
1 0.740625 0.163889 0.01875 0.0458333
0 0.815625 0.104514 0.034375 0.0381944
1 0.85625 0.0289931 0.025 0.0376736
1 0.774219 0.335764 0.0171875 0.0229167
0 0.769531 0.334028 0.0171875 0.0277778
0 0.774219 0.335764 0.0171875 0.0229167
1 0.860937 0.0257921 0.01875 0.0381727
0 0.771094 0.34375 0.021875 0.0375
1 0.769531 0.334028 0.0171875 0.0277778
0 0.876562 0.0269857 0.075 0.0456814
1 0.614062 0.686806 0.0125 0.0305556
0 0.715625 0.525694 0.0101562 0.0236111
1 0.613281 0.681771 0.0148437 0.0253472
1 0.986719 0.0369358 0.0265625 0.0544271
1 0.557422 0.861806 0.0101562 0.0208333
1 0.758594 0.660417 0.009375 0.0208333
0 0.778125 0.345833 0.015625 0.0298611
1 0.771875 0.324306 0.0125 0.0277778
1 0.842188 0.126563 0.015625 0.0215278
1 0.478125 0.911806 0.0109375 0.0319444
0 0.982813 0.03801 0.034375 0.0597439
0 0.867188 0.0302083 0.046875 0.0409722
0 0.839844 0.119792 0.01875 0.0263889
0 0.842188 0.126563 0.015625 0.0215278
0 0.541406 0.955556 0.103125 0.0805556
0 0.986719 0.0311198 0.0265625 0.0622396
0 0.613281 0.681771 0.0148437 0.0253472
1 0.473047 0.909028 0.0125 0.025
0 0.695312 0.349306 0.00859375 0.0166667
0 0.825 0.122222 0.05 0.0565972
1 0.752734 0.729167 0.0101562 0.025
1 0.695312 0.349306 0.00859375 0.0166667
1 0.854688 0.0254232 0.0328125 0.039605
0 0.614062 0.686806 0.0125 0.0305556
1 0.778125 0.345833 0.015625 0.0298611
0 0.739844 0.158681 0.021875 0.0572917
0 0.829687 0.128472 0.040625 0.0392361
0 0.781055 0.340278 0.0191406 0.025
1 0.477344 0.922222 0.0125 0.0361111
0 0.847656 0.0269965 0.040625 0.0446181
0 0.765625 0.335417 0.0234375 0.025
1 0.717188 0.636111 0.0109375 0.025
1 0.707031 0.779167 0.0078125 0.0138889
1 0.256641 0.976389 0.0507812 0.0458333
1 0.781055 0.340278 0.0191406 0.025
1 0.667969 0.109201 0.0109375 0.0329861
0 0.616797 0.694618 0.0179687 0.046875
1 0.986328 0.0303819 0.0273438 0.0607639
1 0.625 0.530556 0.0234375 0.0472222
0 0.742969 0.904167 0.05 0.175
0 0.625 0.530556 0.025 0.0458333
0 0.740625 0.164062 0.01875 0.046875
0 0.255469 0.978125 0.0484375 0.04375
0 0.985937 0.0400174 0.028125 0.0489583
0 0.563281 0.956944 0.05625 0.0861111
0 0.771094 0.328472 0.0140625 0.0180556
1 0.771094 0.328472 0.0140625 0.0180556
1 0.615234 0.681944 0.0125 0.025
0 0.9875 0.0325521 0.025 0.0592014
0 0.615234 0.681944 0.0125 0.025
0 0.985156 0.0317708 0.0296875 0.0635417
0 0.854688 0.025217 0.040625 0.0382813
0 0.817187 0.103993 0.028125 0.0317708
0 0.773438 0.332639 0.01875 0.0194444
0 0.770312 0.334375 0.01875 0.0270833
0 0.535937 0.957639 0.115625 0.0847222
0 0.858594 0.0284722 0.0296875 0.0395833
0 0.771484 0.345139 0.0257812 0.0375
1 0.842188 0.123611 0.0125 0.0166667
0 0.875781 0.025434 0.0796875 0.0473958
0 0.842188 0.123611 0.0125 0.0166667
0 0.821875 0.106684 0.0375 0.0373264
1 0.985937 0.0400174 0.028125 0.0489583
1 0.740625 0.164193 0.01875 0.0466146
1 0.758594 0.661111 0.009375 0.0194444
1 0.716797 0.527083 0.0101562 0.0236111
0 0.86875 0.0282878 0.05625 0.0442925
0 0.982813 0.0374891 0.034375 0.0600911
0 0.781055 0.340278 0.0253906 0.0229167
0 0.78125 0.346528 0.0328125 0.0305556
0 0.695703 0.349653 0.00859375 0.0173611
1 0.255859 0.977778 0.05 0.0444444
1 0.715234 0.525694 0.00859375 0.0222222
1 0.85625 0.0290365 0.025 0.0375868
0 0.982813 0.0321181 0.034375 0.0642361
0 0.766016 0.333681 0.0242187 0.0222222
1 0.773438 0.332639 0.01875 0.0194444
1 0.771875 0.323611 0.0140625 0.0263889
1 0.854688 0.0243924 0.03125 0.0364583
0 0.769531 0.35625 0.0328125 0.0604167
0 0.550781 0.0574653 0.025 0.0395833
1 0.842188 0.126736 0.015625 0.0194444
0 0.7875 0.35 0.040625 0.0361111
1 0.9875 0.0325521 0.025 0.0592014
0 0.781445 0.361806 0.0402344 0.0513889
0 0.834375 0.118663 0.0296875 0.0272569
0 0.739844 0.158681 0.021875 0.0583333
0 0.85 0.0286024 0.0484375 0.0456597
0 0.842188 0.126736 0.015625 0.0194444
1 0.507031 0.0141493 0.0078125 0.0193576
1 0.557422 0.861806 0.009375 0.0236111
1 0.695703 0.349653 0.00859375 0.0173611
0 0.615625 0.694271 0.0171875 0.0447917
0 0 0.890278 0 0.219444
0 0.560156 0.973264 0.0390625 0.0534722
0 0.990625 0.0349826 0.01875 0.0699653
0 0.825 0.124826 0.05 0.0586806
0 0.742188 0.904167 0.05 0.175
0 0.625 0.530903 0.025 0.0472222
0 0.739844 0.164236 0.01875 0.0465278
0 0.986719 0.0397135 0.0265625 0.0507812
0 0.255078 0.977778 0.0515625 0.0444444
0 0.771094 0.328385 0.0140625 0.0196181
0 0.564062 0.95625 0.05625 0.0861111
0 0.615234 0.681944 0.0140625 0.0236111
1 0.615234 0.681944 0.0140625 0.0236111
1 0.771094 0.328385 0.0140625 0.0196181
0 0.817969 0.103299 0.0265625 0.0309028
0 0.985156 0.0320312 0.0296875 0.0640625
1 0.841406 0.123524 0.0125 0.0147569
0 0.987891 0.0336806 0.0242187 0.059375
0 0.773438 0.334375 0.01875 0.0215278
0 0.841406 0.123524 0.0125 0.0147569
0 0.770312 0.334375 0.01875 0.0270833
1 0.717188 0.526389 0.0109375 0.0229167
0 0.854688 0.0272135 0.03125 0.0407118
1 0.715625 0.525 0.009375 0.0229167
0 0.769531 0.345833 0.025 0.0361111
0 0.857813 0.0253906 0.025 0.0348958
0 0.615625 0.686111 0.0140625 0.0305556
0 0.860937 0.0295573 0.021875 0.0372396
0 0.696094 0.35 0.009375 0.0180556
0 0.854688 0.0269857 0.04375 0.0390842
0 0.85625 0.0309028 0.01875 0.0340278
0 0.876562 0.0265516 0.084375 0.0453342
1 0.758984 0.661111 0.009375 0.0194444
0 0.820312 0.105903 0.0328125 0.0364583
0 0.776758 0.346181 0.0246094 0.0305556
1 0.986719 0.0364149 0.0265625 0.0580729
1 0.842188 0.126042 0.0140625 0.0180556
0 0.982813 0.0373264 0.034375 0.0649306
0 0.715625 0.525 0.009375 0.0229167
0 0.532812 0.956944 0.121875 0.0861111
1 0.615625 0.686111 0.0140625 0.0305556
1 0.257031 0.977083 0.0515625 0.0444444
0 0.780469 0.339583 0.0265625 0.0222222
1 0.773438 0.334375 0.01875 0.0215278
0 0.717188 0.526389 0.0109375 0.0229167
1 0.739844 0.164236 0.01875 0.0465278
0 0.615625 0.69375 0.015625 0.0444444
1 0.716797 0.522917 0.0125 0.0277778
0 0.867188 0.0295139 0.05 0.0411458
0 0.765625 0.3375 0.025 0.0263889
1 0.85625 0.0309028 0.01875 0.0340278
1 0.717578 0.636806 0.0101562 0.0222222
0 0.717578 0.636806 0.0101562 0.0222222
1 0.771875 0.323524 0.0125 0.0265625
1 0.85625 0.0237413 0.028125 0.0332465
0 0.716797 0.632639 0.0117188 0.025
0 0.758984 0.661111 0.009375 0.0194444
0 0.550391 0.954514 0.0835937 0.0909722
1 0.753125 0.725694 0.0101562 0.0222222
1 0.696094 0.35 0.009375 0.0180556
1 0.770312 0.334375 0.01875 0.0270833
1 0.557422 0.8625 0.00859375 0.0222222
1 0.860937 0.0295573 0.021875 0.0372396
0 0.842188 0.126042 0.0140625 0.0180556
0 0.76875 0.359028 0.034375 0.0541667
1 0.706641 0.780556 0.0078125 0.0138889
1 0.716797 0.632639 0.0117188 0.025
1 0.478125 0.908333 0.009375 0.0236111
0 0.814062 0.10191 0.0328125 0.0350694
0 0.621094 0.684722 0.025 0.0291667
0 0.742969 0.904167 0.05 0.175
0 0.625 0.530556 0.025 0.0458333
0 0.740625 0.164193 0.01875 0.0466146
0 0.255078 0.977778 0.05 0.0444444
0 0.986719 0.0390191 0.0265625 0.0525174
0 0.771094 0.328819 0.0140625 0.0194444
0 0.563281 0.956944 0.053125 0.0861111
0 0.615234 0.68125 0.0132813 0.0236111
1 0.615234 0.68125 0.0132813 0.0236111
0 0.817187 0.103472 0.028125 0.0319444
1 0.771094 0.328819 0.0140625 0.0194444
0 0.986719 0.0319444 0.0265625 0.0638889
0 0.770312 0.334028 0.01875 0.0263889
1 0.716406 0.526389 0.0109375 0.0222222
0 0.773438 0.333333 0.01875 0.0208333
0 0.857031 0.0276801 0.025 0.0370009
0 0.696094 0.35 0.009375 0.0166667
0 0.854688 0.0243924 0.034375 0.0368056
1 0.842188 0.124479 0.0125 0.0157986
0 0.842188 0.124479 0.0125 0.0157986
1 0.758984 0.660764 0.009375 0.0194444
0 0.873438 0.0254774 0.08125 0.0467882
0 0.715625 0.525 0.009375 0.0222222
0 0.614062 0.686806 0.0125 0.0291667
0 0.85625 0.0305122 0.015625 0.034809
0 0.8625 0.0292643 0.01875 0.0381727
0 0.770312 0.344792 0.0265625 0.0361111
1 0.857031 0.0276801 0.025 0.0370009
1 0.85625 0.0305122 0.015625 0.034809
0 0.982813 0.0386176 0.03125 0.0595703
1 0.740234 0.164236 0.01875 0.0465278
0 0.777344 0.345833 0.0296875 0.03125
1 0.256836 0.977778 0.0503906 0.0444444
1 0.986719 0.0390191 0.0265625 0.0525174
0 0.78125 0.340278 0.0265625 0.0208333
1 0.557031 0.8625 0.0078125 0.0194444
1 0.696094 0.35 0.009375 0.0166667
0 0.758984 0.660764 0.009375 0.0194444
1 0.614062 0.686806 0.0125 0.0291667
0 0.549219 0.0539931 0.0203125 0.0369792
1 0.8625 0.0292643 0.01875 0.0381727
1 0.716406 0.522917 0.0125 0.0277778
1 0.478125 0.907639 0.009375 0.0236111
1 0.771875 0.323611 0.0125 0.0263889
1 0.706641 0.779861 0.00703125 0.0138889
1 0.717578 0.636806 0.009375 0.0194444
0 0.766016 0.336111 0.0242187 0.0236111
1 0.773438 0.333333 0.01875 0.0208333
1 0.770312 0.334028 0.01875 0.0263889
0 0.615625 0.69375 0.015625 0.0444444
0 0.537891 0.955556 0.110156 0.0847222
0 0.870313 0.0298611 0.040625 0.0409722
1 0.753906 0.727778 0.009375 0.0194444
0 0.769922 0.35625 0.0335938 0.0597222
1 0.752734 0.726389 0.009375 0.0194444
0 0.700781 0.35 0.0171875 0.0194444
0 0.739844 0.159028 0.021875 0.0572917
1 0.854688 0.0243924 0.034375 0.0368056
1 0.118652 0.00690104 0.00976562 0.0138021
0 0.473437 0.909722 0.0148437 0.0291667
1 0.507031 0.0140734 0.0078125 0.0187283
0 0.717578 0.636806 0.009375 0.0194444
0 0.742969 0.904167 0.05 0.175
0 0.625 0.530556 0.025 0.0458333
0 0.740625 0.164236 0.01875 0.0465278
0 0.255078 0.978472 0.0484375 0.0430556
0 0.563281 0.956944 0.053125 0.0861111
0 0.986719 0.0394965 0.0265625 0.0522569
0 0.771094 0.328819 0.0140625 0.01875
0 0.615234 0.68125 0.0132813 0.0222222
0 0.817187 0.103646 0.028125 0.0319444
1 0.771094 0.328819 0.0140625 0.01875
1 0.615234 0.68125 0.0132813 0.0222222
0 0.985937 0.0324219 0.028125 0.0648438
0 0.770312 0.334722 0.01875 0.0256944
1 0.716406 0.526389 0.0109375 0.0208333
0 0.842188 0.124045 0.0125 0.0151042
0 0.773438 0.334375 0.01875 0.0194444
1 0.842188 0.124045 0.0125 0.0151042
1 0.759375 0.660764 0.009375 0.0194444
0 0.859375 0.028125 0.021875 0.0364583
0 0.853125 0.0270833 0.025 0.0417535
0 0.696094 0.349306 0.009375 0.0180556
0 0.715625 0.525347 0.009375 0.0215278
0 0.769531 0.345833 0.028125 0.0354167
0 0.8625 0.0253581 0.015625 0.0352214
0 0.878125 0.0260417 0.08125 0.0498264
0 0.854688 0.0329861 0.015625 0.0307292
1 0.854688 0.0329861 0.015625 0.0307292
0 0.854688 0.0279514 0.040625 0.0407118
0 0.780469 0.340278 0.0265625 0.0215278
0 0.8625 0.0309896 0.01875 0.0352431
0 0.982813 0.0361111 0.03125 0.0659722
1 0.859375 0.028125 0.021875 0.0364583
1 0.557031 0.8625 0.009375 0.0194444
1 0.740234 0.164236 0.01875 0.0461806
0 0.614844 0.686806 0.0132813 0.0291667
1 0.855469 0.0246636 0.0234375 0.0364366
0 0.775781 0.347222 0.0296875 0.0319444
1 0.986719 0.0394965 0.0265625 0.0522569
1 0.256445 0.977778 0.05 0.0444444
1 0.8625 0.0253581 0.015625 0.0352214
1 0.771875 0.323611 0.0125 0.0256944
1 0.717578 0.636806 0.009375 0.0208333
0 0.759375 0.660764 0.009375 0.0194444
1 0.8625 0.0309896 0.01875 0.0352431
0 0.766406 0.336111 0.025 0.0243056
1 0.696094 0.349306 0.009375 0.0180556
1 0.716406 0.522569 0.0125 0.0270833
1 0.773438 0.334375 0.01875 0.0194444
0 0.625 0.0783854 0.0625 0.0565972
0 0.615625 0.69375 0.015625 0.0444444
0 0.869531 0.0310764 0.0375 0.0394097
0 0.770312 0.35625 0.0375 0.0583333
0 0.539062 0.955556 0.107813 0.0833333
1 0.478125 0.908333 0.009375 0.025
1 0.706641 0.779861 0.0078125 0.0138889
0 0.871875 0.0123047 0.08125 0.0246094
1 0.753516 0.727778 0.009375 0.0194444
1 0.614844 0.686806 0.0132813 0.0291667
0 0.814062 0.103212 0.03125 0.0373264
1 0.717188 0.632292 0.0109375 0.0243056
0 0.762891 0.351389 0.0289063 0.0333333
0 0.700781 0.349306 0.0171875 0.0208333
1 0.506641 0.0144206 0.00703125 0.0182075
0 0.548437 0.0532552 0.01875 0.0328993
1 0.770312 0.334722 0.01875 0.0256944
1 0.988281 0.0330295 0.0234375 0.0610243
1 0.625 0.530556 0.025 0.0458333
0 0.742578 0.904167 0.05 0.175
0 0.625 0.530556 0.025 0.0458333
0 0.740625 0.16428 0.01875 0.0457465
0 0.255078 0.979167 0.0492188 0.0416667
0 0.564062 0.956944 0.053125 0.0847222
0 0.986719 0.0400174 0.0265625 0.0510417
0 0.771094 0.328559 0.0140625 0.0192708
1 0.615625 0.68125 0.0125 0.0236111
0 0.615625 0.68125 0.0125 0.0236111
1 0.771094 0.328559 0.0140625 0.0192708
0 0.817187 0.103819 0.028125 0.03125
0 0.985937 0.0323785 0.028125 0.0647569
0 0.988281 0.033431 0.0234375 0.0600477
0 0.842188 0.123958 0.0125 0.0142361
1 0.842188 0.123958 0.0125 0.0142361
0 0.770312 0.334375 0.01875 0.0256944
0 0.773047 0.334028 0.0179687 0.0208333
1 0.716406 0.526389 0.0109375 0.0215278
0 0.853125 0.0271267 0.025 0.0414063
0 0.860937 0.0277778 0.01875 0.0365451
0 0.769531 0.344792 0.0265625 0.0361111
1 0.740234 0.16428 0.01875 0.0457465
0 0.696094 0.349306 0.009375 0.0180556
0 0.715625 0.525347 0.009375 0.0215278
0 0.853125 0.0278212 0.040625 0.040625
1 0.860937 0.0277778 0.01875 0.0365451
0 0.779883 0.339583 0.0277344 0.0222222
1 0.557031 0.8625 0.009375 0.0194444
0 0.982813 0.0374566 0.0328125 0.0632813
1 0.854688 0.0335938 0.015625 0.0288194
0 0.876562 0.0259549 0.084375 0.0505208
0 0.614453 0.686806 0.0125 0.0291667
1 0.613281 0.68125 0.0140625 0.0236111
1 0.986719 0.0400174 0.0265625 0.0510417
1 0.759375 0.661111 0.009375 0.0194444
0 0.613281 0.68125 0.0140625 0.0236111
1 0.256055 0.978472 0.0507812 0.0430556
0 0.854688 0.0335938 0.015625 0.0288194
0 0.8625 0.0317274 0.0171875 0.0332465
0 0.775 0.346528 0.0296875 0.0319444
1 0.854688 0.0237413 0.021875 0.0344618
0 0.766406 0.336111 0.025 0.025
1 0.771875 0.323611 0.0125 0.0263889
1 0.770312 0.334375 0.01875 0.0256944
1 0.716797 0.522917 0.0117188 0.0263889
1 0.773047 0.334028 0.0179687 0.0208333
1 0.8625 0.0317274 0.0171875 0.0332465
0 0.616016 0.692882 0.015625 0.0447917
1 0.614453 0.686806 0.0125 0.0291667
1 0.696094 0.349306 0.009375 0.0180556
0 0.769922 0.35625 0.0382813 0.0583333
1 0.986719 0.0321181 0.0265625 0.0642361
1 0.717188 0.636458 0.009375 0.0215278
1 0.625 0.530208 0.025 0.0458333
0 0.621875 0.683507 0.025 0.0274306
1 0.478125 0.908333 0.009375 0.0263889
0 0.742188 0.904167 0.05 0.175
0 0.625 0.530556 0.025 0.0465278
0 0.740625 0.16441 0.01875 0.0451389
0 0.5625 0.956944 0.0546875 0.0861111
0 0.254687 0.978472 0.05 0.0430556
0 0.986719 0.0409722 0.0265625 0.0487847
0 0.770703 0.328472 0.0132813 0.0194444
0 0.615625 0.68125 0.0125 0.0236111
1 0.615625 0.68125 0.0125 0.0236111
1 0.770703 0.328472 0.0132813 0.0194444
0 0.817187 0.103906 0.028125 0.0314236
0 0.985547 0.0322917 0.0289063 0.0645833
0 0.842188 0.123698 0.0125 0.0142361
1 0.842188 0.123698 0.0125 0.0142361
0 0.988672 0.0329861 0.0226563 0.0572917
0 0.769922 0.334115 0.0179687 0.0262153
1 0.716406 0.526736 0.009375 0.0215278
0 0.773438 0.333681 0.0171875 0.0208333
1 0.842969 0.126389 0.0140625 0.0173611
1 0.740234 0.164236 0.0179687 0.0451389
0 0.853125 0.0275933 0.025 0.0404731
0 0.860937 0.0277344 0.01875 0.0358507
0 0.769531 0.344792 0.0265625 0.0361111
1 0.860937 0.0277344 0.01875 0.0358507
1 0.986719 0.0388021 0.0265625 0.0543403
0 0.696484 0.349306 0.0101562 0.0180556
0 0.982813 0.0380642 0.0328125 0.0617188
0 0.853125 0.027691 0.040625 0.0394097
0 0.8625 0.0243924 0.015625 0.0322049
1 0.854688 0.0346788 0.015625 0.0266493
1 0.557031 0.863194 0.009375 0.0208333
0 0.715625 0.525347 0.009375 0.0208333
1 0.758984 0.661111 0.009375 0.0194444
0 0.8625 0.0325955 0.01875 0.0315972
0 0.614844 0.686806 0.0125 0.0291667
0 0.854688 0.0346788 0.015625 0.0266493
0 0.854688 0.0231662 0.021875 0.0326606
0 0.781445 0.339583 0.0277344 0.0222222
0 0.854688 0.0249566 0.03125 0.0342014
1 0.854688 0.0231662 0.021875 0.0326606
0 0.876562 0.0263889 0.08125 0.0512153
0 0.775 0.346528 0.0296875 0.0333333
1 0.8625 0.0243924 0.015625 0.0322049
0 0.766016 0.335417 0.0242187 0.025
1 0.717188 0.636806 0.009375 0.0222222
1 0.769922 0.334115 0.0179687 0.0262153
1 0.256055 0.978125 0.0503906 0.04375
1 0.771875 0.323611 0.0125 0.0263889
1 0.8625 0.0325955 0.01875 0.0315972
0 0.550391 0.0537326 0.0226563 0.0373264
0 0.615625 0.69375 0.015625 0.0458333
1 0.716406 0.522569 0.0109375 0.0270833
1 0.614844 0.686806 0.0125 0.0291667
1 0.773438 0.333681 0.0171875 0.0208333
0 0.842969 0.126389 0.0140625 0.0173611
1 0.986719 0.031684 0.0265625 0.0633681
1 0.625 0.530556 0.025 0.0458333
0 0.769922 0.357292 0.0382813 0.0576389
1 0.988672 0.0329861 0.0226563 0.0572917
1 0.696484 0.349306 0.0101562 0.0180556
0 0.717188 0.636806 0.009375 0.0222222
0 0.716797 0.632639 0.0109375 0.025
0 0.742969 0.904167 0.05 0.175
0 0.625 0.530556 0.025 0.0465278
0 0.740625 0.16441 0.01875 0.0454861
0 0.563672 0.956944 0.053125 0.0847222
0 0.254687 0.978472 0.0492188 0.0430556
0 0.986719 0.0411458 0.0265625 0.0486111
0 0.771094 0.328559 0.0140625 0.0192708
0 0.615625 0.68125 0.0125 0.0236111
1 0.615625 0.68125 0.0125 0.0236111
1 0.771094 0.328559 0.0140625 0.0192708
0 0.817187 0.103906 0.028125 0.0310764
0 0.985547 0.0324653 0.0289063 0.0649306
0 0.842188 0.123698 0.0125 0.0144097
1 0.842188 0.123698 0.0125 0.0144097
0 0.988281 0.0327365 0.0234375 0.0565755
0 0.770312 0.334028 0.01875 0.0263889
0 0.773438 0.333333 0.0171875 0.0208333
1 0.716406 0.526389 0.0101562 0.0222222
1 0.740234 0.164193 0.0179687 0.0452257
0 0.852344 0.0282986 0.0234375 0.0394097
0 0.860937 0.0279514 0.0171875 0.0350694
0 0.769531 0.344444 0.0265625 0.0368056
1 0.860937 0.0279514 0.0171875 0.0350694
0 0.853125 0.0229926 0.0265625 0.0337023
0 0.696484 0.349306 0.0101562 0.0180556
1 0.986719 0.0390625 0.0265625 0.0541667
0 0.982813 0.038151 0.0328125 0.0618924
1 0.557031 0.863194 0.009375 0.0208333
1 0.854688 0.0358507 0.015625 0.0244792
0 0.863281 0.0241428 0.0140625 0.0310547
1 0.758984 0.661111 0.009375 0.0194444
0 0.614844 0.686285 0.0132813 0.0302083
0 0.854688 0.0358507 0.015625 0.0244792
0 0.8625 0.0336372 0.0171875 0.0297743
0 0.853125 0.0279948 0.040625 0.0388889
1 0.717188 0.636806 0.009375 0.0222222
1 0.855469 0.022526 0.021875 0.030816
0 0.613281 0.680729 0.015625 0.0246528
0 0.715625 0.525 0.009375 0.0208333
1 0.613281 0.680729 0.015625 0.0246528
0 0.781445 0.339583 0.0277344 0.0208333
0 0.876562 0.0265516 0.08125 0.0515842
1 0.863281 0.0241428 0.0140625 0.0310547
0 0.774805 0.346181 0.0285156 0.0326389
0 0.766016 0.335069 0.0242187 0.0256944
0 0.550781 0.0539063 0.0234375 0.0369792
1 0.8625 0.0336372 0.0171875 0.0297743
1 0.255859 0.977778 0.05 0.0444444
1 0.770312 0.334028 0.01875 0.0263889
0 0.717188 0.636806 0.009375 0.0222222
0 0.616016 0.69375 0.015625 0.0458333
1 0.771875 0.323611 0.0125 0.0263889
0 0.716406 0.632639 0.0109375 0.0263889
1 0.614844 0.686285 0.0132813 0.0302083
1 0.986719 0.0318576 0.0265625 0.0637153
0 0.551172 0.0599826 0.0242187 0.0347222
0 0.627344 0.078125 0.0617188 0.0534722
1 0.625 0.530208 0.025 0.0465278
1 0.773438 0.333333 0.0171875 0.0208333
1 0.716406 0.522569 0.0109375 0.0270833
1 0.696484 0.349306 0.0101562 0.0180556
0 0.553906 0.0543403 0.03125 0.0456597
0 0.769922 0.357639 0.0382813 0.0583333
0 0.742578 0.904167 0.05 0.175
0 0.625 0.530556 0.025 0.0472222
0 0.740625 0.16428 0.01875 0.0457465
0 0.563672 0.956944 0.053125 0.0847222
0 0.254687 0.978472 0.0492188 0.0430556
0 0.986719 0.0411458 0.0265625 0.0484375
0 0.771094 0.328125 0.0140625 0.0194444
1 0.615625 0.68125 0.0125 0.0236111
0 0.615625 0.68125 0.0125 0.0236111
1 0.771094 0.328125 0.0140625 0.0194444
0 0.817187 0.103819 0.028125 0.0310764
0 0.985547 0.0324653 0.0289063 0.0649306
1 0.842188 0.123611 0.0125 0.0144097
0 0.842188 0.123611 0.0125 0.0144097
0 0.988281 0.0327148 0.0234375 0.0566189
0 0.770312 0.333681 0.01875 0.0270833
1 0.716406 0.526389 0.0101562 0.0222222
0 0.773438 0.333333 0.0171875 0.0208333
0 0.851562 0.0282986 0.021875 0.0391493
0 0.860937 0.0277778 0.015625 0.0348958
0 0.769531 0.34375 0.025 0.0375
1 0.740234 0.164236 0.0179687 0.0454861
1 0.860937 0.0277778 0.015625 0.0348958
1 0.854688 0.0361111 0.015625 0.0237847
0 0.696094 0.349306 0.009375 0.0180556
1 0.986719 0.0390625 0.0265625 0.0541667
0 0.982813 0.0381076 0.03125 0.0619792
1 0.557031 0.8625 0.009375 0.0208333
0 0.854688 0.0361111 0.015625 0.0237847
0 0.864062 0.0238281 0.0125 0.0304688
1 0.758984 0.661111 0.009375 0.0194444
0 0.8625 0.0337674 0.0171875 0.0295139
1 0.854688 0.0223958 0.021875 0.0305556
0 0.853125 0.0279405 0.040625 0.0390842
1 0.717188 0.636806 0.009375 0.0222222
0 0.854688 0.0223958 0.021875 0.0305556
1 0.864062 0.0238281 0.0125 0.0304688
0 0.614844 0.686285 0.0132813 0.0302083
0 0.78125 0.339583 0.0265625 0.0208333
0 0.715625 0.525347 0.009375 0.0208333
0 0.613281 0.680729 0.015625 0.0246528
1 0.613281 0.680729 0.015625 0.0246528
0 0.550781 0.0542535 0.0234375 0.0376736
1 0.8625 0.0337674 0.0171875 0.0295139
0 0.875781 0.0263455 0.08125 0.0518229
0 0.766016 0.334722 0.0242187 0.0263889
0 0.717188 0.636806 0.009375 0.0222222
0 0.853906 0.0243924 0.028125 0.0326389
0 0.775781 0.345833 0.028125 0.0319444
1 0.770312 0.333681 0.01875 0.0270833
1 0.986719 0.0318576 0.0265625 0.0637153
1 0.771875 0.323611 0.0125 0.0263889
0 0.616016 0.693056 0.015625 0.0458333
1 0.614844 0.686285 0.0132813 0.0302083
1 0.255859 0.977778 0.0507812 0.0444444
0 0.627344 0.0778646 0.0601562 0.0527778
0 0.716797 0.632639 0.0109375 0.0256944
0 0.553906 0.0545139 0.0304688 0.0458333
1 0.773438 0.333333 0.0171875 0.0208333
1 0.696094 0.349306 0.009375 0.0180556
1 0.625 0.530556 0.025 0.0472222
1 0.716406 0.522569 0.0117188 0.0270833
0 0.742578 0.904167 0.05 0.175
0 0.625 0.530556 0.025 0.0472222
0 0.740625 0.16441 0.01875 0.0454861
0 0.563281 0.956944 0.0546875 0.0861111
0 0.254687 0.977778 0.0492188 0.0444444
0 0.986719 0.0409722 0.0265625 0.0487847
0 0.771094 0.328125 0.0140625 0.0194444
1 0.615625 0.68125 0.0125 0.0236111
0 0.615625 0.68125 0.0125 0.0236111
1 0.771094 0.328125 0.0140625 0.0194444
0 0.817187 0.103819 0.028125 0.03125
0 0.985547 0.0325521 0.0289063 0.0651042
1 0.842188 0.123611 0.0125 0.0145833
0 0.842188 0.123611 0.0125 0.0145833
0 0.988281 0.0327257 0.0234375 0.0571181
0 0.770312 0.333681 0.01875 0.0270833
1 0.716406 0.526389 0.0101562 0.0222222
0 0.851562 0.0283963 0.021875 0.0390408
0 0.773438 0.332986 0.0171875 0.0208333
0 0.769531 0.34375 0.025 0.0375
0 0.861719 0.0276476 0.0171875 0.0346354
1 0.740234 0.164236 0.0179687 0.0454861
1 0.861719 0.0276476 0.0171875 0.0346354
0 0.696094 0.349306 0.009375 0.0180556
1 0.854688 0.0361979 0.015625 0.0234375
0 0.852344 0.0227322 0.0234375 0.033355
1 0.758984 0.660764 0.009375 0.0201389
1 0.986719 0.0387153 0.0265625 0.0548611
0 0.982813 0.0378906 0.03125 0.0625868
1 0.557031 0.8625 0.009375 0.0208333
1 0.717188 0.637153 0.009375 0.0215278
0 0.854688 0.0361979 0.015625 0.0234375
0 0.864062 0.0236979 0.0125 0.0300347
1 0.854688 0.0223524 0.021875 0.0304688
0 0.8625 0.0338542 0.0171875 0.0291667
1 0.864062 0.0236979 0.0125 0.0300347
0 0.853125 0.0278212 0.040625 0.0387153
0 0.550781 0.0542535 0.025 0.0394097
0 0.614844 0.686285 0.0132813 0.0302083
0 0.78125 0.339583 0.0265625 0.0208333
0 0.715625 0.525347 0.009375 0.0208333
1 0.8625 0.0338542 0.0171875 0.0291667
0 0.717188 0.637153 0.009375 0.0215278
0 0.766406 0.334375 0.025 0.0270833
1 0.770312 0.333681 0.01875 0.0270833
0 0.775781 0.345833 0.028125 0.0319444
0 0.875 0.0262587 0.08125 0.0517361
0 0.553906 0.0541233 0.03125 0.0469618
1 0.614844 0.686285 0.0132813 0.0302083
0 0.628516 0.0776042 0.0601562 0.0526042
1 0.771875 0.323611 0.0125 0.0263889
1 0.696094 0.349306 0.009375 0.0180556
0 0.716797 0.632639 0.0109375 0.0256944
0 0.615625 0.693056 0.015625 0.0458333
1 0.773438 0.332986 0.0171875 0.0208333
1 0.625 0.530556 0.025 0.0472222
1 0.255469 0.977778 0.0507812 0.0444444
1 0.716406 0.522569 0.0117188 0.0270833
1 0.716797 0.632639 0.0109375 0.0256944
0 0.742578 0.904167 0.05 0.175
0 0.625 0.530556 0.025 0.0472222
0 0.740625 0.16441 0.01875 0.0454861
0 0.563672 0.956944 0.0539063 0.0861111
0 0.254687 0.978472 0.0492188 0.0430556
0 0.986719 0.0408854 0.0265625 0.0487847
0 0.771094 0.328125 0.0140625 0.0194444
1 0.615625 0.68125 0.0125 0.0236111
0 0.615625 0.68125 0.0125 0.0236111
1 0.771094 0.328125 0.0140625 0.0194444
0 0.817187 0.103819 0.028125 0.03125
0 0.985547 0.0325521 0.0289063 0.0651042
1 0.842188 0.123611 0.0125 0.0145833
0 0.842188 0.123611 0.0125 0.0145833
0 0.988281 0.0327257 0.0234375 0.0571181
0 0.769531 0.333333 0.01875 0.0277778
1 0.716406 0.526389 0.0101562 0.0222222
0 0.851562 0.028342 0.021875 0.0392361
0 0.773438 0.333333 0.0171875 0.0208333
0 0.769531 0.34375 0.025 0.0375
0 0.860937 0.027474 0.015625 0.0344618
1 0.740234 0.164236 0.0179687 0.0454861
0 0.696094 0.349306 0.009375 0.0180556
1 0.860937 0.027474 0.015625 0.0344618
1 0.717188 0.637153 0.009375 0.0215278
1 0.758984 0.660764 0.009375 0.0201389
0 0.852344 0.0226563 0.025 0.0335938
1 0.557031 0.8625 0.00859375 0.0208333
1 0.854688 0.0363715 0.0140625 0.0230903
1 0.986719 0.0387153 0.0265625 0.0546875
0 0.982813 0.0378906 0.0328125 0.0627604
0 0.854688 0.0363715 0.0140625 0.0230903
0 0.864062 0.0235677 0.0125 0.0299479
0 0.8625 0.0338542 0.015625 0.0289063
1 0.855469 0.0220378 0.021875 0.03023
1 0.864062 0.0235677 0.0125 0.0299479
0 0.855469 0.0220378 0.021875 0.03023
0 0.853125 0.0277344 0.040625 0.0384549
0 0.551172 0.0542535 0.025 0.0399306
0 0.766016 0.334028 0.0242187 0.0270833
0 0.614844 0.686285 0.0132813 0.0302083
0 0.717188 0.637153 0.009375 0.0215278
0 0.781055 0.339583 0.0253906 0.0208333
0 0.715625 0.525347 0.009375 0.0208333
1 0.8625 0.0338542 0.015625 0.0289063
1 0.769531 0.333333 0.01875 0.0277778
0 0.553906 0.0539063 0.03125 0.0473958
0 0.875781 0.0261719 0.08125 0.0519965
0 0.775781 0.346181 0.028125 0.0319444
1 0.852344 0.0226563 0.025 0.0335938
1 0.696094 0.349306 0.009375 0.0180556
1 0.614844 0.686285 0.0132813 0.0302083
0 0.628906 0.0775174 0.0609375 0.0526042
1 0.771875 0.323611 0.0125 0.0263889
0 0.716406 0.632639 0.0109375 0.0256944
1 0.625 0.530556 0.025 0.0472222
1 0.716406 0.632639 0.0109375 0.0256944
0 0.615625 0.693056 0.015625 0.0458333
1 0.255469 0.977778 0.0507812 0.0444444
1 0.773438 0.333333 0.0171875 0.0208333
1 0.716406 0.522917 0.0117188 0.0277778
0 0.664844 0.104687 0.0164062 0.0302083
0 0.742188 0.904167 0.05 0.175
0 0.625 0.530556 0.025 0.0472222
0 0.740625 0.16441 0.01875 0.0454861
0 0.563672 0.956944 0.0539063 0.0861111
0 0.254687 0.977778 0.0492188 0.0444444
0 0.986719 0.0409288 0.0265625 0.0486979
0 0.771094 0.328472 0.0140625 0.0194444
1 0.615625 0.68125 0.0125 0.0236111
0 0.615625 0.68125 0.0125 0.0236111
1 0.771094 0.328472 0.0140625 0.0194444
0 0.817187 0.103733 0.028125 0.0314236
0 0.985547 0.0325521 0.0289063 0.0651042
1 0.842188 0.123611 0.0125 0.0145833
0 0.987891 0.0325087 0.0242187 0.0570313
0 0.842188 0.123611 0.0125 0.0145833
0 0.769531 0.333333 0.01875 0.0277778
1 0.716406 0.526736 0.0109375 0.0222222
0 0.851562 0.0286024 0.021875 0.0388889
0 0.773438 0.332986 0.0171875 0.0208333
0 0.769531 0.34375 0.025 0.0375
1 0.740234 0.164236 0.0179687 0.0454861
0 0.696094 0.349306 0.009375 0.0173611
0 0.861719 0.0273438 0.0171875 0.0342882
1 0.717188 0.6375 0.009375 0.0222222
1 0.861719 0.0273438 0.0171875 0.0342882
1 0.557031 0.8625 0.009375 0.0208333
0 0.853125 0.0225586 0.025 0.033355
1 0.986719 0.0386285 0.0265625 0.0548611
1 0.854688 0.0364583 0.0140625 0.0230035
1 0.758984 0.661111 0.009375 0.0208333
0 0.982813 0.037717 0.0328125 0.062934
0 0.854688 0.0364583 0.0140625 0.0230035
0 0.864062 0.0234375 0.0125 0.0295139
0 0.8625 0.0339844 0.015625 0.028559
1 0.855469 0.0217882 0.021875 0.0295139
1 0.864062 0.0234375 0.0125 0.0295139
0 0.853125 0.027615 0.040625 0.03852
0 0.614844 0.686285 0.0140625 0.0302083
0 0.717188 0.6375 0.009375 0.0222222
0 0.551562 0.0542101 0.025 0.0403646
0 0.782031 0.339583 0.0265625 0.0208333
1 0.8625 0.0339844 0.015625 0.028559
1 0.696094 0.349306 0.009375 0.0173611
1 0.769531 0.333333 0.01875 0.0277778
0 0.715625 0.525694 0.009375 0.0208333
1 0.614844 0.686285 0.0140625 0.0302083
0 0.875 0.0259983 0.08125 0.0519965
0 0.776758 0.346181 0.0277344 0.0319444
0 0.554297 0.0540799 0.03125 0.0477431
0 0.716797 0.632639 0.0109375 0.0263889
0 0.628906 0.0777561 0.0625 0.0528212
1 0.771875 0.323611 0.0125 0.0263889
1 0.625 0.530556 0.025 0.0465278
1 0.716797 0.632639 0.0109375 0.0263889
0 0.615625 0.693056 0.015625 0.0458333
0 0.664453 0.104687 0.0171875 0.0303819
0 0.652344 0.101215 0.0421875 0.0427083
1 0.773438 0.332986 0.0171875 0.0208333
1 0.255469 0.977778 0.05 0.0444444
0 0.742188 0.904167 0.05 0.175
0 0.624609 0.530556 0.025 0.0472222
0 0.740625 0.16441 0.01875 0.0451389
0 0.563672 0.956944 0.0539063 0.0861111
0 0.254687 0.977778 0.05 0.0444444
0 0.986719 0.0409288 0.0265625 0.0486979
0 0.770703 0.328385 0.0132813 0.0196181
1 0.615625 0.68125 0.0125 0.0236111
0 0.615625 0.68125 0.0125 0.0236111
1 0.770703 0.328385 0.0132813 0.0196181
0 0.817187 0.103646 0.0296875 0.0315972
0 0.986719 0.0322049 0.0265625 0.0644097
0 0.769531 0.333333 0.01875 0.0277778
0 0.842188 0.123785 0.0125 0.0149306
1 0.842188 0.123785 0.0125 0.0149306
1 0.716406 0.527083 0.0109375 0.0222222
0 0.769531 0.343403 0.025 0.0375
1 0.740234 0.16441 0.0179687 0.0451389
0 0.773438 0.332639 0.0171875 0.0208333
0 0.851562 0.0290365 0.0203125 0.0381944
1 0.842188 0.126389 0.0140625 0.0173611
0 0.696094 0.349306 0.009375 0.0173611
1 0.717188 0.6375 0.009375 0.0215278
1 0.557031 0.8625 0.009375 0.0208333
1 0.861719 0.0273438 0.015625 0.0338542
0 0.861719 0.0273438 0.015625 0.0338542
1 0.854688 0.0368056 0.0140625 0.0223958
0 0.853125 0.0223524 0.025 0.0328125
1 0.986719 0.0385417 0.0265625 0.0552083
1 0.758984 0.661111 0.009375 0.0201389
0 0.982813 0.037576 0.0328125 0.0633898
0 0.854688 0.0368056 0.0140625 0.0223958
0 0.864062 0.0232205 0.0125 0.0289063
1 0.864062 0.0232205 0.0125 0.0289063
1 0.855469 0.0214301 0.021875 0.0286675
0 0.8625 0.0342882 0.015625 0.0278646
0 0.717188 0.6375 0.009375 0.0215278
0 0.614844 0.686285 0.0140625 0.0302083
0 0.853125 0.027615 0.040625 0.0383464
1 0.696094 0.349306 0.009375 0.0173611
1 0.769531 0.333333 0.01875 0.0277778
0 0.551562 0.0539931 0.025 0.040625
1 0.614844 0.686285 0.0140625 0.0302083
0 0.782812 0.339583 0.0265625 0.0208333
1 0.8625 0.0342882 0.015625 0.0278646
0 0.715625 0.525694 0.009375 0.0208333
0 0.875 0.0259549 0.078125 0.0519097
0 0.842188 0.126389 0.0140625 0.0173611
0 0.776563 0.345833 0.028125 0.0319444
0 0.716797 0.632639 0.0109375 0.0263889
1 0.625 0.530556 0.025 0.0472222
1 0.771875 0.323958 0.0125 0.0263889
0 0.554688 0.0539063 0.03125 0.0484375
1 0.716797 0.632639 0.0109375 0.0263889
0 0.615625 0.693056 0.015625 0.0458333
0 0.147559 0.866667 0.0931641 0.172222
0 0.664453 0.104774 0.0171875 0.0303819
0 0.629687 0.0780382 0.0625 0.0529514
0 0.985547 0.0315104 0.0289063 0.0630208
0 0.652344 0.101389 0.0421875 0.0425347
0 0.472656 0.909722 0.0140625 0.0277778
0 0.625 0.530556 0.025 0.0472222
0 0.742188 0.904167 0.05 0.175
0 0.740625 0.164583 0.01875 0.0447917
0 0.563672 0.956944 0.0539063 0.0861111
0 0.254492 0.977778 0.0503906 0.0444444
0 0.986719 0.0408854 0.0265625 0.0487847
0 0.770703 0.328385 0.0132813 0.0196181
1 0.615625 0.68125 0.0125 0.0236111
0 0.615625 0.68125 0.0125 0.0236111
1 0.770703 0.328385 0.0132813 0.0196181
0 0.817187 0.103646 0.028125 0.0314236
0 0.986719 0.0322917 0.0265625 0.0645833
0 0.842188 0.123872 0.0125 0.0152778
0 0.769531 0.333247 0.01875 0.0279514
1 0.842188 0.123872 0.0125 0.0152778
1 0.716406 0.527083 0.0109375 0.0222222
0 0.769531 0.343056 0.025 0.0375
1 0.740234 0.16441 0.0179687 0.0451389
0 0.773438 0.332552 0.0171875 0.0210069
1 0.842188 0.126476 0.0140625 0.0177083
0 0.696094 0.349306 0.009375 0.0180556
1 0.557031 0.8625 0.009375 0.0208333
0 0.851562 0.0293403 0.0203125 0.0375
1 0.717188 0.6375 0.0101562 0.0215278
1 0.861719 0.0273546 0.015625 0.0336589
0 0.861719 0.0273546 0.015625 0.0336589
1 0.854688 0.037066 0.0125 0.0217882
0 0.852344 0.0221246 0.0234375 0.0321398
0 0.982813 0.0372504 0.0328125 0.0636936
0 0.854688 0.037066 0.0125 0.0217882
1 0.986719 0.0408854 0.0265625 0.0487847
1 0.758984 0.661111 0.009375 0.0201389
0 0.864062 0.0230903 0.0125 0.0282986
1 0.864062 0.0230903 0.0125 0.0282986
0 0.717188 0.6375 0.0101562 0.0215278
1 0.854688 0.021224 0.021875 0.028125
0 0.614844 0.686285 0.0140625 0.0302083
0 0.8625 0.0346354 0.015625 0.0270833
1 0.696094 0.349306 0.009375 0.0180556
1 0.614844 0.686285 0.0140625 0.0302083
1 0.769531 0.333247 0.01875 0.0279514
0 0.853125 0.0277886 0.040625 0.0379991
0 0.782812 0.339583 0.0265625 0.0208333
0 0.551562 0.0538194 0.025 0.0416667
1 0.986719 0.0322917 0.0265625 0.0645833
0 0.715625 0.525694 0.009375 0.0208333
1 0.8625 0.0346354 0.015625 0.0270833
0 0.842188 0.126476 0.0140625 0.0177083
0 0.147461 0.866667 0.0933594 0.172222
0 0.716406 0.632639 0.0109375 0.0263889
0 0.777344 0.345833 0.028125 0.0319444
0 0.875 0.0258681 0.078125 0.0517361
1 0.625 0.530556 0.025 0.0472222
1 0.771875 0.323958 0.0125 0.0263889
1 0.716406 0.632639 0.0109375 0.0263889
0 0.664062 0.104687 0.0179687 0.0305556
0 0.554688 0.0536458 0.0320312 0.0493056
0 0.615625 0.693056 0.015625 0.0444444
0 0.472656 0.909722 0.0140625 0.0277778
0 0.985547 0.0315104 0.0289063 0.0630208
0 0.652344 0.101389 0.0414063 0.0421875
1 0.716406 0.522917 0.0117188 0.0277778
0 0.625 0.530556 0.025 0.0472222
0 0.742188 0.904167 0.05 0.175
0 0.740625 0.164583 0.01875 0.0447917
0 0.563281 0.956944 0.0546875 0.0861111
0 0.254297 0.977778 0.0507812 0.0444444
0 0.986719 0.0407986 0.0265625 0.0491319
0 0.771094 0.328385 0.0140625 0.0196181
1 0.615625 0.681771 0.0125 0.0225694
0 0.615625 0.681771 0.0125 0.0225694
1 0.771094 0.328385 0.0140625 0.0196181
0 0.817187 0.103733 0.0296875 0.0317708
0 0.986719 0.0323785 0.0265625 0.0647569
0 0.769531 0.332986 0.01875 0.0284722
0 0.842188 0.123958 0.0125 0.015625
1 0.842188 0.123958 0.0125 0.015625
1 0.716406 0.527083 0.0109375 0.0222222
1 0.740234 0.16441 0.0179687 0.0447917
0 0.769531 0.343056 0.025 0.0375
1 0.842188 0.126563 0.0140625 0.0178819
0 0.773438 0.332552 0.0171875 0.0210069
1 0.557031 0.8625 0.009375 0.0208333
0 0.696094 0.349306 0.009375 0.0180556
0 0.851562 0.0296007 0.01875 0.0369792
1 0.717188 0.6375 0.0101562 0.0215278
1 0.8625 0.0273438 0.015625 0.0335069
1 0.854688 0.0371528 0.0125 0.0217014
0 0.8625 0.0273438 0.015625 0.0335069
1 0.864062 0.0231337 0.0125 0.0282118
0 0.854688 0.0371528 0.0125 0.0217014
0 0.982813 0.0370768 0.034375 0.0640408
0 0.851562 0.021875 0.021875 0.0314236
0 0.864062 0.0231337 0.0125 0.0282118
1 0.986719 0.0407986 0.0265625 0.0491319
0 0.717188 0.6375 0.0101562 0.0215278
0 0.614844 0.686285 0.0140625 0.0302083
1 0.854688 0.021224 0.021875 0.0279514
1 0.758984 0.661111 0.009375 0.0208333
0 0.863281 0.034809 0.0140625 0.0268229
1 0.696094 0.349306 0.009375 0.0180556
0 0.854688 0.021224 0.021875 0.0279514
1 0.614844 0.686285 0.0140625 0.0302083
1 0.769531 0.332986 0.01875 0.0284722
0 0.147363 0.866667 0.0935547 0.172222
0 0.782812 0.339931 0.028125 0.0215278
1 0.613281 0.68125 0.0148437 0.0236111
1 0.863281 0.034809 0.0140625 0.0268229
0 0.842188 0.126563 0.0140625 0.0178819
1 0.986719 0.0323785 0.0265625 0.0647569
0 0.551953 0.0537326 0.0257812 0.0427083
0 0.613281 0.68125 0.0148437 0.0236111
0 0.715625 0.525694 0.009375 0.0208333
0 0.853125 0.0277669 0.040625 0.0378689
0 0.716406 0.632986 0.0109375 0.0263889
0 0.777344 0.345833 0.0296875 0.0319444
1 0.625 0.530556 0.025 0.0472222
0 0.875 0.0257812 0.078125 0.0515625
0 0.663281 0.104514 0.01875 0.0309028
1 0.851562 0.021875 0.021875 0.0314236
1 0.771484 0.323958 0.0132813 0.0263889
0 0.472656 0.909722 0.0140625 0.0291667
0 0.658594 0.096875 0.0296875 0.0388889
0 0.652344 0.101215 0.040625 0.0420139
0 0.554688 0.053559 0.0328125 0.0503472
1 0.716406 0.522917 0.0117188 0.0277778
0 0.646875 0.0976562 0.053125 0.0458333
0 0.615625 0.693056 0.015625 0.0444444
0 0.742188 0.904167 0.05 0.175
0 0.625 0.530556 0.025 0.0472222
0 0.740625 0.164583 0.01875 0.0447917
0 0.254297 0.977778 0.0507812 0.0444444
0 0.563281 0.956944 0.0546875 0.0861111
0 0.986719 0.0407986 0.0265625 0.0489583
0 0.771094 0.328385 0.0140625 0.0196181
1 0.615625 0.681771 0.0125 0.0225694
0 0.615625 0.681771 0.0125 0.0225694
1 0.771094 0.328385 0.0140625 0.0196181
0 0.817187 0.103733 0.0296875 0.0317708
0 0.986719 0.0324219 0.0265625 0.0648438
0 0.842188 0.124132 0.0125 0.015625
0 0.769531 0.332986 0.01875 0.0284722
1 0.842188 0.124132 0.0125 0.015625
1 0.715625 0.525694 0.009375 0.0208333
0 0.769531 0.343056 0.025 0.0381944
1 0.740234 0.16441 0.0179687 0.0447917
1 0.842188 0.126563 0.0140625 0.0180556
0 0.773438 0.332639 0.0171875 0.0215278
1 0.557031 0.8625 0.009375 0.0208333
0 0.696094 0.349306 0.0101562 0.0180556
1 0.717188 0.6375 0.0101562 0.0222222
0 0.851562 0.0298611 0.01875 0.0364583
1 0.8625 0.0272461 0.015625 0.0331814
1 0.853906 0.0372396 0.0125 0.0213542
0 0.8625 0.0272461 0.015625 0.0331814
1 0.864844 0.0230469 0.0109375 0.027691
0 0.614844 0.686285 0.0140625 0.0302083
0 0.853906 0.0372396 0.0125 0.0213542
0 0.982813 0.0371419 0.034375 0.063737
0 0.717188 0.6375 0.0101562 0.0222222
0 0.851562 0.0217014 0.021875 0.0310764
0 0.864844 0.0230469 0.0109375 0.027691
1 0.986719 0.0407986 0.0265625 0.0489583
0 0.147363 0.866667 0.0935547 0.175
1 0.614844 0.686285 0.0140625 0.0302083
1 0.854688 0.0210178 0.021875 0.0274089
1 0.696094 0.349306 0.0101562 0.0180556
1 0.758594 0.661111 0.009375 0.0208333
1 0.769531 0.332986 0.01875 0.0284722
0 0.854688 0.0210178 0.021875 0.0274089
0 0.864062 0.0349392 0.0125 0.0264757
0 0.783594 0.339931 0.028125 0.0215278
0 0.715625 0.525694 0.009375 0.0208333
0 0.842188 0.126563 0.0140625 0.0180556
0 0.613281 0.68125 0.0148437 0.0236111
1 0.864062 0.0349392 0.0125 0.0264757
1 0.613281 0.68125 0.0148437 0.0236111
1 0.986719 0.0324219 0.0265625 0.0648438
0 0.716406 0.632986 0.0109375 0.0263889
0 0.551562 0.0536458 0.025 0.0430556
0 0.77793 0.346181 0.0285156 0.0326389
1 0.624609 0.530556 0.025 0.0472222
0 0.663281 0.104687 0.0203125 0.0315972
0 0.853906 0.027691 0.040625 0.0375868
0 0.875 0.0257812 0.078125 0.0514757
1 0.851562 0.0217014 0.021875 0.0310764
1 0.771484 0.323958 0.0132813 0.0263889
0 0.658594 0.0970486 0.0296875 0.0392361
0 0.615625 0.693056 0.015625 0.0444444
1 0.716406 0.522917 0.0117188 0.0277778
0 0.653125 0.101389 0.0390625 0.0418403
0 0.472656 0.909722 0.0140625 0.0305556
0 0.648047 0.0977431 0.05 0.0461806
0 0.742188 0.904167 0.05 0.175
0 0.625 0.530556 0.025 0.0472222
0 0.740625 0.164757 0.01875 0.0447917
0 0.254492 0.977431 0.0507812 0.0451389
0 0.563281 0.956944 0.0546875 0.0861111
0 0.986719 0.0408854 0.0265625 0.0489583
0 0.771094 0.328125 0.0140625 0.0201389
1 0.615625 0.681771 0.0125 0.0225694
0 0.615625 0.681771 0.0125 0.0225694
0 0.817187 0.103733 0.0296875 0.0317708
1 0.771094 0.328125 0.0140625 0.0201389
0 0.842188 0.124219 0.0140625 0.0157986
0 0.769531 0.332986 0.01875 0.0284722
0 0.987891 0.0325521 0.0242187 0.0572917
1 0.842188 0.124219 0.0140625 0.0157986
0 0.985547 0.0329427 0.0289063 0.0658854
1 0.715625 0.525694 0.009375 0.0208333
0 0.769141 0.342708 0.0242187 0.0381944
1 0.739844 0.16441 0.0171875 0.0447917
0 0.696094 0.349306 0.0101562 0.0180556
1 0.557031 0.8625 0.009375 0.0222222
0 0.773438 0.332639 0.0171875 0.0215278
1 0.717188 0.6375 0.0101562 0.0222222
0 0.850781 0.0301215 0.01875 0.0359375
1 0.853906 0.0375434 0.0125 0.0209201
1 0.8625 0.0273003 0.0140625 0.0330729
1 0.864844 0.0229167 0.0109375 0.0272569
0 0.614844 0.686285 0.0140625 0.0302083
0 0.853906 0.0375434 0.0125 0.0209201
0 0.8625 0.0273003 0.0140625 0.0330729
0 0.982813 0.0370226 0.034375 0.0639757
1 0.696094 0.349306 0.0101562 0.0180556
0 0.765625 0.333333 0.025 0.0291667
0 0.717188 0.6375 0.0101562 0.0222222
0 0.864844 0.0229167 0.0109375 0.0272569
0 0.851562 0.0215712 0.0203125 0.0306424
1 0.614844 0.686285 0.0140625 0.0302083
1 0.769531 0.332986 0.01875 0.0284722
0 0.147363 0.866667 0.0931641 0.175
1 0.854688 0.0207899 0.0203125 0.0269965
1 0.986719 0.0408854 0.0265625 0.0489583
0 0.783594 0.339931 0.028125 0.0215278
0 0.854688 0.0207899 0.0203125 0.0269965
1 0.758594 0.661111 0.009375 0.0208333
0 0.864062 0.0351997 0.0125 0.0259549
0 0.715625 0.525694 0.009375 0.0208333
0 0.613281 0.68125 0.015625 0.0236111
1 0.613281 0.68125 0.015625 0.0236111
1 0.864062 0.0351997 0.0125 0.0259549
0 0.778125 0.346181 0.028125 0.0319444
1 0.624609 0.530556 0.025 0.0472222
0 0.716406 0.632639 0.0109375 0.0263889
0 0.551562 0.0572917 0.025 0.0416667
1 0.986719 0.0324653 0.0265625 0.0649306
0 0.6625 0.104687 0.0203125 0.0317708
0 0.763281 0.35 0.0296875 0.0388889
1 0.851562 0.0215712 0.0203125 0.0306424
0 0.658594 0.0969618 0.0296875 0.0399306
0 0.653516 0.101389 0.0382813 0.0416667
0 0.472656 0.909722 0.0148437 0.0305556
0 0.616016 0.693056 0.0148437 0.0444444
1 0.771484 0.323958 0.0132813 0.0263889
1 0.716406 0.522917 0.0117188 0.0277778
0 0.648438 0.0977431 0.0484375 0.0465278
0 0.874219 0.0257378 0.075 0.0512153
0 0.853906 0.0275608 0.040625 0.0375
0 0.742578 0.904167 0.05 0.175
0 0.625 0.530556 0.025 0.0472222
0 0.740625 0.164757 0.01875 0.0444444
0 0.254492 0.977431 0.0507812 0.0451389
0 0.563281 0.956944 0.0546875 0.0861111
0 0.986719 0.0408854 0.0265625 0.0487847
0 0.770703 0.328125 0.0132813 0.0201389
1 0.615625 0.681771 0.0125 0.0225694
0 0.615625 0.681771 0.0125 0.0225694
0 0.817187 0.103819 0.03125 0.0317708
1 0.770703 0.328125 0.0132813 0.0201389
0 0.842188 0.124306 0.0140625 0.0159722
0 0.769531 0.332986 0.01875 0.0284722
0 0.987891 0.0324544 0.0242187 0.0567925
1 0.842188 0.124306 0.0140625 0.0159722
1 0.715625 0.525694 0.009375 0.0208333
0 0.985547 0.0329861 0.0289063 0.0659722
0 0.769141 0.342708 0.0242187 0.0381944
1 0.739844 0.16454 0.0171875 0.0445312
1 0.557031 0.8625 0.009375 0.0222222
0 0.696094 0.349306 0.009375 0.0180556
0 0.773438 0.332726 0.0171875 0.0220486
0 0.850781 0.0302083 0.01875 0.0357639
1 0.717188 0.637847 0.0101562 0.0215278
1 0.853906 0.0376736 0.0125 0.0206597
1 0.8625 0.0272135 0.0140625 0.0330729
0 0.614844 0.686285 0.0140625 0.0302083
1 0.864844 0.0228733 0.0109375 0.0269965
0 0.853906 0.0376736 0.0125 0.0206597
1 0.696094 0.349306 0.009375 0.0180556
0 0.765625 0.333333 0.025 0.0291667
0 0.8625 0.0272135 0.0140625 0.0330729
1 0.614844 0.686285 0.0140625 0.0302083
0 0.864844 0.0228733 0.0109375 0.0269965
0 0.982813 0.0369358 0.034375 0.0639757
1 0.769531 0.332986 0.01875 0.0284722
0 0.851562 0.021441 0.021875 0.0305556
0 0.717188 0.637847 0.0101562 0.0215278
0 0.78418 0.340278 0.0285156 0.0222222
0 0.854688 0.0206489 0.0203125 0.0265842
1 0.986719 0.0408854 0.0265625 0.0487847
1 0.854688 0.0206489 0.0203125 0.0265842
0 0.715625 0.525694 0.009375 0.0208333
1 0.758594 0.660764 0.009375 0.0208333
0 0.864062 0.0353733 0.0125 0.0256076
0 0.147266 0.866667 0.09375 0.177778
0 0.613281 0.68125 0.015625 0.0236111
1 0.625 0.530556 0.025 0.0472222
1 0.864062 0.0353733 0.0125 0.0256076
0 0.778125 0.346181 0.0296875 0.0326389
1 0.613281 0.68125 0.015625 0.0236111
0 0.551562 0.0570964 0.025 0.0424045
0 0.6625 0.104514 0.021875 0.0319444
1 0.986719 0.0324653 0.0265625 0.0649306
0 0.716406 0.632639 0.0109375 0.0263889
0 0.763281 0.35 0.0296875 0.0388889
0 0.658203 0.0967882 0.0304688 0.0404514
0 0.472656 0.909722 0.0148437 0.0305556
0 0.653125 0.101042 0.0390625 0.0420139
0 0.648438 0.0974826 0.0484375 0.0470486
1 0.771484 0.323958 0.0132813 0.0263889
1 0.716406 0.522917 0.0117188 0.0277778
0 0.616016 0.693056 0.0148437 0.0444444
1 0.851562 0.021441 0.021875 0.0305556
0 0.742578 0.903472 0.05 0.176389
0 0.625 0.530556 0.025 0.0472222
0 0.740234 0.164931 0.0179687 0.0444444
0 0.254297 0.977431 0.0507812 0.0451389
0 0.563281 0.956944 0.0546875 0.0861111
0 0.986719 0.041059 0.0265625 0.0484375
0 0.770703 0.328472 0.0132813 0.0201389
1 0.615625 0.681771 0.0125 0.0225694
0 0.615625 0.681771 0.0125 0.0225694
0 0.817187 0.103819 0.03125 0.0319444
1 0.770703 0.328472 0.0132813 0.0201389
0 0.842188 0.124306 0.0140625 0.0161458
0 0.769531 0.332986 0.01875 0.0284722
0 0.987891 0.0322917 0.0242187 0.05625
1 0.842188 0.124306 0.0140625 0.0161458
1 0.715234 0.525694 0.009375 0.0208333
0 0.769531 0.342361 0.0234375 0.0388889
0 0.985547 0.0329861 0.0289063 0.0659722
1 0.739844 0.16454 0.0171875 0.0445312
1 0.557031 0.8625 0.009375 0.0222222
0 0.696094 0.349306 0.009375 0.0180556
0 0.773438 0.332726 0.0171875 0.0220486
1 0.853906 0.0378472 0.0125 0.0204861
0 0.850781 0.0302951 0.01875 0.0355903
1 0.717188 0.637847 0.0101562 0.0215278
1 0.8625 0.0272135 0.015625 0.0330729
0 0.614844 0.686285 0.0132813 0.0302083
1 0.864844 0.0228733 0.0109375 0.0266493
0 0.853906 0.0378472 0.0125 0.0204861
1 0.696094 0.349306 0.009375 0.0180556
1 0.614844 0.686285 0.0132813 0.0302083
0 0.765625 0.333333 0.025 0.0291667
1 0.769531 0.332986 0.01875 0.0284722
0 0.8625 0.0272135 0.015625 0.0330729
0 0.784375 0.340278 0.028125 0.0222222
0 0.864844 0.0228733 0.0109375 0.0266493
0 0.982813 0.0369032 0.034375 0.0640408
0 0.851562 0.0213976 0.021875 0.0302951
0 0.717188 0.637847 0.0101562 0.0215278
0 0.715234 0.525694 0.009375 0.0208333
0 0.854688 0.0204427 0.021875 0.0262153
1 0.986719 0.041059 0.0265625 0.0484375
1 0.854688 0.0204427 0.021875 0.0262153
1 0.758594 0.661111 0.009375 0.0208333
0 0.864062 0.0355469 0.0125 0.0252604
1 0.625 0.530556 0.025 0.0472222
0 0.613281 0.68125 0.015625 0.0236111
0 0.778125 0.346181 0.0296875 0.0326389
0 0.14707 0.866667 0.0941406 0.177778
0 0.551562 0.0569227 0.025 0.043099
1 0.613281 0.68125 0.015625 0.0236111
1 0.864062 0.0355469 0.0125 0.0252604
0 0.661719 0.104427 0.0234375 0.0328125
0 0.763281 0.35 0.0296875 0.0388889
1 0.986719 0.0324219 0.0265625 0.0648438
0 0.716406 0.632639 0.0109375 0.0263889
0 0.472656 0.909722 0.0148437 0.0305556
1 0.771484 0.323958 0.0132813 0.0270833
0 0.657812 0.0967014 0.03125 0.0416667
0 0.742578 0.903472 0.05 0.176389
0 0.625 0.530556 0.025 0.0472222
0 0.740234 0.164931 0.0179687 0.0444444
0 0.254297 0.977431 0.0507812 0.0451389
0 0.563281 0.956944 0.0546875 0.0861111
0 0.986719 0.0412326 0.0265625 0.0480903
0 0.770703 0.328472 0.0132813 0.0201389
1 0.615625 0.681944 0.0125 0.0236111
0 0.615625 0.681944 0.0125 0.0236111
0 0.817187 0.103906 0.03125 0.0319444
1 0.770703 0.328472 0.0132813 0.0201389
0 0.769531 0.332986 0.01875 0.0284722
0 0.842188 0.124306 0.0140625 0.0163194
0 0.987891 0.0321615 0.0242187 0.055816
1 0.842188 0.124306 0.0140625 0.0163194
1 0.715625 0.525694 0.009375 0.0208333
0 0.769531 0.342361 0.0234375 0.0388889
0 0.985156 0.0329861 0.0296875 0.0659722
1 0.739844 0.16454 0.0171875 0.0445312
1 0.557031 0.8625 0.009375 0.0222222
0 0.773438 0.332726 0.0171875 0.0220486
0 0.696094 0.348958 0.009375 0.0180556
1 0.853906 0.037934 0.0125 0.0203125
0 0.850781 0.0304253 0.01875 0.0355035
1 0.717188 0.637847 0.0101562 0.0215278
0 0.614844 0.686806 0.0132813 0.0291667
1 0.8625 0.0271701 0.015625 0.0329861
1 0.769531 0.332986 0.01875 0.0284722
1 0.614844 0.686806 0.0132813 0.0291667
1 0.864844 0.0228299 0.0109375 0.0265625
0 0.853906 0.037934 0.0125 0.0203125
0 0.765625 0.333247 0.025 0.0293403
1 0.696094 0.348958 0.009375 0.0180556
0 0.784375 0.340278 0.028125 0.0215278
0 0.8625 0.0271701 0.015625 0.0329861
0 0.864844 0.0228299 0.0109375 0.0265625
0 0.715625 0.525694 0.009375 0.0208333
0 0.982813 0.0369358 0.034375 0.0638021
0 0.851562 0.0212782 0.021875 0.0301866
0 0.854688 0.0203993 0.021875 0.0260417
0 0.717188 0.637847 0.0101562 0.0215278
1 0.625 0.530556 0.025 0.0472222
1 0.986719 0.0412326 0.0265625 0.0480903
1 0.854688 0.0203993 0.021875 0.0260417
0 0.864062 0.0357205 0.0125 0.0250868
0 0.613281 0.68125 0.015625 0.025
0 0.778906 0.346528 0.0296875 0.0319444
1 0.758594 0.660764 0.009375 0.0215278
0 0.551172 0.0568576 0.025 0.0432292
1 0.613281 0.68125 0.015625 0.025
1 0.864062 0.0357205 0.0125 0.0250868
0 0.660937 0.10434 0.0242187 0.0333333
0 0.763281 0.35 0.0296875 0.0388889
0 0.146875 0.867361 0.0949219 0.179167
1 0.987109 0.0323785 0.0257812 0.0647569
1 0.771484 0.323958 0.0132813 0.0270833
0 0.716406 0.632639 0.0109375 0.0263889
0 0.472656 0.909722 0.015625 0.0305556
0 0.648047 0.0972222 0.0492188 0.0482639
0 0.657812 0.0965278 0.03125 0.0421875
0 0.742578 0.903472 0.05 0.176389
0 0.625 0.530556 0.025 0.0472222
0 0.740234 0.164931 0.0179687 0.0444444
0 0.254297 0.977431 0.0507812 0.0451389
0 0.563281 0.956944 0.0546875 0.0861111
0 0.986719 0.041276 0.0265625 0.0480035
0 0.770703 0.328472 0.0132813 0.0201389
1 0.615625 0.681944 0.0125 0.0236111
0 0.615625 0.681944 0.0125 0.0236111
0 0.817187 0.103993 0.03125 0.0319444
1 0.770703 0.328472 0.0132813 0.0201389
0 0.769531 0.332726 0.01875 0.0289931
0 0.842188 0.124479 0.0140625 0.0166667
1 0.715234 0.525694 0.009375 0.0215278
1 0.842188 0.124479 0.0140625 0.0166667
0 0.988281 0.0320747 0.0234375 0.0554687
0 0.769531 0.342361 0.0234375 0.0388889
1 0.557031 0.8625 0.009375 0.0222222
1 0.739844 0.16454 0.0171875 0.0445312
0 0.985156 0.0330729 0.0296875 0.0661458
0 0.696094 0.349306 0.009375 0.0180556
0 0.773438 0.332639 0.0171875 0.0222222
1 0.853125 0.0380208 0.0125 0.0203125
0 0.614844 0.686285 0.0132813 0.0302083
0 0.85 0.0304688 0.01875 0.0355035
1 0.717188 0.637847 0.0101562 0.0215278
1 0.769531 0.332726 0.01875 0.0289931
1 0.614844 0.686285 0.0132813 0.0302083
0 0.853125 0.0380208 0.0125 0.0203125
1 0.8625 0.0271267 0.015625 0.0330729
1 0.696094 0.349306 0.009375 0.0180556
1 0.864844 0.0227865 0.0109375 0.0264757
0 0.766016 0.333247 0.0242187 0.0293403
0 0.78418 0.340278 0.0285156 0.0222222
0 0.715234 0.525694 0.009375 0.0215278
0 0.8625 0.0271267 0.015625 0.0330729
0 0.864844 0.0227865 0.0109375 0.0264757
0 0.852344 0.0212565 0.021875 0.0300564
1 0.625 0.530556 0.025 0.0472222
0 0.982813 0.0369032 0.034375 0.0638672
1 0.986719 0.041276 0.0265625 0.0480035
0 0.717188 0.637847 0.0101562 0.0215278
0 0.779883 0.346181 0.0308594 0.0326389
0 0.613281 0.68125 0.0148437 0.025
0 0.864062 0.0356771 0.0125 0.025
1 0.854688 0.0203234 0.021875 0.0258464
1 0.758594 0.661111 0.009375 0.0208333
1 0.613281 0.68125 0.0148437 0.025
0 0.550781 0.0569227 0.025 0.043099
0 0.660937 0.10434 0.025 0.0336806
0 0.763281 0.35 0.0296875 0.0388889
1 0.864062 0.0356771 0.0125 0.025
0 0.472656 0.909722 0.0148437 0.0305556
1 0.771484 0.323958 0.0132813 0.0270833
0 0.648438 0.0970486 0.0484375 0.0484375
1 0.987109 0.0323785 0.0257812 0.0647569
0 0.742578 0.903472 0.05 0.176389
0 0.625 0.530556 0.025 0.0472222
0 0.740234 0.164931 0.0179687 0.0444444
0 0.254297 0.977431 0.0511719 0.0451389
0 0.563281 0.956944 0.0546875 0.0861111
0 0.986719 0.0413194 0.0265625 0.0480903
0 0.770703 0.328472 0.0132813 0.0201389
1 0.615625 0.681944 0.0125 0.0236111
0 0.615625 0.681944 0.0125 0.0236111
0 0.817187 0.103993 0.03125 0.0319444
1 0.770703 0.328472 0.0132813 0.0201389
0 0.769531 0.332726 0.01875 0.0289931
0 0.842188 0.124479 0.0140625 0.0166667
1 0.715234 0.525694 0.009375 0.0215278
0 0.988281 0.0321289 0.0234375 0.0557075
1 0.842188 0.124479 0.0140625 0.0166667
0 0.769531 0.342361 0.0234375 0.0381944
1 0.557031 0.8625 0.009375 0.0222222
1 0.739844 0.164757 0.0171875 0.0444444
0 0.985156 0.0330729 0.0296875 0.0661458
0 0.773438 0.332639 0.0171875 0.0222222
0 0.696094 0.349306 0.009375 0.0180556
1 0.853125 0.0380208 0.0125 0.0203993
0 0.614844 0.686285 0.0132813 0.0302083
0 0.85 0.0304688 0.01875 0.0354167
1 0.717188 0.637847 0.0101562 0.0215278
1 0.769531 0.332726 0.01875 0.0289931
1 0.614844 0.686285 0.0132813 0.0302083
0 0.853125 0.0380208 0.0125 0.0203993
1 0.8625 0.0271267 0.015625 0.0330729
1 0.864844 0.022819 0.0109375 0.0264106
1 0.696094 0.349306 0.009375 0.0180556
0 0.78418 0.340278 0.0285156 0.0222222
0 0.766016 0.333247 0.0242187 0.0293403
0 0.715234 0.525694 0.009375 0.0215278
0 0.8625 0.0271267 0.015625 0.0330729
0 0.864844 0.022819 0.0109375 0.0264106
1 0.625 0.530556 0.025 0.0472222
0 0.852344 0.021224 0.021875 0.0300347
0 0.982813 0.0368164 0.034375 0.0638672
1 0.986719 0.0413194 0.0265625 0.0480903
0 0.717188 0.637847 0.0101562 0.0215278
0 0.779883 0.346181 0.0308594 0.0326389
0 0.864062 0.0357205 0.0125 0.025
0 0.613281 0.68125 0.015625 0.025
1 0.854688 0.0203234 0.021875 0.0258464
1 0.758594 0.660764 0.009375 0.0215278
1 0.613281 0.68125 0.015625 0.025
0 0.550781 0.0569444 0.025 0.0430556
0 0.660547 0.10434 0.025 0.0336806
0 0.763281 0.35 0.0296875 0.0388889
1 0.864062 0.0357205 0.0125 0.025
1 0.771484 0.323958 0.0132813 0.0270833
0 0.472656 0.909722 0.0148437 0.0305556
1 0.987109 0.0323785 0.0257812 0.0647569
