0 0.186523 0.470833 0.0390625 0.0358333
0 0.978906 0.0661458 0.0375 0.0433333
0 0.0185059 0.398333 0.0350586 0.0408333
1 0.978125 0.0242708 0.01875 0.0363542
1 0.978906 0.0661458 0.0375 0.0433333
1 0.69375 0.966667 0.0078125 0.0133333
0 0.948438 0.0392708 0.0328125 0.0375
0 0.979688 0.0761458 0.0375 0.0641667
1 0.186279 0.470833 0.0391602 0.0358333
0 0.96875 0.0518229 0.05625 0.0440625
0 0.960938 0.0236719 0.05625 0.0473437
1 0.492188 0.67625 0.0078125 0.015
0 0.978125 0.0242708 0.01875 0.0363542
0 0.0230713 0.395833 0.044873 0.0441667
1 0.960938 0.0559896 0.028125 0.0336458
0 0.958594 0.0353646 0.0546875 0.0416667
0 0.395312 0.378542 0.0398437 0.04375
0 0.945312 0.0190365 0.028125 0.0380729
1 0.996484 0.00664063 0.00703125 0.0132813
0 0.960938 0.0559896 0.028125 0.0336458
1 0.979688 0.0761458 0.0375 0.0641667
1 0.948438 0.0392708 0.0328125 0.0375
1 0.96875 0.0518229 0.05625 0.0440625
0 0.946875 0.0301042 0.03125 0.0416667
1 0.958594 0.0353646 0.0546875 0.0416667
1 0.395312 0.38 0.040625 0.0433333
0 0.996484 0.00664063 0.00703125 0.0132813
1 0.565625 0.9175 0.00859375 0.015
1 0.960938 0.0192188 0.059375 0.0384375
0 0.949219 0.0460417 0.028125 0.040625
1 0.992188 0.0275 0.0140625 0.0485417
1 0.0185059 0.398333 0.0350586 0.0408333
1 0.945312 0.0190365 0.028125 0.0380729
2 0.978125 0.06375 0.0390625 0.045625
1 0.949219 0.0460417 0.028125 0.040625
2 0.96875 0.0518229 0.05625 0.0440625
1 0.890625 0.0816927 0.0078125 0.0199479
0 0.992188 0.0275 0.0140625 0.0485417
1 0.022168 0.397604 0.0432617 0.0497917
0 0.953906 0.0292188 0.046875 0.0392708
0 0.973437 0.0698958 0.04375 0.0583333
0 0.69375 0.966667 0.0078125 0.0133333
0 0.985937 0.0870833 0.0265625 0.0564583
1 0.973437 0.193333 0.009375 0.0166667
1 0.946875 0.0301042 0.03125 0.0416667
1 0.560938 0.915833 0.0109375 0.015
3 0.978906 0.0661458 0.0375 0.0433333
1 0.0265625 0.3975 0.0511719 0.0366667
1 0.973437 0.0698958 0.04375 0.0583333
1 0.971875 0.132396 0.009375 0.0245833
3 0.96875 0.0518229 0.05625 0.0440625
0 0.934375 0.9575 0.071875 0.075
2 0.979688 0.0761458 0.0375 0.0641667
0 0.0267334 0.395 0.0534668 0.055
0 0.9625 0.0302344 0.06875 0.0604687
3 0.960938 0.0230208 0.0625 0.0460417
1 0.864062 0.102604 0.009375 0.02375
0 0.492188 0.67625 0.0078125 0.015
1 0.985937 0.0870833 0.0265625 0.0564583
1 0.186523 0.469583 0.0390625 0.035
0 0.185889 0.46875 0.0383789 0.035
0 0.979688 0.0653646 0.034375 0.0396875
1 0.98125 0.0644792 0.034375 0.0389583
1 0.98125 0.0267188 0.0125 0.0310417
0 0.967969 0.0502604 0.0625 0.0623958
1 0.979688 0.0714063 0.0375 0.0515625
0 0.98125 0.0267188 0.0125 0.0310417
0 0.960938 0.0235156 0.059375 0.0470312
0 0.979688 0.0930208 0.034375 0.039375
0 0.948438 0.0282292 0.0328125 0.0505208
1 0.996484 0.00891927 0.00703125 0.0178385
1 0.69375 0.9675 0.0078125 0.0133333
1 0.979688 0.0930208 0.034375 0.039375
0 0.964063 0.0357161 0.065625 0.050651
1 0.960938 0.0235156 0.059375 0.0470312
0 0.975 0.0691667 0.046875 0.0804167
1 0.967969 0.0502604 0.0625 0.0623958
0 0.945312 0.0317708 0.028125 0.0336458
1 0.948438 0.0282292 0.0328125 0.0505208
0 0.0155273 0.398333 0.0273438 0.04
1 0.955469 0.0575 0.01875 0.0316667
0 0.996484 0.00891927 0.00703125 0.0178385
1 0.964063 0.0357161 0.065625 0.050651
0 0.980469 0.0820833 0.0375 0.0675
1 0.945312 0.0317708 0.028125 0.0336458
0 0.955469 0.0575 0.01875 0.0316667
0 0.94375 0.0253125 0.028125 0.04375
0 0.94375 0.0191667 0.025 0.0383333
1 0.989062 0.0285417 0.01875 0.0502083
0 0.990625 0.100729 0.015625 0.0295833
1 0.990625 0.100729 0.015625 0.0295833
0 0.0254883 0.39625 0.0480469 0.0416667
1 0.94375 0.0253125 0.028125 0.04375
0 0.948438 0.0451042 0.0265625 0.045
1 0.948438 0.0451042 0.0265625 0.045
3 0.967969 0.0502604 0.0625 0.0623958
1 0.491797 0.675833 0.0078125 0.015
1 0.980469 0.0820833 0.0375 0.0675
0 0.989062 0.0285417 0.01875 0.0502083
2 0.979688 0.0629167 0.0375 0.0429167
2 0.967969 0.0502604 0.0625 0.0623958
1 0.0155273 0.398333 0.0273438 0.04
3 0.979688 0.0629167 0.0375 0.0429167
1 0.94375 0.0191667 0.025 0.0383333
3 0.186279 0.470417 0.0391602 0.0341667
1 0.975 0.0691667 0.046875 0.0804167
1 0.185986 0.469583 0.0381836 0.035
0 0.185986 0.469167 0.0381836 0.0358333
0 0.979688 0.0647917 0.0359375 0.0402083
1 0.98125 0.0626563 0.034375 0.0388542
0 0.975781 0.0619792 0.0453125 0.04375
1 0.98125 0.0276042 0.0140625 0.0264583
1 0.492188 0.675 0.0078125 0.0133333
0 0.98125 0.0276042 0.0140625 0.0264583
0 0.967188 0.0489583 0.065625 0.06625
1 0.693359 0.9675 0.00859375 0.0133333
0 0.0225098 0.39875 0.0424805 0.0433333
1 0.990625 0.0789844 0.01875 0.0486979
1 0.996094 0.00690104 0.0078125 0.0138021
1 0.975781 0.0619792 0.0453125 0.04375
0 0.989062 0.094375 0.01875 0.031875
0 0.960938 0.0226302 0.0625 0.0452604
1 0.979688 0.0708333 0.034375 0.05
1 0.989062 0.094375 0.01875 0.031875
1 0.889844 0.08125 0.009375 0.0239583
0 0.990625 0.0789844 0.01875 0.0486979
0 0.949219 0.0295833 0.0359375 0.0496875
0 0.946094 0.0335286 0.0296875 0.0323177
1 0.0251831 0.398333 0.0488525 0.0491667
0 0.0268066 0.396771 0.0526367 0.0514583
1 0.973437 0.192917 0.0109375 0.02
0 0.965625 0.0183073 0.0578125 0.0366146
0 0.989844 0.0227083 0.01875 0.0454167
1 0.989844 0.0227083 0.01875 0.0454167
0 0.957031 0.0152604 0.0515625 0.0305208
1 0.955469 0.0579688 0.0171875 0.0292708
0 0.955469 0.0579688 0.0171875 0.0292708
1 0.992188 0.101458 0.0125 0.0277083
1 0.1875 0.464167 0.0347656 0.0391667
1 0.967188 0.0489583 0.065625 0.06625
1 0.396875 0.380417 0.0367187 0.0458333
0 0.945312 0.0183594 0.028125 0.0367187
0 0.996094 0.00690104 0.0078125 0.0138021
1 0.946094 0.0335286 0.0296875 0.0323177
1 0.0183105 0.398229 0.0337891 0.0435417
1 0.949219 0.0295833 0.0359375 0.0496875
0 0.396875 0.380417 0.0367187 0.0458333
0 0.940625 0.195469 0.0109375 0.0348958
1 0.957031 0.0152604 0.0515625 0.0305208
1 0.994531 0.425 0.0109375 0.02
0 0.96875 0.0558464 0.0609375 0.105182
3 0.967188 0.0489583 0.065625 0.06625
0 0.964063 0.0353646 0.065625 0.055625
0 0.94375 0.0288411 0.028125 0.0379427
1 0.94375 0.0288411 0.028125 0.0379427
0 0.889844 0.08125 0.009375 0.0239583
0 0.947656 0.0464583 0.025 0.0391667
0 0.992188 0.101458 0.0125 0.0277083
1 0.960938 0.0226302 0.0625 0.0452604
1 0.920313 0.00796875 0.009375 0.0159375
1 0.940625 0.195469 0.0109375 0.0348958
2 0.185742 0.47 0.0386719 0.0341667
1 0.945312 0.0183594 0.028125 0.0367187
1 0.947656 0.0464583 0.025 0.0391667
3 0.975781 0.0619792 0.0453125 0.04375
1 0.185889 0.468333 0.0375977 0.035
0 0.185156 0.468333 0.0367187 0.0366667
1 0.98125 0.0640104 0.034375 0.0428125
0 0.979688 0.065625 0.0359375 0.0429167
1 0.973437 0.0228125 0.028125 0.0365625
1 0.996094 0.00835938 0.0078125 0.0167188
1 0.978125 0.0694271 0.034375 0.0494792
0 0.960938 0.0224479 0.059375 0.0448958
0 0.973437 0.0228125 0.028125 0.0365625
0 0.966406 0.0525 0.0625 0.0502083
1 0.190625 0.46625 0.0371094 0.035
1 0.963281 0.020625 0.05 0.0398958
1 0.992188 0.0267708 0.0125 0.0494792
1 0.69375 0.966667 0.00625 0.0133333
1 0.187061 0.460833 0.0352539 0.0341667
0 0.979688 0.0754427 0.034375 0.0616146
1 0.966406 0.0525 0.0625 0.0502083
0 0.95 0.0304688 0.0375 0.0525
0 0.992188 0.0267708 0.0125 0.0494792
0 0.948438 0.0319792 0.034375 0.0386458
0 0.955469 0.0546354 0.0234375 0.0334375
1 0.951563 0.0339714 0.040625 0.0422656
0 0.945312 0.0185938 0.028125 0.0363542
0 0.190625 0.46625 0.0371094 0.035
1 0.492188 0.675833 0.0078125 0.015
0 0.996094 0.00835938 0.0078125 0.0167188
1 0.564844 0.918333 0.0109375 0.02
0 0.975 0.0720833 0.04375 0.0739583
0 0.945312 0.0270833 0.03125 0.0439583
0 0.95 0.0469271 0.03125 0.0444792
1 0.992188 0.101667 0.0125 0.0304167
1 0.955469 0.0546354 0.0234375 0.0334375
2 0.979688 0.065625 0.0359375 0.0429167
1 0.945312 0.0185938 0.028125 0.0363542
1 0.940625 0.196875 0.009375 0.0308333
1 0.562109 0.916667 0.0132813 0.0166667
1 0.889844 0.0813542 0.009375 0.0235417
1 0.971875 0.132083 0.009375 0.02375
1 0.945312 0.0270833 0.03125 0.0439583
0 0.992188 0.101667 0.0125 0.0304167
1 0.940625 0.195365 0.0125 0.0359375
2 0.185889 0.468333 0.0375977 0.035
1 0.973437 0.192708 0.0125 0.02125
0 0.98125 0.0863542 0.034375 0.0622917
3 0.979688 0.065625 0.0359375 0.0429167
1 0.95 0.0469271 0.03125 0.0444792
1 0.98125 0.0863542 0.034375 0.0622917
1 0.185498 0.4675 0.0375977 0.0366667
1 0.979688 0.0664062 0.034375 0.0407292
0 0.185498 0.4675 0.0375977 0.0366667
0 0.979688 0.0664062 0.034375 0.0407292
1 0.985156 0.0954167 0.0265625 0.0325
1 0.98125 0.0249089 0.0125 0.0314323
1 0.982031 0.0730208 0.0328125 0.0514583
1 0.952344 0.0542708 0.0203125 0.0296875
1 0.960938 0.0235677 0.059375 0.0471354
0 0.952344 0.0542708 0.0203125 0.0296875
0 0.960938 0.0235677 0.059375 0.0471354
0 0.98125 0.0249089 0.0125 0.0314323
1 0.948438 0.0324479 0.034375 0.0559375
1 0.960938 0.046237 0.0546875 0.0527344
1 0.944531 0.0352604 0.025 0.0345833
0 0.960938 0.046237 0.0546875 0.0527344
0 0.948438 0.0324479 0.034375 0.0559375
1 0.949219 0.046875 0.0265625 0.0388542
0 0.985156 0.0954167 0.0265625 0.0325
0 0.944531 0.0331771 0.0265625 0.033125
1 0.996094 0.00619792 0.0078125 0.0123958
0 0.982031 0.0730208 0.0328125 0.0514583
0 0.949219 0.046875 0.0265625 0.0388542
1 0.992188 0.101979 0.0125 0.0283333
1 0.890625 0.081224 0.009375 0.0196354
1 0.973437 0.192083 0.0109375 0.0191667
0 0.94375 0.0197396 0.025 0.0382292
1 0.94375 0.0197396 0.025 0.0382292
1 0.69375 0.9675 0.00625 0.015
1 0.964063 0.0202083 0.046875 0.0380208
1 0.982813 0.0866406 0.034375 0.0596354
0 0.978125 0.0717188 0.0390625 0.0732292
1 0.978125 0.0717188 0.0390625 0.0732292
2 0.979688 0.0664062 0.034375 0.0407292
0 0.964063 0.0202083 0.046875 0.0380208
1 0.018335 0.399583 0.0353027 0.0458333
1 0.992188 0.0219271 0.0125 0.0428125
1 0.940625 0.194375 0.009375 0.0304167
0 0.992188 0.101979 0.0125 0.0283333
0 0.996094 0.00619792 0.0078125 0.0123958
0 0.982813 0.0866406 0.034375 0.0596354
1 0.0149414 0.399583 0.0275391 0.04
0 0.948438 0.026875 0.03125 0.0329167
1 0.948438 0.026875 0.03125 0.0329167
1 0.492188 0.676667 0.0078125 0.0133333
1 0.971094 0.132083 0.0078125 0.0220833
2 0.185596 0.46875 0.0381836 0.035
1 0.935938 0.0111719 0.021875 0.0223437
1 0.99375 0.0163542 0.0125 0.0257292
1 0.186133 0.468333 0.0378906 0.0383333
0 0.186133 0.468333 0.0378906 0.0383333
1 0.979688 0.0650521 0.034375 0.0415625
1 0.984375 0.0627604 0.028125 0.0411458
0 0.979688 0.0650521 0.034375 0.0415625
1 0.979688 0.0247396 0.0140625 0.0307292
0 0.984375 0.0627604 0.028125 0.0411458
0 0.965625 0.0480208 0.0625 0.0554167
1 0.990625 0.0727604 0.015625 0.0528125
1 0.989062 0.0960417 0.0203125 0.0320833
0 0.979688 0.0247396 0.0140625 0.0307292
1 0.960938 0.0215365 0.05625 0.0430729
0 0.960938 0.0215365 0.05625 0.0430729
1 0.965625 0.0480208 0.0625 0.0554167
0 0.989062 0.0960417 0.0203125 0.0320833
1 0.946875 0.0373958 0.03125 0.031875
1 0.953125 0.0538542 0.021875 0.0304167
1 0.996094 0.00611979 0.0078125 0.0122396
0 0.946875 0.0373958 0.03125 0.031875
1 0.948438 0.0352995 0.034375 0.0491927
0 0.952344 0.0377083 0.040625 0.0407292
0 0.953125 0.0538542 0.021875 0.0304167
0 0.948438 0.0352995 0.034375 0.0491927
1 0.952344 0.0377083 0.040625 0.0407292
1 0.95 0.045625 0.028125 0.041875
1 0.693359 0.966667 0.00703125 0.015
0 0.990625 0.0727604 0.015625 0.0528125
1 0.973437 0.1925 0.009375 0.0175
0 0.95 0.045625 0.028125 0.041875
0 0.945312 0.03 0.03125 0.04
1 0.945312 0.03 0.03125 0.04
1 0.491797 0.676667 0.00703125 0.0133333
1 0.0229004 0.399167 0.0428711 0.0441667
1 0.992969 0.101042 0.0125 0.0291667
0 0.976562 0.0694271 0.04375 0.0796875
0 0.945312 0.0169792 0.028125 0.03375
1 0.940625 0.195 0.009375 0.0275
0 0.996094 0.00611979 0.0078125 0.0122396
1 0.564062 0.919167 0.0117188 0.0183333
1 0.945312 0.0169792 0.028125 0.03375
1 0.901563 0.450417 0.009375 0.0158333
1 0.890625 0.0819792 0.009375 0.0185417
1 0.992188 0.0254297 0.015625 0.0485156
1 0.950781 0.030013 0.0359375 0.036224
0 0.0229004 0.399167 0.0428711 0.0441667
1 0.976562 0.0694271 0.04375 0.0796875
1 0.939844 0.19875 0.0078125 0.02375
0 0.973437 0.1925 0.009375 0.0175
1 0.971094 0.131979 0.0078125 0.0229167
1 0.946875 0.131458 0.0140625 0.03
1 0.903906 0.4525 0.0078125 0.0216667
1 0.920313 0.00726563 0.0125 0.0142188
0 0.992188 0.0254297 0.015625 0.0485156
0 0.950781 0.030013 0.0359375 0.036224
0 0.992969 0.101042 0.0125 0.0291667
0 0.564062 0.919167 0.0117188 0.0183333
0 0.940625 0.195 0.009375 0.0275
1 0.185498 0.467917 0.0368164 0.0341667
0 0.185498 0.467917 0.0368164 0.0341667
1 0.978906 0.0645833 0.034375 0.0408333
1 0.985937 0.0623438 0.025 0.0403125
1 0.979688 0.0244271 0.015625 0.0310417
0 0.978125 0.0663542 0.034375 0.0416667
1 0.960938 0.0210677 0.05625 0.0421354
1 0.693359 0.9675 0.00625 0.0166667
0 0.976562 0.061875 0.040625 0.0404167
0 0.960938 0.0210677 0.05625 0.0421354
1 0.190625 0.465417 0.0363281 0.0333333
1 0.946875 0.0358333 0.03125 0.045625
0 0.985937 0.0623438 0.025 0.0403125
1 0.945312 0.0377083 0.028125 0.0297917
0 0.965625 0.0461979 0.065625 0.0559375
1 0.996094 0.00570313 0.0078125 0.0114063
0 0.979688 0.0244271 0.015625 0.0310417
1 0.951563 0.0535417 0.021875 0.0295833
0 0.945312 0.0377083 0.028125 0.0297917
0 0.946875 0.0358333 0.03125 0.045625
1 0.965625 0.0461979 0.065625 0.0559375
1 0.984375 0.0932292 0.0265625 0.0345833
0 0.951563 0.0535417 0.021875 0.0295833
1 0.992969 0.0739583 0.0125 0.0504167
1 0.948438 0.0448958 0.028125 0.0414583
0 0.984375 0.0932292 0.0265625 0.0345833
0 0.948438 0.0448958 0.028125 0.0414583
0 0.945312 0.0164583 0.028125 0.0329167
1 0.973437 0.191667 0.009375 0.0191667
1 0.492188 0.675833 0.0078125 0.0116667
0 0.976562 0.07 0.04375 0.0745833
1 0.890625 0.0809375 0.0078125 0.019375
0 0.190625 0.465417 0.0363281 0.0333333
1 0.992969 0.101667 0.0125 0.0283333
1 0.945312 0.0164583 0.028125 0.0329167
0 0.996094 0.00570313 0.0078125 0.0114063
0 0.992969 0.0739583 0.0125 0.0504167
1 0.976562 0.07 0.04375 0.0745833
1 0.940625 0.195417 0.009375 0.0291667
3 0.9625 0.0208854 0.05625 0.0411458
1 0.91875 0.00666667 0.0125 0.0133333
1 0.992188 0.0227604 0.0125 0.0440625
1 0.950781 0.027487 0.0375 0.0316927
0 0.693359 0.9675 0.00625 0.0166667
1 0.946875 0.130208 0.015625 0.026875
1 0.745313 0.00927083 0.00625 0.018125
1 0.564062 0.92 0.0117188 0.02
1 0.971094 0.1325 0.0078125 0.0225
0 0.950781 0.027487 0.0375 0.0316927
0 0.939062 0.0136719 0.025 0.0273438
1 0.185742 0.4675 0.0375 0.035
0 0.185742 0.4675 0.0375 0.035
1 0.969531 0.0233854 0.034375 0.0359375
0 0.978906 0.0697396 0.0359375 0.0496875
1 0.986719 0.0640625 0.0234375 0.0439583
1 0.978906 0.0697396 0.0359375 0.0496875
0 0.959375 0.0235417 0.059375 0.0470833
0 0.965625 0.0447396 0.06875 0.0726042
0 0.970312 0.0649479 0.053125 0.0542708
1 0.984375 0.0741927 0.028125 0.0586979
1 0.959375 0.0235417 0.059375 0.0470833
0 0.969531 0.0233854 0.034375 0.0359375
0 0.986719 0.0640625 0.0234375 0.0439583
1 0.996094 0.00632813 0.0078125 0.0126563
0 0.984375 0.0741927 0.028125 0.0586979
0 0.964063 0.0385938 0.065625 0.0488542
1 0.965625 0.0447396 0.06875 0.0726042
0 0.946094 0.0348828 0.0296875 0.036901
1 0.970312 0.0649479 0.053125 0.0542708
0 0.978125 0.0707292 0.040625 0.0741667
1 0.953125 0.0541667 0.01875 0.030625
0 0.953125 0.0541667 0.01875 0.030625
1 0.692969 0.9675 0.00625 0.0166667
1 0.964063 0.0385938 0.065625 0.0488542
1 0.978125 0.0707292 0.040625 0.0741667
0 0.996094 0.00632813 0.0078125 0.0126563
1 0.946094 0.0348828 0.0296875 0.036901
1 0.973437 0.1925 0.009375 0.0183333
0 0.948438 0.0443229 0.0296875 0.045625
0 0.945312 0.0209896 0.028125 0.0405208
1 0.890625 0.0814583 0.0078125 0.0177083
1 0.939844 0.199583 0.009375 0.025
1 0.992969 0.099375 0.0125 0.0329167
1 0.940625 0.196667 0.009375 0.0275
1 0.492188 0.675833 0.0078125 0.0133333
1 0.948438 0.0443229 0.0296875 0.045625
3 0.960938 0.0241667 0.059375 0.0458333
0 0.992969 0.0265104 0.0125 0.0503125
1 0.992969 0.0265104 0.0125 0.0503125
1 0.746094 0.00890625 0.00625 0.0175
1 0.98125 0.0817708 0.0375 0.0697917
1 0.971875 0.132604 0.009375 0.0227083
1 0.949219 0.131042 0.0125 0.0295833
0 0.95625 0.0255729 0.0453125 0.0365625
0 0.98125 0.0817708 0.0375 0.0697917
0 0.947656 0.0381771 0.0390625 0.0569792
1 0.920313 0.00661458 0.0125 0.0120833
1 0.185937 0.4675 0.0382813 0.035
0 0.185937 0.4675 0.0382813 0.035
1 0.979688 0.0640625 0.034375 0.0425
1 0.984375 0.0622396 0.0265625 0.0417708
1 0.976562 0.0248828 0.01875 0.0321094
0 0.978906 0.0669271 0.0359375 0.0467708
1 0.975 0.0621875 0.0453125 0.0475
0 0.975 0.0621875 0.0453125 0.0475
1 0.959375 0.0236458 0.059375 0.0472917
0 0.984375 0.0622396 0.0265625 0.0417708
0 0.964844 0.0484896 0.06875 0.0730208
1 0.964844 0.0484896 0.06875 0.0730208
0 0.959375 0.0236458 0.059375 0.0472917
1 0.985937 0.0707292 0.025 0.0533333
1 0.982813 0.0823177 0.0296875 0.0545313
0 0.976562 0.0248828 0.01875 0.0321094
1 0.996094 0.00549479 0.0078125 0.0109896
1 0.946875 0.0359245 0.03125 0.0352344
0 0.946875 0.0359245 0.03125 0.0352344
1 0.957031 0.031875 0.053125 0.0583333
0 0.982813 0.0823177 0.0296875 0.0545313
0 0.957031 0.031875 0.053125 0.0583333
1 0.953125 0.0521354 0.025 0.0341667
1 0.939844 0.199583 0.009375 0.025
1 0.95 0.0428255 0.034375 0.049349
0 0.985937 0.0707292 0.025 0.0533333
0 0.953125 0.0521354 0.025 0.0341667
1 0.693359 0.9675 0.00546875 0.015
1 0.890625 0.0816927 0.0078125 0.0186979
1 0.945312 0.0296354 0.03125 0.0405208
0 0.95 0.0428255 0.034375 0.049349
1 0.973437 0.192292 0.0109375 0.0183333
0 0.945312 0.0296354 0.03125 0.0405208
1 0.746094 0.00934896 0.00625 0.0186979
3 0.960938 0.0233464 0.05625 0.044974
0 0.973437 0.0657292 0.05 0.0845833
1 0.492188 0.675833 0.00703125 0.0133333
1 0.973437 0.0657292 0.05 0.0845833
0 0.945312 0.0191146 0.028125 0.0382292
0 0.996094 0.00549479 0.0078125 0.0109896
1 0.940625 0.196667 0.009375 0.0283333
1 0.992188 0.100313 0.0125 0.0314583
1 0.945312 0.0191146 0.028125 0.0382292
1 0.992188 0.0256771 0.0125 0.0442708
1 0.756641 0.0101042 0.00703125 0.0202083
1 0.532812 0.0101823 0.0078125 0.0203646
2 0.979688 0.0640625 0.034375 0.0425
1 0.982813 0.0829167 0.034375 0.0679167
1 0.954687 0.0254687 0.0421875 0.0345833
2 0.975 0.0621875 0.0453125 0.0475
1 0.919531 0.00617188 0.0125 0.0123438
1 0.185742 0.4675 0.0382813 0.0366667
1 0.979688 0.0644271 0.034375 0.0415625
0 0.185742 0.4675 0.0382813 0.0366667
1 0.984375 0.0620833 0.0265625 0.0404167
1 0.978906 0.0244922 0.015625 0.030599
0 0.979688 0.0644271 0.034375 0.0415625
1 0.985937 0.093125 0.021875 0.0354167
1 0.960938 0.0223437 0.05625 0.0442708
0 0.984375 0.0620833 0.0265625 0.0404167
1 0.965625 0.051875 0.065625 0.0564583
0 0.965625 0.051875 0.065625 0.0564583
0 0.960938 0.0223437 0.05625 0.0442708
0 0.978906 0.0244922 0.015625 0.030599
1 0.989062 0.0716667 0.01875 0.0514583
1 0.946875 0.0383854 0.03125 0.0326042
0 0.946875 0.0383854 0.03125 0.0326042
1 0.996094 0.00523438 0.0078125 0.0104688
0 0.985937 0.093125 0.021875 0.0354167
1 0.959375 0.0390104 0.05625 0.0403125
0 0.959375 0.0390104 0.05625 0.0403125
1 0.95 0.0376042 0.0375 0.0516667
1 0.953125 0.0519792 0.025 0.0335417
0 0.953125 0.0519792 0.025 0.0335417
0 0.95 0.0376042 0.0375 0.0516667
1 0.95 0.045 0.03125 0.044375
0 0.95 0.045 0.03125 0.044375
1 0.890625 0.0815625 0.0078125 0.0195833
1 0.939844 0.19875 0.009375 0.025
1 0.693359 0.9675 0.00546875 0.015
1 0.973437 0.1925 0.0109375 0.0183333
0 0.945312 0.0319271 0.03125 0.0361458
1 0.945312 0.0319271 0.03125 0.0361458
0 0.989062 0.0716667 0.01875 0.0514583
1 0.976562 0.0704167 0.04375 0.0745833
0 0.976562 0.0704167 0.04375 0.0745833
0 0.94375 0.0161979 0.025 0.0323958
1 0.992969 0.100938 0.0125 0.03
1 0.492188 0.675833 0.00703125 0.0125
0 0.996094 0.00523438 0.0078125 0.0104688
3 0.9625 0.0216146 0.053125 0.0403125
1 0.564844 0.919167 0.009375 0.0166667
1 0.94375 0.0161979 0.025 0.0323958
2 0.979688 0.0644271 0.034375 0.0415625
1 0.561719 0.916667 0.0125 0.0166667
1 0.992188 0.02375 0.0125 0.0413542
1 0.982813 0.085 0.0328125 0.0629167
1 0.746094 0.00921875 0.00625 0.0183333
0 0.564844 0.919167 0.009375 0.0166667
1 0.953125 0.0275 0.04375 0.0334375
0 0.953125 0.0275 0.04375 0.0334375
1 0.185889 0.4675 0.0383789 0.035
1 0.979688 0.064375 0.034375 0.0414583
0 0.185889 0.4675 0.0383789 0.035
1 0.984375 0.0613021 0.0265625 0.0398958
1 0.978125 0.0232813 0.01875 0.0320833
0 0.979688 0.064375 0.034375 0.0414583
1 0.960938 0.0214844 0.05625 0.0429688
0 0.966406 0.0525 0.0640625 0.0529167
0 0.984375 0.0613021 0.0265625 0.0398958
0 0.960938 0.0214844 0.05625 0.0429688
1 0.966406 0.0525 0.0640625 0.0529167
1 0.985937 0.0904167 0.025 0.0385417
0 0.978125 0.0232813 0.01875 0.0320833
0 0.946875 0.0382292 0.03125 0.0320833
1 0.989062 0.0717188 0.01875 0.0515625
1 0.946875 0.0382292 0.03125 0.0320833
1 0.996094 0.00516927 0.0078125 0.0103385
1 0.95 0.0383854 0.0375 0.049375
1 0.953125 0.0522917 0.025 0.03375
0 0.95 0.0383854 0.0375 0.049375
0 0.953125 0.0522917 0.025 0.03375
1 0.890625 0.0814583 0.0078125 0.0191667
0 0.985937 0.0904167 0.025 0.0385417
1 0.95 0.0452604 0.0328125 0.04375
0 0.945312 0.0324089 0.028125 0.034349
0 0.95 0.0452604 0.0328125 0.04375
1 0.939844 0.198542 0.009375 0.0245833
1 0.973437 0.1925 0.009375 0.0183333
1 0.945312 0.0324089 0.028125 0.034349
1 0.69375 0.966667 0.00546875 0.0166667
0 0.946094 0.0158073 0.028125 0.0316146
0 0.989062 0.0717188 0.01875 0.0515625
3 0.9625 0.0210938 0.053125 0.0394792
0 0.976562 0.0709896 0.04375 0.0726042
1 0.976562 0.0709896 0.04375 0.0726042
1 0.564844 0.918333 0.0109375 0.0166667
0 0.996094 0.00516927 0.0078125 0.0103385
1 0.946094 0.0158073 0.028125 0.0316146
1 0.992969 0.100833 0.0125 0.03
1 0.991406 0.0233333 0.0140625 0.0416667
1 0.492188 0.675833 0.0078125 0.0116667
0 0.564844 0.918333 0.0109375 0.0166667
0 0.954687 0.0265755 0.04375 0.0333073
2 0.979688 0.064375 0.034375 0.0414583
1 0.561719 0.916667 0.0125 0.0166667
3 0.979688 0.064375 0.034375 0.0414583
1 0.811719 0.883333 0.0703125 0.0633333
1 0.982813 0.085026 0.0328125 0.0632813
1 0.746094 0.00888021 0.00625 0.0177604
1 0.845312 0.413333 0.009375 0.02
1 0.920313 0.00598958 0.0125 0.0119792
1 0.185889 0.4675 0.0383789 0.035
1 0.979688 0.0644792 0.034375 0.0416667
0 0.185889 0.4675 0.0383789 0.035
0 0.979688 0.0644792 0.034375 0.0416667
1 0.974219 0.0229167 0.0265625 0.033125
1 0.961719 0.0217187 0.0546875 0.0425
0 0.961719 0.0217187 0.0546875 0.0425
0 0.965625 0.0508854 0.065625 0.0523958
0 0.974219 0.0229167 0.0265625 0.033125
1 0.965625 0.0508854 0.065625 0.0523958
1 0.984375 0.0713542 0.028125 0.0522917
1 0.984375 0.0860417 0.028125 0.0458333
0 0.946875 0.0383854 0.03125 0.0317708
1 0.946875 0.0383854 0.03125 0.0317708
1 0.996094 0.00528646 0.0078125 0.0105729
1 0.950781 0.0385417 0.0390625 0.0479167
1 0.953125 0.0523437 0.025 0.0334375
0 0.950781 0.0385417 0.0390625 0.0479167
1 0.890625 0.0816406 0.0078125 0.0192188
0 0.984375 0.0860417 0.028125 0.0458333
0 0.953125 0.0523437 0.025 0.0334375
0 0.945312 0.0333333 0.028125 0.0335417
1 0.95 0.045 0.03125 0.0427083
0 0.95 0.045 0.03125 0.0427083
0 0.984375 0.0713542 0.028125 0.0522917
1 0.939844 0.198125 0.009375 0.025
1 0.973437 0.1925 0.009375 0.0183333
1 0.945312 0.0333333 0.028125 0.0335417
0 0.946875 0.015 0.03125 0.03
0 0.978125 0.0711458 0.040625 0.071875
1 0.69375 0.966667 0.00546875 0.0166667
1 0.978125 0.0711458 0.040625 0.071875
3 0.963281 0.0209375 0.0515625 0.0388542
2 0.979688 0.0644792 0.034375 0.0416667
1 0.946875 0.015 0.03125 0.03
0 0.996094 0.00528646 0.0078125 0.0105729
1 0.990625 0.0235937 0.015625 0.0420833
1 0.492188 0.675833 0.0078125 0.0133333
0 0.954687 0.0267708 0.046875 0.0336458
1 0.992969 0.100521 0.0125 0.0310417
1 0.746094 0.00872396 0.00625 0.0174479
1 0.564062 0.919167 0.0109375 0.0183333
3 0.979688 0.0644792 0.034375 0.0416667
1 0.920313 0.00604167 0.0125 0.0120833
1 0.982813 0.0848177 0.0328125 0.0636979
1 0.845312 0.41375 0.009375 0.02
1 0.757031 0.0103646 0.00625 0.0202083
0 0.564062 0.919167 0.0109375 0.0183333
1 0.810938 0.883333 0.0734375 0.0633333
0 0.973437 0.1925 0.009375 0.0183333
1 0.954687 0.0267708 0.046875 0.0336458
1 0.185742 0.467917 0.0386719 0.0358333
1 0.979688 0.0648438 0.034375 0.0421875
0 0.185742 0.467917 0.0386719 0.0358333
0 0.979688 0.0648438 0.034375 0.0421875
1 0.975 0.0232292 0.021875 0.0326042
0 0.960938 0.0221875 0.05625 0.0429167
1 0.960938 0.0221875 0.05625 0.0429167
0 0.965625 0.0495313 0.065625 0.0559375
1 0.984375 0.0715104 0.028125 0.0521875
0 0.975 0.0232292 0.021875 0.0326042
1 0.983594 0.0846094 0.0296875 0.0478646
0 0.946875 0.0388542 0.03125 0.0325
1 0.996484 0.00510417 0.00703125 0.0102083
1 0.965625 0.0495313 0.065625 0.0559375
0 0.953906 0.03875 0.0453125 0.03625
1 0.946875 0.0388542 0.03125 0.0325
1 0.953906 0.03875 0.0453125 0.03625
1 0.890625 0.0816667 0.0078125 0.0189583
1 0.953125 0.0520833 0.025 0.0339583
0 0.983594 0.0846094 0.0296875 0.0478646
0 0.953125 0.0520833 0.025 0.0339583
0 0.984375 0.0715104 0.028125 0.0521875
1 0.939844 0.198333 0.009375 0.025
0 0.945312 0.03375 0.03125 0.0341667
0 0.95 0.0446875 0.03125 0.0427083
1 0.973437 0.192083 0.009375 0.0183333
1 0.95 0.0446875 0.03125 0.0427083
0 0.947656 0.0145313 0.03125 0.0290625
0 0.978125 0.0713021 0.040625 0.0707292
1 0.69375 0.966667 0.00625 0.015
1 0.945312 0.03375 0.03125 0.0341667
3 0.964063 0.0180729 0.0515625 0.0344792
1 0.978125 0.0713021 0.040625 0.0707292
2 0.979688 0.0648438 0.034375 0.0421875
0 0.996484 0.00510417 0.00703125 0.0102083
1 0.492188 0.675833 0.0078125 0.0133333
1 0.746094 0.00872396 0.00625 0.0174479
3 0.979688 0.0648438 0.034375 0.0421875
0 0.955469 0.0266797 0.046875 0.0339323
1 0.992969 0.100417 0.0125 0.0308333
1 0.947656 0.0145313 0.03125 0.0290625
1 0.564453 0.918333 0.0109375 0.0166667
1 0.990625 0.0242708 0.015625 0.0429167
1 0.920313 0.00588542 0.0125 0.0117708
1 0.845312 0.413333 0.009375 0.02
0 0.564453 0.918333 0.0109375 0.0166667
1 0.757031 0.0104167 0.00625 0.0203125
0 0.948438 0.0407292 0.040625 0.0504167
0 0.973437 0.192083 0.009375 0.0183333
0 0.920313 0.00588542 0.0125 0.0117708
1 0.982813 0.0847917 0.0328125 0.0633333
0 0.940625 0.19625 0.009375 0.0283333
1 0.561719 0.9175 0.0132813 0.0166667
0 0.944531 0.173333 0.0109375 0.03125
1 0.185742 0.467917 0.0386719 0.0358333
1 0.979688 0.0648958 0.034375 0.0420833
0 0.185742 0.467917 0.0386719 0.0358333
0 0.979688 0.0648958 0.034375 0.0420833
1 0.976562 0.0235417 0.0203125 0.031875
0 0.965625 0.0481771 0.065625 0.0544792
0 0.960938 0.0224089 0.05625 0.0433073
1 0.985937 0.0713542 0.028125 0.05125
0 0.946875 0.0389583 0.03125 0.0329167
1 0.960938 0.0224089 0.05625 0.0433073
0 0.976562 0.0235417 0.0203125 0.031875
1 0.984375 0.0878906 0.028125 0.0417188
0 0.953125 0.0388021 0.04375 0.0369792
1 0.996484 0.00502604 0.00703125 0.0100521
0 0.964063 0.0178646 0.05 0.0340625
1 0.965625 0.0481771 0.065625 0.0544792
1 0.953125 0.0520833 0.025 0.0335417
1 0.946875 0.0389583 0.03125 0.0329167
1 0.890625 0.0816406 0.0078125 0.0188021
1 0.953125 0.0388021 0.04375 0.0369792
0 0.953125 0.0520833 0.025 0.0335417
0 0.984375 0.0878906 0.028125 0.0417188
0 0.945312 0.0338021 0.03125 0.0345833
1 0.939844 0.197917 0.009375 0.025
0 0.985937 0.0713542 0.028125 0.05125
0 0.95 0.0445833 0.03125 0.0427083
1 0.973437 0.192083 0.009375 0.0183333
1 0.95 0.0445833 0.03125 0.0427083
0 0.946875 0.0145573 0.03125 0.0291146
1 0.964063 0.0178646 0.05 0.0340625
0 0.978125 0.0726042 0.040625 0.0679167
1 0.945312 0.0338021 0.03125 0.0345833
1 0.69375 0.966667 0.00625 0.015
3 0.964063 0.0178646 0.05 0.0340625
1 0.978125 0.0726042 0.040625 0.0679167
3 0.979688 0.0648958 0.034375 0.0420833
2 0.979688 0.0648958 0.034375 0.0420833
0 0.954687 0.028125 0.046875 0.0352083
0 0.996484 0.00502604 0.00703125 0.0100521
1 0.492188 0.675833 0.0078125 0.0133333
1 0.746094 0.00872396 0.00625 0.0174479
1 0.920313 0.00580729 0.0125 0.0116146
1 0.992969 0.100417 0.0125 0.0304167
0 0.920313 0.00580729 0.0125 0.0116146
0 0.948438 0.040638 0.040625 0.0503906
1 0.990625 0.0247005 0.015625 0.0433073
1 0.757031 0.0103646 0.00625 0.0203125
1 0.845312 0.413333 0.009375 0.02
1 0.946875 0.0145573 0.03125 0.0291146
0 0.973437 0.192083 0.009375 0.0183333
0 0.940625 0.19625 0.009375 0.0291667
3 0.951563 0.0383333 0.040625 0.0497917
0 0.564453 0.919167 0.0109375 0.0183333
1 0.564453 0.919167 0.0109375 0.0183333
3 0.960938 0.0224089 0.05625 0.0433073
0 0.944531 0.174167 0.0109375 0.0325
1 0.982813 0.0857292 0.03125 0.0614583
1 0.185742 0.4675 0.0386719 0.035
1 0.979688 0.065 0.034375 0.0420833
0 0.185742 0.4675 0.0386719 0.035
0 0.979688 0.065 0.034375 0.0420833
1 0.976562 0.0235547 0.01875 0.031849
0 0.965625 0.0480208 0.065625 0.0552083
0 0.960938 0.0226563 0.05625 0.0438542
1 0.985156 0.0713021 0.028125 0.0511458
0 0.946875 0.0389583 0.03125 0.0329167
0 0.976562 0.0235547 0.01875 0.031849
0 0.954687 0.0388542 0.046875 0.0375
1 0.960938 0.0226563 0.05625 0.0438542
1 0.984375 0.088125 0.028125 0.04125
1 0.996484 0.00497396 0.00703125 0.00994792
0 0.964063 0.0179427 0.0515625 0.0341146
1 0.953125 0.0523437 0.025 0.0336458
1 0.965625 0.0480208 0.065625 0.0552083
1 0.890625 0.0816667 0.0078125 0.01875
0 0.984375 0.088125 0.028125 0.04125
0 0.953125 0.0523437 0.025 0.0336458
1 0.946875 0.0389583 0.03125 0.0329167
1 0.954687 0.0388542 0.046875 0.0375
0 0.945312 0.0338672 0.03125 0.0345573
1 0.939844 0.197917 0.009375 0.0254167
0 0.985156 0.0713021 0.028125 0.0511458
0 0.95 0.0445833 0.0328125 0.0426042
0 0.946875 0.0145052 0.03125 0.0290104
1 0.973437 0.192083 0.009375 0.0183333
1 0.95 0.0445833 0.0328125 0.0426042
1 0.964063 0.0179427 0.0515625 0.0341146
0 0.978125 0.0727604 0.040625 0.0673958
1 0.69375 0.966667 0.00625 0.015
3 0.964063 0.0179427 0.0515625 0.0341146
0 0.955469 0.0279687 0.046875 0.0355208
1 0.945312 0.0338672 0.03125 0.0345573
3 0.979688 0.065 0.034375 0.0420833
1 0.978125 0.0727604 0.040625 0.0673958
1 0.492188 0.675417 0.0078125 0.0125
0 0.996484 0.00497396 0.00703125 0.00994792
2 0.979688 0.065 0.034375 0.0420833
1 0.746094 0.00877604 0.00625 0.0175521
1 0.920313 0.00583333 0.0125 0.0116667
0 0.920313 0.00583333 0.0125 0.0116667
0 0.948438 0.0405208 0.040625 0.0503125
1 0.992969 0.100417 0.0125 0.030625
1 0.845312 0.413333 0.009375 0.02
1 0.757031 0.0103646 0.00625 0.0203125
0 0.973437 0.192083 0.009375 0.0183333
1 0.990625 0.0248047 0.015625 0.0441406
3 0.960938 0.0226563 0.05625 0.0438542
3 0.953125 0.038112 0.04375 0.0504427
0 0.940625 0.19625 0.009375 0.0291667
1 0.946875 0.0145052 0.03125 0.0290104
0 0.944531 0.174375 0.0109375 0.0325
0 0.564062 0.92 0.0109375 0.0166667
1 0.564062 0.92 0.0109375 0.0166667
1 0.185742 0.4675 0.0390625 0.035
0 0.185742 0.4675 0.0390625 0.035
0 0.979688 0.0652083 0.034375 0.0422917
1 0.979688 0.0652083 0.034375 0.0422917
1 0.978125 0.0239453 0.0171875 0.031276
0 0.965625 0.0480729 0.065625 0.0563542
0 0.960938 0.0229688 0.05625 0.0447917
1 0.985937 0.0710417 0.028125 0.0504167
0 0.95625 0.0391146 0.05 0.0390625
0 0.947656 0.0389063 0.0328125 0.0336458
0 0.978125 0.0239453 0.0171875 0.031276
1 0.985156 0.0889323 0.0265625 0.0396354
1 0.996484 0.005 0.00703125 0.01
0 0.964063 0.0180469 0.0515625 0.0343229
1 0.960938 0.0229688 0.05625 0.0447917
0 0.985156 0.0889323 0.0265625 0.0396354
1 0.953125 0.0524479 0.025 0.0340625
0 0.953125 0.0524479 0.025 0.0340625
1 0.890625 0.0817708 0.0078125 0.0189583
0 0.953125 0.0377083 0.04375 0.0520833
0 0.985937 0.0710417 0.028125 0.0504167
1 0.965625 0.0480729 0.065625 0.0563542
0 0.946094 0.03375 0.03125 0.0353125
0 0.95 0.0444792 0.0328125 0.0432292
1 0.939844 0.197708 0.009375 0.0258333
1 0.947656 0.0389063 0.0328125 0.0336458
1 0.95625 0.0391146 0.05 0.0390625
0 0.947656 0.015 0.03125 0.03
1 0.953125 0.0377083 0.04375 0.0520833
1 0.973437 0.1925 0.009375 0.0183333
1 0.95 0.0444792 0.0328125 0.0432292
0 0.978125 0.0729688 0.0390625 0.0667708
0 0.955469 0.0281771 0.046875 0.0363542
1 0.964063 0.0180469 0.0515625 0.0343229
1 0.69375 0.966667 0.00625 0.0133333
3 0.979688 0.0652083 0.034375 0.0422917
1 0.492188 0.675833 0.0078125 0.0133333
1 0.946094 0.03375 0.03125 0.0353125
1 0.978125 0.0729688 0.0390625 0.0667708
3 0.964063 0.0180469 0.0515625 0.0343229
0 0.996484 0.005 0.00703125 0.01
1 0.746094 0.00890625 0.00625 0.0177083
2 0.979688 0.0652083 0.034375 0.0422917
1 0.920313 0.00597656 0.0125 0.0119531
0 0.920313 0.00597656 0.0125 0.0119531
1 0.992969 0.100417 0.0125 0.0308333
1 0.757031 0.0104688 0.00625 0.0203125
1 0.990625 0.0254167 0.015625 0.0448958
1 0.845312 0.413333 0.009375 0.02
0 0.973437 0.1925 0.009375 0.0183333
1 0.185498 0.4675 0.0391602 0.0358333
0 0.979688 0.0653125 0.034375 0.0427083
0 0.185498 0.4675 0.0391602 0.0358333
1 0.979688 0.0653125 0.034375 0.0427083
1 0.976562 0.0236589 0.01875 0.031849
0 0.965625 0.0480078 0.065625 0.0579427
0 0.960938 0.0232292 0.05625 0.0455208
1 0.984375 0.0708333 0.028125 0.0504167
0 0.959375 0.0394271 0.05625 0.0415625
0 0.976562 0.0236589 0.01875 0.031849
0 0.948438 0.0391146 0.034375 0.0346875
1 0.984375 0.0883333 0.028125 0.040625
1 0.996484 0.005 0.00703125 0.01
1 0.960938 0.0232292 0.05625 0.0455208
0 0.984375 0.0883333 0.028125 0.040625
0 0.984375 0.0708333 0.028125 0.0504167
1 0.953125 0.0523958 0.0265625 0.0345833
0 0.953125 0.0523958 0.0265625 0.0345833
1 0.890625 0.081875 0.0078125 0.0189583
0 0.954687 0.036875 0.05 0.0546875
0 0.946875 0.0335938 0.03125 0.0364583
1 0.965625 0.0480078 0.065625 0.0579427
1 0.939844 0.1975 0.009375 0.0258333
0 0.948438 0.0153906 0.034375 0.0307813
1 0.948438 0.0391146 0.034375 0.0346875
1 0.959375 0.0394271 0.05625 0.0415625
1 0.973437 0.1925 0.009375 0.0183333
1 0.954687 0.036875 0.05 0.0546875
0 0.978125 0.0729167 0.0390625 0.0666667
0 0.95625 0.0279687 0.046875 0.0369792
1 0.69375 0.966667 0.00625 0.015
3 0.979688 0.0653125 0.034375 0.0427083
1 0.978125 0.0729167 0.0390625 0.0666667
1 0.492188 0.675833 0.0078125 0.0133333
1 0.946875 0.0335938 0.03125 0.0364583
0 0.996484 0.005 0.00703125 0.01
3 0.963281 0.0185417 0.053125 0.0352083
0 0.948438 0.0399089 0.040625 0.051849
2 0.979688 0.0653125 0.034375 0.0427083
1 0.920313 0.00604167 0.0125 0.0120833
1 0.992969 0.100208 0.0125 0.03125
1 0.746094 0.00895833 0.00625 0.0177083
0 0.920313 0.00604167 0.0125 0.0120833
1 0.990625 0.025625 0.015625 0.0460417
1 0.185498 0.4675 0.0391602 0.035
0 0.979688 0.0652604 0.034375 0.0428125
0 0.185498 0.4675 0.0391602 0.035
1 0.979688 0.0652604 0.034375 0.0428125
1 0.975 0.0234896 0.0234375 0.0325
0 0.965625 0.046888 0.065625 0.0591406
0 0.960156 0.0236458 0.0578125 0.04625
0 0.960938 0.0395312 0.059375 0.04375
1 0.984375 0.0707292 0.028125 0.0504167
0 0.975 0.0234896 0.0234375 0.0325
0 0.948438 0.0392708 0.034375 0.035625
1 0.996484 0.00507812 0.00703125 0.0101562
1 0.984375 0.0883073 0.0265625 0.0404687
0 0.984375 0.0883073 0.0265625 0.0404687
0 0.984375 0.0707292 0.028125 0.0504167
1 0.960156 0.0236458 0.0578125 0.04625
1 0.953125 0.0522917 0.0265625 0.0347917
0 0.953125 0.0522917 0.0265625 0.0347917
0 0.95625 0.0360937 0.053125 0.056875
0 0.95 0.0161198 0.0375 0.0321354
0 0.946875 0.0333464 0.034375 0.037474
1 0.890625 0.0821094 0.0078125 0.0191146
1 0.939844 0.1975 0.009375 0.0258333
1 0.965625 0.046888 0.065625 0.0591406
1 0.948438 0.0392708 0.034375 0.035625
1 0.960938 0.0395312 0.059375 0.04375
1 0.973437 0.192708 0.009375 0.0183333
0 0.95625 0.0282812 0.0484375 0.0384375
0 0.978125 0.0727083 0.0390625 0.0670833
1 0.95625 0.0360937 0.053125 0.056875
1 0.69375 0.966667 0.00625 0.0133333
0 0.948438 0.0395312 0.040625 0.0526042
3 0.979688 0.0652604 0.034375 0.0428125
1 0.978125 0.0727083 0.0390625 0.0670833
1 0.492188 0.675833 0.0078125 0.0133333
0 0.996484 0.00507812 0.00703125 0.0101562
1 0.946875 0.0333464 0.034375 0.037474
3 0.9625 0.0192708 0.05625 0.0366667
1 0.920313 0.00614583 0.0125 0.0122917
1 0.992969 0.1 0.0125 0.0314583
1 0.746094 0.00919271 0.00625 0.0178125
2 0.979688 0.0652604 0.034375 0.0428125
0 0.920313 0.00614583 0.0125 0.0122917
1 0.185547 0.4675 0.0394531 0.035
0 0.979688 0.0653125 0.034375 0.043125
0 0.185547 0.4675 0.0394531 0.035
1 0.982813 0.0633333 0.03125 0.0416667
1 0.973437 0.0234505 0.0265625 0.0328906
1 0.979688 0.0703646 0.034375 0.0498958
0 0.960156 0.0241146 0.0578125 0.0471875
0 0.964844 0.0456771 0.0671875 0.0594792
0 0.960938 0.0392708 0.059375 0.0447917
0 0.973437 0.0234505 0.0265625 0.0328906
0 0.949219 0.0391146 0.0359375 0.0365625
1 0.996094 0.00515625 0.0078125 0.0103125
1 0.983594 0.0871875 0.028125 0.0427083
0 0.983594 0.0871875 0.028125 0.0427083
0 0.984375 0.0707292 0.028125 0.050625
0 0.953125 0.051875 0.028125 0.0352083
1 0.953125 0.051875 0.028125 0.0352083
0 0.950781 0.0167188 0.0375 0.0330208
0 0.957031 0.035625 0.053125 0.0580208
1 0.960156 0.0241146 0.0578125 0.0471875
0 0.947656 0.0332292 0.034375 0.0383333
1 0.890625 0.0820573 0.0078125 0.0192188
1 0.939844 0.1975 0.009375 0.0266667
1 0.964844 0.0456771 0.0671875 0.0594792
0 0.95625 0.0288411 0.05 0.040026
1 0.949219 0.0391146 0.0359375 0.0365625
1 0.973437 0.192917 0.009375 0.0183333
1 0.960938 0.0392708 0.059375 0.0447917
0 0.978125 0.0723958 0.040625 0.0677083
1 0.957031 0.035625 0.053125 0.0580208
0 0.948438 0.0392708 0.040625 0.0530208
1 0.69375 0.966667 0.00625 0.0133333
1 0.978125 0.0723958 0.040625 0.0677083
3 0.979688 0.0653125 0.034375 0.043125
1 0.492188 0.675417 0.0078125 0.0133333
1 0.920313 0.00630208 0.0125 0.0123958
0 0.996094 0.00515625 0.0078125 0.0103125
1 0.947656 0.0332292 0.034375 0.0383333
1 0.992969 0.0997917 0.0125 0.0316667
1 0.99375 0.423333 0.009375 0.0233333
3 0.9625 0.0196615 0.05625 0.0372396
1 0.185498 0.4675 0.0391602 0.035
0 0.979688 0.0653125 0.034375 0.043125
0 0.185498 0.4675 0.0391602 0.035
1 0.982813 0.0633333 0.03125 0.0416667
1 0.973437 0.0234896 0.025 0.0326042
1 0.978906 0.0704167 0.034375 0.0497917
0 0.960156 0.024362 0.059375 0.0479427
0 0.964844 0.0455208 0.0671875 0.059375
0 0.959375 0.0390625 0.05625 0.0453125
0 0.973437 0.0234896 0.025 0.0326042
1 0.984375 0.0706771 0.028125 0.0503125
0 0.95 0.0392187 0.0375 0.0371875
1 0.996094 0.00510417 0.0078125 0.0102083
1 0.984375 0.0885417 0.028125 0.0404167
0 0.984375 0.0706771 0.028125 0.0503125
0 0.984375 0.0885417 0.028125 0.0404167
0 0.953125 0.0517708 0.028125 0.0354167
1 0.953125 0.0517708 0.028125 0.0354167
0 0.950781 0.0173438 0.0390625 0.0340625
0 0.947656 0.0330729 0.034375 0.0392708
1 0.960156 0.024362 0.059375 0.0479427
1 0.939844 0.1975 0.009375 0.0266667
1 0.890625 0.0822917 0.0078125 0.019375
0 0.955469 0.0294922 0.0484375 0.041224
1 0.973437 0.192917 0.009375 0.0183333
1 0.964844 0.0455208 0.0671875 0.059375
1 0.95 0.0392187 0.0375 0.0371875
0 0.978125 0.0728125 0.040625 0.0672917
1 0.959375 0.0390625 0.05625 0.0453125
0 0.948438 0.0390104 0.040625 0.0535417
1 0.69375 0.966667 0.00625 0.0133333
3 0.979688 0.0653125 0.034375 0.043125
1 0.920313 0.00645833 0.0125 0.0123958
1 0.978125 0.0728125 0.040625 0.0672917
1 0.492188 0.675417 0.0078125 0.0133333
1 0.99375 0.42375 0.009375 0.0225
1 0.947656 0.0330729 0.034375 0.0392708
0 0.996094 0.00510417 0.0078125 0.0102083
1 0.992969 0.0997917 0.0125 0.0320833
1 0.185498 0.4675 0.0391602 0.035
0 0.979688 0.0652083 0.034375 0.043125
0 0.185498 0.4675 0.0391602 0.035
1 0.975 0.0235417 0.025 0.0325
1 0.982813 0.0634375 0.03125 0.0416667
0 0.960156 0.0248047 0.059375 0.0489323
1 0.978906 0.0703125 0.034375 0.0497917
0 0.964063 0.0455729 0.065625 0.0580208
0 0.957812 0.03875 0.053125 0.0446875
0 0.975 0.0235417 0.025 0.0325
0 0.9625 0.0195833 0.05625 0.036875
1 0.984375 0.0705208 0.028125 0.0502083
0 0.949219 0.0391667 0.0359375 0.0372917
1 0.996094 0.00513021 0.0078125 0.0102604
0 0.984375 0.0705208 0.028125 0.0502083
0 0.983594 0.0883594 0.028125 0.0407812
1 0.983594 0.0883594 0.028125 0.0407812
0 0.953125 0.0517708 0.028125 0.035
1 0.953125 0.0517708 0.028125 0.035
0 0.947656 0.0328125 0.034375 0.0397917
0 0.949219 0.0178385 0.0359375 0.0348438
0 0.954687 0.0301953 0.046875 0.0421094
1 0.960156 0.0248047 0.059375 0.0489323
1 0.939844 0.1975 0.009375 0.02625
1 0.890625 0.082526 0.0078125 0.0195312
1 0.973437 0.193125 0.009375 0.0183333
0 0.948438 0.038737 0.040625 0.053776
0 0.978125 0.0733333 0.0375 0.0666667
1 0.964063 0.0455729 0.065625 0.0580208
1 0.949219 0.0391667 0.0359375 0.0372917
1 0.957812 0.03875 0.053125 0.0446875
1 0.69375 0.966667 0.00625 0.0133333
1 0.920313 0.00658854 0.0125 0.0124479
1 0.492188 0.675417 0.0078125 0.0133333
1 0.99375 0.42375 0.009375 0.0225
3 0.979688 0.0652083 0.034375 0.043125
1 0.9625 0.0195833 0.05625 0.036875
1 0.978125 0.0733333 0.0375 0.0666667
1 0.185498 0.4675 0.0391602 0.035
0 0.979688 0.0651042 0.034375 0.0429167
0 0.185498 0.4675 0.0391602 0.035
1 0.976562 0.0236458 0.021875 0.0321875
1 0.982813 0.0634375 0.03125 0.0416667
0 0.960156 0.0252083 0.059375 0.0497917
0 0.964063 0.045625 0.065625 0.05625
1 0.978906 0.0703125 0.034375 0.0495833
0 0.954687 0.0384896 0.046875 0.0440625
0 0.976562 0.0236458 0.021875 0.0321875
0 0.948438 0.0392708 0.034375 0.0372917
0 0.9625 0.0195312 0.05625 0.0365625
1 0.984375 0.0704167 0.028125 0.0497917
1 0.996484 0.00513021 0.00703125 0.0102604
0 0.984375 0.0704167 0.028125 0.0497917
0 0.984375 0.0890625 0.028125 0.0397917
0 0.953125 0.0516667 0.028125 0.0347917
1 0.984375 0.0890625 0.028125 0.0397917
0 0.947656 0.0328255 0.034375 0.0401823
1 0.953125 0.0516667 0.028125 0.0347917
0 0.948438 0.0186979 0.034375 0.0363542
0 0.953125 0.0309896 0.046875 0.0430208
1 0.939844 0.1975 0.009375 0.0258333
1 0.890625 0.082526 0.0078125 0.0195312
0 0.948438 0.0386979 0.040625 0.0539583
1 0.960156 0.0252083 0.059375 0.0497917
1 0.973437 0.192917 0.009375 0.0183333
0 0.978125 0.0738542 0.0375 0.06625
1 0.954687 0.0384896 0.046875 0.0440625
1 0.948438 0.0392708 0.034375 0.0372917
1 0.964063 0.045625 0.065625 0.05625
1 0.69375 0.966667 0.00625 0.0133333
1 0.920313 0.00669271 0.0125 0.0126042
1 0.99375 0.42375 0.009375 0.0225
1 0.492188 0.675417 0.0078125 0.0133333
3 0.979688 0.0651042 0.034375 0.0429167
1 0.185352 0.467083 0.0394531 0.035
0 0.979688 0.065 0.034375 0.0429167
0 0.185352 0.467083 0.0394531 0.035
1 0.976562 0.0238021 0.01875 0.0319792
0 0.960156 0.0259505 0.059375 0.0514323
0 0.963281 0.0455208 0.0640625 0.055625
1 0.982813 0.0633333 0.03125 0.0416667
0 0.954687 0.0384375 0.046875 0.0445833
1 0.978906 0.0703125 0.034375 0.0495833
0 0.976562 0.0238021 0.01875 0.0319792
0 0.948438 0.0391667 0.034375 0.0379167
0 0.9625 0.0197396 0.05625 0.0369792
0 0.984375 0.0703646 0.028125 0.0496875
1 0.996484 0.00515625 0.00703125 0.0103125
0 0.953125 0.0515625 0.028125 0.035
0 0.983594 0.0888542 0.028125 0.0404167
0 0.946875 0.0327083 0.034375 0.0409375
1 0.983594 0.0888542 0.028125 0.0404167
1 0.953125 0.0515625 0.028125 0.035
0 0.948438 0.0196354 0.034375 0.0380208
0 0.953125 0.0315755 0.046875 0.044349
0 0.948438 0.0384896 0.040625 0.0542708
1 0.939844 0.197292 0.009375 0.02625
1 0.890625 0.0826823 0.0078125 0.0196354
0 0.977344 0.0738542 0.0390625 0.0666667
1 0.960156 0.0259505 0.059375 0.0514323
1 0.973437 0.193125 0.009375 0.0183333
1 0.954687 0.0384375 0.046875 0.0445833
1 0.69375 0.9675 0.00625 0.015
1 0.963281 0.0455208 0.0640625 0.055625
1 0.948438 0.0391667 0.034375 0.0379167
1 0.920313 0.006875 0.0109375 0.0128125
1 0.99375 0.42375 0.009375 0.0225
1 0.492188 0.675 0.0078125 0.0133333
1 0.185352 0.467083 0.0394531 0.035
0 0.979688 0.0648958 0.034375 0.0427083
0 0.185352 0.467083 0.0394531 0.035
0 0.960156 0.0265495 0.059375 0.052526
0 0.9625 0.0451563 0.0625 0.0548958
1 0.976562 0.0238542 0.0203125 0.0320833
0 0.953125 0.0381771 0.0453125 0.0446875
1 0.982813 0.0633854 0.03125 0.0415625
1 0.978906 0.0702604 0.034375 0.0494792
0 0.976562 0.0238542 0.0203125 0.0320833
0 0.948438 0.0390495 0.034375 0.038151
0 0.960938 0.0201172 0.05625 0.0376823
0 0.984375 0.0703125 0.028125 0.0495833
0 0.953125 0.0515625 0.028125 0.035
1 0.996484 0.00514323 0.00703125 0.0102865
0 0.984375 0.0898177 0.028125 0.0391146
0 0.946875 0.0325521 0.034375 0.0413542
1 0.984375 0.0898177 0.028125 0.0391146
0 0.948438 0.0202995 0.034375 0.0391927
1 0.953125 0.0515625 0.028125 0.035
0 0.948438 0.0383333 0.040625 0.0544792
1 0.890625 0.0829167 0.0078125 0.0195833
1 0.939844 0.197083 0.009375 0.0258333
0 0.977344 0.0742708 0.0390625 0.06625
1 0.69375 0.9675 0.00625 0.015
1 0.973437 0.192917 0.009375 0.0183333
1 0.953125 0.0381771 0.0453125 0.0446875
1 0.960156 0.0265495 0.059375 0.052526
1 0.9625 0.0451563 0.0625 0.0548958
1 0.920313 0.00703125 0.009375 0.0130208
1 0.95 0.04375 0.034375 0.0445833
1 0.99375 0.424167 0.009375 0.0216667
1 0.492188 0.675 0.0078125 0.0133333
1 0.185352 0.467083 0.0394531 0.035
0 0.979688 0.0648958 0.034375 0.0429167
0 0.185352 0.467083 0.0394531 0.035
0 0.960156 0.0273958 0.059375 0.0542708
0 0.9625 0.0447396 0.0625 0.0548958
0 0.953125 0.038125 0.046875 0.0453125
1 0.976562 0.0239062 0.01875 0.0320833
1 0.982031 0.0634375 0.0328125 0.0416667
0 0.976562 0.0239062 0.01875 0.0320833
1 0.978906 0.0703646 0.034375 0.0494792
0 0.983594 0.0703125 0.0296875 0.0495833
0 0.949219 0.0389714 0.0359375 0.038724
0 0.953125 0.0514583 0.028125 0.0351042
1 0.996484 0.00515625 0.00703125 0.0103125
0 0.960938 0.0204687 0.05625 0.0384375
0 0.983594 0.0892708 0.028125 0.04
0 0.946875 0.0323958 0.034375 0.0420833
1 0.983594 0.0892708 0.028125 0.04
0 0.948438 0.0210938 0.034375 0.0407292
1 0.953125 0.0514583 0.028125 0.0351042
0 0.948438 0.0382161 0.040625 0.0546094
0 0.977344 0.074349 0.0390625 0.0663021
1 0.69375 0.9675 0.00625 0.015
1 0.890625 0.0830208 0.0078125 0.0195833
1 0.973437 0.193125 0.009375 0.0183333
1 0.939844 0.197083 0.009375 0.0258333
1 0.920313 0.00721354 0.009375 0.0132813
1 0.953125 0.038125 0.046875 0.0453125
1 0.99375 0.424167 0.009375 0.0216667
1 0.9625 0.0447396 0.0625 0.0548958
1 0.95 0.0436458 0.0359375 0.0447917
1 0.960156 0.0273958 0.059375 0.0542708
1 0.185352 0.467083 0.0394531 0.035
0 0.979688 0.0648958 0.034375 0.0429167
0 0.185352 0.467083 0.0394531 0.035
0 0.960156 0.0274479 0.059375 0.0542708
0 0.9625 0.0448958 0.0625 0.055
0 0.953125 0.038125 0.046875 0.0453125
1 0.976562 0.0239583 0.01875 0.0320833
1 0.982813 0.0634375 0.03125 0.0416667
0 0.976562 0.0239583 0.01875 0.0320833
1 0.978906 0.0703646 0.034375 0.0494792
0 0.984375 0.0703125 0.028125 0.0495833
0 0.949219 0.0390104 0.0359375 0.0386458
1 0.996484 0.00515625 0.00703125 0.0103125
0 0.953125 0.0514583 0.028125 0.0351042
0 0.960938 0.0204687 0.05625 0.0384375
0 0.983594 0.0892708 0.028125 0.04
0 0.946875 0.0324089 0.034375 0.0420573
1 0.983594 0.0892708 0.028125 0.04
0 0.948438 0.0210417 0.034375 0.040625
1 0.953125 0.0514583 0.028125 0.0351042
0 0.948438 0.0381771 0.040625 0.0546875
0 0.977344 0.0742708 0.0390625 0.0664583
1 0.69375 0.9675 0.00625 0.015
1 0.890625 0.0828906 0.0078125 0.0196354
1 0.973437 0.192917 0.009375 0.0183333
1 0.939844 0.197083 0.009375 0.0258333
1 0.953125 0.038125 0.046875 0.0453125
1 0.920313 0.00721354 0.009375 0.0132813
1 0.99375 0.424167 0.009375 0.0216667
1 0.9625 0.0448958 0.0625 0.055
1 0.95 0.0436458 0.0359375 0.0447917
1 0.960156 0.0274479 0.059375 0.0542708
