1 0.235938 0.614583 0.0167969 0.0361111
1 0.558594 0.969444 0.0171875 0.0430556
1 0.561328 0.970833 0.0210938 0.0527778
1 0.549219 0.9625 0.0203125 0.0388889
0 0.235156 0.612153 0.0179687 0.0388889
0 0.236328 0.614931 0.0144531 0.0354167
1 0.237109 0.614931 0.0132813 0.0319444
1 0.235938 0.6125 0.0167969 0.0375
0 0.237109 0.614931 0.0132813 0.0319444
0 0.235938 0.6125 0.0167969 0.0375
1 0.237891 0.613542 0.0152344 0.0354167
1 0.235547 0.610417 0.0183594 0.0444444
1 0.558594 0.965972 0.0140625 0.0333333
0 0.233984 0.605903 0.0210938 0.0513889
0 0.231641 0.597222 0.0289063 0.0680556
0 0.237305 0.613194 0.0140625 0.0375
1 0.558984 0.969444 0.015625 0.0444444
1 0.238281 0.615972 0.0136719 0.0361111
1 0.235156 0.611806 0.0191406 0.0479167
1 0.558594 0.969444 0.0171875 0.0444444
0 0.235156 0.611806 0.0191406 0.0479167
1 0.238281 0.617361 0.015625 0.0347222
0 0.223438 0.571528 0.05 0.126389
1 0.235938 0.615278 0.0195312 0.0430556
0 0.235938 0.615278 0.0195312 0.0430556
0 0.238281 0.617361 0.015625 0.0347222
1 0.237305 0.611111 0.0148437 0.0458333
0 0.237305 0.611111 0.0148437 0.0458333
1 0.559375 0.969444 0.0171875 0.0444444
0 0.225781 0.595139 0.040625 0.0847222
0 1 0.867361 0 0.265278
1 0.236719 0.616319 0.0179687 0.0368056
1 0.238281 0.6125 0.0164062 0.0402778
1 0.557813 0.970833 0.0203125 0.0472222
0 0.235938 0.611806 0.0195312 0.0444444
0 0.238281 0.617361 0.015625 0.0319444
1 0.560547 0.970833 0.025 0.0583333
1 0.551953 0.965278 0.028125 0.0444444
0 0.229883 0.598958 0.0386719 0.0791667
1 0.229883 0.598958 0.0386719 0.0791667
1 0.55625 0.975694 0.0359375 0.0486111
1 0.253711 0.639583 0.00976562 0.0236111
1 0.553125 0.969444 0.03125 0.0583333
1 0.240234 0.622569 0.0171875 0.0479167
0 0.222656 0.5875 0.0492188 0.1125
1 0.237891 0.616667 0.0171875 0.0361111
1 0.235938 0.6125 0.0183594 0.0416667
1 0.558594 0.972222 0.0234375 0.0513889
1 0.553125 0.968056 0.03125 0.0527778
1 0.227539 0.6 0.0289063 0.0569444
1 0.236719 0.622222 0.0171875 0.0486111
0 0.236719 0.616667 0.01875 0.0388889
1 0.232617 0.595833 0.0304688 0.0666667
1 0.216992 0.580556 0.0113281 0.0243056
1 0.237891 0.616667 0.0167969 0.0375
1 0.235547 0.6125 0.01875 0.0430556
1 0.558594 0.972222 0.0203125 0.0472222
1 0.561719 0.972222 0.0242187 0.0555556
0 0.236328 0.616319 0.0179687 0.0402778
1 0.239063 0.622222 0.0195312 0.0486111
1 0.228125 0.601389 0.0296875 0.0576389
1 0.232812 0.597222 0.0273438 0.0583333
1 0.236523 0.617361 0.0171875 0.0361111
1 0.236914 0.614236 0.0140625 0.0319444
1 0.235547 0.611458 0.0179687 0.0395833
1 0.558594 0.969444 0.0171875 0.0416667
1 0.561719 0.972222 0.0234375 0.0527778
1 0.557813 0.976389 0.0234375 0.0472222
0 0.236914 0.614236 0.0140625 0.0319444
0 0.236523 0.617361 0.0171875 0.0361111
1 0.552344 0.965278 0.028125 0.0416667
1 0.225 0.597222 0.0203125 0.0430556
1 0.229687 0.606944 0.0292969 0.0513889
1 0.239844 0.624306 0.0171875 0.04375
0 0.235547 0.611458 0.0179687 0.0395833
1 0.236719 0.618056 0.0164062 0.0333333
1 0.237109 0.613889 0.0132813 0.0305556
1 0.235156 0.610417 0.0164062 0.0347222
1 0.237891 0.609028 0.0140625 0.03125
1 0.558203 0.966667 0.015625 0.0361111
1 0.561719 0.972222 0.0226563 0.0527778
1 0.556641 0.978819 0.0210938 0.0423611
1 0.239844 0.625694 0.0164062 0.0409722
0 0.237109 0.613889 0.0132813 0.0305556
1 0.223828 0.596528 0.0164062 0.0354167
1 0.236914 0.624653 0.0160156 0.0430556
1 0.551953 0.9625 0.0265625 0.0361111
0 0.236719 0.618056 0.0164062 0.0333333
1 0.229297 0.610069 0.0273438 0.0430556
1 0.253516 0.640278 0.009375 0.0194444
1 0.236719 0.618056 0.0164062 0.0326389
1 0.237109 0.613889 0.0132813 0.0291667
1 0.235156 0.609722 0.0164062 0.0333333
1 0.237891 0.608333 0.0140625 0.0291667
1 0.558203 0.968056 0.0171875 0.0388889
1 0.561719 0.972222 0.0234375 0.0527778
1 0.557031 0.977431 0.0226563 0.0451389
1 0.552344 0.963889 0.028125 0.0388889
1 0.240039 0.626389 0.0160156 0.0402778
1 0.223438 0.595833 0.0148437 0.0347222
1 0.236719 0.625 0.015625 0.0430556
0 0.236719 0.618056 0.0164062 0.0326389
1 0.208008 0.578472 0.0113281 0.0222222
1 0.228906 0.610417 0.0265625 0.0416667
0 0.237109 0.613889 0.0132813 0.0291667
1 0.253711 0.640278 0.009375 0.01875
1 0.216797 0.580556 0.0109375 0.0201389
1 0.236719 0.618056 0.0164062 0.0319444
1 0.237305 0.613889 0.0132813 0.0291667
1 0.235156 0.609722 0.0160156 0.0333333
1 0.238281 0.608333 0.0132813 0.0291667
1 0.558203 0.96875 0.0171875 0.0388889
1 0.561719 0.972222 0.0234375 0.0527778
1 0.557031 0.977083 0.0234375 0.0458333
1 0.551953 0.963889 0.028125 0.0402778
1 0.240234 0.626389 0.0160156 0.0395833
1 0.223828 0.596528 0.0164062 0.0361111
0 0.236719 0.618056 0.0164062 0.0319444
1 0.236719 0.624653 0.015625 0.0430556
1 0.208203 0.578472 0.0109375 0.0208333
1 0.229102 0.609722 0.0273438 0.0430556
1 0.253711 0.640278 0.009375 0.0180556
1 0.216992 0.580208 0.0105469 0.0194444
0 0.237305 0.613889 0.0132813 0.0291667
1 0.236719 0.618056 0.0164062 0.0319444
1 0.237305 0.613542 0.0128906 0.0291667
1 0.235156 0.609028 0.015625 0.0319444
1 0.238281 0.606944 0.0132813 0.0277778
1 0.557813 0.968056 0.0171875 0.0388889
1 0.561719 0.972222 0.0234375 0.0527778
1 0.557031 0.977778 0.0234375 0.0444444
1 0.551953 0.963194 0.028125 0.0388889
1 0.224023 0.595833 0.0167969 0.0361111
1 0.208203 0.578472 0.0109375 0.0208333
1 0.24043 0.626389 0.015625 0.0388889
0 0.236719 0.618056 0.0164062 0.0319444
1 0.217383 0.579861 0.0101562 0.0194444
1 0.253711 0.640278 0.00898437 0.0180556
1 0.229102 0.609028 0.0273438 0.0444444
1 0.236719 0.625 0.015625 0.0430556
0 0.237305 0.613542 0.0128906 0.0291667
1 0.236719 0.617708 0.0164062 0.0319444
1 0.237305 0.613194 0.0128906 0.0291667
1 0.235156 0.609028 0.015625 0.0326389
1 0.238281 0.607292 0.0132813 0.0284722
1 0.558594 0.968056 0.0171875 0.0388889
1 0.561719 0.970833 0.025 0.0555556
1 0.556641 0.977778 0.0234375 0.0444444
1 0.224219 0.596528 0.0171875 0.0375
1 0.551562 0.9625 0.028125 0.0388889
1 0.208203 0.578472 0.0109375 0.0208333
1 0.24043 0.626389 0.015625 0.0402778
1 0.228906 0.608681 0.0273438 0.0458333
1 0.217383 0.579861 0.0101562 0.0194444
0 0.236719 0.617708 0.0164062 0.0319444
1 0.236719 0.624306 0.015625 0.0430556
0 0.237305 0.613194 0.0128906 0.0291667
1 0.253711 0.640278 0.00898437 0.0180556
1 0.236523 0.617708 0.0160156 0.0319444
1 0.237109 0.613542 0.0125 0.0298611
1 0.235352 0.609028 0.0152344 0.0333333
1 0.238281 0.607292 0.0132813 0.0284722
1 0.558594 0.968056 0.0171875 0.0388889
1 0.561719 0.970833 0.025 0.0555556
1 0.224219 0.596528 0.0179687 0.0388889
1 0.551562 0.9625 0.028125 0.0388889
1 0.556641 0.978125 0.0234375 0.04375
1 0.229102 0.607986 0.0277344 0.0472222
0 0.236523 0.617708 0.0160156 0.0319444
0 0.237109 0.613542 0.0125 0.0298611
1 0.208203 0.578472 0.0109375 0.0208333
1 0.24043 0.626389 0.0152344 0.0402778
1 0.217383 0.580208 0.00976562 0.0194444
1 0.253711 0.640278 0.00898437 0.0180556
1 0.236719 0.618056 0.015625 0.0319444
1 0.237109 0.613889 0.0125 0.0291667
1 0.235352 0.609028 0.0152344 0.0333333
1 0.238281 0.606944 0.0132813 0.0277778
1 0.558594 0.968056 0.015625 0.0361111
1 0.561719 0.970833 0.0242187 0.0555556
1 0.223828 0.596528 0.0171875 0.0388889
0 0.237109 0.613889 0.0125 0.0291667
1 0.551562 0.961806 0.0273438 0.0361111
0 0.236719 0.618056 0.015625 0.0319444
1 0.228711 0.608333 0.0273438 0.0465278
1 0.236523 0.618056 0.015625 0.0305556
1 0.237109 0.613889 0.0125 0.0291667
1 0.235547 0.609028 0.0148437 0.0319444
1 0.238281 0.606597 0.0132813 0.0270833
1 0.558203 0.966667 0.015625 0.0333333
1 0.561719 0.970833 0.0234375 0.0555556
0 0.237109 0.613889 0.0125 0.0291667
1 0.223633 0.596528 0.0167969 0.0381944
1 0.551172 0.961111 0.0265625 0.0333333
1 0.236523 0.618403 0.015625 0.0305556
1 0.237305 0.613889 0.0125 0.0291667
1 0.235547 0.609028 0.0148437 0.0319444
1 0.238281 0.606597 0.0132813 0.0263889
1 0.558594 0.966667 0.015625 0.0333333
1 0.561719 0.970833 0.0234375 0.0555556
0 0.237305 0.613889 0.0125 0.0291667
1 0.223633 0.596528 0.0167969 0.0375
1 0.236523 0.618056 0.015625 0.0305556
1 0.237109 0.613889 0.0125 0.0298611
1 0.235547 0.609028 0.0148437 0.0319444
1 0.238281 0.606944 0.0132813 0.0263889
1 0.558594 0.966667 0.015625 0.0333333
1 0.561719 0.970833 0.0234375 0.0555556
0 0.237109 0.613889 0.0125 0.0298611
1 0.223828 0.596528 0.0171875 0.0388889
1 0.236719 0.618056 0.015625 0.0305556
1 0.237109 0.614236 0.0125 0.0298611
1 0.235742 0.609028 0.0152344 0.0326389
1 0.238281 0.606944 0.0132813 0.0263889
1 0.558203 0.965972 0.0148437 0.0319444
0 0.237109 0.614236 0.0125 0.0298611
1 0.236719 0.618056 0.015625 0.0305556
1 0.237305 0.614236 0.0128906 0.0298611
1 0.235742 0.609028 0.0152344 0.0326389
1 0.238281 0.606944 0.0132813 0.0270833
1 0.558203 0.965278 0.0148437 0.0305556
0 0.237305 0.614236 0.0128906 0.0298611
1 0.224219 0.595833 0.0179687 0.0402778
0 0.236719 0.618056 0.015625 0.0305556
1 0.236719 0.618056 0.015625 0.0305556
1 0.237305 0.614236 0.0128906 0.0298611
1 0.235938 0.609028 0.015625 0.0333333
1 0.238281 0.606944 0.0132813 0.0277778
1 0.558594 0.965278 0.0140625 0.0305556
1 0.558594 0.970139 0.015625 0.0388889
0 0.236719 0.618056 0.015625 0.0305556
0 0.237305 0.614236 0.0128906 0.0298611
1 0.224609 0.596528 0.0195312 0.0416667
1 0.236523 0.617708 0.0152344 0.0305556
1 0.237305 0.613889 0.0128906 0.0291667
1 0.235938 0.609028 0.015625 0.0333333
1 0.238281 0.606944 0.0132813 0.0270833
1 0.558594 0.965278 0.0140625 0.0305556
1 0.558594 0.970139 0.015625 0.0388889
0 0.236523 0.617708 0.0152344 0.0305556
0 0.237305 0.613889 0.0128906 0.0291667
1 0.224219 0.595833 0.01875 0.0402778
1 0.236523 0.617708 0.0152344 0.0305556
1 0.237305 0.613889 0.0128906 0.0291667
1 0.235938 0.608681 0.0152344 0.0326389
1 0.238281 0.606944 0.0132813 0.0263889
1 0.558203 0.965278 0.0140625 0.0305556
1 0.558594 0.970833 0.0140625 0.0388889
0 0.236523 0.617708 0.0152344 0.0305556
1 0.224219 0.595833 0.01875 0.0402778
0 0.237305 0.613889 0.0128906 0.0291667
1 0.236328 0.617708 0.0148437 0.0298611
1 0.237305 0.613889 0.0128906 0.0291667
1 0.235938 0.608333 0.0152344 0.0319444
1 0.238281 0.60625 0.0132813 0.0263889
1 0.558203 0.965278 0.0140625 0.0305556
1 0.558594 0.970833 0.0140625 0.0388889
0 0.236328 0.617708 0.0148437 0.0298611
1 0.224219 0.595486 0.0179687 0.0395833
1 0.236328 0.617708 0.0148437 0.0298611
1 0.237305 0.613889 0.0128906 0.0291667
1 0.235938 0.608333 0.0152344 0.0319444
1 0.238281 0.60625 0.0132813 0.0263889
1 0.558203 0.965278 0.0140625 0.0305556
1 0.558594 0.970833 0.0140625 0.0388889
0 0.236328 0.617708 0.0148437 0.0298611
1 0.224023 0.595139 0.0179687 0.0388889
