0 0.178711 0.623958 0.0808594 0.0729167
0 0.377344 0.672569 0.0773437 0.0770833
0 0.565234 0.943056 0.0523437 0.111111
0 0.152148 0.782639 0.0296875 0.0555556
0 0.0171387 0.588542 0.0338867 0.0875
1 0.594141 0.315104 0.0101562 0.0302083
0 0.672656 0.979167 0.021875 0.0333333
0 0.672656 0.966667 0.021875 0.0583333
1 0.105664 0.405903 0.0144531 0.0319444
0 0.594141 0.315104 0.0101562 0.0302083
1 0.373047 0.401389 0.0117188 0.0291667
1 0.00786133 0.371875 0.0113281 0.0222222
1 0.107813 0.409375 0.0115234 0.0291667
0 0.316602 0.500694 0.0160156 0.0319444
1 0.316602 0.500694 0.0160156 0.0319444
0 0.00786133 0.371875 0.0113281 0.0222222
0 0.672656 0.948611 0.021875 0.0472222
1 0.377734 0.673264 0.0789063 0.0770833
1 0.178564 0.624306 0.0811523 0.0722222
0 0.672656 0.975 0.0234375 0.0472222
1 0.370703 0.0529948 0.009375 0.0388021
0 0.00512695 0.855556 0.0102539 0.0444444
1 0.345508 0.994444 0.00625 0.0111111
0 0.373047 0.401389 0.0117188 0.0291667
1 0.605469 0.355556 0.00625 0.025
1 0.564844 0.94375 0.053125 0.1125
0 0.00847168 0.8625 0.0169434 0.0708333
0 0.00651855 0.863889 0.0130371 0.0583333
1 0.375098 0.403472 0.0138672 0.0298611
1 0.0081543 0.367361 0.0119141 0.0277778
1 0.607813 0.534028 0.0078125 0.0305556
0 0.105664 0.405903 0.0144531 0.0319444
1 0.00866699 0.375347 0.0143066 0.0326389
1 0.00616455 0.370833 0.0123291 0.0277778
1 0.150977 0.78125 0.0296875 0.0583333
1 0.495313 0.529861 0.0109375 0.0208333
0 0.0081543 0.367361 0.0119141 0.0277778
0 0.31582 0.498611 0.021875 0.0333333
0 0.313672 0.500694 0.0171875 0.0319444
1 0.313672 0.500694 0.0171875 0.0319444
1 0.0171387 0.587847 0.0333008 0.0881944
1 0.673047 0.958333 0.021875 0.0680556
1 0.00512695 0.855556 0.0102539 0.0444444
1 0.31582 0.498611 0.021875 0.0333333
0 0.15957 0.986111 0.0636719 0.0277778
0 0.672656 0.933333 0.0257812 0.0777778
0 0.00866699 0.375347 0.0143066 0.0326389
0 0.107813 0.409375 0.0115234 0.0291667
1 0.315625 0.504861 0.0136719 0.0368056
1 0.592969 0.315104 0.0132813 0.0336806
0 0.672656 0.951389 0.025 0.0805556
0 0.0109375 0.8625 0.0211914 0.0611111
1 0.37168 0.395486 0.0144531 0.0409722
0 0.345508 0.994444 0.00625 0.0111111
1 0.664453 0.253472 0.009375 0.0201389
1 0.672656 0.975 0.0234375 0.0472222
1 0.00651855 0.863889 0.0130371 0.0583333
1 0.0408203 0.357292 0.0134766 0.0194444
1 0.517187 0.562153 0.0109375 0.0256944
1 0.672656 0.948611 0.021875 0.0472222
1 0.102246 0.404861 0.0189453 0.0319444
1 0.00847168 0.8625 0.0169434 0.0708333
1 0.296484 0.525694 0.00859375 0.025
1 0.672656 0.979167 0.021875 0.0333333
1 0.665625 0.250694 0.009375 0.0201389
1 0.317187 0.496528 0.0203125 0.0444444
1 0.605469 0.315278 0.0109375 0.0291667
1 0.345313 0.396528 0.0078125 0.025
0 0.607813 0.534028 0.0078125 0.0305556
0 0.00616455 0.370833 0.0123291 0.0277778
0 0.680469 0.956944 0.0375 0.075
1 0.442969 0.915972 0.0140625 0.0263889
1 0.0115234 0.375 0.0166016 0.0236111
1 0.0828125 0.920833 0.0144531 0.0305556
1 0.0419922 0.996528 0.0103516 0.00694444
0 0.317187 0.496528 0.0203125 0.0444444
2 0.377246 0.672569 0.0783203 0.0784722
1 0.327344 0.489583 0.0132813 0.0333333
0 0.0081543 0.879167 0.0163086 0.0638889
1 0.297266 0.517361 0.0125 0.0277778
0 0.675781 0.9625 0.0273438 0.0694444
0 0.495313 0.529861 0.0109375 0.0208333
0 0.375098 0.403472 0.0138672 0.0298611
1 0.373437 0.40625 0.0125 0.0361111
0 0.798437 0.9625 0.0203125 0.0694444
2 0.178516 0.624306 0.08125 0.0736111
1 0.367578 0.399306 0.0148437 0.0333333
1 0.469141 0.570139 0.015625 0.0208333
3 0.377734 0.672917 0.0789063 0.0763889
1 0.665234 0.257465 0.009375 0.0326389
0 0.378125 0.672917 0.0773437 0.075
0 0.178955 0.623958 0.0811523 0.0722222
0 0.564844 0.944444 0.0515625 0.111111
0 0.152051 0.783333 0.0285156 0.0527778
0 0.0172363 0.588889 0.0329102 0.0847222
1 0.59375 0.314583 0.009375 0.0291667
0 0.673047 0.979167 0.0203125 0.0333333
1 0.373047 0.401389 0.0117188 0.0319444
1 0.00761719 0.371528 0.0106445 0.0208333
1 0.106445 0.407292 0.0121094 0.0291667
0 0.59375 0.314583 0.009375 0.0291667
0 0.672656 0.960417 0.0203125 0.0652778
1 0.108105 0.411111 0.0107422 0.0263889
0 0.316406 0.503472 0.0148437 0.0263889
0 0.373047 0.401389 0.0117188 0.0319444
1 0.316406 0.503472 0.0148437 0.0263889
0 0.672656 0.947222 0.0203125 0.0416667
0 0.317773 0.498958 0.0175781 0.0326389
1 0.317773 0.498958 0.0175781 0.0326389
0 0.00761719 0.371528 0.0106445 0.0208333
1 0.370703 0.05625 0.0101562 0.0425347
0 0.00500488 0.85625 0.0100098 0.0444444
1 0.00568848 0.372222 0.011377 0.0291667
1 0.375391 0.403819 0.0132813 0.03125
1 0.37207 0.395833 0.0136719 0.0416667
1 0.664453 0.253819 0.009375 0.0236111
1 0.605469 0.356944 0.00625 0.0208333
1 0.313672 0.501042 0.0179687 0.0305556
1 0.00874023 0.376042 0.0126953 0.0305556
1 0.607813 0.532639 0.00859375 0.0263889
0 0.313672 0.501042 0.0179687 0.0305556
0 0.370703 0.05625 0.0101562 0.0425347
1 0.592969 0.314236 0.0132813 0.0319444
0 0.0059082 0.863889 0.0118164 0.0555556
1 0.150293 0.781944 0.0279297 0.0569444
1 0.0416016 0.357292 0.0123047 0.01875
1 0.665625 0.251389 0.0109375 0.0239583
1 0.665234 0.256944 0.0101562 0.0340278
0 0.672656 0.930556 0.025 0.0722222
1 0.345313 0.994444 0.00664063 0.0111111
1 0.603125 0.314757 0.0140625 0.0267361
1 0.671875 0.977778 0.0210938 0.0388889
1 0.373828 0.405556 0.0125 0.0368056
0 0.37207 0.395833 0.0136719 0.0416667
1 0.10752 0.402083 0.0140625 0.0319444
0 0.603125 0.314757 0.0140625 0.0267361
0 0.00874023 0.376042 0.0126953 0.0305556
0 0.106445 0.407292 0.0121094 0.0291667
1 0.00500488 0.85625 0.0100098 0.0444444
1 0.140918 0.407986 0.0134766 0.0263889
1 0.368164 0.398611 0.0152344 0.0361111
1 0.673047 0.957639 0.0210938 0.0638889
1 0.0466797 0.361111 0.0120117 0.0208333
0 0.672266 0.950694 0.0226563 0.0736111
0 0.368164 0.398611 0.0152344 0.0361111
1 0.296094 0.525 0.0078125 0.0222222
0 0.108105 0.411111 0.0107422 0.0263889
0 0.162988 0.0430556 0.0755859 0.0854167
0 0.375391 0.403819 0.0132813 0.03125
1 0.316211 0.504167 0.0148437 0.0381944
1 0.0390137 0.352778 0.0108398 0.0229167
0 0.00568848 0.372222 0.011377 0.0291667
0 0.317187 0.495833 0.0195312 0.0423611
1 0.442969 0.915278 0.0140625 0.0277778
1 0.672656 0.947222 0.0203125 0.0416667
0 0.16875 0.0249566 0.0714844 0.0478299
0 0.592969 0.314236 0.0132813 0.0319444
0 0.796875 0.963889 0.01875 0.0680556
1 0.345703 0.396528 0.009375 0.0291667
0 0.011377 0.865278 0.022168 0.0666667
0 0.607813 0.532639 0.00859375 0.0263889
1 0.136133 0.407639 0.0132813 0.0222222
0 0.377734 0.672917 0.078125 0.0777778
0 0.178711 0.623611 0.0804688 0.0722222
0 0.565625 0.944097 0.0515625 0.111806
0 0.0171875 0.590278 0.0331055 0.0847222
0 0.151758 0.782639 0.0296875 0.0527778
1 0.593359 0.314931 0.009375 0.0298611
1 0.373633 0.402431 0.0121094 0.0284722
0 0.593359 0.314931 0.009375 0.0298611
1 0.0079834 0.372917 0.0116699 0.0236111
1 0.370703 0.0538194 0.009375 0.0347222
0 0.673437 0.979861 0.0203125 0.0333333
1 0.594531 0.317535 0.0101562 0.034375
1 0.316406 0.502778 0.0179687 0.0284722
0 0.669922 0.219097 0.0171875 0.0833333
0 0.672656 0.956944 0.021875 0.0611111
1 0.317969 0.498611 0.0195312 0.0333333
1 0.605469 0.355556 0.00546875 0.0194444
0 0.316406 0.502778 0.0179687 0.0284722
1 0.108789 0.412153 0.0109375 0.025
0 0.594531 0.317535 0.0101562 0.034375
0 0.317969 0.498611 0.0195312 0.0333333
1 0.607813 0.532986 0.0078125 0.0263889
0 0.0079834 0.372917 0.0116699 0.0236111
1 0.106934 0.407986 0.0130859 0.0284722
0 0.00655518 0.863889 0.0131104 0.0638889
0 0.373633 0.402431 0.0121094 0.0284722
0 0.672266 0.973611 0.0234375 0.05
1 0.00820312 0.377778 0.0132813 0.0291667
0 0.666406 0.246181 0.0125 0.0385417
1 0.00817871 0.36875 0.0124512 0.0305556
0 0.644531 0.624306 0.0265625 0.0611111
1 0.00583496 0.372222 0.0116699 0.0277778
1 0.443359 0.914583 0.0140625 0.0291667
1 0.296484 0.524306 0.009375 0.0236111
1 0.150586 0.78125 0.0285156 0.0569444
0 0.517187 0.5625 0.0125 0.0263889
1 0.495313 0.530556 0.0117188 0.0194444
0 0.651172 0.621528 0.0382813 0.0722222
0 0.666406 0.2375 0.0125 0.0579861
0 0.607813 0.532986 0.0078125 0.0263889
0 0.673828 0.933333 0.0296875 0.0861111
1 0.315234 0.506944 0.0144531 0.0319444
0 0.673437 0.950694 0.028125 0.0722222
0 0.495313 0.530556 0.0117188 0.0194444
0 0.0112549 0.863889 0.0225098 0.0722222
1 0.371875 0.395139 0.0140625 0.0416667
0 0.683594 0.952778 0.04375 0.075
1 0.440625 0.917361 0.0140625 0.0277778
0 0.00820312 0.377778 0.0132813 0.0291667
0 0.605469 0.355556 0.00546875 0.0194444
0 0.795313 0.963194 0.015625 0.0708333
0 0.79375 0.934028 0.015625 0.0263889
0 0.00817871 0.36875 0.0124512 0.0305556
0 0.738672 0.649653 0.0289063 0.100694
1 0.666406 0.2375 0.0125 0.0579861
1 0.00655518 0.863889 0.0131104 0.0638889
1 0.673437 0.979861 0.0203125 0.0333333
0 0.676172 0.961111 0.0304688 0.0722222
1 0.397656 0.439236 0.0125 0.0270833
1 0.345703 0.995139 0.00703125 0.00972222
1 0.300391 0.516667 0.0191406 0.0263889
0 0.803125 0.970833 0.021875 0.0555556
0 0.79375 0.924306 0.0171875 0.0458333
1 0.345313 0.395833 0.00898437 0.0270833
1 0.0524414 0.0271701 0.0103516 0.0277778
1 0.517187 0.5625 0.0125 0.0263889
0 0.00583496 0.372222 0.0116699 0.0277778
1 0.672656 0.948611 0.021875 0.0444444
0 0.807031 0.96875 0.034375 0.0625
0 0.370703 0.0538194 0.009375 0.0347222
0 0.733594 0.659028 0.0390625 0.113889
0 0.672656 0.841667 0.0328125 0.0444444
0 0.521875 0.608333 0.01875 0.0208333
0 0.671484 0.911111 0.0390625 0.111111
0 0.65625 0.617361 0.05 0.0847222
0 0.443359 0.914583 0.0140625 0.0291667
0 0.252734 0.160373 0.0390625 0.034809
1 0.795313 0.963194 0.015625 0.0708333
1 0.183594 0.335417 0.00859375 0.0222222
1 0.325781 0.489583 0.0171875 0.0298611
1 0.36875 0.397917 0.0164062 0.0333333
0 0.665625 0.222569 0.025 0.0888889
1 0.665625 0.255903 0.0109375 0.03125
0 0.325781 0.489583 0.0171875 0.0298611
0 0.440625 0.917361 0.0140625 0.0277778
1 0.79375 0.934028 0.015625 0.0263889
0 0.733594 0.642361 0.034375 0.1125
1 0.673437 0.959028 0.021875 0.0694444
0 0.143359 0.0444878 0.0371094 0.0837674
1 0.141016 0.406944 0.0152344 0.025
1 0.666406 0.246181 0.0125 0.0385417
1 0.601953 0.313194 0.0132813 0.0284722
1 0.0116211 0.377083 0.0171875 0.0277778
0 0.717969 0.647917 0.0703125 0.118056
1 0.145508 0.0694661 0.0275391 0.0374566
0 0.00881348 0.856944 0.017627 0.0847222
0 0.665625 0.255903 0.0109375 0.03125
0 0.517969 0.565972 0.0125 0.0305556
0 0.397656 0.439236 0.0125 0.0270833
0 0.320508 0.498264 0.0273438 0.0375
1 0.492969 0.332639 0.009375 0.0208333
0 0.79375 0.907639 0.025 0.0777778
0 0.168945 0.0255642 0.0601562 0.0488715
0 0.178857 0.623958 0.0813477 0.0729167
0 0.378027 0.672917 0.0783203 0.0777778
0 0.565625 0.94375 0.053125 0.1125
0 0.151855 0.782639 0.0300781 0.0527778
0 0.0171875 0.591667 0.0335938 0.0847222
1 0.59375 0.314236 0.009375 0.0284722
1 0.106445 0.405556 0.0136719 0.0319444
1 0.00805664 0.372917 0.0124023 0.0236111
0 0.673437 0.979167 0.021875 0.0361111
0 0.673047 0.964583 0.0226563 0.0652778
0 0.316797 0.500694 0.01875 0.0333333
1 0.316797 0.500694 0.01875 0.0333333
1 0.372656 0.400347 0.0132813 0.0333333
1 0.108008 0.409028 0.0117188 0.0305556
0 0.59375 0.314236 0.009375 0.0284722
1 0.594531 0.318056 0.009375 0.0333333
1 0.605469 0.356944 0.00546875 0.0194444
0 0.00800781 0.866667 0.0160156 0.0652778
0 0.00805664 0.372917 0.0124023 0.0236111
1 0.00844727 0.376389 0.0142578 0.0319444
1 0.608203 0.533333 0.0078125 0.0243056
1 0.140039 0.40625 0.0160156 0.0277778
0 0.372656 0.400347 0.0132813 0.0333333
0 0.594531 0.318056 0.009375 0.0333333
0 0.00844727 0.376389 0.0142578 0.0319444
0 0.673437 0.954167 0.0265625 0.0805556
0 0.671094 0.210069 0.015625 0.0659722
1 0.150781 0.78125 0.0291016 0.0569444
0 0.0108154 0.866667 0.0216309 0.075
1 0.592578 0.313715 0.0125 0.0309028
0 0.608203 0.533333 0.0078125 0.0243056
1 0.00649414 0.8625 0.0129883 0.0611111
0 0.317969 0.495833 0.0222656 0.0430556
1 0.371094 0.395486 0.015625 0.0416667
1 0.00612793 0.371528 0.0122559 0.03125
1 0.345703 0.995139 0.00625 0.00972222
1 0.374805 0.402778 0.0144531 0.0333333
1 0.673047 0.964583 0.0226563 0.0652778
0 0.676953 0.959722 0.0296875 0.0777778
1 0.673437 0.979167 0.021875 0.0361111
1 0.666016 0.251736 0.0101562 0.0215278
0 0.00612793 0.371528 0.0122559 0.03125
0 0.369531 0.397569 0.01875 0.0375
1 0.371094 0.0562283 0.009375 0.036849
0 0.605469 0.356944 0.00546875 0.0194444
1 0.517187 0.562847 0.0109375 0.025
0 0.0078125 0.878472 0.015625 0.0680556
1 0.665625 0.256944 0.009375 0.0291667
0 0.317578 0.211285 0.1 0.0756944
1 0.317969 0.495833 0.0222656 0.0430556
1 0.101953 0.402778 0.0183594 0.0333333
1 0.0172852 0.591667 0.0333984 0.0833333
0 0.106445 0.405556 0.0136719 0.0319444
1 0.442578 0.913889 0.0148437 0.0305556
0 0.592578 0.313715 0.0125 0.0309028
1 0.603125 0.312674 0.0109375 0.0260417
1 0.495313 0.530208 0.0117188 0.0208333
0 0.666016 0.251736 0.0101562 0.0215278
1 0.0108887 0.375 0.0177734 0.0291667
1 0.565625 0.94375 0.053125 0.1125
1 0.5 0.101302 0.00625 0.0220486
0 0.108008 0.409028 0.0117188 0.0305556
1 0.492969 0.333333 0.009375 0.0180556
0 0.681641 0.956944 0.0398437 0.0777778
0 0.517187 0.562847 0.0109375 0.025
0 0.495313 0.530208 0.0117188 0.0208333
0 0.140039 0.40625 0.0160156 0.0277778
0 0.160742 0.985417 0.0695312 0.0291667
0 0.322852 0.492361 0.0230469 0.0402778
1 0.345313 0.394792 0.0105469 0.0319444
0 0.345703 0.995139 0.00625 0.00972222
1 0.139453 0.400694 0.015625 0.0333333
1 0.0472168 0.361458 0.0133789 0.0215278
1 0.0429199 0.358681 0.0157227 0.0208333
0 0.377441 0.672222 0.0779297 0.0777778
0 0.178711 0.623611 0.08125 0.0722222
0 0.565234 0.944097 0.0523437 0.111806
0 0.0171143 0.590972 0.0337402 0.0861111
0 0.151953 0.783333 0.0296875 0.05
0 0.673437 0.979167 0.0203125 0.0333333
1 0.59375 0.314583 0.0109375 0.0291667
1 0.00795898 0.372222 0.0125 0.0222222
0 0.673047 0.959722 0.021875 0.0722222
0 0.672656 0.947222 0.021875 0.0444444
1 0.373437 0.401389 0.0132813 0.0326389
1 0.315625 0.501736 0.0160156 0.0326389
1 0.107031 0.40625 0.0132813 0.0319444
0 0.315625 0.501736 0.0160156 0.0326389
0 0.59375 0.314583 0.0109375 0.0291667
0 0.672266 0.975 0.021875 0.0472222
0 0.317383 0.498264 0.0191406 0.0375
0 0.00795898 0.372222 0.0125 0.0222222
1 0.108398 0.409375 0.0113281 0.0298611
1 0.317383 0.498264 0.0191406 0.0375
1 0.150781 0.780556 0.0289063 0.0541667
1 0.00844727 0.375694 0.0141602 0.0305556
1 0.00638428 0.372222 0.0127686 0.0284722
0 0.00876465 0.863889 0.0175293 0.0611111
1 0.665625 0.252778 0.0109375 0.0256944
0 0.00568848 0.858333 0.011377 0.0486111
0 0.674219 0.936111 0.0265625 0.075
1 0.608203 0.532639 0.0078125 0.0222222
1 0.00568848 0.858333 0.011377 0.0486111
1 0.370898 0.0517361 0.00898437 0.0288194
1 0.605469 0.356944 0.00625 0.0194444
1 0.664844 0.256944 0.009375 0.0326389
0 0.373437 0.401389 0.0132813 0.0326389
0 0.00690918 0.868056 0.0138184 0.0611111
0 0.00844727 0.375694 0.0141602 0.0305556
0 0.681641 0.952778 0.0398437 0.0791667
1 0.00876465 0.863889 0.0175293 0.0611111
0 0.00638428 0.372222 0.0127686 0.0284722
1 0.00690918 0.868056 0.0138184 0.0611111
0 0.018042 0.559028 0.0344238 0.152083
0 0.161719 0.986111 0.0667969 0.0277778
0 0.670703 0.209722 0.015625 0.0666667
0 0.00847168 0.877778 0.0169434 0.0611111
1 0.372266 0.396181 0.0148437 0.0423611
1 0.0109131 0.373611 0.0171387 0.0263889
0 0.521094 0.608333 0.0171875 0.0215278
1 0.0831055 0.922222 0.0167969 0.0361111
1 0.299609 0.518056 0.015625 0.0305556
1 0.672266 0.975 0.021875 0.0472222
1 0.0059082 0.388194 0.0100586 0.0347222
1 0.296094 0.525 0.00859375 0.0277778
0 0.460547 0.0257378 0.0148437 0.0400174
1 0.345313 0.995139 0.00625 0.00972222
0 0.463281 0.0280273 0.0078125 0.0359592
0 0.608203 0.532639 0.0078125 0.0222222
1 0.369531 0.398958 0.0179687 0.0361111
0 0.0114502 0.865278 0.0229004 0.0694444
0 0.320703 0.495139 0.0269531 0.0458333
1 0.0176758 0.590972 0.0341797 0.0861111
1 0.00847168 0.877778 0.0169434 0.0611111
1 0.757812 0.594444 0.00625 0.0194444
0 0.495313 0.529861 0.0125 0.0222222
0 0.325781 0.489583 0.0179687 0.0388889
1 0.101562 0.402778 0.0177734 0.0347222
1 0.0425781 0.357639 0.0134766 0.0194444
0 0.378223 0.672569 0.0779297 0.0770833
0 0.178906 0.623958 0.0808594 0.0715278
0 0.565625 0.94375 0.0523437 0.1125
0 0.017041 0.590625 0.0339844 0.0840278
0 0.151953 0.783333 0.0296875 0.0513889
0 0.673437 0.979167 0.0203125 0.0361111
1 0.59375 0.314583 0.0109375 0.0291667
1 0.00800781 0.372222 0.0124023 0.0215278
0 0.673437 0.95625 0.0226563 0.0708333
1 0.373437 0.400694 0.0125 0.0326389
1 0.31582 0.5 0.0160156 0.0347222
0 0.673047 0.945833 0.021875 0.05
0 0.59375 0.314583 0.0109375 0.0291667
0 0.672266 0.975 0.0226563 0.0472222
0 0.00800781 0.372222 0.0124023 0.0215278
1 0.107227 0.40625 0.0119141 0.0305556
0 0.674609 0.934028 0.0273438 0.0791667
0 0.31582 0.5 0.0160156 0.0347222
1 0.370703 0.0524306 0.009375 0.0319444
0 0.00625 0.859722 0.0125 0.0527778
1 0.152148 0.783333 0.028125 0.0527778
0 0.00853272 0.863889 0.0170654 0.0638889
1 0.108398 0.409722 0.0109375 0.0284722
1 0.00830078 0.375694 0.0135742 0.0305556
1 0.00625 0.859722 0.0125 0.0527778
0 0.676562 0.952778 0.0328125 0.0805556
1 0.00595703 0.372917 0.0119141 0.0277778
1 0.605469 0.357292 0.00625 0.0194444
1 0.665625 0.252431 0.0101562 0.0236111
1 0.317969 0.496528 0.0195312 0.0430556
1 0.372266 0.395486 0.0140625 0.0409722
1 0.608203 0.532639 0.0078125 0.0222222
0 0.0110474 0.865278 0.0220947 0.0722222
1 0.369141 0.399306 0.0171875 0.0361111
1 0.664844 0.256944 0.009375 0.0305556
1 0.00853272 0.863889 0.0170654 0.0638889
0 0.00806885 0.876389 0.0161377 0.0625
1 0.59375 0.314757 0.0140625 0.0329861
0 0.00830078 0.375694 0.0135742 0.0305556
1 0.0519531 0.0261285 0.0111328 0.0293403
1 0.371094 0.0603299 0.009375 0.0458333
1 0.673047 0.945833 0.021875 0.05
1 0.673437 0.979167 0.0203125 0.0361111
1 0.011084 0.373611 0.0167969 0.0263889
1 0.672266 0.975 0.0226563 0.0472222
0 0.373437 0.400694 0.0125 0.0326389
0 0.00595703 0.372917 0.0119141 0.0277778
1 0.00806885 0.876389 0.0161377 0.0625
1 0.673437 0.95625 0.0226563 0.0708333
0 0.671875 0.916667 0.034375 0.108333
0 0.682031 0.966667 0.0375 0.0611111
0 0.79375 0.920139 0.01875 0.0569444
1 0.846875 0.988889 0.009375 0.0194444
1 0.0533691 0.0229058 0.0137695 0.029362
1 0.76875 0.141667 0.009375 0.0225694
1 0.757812 0.594444 0.00703125 0.0222222
0 0.320508 0.497222 0.0269531 0.0430556
1 0.345313 0.395139 0.009375 0.0298611
1 0.846094 0.979861 0.0078125 0.0333333
0 0.846875 0.988889 0.009375 0.0194444
0 0.162109 0.986458 0.0675781 0.0270833
1 0.00622559 0.386458 0.0104004 0.0381944
1 0.601172 0.311111 0.0164062 0.0263889
0 0.178906 0.623611 0.0808594 0.0708333
0 0.377734 0.673611 0.078125 0.0777778
0 0.565625 0.94375 0.0515625 0.1125
0 0.151953 0.782639 0.0289063 0.0513889
0 0.0172119 0.590972 0.0335449 0.0847222
1 0.59375 0.314583 0.0109375 0.0298611
1 0.0081543 0.372569 0.012207 0.0208333
1 0.316406 0.499306 0.0171875 0.0361111
0 0.673047 0.979167 0.0210938 0.0347222
1 0.373242 0.400694 0.0128906 0.0333333
0 0.672656 0.954167 0.0210938 0.0527778
1 0.107324 0.405556 0.0115234 0.0305556
0 0.59375 0.314583 0.0109375 0.0298611
0 0.0081543 0.372569 0.012207 0.0208333
0 0.00910645 0.8625 0.0182129 0.0638889
1 0.151367 0.780556 0.0296875 0.0555556
1 0.370703 0.0515625 0.009375 0.0286458
1 0.108496 0.409375 0.0107422 0.0291667
0 0.00749512 0.859722 0.0149902 0.0541667
1 0.00839844 0.376042 0.0134766 0.0298611
1 0.605469 0.357986 0.00625 0.0208333
1 0.00749512 0.859722 0.0149902 0.0541667
1 0.00820312 0.368056 0.0120117 0.0291667
1 0.608203 0.534028 0.00859375 0.025
1 0.00910645 0.8625 0.0182129 0.0638889
0 0.316406 0.499306 0.0171875 0.0361111
1 0.00621338 0.371528 0.0124268 0.0284722
1 0.375 0.402778 0.0132813 0.0340278
1 0.317969 0.496181 0.0210938 0.0451389
1 0.672656 0.946528 0.0210938 0.0402778
0 0.00839844 0.376042 0.0134766 0.0298611
0 0.161523 0.986806 0.0667969 0.0263889
1 0.672656 0.956944 0.021875 0.0638889
0 0.672656 0.951389 0.0257812 0.0777778
1 0.0521484 0.025217 0.0109375 0.0259549
1 0.665234 0.257118 0.0101562 0.0322917
0 0.012085 0.863889 0.0236816 0.075
1 0.673047 0.979167 0.0210938 0.0347222
1 0.372266 0.395833 0.0140625 0.0430556
1 0.0177246 0.591319 0.0336914 0.0840278
1 0.011084 0.373611 0.016748 0.025
1 0.370703 0.0611328 0.00859375 0.044401
0 0.689844 0.95 0.0578125 0.0861111
1 0.0535156 0.0229058 0.0140625 0.0281467
0 0.676562 0.961806 0.03125 0.0708333
1 0.369531 0.398611 0.0179687 0.0361111
1 0.0833984 0.923611 0.0154297 0.0361111
0 0.00849609 0.877083 0.0169922 0.0638889
0 0.317969 0.496181 0.0210938 0.0451389
0 0.675 0.931944 0.0296875 0.0722222
0 0.00621338 0.371528 0.0124268 0.0284722
1 0.357617 0.147396 0.0105469 0.0385417
0 0.00820312 0.368056 0.0120117 0.0291667
1 0.602344 0.309722 0.0140625 0.025
1 0.141602 0.405556 0.0140625 0.0291667
1 0.00629883 0.388889 0.0101562 0.0347222
1 0.492969 0.332639 0.009375 0.0222222
1 0.00849609 0.877083 0.0169922 0.0638889
0 0.608203 0.534028 0.00859375 0.025
0 0.682031 0.954167 0.0421875 0.0805556
1 0.345313 0.995486 0.00625 0.00902778
1 0.0422852 0.357986 0.0135742 0.01875
0 0.373242 0.400694 0.0128906 0.0333333
1 0.846875 0.988194 0.0109375 0.0222222
0 0.377734 0.673611 0.078125 0.0777778
0 0.178955 0.623611 0.0811523 0.0708333
0 0.565625 0.94375 0.053125 0.1125
0 0.152148 0.782639 0.0291016 0.0527778
0 0.0170898 0.590972 0.0337891 0.0840278
1 0.59375 0.314583 0.0109375 0.0298611
0 0.672656 0.979167 0.0203125 0.0347222
1 0.00803223 0.372917 0.0120605 0.0222222
1 0.316797 0.5 0.0171875 0.0347222
1 0.373437 0.401042 0.0125 0.03125
0 0.672656 0.948611 0.021875 0.0458333
0 0.672656 0.958333 0.021875 0.0722222
1 0.106934 0.405208 0.0125 0.0326389
0 0.59375 0.314583 0.0109375 0.0298611
0 0.00803223 0.372917 0.0120605 0.0222222
1 0.665625 0.251736 0.0101562 0.0236111
1 0.00601807 0.856944 0.0120361 0.0486111
1 0.608594 0.534375 0.0078125 0.0256944
0 0.00737305 0.866667 0.0147461 0.0611111
1 0.371094 0.0507378 0.00859375 0.025434
1 0.108398 0.408681 0.0113281 0.0305556
1 0.00845947 0.863889 0.0169189 0.0638889
1 0.151758 0.78125 0.0304688 0.0555556
1 0.605469 0.357292 0.00703125 0.0201389
0 0.675 0.925694 0.0296875 0.075
1 0.0174805 0.591319 0.0337891 0.0833333
1 0.31582 0.497917 0.0222656 0.0375
0 0.00601807 0.856944 0.0120361 0.0486111
1 0.665234 0.256424 0.009375 0.0302083
0 0.676562 0.970139 0.0296875 0.0541667
0 0.316797 0.5 0.0171875 0.0347222
0 0.673437 0.946528 0.0265625 0.0791667
1 0.00601807 0.374306 0.0120361 0.0284722
1 0.0519043 0.0258681 0.0118164 0.0291667
0 0.16123 0.986111 0.0708984 0.0277778
0 0.0114624 0.863889 0.0229248 0.0694444
1 0.672656 0.979167 0.0203125 0.0347222
0 0.693359 0.94375 0.0648438 0.0916667
1 0.672656 0.941667 0.021875 0.0416667
1 0.37168 0.394792 0.0152344 0.0416667
1 0.0111328 0.374306 0.0166992 0.0263889
0 0.00837402 0.876389 0.016748 0.0638889
1 0.0114624 0.863889 0.0229248 0.0694444
1 0.0835937 0.923611 0.0152344 0.0375
1 0.357812 0.147396 0.0109375 0.0381944
1 0.00837402 0.876389 0.016748 0.0638889
1 0.602344 0.309722 0.0140625 0.0256944
1 0.345313 0.995139 0.00625 0.00972222
0 0.683594 0.952083 0.0453125 0.0847222
1 0.369922 0.398958 0.0179687 0.0354167
0 0.682422 0.969444 0.0398437 0.0527778
0 0.318164 0.496528 0.0210938 0.04375
1 0.672656 0.958333 0.021875 0.0722222
1 0.304688 0.514583 0.0273438 0.0361111
0 0.00601807 0.374306 0.0120361 0.0284722
1 0.492969 0.333333 0.009375 0.0194444
0 0.608594 0.534375 0.0078125 0.0256944
1 0.672656 0.947917 0.0234375 0.0569444
1 0.0427734 0.358681 0.0151367 0.0194444
0 0.674219 0.90625 0.0390625 0.120833
0 0.178711 0.623611 0.0808594 0.0722222
0 0.377734 0.673264 0.078125 0.0784722
0 0.565625 0.94375 0.0523437 0.1125
0 0.152148 0.783333 0.0285156 0.0527778
0 0.0172363 0.591667 0.0333984 0.0833333
1 0.59375 0.314931 0.0109375 0.0291667
0 0.672656 0.979167 0.0203125 0.0333333
1 0.00791016 0.372917 0.0120117 0.0215278
1 0.316992 0.5 0.0175781 0.0347222
0 0.673047 0.955556 0.021875 0.0611111
0 0.673437 0.944444 0.021875 0.0486111
1 0.373242 0.401042 0.0128906 0.0319444
0 0.59375 0.314931 0.0109375 0.0291667
1 0.106836 0.404861 0.0121094 0.0319444
1 0.00847168 0.376389 0.0129395 0.0291667
0 0.675391 0.926389 0.0296875 0.0777778
0 0.00791016 0.372917 0.0120117 0.0215278
0 0.0081543 0.866667 0.0163086 0.0638889
1 0.605078 0.356944 0.00703125 0.0208333
0 0.674219 0.947222 0.028125 0.0861111
0 0.677344 0.970139 0.03125 0.0555556
1 0.00690918 0.861111 0.0138184 0.0583333
0 0.316992 0.5 0.0175781 0.0347222
1 0.108301 0.408681 0.0115234 0.03125
1 0.0078125 0.368403 0.0115234 0.0291667
1 0.665625 0.252431 0.0101562 0.0243056
1 0.00584717 0.373611 0.0116943 0.0277778
1 0.370898 0.0509549 0.00898437 0.0255208
1 0.152148 0.783333 0.0277344 0.0513889
1 0.672656 0.979167 0.0203125 0.0333333
0 0.011499 0.865278 0.022998 0.0722222
0 0.691406 0.947222 0.0609375 0.0888889
1 0.0092041 0.863889 0.0184082 0.0638889
1 0.608203 0.534375 0.00859375 0.0263889
1 0.673437 0.944444 0.021875 0.0486111
0 0.682422 0.945833 0.04375 0.0888889
1 0.0833984 0.922222 0.0152344 0.0361111
1 0.345508 0.995139 0.00664063 0.00972222
0 0.00847168 0.376389 0.0129395 0.0291667
1 0.017627 0.592014 0.0331055 0.0833333
1 0.318359 0.496528 0.0203125 0.0430556
1 0.0111328 0.373264 0.0167969 0.0256944
0 0.00891113 0.876389 0.0178223 0.0666667
1 0.371875 0.394792 0.0148437 0.0416667
1 0.673047 0.955556 0.021875 0.0611111
0 0.161621 0.986806 0.0712891 0.0263889
1 0.369727 0.398611 0.0183594 0.0347222
0 0.673437 0.906944 0.0390625 0.125
1 0.052002 0.0263021 0.0117188 0.028559
0 0.318359 0.496528 0.0203125 0.0430556
0 0.671484 0.209028 0.015625 0.0625
1 0.00891113 0.876389 0.0178223 0.0666667
1 0.0472656 0.360069 0.0132813 0.0215278
1 0.601953 0.310417 0.0148437 0.025
1 0.0431152 0.357639 0.0143555 0.0208333
0 0.54375 0.163845 0.028125 0.101476
0 0.541406 0.15191 0.025 0.0690972
1 0.307227 0.5125 0.0320312 0.0361111
1 0.106738 0.403472 0.015625 0.0361111
0 0.00584717 0.373611 0.0116943 0.0277778
1 0.358203 0.149609 0.0140625 0.0417535
0 0.178955 0.624306 0.0811523 0.0708333
0 0.377344 0.673611 0.078125 0.0777778
0 0.565625 0.944444 0.053125 0.111111
0 0.152148 0.783333 0.0285156 0.0527778
0 0.0169922 0.591319 0.0332031 0.0840278
1 0.59375 0.314931 0.0109375 0.0291667
0 0.672656 0.979167 0.0203125 0.0361111
1 0.00803223 0.372917 0.0122559 0.0208333
1 0.316797 0.500347 0.0175781 0.0340278
0 0.673437 0.958333 0.0234375 0.075
0 0.673437 0.945833 0.021875 0.05
1 0.373047 0.400347 0.0132813 0.0326389
0 0.674219 0.947917 0.0265625 0.0847222
1 0.106836 0.405208 0.0132813 0.0326389
0 0.00805664 0.865278 0.0161133 0.0638889
0 0.59375 0.314931 0.0109375 0.0291667
1 0.665625 0.252083 0.0101562 0.0236111
1 0.00849609 0.376389 0.0129883 0.0291667
0 0.675781 0.927778 0.0296875 0.0777778
0 0.677734 0.963194 0.0320312 0.0680556
1 0.00720215 0.861111 0.0144043 0.0611111
0 0.00803223 0.372917 0.0122559 0.0208333
1 0.108008 0.408333 0.0121094 0.0319444
1 0.605078 0.356944 0.00703125 0.0208333
1 0.665625 0.256424 0.009375 0.0298611
0 0.011438 0.865278 0.022876 0.0708333
0 0.68125 0.948611 0.040625 0.0861111
1 0.370703 0.052691 0.009375 0.0289931
1 0.00786133 0.368403 0.0116211 0.0291667
1 0.00603027 0.373611 0.0120605 0.0263889
1 0.672656 0.979167 0.0203125 0.0361111
0 0.316797 0.500347 0.0175781 0.0340278
1 0.151562 0.781944 0.0300781 0.0555556
1 0.673437 0.945833 0.021875 0.05
1 0.673437 0.954167 0.0234375 0.0722222
1 0.345313 0.995139 0.00664063 0.00972222
1 0.0832031 0.923611 0.015625 0.0388889
0 0.00849609 0.376389 0.0129883 0.0291667
1 0.37207 0.395139 0.0152344 0.0416667
1 0.011084 0.373264 0.0167969 0.0256944
0 0.161523 0.986458 0.0710938 0.0270833
0 0.682031 0.96875 0.0390625 0.0555556
1 0.0519531 0.0261719 0.0123047 0.0289063
1 0.318359 0.496528 0.0203125 0.0430556
1 0.0173828 0.591667 0.0330078 0.0833333
0 0.00876465 0.876389 0.0175293 0.0638889
1 0.0115356 0.864583 0.0230713 0.0736111
0 0.672656 0.909722 0.040625 0.116667
1 0.369922 0.398264 0.0179687 0.0354167
1 0.608594 0.534722 0.009375 0.0263889
1 0.357812 0.149306 0.0132813 0.0416667
1 0.600781 0.310069 0.015625 0.025
1 0.0554687 0.0254232 0.0181641 0.0342231
0 0.00603027 0.373611 0.0120605 0.0263889
1 0.00876465 0.876389 0.0175293 0.0638889
0 0.377344 0.673611 0.078125 0.0791667
0 0.178906 0.623611 0.0808594 0.0722222
0 0.565625 0.944444 0.053125 0.111111
0 0.151953 0.783333 0.0289063 0.0513889
0 0.0170898 0.591667 0.0332031 0.0833333
1 0.59375 0.314931 0.0109375 0.0291667
0 0.673047 0.979167 0.0210938 0.0361111
1 0.00800781 0.372569 0.0123047 0.0208333
0 0.673437 0.958333 0.0234375 0.075
0 0.673437 0.947222 0.021875 0.0555556
1 0.316797 0.500694 0.0171875 0.0333333
0 0.672656 0.973611 0.0234375 0.0472222
1 0.373242 0.400347 0.0128906 0.0333333
0 0.673828 0.947917 0.0265625 0.0833333
0 0.675781 0.929167 0.0296875 0.0777778
1 0.106836 0.405208 0.0128906 0.0326389
0 0.00800781 0.865278 0.0160156 0.0652778
0 0.677734 0.960417 0.0320312 0.0736111
0 0.00800781 0.372569 0.0123047 0.0208333
0 0.59375 0.314931 0.0109375 0.0291667
1 0.00720215 0.861111 0.0144043 0.0611111
1 0.108008 0.408333 0.0117188 0.0319444
1 0.00844727 0.376389 0.0130859 0.0291667
0 0.688672 0.95 0.0554687 0.0888889
0 0.680469 0.949306 0.0390625 0.0861111
1 0.605078 0.356944 0.00703125 0.0208333
1 0.151367 0.781944 0.0300781 0.0555556
1 0.370898 0.0519965 0.00898437 0.0269097
1 0.665625 0.252604 0.0109375 0.0246528
1 0.00786133 0.368056 0.0117188 0.0291667
0 0.011499 0.863889 0.022998 0.075
1 0.0059082 0.372569 0.0118164 0.0256944
0 0.316797 0.500694 0.0171875 0.0333333
1 0.673437 0.947222 0.021875 0.0555556
1 0.665625 0.256424 0.009375 0.0302083
1 0.0174805 0.592014 0.0328125 0.0826389
1 0.673047 0.979167 0.0210938 0.0361111
1 0.673828 0.955556 0.0234375 0.075
1 0.375 0.402083 0.0132813 0.0333333
1 0.357812 0.148785 0.0125 0.0413194
0 0.161816 0.986458 0.0716797 0.0270833
0 0.682031 0.966667 0.0398437 0.0597222
1 0.37207 0.395833 0.0144531 0.0416667
0 0.673437 0.911806 0.0390625 0.1125
0 0.00844727 0.376389 0.0130859 0.0291667
1 0.0517578 0.0256944 0.0123047 0.0270833
1 0.0833008 0.924306 0.0160156 0.0388889
1 0.345313 0.995486 0.00703125 0.00902778
1 0.0109863 0.372917 0.0168945 0.025
1 0.608594 0.534722 0.00859375 0.0263889
1 0.318359 0.496528 0.0203125 0.0430556
0 0.00864258 0.876389 0.0172852 0.0638889
1 0.011499 0.863889 0.022998 0.075
1 0.672656 0.973611 0.0234375 0.0472222
1 0.371094 0.0611979 0.00859375 0.0432292
1 0.369727 0.398264 0.0175781 0.0354167
1 0.601562 0.310069 0.015625 0.0256944
0 0.0059082 0.372569 0.0118164 0.0256944
1 0.565625 0.94375 0.053125 0.1125
1 0.0547852 0.024056 0.0169922 0.0308811
0 0.00786133 0.368056 0.0117188 0.0291667
0 0.377344 0.673611 0.078125 0.0791667
0 0.178906 0.623611 0.0808594 0.0722222
0 0.565625 0.944444 0.053125 0.111111
0 0.151953 0.783333 0.0289063 0.0513889
0 0.0168213 0.590972 0.0330566 0.0819444
1 0.59375 0.314583 0.0109375 0.0291667
1 0.00800781 0.372569 0.0125 0.0208333
0 0.673047 0.978472 0.0210938 0.0361111
0 0.673437 0.958333 0.0234375 0.075
1 0.316797 0.5 0.0171875 0.0333333
0 0.673437 0.945833 0.0226563 0.0527778
1 0.373047 0.4 0.0132813 0.0333333
0 0.00825195 0.865278 0.0165039 0.0666667
0 0.675781 0.929167 0.0296875 0.0791667
1 0.107031 0.405208 0.0126953 0.0333333
0 0.678125 0.961111 0.03125 0.0722222
0 0.00800781 0.372569 0.0125 0.0208333
1 0.00776367 0.8625 0.0155273 0.0652778
0 0.674219 0.946528 0.0265625 0.0833333
1 0.605078 0.356944 0.00703125 0.0194444
1 0.00847168 0.376042 0.0131836 0.0298611
0 0.011377 0.863889 0.0227539 0.075
1 0.151953 0.783333 0.028125 0.05
1 0.665625 0.252604 0.0109375 0.0243056
1 0.370898 0.0516493 0.00898437 0.0262153
1 0.00791016 0.368403 0.0119141 0.0291667
0 0.696094 0.947222 0.0703125 0.0916667
1 0.0174561 0.592014 0.0327637 0.0826389
0 0.316797 0.5 0.0171875 0.0333333
0 0.59375 0.314583 0.0109375 0.0291667
1 0.00600586 0.372222 0.0120117 0.025
1 0.673047 0.978472 0.0210938 0.0361111
0 0.682813 0.954167 0.04375 0.0833333
1 0.665625 0.256597 0.009375 0.0298611
1 0.673437 0.945833 0.0226563 0.0527778
1 0.357812 0.14809 0.0125 0.0399306
1 0.375 0.402083 0.0132813 0.0333333
1 0.673437 0.958333 0.0234375 0.075
0 0.161719 0.986458 0.0714844 0.0270833
0 0.682031 0.966667 0.0398437 0.0611111
1 0.37207 0.395486 0.0144531 0.0416667
1 0.0517578 0.0255642 0.0123047 0.0272569
1 0.0832031 0.923611 0.0164062 0.0388889
1 0.0109375 0.372917 0.0170898 0.025
0 0.00847168 0.376042 0.0131836 0.0298611
1 0.345313 0.995486 0.00703125 0.00902778
1 0.608594 0.534375 0.00859375 0.0256944
1 0.011377 0.863889 0.0227539 0.075
0 0.674219 0.911111 0.0398437 0.115278
0 0.00878906 0.875 0.0175781 0.0666667
1 0.318164 0.496528 0.0207031 0.0430556
0 0.684375 0.907639 0.05625 0.113889
1 0.371094 0.0609592 0.00859375 0.0426649
0 0.00969238 0.855556 0.0188965 0.0722222
1 0.601172 0.309549 0.0148437 0.0253472
0 0.705469 0.920833 0.0890625 0.0944444
1 0.369531 0.398611 0.0179687 0.0361111
0 0.00600586 0.372222 0.0120117 0.025
1 0.0546875 0.0245226 0.0169922 0.0317708
0 0.00791016 0.368403 0.0119141 0.0291667
1 0.565625 0.94375 0.053125 0.1125
0 0.377344 0.673611 0.078125 0.0791667
0 0.178906 0.623958 0.0808594 0.0715278
0 0.565625 0.944444 0.053125 0.111111
0 0.151855 0.783333 0.0287109 0.0513889
0 0.0168945 0.590972 0.0332031 0.0819444
1 0.59375 0.314583 0.0109375 0.0284722
1 0.0079834 0.372222 0.0125 0.0208333
0 0.673047 0.978472 0.0210938 0.0361111
0 0.673437 0.958333 0.0234375 0.075
1 0.316992 0.5 0.0175781 0.0340278
0 0.673437 0.944444 0.021875 0.0527778
1 0.373242 0.4 0.0128906 0.0333333
0 0.00832519 0.865278 0.0166504 0.0666667
0 0.675781 0.929167 0.0296875 0.0777778
1 0.107227 0.405208 0.0125 0.0333333
0 0.678125 0.9625 0.03125 0.0694444
1 0.00803223 0.8625 0.0160645 0.0666667
1 0.605078 0.356944 0.00703125 0.01875
1 0.665625 0.252431 0.0109375 0.0236111
0 0.0079834 0.372222 0.0125 0.0208333
0 0.674219 0.945833 0.0265625 0.0819444
1 0.151953 0.783333 0.028125 0.05
0 0.0113159 0.863889 0.0226318 0.075
1 0.00847168 0.376042 0.0130859 0.0298611
1 0.0173828 0.591667 0.0327148 0.0819444
1 0.00786133 0.368056 0.0119141 0.0291667
1 0.665625 0.256597 0.009375 0.0298611
0 0.694922 0.947222 0.0679687 0.0916667
0 0.316992 0.5 0.0175781 0.0340278
1 0.00588379 0.372222 0.0117676 0.0256944
1 0.673047 0.978472 0.0210938 0.0361111
1 0.370898 0.0521701 0.00898437 0.0269097
1 0.673437 0.944444 0.021875 0.0527778
0 0.682813 0.954167 0.0429688 0.0833333
0 0.59375 0.314583 0.0109375 0.0284722
1 0.375 0.402083 0.0132813 0.0333333
1 0.357812 0.148438 0.0125 0.040625
0 0.161816 0.986806 0.0693359 0.0263889
1 0.673437 0.958333 0.0234375 0.075
1 0.0831787 0.922917 0.0164551 0.0375
1 0.37207 0.395486 0.0144531 0.0409722
1 0.0109863 0.372569 0.0169922 0.0256944
1 0.0113159 0.863889 0.0226318 0.075
1 0.608594 0.534028 0.00859375 0.025
0 0.00878906 0.874306 0.0175781 0.0680556
1 0.345313 0.995139 0.00664063 0.00972222
0 0.00847168 0.376042 0.0130859 0.0298611
1 0.0518066 0.0255642 0.0120117 0.0269097
0 0.674219 0.911111 0.0390625 0.115278
1 0.318164 0.496528 0.0207031 0.0430556
0 0.0097168 0.85625 0.0189453 0.0736111
1 0.369531 0.398611 0.0179687 0.0361111
0 0.684375 0.908333 0.05625 0.113889
0 0.705469 0.920833 0.0890625 0.0944444
1 0.601562 0.309375 0.0140625 0.025
1 0.371094 0.0611979 0.00859375 0.0428819
1 0.183008 0.336111 0.00859375 0.0284722
0 0.00786133 0.368056 0.0119141 0.0291667
1 0.565625 0.94375 0.0523437 0.1125
1 0.054248 0.0243815 0.015918 0.0314453
1 0.0433594 0.357639 0.0136719 0.0215278
1 0.00878906 0.874306 0.0175781 0.0680556
0 0.377344 0.673611 0.078125 0.0791667
0 0.178906 0.623611 0.0808594 0.0722222
0 0.565625 0.944444 0.053125 0.111111
0 0.151758 0.783333 0.0289063 0.0513889
0 0.0169434 0.590972 0.0333008 0.0819444
1 0.59375 0.314583 0.0109375 0.0277778
1 0.00795898 0.372569 0.0125 0.0215278
0 0.673047 0.978472 0.0210938 0.0361111
0 0.673437 0.958333 0.0234375 0.075
1 0.316992 0.5 0.0175781 0.0347222
0 0.673437 0.944444 0.021875 0.05
1 0.373242 0.4 0.0128906 0.0333333
1 0.594531 0.318056 0.0109375 0.0333333
0 0.00843506 0.864583 0.0168701 0.0680556
1 0.107129 0.405208 0.0126953 0.0340278
0 0.675391 0.929167 0.0289063 0.0777778
1 0.665625 0.252083 0.0109375 0.0229167
1 0.605078 0.356944 0.00703125 0.01875
1 0.00825195 0.8625 0.0165039 0.0666667
0 0.677734 0.963889 0.03125 0.0694444
1 0.151953 0.783333 0.028125 0.05
0 0.0113159 0.863194 0.0226318 0.075
0 0.00795898 0.372569 0.0125 0.0215278
1 0.00844727 0.376042 0.0130859 0.0298611
0 0.673828 0.945833 0.0257812 0.0805556
1 0.00786133 0.368403 0.0120117 0.0291667
1 0.0173828 0.591667 0.0328125 0.0819444
1 0.665625 0.256424 0.009375 0.0291667
1 0.673437 0.944444 0.021875 0.05
1 0.673047 0.978472 0.0210938 0.0361111
1 0.00585938 0.372222 0.0117188 0.0263889
0 0.316992 0.5 0.0175781 0.0347222
0 0.694531 0.948611 0.0671875 0.0916667
1 0.370898 0.0528212 0.00898437 0.0278646
0 0.682813 0.954167 0.04375 0.0833333
0 0.161719 0.986111 0.0695312 0.0277778
1 0.673437 0.954167 0.0234375 0.0736111
0 0.59375 0.314583 0.0109375 0.0277778
1 0.375 0.402083 0.0132813 0.0333333
1 0.358203 0.14822 0.0125 0.0403646
1 0.0831055 0.922917 0.0166016 0.0375
1 0.0109863 0.372917 0.0169922 0.0263889
1 0.372266 0.395486 0.0148437 0.0409722
1 0.0113159 0.863194 0.0226318 0.075
0 0.00844727 0.376042 0.0130859 0.0298611
1 0.608594 0.534028 0.00859375 0.025
0 0.00976562 0.855556 0.0191406 0.0722222
1 0.0518555 0.0258247 0.0121094 0.0271701
1 0.345313 0.995486 0.00664063 0.00902778
0 0.674219 0.911806 0.0390625 0.113889
1 0.318164 0.496528 0.0207031 0.0430556
1 0.369531 0.398611 0.0179687 0.0354167
0 0.683594 0.908333 0.0539063 0.113889
0 0.705078 0.922222 0.0882813 0.0944444
1 0.601562 0.309375 0.0140625 0.0243056
1 0.183008 0.336024 0.00859375 0.0279514
0 0.00786133 0.368403 0.0120117 0.0291667
1 0.371094 0.06148 0.00859375 0.0430122
1 0.00878906 0.873611 0.0175781 0.0694444
1 0.0432617 0.357639 0.0138672 0.0215278
1 0.565625 0.94375 0.0523437 0.1125
0 0.377734 0.673611 0.0789063 0.0791667
0 0.178906 0.623958 0.0808594 0.0715278
0 0.565625 0.944444 0.053125 0.111111
0 0.151855 0.783333 0.0289063 0.0527778
0 0.0171631 0.591667 0.0336426 0.0833333
1 0.59375 0.314583 0.0109375 0.0277778
1 0.00795898 0.372569 0.0125 0.0215278
0 0.673047 0.979167 0.0210938 0.0361111
0 0.673437 0.958333 0.0234375 0.075
1 0.316797 0.5 0.0171875 0.0340278
0 0.673437 0.944444 0.021875 0.05
1 0.594531 0.318056 0.0109375 0.0333333
1 0.373242 0.4 0.0128906 0.0333333
0 0.00845947 0.864583 0.0169189 0.0680556
1 0.107227 0.405208 0.0125 0.0340278
1 0.665625 0.252083 0.0109375 0.0229167
0 0.675391 0.929167 0.0289063 0.0777778
1 0.604688 0.356944 0.00625 0.01875
1 0.00830078 0.8625 0.0166016 0.0666667
0 0.677734 0.963889 0.03125 0.0666667
1 0.151953 0.783333 0.028125 0.0513889
1 0.00844727 0.376042 0.0131348 0.0298611
0 0.0113037 0.863194 0.0226074 0.075
0 0.00795898 0.372569 0.0125 0.0215278
1 0.00791016 0.368403 0.0120117 0.0291667
0 0.673828 0.945833 0.0257812 0.0819444
1 0.665625 0.256424 0.009375 0.0291667
1 0.0173828 0.591667 0.0328125 0.0819444
1 0.673047 0.979167 0.0210938 0.0361111
1 0.673437 0.944444 0.021875 0.05
1 0.00578613 0.372569 0.0115723 0.0263889
0 0.316797 0.5 0.0171875 0.0340278
0 0.695312 0.948611 0.06875 0.0916667
1 0.370898 0.0530382 0.00898437 0.0282986
0 0.683594 0.954167 0.04375 0.0833333
0 0.161719 0.986806 0.0695312 0.0263889
1 0.673437 0.954167 0.0234375 0.0722222
0 0.59375 0.314583 0.0109375 0.0277778
1 0.0831055 0.923611 0.0166016 0.0361111
1 0.358203 0.148264 0.0125 0.0402778
1 0.0110352 0.372917 0.0168945 0.0263889
1 0.375 0.402083 0.0132813 0.0333333
1 0.0113037 0.863194 0.0226074 0.075
0 0.00844727 0.376042 0.0131348 0.0298611
1 0.372266 0.395486 0.0148437 0.0409722
0 0.00976562 0.855556 0.0191406 0.0722222
1 0.608594 0.534028 0.0078125 0.025
1 0.345313 0.995486 0.00664063 0.00902778
1 0.0518555 0.0259549 0.0121094 0.0273438
0 0.674219 0.9125 0.0390625 0.111111
1 0.369531 0.398611 0.0179687 0.0347222
1 0.318164 0.496528 0.0207031 0.0430556
0 0.705469 0.922222 0.0890625 0.0944444
0 0.684375 0.909028 0.0554687 0.1125
1 0.601562 0.309201 0.0140625 0.0246528
1 0.371094 0.0613064 0.00859375 0.0430122
0 0.00791016 0.368403 0.0120117 0.0291667
1 0.183008 0.335764 0.00859375 0.0277778
0 0.00991211 0.708333 0.0177734 0.0333333
1 0.00875244 0.873611 0.0175049 0.0694444
1 0.0432129 0.357639 0.0138672 0.0215278
0 0.377734 0.673611 0.0789063 0.0791667
0 0.178906 0.623958 0.0808594 0.0715278
0 0.565625 0.944444 0.053125 0.111111
0 0.151758 0.783333 0.0289063 0.0513889
0 0.0171631 0.591667 0.0336426 0.0833333
1 0.59375 0.314583 0.0109375 0.0277778
1 0.00805664 0.372569 0.0125977 0.0215278
0 0.673047 0.978472 0.0210938 0.0361111
0 0.673437 0.958333 0.0234375 0.075
1 0.316992 0.5 0.0171875 0.0347222
0 0.673437 0.944444 0.021875 0.05
1 0.373242 0.4 0.0128906 0.0333333
0 0.00911865 0.8625 0.0182373 0.0694444
1 0.107031 0.404861 0.0126953 0.0333333
1 0.665625 0.252083 0.0109375 0.0229167
0 0.675391 0.929167 0.0289063 0.0777778
1 0.00827637 0.8625 0.0165527 0.0666667
1 0.151953 0.783333 0.028125 0.05
1 0.605078 0.356944 0.00703125 0.01875
0 0.677734 0.963889 0.03125 0.0666667
1 0.00849609 0.376389 0.0131836 0.0291667
1 0.00800781 0.368403 0.0121094 0.0291667
0 0.00805664 0.372569 0.0125977 0.0215278
0 0.673828 0.946528 0.0257812 0.0819444
1 0.665625 0.256424 0.009375 0.0291667
0 0.0117188 0.863194 0.0230469 0.0777778
1 0.0173828 0.591667 0.0328125 0.0826389
1 0.673437 0.944444 0.021875 0.05
1 0.673047 0.978472 0.0210938 0.0361111
1 0.00585938 0.372569 0.0117188 0.0263889
0 0.316992 0.5 0.0171875 0.0347222
0 0.696094 0.948611 0.0703125 0.0916667
0 0.683594 0.954861 0.04375 0.0833333
1 0.370898 0.053342 0.00898437 0.0287326
1 0.673437 0.954167 0.0234375 0.0722222
0 0.161816 0.986806 0.0697266 0.0263889
0 0.59375 0.314583 0.0109375 0.0277778
1 0.0110352 0.372222 0.0168945 0.0263889
1 0.375 0.402083 0.0132813 0.0333333
1 0.358203 0.148264 0.0125 0.0399306
1 0.0831055 0.923611 0.0166016 0.0375
1 0.0113159 0.863889 0.0226318 0.075
0 0.00876465 0.873611 0.0175293 0.0694444
1 0.372266 0.395486 0.0148437 0.0409722
0 0.00849609 0.376389 0.0131836 0.0291667
0 0.684375 0.943056 0.0484375 0.0972222
1 0.345313 0.995486 0.00664063 0.00902778
1 0.608594 0.534028 0.00859375 0.025
1 0.369531 0.398611 0.0179687 0.0347222
1 0.318359 0.496528 0.0203125 0.0430556
1 0.0518555 0.0261285 0.012207 0.0274306
0 0.674219 0.9125 0.0382813 0.111111
0 0.705469 0.920833 0.0890625 0.0944444
1 0.601172 0.309375 0.0148437 0.025
0 0.684375 0.909028 0.0554687 0.111111
0 0.00800781 0.368403 0.0121094 0.0291667
1 0.371094 0.0613715 0.00859375 0.0428819
0 0.377734 0.673611 0.0789063 0.0791667
0 0.178906 0.623958 0.0808594 0.0715278
0 0.565625 0.944444 0.053125 0.111111
0 0.151758 0.783333 0.0289063 0.0513889
0 0.0171631 0.591667 0.0336426 0.0833333
1 0.59375 0.314583 0.0109375 0.0277778
1 0.00810547 0.372569 0.0126953 0.0215278
0 0.673047 0.979167 0.0210938 0.0361111
0 0.673437 0.958333 0.0234375 0.075
0 0.673437 0.944444 0.021875 0.05
1 0.316797 0.5 0.0171875 0.0347222
1 0.373242 0.4 0.0128906 0.0333333
0 0.00915527 0.8625 0.0183105 0.0680556
1 0.106934 0.404861 0.0128906 0.0340278
1 0.665625 0.252257 0.0109375 0.0229167
1 0.151953 0.783333 0.028125 0.05
0 0.675 0.929167 0.028125 0.0777778
1 0.00832519 0.8625 0.0166504 0.0666667
1 0.605078 0.356944 0.00703125 0.01875
1 0.00847168 0.376042 0.0133789 0.0298611
1 0.00805664 0.368056 0.0122559 0.0291667
0 0.677734 0.963194 0.03125 0.0694444
0 0.00810547 0.372569 0.0126953 0.0215278
1 0.665625 0.256597 0.009375 0.0291667
0 0.673437 0.945833 0.0265625 0.0833333
0 0.0117188 0.863194 0.0230957 0.0777778
1 0.673437 0.944444 0.021875 0.05
1 0.673047 0.979167 0.0210938 0.0361111
1 0.0173584 0.591667 0.0328613 0.0819444
1 0.0059082 0.372222 0.0118164 0.0263889
0 0.316797 0.5 0.0171875 0.0347222
0 0.697656 0.947917 0.0734375 0.0944444
0 0.683203 0.954861 0.04375 0.0833333
1 0.673437 0.954167 0.0234375 0.0722222
1 0.0110107 0.372222 0.0169434 0.0263889
0 0.59375 0.314583 0.0109375 0.0277778
1 0.370898 0.0538194 0.00898437 0.0296875
1 0.375 0.402083 0.0132813 0.0333333
1 0.0830322 0.923611 0.016748 0.0361111
0 0.161816 0.986806 0.0697266 0.0263889
0 0.00864258 0.873611 0.0172852 0.0694444
1 0.0113647 0.863194 0.0227295 0.0736111
0 0.00847168 0.376042 0.0133789 0.0298611
1 0.358203 0.14796 0.0125 0.0394965
1 0.372266 0.395486 0.0148437 0.0409722
1 0.345313 0.995139 0.00664063 0.00972222
1 0.369922 0.398611 0.0179687 0.0354167
1 0.318164 0.496528 0.0203125 0.0430556
0 0.687891 0.939583 0.0546875 0.102778
1 0.608594 0.534028 0.00859375 0.0243056
0 0.674219 0.9125 0.0375 0.111111
1 0.0518555 0.0263455 0.0124023 0.027691
1 0.600781 0.309201 0.015625 0.0246528
0 0.70625 0.920139 0.090625 0.0944444
0 0.00805664 0.368056 0.0122559 0.0291667
1 0.101758 0.403472 0.0183594 0.0354167
0 0.684375 0.909028 0.0554687 0.1125
0 0.377734 0.673611 0.0789063 0.0791667
0 0.178906 0.623958 0.0808594 0.0715278
0 0.565625 0.944097 0.053125 0.111806
0 0.151855 0.783333 0.0289063 0.0513889
0 0.0171387 0.591667 0.0336914 0.0833333
1 0.59375 0.314583 0.0109375 0.0277778
1 0.00810547 0.372569 0.012793 0.0215278
0 0.672656 0.979167 0.0203125 0.0361111
0 0.673437 0.959028 0.0234375 0.0736111
1 0.316797 0.5 0.0171875 0.0347222
0 0.673437 0.944444 0.021875 0.0472222
1 0.594531 0.318056 0.009375 0.0326389
1 0.373242 0.4 0.0128906 0.0333333
0 0.00913086 0.8625 0.0182617 0.0680556
1 0.106934 0.404861 0.0130859 0.0340278
1 0.151953 0.783333 0.028125 0.05
1 0.665625 0.252083 0.0109375 0.0229167
0 0.675 0.927778 0.028125 0.0805556
1 0.00847168 0.376042 0.0134766 0.0298611
1 0.00834961 0.8625 0.0166992 0.0638889
1 0.605078 0.356944 0.00703125 0.01875
0 0.00810547 0.372569 0.012793 0.0215278
0 0.677344 0.963889 0.03125 0.0694444
1 0.673437 0.944444 0.021875 0.0472222
1 0.672656 0.979167 0.0203125 0.0361111
1 0.665625 0.256597 0.009375 0.0284722
0 0.0117676 0.863889 0.0232422 0.0777778
0 0.673437 0.944444 0.0265625 0.0861111
1 0.0172852 0.591667 0.0328125 0.0819444
1 0.00599365 0.372222 0.0119873 0.0263889
0 0.316797 0.5 0.0171875 0.0347222
1 0.673437 0.954861 0.0234375 0.0722222
1 0.0109863 0.372222 0.0170898 0.0256944
0 0.698438 0.947917 0.075 0.0944444
0 0.683203 0.954861 0.04375 0.0833333
0 0.59375 0.314583 0.0109375 0.0277778
1 0.0830078 0.923611 0.0167969 0.0361111
1 0.375 0.402083 0.0132813 0.0333333
1 0.371094 0.0542535 0.009375 0.0303819
0 0.00856934 0.873611 0.0171387 0.0694444
0 0.161914 0.986806 0.0699219 0.0263889
0 0.00847168 0.376042 0.0134766 0.0298611
1 0.0114502 0.863194 0.0229004 0.0736111
1 0.372266 0.395139 0.0148437 0.0416667
1 0.345313 0.995486 0.00664063 0.00902778
1 0.318359 0.496528 0.0203125 0.0430556
1 0.369922 0.398611 0.0179687 0.0347222
1 0.358203 0.147917 0.0125 0.0388889
0 0.674219 0.9125 0.0375 0.111111
1 0.608594 0.534028 0.00859375 0.0236111
1 0.0518555 0.0265625 0.0125 0.0280382
1 0.600781 0.309201 0.015625 0.0243056
0 0.69375 0.934722 0.0671875 0.111111
0 0.70625 0.918056 0.090625 0.0944444
1 0.101855 0.403472 0.01875 0.0354167
0 0.377734 0.673611 0.0789063 0.0791667
0 0.178906 0.623958 0.0808594 0.0715278
0 0.565625 0.944097 0.053125 0.111806
0 0.151758 0.783333 0.0289063 0.0513889
0 0.0171631 0.591667 0.0337402 0.0833333
1 0.59375 0.314757 0.0101562 0.0274306
1 0.0081543 0.372222 0.0128906 0.0222222
0 0.672656 0.979167 0.0203125 0.0361111
0 0.673437 0.959722 0.0234375 0.075
1 0.316992 0.5 0.0167969 0.0347222
0 0.673437 0.944444 0.021875 0.0472222
1 0.373242 0.4 0.0128906 0.0333333
0 0.00909424 0.8625 0.0181885 0.0694444
1 0.106836 0.404861 0.0132813 0.0347222
1 0.151953 0.783333 0.028125 0.05
1 0.665625 0.252257 0.0109375 0.0225694
0 0.675 0.927778 0.028125 0.0805556
1 0.00839844 0.8625 0.0167969 0.0638889
1 0.605078 0.356944 0.00703125 0.01875
0 0.0081543 0.372222 0.0128906 0.0222222
0 0.677734 0.9625 0.0320312 0.0722222
1 0.673437 0.944444 0.021875 0.0472222
1 0.672656 0.979167 0.0203125 0.0361111
1 0.665625 0.256597 0.009375 0.0284722
0 0.673828 0.944444 0.0265625 0.0888889
0 0.0117676 0.863889 0.0231934 0.0777778
1 0.0060791 0.372222 0.0121582 0.0263889
1 0.0172852 0.591667 0.0328125 0.0833333
1 0.0109619 0.372222 0.0171387 0.0263889
1 0.673437 0.955556 0.0234375 0.0722222
0 0.316992 0.5 0.0167969 0.0347222
0 0.683594 0.954861 0.04375 0.0833333
0 0.698828 0.947917 0.0757812 0.0958333
1 0.0829102 0.923611 0.0167969 0.0375
0 0.59375 0.314757 0.0101562 0.0274306
1 0.375 0.402083 0.0132813 0.0333333
0 0.00849609 0.873611 0.0169922 0.0694444
1 0.315625 0.498611 0.021875 0.0381944
1 0.371094 0.0544271 0.009375 0.0307292
1 0.0114624 0.863889 0.0229248 0.0722222
1 0.318359 0.496528 0.0203125 0.0430556
0 0.161523 0.986111 0.0761719 0.0277778
1 0.372266 0.395486 0.0148437 0.0416667
1 0.369922 0.398611 0.0179687 0.0347222
1 0.345313 0.995486 0.00703125 0.00902778
0 0.674219 0.911111 0.0375 0.113889
1 0.358398 0.147743 0.0121094 0.0385417
1 0.101953 0.403472 0.0191406 0.0361111
1 0.600781 0.309375 0.015625 0.0243056
1 0.608594 0.534028 0.00859375 0.0236111
1 0.0519531 0.0268663 0.0126953 0.0286458
0 0.706641 0.918056 0.0914062 0.0944444
0 0.377734 0.673264 0.0789063 0.0784722
0 0.178906 0.623611 0.0808594 0.0708333
0 0.565625 0.944097 0.053125 0.111806
0 0.151855 0.783333 0.0289063 0.0513889
0 0.0171875 0.591667 0.0337891 0.0833333
1 0.59375 0.314757 0.0109375 0.0274306
1 0.00820312 0.372569 0.0129883 0.0222222
0 0.672656 0.979167 0.0203125 0.0361111
0 0.673437 0.959722 0.0234375 0.075
1 0.316797 0.5 0.0164062 0.0347222
0 0.673437 0.945139 0.021875 0.0472222
1 0.373242 0.4 0.0128906 0.0333333
0 0.00904541 0.8625 0.0180908 0.0694444
1 0.152051 0.783333 0.028125 0.05
1 0.106836 0.404861 0.0136719 0.0347222
1 0.665625 0.252083 0.0109375 0.0229167
1 0.00847168 0.376389 0.013623 0.0305556
0 0.675 0.927083 0.028125 0.0833333
1 0.605078 0.357292 0.00703125 0.01875
1 0.00844727 0.8625 0.0168945 0.0638889
0 0.00820312 0.372569 0.0129883 0.0222222
0 0.678125 0.961111 0.0328125 0.075
1 0.673437 0.945139 0.021875 0.0472222
1 0.665625 0.256597 0.009375 0.0284722
1 0.672656 0.979167 0.0203125 0.0361111
1 0.00616455 0.372222 0.0123291 0.0263889
0 0.674219 0.943056 0.0265625 0.0916667
0 0.0117676 0.863889 0.0232422 0.0777778
1 0.0172852 0.591667 0.0328125 0.0833333
1 0.0109375 0.372222 0.0171875 0.0263889
1 0.673437 0.955556 0.0234375 0.0722222
0 0.316797 0.5 0.0164062 0.0347222
0 0.683594 0.955556 0.04375 0.0833333
1 0.0829102 0.923611 0.0166016 0.0361111
1 0.375 0.402083 0.0132813 0.0333333
0 0.699219 0.947917 0.0765625 0.0958333
0 0.59375 0.314757 0.0109375 0.0274306
0 0.00844727 0.873611 0.0168945 0.0694444
1 0.315625 0.498611 0.021875 0.0388889
0 0.00847168 0.376389 0.013623 0.0305556
1 0.371094 0.0541667 0.009375 0.0300347
1 0.0114746 0.863889 0.0229492 0.0722222
0 0.161523 0.986458 0.0722656 0.0270833
1 0.372266 0.395486 0.0148437 0.0416667
1 0.369922 0.398611 0.01875 0.0347222
0 0.674219 0.911111 0.0375 0.113889
1 0.358594 0.147396 0.0117188 0.0381944
1 0.101953 0.403819 0.0191406 0.0361111
1 0.345313 0.995139 0.00703125 0.00972222
1 0.600391 0.309375 0.0164062 0.0243056
1 0.608594 0.534028 0.00859375 0.0236111
0 0.377734 0.673264 0.0789063 0.0784722
0 0.565625 0.944097 0.053125 0.111806
0 0.178906 0.623611 0.0808594 0.0708333
0 0.151855 0.783333 0.0289063 0.05
0 0.0171875 0.591667 0.0337891 0.0833333
1 0.59375 0.314757 0.0109375 0.0274306
1 0.00820312 0.372222 0.0129883 0.0222222
0 0.672656 0.979167 0.0203125 0.0361111
0 0.673437 0.959722 0.0234375 0.075
1 0.316797 0.5 0.0164062 0.0347222
0 0.673437 0.945139 0.021875 0.0472222
1 0.373242 0.400347 0.0128906 0.0340278
0 0.00899658 0.863194 0.0179932 0.0680556
1 0.152051 0.783333 0.028125 0.05
1 0.106641 0.404514 0.0136719 0.0347222
1 0.665625 0.252083 0.0109375 0.0229167
1 0.00849609 0.376389 0.0136719 0.0305556
0 0.675 0.926389 0.028125 0.0861111
1 0.605078 0.357292 0.00703125 0.01875
1 0.00848389 0.8625 0.0169678 0.0638889
0 0.00820312 0.372222 0.0129883 0.0222222
1 0.673437 0.945139 0.021875 0.0472222
1 0.665234 0.256597 0.0101562 0.0284722
1 0.00625 0.372222 0.0125 0.0270833
1 0.672656 0.979167 0.0203125 0.0361111
0 0.0118164 0.863889 0.0232422 0.0763889
1 0.0172852 0.591667 0.0328125 0.0833333
1 0.0109375 0.372222 0.0171875 0.0263889
1 0.0829102 0.923611 0.0166016 0.0361111
1 0.673437 0.959722 0.0234375 0.075
0 0.316797 0.5 0.0164062 0.0347222
1 0.375 0.402431 0.0132813 0.0333333
0 0.683594 0.955556 0.04375 0.0833333
0 0.00839844 0.873611 0.0167969 0.0694444
0 0.59375 0.314757 0.0109375 0.0274306
0 0.7 0.947917 0.078125 0.0972222
1 0.315625 0.498611 0.021875 0.0388889
0 0.00981445 0.854167 0.0196289 0.0694444
0 0.00849609 0.376389 0.0136719 0.0305556
1 0.371094 0.0541667 0.009375 0.0296875
1 0.0115234 0.863889 0.0230469 0.0722222
1 0.372266 0.395486 0.0148437 0.0416667
1 0.369922 0.398611 0.01875 0.0347222
1 0.101953 0.404167 0.0191406 0.0361111
0 0.161523 0.986806 0.0722656 0.0263889
0 0.674219 0.911111 0.0375 0.116667
1 0.358398 0.147266 0.0117188 0.0374132
1 0.6 0.309375 0.0171875 0.0243056
1 0.345313 0.995139 0.00703125 0.00972222
0 0.377734 0.673264 0.0789063 0.0784722
0 0.565625 0.944097 0.053125 0.111806
0 0.178906 0.623611 0.0808594 0.0708333
0 0.151758 0.783333 0.0296875 0.05
0 0.0171875 0.591667 0.0337891 0.0833333
1 0.59375 0.314931 0.0109375 0.0270833
1 0.00825195 0.372222 0.0130859 0.0222222
0 0.672656 0.979167 0.0203125 0.0361111
0 0.673047 0.956944 0.0210938 0.0638889
1 0.316992 0.5 0.0164062 0.0347222
0 0.673437 0.945139 0.021875 0.0472222
1 0.373242 0.400694 0.0128906 0.0333333
0 0.00900879 0.863194 0.0180176 0.0680556
1 0.152148 0.784028 0.028125 0.05
1 0.106641 0.404514 0.0140625 0.0347222
1 0.00852051 0.376042 0.0137207 0.0305556
1 0.665625 0.252083 0.0109375 0.0229167
0 0.675 0.926389 0.028125 0.0861111
1 0.605078 0.357292 0.00703125 0.01875
1 0.00854492 0.861806 0.0170898 0.0638889
0 0.00825195 0.372222 0.0130859 0.0222222
1 0.673437 0.945139 0.021875 0.0472222
1 0.00627441 0.372222 0.0125488 0.0277778
0 0.678125 0.959028 0.0328125 0.0791667
1 0.665234 0.256944 0.0101562 0.0284722
1 0.672656 0.979167 0.0203125 0.0361111
0 0.0118652 0.863889 0.0233398 0.0763889
1 0.0109375 0.372222 0.0172852 0.0263889
1 0.0172363 0.591667 0.0327148 0.0833333
1 0.0828125 0.923611 0.0166016 0.0361111
1 0.375 0.402431 0.0132813 0.0333333
0 0.316992 0.5 0.0164062 0.0347222
1 0.673047 0.959722 0.0226563 0.0736111
0 0.00834961 0.873611 0.0166992 0.0694444
0 0.683594 0.955556 0.04375 0.0833333
0 0.59375 0.314931 0.0109375 0.0270833
0 0.0098877 0.853472 0.0197754 0.0680556
1 0.318359 0.496528 0.0199219 0.0430556
0 0.700781 0.947222 0.0796875 0.0972222
0 0.00852051 0.376042 0.0137207 0.0305556
1 0.0115845 0.863194 0.0231689 0.0722222
1 0.102051 0.404167 0.0193359 0.0361111
1 0.372266 0.395486 0.0148437 0.0416667
1 0.371094 0.0543837 0.009375 0.0299479
1 0.369922 0.398958 0.01875 0.0347222
1 0.358594 0.146875 0.0117188 0.0368056
0 0.161328 0.986806 0.0722656 0.0263889
0 0.674219 0.909722 0.0375 0.116667
1 0.6 0.309549 0.0171875 0.0243056
0 0.377734 0.673264 0.0789063 0.0784722
0 0.565625 0.944097 0.053125 0.111806
0 0.178955 0.624306 0.0811523 0.0708333
0 0.151758 0.784028 0.0296875 0.05
0 0.0171875 0.591667 0.0337891 0.0833333
1 0.59375 0.314931 0.0109375 0.0270833
1 0.00825195 0.372569 0.0131836 0.0229167
0 0.672656 0.979167 0.0203125 0.0361111
0 0.673047 0.958333 0.0210938 0.0652778
1 0.316992 0.5 0.0164062 0.0347222
0 0.673437 0.945833 0.021875 0.0486111
1 0.373242 0.400347 0.0128906 0.0340278
0 0.009021 0.863194 0.018042 0.0680556
1 0.152148 0.784028 0.028125 0.05
1 0.106641 0.404514 0.0140625 0.0347222
1 0.665625 0.252431 0.0109375 0.0229167
0 0.675 0.926389 0.028125 0.0888889
1 0.604688 0.357292 0.0078125 0.01875
1 0.00859375 0.861111 0.0171875 0.0638889
0 0.00825195 0.372569 0.0131836 0.0229167
1 0.00637207 0.372222 0.0127441 0.0277778
1 0.673437 0.945833 0.021875 0.0486111
0 0.678125 0.957639 0.0328125 0.0819444
1 0.665234 0.256944 0.0101562 0.0284722
1 0.672656 0.979167 0.0203125 0.0361111
0 0.0119141 0.863889 0.0233887 0.0763889
1 0.0109131 0.372222 0.0172852 0.0270833
1 0.0172119 0.591319 0.0327637 0.0833333
1 0.0828125 0.923611 0.0166016 0.0361111
1 0.375 0.402431 0.0132813 0.0333333
0 0.316992 0.5 0.0164062 0.0347222
0 0.00837402 0.873611 0.016748 0.0694444
1 0.673047 0.959722 0.0226563 0.075
1 0.318359 0.496528 0.0199219 0.0430556
0 0.00993652 0.852778 0.019873 0.0666667
0 0.59375 0.314931 0.0109375 0.0270833
1 0.102051 0.404167 0.0195312 0.0361111
0 0.7 0.947917 0.078125 0.0986111
1 0.0116333 0.863889 0.0232666 0.0722222
1 0.372266 0.395833 0.0148437 0.0416667
1 0.369922 0.398611 0.01875 0.0347222
1 0.371094 0.0546007 0.009375 0.0302083
1 0.6 0.309722 0.0171875 0.025
0 0.565625 0.944097 0.053125 0.111806
0 0.377734 0.673264 0.0789063 0.0784722
0 0.178955 0.624306 0.0811523 0.0708333
0 0.15166 0.783333 0.0294922 0.05
0 0.0171875 0.591667 0.0338867 0.0833333
1 0.59375 0.314931 0.0109375 0.0270833
1 0.00825195 0.372569 0.0132813 0.0229167
0 0.672656 0.979167 0.0203125 0.0361111
0 0.673047 0.958333 0.0210938 0.0652778
1 0.317187 0.5 0.0164062 0.0347222
0 0.673437 0.945833 0.021875 0.0486111
1 0.373242 0.400694 0.0128906 0.0333333
0 0.00898437 0.863194 0.0179687 0.0680556
1 0.152148 0.784028 0.028125 0.05
1 0.106641 0.404861 0.0144531 0.0347222
1 0.665625 0.252431 0.0109375 0.0229167
0 0.675 0.925 0.028125 0.0916667
1 0.605078 0.357292 0.0078125 0.01875
0 0.00825195 0.372569 0.0132813 0.0229167
1 0.00856934 0.861806 0.0171387 0.0625
1 0.0064209 0.372222 0.0128418 0.0277778
1 0.673437 0.945833 0.021875 0.0486111
0 0.678125 0.956944 0.0328125 0.0833333
1 0.672656 0.979167 0.0203125 0.0361111
1 0.0108887 0.372222 0.017334 0.0277778
0 0.0119629 0.863889 0.0234375 0.075
1 0.665625 0.256944 0.009375 0.0284722
1 0.0171875 0.591319 0.0328125 0.0833333
1 0.0827148 0.923611 0.0166016 0.0361111
1 0.375 0.402431 0.0132813 0.0333333
0 0.317187 0.5 0.0164062 0.0347222
0 0.00831299 0.873611 0.016626 0.0694444
1 0.673047 0.959722 0.0226563 0.0736111
0 0.00996094 0.852778 0.0199219 0.0666667
1 0.318359 0.496181 0.0195312 0.0430556
0 0.59375 0.314931 0.0109375 0.0270833
1 0.102148 0.404167 0.0195312 0.0368056
1 0.315625 0.498611 0.021875 0.0388889
1 0.0116943 0.863889 0.0233887 0.0722222
0 0.7 0.947917 0.078125 0.0986111
1 0.372461 0.395833 0.0152344 0.0416667
1 0.369922 0.398611 0.01875 0.0347222
0 0.0175781 0.561458 0.0351562 0.14375
1 0.371094 0.0546007 0.009375 0.0300347
1 0.6 0.310069 0.0171875 0.025
0 0.565625 0.944097 0.053125 0.111806
0 0.377734 0.673264 0.0789063 0.0784722
0 0.178955 0.624306 0.0811523 0.0708333
0 0.15166 0.783333 0.0294922 0.05
0 0.0171875 0.591667 0.0339844 0.0833333
1 0.59375 0.314931 0.0109375 0.0277778
1 0.00830078 0.372569 0.0133301 0.0229167
0 0.672656 0.979167 0.0203125 0.0361111
1 0.316992 0.5 0.0160156 0.0347222
0 0.673047 0.958333 0.0210938 0.0666667
0 0.673437 0.945833 0.021875 0.05
1 0.373437 0.400694 0.0125 0.0333333
1 0.152148 0.783333 0.028125 0.05
0 0.00895996 0.863194 0.0179199 0.0680556
1 0.106543 0.404861 0.0144531 0.0347222
1 0.665625 0.252604 0.0109375 0.0232639
0 0.675 0.925 0.028125 0.0916667
0 0.00830078 0.372569 0.0133301 0.0229167
1 0.00852051 0.861111 0.017041 0.0611111
1 0.605078 0.357292 0.0078125 0.01875
1 0.00643311 0.372222 0.0128662 0.0277778
1 0.673437 0.945833 0.021875 0.05
0 0.678125 0.956944 0.0328125 0.0833333
1 0.0108887 0.372222 0.0173828 0.0277778
1 0.672656 0.979167 0.0203125 0.0361111
0 0.0119873 0.863889 0.0234863 0.075
1 0.665625 0.256944 0.009375 0.0288194
1 0.0827148 0.923611 0.0166016 0.0361111
1 0.0171875 0.591319 0.0328125 0.0833333
0 0.00827637 0.873611 0.0165527 0.0694444
0 0.316992 0.5 0.0160156 0.0347222
1 0.318359 0.496181 0.0195312 0.0430556
1 0.673047 0.959722 0.0226563 0.0736111
0 0.00998535 0.852778 0.0199707 0.0666667
1 0.102148 0.404167 0.0199219 0.0368056
0 0.59375 0.314931 0.0109375 0.0277778
1 0.315625 0.498611 0.021875 0.0388889
1 0.0114502 0.8625 0.0229004 0.0666667
0 0.698828 0.948611 0.075 0.0972222
0 0.017627 0.561806 0.0352539 0.144444
1 0.372461 0.395833 0.0152344 0.0416667
1 0.599219 0.310417 0.0171875 0.0256944
1 0.369922 0.398958 0.01875 0.0347222
0 0.565625 0.944097 0.053125 0.111806
0 0.377734 0.673264 0.0789063 0.0784722
0 0.178955 0.624306 0.0811523 0.0708333
0 0.15166 0.783333 0.0294922 0.05
0 0.0171875 0.591319 0.0339844 0.0840278
1 0.59375 0.314931 0.0109375 0.0277778
1 0.00830078 0.372569 0.0132813 0.0229167
0 0.672656 0.979167 0.0203125 0.0361111
1 0.317187 0.5 0.0164062 0.0347222
0 0.673047 0.958333 0.0210938 0.0652778
0 0.673437 0.945833 0.021875 0.05
1 0.373437 0.400694 0.0125 0.0333333
1 0.152148 0.784028 0.028125 0.05
0 0.00895996 0.863194 0.0179199 0.0680556
1 0.106641 0.404861 0.0144531 0.0347222
1 0.665625 0.252604 0.0109375 0.0232639
0 0.675 0.925 0.028125 0.0916667
0 0.00830078 0.372569 0.0132813 0.0229167
1 0.605078 0.357639 0.0078125 0.0194444
1 0.00852051 0.861111 0.017041 0.0611111
1 0.00644531 0.372222 0.0128906 0.0277778
1 0.673437 0.945833 0.021875 0.05
0 0.678125 0.956944 0.0328125 0.0833333
1 0.0108887 0.372222 0.0173828 0.0277778
1 0.672656 0.979167 0.0203125 0.0361111
1 0.665625 0.256944 0.009375 0.0288194
0 0.0119629 0.863889 0.0234375 0.075
1 0.0827148 0.923611 0.0166016 0.0361111
1 0.0171875 0.591319 0.0328125 0.0833333
0 0.00831299 0.873611 0.016626 0.0694444
0 0.317187 0.5 0.0164062 0.0347222
1 0.318359 0.496181 0.0195312 0.0430556
1 0.673047 0.959722 0.0226563 0.0736111
0 0.00998535 0.852778 0.0199707 0.0666667
1 0.102148 0.404167 0.0199219 0.0368056
0 0.59375 0.314931 0.0109375 0.0277778
1 0.315625 0.498611 0.021875 0.0388889
1 0.0114502 0.8625 0.0229004 0.0680556
0 0.699219 0.948611 0.0757812 0.0972222
0 0.017627 0.561806 0.0352539 0.144444
1 0.372461 0.395833 0.0152344 0.0416667
1 0.599219 0.310417 0.0171875 0.0256944
1 0.369922 0.398611 0.01875 0.0347222
