0 0.0231445 0.385833 0.0415039 0.0375
1 0.0230957 0.385833 0.0413086 0.0383333
1 0.742188 0.545 0.0101562 0.0183333
1 0.657031 0.261667 0.0117188 0.0325
1 0.996094 0.269167 0.0078125 0.0166667
1 0.969531 0.856667 0.00625 0.0133333
0 0.0238525 0.386458 0.0401855 0.0404167
1 0.0231445 0.385833 0.0398437 0.04
0 0.0257812 0.404063 0.0457031 0.0485417
0 0.0223633 0.384167 0.040625 0.0366667
1 0.0223145 0.384375 0.0399414 0.0379167
1 0.0255737 0.38875 0.0457275 0.0441667
1 0.104199 0.965833 0.0107422 0.02
0 0.0255737 0.38875 0.0457275 0.0441667
1 0.96875 0.855 0.00625 0.0133333
1 0.118164 0.911667 0.0113281 0.015
1 0.0203125 0.409167 0.034375 0.03
1 0.65 0.249375 0.0265625 0.06125
0 0.0203125 0.409167 0.034375 0.03
1 0.646094 0.242917 0.0335938 0.0625
1 0.946875 0.84 0.009375 0.0133333
1 0.131055 0.555833 0.0208984 0.0308333
1 0.994922 0.26625 0.0101562 0.0225
1 0.0977539 0.961667 0.0152344 0.0216667
0 0.0215332 0.963333 0.0333008 0.03
1 0.0219727 0.384167 0.0376953 0.0383333
0 0.0219727 0.384167 0.0376953 0.0383333
1 0.0186279 0.411667 0.0305176 0.0266667
1 0.104883 0.968333 0.00820312 0.0166667
1 0.946094 0.84 0.0078125 0.015
0 0.0186279 0.411667 0.0305176 0.0266667
1 0.96875 0.855833 0.00625 0.015
2 0.0219727 0.384167 0.0376953 0.0383333
1 0.657031 0.259167 0.0132813 0.0408333
1 0.0217773 0.384167 0.0378906 0.0383333
0 0.022168 0.384375 0.0375 0.0379167
1 0.0207764 0.390417 0.0348145 0.0433333
0 0.0207764 0.390417 0.0348145 0.0433333
1 0.0192139 0.411667 0.032666 0.0291667
2 0.0217773 0.384167 0.0378906 0.0383333
1 0.104687 0.966667 0.0078125 0.0166667
1 0.0212891 0.371667 0.0392578 0.0466667
0 0.0588867 0.949167 0.0203125 0.0216667
1 0.0221436 0.383542 0.0378418 0.0395833
0 0.0227539 0.38375 0.0378906 0.04
1 0.10459 0.966667 0.00703125 0.0166667
1 0.946094 0.84 0.0078125 0.0166667
1 0.96875 0.855 0.00625 0.015
1 0.0182617 0.408333 0.0291016 0.035
1 0.353125 0.976667 0.0125 0.0183333
0 0.326758 0.955 0.0359375 0.0333333
1 0.0224121 0.382917 0.0375977 0.0383333
0 0.0224121 0.382917 0.0375977 0.0383333
1 0.0195068 0.390208 0.0312988 0.0429167
1 0.104199 0.966667 0.00878906 0.0183333
0 0.0195068 0.390208 0.0312988 0.0429167
0 0.32832 0.958333 0.0445312 0.04
0 0.0477539 0.938333 0.0177734 0.02
1 0.0201904 0.4075 0.032373 0.0366667
0 0.0525391 0.941667 0.0228516 0.02
1 0.946094 0.839167 0.0078125 0.015
0 0.0577148 0.95 0.0229492 0.0233333
0 0.583984 0.988333 0.0164062 0.015
1 0.96875 0.856667 0.00625 0.0133333
1 0.0224121 0.371667 0.0408203 0.045
1 0.0223633 0.383333 0.0375977 0.0391667
0 0.0229004 0.383333 0.037793 0.0391667
1 0.0188232 0.410417 0.0300293 0.0291667
0 0.0481445 0.938333 0.0185547 0.0233333
1 0.104004 0.966667 0.0101562 0.02
0 0.0536133 0.940833 0.0236328 0.0233333
1 0.0216309 0.373333 0.0390625 0.0475
0 0.0580566 0.95 0.021875 0.0233333
1 0.946094 0.839167 0.00625 0.015
0 0.0188232 0.410417 0.0300293 0.0291667
1 0.308789 0.941667 0.00859375 0.0266667
2 0.0229004 0.383333 0.037793 0.0391667
1 0.0225098 0.382083 0.0375 0.0391667
0 0.0229492 0.3825 0.0376953 0.0383333
1 0.0201172 0.390417 0.0326172 0.0441667
1 0.0177979 0.411667 0.0280762 0.0266667
0 0.0201172 0.390417 0.0326172 0.0441667
1 0.104297 0.968333 0.00800781 0.02
1 0.0222168 0.374167 0.0395508 0.0475
1 0.946875 0.84 0.00625 0.0166667
0 0.0177979 0.411667 0.0280762 0.0266667
1 0.96875 0.855833 0.00625 0.015
0 0.0475586 0.938333 0.0167969 0.02
1 0.02229 0.3825 0.0373535 0.0391667
0 0.02229 0.3825 0.0373535 0.0391667
1 0.0197266 0.389583 0.0325195 0.0458333
1 0.0179932 0.411667 0.0290527 0.0275
1 0.104297 0.969167 0.00761719 0.0216667
0 0.0197266 0.389583 0.0325195 0.0458333
1 0.0217773 0.37375 0.0393555 0.0483333
1 0.946875 0.84 0.00625 0.0166667
1 0.96875 0.855833 0.00625 0.015
0 0.939062 0.102396 0.0734375 0.0639583
0 0.920313 0.139792 0.0984375 0.08375
0 0.0179932 0.411667 0.0290527 0.0275
1 0.995313 0.264583 0.009375 0.0291667
1 0.0223633 0.3825 0.0378906 0.0391667
0 0.0223633 0.3825 0.0378906 0.0391667
1 0.0209473 0.38875 0.0350586 0.0458333
1 0.0179199 0.411667 0.0289063 0.0266667
1 0.104297 0.969167 0.00761719 0.0216667
1 0.0217773 0.37375 0.0397461 0.0475
0 0.0209473 0.38875 0.0350586 0.0458333
1 0.96875 0.855833 0.00625 0.015
1 0.946875 0.84 0.00625 0.0166667
0 0.921875 0.138854 0.096875 0.0852083
0 0.940625 0.103021 0.071875 0.0645833
2 0.945312 0.104167 0.059375 0.0516667
0 0.0475586 0.938333 0.015332 0.02
0 0.0179199 0.411667 0.0289063 0.0266667
1 0.356836 0.968333 0.0121094 0.0266667
1 0.0224365 0.382292 0.0379395 0.03875
0 0.0224365 0.382292 0.0379395 0.03875
1 0.104297 0.968333 0.00742187 0.02
1 0.946875 0.84 0.00625 0.0166667
1 0.96875 0.855 0.00625 0.0133333
1 0.0180664 0.411667 0.0294922 0.0266667
1 0.0219727 0.37375 0.0400391 0.0475
2 0.945312 0.104375 0.059375 0.0516667
0 0.921094 0.137812 0.096875 0.083125
0 0.938281 0.103229 0.075 0.06375
0 0.0476074 0.939167 0.015332 0.02
0 0.0180664 0.411667 0.0294922 0.0266667
1 0.0224854 0.382292 0.0380371 0.03875
0 0.0224854 0.382292 0.0380371 0.03875
1 0.946875 0.84 0.00625 0.0166667
1 0.96875 0.855 0.00625 0.0133333
1 0.104297 0.968333 0.00742187 0.02
1 0.0220703 0.37375 0.0401367 0.0475
1 0.0187012 0.410417 0.0306641 0.0291667
0 0.920313 0.136667 0.1 0.08125
2 0.945312 0.104167 0.059375 0.0508333
0 0.935156 0.102812 0.0796875 0.06375
0 0.0477051 0.938333 0.0149414 0.02
1 0.0225098 0.3825 0.0379883 0.0383333
0 0.0225098 0.3825 0.0379883 0.0383333
1 0.946875 0.84 0.00625 0.0166667
1 0.96875 0.855 0.00625 0.0133333
1 0.104297 0.969167 0.0078125 0.02
1 0.0221191 0.37375 0.0402344 0.0475
1 0.0185791 0.41 0.0303223 0.03
2 0.945312 0.103958 0.059375 0.0508333
0 0.920313 0.136042 0.096875 0.08
0 0.935938 0.102396 0.078125 0.06375
1 0.0225098 0.382083 0.0378906 0.0383333
0 0.0225098 0.382083 0.0378906 0.0383333
1 0.946094 0.84 0.0078125 0.0166667
1 0.96875 0.855 0.00625 0.0133333
1 0.104199 0.969167 0.0078125 0.02
1 0.0221191 0.373542 0.0402344 0.0470833
1 0.01875 0.409583 0.0304688 0.0308333
2 0.945312 0.10375 0.059375 0.05125
0 0.921094 0.135625 0.0953125 0.0808333
1 0.0225586 0.3825 0.0378906 0.0383333
0 0.0225586 0.3825 0.0378906 0.0383333
1 0.946094 0.84 0.0078125 0.0166667
1 0.96875 0.855 0.00625 0.0133333
1 0.0222168 0.37375 0.0401367 0.0475
2 0.945312 0.103854 0.059375 0.0514583
1 0.104004 0.969167 0.00800781 0.02
1 0.0190674 0.409063 0.0307129 0.031875
0 0.9375 0.102083 0.075 0.065
0 0.921875 0.135937 0.09375 0.080625
1 0.0225586 0.382292 0.0378906 0.03875
0 0.0225586 0.382292 0.0378906 0.03875
1 0.946094 0.84 0.0078125 0.0166667
2 0.944531 0.103958 0.059375 0.0516667
1 0.96875 0.855 0.00625 0.0133333
1 0.0222168 0.374167 0.0401367 0.0475
1 0.103906 0.97 0.00800781 0.02
1 0.0193359 0.40875 0.030957 0.0325
1 0.0225098 0.382292 0.037793 0.03875
0 0.0225098 0.382292 0.037793 0.03875
2 0.945312 0.103854 0.059375 0.05125
1 0.946094 0.84 0.0078125 0.0166667
1 0.96875 0.855 0.00625 0.0133333
1 0.0222168 0.374167 0.0400391 0.0475
1 0.0195312 0.40875 0.0310547 0.0325
1 0.103711 0.97 0.00820312 0.02
2 0.932813 0.147708 0.065625 0.0575
1 0.0225098 0.3825 0.037793 0.0391667
0 0.0225098 0.3825 0.037793 0.0391667
2 0.944531 0.103958 0.0578125 0.05125
1 0.946094 0.84 0.0078125 0.0166667
1 0.96875 0.855 0.00625 0.0133333
1 0.022168 0.374167 0.0400391 0.0483333
1 0.0196777 0.408333 0.03125 0.0333333
2 0.932813 0.147604 0.065625 0.058125
2 0.925 0.143125 0.0875 0.06625
1 0.0224854 0.3825 0.0377441 0.0391667
0 0.0224854 0.3825 0.0377441 0.0391667
1 0.946094 0.84 0.0078125 0.0166667
2 0.944531 0.103958 0.0578125 0.0508333
1 0.967969 0.855 0.00625 0.0133333
1 0.0221191 0.374167 0.0400391 0.0483333
1 0.0197998 0.407917 0.0314941 0.0341667
2 0.925 0.143125 0.0875 0.06625
2 0.932813 0.147604 0.065625 0.0583333
1 0.0224609 0.3825 0.037793 0.0391667
0 0.0224609 0.3825 0.037793 0.0391667
1 0.946094 0.84 0.0078125 0.0166667
2 0.945312 0.102396 0.059375 0.050625
1 0.967969 0.855 0.00625 0.0133333
1 0.0221191 0.374167 0.0400391 0.0483333
2 0.925 0.143229 0.0875 0.065625
1 0.0197998 0.407917 0.0314941 0.0341667
2 0.932813 0.147708 0.065625 0.0575
1 0.0224854 0.382708 0.0378418 0.0395833
0 0.0224854 0.382708 0.0378418 0.0395833
1 0.946094 0.84 0.0078125 0.0166667
2 0.946094 0.1025 0.0578125 0.05
1 0.967969 0.855 0.00625 0.0133333
1 0.0221191 0.374167 0.0401367 0.0483333
2 0.932813 0.147708 0.065625 0.0572917
2 0.925 0.143125 0.084375 0.0654167
1 0.019751 0.408333 0.0312012 0.0333333
1 0.0225098 0.382708 0.037793 0.0395833
0 0.0225098 0.382708 0.037793 0.0395833
1 0.946094 0.84 0.0078125 0.0166667
2 0.945312 0.1025 0.05625 0.0495833
1 0.0221191 0.374167 0.0402344 0.0483333
1 0.967969 0.855 0.00625 0.0133333
1 0.0196045 0.40875 0.0309082 0.0333333
2 0.932813 0.147708 0.065625 0.0572917
2 0.925 0.142708 0.084375 0.0658333
1 0.0225098 0.382708 0.0378906 0.0395833
0 0.0225098 0.382708 0.0378906 0.0395833
1 0.946094 0.84 0.0078125 0.0166667
2 0.945312 0.1025 0.05625 0.0491667
1 0.0221436 0.374375 0.0401855 0.0479167
1 0.967969 0.855 0.00625 0.0133333
1 0.0196533 0.408333 0.0310059 0.0333333
2 0.932813 0.147813 0.0625 0.056875
1 0.0225586 0.3825 0.0378906 0.0391667
0 0.0225586 0.3825 0.0378906 0.0391667
1 0.946094 0.84 0.0078125 0.0166667
2 0.945312 0.1025 0.05625 0.0491667
1 0.022168 0.374167 0.0402344 0.0475
1 0.967969 0.855 0.00625 0.0133333
1 0.0196533 0.408437 0.0310059 0.033125
2 0.932813 0.147708 0.0625 0.056875
1 0.0225342 0.3825 0.0379395 0.0391667
0 0.0225342 0.3825 0.0379395 0.0391667
1 0.946094 0.84 0.0078125 0.0166667
2 0.945312 0.1025 0.05625 0.0491667
1 0.022168 0.374167 0.0402344 0.0475
1 0.967969 0.855 0.00625 0.0133333
1 0.0196533 0.408333 0.0310059 0.0333333
2 0.932813 0.147708 0.0625 0.056875
