3 0.0288208 0.284722 0.0572021 0.0868056
1 0.201562 0.206944 0.0117188 0.0319444
1 0.199805 0.211285 0.0140625 0.0347222
1 0.826563 0.991319 0.015625 0.0173611
1 0.821875 0.9875 0.0265625 0.025
2 0.0287598 0.284722 0.0575195 0.0868056
1 0.808594 0.984722 0.015625 0.025
1 0.815625 0.986111 0.025 0.025
0 0.953125 0.601042 0.021875 0.0333333
1 0.953125 0.601389 0.021875 0.0347222
1 0.953906 0.611806 0.021875 0.0263889
1 0.848437 0.991319 0.0125 0.0173611
1 0.8125 0.986458 0.025 0.0270833
0 0.0286621 0.284375 0.0571289 0.0868056
0 0.826563 0.991319 0.015625 0.0173611
0 0.201172 0.209028 0.0132813 0.0347222
0 0.994531 0.686806 0.0109375 0.0194444
0 0.954687 0.60625 0.025 0.0361111
1 0.0285156 0.284722 0.056543 0.0868056
1 0.853125 0.990972 0.0171875 0.0166667
1 0.858594 0.986111 0.025 0.0277778
1 0.844531 0.0621528 0.015625 0.0237847
0 0.815625 0.986111 0.025 0.025
1 0.804688 0.985417 0.025 0.0277778
1 0.282813 0.547569 0.0101562 0.0201389
0 0.953906 0.611806 0.021875 0.0263889
0 0.821875 0.9875 0.0265625 0.025
1 0.854688 0.989583 0.021875 0.0208333
0 0.844531 0.0621528 0.015625 0.0237847
0 0.959375 0.6125 0.0265625 0.0333333
1 0.994531 0.686806 0.0109375 0.0194444
1 0.789062 0.925 0.009375 0.0166667
1 0.0791016 0.423264 0.00976562 0.0277778
1 0.954687 0.60625 0.025 0.0361111
0 0.848437 0.991319 0.0125 0.0173611
0 0.8125 0.986458 0.025 0.0270833
0 0.858594 0.986111 0.025 0.0277778
0 0.808594 0.984722 0.015625 0.025
1 0.809375 0.986111 0.025 0.0222222
1 0.959375 0.6125 0.0265625 0.0333333
0 0.804688 0.985417 0.025 0.0277778
0 0.854688 0.989583 0.021875 0.0208333
0 0.866406 0.984722 0.03125 0.0277778
1 0.0505371 0.277778 0.0140625 0.03125
3 0.0290527 0.285069 0.0557617 0.0854167
1 0.201562 0.207639 0.0125 0.0326389
1 0.2 0.211632 0.0148437 0.0371528
2 0.0287964 0.285417 0.0562744 0.0854167
1 0.0287964 0.285417 0.0562744 0.0854167
0 0.201367 0.210069 0.0136719 0.0368056
1 0.07854 0.423611 0.0108887 0.0291667
0 0.028894 0.284722 0.0562744 0.0854167
1 0.282813 0.547569 0.0101562 0.0201389
1 0.954687 0.602778 0.025 0.0354167
1 0.95625 0.6125 0.021875 0.0291667
0 0.957812 0.60625 0.028125 0.0375
0 0.845312 0.0625868 0.015625 0.0234375
0 0.954687 0.602778 0.025 0.0354167
1 0.828125 0.992361 0.0125 0.0152778
1 0.809375 0.984722 0.015625 0.025
1 0.957812 0.60625 0.028125 0.0375
0 0.915625 0.147396 0.015625 0.0236111
2 0.953125 0.137413 0.0328125 0.0487847
0 0.853906 0.0150391 0.03125 0.0300781
0 0.959375 0.611806 0.028125 0.0375
3 0.0291138 0.284722 0.055249 0.0861111
1 0.201953 0.206424 0.0117188 0.0295139
1 0.0286255 0.284896 0.055835 0.0864583
1 0.953125 0.601389 0.0234375 0.0347222
0 0.845312 0.0621528 0.01875 0.0265625
0 0.853125 0.0159722 0.0328125 0.0319444
1 0.954687 0.610417 0.021875 0.0298611
1 0.814062 0.986111 0.01875 0.025
1 0.809375 0.986111 0.01875 0.0277778
1 0.827344 0.991667 0.0140625 0.0166667
1 0.0786133 0.423611 0.0111328 0.0277778
1 0.790625 0.925 0.009375 0.0166667
0 0.0286255 0.284896 0.055835 0.0864583
0 0.201953 0.206424 0.0117188 0.0295139
1 0.790625 0.926389 0.0125 0.0222222
1 0.95625 0.606597 0.025 0.0388889
2 0.0286255 0.284896 0.055835 0.0864583
1 0.817187 0.988194 0.028125 0.0236111
0 0.916406 0.147569 0.01875 0.0243056
2 0.953125 0.137587 0.0328125 0.0484375
0 0.953125 0.601389 0.0234375 0.0347222
1 0.282422 0.548611 0.0078125 0.0152778
0 0.886719 0.0307292 0.0421875 0.0614583
1 0.994531 0.6875 0.0109375 0.0166667
1 0.200195 0.212153 0.0152344 0.03125
1 0.959375 0.606944 0.021875 0.0333333
1 0.9625 0.614931 0.01875 0.0319444
1 0.825 0.9875 0.01875 0.025
0 0.967188 0.0734375 0.01875 0.0248264
1 0.854688 0.991319 0.025 0.0173611
0 0.772656 0.374306 0.0359375 0.0625
0 0.994531 0.6875 0.0109375 0.0166667
1 0.810156 0.986111 0.0265625 0.0263889
1 0.785937 0.933333 0.015625 0.0222222
1 0.266797 0.603819 0.00625 0.0152778
0 0.95625 0.606597 0.025 0.0388889
0 0.619531 0.310764 0.0195312 0.0319444
0 0.8875 0.0930556 0.025 0.0267361
1 0.847656 0.991319 0.0109375 0.0173611
1 0.790625 0.920833 0.009375 0.025
1 0.804688 0.985417 0.0265625 0.0291667
0 0.827344 0.991667 0.0140625 0.0166667
0 0.75625 0.0900174 0.0453125 0.0666667
0 0.954687 0.610417 0.021875 0.0298611
1 0.795313 0.681944 0.009375 0.0222222
0 0.953125 0.137587 0.0328125 0.0484375
0 0.904688 0.449306 0.015625 0.0236111
1 0.589063 0.345139 0.0078125 0.0208333
0 0.9625 0.614931 0.01875 0.0319444
1 0.0759766 0.425694 0.0169922 0.0347222
1 0.845312 0.0621528 0.01875 0.0265625
0 0.775 0.367361 0.0296875 0.0472222
0 0.959375 0.606944 0.021875 0.0333333
1 0.327734 0.375347 0.00859375 0.0118056
3 0.0286621 0.285069 0.0563477 0.0868056
1 0.202344 0.206597 0.0109375 0.0291667
1 0.954687 0.602778 0.025 0.0375
1 0.202148 0.211458 0.0125 0.0277778
1 0.954687 0.610764 0.021875 0.0298611
1 0.199219 0.206597 0.0117188 0.0277778
1 0.957812 0.60625 0.028125 0.0388889
1 0.266016 0.602778 0.0078125 0.0173611
2 0.0285645 0.284722 0.0567383 0.0861111
1 0.0285645 0.284722 0.0567383 0.0861111
0 0.967969 0.0736111 0.0203125 0.0263889
0 0.853125 0.0151259 0.0328125 0.0302517
1 0.201367 0.201389 0.00976562 0.0284722
0 0.845312 0.062066 0.01875 0.0277778
1 0.0793945 0.423611 0.0107422 0.0291667
1 0.9625 0.613194 0.021875 0.0333333
1 0.808594 0.986111 0.0125 0.025
0 0.884375 0.0334635 0.04375 0.0615451
0 0.8875 0.0927083 0.0265625 0.0274306
0 0.915625 0.147396 0.01875 0.028125
1 0.316797 0.535764 0.00859375 0.0104167
1 0.199609 0.215278 0.0148437 0.025
0 0.953125 0.138802 0.0328125 0.0494792
1 0.789844 0.925694 0.009375 0.0208333
0 0.954687 0.602778 0.025 0.0375
0 0.878125 0.0416667 0.0328125 0.0470486
1 0.828906 0.993056 0.0109375 0.0138889
1 0.415625 0.913889 0.009375 0.0166667
0 0.923437 0.101042 0.03125 0.0482639
1 0.764844 0.25 0.0125 0.021875
1 0.327734 0.374306 0.00820312 0.0131944
1 0.282422 0.548611 0.00898437 0.0166667
0 0.886719 0.0259549 0.040625 0.0519097
1 0.8125 0.986111 0.0171875 0.025
1 0.758984 0.246181 0.0101562 0.0229167
2 0.75625 0.0901042 0.04375 0.065625
0 0.0285645 0.284722 0.0567383 0.0861111
1 0.445312 0.7125 0.009375 0.0333333
0 0.957812 0.60625 0.028125 0.0388889
0 0.473047 0.75434 0.0617188 0.205208
1 0.728125 0.216493 0.0109375 0.01875
1 0.706641 0.242882 0.0148437 0.028125
1 0.71875 0.260764 0.0109375 0.0256944
0 0.202344 0.206597 0.0109375 0.0291667
1 0.767578 0.258681 0.0117188 0.021875
1 0.46875 0.66875 0.0125 0.0222222
0 0.75625 0.0901042 0.04375 0.065625
0 0.946875 0.0710069 0.028125 0.0361111
0 0.9625 0.613194 0.021875 0.0333333
0 0.892187 0.0926215 0.025 0.0369792
0 0.202148 0.211458 0.0125 0.0277778
0 0.498047 0.863889 0.133594 0.266667
1 0.717188 0.201736 0.0140625 0.0270833
1 0.77793 0.5125 0.0128906 0.0277778
1 0.784375 0.934722 0.009375 0.0222222
0 0.954687 0.610764 0.021875 0.0298611
1 0.444531 0.659028 0.0101562 0.0319444
1 0.904688 0.448611 0.0125 0.0215278
1 0.855469 0.990972 0.0234375 0.0166667
1 0.0849609 0.423264 0.0224609 0.0347222
0 0.942969 0.073112 0.0296875 0.038151
1 0.262109 0.597569 0.0140625 0.0215278
0 0.807813 0.582639 0.0375 0.05
0 0.820312 0.586111 0.04375 0.0458333
0 0.498828 0.815278 0.122656 0.354167
0 0.445312 0.7125 0.009375 0.0333333
1 0.882812 0.929167 0.009375 0.0194444
1 0.865625 0.981944 0.0375 0.0347222
1 0.802344 0.986111 0.021875 0.0277778
3 0.0287231 0.285417 0.0568115 0.0861111
1 0.201562 0.206944 0.0117188 0.0305556
0 0.851562 0.0142361 0.03125 0.0279514
1 0.0286255 0.285417 0.0572021 0.0854167
1 0.199414 0.207639 0.0128906 0.0298611
1 0.264844 0.603472 0.0109375 0.0173611
1 0.0789063 0.424306 0.0123047 0.0319444
1 0.201562 0.201042 0.0109375 0.0291667
1 0.200195 0.211806 0.0160156 0.0333333
1 0.953906 0.602431 0.0234375 0.0375
1 0.954687 0.613194 0.01875 0.025
0 0.845312 0.0628255 0.01875 0.0271267
1 0.789844 0.926389 0.009375 0.0180556
2 0.0287109 0.285069 0.0573242 0.0854167
1 0.282422 0.547917 0.0101562 0.0166667
1 0.316016 0.536806 0.0101562 0.0118056
1 0.809375 0.986111 0.0125 0.025
1 0.828125 0.992708 0.009375 0.0145833
0 0.882812 0.0376628 0.040625 0.0554036
0 0.0286255 0.285417 0.0572021 0.0854167
0 0.967188 0.0728299 0.01875 0.0270833
0 0.953125 0.138802 0.03125 0.0487847
1 0.963281 0.616667 0.0171875 0.0284722
1 0.95625 0.607639 0.025 0.0388889
1 0.859375 0.984722 0.021875 0.0277778
1 0.080957 0.423611 0.0185547 0.0333333
1 0.261719 0.598264 0.0148437 0.0222222
1 0.8125 0.986806 0.015625 0.025
1 0.782812 0.934722 0.009375 0.0194444
0 0.8875 0.0250868 0.0375 0.0501736
0 0.915625 0.147873 0.01875 0.0271701
0 0.876562 0.0434896 0.03125 0.0446181
1 0.845312 0.0628255 0.01875 0.0271267
1 0.828125 0.986806 0.0125 0.0263889
1 0.415625 0.913889 0.009375 0.0125
0 0.889844 0.0926215 0.0265625 0.0342014
1 0.882031 0.930556 0.0078125 0.0166667
1 0.0764648 0.425694 0.0171875 0.0347222
1 0.807813 0.986111 0.021875 0.025
1 0.85625 0.989583 0.021875 0.0194444
1 0.792188 0.920833 0.009375 0.025
0 0.8875 0.0923611 0.025 0.0277778
0 0.859375 0.984722 0.021875 0.0277778
1 0.810156 0.9875 0.015625 0.025
1 0.0849609 0.425 0.0259766 0.0333333
0 0.755469 0.091059 0.040625 0.0579861
0 0.865625 0.981944 0.0375 0.0333333
1 0.81875 0.988889 0.021875 0.0222222
1 0.206641 0.187847 0.00703125 0.0229167
0 0.85625 0.989583 0.021875 0.0194444
1 0.995313 0.686806 0.009375 0.0180556
1 0.851562 0.0174588 0.03125 0.0275825
1 0.327148 0.375 0.009375 0.0138889
0 0.84375 0.0629991 0.01875 0.033724
1 0.204297 0.234375 0.0117188 0.0236111
1 0.71875 0.260069 0.0109375 0.03125
0 0.828125 0.992708 0.009375 0.0145833
3 0.0286133 0.285243 0.0564453 0.0871528
1 0.201562 0.20625 0.0117188 0.0298611
0 0.851562 0.0163628 0.03125 0.0327257
0 0.845312 0.0621528 0.01875 0.0288194
1 0.264844 0.602778 0.0109375 0.0194444
1 0.0790039 0.424306 0.0115234 0.0319444
1 0.198828 0.206597 0.0117188 0.0277778
1 0.201562 0.200694 0.009375 0.0277778
0 0.886719 0.0286458 0.040625 0.0572917
1 0.199219 0.213715 0.0148437 0.0298611
0 0.967188 0.0734375 0.01875 0.0256944
1 0.954687 0.603472 0.025 0.0388889
1 0.0286011 0.28559 0.056665 0.0857639
0 0.865625 0.980208 0.04375 0.0395833
1 0.282422 0.547917 0.009375 0.0180556
0 0.8875 0.0929687 0.025 0.0269097
1 0.955469 0.610764 0.0203125 0.0298611
1 0.39375 0.361111 0.0109375 0.0180556
0 0.878125 0.0427951 0.03125 0.0439236
0 0.889844 0.090625 0.028125 0.0340278
0 0.915625 0.147396 0.01875 0.0267361
1 0.0804932 0.424653 0.0175293 0.0333333
0 0.75625 0.0909722 0.0453125 0.0677083
1 0.316797 0.536806 0.0101562 0.0118056
0 0.953125 0.138194 0.03125 0.0458333
1 0.262109 0.597917 0.0140625 0.0222222
1 0.957031 0.608681 0.025 0.0381944
0 0.863281 0.9875 0.040625 0.025
1 0.386719 0.384722 0.0109375 0.0166667
1 0.9625 0.613889 0.0203125 0.0319444
0 0.88125 0.0388021 0.040625 0.0520833
1 0.445312 0.7125 0.009375 0.0305556
1 0.396094 0.3625 0.0132813 0.0180556
1 0.828125 0.993056 0.009375 0.0138889
2 0.0286621 0.285069 0.0568359 0.0861111
1 0.0763672 0.426042 0.0171875 0.0347222
0 0.954687 0.603472 0.025 0.0388889
1 0.415625 0.915278 0.009375 0.0166667
0 0.0286011 0.28559 0.056665 0.0857639
0 0.957812 0.607986 0.028125 0.0402778
1 0.392969 0.373611 0.009375 0.0194444
1 0.809375 0.986111 0.015625 0.025
1 0.845312 0.0621528 0.01875 0.0288194
0 0.9625 0.613889 0.0203125 0.0319444
0 0.864844 0.0284288 0.021875 0.0456597
1 0.519531 0.795833 0.0109375 0.0222222
1 0.46875 0.668056 0.0125 0.0236111
0 0.925 0.0993924 0.03125 0.0513889
1 0.863281 0.9875 0.040625 0.025
0 0.445312 0.7125 0.009375 0.0305556
1 0.71875 0.260243 0.0109375 0.03125
1 0.204297 0.235069 0.0117188 0.0222222
1 0.813281 0.986806 0.01875 0.025
0 0.929688 0.0971354 0.04375 0.0592014
1 0.100488 0.452083 0.0105469 0.0152778
1 0.205859 0.187153 0.0078125 0.0208333
0 0.955469 0.610764 0.0203125 0.0298611
1 0.764453 0.250868 0.0140625 0.0270833
1 0.817187 0.988889 0.025 0.0222222
0 0.842188 0.0627604 0.025 0.0336806
1 0.08479 0.425694 0.026123 0.0347222
0 0.894531 0.0291667 0.0296875 0.0572917
0 0.857813 0.9875 0.03125 0.025
0 0 0.896528 0 0.206944
1 0.327344 0.375 0.00898437 0.0125
1 0.414844 0.924306 0.0101562 0.0319444
1 0.809375 0.9875 0.01875 0.025
1 0.857813 0.9875 0.03125 0.025
1 0.759375 0.246528 0.0125 0.0291667
1 0.767187 0.257639 0.0117188 0.0274306
1 0.790625 0.927778 0.009375 0.0222222
1 0.706641 0.246875 0.0148437 0.0368056
0 0.945312 0.0716146 0.0265625 0.0368056
0 0.84375 0.0723741 0.0234375 0.0486545
1 0.282422 0.445139 0.00585938 0.0194444
1 0.458984 0.672222 0.0195312 0.0222222
0 0.854688 0.0196181 0.0375 0.0392361
0 0.201562 0.209722 0.0132813 0.0305556
3 0.0290161 0.284722 0.0554443 0.0861111
1 0.201562 0.20625 0.0117188 0.0295139
1 0.0793945 0.424306 0.0115234 0.0319444
1 0.201758 0.210069 0.0132813 0.0302083
1 0.199219 0.20625 0.0125 0.0277778
1 0.201758 0.201736 0.0109375 0.0298611
0 0.851562 0.0171875 0.03125 0.0309896
1 0.0289063 0.285243 0.0560547 0.0857639
0 0.0289063 0.285243 0.0560547 0.0857639
1 0.199219 0.215278 0.015625 0.0298611
1 0.953125 0.603472 0.021875 0.0361111
1 0.955469 0.614583 0.015625 0.0236111
1 0.080957 0.424306 0.0173828 0.0340278
1 0.265039 0.603125 0.0105469 0.0173611
1 0.282422 0.548264 0.009375 0.0166667
0 0.885156 0.0333442 0.0453125 0.0607422
0 0.84375 0.0631076 0.01875 0.0265625
1 0.959375 0.611806 0.01875 0.0319444
1 0.950781 0.599653 0.0171875 0.0326389
1 0.964063 0.615278 0.015625 0.0305556
1 0.317187 0.536806 0.00859375 0.0111111
2 0.0289063 0.285243 0.0560547 0.0857639
0 0.879687 0.0414063 0.0375 0.0470486
1 0.964844 0.610417 0.0140625 0.0305556
0 0.865625 0.980556 0.04375 0.0388889
0 0.967188 0.0734375 0.0203125 0.0262153
1 0.415625 0.913889 0.00859375 0.0138889
1 0.0765625 0.426389 0.0177734 0.0347222
0 0.8875 0.0922743 0.025 0.0262153
1 0.261328 0.597917 0.015625 0.0222222
1 0.394531 0.360764 0.0117188 0.01875
0 0.860937 0.989583 0.034375 0.0208333
0 0.497266 0.827778 0.133594 0.341667
1 0.204688 0.235764 0.0109375 0.0201389
1 0.51875 0.797222 0.009375 0.0194444
1 0.809375 0.986111 0.0125 0.025
0 0.889844 0.0921007 0.028125 0.0350694
1 0.878906 0.666319 0.009375 0.0354167
0 0.891406 0.028776 0.0359375 0.0575521
1 0.77793 0.513542 0.00976562 0.0222222
1 0.0850586 0.425694 0.0257812 0.0361111
1 0.828906 0.992708 0.009375 0.0145833
1 0.589063 0.344444 0.0078125 0.0236111
0 0.915625 0.14822 0.0203125 0.0257812
1 0.327539 0.374653 0.00859375 0.0131944
1 0.84375 0.0631076 0.01875 0.0265625
1 0.717188 0.20434 0.015625 0.0270833
1 0.0998047 0.450694 0.0105469 0.0166667
1 0.765625 0.251736 0.0125 0.0256944
1 0.995313 0.686806 0.009375 0.0180556
1 0.397656 0.361806 0.0132813 0.0194444
1 0.8125 0.986806 0.015625 0.025
1 0.71875 0.260417 0.0109375 0.0277778
1 0.70625 0.241667 0.0148437 0.03125
1 0.3875 0.384028 0.0109375 0.0159722
1 0.961719 0.513194 0.0125 0.0277778
1 0.904688 0.450347 0.0125 0.0229167
0 0.93125 0.0949653 0.046875 0.0614583
0 0.415625 0.913889 0.00859375 0.0138889
1 0.970312 0.578472 0.009375 0.0173611
0 0.86875 0.0265191 0.03125 0.049566
0 0 0.911806 0 0.176389
1 0.809375 0.9875 0.015625 0.025
1 0.767969 0.258333 0.0109375 0.0256944
3 0.0286255 0.284896 0.0566162 0.0857639
1 0.201562 0.20625 0.0117188 0.0295139
1 0.0791992 0.424306 0.0113281 0.0319444
1 0.199219 0.206597 0.0125 0.0277778
1 0.0287109 0.285417 0.05625 0.0854167
1 0.953125 0.603125 0.021875 0.0395833
1 0.198828 0.214236 0.0148437 0.0291667
1 0.201172 0.201736 0.0101562 0.0291667
1 0.95625 0.611111 0.01875 0.0305556
0 0.0287109 0.285417 0.05625 0.0854167
1 0.264844 0.602778 0.0109375 0.0180556
2 0.0289551 0.284722 0.0568359 0.0861111
1 0.963281 0.614583 0.0203125 0.0326389
0 0.851562 0.0174479 0.03125 0.0318576
1 0.0804688 0.424306 0.0162109 0.0333333
1 0.282422 0.548611 0.009375 0.0166667
0 0.884375 0.0340712 0.04375 0.0622396
0 0.8625 0.988542 0.0390625 0.0229167
0 0.865625 0.981944 0.04375 0.0361111
1 0.0763672 0.426042 0.0171875 0.0347222
0 0.885938 0.0255642 0.04375 0.0511285
1 0.316992 0.536806 0.00859375 0.0111111
0 0.84375 0.0631944 0.01875 0.0279514
1 0.394531 0.360764 0.009375 0.0173611
1 0.0573242 0.0424045 0.00527344 0.0115451
1 0.765625 0.251215 0.0140625 0.0260417
1 0.205078 0.236111 0.0105469 0.0194444
1 0.878906 0.665972 0.0109375 0.0402778
1 0.8625 0.988542 0.0390625 0.0229167
0 0.967188 0.0734375 0.01875 0.0256944
1 0.261523 0.597917 0.015625 0.0208333
1 0.71875 0.260069 0.0109375 0.0284722
1 0.767187 0.258333 0.0125 0.0270833
1 0.20625 0.18559 0.00820312 0.0180556
1 0.829687 0.992708 0.009375 0.0145833
1 0.904688 0.450347 0.0125 0.0236111
1 0.961719 0.513194 0.0140625 0.0333333
0 0.879687 0.0405382 0.0375 0.0498264
1 0.0994141 0.451389 0.00898437 0.0152778
1 0.70625 0.242882 0.015625 0.0333333
1 0.809375 0.986111 0.015625 0.0263889
1 0.716406 0.204514 0.0171875 0.0284722
1 0.714844 0.255208 0.015625 0.0340278
1 0.768359 0.355903 0.0132813 0.0229167
0 0.953125 0.138021 0.03125 0.0472222
1 0.759375 0.24566 0.0125 0.0277778
1 0.771484 0.379861 0.0382813 0.0652778
1 0.0854492 0.425694 0.025 0.0361111
3 0.0286987 0.284722 0.056665 0.0854167
1 0.201562 0.20625 0.0117188 0.0284722
1 0.201758 0.210764 0.0128906 0.0284722
1 0.199609 0.206424 0.0132813 0.0267361
1 0.0288574 0.285417 0.0563477 0.0854167
1 0.0792969 0.424306 0.0111328 0.03125
1 0.199023 0.216319 0.0152344 0.0256944
1 0.953906 0.602778 0.0234375 0.0402778
0 0.0288574 0.285417 0.0563477 0.0854167
1 0.201562 0.200347 0.0109375 0.0270833
2 0.0289917 0.284549 0.056665 0.0857639
1 0.955469 0.610417 0.0203125 0.0305556
0 0.851562 0.0177192 0.0328125 0.0338325
1 0.264258 0.602778 0.0125 0.0194444
1 0.957812 0.609722 0.021875 0.0375
0 0.967969 0.0732639 0.0203125 0.0265625
1 0.963281 0.614583 0.0203125 0.0319444
1 0.0806641 0.424653 0.0158203 0.0333333
0 0.84375 0.062934 0.01875 0.0296875
0 0.865625 0.983333 0.04375 0.0333333
1 0.39375 0.360417 0.00859375 0.0166667
1 0.282422 0.547917 0.009375 0.0173611
0 0.88125 0.0381076 0.040625 0.0541667
1 0.415625 0.914583 0.0078125 0.0166667
1 0.205078 0.235764 0.0101562 0.0201389
0 0.860937 0.988889 0.0375 0.0222222
0 0.770312 0.38125 0.040625 0.0652778
1 0.316797 0.536458 0.00898437 0.0111111
1 0.860937 0.988889 0.0375 0.0222222
1 0.0763428 0.426042 0.0168457 0.0340278
0 0.890625 0.0184462 0.0359375 0.0368924
1 0.76875 0.356944 0.0140625 0.0243056
0 0.876562 0.0431424 0.03125 0.0453125
1 0.770312 0.38125 0.040625 0.0652778
1 0.205859 0.186111 0.00859375 0.0194444
1 0.71875 0.260764 0.0117188 0.0298611
1 0.716406 0.203472 0.01875 0.0298611
1 0.904688 0.450347 0.015625 0.0277778
1 0.261328 0.597917 0.0164062 0.0229167
1 0.589063 0.345139 0.0078125 0.0208333
0 0.895312 0.0203993 0.028125 0.0407986
1 0.0573242 0.0422743 0.00527344 0.0121528
1 0.829687 0.993403 0.009375 0.0131944
0 0.963281 0.614583 0.0203125 0.0319444
0 0.445312 0.711806 0.0078125 0.0291667
0 0.953125 0.137934 0.0328125 0.0480903
0 0.915625 0.148438 0.021875 0.0288194
0 0.953906 0.602778 0.0234375 0.0402778
0 0.957812 0.609722 0.021875 0.0375
3 0.0287231 0.284722 0.0566162 0.0861111
1 0.201562 0.20625 0.0117188 0.0277778
1 0.201758 0.210764 0.0125 0.0291667
1 0.0791992 0.424306 0.0111328 0.0305556
1 0.199219 0.206424 0.0125 0.0267361
1 0.0288086 0.285417 0.05625 0.0854167
1 0.198828 0.217014 0.0148437 0.025
0 0.0288086 0.285417 0.05625 0.0854167
1 0.201562 0.200347 0.0109375 0.0263889
1 0.953906 0.603125 0.0234375 0.0402778
2 0.0289063 0.284722 0.0566406 0.0854167
1 0.955469 0.610417 0.0203125 0.0319444
1 0.078418 0.427778 0.0132813 0.0361111
1 0.0805664 0.424653 0.0162109 0.0333333
1 0.264062 0.602778 0.0125 0.01875
0 0.860937 0.988889 0.0359375 0.0222222
0 0.865625 0.983333 0.0421875 0.0333333
1 0.282422 0.547917 0.009375 0.0166667
0 0.852344 0.0159071 0.034375 0.0318142
1 0.9625 0.613542 0.021875 0.0333333
1 0.959375 0.608333 0.025 0.0388889
1 0.39375 0.360417 0.009375 0.0166667
1 0.415625 0.914583 0.0078125 0.0152778
1 0.316406 0.536806 0.009375 0.0111111
1 0.860937 0.988889 0.0359375 0.0222222
1 0.828906 0.993403 0.009375 0.0131944
0 0.844531 0.0630208 0.01875 0.0284722
0 0.883594 0.0340278 0.04375 0.0614583
1 0.205469 0.23559 0.0101562 0.0211806
1 0.205859 0.186111 0.00859375 0.01875
1 0.809375 0.986111 0.0125 0.025
0 0.201758 0.210764 0.0125 0.0291667
0 0.957031 0.609722 0.0234375 0.0375
1 0.100195 0.450694 0.00976562 0.0159722
1 0.0573242 0.0421875 0.00507812 0.0122396
1 0.261328 0.597569 0.0164062 0.0222222
0 0.953906 0.603125 0.0234375 0.0402778
0 0.967969 0.0734375 0.0203125 0.0260417
1 0.414844 0.922222 0.009375 0.0222222
3 0.0287598 0.285069 0.0566406 0.0861111
1 0.201562 0.206597 0.0117188 0.0284722
1 0.0791992 0.424653 0.0111328 0.03125
1 0.0287964 0.285069 0.0562744 0.0854167
1 0.199023 0.215972 0.0152344 0.0277778
0 0.0287964 0.285069 0.0562744 0.0854167
1 0.264062 0.602431 0.0125 0.0194444
1 0.201367 0.200694 0.0109375 0.0270833
1 0.953125 0.603125 0.021875 0.0402778
2 0.0289063 0.285069 0.0566406 0.0854167
1 0.0806396 0.424306 0.0160645 0.0333333
1 0.955469 0.610417 0.0203125 0.0319444
0 0.8625 0.988889 0.0375 0.0222222
1 0.316602 0.536806 0.009375 0.0111111
1 0.282422 0.547917 0.009375 0.0166667
0 0.865625 0.982639 0.04375 0.0347222
1 0.8625 0.988889 0.0375 0.0222222
1 0.39375 0.360417 0.0078125 0.0166667
1 0.960156 0.608333 0.0234375 0.0381944
0 0.851562 0.0159288 0.034375 0.0318576
1 0.9625 0.613889 0.0203125 0.0319444
1 0.261328 0.597917 0.0164062 0.0222222
0 0.201562 0.21059 0.0125 0.0298611
1 0.415625 0.915278 0.0078125 0.0166667
1 0.0764648 0.426042 0.0171875 0.0340278
1 0.809375 0.986111 0.0140625 0.025
1 0.828125 0.992361 0.009375 0.0152778
0 0.84375 0.0628255 0.01875 0.0281684
0 0.882812 0.0329427 0.0453125 0.0603299
1 0.865625 0.984722 0.040625 0.0291667
1 0.205078 0.235417 0.0101562 0.0215278
1 0.205859 0.186458 0.00859375 0.0194444
3 0.0287109 0.285069 0.0566406 0.0861111
1 0.201562 0.206597 0.0113281 0.0284722
1 0.201758 0.210764 0.0125 0.0295139
1 0.0791016 0.424653 0.0113281 0.03125
1 0.199414 0.206944 0.0125 0.0270833
1 0.0287231 0.285243 0.0564209 0.0850694
1 0.198437 0.217361 0.0148437 0.0256944
1 0.264062 0.602431 0.0125 0.0194444
0 0.0287231 0.285243 0.0564209 0.0850694
1 0.201367 0.200694 0.0109375 0.0270833
2 0.0288574 0.285069 0.0567383 0.0854167
1 0.953125 0.603125 0.021875 0.0402778
1 0.0806885 0.424306 0.0163574 0.0333333
1 0.078418 0.427778 0.0134766 0.0361111
1 0.954687 0.611806 0.01875 0.0291667
0 0.8625 0.988889 0.0375 0.0222222
1 0.957031 0.610764 0.021875 0.0361111
1 0.282422 0.548264 0.009375 0.0166667
1 0.316602 0.536806 0.009375 0.0111111
0 0.865625 0.983333 0.04375 0.0333333
0 0.851562 0.0159505 0.034375 0.031901
1 0.8625 0.988889 0.0375 0.0222222
1 0.39375 0.360417 0.0078125 0.0166667
1 0.261523 0.597917 0.0164062 0.0222222
1 0.960938 0.609375 0.021875 0.0361111
1 0.9625 0.614583 0.0203125 0.0319444
0 0.201758 0.210764 0.0125 0.0295139
0 0.844531 0.0626953 0.01875 0.0284288
0 0.201562 0.206597 0.0113281 0.0284722
0 0.882812 0.0324219 0.046875 0.0622396
1 0.809375 0.986111 0.015625 0.025
1 0.205078 0.235417 0.0101562 0.0215278
1 0.865625 0.984722 0.040625 0.0291667
3 0.0287598 0.285069 0.0566406 0.0861111
1 0.201562 0.206597 0.0113281 0.0284722
1 0.201562 0.210764 0.0125 0.0291667
1 0.0790771 0.425 0.011377 0.0305556
1 0.199609 0.206944 0.0125 0.0270833
1 0.198828 0.21684 0.0148437 0.0260417
1 0.0287109 0.285243 0.0563477 0.0850694
1 0.264062 0.602431 0.0125 0.0194444
0 0.0287109 0.285243 0.0563477 0.0850694
1 0.0805664 0.424653 0.0162109 0.0326389
2 0.0288574 0.285069 0.0566406 0.0854167
1 0.201367 0.200694 0.0109375 0.0270833
1 0.953125 0.603472 0.021875 0.0402778
1 0.954687 0.611458 0.01875 0.0305556
0 0.8625 0.988889 0.0375 0.0222222
1 0.957031 0.611111 0.021875 0.0361111
1 0.316406 0.536806 0.009375 0.0111111
1 0.282422 0.548264 0.009375 0.0166667
0 0.865625 0.981944 0.04375 0.0361111
1 0.8625 0.988889 0.0375 0.0222222
1 0.261523 0.598264 0.0164062 0.0222222
1 0.39375 0.360417 0.0078125 0.0166667
0 0.851562 0.0159288 0.034375 0.0318576
0 0.201562 0.210764 0.0125 0.0291667
1 0.9625 0.614583 0.0203125 0.0319444
1 0.0765625 0.426389 0.0173828 0.0333333
1 0.960938 0.609722 0.021875 0.0368056
0 0.201562 0.206597 0.0113281 0.0284722
1 0.809375 0.986111 0.015625 0.025
0 0.75625 0.0907986 0.04375 0.0684028
0 0.844531 0.062934 0.01875 0.0289931
1 0.205078 0.235417 0.0101562 0.0215278
1 0.813281 0.986111 0.0203125 0.025
3 0.0288086 0.285069 0.0566406 0.0861111
1 0.201562 0.206944 0.0113281 0.0284722
1 0.0791016 0.425 0.0115234 0.0305556
1 0.264258 0.602083 0.0128906 0.0194444
1 0.198828 0.215972 0.0148437 0.0284722
1 0.0287598 0.285243 0.0563477 0.0850694
0 0.0287598 0.285243 0.0563477 0.0850694
1 0.0806885 0.425 0.0163574 0.0319444
2 0.0288574 0.285069 0.056543 0.0854167
1 0.201562 0.201389 0.0109375 0.0277778
1 0.953125 0.603472 0.021875 0.0409722
0 0.8625 0.988889 0.0375 0.0222222
1 0.954687 0.611458 0.01875 0.0305556
1 0.957031 0.611111 0.021875 0.0361111
1 0.282422 0.548264 0.009375 0.0166667
1 0.316602 0.536806 0.00976562 0.0111111
0 0.865625 0.981944 0.04375 0.0361111
1 0.261523 0.598611 0.0164062 0.0222222
1 0.8625 0.988889 0.0375 0.0222222
1 0.39375 0.360417 0.00859375 0.0166667
0 0.201562 0.210417 0.0125 0.0305556
1 0.9625 0.614583 0.0203125 0.0319444
0 0.851562 0.0180122 0.034375 0.0342014
1 0.0765625 0.426389 0.0173828 0.0333333
1 0.960938 0.609722 0.021875 0.0361111
0 0.75625 0.0911458 0.04375 0.06875
1 0.809375 0.986111 0.015625 0.025
0 0.864062 0.986111 0.04375 0.0277778
1 0.100586 0.450694 0.00996094 0.0166667
1 0.813281 0.986111 0.0203125 0.025
1 0.205078 0.235069 0.0101562 0.0222222
3 0.0288086 0.285069 0.0566406 0.0861111
1 0.201562 0.206944 0.0113281 0.0288194
1 0.0791016 0.425 0.0115234 0.0305556
1 0.264258 0.602083 0.0128906 0.0201389
1 0.199023 0.215278 0.0148437 0.0291667
0 0.0286987 0.285243 0.0562744 0.0850694
1 0.0286987 0.285243 0.0562744 0.0850694
1 0.0805664 0.425 0.0162109 0.0326389
2 0.0288574 0.285069 0.056543 0.0854167
1 0.201562 0.20191 0.0109375 0.0288194
0 0.8625 0.988889 0.0375 0.0222222
1 0.953125 0.603472 0.021875 0.0409722
1 0.955469 0.611806 0.01875 0.0298611
1 0.282422 0.548264 0.009375 0.0166667
1 0.957812 0.611458 0.021875 0.0354167
1 0.316602 0.536806 0.00976562 0.0118056
1 0.261523 0.598611 0.0164062 0.0222222
0 0.865625 0.981944 0.04375 0.0361111
1 0.8625 0.988889 0.0375 0.0222222
0 0.201562 0.210243 0.0125 0.0309028
1 0.39375 0.360417 0.00859375 0.0166667
1 0.0764648 0.425694 0.0173828 0.0333333
1 0.9625 0.614583 0.0203125 0.0319444
0 0.851562 0.0180122 0.034375 0.033941
1 0.809375 0.986111 0.015625 0.025
0 0.75625 0.0909722 0.04375 0.06875
1 0.828125 0.992361 0.0109375 0.0152778
1 0.100586 0.450694 0.00996094 0.0166667
1 0.865625 0.984722 0.040625 0.0305556
1 0.813281 0.986111 0.0203125 0.025
1 0.205078 0.235069 0.0101562 0.0222222
3 0.0288086 0.285069 0.0567383 0.0861111
1 0.201562 0.206944 0.0113281 0.0291667
1 0.0791016 0.425 0.0115234 0.0305556
1 0.199609 0.207292 0.0128906 0.0277778
1 0.264258 0.602083 0.0128906 0.0201389
1 0.199219 0.214931 0.0148437 0.0295139
0 0.0287109 0.285243 0.0563477 0.0850694
1 0.0805664 0.425 0.0162109 0.0326389
1 0.0287109 0.285243 0.0563477 0.0850694
2 0.0288208 0.285069 0.0566162 0.0854167
1 0.201367 0.20191 0.0113281 0.0288194
0 0.8625 0.989583 0.0375 0.0208333
1 0.953125 0.603472 0.021875 0.0402778
1 0.955469 0.6125 0.01875 0.0291667
1 0.316602 0.536806 0.00976562 0.0118056
1 0.957812 0.611806 0.021875 0.0347222
1 0.282422 0.548264 0.009375 0.0166667
1 0.261523 0.598611 0.0164062 0.0222222
0 0.865625 0.983333 0.04375 0.0333333
1 0.8625 0.989583 0.0375 0.0208333
0 0.201562 0.210417 0.0125 0.03125
1 0.0765381 0.426042 0.0172363 0.0340278
1 0.9625 0.614931 0.0203125 0.03125
1 0.39375 0.360764 0.00859375 0.0173611
1 0.809375 0.986111 0.015625 0.025
1 0.828125 0.99375 0.0109375 0.0125
0 0.75625 0.0911458 0.04375 0.0685764
0 0.851562 0.0180122 0.034375 0.0334201
1 0.100488 0.451042 0.00976562 0.0159722
1 0.416016 0.914583 0.0078125 0.0152778
1 0.205078 0.235069 0.0101562 0.0222222
3 0.0288086 0.285069 0.0568359 0.0861111
1 0.201562 0.206944 0.0117188 0.0291667
1 0.0791016 0.425 0.0115234 0.0305556
1 0.199219 0.21441 0.0148437 0.0302083
1 0.264258 0.602083 0.0128906 0.0201389
1 0.0805664 0.425 0.0162109 0.0326389
0 0.0287109 0.285069 0.0563477 0.0854167
2 0.0288208 0.285069 0.0566162 0.0854167
1 0.0287109 0.285069 0.0563477 0.0854167
0 0.8625 0.990278 0.034375 0.0194444
1 0.316406 0.536806 0.0101562 0.0118056
1 0.955469 0.613194 0.01875 0.0277778
1 0.953125 0.603472 0.021875 0.0402778
1 0.261523 0.598611 0.0164062 0.0222222
1 0.957812 0.612153 0.0203125 0.0340278
1 0.282227 0.548611 0.009375 0.0166667
1 0.8625 0.990278 0.034375 0.0194444
0 0.201562 0.210417 0.0125 0.03125
0 0.865625 0.983333 0.04375 0.0333333
1 0.0765625 0.426389 0.0173828 0.0333333
1 0.39375 0.360764 0.009375 0.0173611
1 0.9625 0.614931 0.0203125 0.03125
1 0.828125 0.99375 0.009375 0.0125
0 0.757031 0.0908854 0.04375 0.0684028
1 0.100391 0.451042 0.00976562 0.0159722
1 0.415625 0.913889 0.0078125 0.0138889
1 0.809375 0.986111 0.015625 0.025
0 0.851562 0.0180664 0.034375 0.0333116
1 0.205078 0.235243 0.0101562 0.0222222
3 0.028894 0.284896 0.0568604 0.0864583
1 0.201562 0.207118 0.0117188 0.0291667
1 0.0791016 0.425 0.0115234 0.0305556
1 0.199414 0.214236 0.0152344 0.0309028
1 0.264258 0.602083 0.0128906 0.0208333
1 0.0806396 0.425 0.0160645 0.0319444
0 0.0286987 0.285069 0.0562744 0.0854167
2 0.0288208 0.285069 0.0566162 0.0854167
1 0.0286987 0.285069 0.0562744 0.0854167
0 0.860937 0.990278 0.034375 0.0194444
1 0.316406 0.536806 0.0101562 0.0125
1 0.955469 0.613889 0.01875 0.0263889
1 0.953125 0.603472 0.021875 0.0402778
1 0.261523 0.598264 0.0164062 0.0229167
1 0.282227 0.548264 0.009375 0.0173611
1 0.957812 0.612153 0.0203125 0.0333333
0 0.201562 0.210243 0.0128906 0.0315972
1 0.860937 0.990278 0.034375 0.0194444
1 0.0765625 0.426389 0.0173828 0.0333333
1 0.39375 0.360764 0.009375 0.0173611
0 0.864062 0.985417 0.034375 0.0277778
0 0.865625 0.983333 0.04375 0.0333333
1 0.415625 0.913889 0.0078125 0.0138889
0 0.757031 0.0909722 0.04375 0.0684028
1 0.9625 0.615278 0.0203125 0.0305556
1 0.828125 0.99375 0.0109375 0.0125
1 0.100391 0.451042 0.00976562 0.0159722
1 0.809375 0.986111 0.015625 0.025
3 0.0289063 0.284896 0.0569336 0.0864583
1 0.201562 0.207292 0.0117188 0.0295139
1 0.0791016 0.425 0.0115234 0.0305556
1 0.199609 0.213542 0.0152344 0.0322917
1 0.0806885 0.425347 0.0159668 0.0326389
1 0.264258 0.602083 0.0128906 0.0208333
0 0.0287964 0.285069 0.0562744 0.0854167
2 0.0288574 0.285069 0.0566406 0.0854167
1 0.0287964 0.285069 0.0562744 0.0854167
1 0.201562 0.202431 0.0121094 0.0298611
0 0.860937 0.990278 0.0328125 0.0194444
1 0.316406 0.536806 0.0101562 0.0125
1 0.955469 0.613889 0.01875 0.0263889
1 0.953125 0.603472 0.021875 0.0395833
1 0.261523 0.598264 0.0164062 0.0229167
0 0.201562 0.210069 0.0128906 0.0326389
1 0.957812 0.6125 0.0203125 0.0333333
1 0.282227 0.548264 0.009375 0.0173611
1 0.860937 0.990278 0.0328125 0.0194444
1 0.0765869 0.426389 0.0175293 0.0333333
1 0.39375 0.360764 0.009375 0.0173611
1 0.415625 0.914583 0.0078125 0.0152778
0 0.863281 0.986111 0.034375 0.0277778
0 0.757031 0.0909722 0.04375 0.0684028
0 0.865625 0.983333 0.04375 0.0333333
1 0.9625 0.615278 0.01875 0.0305556
1 0.828125 0.99375 0.009375 0.0125
1 0.100391 0.451042 0.00976562 0.0159722
3 0.0289063 0.284896 0.0570313 0.0864583
1 0.201562 0.207465 0.0117188 0.0295139
1 0.0790771 0.425 0.011377 0.0305556
1 0.199609 0.213368 0.015625 0.0326389
1 0.0806885 0.425347 0.0159668 0.0326389
1 0.264258 0.602083 0.0128906 0.0208333
0 0.0287964 0.285069 0.0562744 0.0854167
2 0.028894 0.285069 0.056665 0.0854167
1 0.0290527 0.285417 0.0567383 0.0868056
1 0.201562 0.202431 0.0121094 0.0298611
0 0.860937 0.990278 0.03125 0.0194444
1 0.316406 0.536806 0.0101562 0.0125
1 0.955469 0.614583 0.01875 0.0256944
1 0.261719 0.598264 0.0164062 0.0229167
0 0.201562 0.210069 0.0128906 0.0326389
1 0.953125 0.603472 0.021875 0.0388889
1 0.282227 0.548264 0.009375 0.0173611
1 0.957812 0.6125 0.021875 0.0333333
1 0.860937 0.990278 0.03125 0.0194444
1 0.39375 0.360764 0.0078125 0.0173611
1 0.415625 0.914583 0.0078125 0.0152778
1 0.0765869 0.426389 0.0175293 0.0333333
0 0.757031 0.0911458 0.04375 0.0680556
1 0.828125 0.99375 0.009375 0.0125
1 0.9625 0.615278 0.01875 0.0305556
0 0.8625 0.986111 0.034375 0.0277778
0 0.865625 0.983333 0.04375 0.0333333
1 0.100195 0.451042 0.00976562 0.0159722
3 0.0289551 0.284896 0.0570313 0.0864583
1 0.201562 0.207639 0.0117188 0.0298611
1 0.0791992 0.425 0.0113281 0.0305556
1 0.199609 0.213194 0.015625 0.0333333
1 0.0806885 0.425347 0.0159668 0.0326389
0 0.0287598 0.285069 0.0563477 0.0854167
1 0.264258 0.602083 0.0128906 0.0208333
2 0.0288574 0.285069 0.0567383 0.0854167
1 0.0291016 0.285417 0.0567383 0.0868056
1 0.201562 0.202778 0.0125 0.0305556
1 0.316406 0.536806 0.0101562 0.0125
0 0.859375 0.990278 0.03125 0.0180556
1 0.95625 0.615278 0.01875 0.025
1 0.261719 0.598264 0.0164062 0.0229167
0 0.201562 0.210069 0.0132813 0.0326389
1 0.952344 0.599306 0.0203125 0.0319444
1 0.282031 0.548264 0.009375 0.0173611
1 0.957812 0.6125 0.0203125 0.0319444
1 0.39375 0.360764 0.0078125 0.0173611
1 0.415625 0.914583 0.0078125 0.0152778
1 0.859375 0.990278 0.03125 0.0180556
1 0.0765869 0.426389 0.0175293 0.0333333
1 0.828125 0.994444 0.009375 0.0111111
0 0.757031 0.0909722 0.04375 0.0677083
1 0.953125 0.607639 0.0234375 0.0402778
1 0.9625 0.615278 0.01875 0.0305556
0 0.8625 0.986111 0.03125 0.0263889
3 0.0287964 0.284722 0.0568604 0.0861111
1 0.201367 0.207639 0.0121094 0.0298611
1 0.0791992 0.425 0.0115234 0.0305556
1 0.199805 0.212847 0.015625 0.0333333
1 0.0806641 0.425347 0.0158203 0.0326389
0 0.0288086 0.285069 0.0564453 0.0854167
1 0.264258 0.602083 0.0128906 0.0208333
2 0.0288086 0.285243 0.0568359 0.0857639
1 0.0291016 0.285417 0.0568359 0.0868056
1 0.316406 0.536806 0.0101562 0.0125
0 0.859375 0.990278 0.03125 0.0180556
1 0.95625 0.615278 0.01875 0.0243056
0 0.201562 0.210069 0.0132813 0.0326389
1 0.952344 0.599306 0.0203125 0.0305556
1 0.261719 0.598611 0.0164062 0.0222222
1 0.282227 0.548611 0.00898437 0.0166667
1 0.957812 0.6125 0.0203125 0.0319444
1 0.416016 0.914583 0.00703125 0.0152778
1 0.39375 0.361111 0.0078125 0.0166667
1 0.859375 0.990278 0.03125 0.0180556
1 0.0765869 0.426389 0.0175293 0.0333333
1 0.828125 0.994444 0.0125 0.0111111
0 0.757031 0.0908854 0.04375 0.0675347
1 0.953125 0.607986 0.0234375 0.0395833
1 0.9625 0.615278 0.01875 0.0305556
0 0.851562 0.0183268 0.0328125 0.0320964
0 0.8625 0.986111 0.03125 0.0263889
3 0.0288086 0.284722 0.0570313 0.0861111
1 0.201562 0.207813 0.0125 0.0302083
1 0.0791992 0.425 0.0115234 0.0305556
1 0.2 0.2125 0.015625 0.034375
0 0.0287964 0.285069 0.0564697 0.0854167
1 0.0291016 0.285417 0.0569336 0.0868056
2 0.0287598 0.285243 0.0569336 0.0857639
1 0.264258 0.602083 0.0128906 0.0208333
1 0.316602 0.536806 0.0101562 0.0125
0 0.859375 0.990278 0.03125 0.0180556
1 0.95625 0.615278 0.01875 0.0236111
0 0.201562 0.210069 0.0132813 0.0333333
1 0.951563 0.599306 0.01875 0.0305556
1 0.953125 0.603125 0.021875 0.0375
1 0.282227 0.548611 0.00898437 0.0166667
1 0.261719 0.598611 0.0160156 0.0222222
1 0.957812 0.6125 0.0203125 0.0319444
1 0.416016 0.914583 0.00703125 0.0152778
1 0.39375 0.361111 0.0078125 0.0166667
1 0.859375 0.990278 0.03125 0.0180556
1 0.0766602 0.426389 0.0175781 0.0333333
1 0.828125 0.994444 0.0125 0.0111111
0 0.757031 0.0909722 0.04375 0.0673611
1 0.9625 0.615278 0.01875 0.0305556
1 0.414844 0.919444 0.009375 0.0180556
0 0.851562 0.0183594 0.034375 0.0318576
3 0.0288086 0.284722 0.0570313 0.0861111
1 0.201367 0.207986 0.0125 0.0305556
1 0.0791992 0.425 0.0115234 0.0305556
1 0.2 0.212153 0.015625 0.0350694
1 0.0807617 0.425347 0.0158203 0.0326389
1 0.0291016 0.28559 0.0569336 0.0864583
0 0.0287598 0.285069 0.056543 0.0854167
2 0.0287598 0.285243 0.0569336 0.0857639
1 0.264258 0.602083 0.0128906 0.0208333
1 0.316602 0.536806 0.0101562 0.0125
1 0.955469 0.615972 0.0171875 0.0236111
0 0.859375 0.990278 0.03125 0.0180556
0 0.201562 0.210069 0.0132813 0.0333333
1 0.951563 0.598958 0.01875 0.0298611
1 0.282227 0.548264 0.00898437 0.0166667
1 0.953125 0.603125 0.021875 0.0368056
1 0.416016 0.914583 0.00703125 0.0152778
1 0.957812 0.612847 0.01875 0.03125
1 0.261719 0.598611 0.0160156 0.0222222
1 0.394141 0.361111 0.00859375 0.0166667
1 0.0767334 0.426389 0.017627 0.0333333
1 0.859375 0.990278 0.03125 0.0180556
1 0.828125 0.994444 0.0125 0.0111111
0 0.757031 0.0909722 0.04375 0.0673611
1 0.414844 0.919444 0.009375 0.0166667
1 0.9625 0.615625 0.01875 0.0298611
0 0.851562 0.0183594 0.0328125 0.031684
3 0.0287964 0.284722 0.0570557 0.0861111
1 0.201367 0.207986 0.0125 0.0305556
1 0.0792969 0.425 0.0115234 0.0305556
1 0.2 0.211806 0.015625 0.0354167
1 0.0807617 0.425347 0.0158203 0.0319444
1 0.0291138 0.28559 0.0570068 0.0864583
0 0.0287598 0.285069 0.056543 0.0854167
2 0.0287231 0.285243 0.0570068 0.0857639
1 0.264453 0.602083 0.0125 0.0201389
1 0.316602 0.536806 0.0101562 0.0125
1 0.201562 0.203646 0.0136719 0.0322917
1 0.955469 0.615972 0.0171875 0.0236111
0 0.859375 0.990278 0.0296875 0.0180556
0 0.201562 0.210069 0.0132813 0.0336806
1 0.951563 0.598958 0.01875 0.0298611
1 0.416016 0.915278 0.00703125 0.0166667
1 0.282031 0.548611 0.00859375 0.0166667
1 0.953125 0.602778 0.021875 0.0375
1 0.957812 0.612847 0.01875 0.03125
1 0.261719 0.598611 0.0160156 0.0222222
1 0.394141 0.360764 0.00859375 0.0166667
1 0.0767578 0.426389 0.0177734 0.0333333
1 0.828125 0.994444 0.0125 0.0111111
1 0.414844 0.91875 0.009375 0.0180556
1 0.859375 0.990278 0.0296875 0.0180556
0 0.757031 0.0909722 0.04375 0.0673611
0 0.851562 0.018316 0.0328125 0.031684
1 0.9625 0.615278 0.01875 0.0291667
3 0.0288086 0.284722 0.0570313 0.0861111
1 0.201367 0.207986 0.0125 0.0305556
1 0.0792969 0.425 0.0115234 0.0305556
1 0.2 0.211806 0.015625 0.0354167
1 0.0807617 0.425347 0.0158203 0.0319444
1 0.0291016 0.28559 0.0569336 0.0864583
0 0.0287598 0.285069 0.056543 0.0854167
2 0.0287231 0.285243 0.0570068 0.0857639
1 0.264453 0.601736 0.0125 0.0201389
1 0.316406 0.536806 0.0101562 0.0125
1 0.201562 0.203646 0.0136719 0.0322917
1 0.955469 0.615972 0.0171875 0.0236111
0 0.859375 0.990278 0.0296875 0.0180556
0 0.201562 0.210069 0.0132813 0.0336806
1 0.951563 0.598958 0.01875 0.0298611
1 0.416016 0.915278 0.00703125 0.0166667
1 0.282031 0.548611 0.00859375 0.0166667
1 0.953125 0.602778 0.021875 0.0375
1 0.957812 0.613194 0.01875 0.0305556
1 0.261719 0.598611 0.0160156 0.0222222
1 0.394141 0.360764 0.00859375 0.0166667
1 0.0767334 0.426389 0.017627 0.0333333
1 0.828125 0.994444 0.0125 0.0111111
1 0.414844 0.91875 0.009375 0.0180556
1 0.859375 0.990278 0.0296875 0.0180556
0 0.757031 0.0909722 0.04375 0.0673611
0 0.851562 0.0183051 0.0328125 0.0316189
1 0.9625 0.615625 0.01875 0.0298611
0 0.8625 0.986111 0.03125 0.0263889
