1 0.0308105 0.334375 0.0143555 0.0263889
1 0.289844 0.315625 0.0132813 0.0326389
0 0.0308105 0.334375 0.0143555 0.0263889
1 0.0278198 0.344097 0.0144775 0.0347222
1 0.286719 0.315625 0.0148437 0.0333333
1 0.289844 0.31875 0.0160156 0.0354167
1 0.0362305 0.332552 0.0199219 0.0265625
1 0.288281 0.312847 0.0125 0.0340278
1 0.109082 0.551389 0.0126953 0.0173611
0 0.289844 0.315625 0.0132813 0.0326389
0 0.0272949 0.338802 0.0203125 0.0348958
1 0.0272949 0.338802 0.0203125 0.0348958
0 0.0362305 0.332552 0.0199219 0.0265625
1 0.565625 0.619444 0.0140625 0.0291667
0 0.109082 0.551389 0.0126953 0.0173611
0 0.0278198 0.344097 0.0144775 0.0347222
0 0.286719 0.315625 0.0148437 0.0333333
1 0.103223 0.415972 0.0113281 0.0263889
1 0.0313477 0.334722 0.0117188 0.0236111
1 0.108691 0.552083 0.0111328 0.0138889
1 0.0287109 0.345833 0.0126953 0.0277778
1 0.290039 0.314931 0.0113281 0.03125
0 0.0313477 0.334722 0.0117188 0.0236111
0 0.108691 0.552083 0.0111328 0.0138889
1 0.038916 0.334722 0.0139648 0.0208333
0 0.478125 0.845833 0.040625 0.105556
1 0.286328 0.315278 0.0128906 0.0326389
0 0.0287109 0.345833 0.0126953 0.0277778
2 0.478906 0.841667 0.040625 0.0958333
0 0.290039 0.314931 0.0113281 0.03125
1 0.565625 0.613889 0.0140625 0.0194444
0 0.478125 0.841667 0.040625 0.0972222
0 0.0311401 0.334722 0.0123291 0.0243056
1 0.0311401 0.334722 0.0123291 0.0243056
1 0.109082 0.552083 0.0132813 0.0152778
0 0.109082 0.552083 0.0132813 0.0152778
1 0.0285278 0.345833 0.011499 0.0277778
1 0.565625 0.614583 0.0109375 0.0194444
0 0.0285278 0.345833 0.011499 0.0277778
1 0.566016 0.618056 0.0109375 0.0222222
0 0.290039 0.313889 0.0128906 0.0368056
0 0.286523 0.313889 0.0152344 0.0381944
0 0.102832 0.418056 0.00898437 0.0229167
2 0.477734 0.841667 0.040625 0.0972222
1 0.102832 0.418056 0.00898437 0.0229167
0 0.0272949 0.338542 0.0195312 0.03125
1 0.290039 0.313889 0.0128906 0.0368056
0 0.1875 0.981597 0.0148437 0.0368056
1 0.0371094 0.334375 0.0174805 0.0243056
0 0.0371094 0.334375 0.0174805 0.0243056
0 0.110254 0.415972 0.0220703 0.0305556
1 0.286523 0.313889 0.0152344 0.0381944
1 0.289453 0.316667 0.0175781 0.0388889
0 0.0249023 0.345139 0.018457 0.0347222
0 0.289453 0.316667 0.0175781 0.0388889
1 0.0312622 0.334722 0.0136475 0.0236111
0 0.478516 0.844444 0.0429688 0.105556
1 0.0285156 0.346875 0.0133789 0.0263889
1 0.290234 0.314931 0.0101562 0.0298611
1 0.108789 0.552431 0.0121094 0.0152778
0 0.48125 0.873611 0.0515625 0.163889
0 0.502344 0.89375 0.0984375 0.204167
0 0.0312622 0.334722 0.0136475 0.0236111
1 0.289844 0.322222 0.0128906 0.0284722
1 0.287891 0.312153 0.009375 0.0305556
1 0.285547 0.314931 0.0117188 0.0305556
1 0.0276245 0.338108 0.0205322 0.0321181
0 0.484375 0.893056 0.0601562 0.202778
1 0.566016 0.618056 0.0117188 0.0236111
1 0.564453 0.614583 0.0109375 0.0166667
0 0.0285156 0.346875 0.0133789 0.0263889
1 0.0365234 0.333941 0.0183594 0.0237847
0 0.0276245 0.338108 0.0205322 0.0321181
0 0.521484 0.895139 0.141406 0.209722
0 0.108789 0.552431 0.0121094 0.0152778
1 0.0315552 0.334722 0.0159912 0.0270833
0 0.478125 0.844444 0.0453125 0.105556
1 0.0285156 0.342708 0.0146484 0.0340278
0 0.0315552 0.334722 0.0159912 0.0270833
1 0.566016 0.61875 0.0125 0.0263889
1 0.290234 0.315278 0.0117188 0.03125
1 0.285937 0.315451 0.0140625 0.0322917
0 0.0285156 0.342708 0.0146484 0.0340278
1 0.108984 0.552083 0.0125 0.0166667
1 0.289453 0.321875 0.0148437 0.0291667
1 0.0279297 0.338542 0.0212891 0.0354167
1 0.288672 0.313194 0.0109375 0.0333333
0 0.0279297 0.338542 0.0212891 0.0354167
1 0.0348145 0.333247 0.0216797 0.0293403
1 0.10293 0.417361 0.0105469 0.0263889
1 0.564844 0.614931 0.0140625 0.0333333
0 0.497656 0.891667 0.0867188 0.202778
1 0.287891 0.318056 0.0171875 0.0375
0 0.108984 0.552083 0.0125 0.0166667
1 0.561719 0.616319 0.01875 0.0291667
1 0.566406 0.61875 0.0140625 0.0263889
0 0.477734 0.843056 0.0445312 0.101389
0 0.0310547 0.334635 0.0137695 0.0251736
1 0.289453 0.314931 0.0132813 0.0319444
1 0.0310547 0.334635 0.0137695 0.0251736
1 0.562109 0.616667 0.021875 0.0291667
0 0.108789 0.552083 0.0128906 0.0159722
1 0.286914 0.315278 0.0148437 0.0326389
1 0.108789 0.552083 0.0128906 0.0159722
1 0.0283203 0.34375 0.0135742 0.0340278
0 0.0283203 0.34375 0.0135742 0.0340278
1 0.289258 0.319618 0.0148437 0.0315972
1 0.564844 0.614931 0.0179687 0.0326389
0 0.0272339 0.339236 0.0195557 0.0347222
0 0.289453 0.314931 0.0132813 0.0319444
0 0.286914 0.315278 0.0148437 0.0326389
1 0.566406 0.627778 0.0171875 0.0423611
1 0.560938 0.613542 0.0257812 0.0319444
1 0.571094 0.622917 0.025 0.0375
0 0.0356445 0.332986 0.0193359 0.0270833
1 0.0272339 0.339236 0.0195557 0.0347222
0 0.289258 0.319618 0.0148437 0.0315972
1 0.0313355 0.334722 0.0131104 0.025
1 0.566406 0.619444 0.0148437 0.0277778
1 0.290234 0.315278 0.0105469 0.0298611
0 0.0313355 0.334722 0.0131104 0.025
0 0.477734 0.842361 0.0445312 0.101389
1 0.288281 0.311979 0.0109375 0.0322917
1 0.285156 0.314931 0.0117188 0.0305556
1 0.0285278 0.345139 0.0122803 0.0291667
1 0.289844 0.321701 0.0132813 0.028125
1 0.5625 0.618056 0.0210938 0.0326389
0 0.0285278 0.345139 0.0122803 0.0291667
1 0.287109 0.31875 0.0148437 0.0340278
1 0.108594 0.552778 0.0126953 0.0152778
0 0.108594 0.552778 0.0126953 0.0152778
1 0.567187 0.627778 0.01875 0.0458333
1 0.565234 0.615972 0.0171875 0.0354167
1 0.939062 0.202083 0.0171875 0.0444444
1 0.940625 0.208854 0.0203125 0.0475694
1 0.0271484 0.338889 0.0193359 0.0333333
0 0.0271484 0.338889 0.0193359 0.0333333
1 0.266992 0.267535 0.00859375 0.0211806
1 0.0358887 0.332639 0.0185547 0.0270833
0 0.187891 0.98125 0.0160156 0.0375
1 0.48125 0.852778 0.034375 0.0861111
0 0.0358887 0.332639 0.0185547 0.0270833
1 0.560547 0.613889 0.0257812 0.0333333
1 0.0313965 0.334722 0.0146484 0.0263889
1 0.289453 0.315278 0.0121094 0.03125
0 0.0313965 0.334722 0.0146484 0.0263889
1 0.285937 0.315104 0.0132813 0.0309028
1 0.288281 0.311806 0.0117188 0.0319444
1 0.028418 0.343056 0.0138672 0.0347222
1 0.565625 0.616319 0.0125 0.0236111
1 0.566016 0.619444 0.0140625 0.0277778
0 0.028418 0.343056 0.0138672 0.0347222
1 0.289453 0.320486 0.0140625 0.0305556
0 0.477344 0.842361 0.046875 0.101389
1 0.287109 0.318576 0.0152344 0.034375
1 0.108691 0.552778 0.0134766 0.0159722
1 0.0275879 0.338194 0.0200195 0.0340278
1 0.561719 0.617361 0.021875 0.0319444
0 0.0275879 0.338194 0.0200195 0.0340278
1 0.0352051 0.332639 0.0199219 0.0291667
0 0.108691 0.552778 0.0134766 0.0159722
0 0.0352051 0.332639 0.0199219 0.0291667
0 0.0261719 0.343403 0.0183594 0.0388889
1 0.567187 0.627083 0.01875 0.0444444
0 0.285937 0.315104 0.0132813 0.0309028
1 0.489062 0.883333 0.01875 0.0263889
1 0.564844 0.615972 0.0171875 0.0354167
0 0.289453 0.315278 0.0121094 0.03125
1 0.266797 0.26875 0.009375 0.021875
1 0.289258 0.303125 0.0132813 0.0333333
1 0.0261719 0.343403 0.0183594 0.0388889
0 0.166504 0.786806 0.0236328 0.0583333
0 0.0313965 0.335069 0.0149414 0.0263889
1 0.0313965 0.335069 0.0149414 0.0263889
1 0.289648 0.315625 0.0117188 0.0298611
1 0.285156 0.314757 0.0125 0.0288194
1 0.0284668 0.343056 0.0135742 0.0347222
1 0.566016 0.61875 0.0140625 0.0256944
1 0.288477 0.310764 0.0109375 0.0291667
0 0.0284668 0.343056 0.0135742 0.0347222
1 0.289453 0.321875 0.0136719 0.0284722
0 0.477734 0.843056 0.0453125 0.1
1 0.286914 0.319792 0.0144531 0.0326389
0 0.0276855 0.338108 0.0201172 0.0335069
1 0.561719 0.616667 0.021875 0.0305556
0 0.0351562 0.33342 0.0203125 0.0289931
1 0.0276855 0.338108 0.0201172 0.0335069
1 0.108594 0.552778 0.0132813 0.0166667
1 0.0351562 0.33342 0.0203125 0.0289931
1 0.266406 0.268403 0.00859375 0.0208333
0 0.0260742 0.343403 0.0185547 0.0388889
0 0.108594 0.552778 0.0132813 0.0166667
1 0.567187 0.627778 0.0171875 0.0430556
0 0.510547 0.893056 0.114063 0.205556
0 0.0313599 0.334635 0.0150146 0.0265625
1 0.0313599 0.334635 0.0150146 0.0265625
1 0.289844 0.315972 0.0109375 0.0284722
1 0.0283691 0.343403 0.0139648 0.0347222
1 0.565625 0.616319 0.0125 0.0222222
1 0.285156 0.314931 0.0121094 0.0284722
0 0.0283691 0.343403 0.0139648 0.0347222
0 0.478125 0.843056 0.0453125 0.1
1 0.288672 0.310417 0.0109375 0.0284722
1 0.289648 0.322569 0.0128906 0.0270833
1 0.286719 0.32066 0.0132813 0.0309028
0 0.0276245 0.337847 0.0201416 0.0340278
1 0.108496 0.552431 0.0134766 0.0166667
0 0.0353516 0.333333 0.0201172 0.0291667
1 0.0276245 0.337847 0.0201416 0.0340278
1 0.0353516 0.333333 0.0201172 0.0291667
0 0.0261719 0.343403 0.0182617 0.0388889
1 0.5625 0.616667 0.0203125 0.0305556
0 0.108496 0.552431 0.0134766 0.0166667
1 0.266406 0.268576 0.00898437 0.0215278
1 0.490625 0.884028 0.015625 0.0222222
1 0.565234 0.614583 0.015625 0.0319444
1 0.103516 0.417361 0.0121094 0.0263889
1 0.567187 0.628125 0.0171875 0.0409722
1 0.0261719 0.343403 0.0182617 0.0388889
1 0.0312988 0.335069 0.0145508 0.0256944
0 0.0312988 0.335069 0.0145508 0.0256944
1 0.289648 0.315625 0.0109375 0.0277778
1 0.0284302 0.34375 0.0134521 0.0333333
1 0.284961 0.314931 0.0117188 0.0270833
1 0.565625 0.616667 0.0109375 0.0222222
1 0.566016 0.619097 0.0132813 0.0243056
1 0.288477 0.309722 0.0105469 0.0263889
0 0.0284302 0.34375 0.0134521 0.0333333
0 0.478125 0.843056 0.0460938 0.101389
1 0.289648 0.322917 0.0128906 0.025
1 0.286523 0.320833 0.0132813 0.0298611
1 0.108398 0.552431 0.0132813 0.0159722
0 0.0275513 0.3375 0.0198975 0.0326389
1 0.0275513 0.3375 0.0198975 0.0326389
1 0.0355469 0.333333 0.0197266 0.0284722
0 0.0355469 0.333333 0.0197266 0.0284722
1 0.5625 0.616667 0.0203125 0.0305556
0 0.108398 0.552431 0.0132813 0.0159722
0 0.0261719 0.34375 0.0179687 0.0375
1 0.491406 0.884028 0.0140625 0.0222222
1 0.266406 0.26875 0.00859375 0.0208333
1 0.103516 0.417361 0.0117188 0.0263889
1 0.564844 0.614583 0.015625 0.0319444
1 0.567187 0.628472 0.0171875 0.0402778
1 0.0261719 0.34375 0.0179687 0.0375
0 0.03125 0.335069 0.0144531 0.0256944
1 0.03125 0.335069 0.0144531 0.0256944
1 0.289844 0.315278 0.0101562 0.0277778
1 0.28457 0.314583 0.0113281 0.0270833
1 0.028418 0.344097 0.0132813 0.0333333
1 0.565625 0.616319 0.0109375 0.0215278
0 0.478125 0.843056 0.0460938 0.101389
1 0.288672 0.309028 0.0101562 0.0256944
0 0.028418 0.344097 0.0132813 0.0333333
1 0.566016 0.61875 0.0132813 0.0236111
1 0.289844 0.323611 0.0125 0.0243056
1 0.286328 0.320833 0.0132813 0.0298611
1 0.108398 0.552778 0.0134766 0.0166667
0 0.0275391 0.3375 0.0199219 0.0333333
0 0.0356934 0.333333 0.0194336 0.0284722
0 0.108398 0.552778 0.0134766 0.0166667
1 0.0356934 0.333333 0.0194336 0.0284722
1 0.0275391 0.3375 0.0199219 0.0333333
1 0.5625 0.616667 0.0203125 0.0291667
0 0.026123 0.344097 0.0179687 0.0375
1 0.266797 0.268056 0.00859375 0.0201389
1 0.491406 0.884722 0.015625 0.0222222
1 0.103906 0.417014 0.0125 0.0263889
1 0.567187 0.628472 0.0164062 0.0388889
1 0.484766 0.879167 0.025 0.0319444
1 0.0312988 0.334635 0.0142578 0.0251736
0 0.0312988 0.334635 0.0142578 0.0251736
1 0.290039 0.315278 0.0101562 0.0270833
1 0.284375 0.314583 0.0109375 0.0270833
1 0.028418 0.344444 0.0132813 0.0333333
1 0.288672 0.308681 0.0101562 0.025
0 0.478125 0.843056 0.0453125 0.101389
1 0.565625 0.616667 0.0109375 0.0208333
0 0.028418 0.344444 0.0132813 0.0333333
1 0.289844 0.323611 0.0125 0.0236111
1 0.286328 0.320833 0.0132813 0.0291667
1 0.108398 0.552778 0.0136719 0.0166667
0 0.0274902 0.3375 0.0199219 0.0333333
0 0.0358398 0.333333 0.0191406 0.0284722
1 0.0358398 0.333333 0.0191406 0.0284722
0 0.108398 0.552778 0.0136719 0.0166667
1 0.0274902 0.3375 0.0199219 0.0333333
0 0.0260254 0.34375 0.0180664 0.0375
1 0.5625 0.616667 0.0203125 0.0284722
1 0.266797 0.267708 0.00859375 0.0201389
1 0.490625 0.884028 0.015625 0.0222222
1 0.103906 0.417014 0.0126953 0.0263889
1 0.484375 0.879167 0.025 0.0305556
1 0.567187 0.628472 0.015625 0.0388889
1 0.0312988 0.334635 0.0140625 0.0251736
0 0.0312988 0.334635 0.0140625 0.0251736
1 0.290039 0.315278 0.0101562 0.0270833
1 0.284375 0.31441 0.0109375 0.0267361
1 0.0284668 0.344444 0.0130859 0.0319444
1 0.288672 0.308854 0.0101562 0.0256944
1 0.565625 0.616667 0.0109375 0.0208333
1 0.290039 0.323611 0.0121094 0.0236111
0 0.0284668 0.344444 0.0130859 0.0319444
0 0.478125 0.843056 0.0460938 0.101389
1 0.286328 0.320833 0.0132813 0.0291667
1 0.108398 0.552778 0.0136719 0.0166667
0 0.0275513 0.337587 0.0200928 0.0331597
1 0.0359375 0.333333 0.019043 0.0277778
1 0.0275513 0.337587 0.0200928 0.0331597
0 0.108398 0.552778 0.0136719 0.0166667
0 0.0359375 0.333333 0.019043 0.0277778
1 0.266602 0.267361 0.00820312 0.0197917
1 0.5625 0.616667 0.0203125 0.0284722
0 0.0259277 0.344097 0.0181641 0.0368056
1 0.491406 0.884722 0.015625 0.0222222
1 0.263086 0.257639 0.00820312 0.0173611
1 0.484766 0.881944 0.0234375 0.0277778
1 0.103711 0.417361 0.0123047 0.0263889
1 0.0312988 0.334635 0.0139648 0.0251736
0 0.0312988 0.334635 0.0139648 0.0251736
1 0.290039 0.315278 0.0101562 0.0277778
1 0.284375 0.314583 0.0109375 0.0270833
1 0.288477 0.309375 0.0101562 0.0263889
1 0.0284668 0.344444 0.0130859 0.0319444
1 0.565625 0.616667 0.0109375 0.0208333
1 0.290039 0.323611 0.0121094 0.0236111
0 0.478125 0.843056 0.0453125 0.102778
0 0.0284668 0.344444 0.0130859 0.0319444
1 0.286328 0.320486 0.0132813 0.0298611
1 0.108398 0.552778 0.0136719 0.0166667
0 0.0275391 0.3375 0.0201172 0.0333333
0 0.108398 0.552778 0.0136719 0.0166667
1 0.0360352 0.333333 0.0189453 0.0277778
1 0.0275391 0.3375 0.0201172 0.0333333
0 0.0360352 0.333333 0.0189453 0.0277778
1 0.266602 0.267188 0.00820312 0.0201389
0 0.0258911 0.344097 0.018335 0.0368056
1 0.5625 0.616667 0.0203125 0.0284722
1 0.490625 0.884028 0.015625 0.0222222
1 0.103516 0.417361 0.0121094 0.0256944
1 0.263086 0.257812 0.00820312 0.0173611
1 0.484375 0.877778 0.025 0.0347222
1 0.03125 0.335069 0.0140625 0.025
1 0.290234 0.315278 0.0101562 0.0284722
0 0.03125 0.335069 0.0140625 0.025
1 0.28457 0.314583 0.0109375 0.0284722
1 0.288672 0.309722 0.0101562 0.0277778
1 0.0284668 0.344444 0.0130859 0.0319444
1 0.290039 0.323264 0.0121094 0.0243056
1 0.565625 0.616667 0.0109375 0.0208333
0 0.0284668 0.344444 0.0130859 0.0319444
1 0.566016 0.619444 0.0125 0.0236111
0 0.478125 0.843056 0.0453125 0.102778
1 0.286523 0.320139 0.0132813 0.0305556
1 0.108398 0.552778 0.0136719 0.0166667
0 0.0275391 0.337587 0.0201172 0.0331597
1 0.0359863 0.333333 0.019043 0.0277778
0 0.108398 0.552778 0.0136719 0.0166667
1 0.0275391 0.337587 0.0201172 0.0331597
0 0.0359863 0.333333 0.019043 0.0277778
0 0.0258789 0.344097 0.0183594 0.0368056
1 0.266602 0.267188 0.00820312 0.0204861
1 0.5625 0.616667 0.0203125 0.0291667
1 0.491406 0.884722 0.0140625 0.0222222
1 0.103711 0.417361 0.0125 0.0256944
1 0.263086 0.257639 0.00820312 0.0173611
1 0.0312012 0.335069 0.0140625 0.025
1 0.290039 0.315278 0.0105469 0.0284722
1 0.28457 0.314583 0.0113281 0.0284722
0 0.0312012 0.335069 0.0140625 0.025
1 0.288672 0.309722 0.0101562 0.0277778
1 0.0284668 0.344444 0.0130859 0.0319444
1 0.290039 0.323264 0.0121094 0.025
1 0.565625 0.616667 0.0109375 0.0215278
0 0.0284668 0.344444 0.0130859 0.0319444
1 0.566016 0.619444 0.0125 0.0236111
1 0.286523 0.319792 0.0136719 0.03125
0 0.478125 0.843056 0.0453125 0.102778
1 0.108398 0.552778 0.0136719 0.0166667
0 0.0275391 0.337847 0.0201172 0.0333333
0 0.108398 0.552778 0.0136719 0.0166667
1 0.0359863 0.333681 0.019043 0.0277778
1 0.0275391 0.337847 0.0201172 0.0333333
0 0.0359863 0.333681 0.019043 0.0277778
0 0.0259766 0.34375 0.0183594 0.0375
1 0.5625 0.616667 0.0195312 0.0291667
1 0.266406 0.267188 0.00859375 0.0204861
1 0.491406 0.884722 0.0140625 0.0208333
1 0.103906 0.417361 0.0130859 0.0263889
1 0.566797 0.629167 0.015625 0.0375
1 0.263281 0.257639 0.00859375 0.0173611
1 0.0312378 0.335417 0.0138916 0.025
1 0.290039 0.315278 0.0105469 0.0284722
1 0.28457 0.314583 0.0113281 0.0284722
1 0.288672 0.309722 0.0101562 0.0277778
0 0.0312378 0.335417 0.0138916 0.025
1 0.0285034 0.344444 0.0131104 0.0319444
1 0.289844 0.323003 0.0125 0.0248264
1 0.565625 0.616667 0.0109375 0.0208333
1 0.566016 0.619444 0.0125 0.0236111
0 0.0285034 0.344444 0.0131104 0.0319444
1 0.286719 0.319792 0.0140625 0.03125
0 0.478125 0.843056 0.0453125 0.101389
1 0.108398 0.552431 0.0136719 0.0166667
0 0.0275391 0.337847 0.0202148 0.0333333
0 0.108398 0.552431 0.0136719 0.0166667
1 0.0360352 0.333681 0.019043 0.0277778
1 0.0275391 0.337847 0.0202148 0.0333333
0 0.0360352 0.333681 0.019043 0.0277778
1 0.5625 0.616667 0.0195312 0.0284722
0 0.0259766 0.344097 0.018457 0.0368056
1 0.266406 0.267361 0.00859375 0.0208333
1 0.491406 0.884722 0.0140625 0.0222222
1 0.104102 0.417708 0.0136719 0.0256944
1 0.567187 0.629167 0.015625 0.0368056
1 0.263281 0.257639 0.00859375 0.0173611
1 0.289844 0.315278 0.0109375 0.0291667
1 0.0312012 0.335417 0.0137695 0.025
1 0.284766 0.31441 0.0117188 0.0288194
1 0.288672 0.310069 0.0109375 0.0284722
0 0.0312012 0.335417 0.0137695 0.025
1 0.289844 0.322917 0.0125 0.0256944
1 0.0285278 0.344792 0.0130615 0.03125
1 0.565625 0.617014 0.0109375 0.0215278
1 0.286719 0.319444 0.0140625 0.0319444
0 0.0285278 0.344792 0.0130615 0.03125
0 0.478125 0.843056 0.0453125 0.102778
1 0.108398 0.552778 0.0136719 0.0166667
0 0.0275879 0.337847 0.0203125 0.0333333
1 0.036084 0.333681 0.019043 0.0277778
1 0.0275879 0.337847 0.0203125 0.0333333
0 0.108398 0.552778 0.0136719 0.0166667
0 0.036084 0.333681 0.019043 0.0277778
1 0.5625 0.617014 0.0195312 0.0284722
1 0.266602 0.267361 0.00859375 0.0208333
0 0.0259277 0.344097 0.0185547 0.0368056
1 0.491406 0.884722 0.0148437 0.0222222
1 0.566797 0.629167 0.0148437 0.0368056
1 0.104199 0.418056 0.0140625 0.025
1 0.289648 0.301389 0.0121094 0.0319444
1 0.289844 0.315278 0.0109375 0.0291667
1 0.03125 0.335417 0.0135742 0.025
1 0.284766 0.314236 0.0117188 0.0291667
1 0.288672 0.310417 0.0109375 0.0284722
1 0.289844 0.322917 0.0125 0.0256944
0 0.03125 0.335417 0.0135742 0.025
1 0.0285645 0.345139 0.0129883 0.0305556
1 0.565625 0.616667 0.0109375 0.0222222
1 0.565625 0.619444 0.0125 0.0236111
1 0.286719 0.319271 0.0140625 0.0322917
0 0.478516 0.843056 0.0460938 0.102778
0 0.0285645 0.345139 0.0129883 0.0305556
1 0.108398 0.552778 0.0136719 0.0166667
0 0.0275879 0.337847 0.0204102 0.0333333
1 0.0361328 0.334115 0.0189453 0.0276042
1 0.0275879 0.337847 0.0204102 0.0333333
0 0.108398 0.552778 0.0136719 0.0166667
1 0.491406 0.884722 0.0140625 0.0222222
1 0.5625 0.616667 0.0195312 0.0291667
1 0.266406 0.267361 0.00859375 0.0211806
0 0.0361328 0.334115 0.0189453 0.0276042
0 0.0259277 0.344097 0.0185547 0.0361111
1 0.566797 0.629167 0.0148437 0.0361111
1 0.104297 0.418056 0.0142578 0.025
1 0.289648 0.301389 0.0125 0.0326389
1 0.289844 0.315278 0.0109375 0.0291667
1 0.0312622 0.335417 0.0134521 0.0243056
1 0.284766 0.314236 0.0117188 0.0291667
1 0.288672 0.310417 0.0109375 0.0284722
1 0.289844 0.322917 0.0125 0.0256944
1 0.0285645 0.345139 0.0128906 0.0305556
0 0.0312622 0.335417 0.0134521 0.0243056
1 0.565625 0.616667 0.0109375 0.0222222
1 0.565625 0.619444 0.0125 0.0236111
1 0.286914 0.319271 0.0144531 0.0322917
0 0.478516 0.843056 0.0460938 0.102778
0 0.0285645 0.345139 0.0128906 0.0305556
1 0.108398 0.552778 0.0136719 0.0166667
1 0.0362305 0.334028 0.01875 0.0270833
1 0.0275879 0.3375 0.0204102 0.0333333
0 0.0275879 0.3375 0.0204102 0.0333333
1 0.492188 0.884722 0.0140625 0.0222222
0 0.108398 0.552778 0.0136719 0.0166667
1 0.266406 0.267361 0.00859375 0.0215278
1 0.5625 0.616667 0.0195312 0.0291667
0 0.0362305 0.334028 0.01875 0.0270833
1 0.566797 0.629514 0.0148437 0.0361111
0 0.0258789 0.344444 0.0186523 0.0361111
1 0.104492 0.418056 0.0144531 0.025
1 0.289648 0.301389 0.0125 0.0326389
1 0.289844 0.315278 0.0109375 0.0291667
1 0.03125 0.335417 0.0132813 0.0243056
1 0.284766 0.314236 0.0117188 0.0291667
1 0.288672 0.310417 0.0109375 0.0284722
1 0.289844 0.32283 0.0125 0.0251736
1 0.0285645 0.345139 0.012793 0.0305556
0 0.03125 0.335417 0.0132813 0.0243056
1 0.565625 0.616667 0.0109375 0.0222222
1 0.565625 0.619444 0.0125 0.0236111
1 0.286914 0.319271 0.0144531 0.0322917
0 0.478516 0.843056 0.0460938 0.102778
0 0.0285645 0.345139 0.012793 0.0305556
1 0.108398 0.552778 0.0136719 0.0166667
1 0.0363281 0.334028 0.01875 0.0270833
1 0.492188 0.884722 0.0132813 0.0208333
1 0.0275879 0.3375 0.0204102 0.0333333
0 0.0275879 0.3375 0.0204102 0.0333333
0 0.108398 0.552778 0.0136719 0.0166667
1 0.266406 0.267361 0.00859375 0.0215278
1 0.567187 0.629861 0.0140625 0.0361111
1 0.5625 0.617014 0.01875 0.0284722
0 0.0363281 0.334028 0.01875 0.0270833
0 0.0258301 0.344444 0.01875 0.0361111
1 0.10459 0.418056 0.0150391 0.025
1 0.289648 0.301042 0.0125 0.0326389
1 0.484766 0.883333 0.0203125 0.0222222
0 0.284766 0.314236 0.0117188 0.0291667
1 0.289844 0.315104 0.0109375 0.0288194
1 0.03125 0.335417 0.0131836 0.0243056
1 0.284766 0.314236 0.0117188 0.0291667
1 0.288672 0.310243 0.0109375 0.0288194
1 0.289844 0.32283 0.0125 0.0251736
1 0.0286255 0.345139 0.0128662 0.0305556
1 0.565625 0.616667 0.0109375 0.0222222
0 0.03125 0.335417 0.0131836 0.0243056
1 0.565625 0.619444 0.0125 0.0236111
1 0.287109 0.319271 0.0140625 0.0322917
0 0.478516 0.843056 0.0460938 0.102778
0 0.0286255 0.345139 0.0128662 0.0305556
1 0.108398 0.552778 0.0136719 0.0166667
1 0.492188 0.884722 0.0125 0.0222222
1 0.0363281 0.334028 0.01875 0.0270833
1 0.0275879 0.3375 0.0205078 0.0333333
0 0.0275879 0.3375 0.0205078 0.0333333
1 0.266406 0.267361 0.00859375 0.0215278
1 0.566797 0.629861 0.0140625 0.0347222
0 0.108398 0.552778 0.0136719 0.0166667
1 0.5625 0.617014 0.01875 0.0284722
0 0.0363281 0.334028 0.01875 0.0270833
0 0.0258789 0.344444 0.01875 0.0361111
1 0.484375 0.884028 0.0203125 0.0222222
1 0.289453 0.301042 0.0125 0.0322917
1 0.104687 0.41875 0.0152344 0.025
1 0.289844 0.315278 0.0109375 0.0284722
1 0.0312378 0.335417 0.0131104 0.0243056
1 0.284961 0.314236 0.0121094 0.0291667
1 0.288672 0.310417 0.0109375 0.0284722
1 0.289844 0.323264 0.0125 0.025
1 0.0286133 0.345486 0.012793 0.0298611
1 0.565625 0.617361 0.0109375 0.0222222
0 0.0312378 0.335417 0.0131104 0.0243056
1 0.287109 0.319444 0.0140625 0.0319444
0 0.478516 0.843056 0.0460938 0.102778
0 0.0286133 0.345486 0.012793 0.0298611
1 0.108398 0.552778 0.0136719 0.0166667
1 0.492188 0.884722 0.0125 0.0208333
1 0.0364258 0.334028 0.01875 0.0270833
1 0.0275879 0.3375 0.0205078 0.0333333
0 0.0275879 0.3375 0.0205078 0.0333333
1 0.566797 0.629861 0.0140625 0.0347222
1 0.266406 0.267361 0.00859375 0.0215278
1 0.5625 0.616667 0.01875 0.0277778
0 0.108398 0.552778 0.0136719 0.0166667
0 0.0258789 0.344444 0.01875 0.0354167
1 0.484766 0.884722 0.0195312 0.0222222
0 0.0364258 0.334028 0.01875 0.0270833
1 0.289453 0.301042 0.0125 0.0322917
1 0.289844 0.315278 0.0109375 0.0284722
1 0.0311523 0.335417 0.0129883 0.0243056
1 0.284961 0.314236 0.0121094 0.0291667
1 0.288672 0.310417 0.0109375 0.0284722
1 0.289844 0.323264 0.0125 0.025
1 0.0286133 0.345833 0.012793 0.0291667
1 0.565625 0.617014 0.0109375 0.0215278
1 0.565625 0.619792 0.0125 0.0236111
1 0.287109 0.319444 0.0140625 0.0319444
0 0.0311523 0.335417 0.0129883 0.0243056
0 0.478516 0.843056 0.0460938 0.102778
0 0.0286133 0.345833 0.012793 0.0291667
1 0.108398 0.552778 0.0136719 0.0166667
1 0.492188 0.884722 0.0125 0.0222222
1 0.0364746 0.333941 0.0186523 0.0265625
1 0.0275879 0.3375 0.0206055 0.0333333
0 0.0275879 0.3375 0.0206055 0.0333333
1 0.566797 0.629861 0.0140625 0.0347222
1 0.266406 0.267361 0.00859375 0.0215278
1 0.5625 0.617014 0.01875 0.0277778
0 0.0258301 0.344444 0.01875 0.0354167
1 0.484766 0.884722 0.01875 0.0222222
0 0.108398 0.552778 0.0136719 0.0166667
0 0.0364746 0.333941 0.0186523 0.0265625
1 0.289453 0.300694 0.0125 0.0322917
1 0.289844 0.315278 0.0109375 0.0284722
1 0.0312012 0.335417 0.0129883 0.0243056
1 0.284961 0.314236 0.0121094 0.0291667
1 0.288672 0.310417 0.0109375 0.0284722
1 0.289844 0.323264 0.0125 0.025
1 0.0286133 0.345833 0.012793 0.0291667
1 0.565625 0.617361 0.0109375 0.0222222
1 0.287109 0.319444 0.0140625 0.0319444
0 0.0312012 0.335417 0.0129883 0.0243056
0 0.478516 0.843056 0.0460938 0.102778
0 0.0286133 0.345833 0.012793 0.0291667
1 0.492188 0.884722 0.0125 0.0222222
1 0.108398 0.552778 0.0136719 0.0166667
1 0.0364746 0.333941 0.0186523 0.0265625
1 0.0275879 0.3375 0.0206055 0.0333333
0 0.0275879 0.3375 0.0206055 0.0333333
1 0.566797 0.629861 0.0140625 0.0347222
1 0.266406 0.267361 0.00859375 0.0211806
1 0.5625 0.617014 0.01875 0.0277778
0 0.0258789 0.344444 0.01875 0.0354167
1 0.484766 0.884722 0.01875 0.0222222
0 0.108398 0.552778 0.0136719 0.0166667
1 0.289648 0.300694 0.0128906 0.0322917
0 0.0364746 0.333941 0.0186523 0.0265625
