3 0.485156 0.479514 0.101562 0.158333
1 0.890625 0.38125 0.0171875 0.0208333
1 0.892187 0.401389 0.015625 0.0152778
2 0.485156 0.479167 0.101562 0.156944
0 0.890625 0.38125 0.0171875 0.0208333
1 0.484766 0.479861 0.101562 0.158333
1 0.0516113 0.868056 0.0134766 0.0305556
1 0.889844 0.388194 0.0203125 0.0333333
0 0.892187 0.401389 0.015625 0.0152778
1 0.0493164 0.868056 0.0158203 0.0333333
1 0.890625 0.375694 0.021875 0.0236111
1 0.500781 0.459028 0.01875 0.0375
1 0.838281 0.361111 0.01875 0.0194444
1 0.829687 0.357986 0.01875 0.01875
3 0.485156 0.479167 0.101562 0.161111
1 0.890625 0.38125 0.0171875 0.0194444
0 0.890625 0.38125 0.0171875 0.0194444
1 0.471875 0.190625 0.021875 0.0368056
1 0.892187 0.398958 0.015625 0.0215278
0 0.471875 0.190972 0.0203125 0.0354167
2 0.485547 0.478819 0.102344 0.160417
1 0.484766 0.478472 0.101562 0.158333
1 0.890625 0.375694 0.021875 0.0236111
3 0.485156 0.478472 0.101562 0.157639
1 0.890625 0.38125 0.0171875 0.0194444
1 0.470313 0.192708 0.015625 0.03125
1 0.471875 0.190278 0.0195312 0.0354167
1 0.892187 0.397222 0.015625 0.0215278
1 0.485156 0.478819 0.101562 0.159028
1 0.617578 0.357639 0.0132813 0.0305556
1 0.928125 0.437847 0.015625 0.0180556
1 0.617969 0.361806 0.0148437 0.0402778
1 0.828125 0.357639 0.0125 0.0180556
0 0.890625 0.381944 0.01875 0.0215278
1 0.842188 0.360764 0.0125 0.0173611
1 0.844531 0.363889 0.015625 0.0180556
1 0.616016 0.366319 0.01875 0.0458333
1 0.891406 0.376389 0.0203125 0.025
1 0.889063 0.3875 0.021875 0.0333333
1 0.929688 0.436111 0.01875 0.0180556
3 0.484375 0.479167 0.101562 0.159722
1 0.890625 0.380556 0.01875 0.0194444
1 0.892187 0.399306 0.015625 0.0166667
1 0.927344 0.4375 0.0140625 0.0194444
1 0.827344 0.355556 0.0125 0.0152778
1 0.484766 0.478819 0.101562 0.159722
0 0.889844 0.380903 0.0171875 0.0229167
1 0.926562 0.432292 0.015625 0.0229167
1 0.889063 0.388889 0.01875 0.0291667
1 0.845312 0.365278 0.0125 0.0138889
1 0.842188 0.360764 0.0125 0.0152778
1 0.890625 0.376389 0.021875 0.025
1 0.617188 0.359722 0.0125 0.0347222
1 0.925 0.435069 0.015625 0.0236111
1 0.929688 0.435417 0.01875 0.0180556
1 0.817187 0.334028 0.009375 0.0152778
1 0.923437 0.430556 0.015625 0.0208333
1 0.820312 0.316146 0.0078125 0.0142361
1 0.823438 0.35 0.0125 0.0180556
1 0.834375 0.349306 0.015625 0.0159722
0 0.0507812 0.855556 0.101172 0.288889
1 0.615625 0.364931 0.0171875 0.0430556
3 0.485156 0.479861 0.1 0.159722
1 0.890625 0.381597 0.01875 0.0215278
1 0.467578 0.194792 0.0109375 0.0243056
1 0.617188 0.360417 0.0140625 0.0347222
1 0.892187 0.392361 0.01875 0.0305556
1 0.471094 0.189931 0.0171875 0.0326389
1 0.928125 0.436806 0.015625 0.0222222
1 0.615625 0.365278 0.01875 0.0444444
1 0.476172 0.188194 0.0125 0.0298611
1 0.828125 0.356944 0.015625 0.0194444
1 0.842969 0.363194 0.01875 0.0180556
1 0.890625 0.377778 0.021875 0.0277778
1 0.889063 0.386806 0.021875 0.0354167
1 0.926562 0.432639 0.015625 0.025
1 0.823438 0.351389 0.015625 0.0208333
0 0.0496094 0.837153 0.0992187 0.325694
1 0.840625 0.360417 0.01875 0.0194444
1 0.472656 0.192014 0.021875 0.0375
0 0.890625 0.381597 0.01875 0.0215278
1 0.484766 0.479861 0.100781 0.161111
1 0.466406 0.198611 0.0109375 0.0284722
1 0.255469 0.0234809 0.009375 0.028125
1 0.817187 0.334028 0.0109375 0.01875
1 0.13252 0.61875 0.0113281 0.0166667
1 0.834375 0.352083 0.021875 0.0236111
1 0.759375 0.514236 0.0109375 0.0284722
1 0.922656 0.430208 0.025 0.0284722
0 0.733594 0.740104 0.1125 0.239236
3 0.7375 0.740972 0.123438 0.240278
3 0.485156 0.479861 0.101562 0.159722
1 0.890625 0.38125 0.01875 0.0208333
1 0.927344 0.4375 0.0140625 0.0194444
1 0.616797 0.361806 0.0148437 0.0388889
1 0.892969 0.4 0.015625 0.0194444
1 0.46875 0.192882 0.0140625 0.0284722
1 0.484766 0.479861 0.101562 0.156944
1 0.925 0.435417 0.015625 0.0243056
1 0.828125 0.356944 0.0140625 0.0194444
3 0.615625 0.364583 0.0179687 0.0430556
1 0.929688 0.436458 0.01875 0.0201389
1 0.926562 0.432639 0.015625 0.0236111
1 0.471094 0.189931 0.0203125 0.0329861
1 0.889063 0.388889 0.01875 0.03125
1 0.841406 0.360417 0.0140625 0.0180556
1 0.923437 0.430903 0.0171875 0.0215278
1 0.255469 0.0241428 0.009375 0.0284505
1 0.845312 0.364236 0.0125 0.0152778
1 0.817187 0.331944 0.009375 0.0201389
1 0.475 0.189583 0.015625 0.0319444
1 0.891406 0.377431 0.0203125 0.0277778
0 0.890625 0.38125 0.01875 0.0208333
1 0.820312 0.317882 0.009375 0.0177083
1 0.824219 0.350694 0.0140625 0.0222222
1 0.836719 0.352083 0.01875 0.0236111
0 0.0494629 0.872917 0.0989258 0.254167
0 0.0392578 0.788889 0.0785156 0.422222
1 0.759375 0.513889 0.0109375 0.0284722
0 0.0490234 0.872222 0.0166016 0.0361111
1 0.921875 0.429514 0.021875 0.0215278
1 0.990625 0.496181 0.015625 0.0215278
1 0.253125 0.0373264 0.0105469 0.0309028
0 0.0178711 0.907639 0.0213867 0.0277778
1 0.691406 0.226736 0.0109375 0.0201389
0 0.0505859 0.819792 0.101172 0.360417
3 0.484375 0.479514 0.101562 0.159028
1 0.890625 0.380556 0.01875 0.0222222
1 0.617188 0.361458 0.0140625 0.0368056
1 0.892187 0.390972 0.01875 0.0333333
1 0.615625 0.365278 0.01875 0.04375
1 0.927344 0.436806 0.0140625 0.0208333
1 0.890625 0.378472 0.021875 0.0277778
1 0.925 0.434028 0.01875 0.0263889
1 0.889844 0.3875 0.021875 0.0361111
1 0.467969 0.194444 0.0125 0.0243056
1 0.929688 0.435069 0.01875 0.0208333
1 0.255469 0.0227431 0.00859375 0.0271701
3 0.615625 0.365278 0.01875 0.04375
0 0.890625 0.380556 0.01875 0.0243056
1 0.484375 0.479861 0.101562 0.158333
1 0.842969 0.363542 0.01875 0.0173611
1 0.829687 0.356944 0.01875 0.0208333
1 0.840625 0.360069 0.01875 0.0194444
0 0 0.897917 0 0.204167
1 0.0521484 0.866667 0.0117188 0.025
1 0.471094 0.190104 0.01875 0.0319444
1 0.923437 0.427083 0.025 0.0263889
1 0.817187 0.331944 0.009375 0.0215278
1 0.05 0.868056 0.0145508 0.0277778
1 0.476562 0.189236 0.0125 0.0291667
3 0.617188 0.363194 0.0140625 0.0402778
1 0.759375 0.514583 0.009375 0.0263889
3 0.484375 0.479861 0.101562 0.158333
1 0.890625 0.38125 0.01875 0.0222222
1 0.89375 0.396528 0.015625 0.025
1 0.617188 0.360417 0.0125 0.0347222
1 0.927344 0.436111 0.0140625 0.0208333
1 0.484375 0.479861 0.101562 0.156944
1 0.615625 0.364583 0.0171875 0.0416667
1 0.889844 0.387153 0.021875 0.0354167
1 0.467969 0.194965 0.0109375 0.0229167
1 0.925 0.434028 0.01875 0.0263889
0 0.890625 0.38125 0.01875 0.0222222
1 0.255859 0.021441 0.00820312 0.0229167
1 0.827344 0.356944 0.0140625 0.0194444
1 0.0517578 0.866667 0.012793 0.0263889
2 0.484375 0.479861 0.101562 0.156944
3 0.615625 0.364583 0.0171875 0.0416667
1 0.471094 0.189931 0.0171875 0.03125
1 0.0496094 0.867361 0.0148437 0.0291667
1 0.840625 0.360417 0.015625 0.0180556
1 0.817187 0.332986 0.009375 0.0208333
1 0.845312 0.364583 0.0125 0.0166667
0 0.725781 0.742361 0.104687 0.238889
1 0.476562 0.187847 0.0109375 0.0270833
0 0.89375 0.396528 0.015625 0.025
1 0.820312 0.318403 0.009375 0.0180556
1 0.759375 0.513889 0.009375 0.0305556
3 0.484375 0.479861 0.101562 0.158333
1 0.890625 0.38125 0.01875 0.0222222
1 0.616406 0.3625 0.0125 0.0402778
1 0.892969 0.394444 0.0171875 0.0277778
1 0.615625 0.364931 0.0171875 0.0430556
1 0.927344 0.436111 0.0140625 0.0208333
1 0.890625 0.377778 0.021875 0.0270833
1 0.467187 0.195139 0.0109375 0.0243056
1 0.889063 0.386806 0.021875 0.0333333
1 0.925781 0.434722 0.0171875 0.0263889
1 0.484375 0.479861 0.101562 0.159722
1 0.255859 0.0226671 0.00859375 0.0242839
1 0.929688 0.435069 0.01875 0.0201389
1 0.0517578 0.865972 0.0125 0.025
1 0.049707 0.866667 0.0145508 0.0277778
0 0.890625 0.38125 0.01875 0.0222222
0 0.049707 0.866667 0.0145508 0.0277778
3 0.615625 0.364931 0.0171875 0.0430556
1 0.845312 0.364583 0.0140625 0.0166667
1 0.828125 0.357639 0.0140625 0.0194444
1 0.759375 0.514236 0.0109375 0.0326389
3 0.484375 0.479861 0.101562 0.159722
1 0.890625 0.38125 0.01875 0.0222222
1 0.927344 0.436458 0.0140625 0.0208333
1 0.89375 0.398611 0.015625 0.0222222
1 0.617188 0.361806 0.0125 0.0361111
1 0.925781 0.434722 0.0171875 0.025
1 0.615625 0.365278 0.0171875 0.0430556
1 0.889063 0.3875 0.0203125 0.0333333
1 0.929688 0.435417 0.01875 0.0208333
1 0.467578 0.194792 0.0109375 0.025
1 0.891406 0.377778 0.0203125 0.0277778
1 0.484375 0.479861 0.101562 0.158333
1 0.0518555 0.865972 0.0121094 0.025
1 0.845312 0.364583 0.0140625 0.0166667
0 0.890625 0.380556 0.01875 0.025
3 0.616406 0.363542 0.0125 0.0416667
3 0.615625 0.365278 0.0171875 0.0430556
1 0.256055 0.0226563 0.00859375 0.0229167
1 0.0496582 0.866667 0.0145508 0.0277778
1 0.828125 0.357639 0.0125 0.01875
1 0.817187 0.332639 0.009375 0.0201389
1 0.759375 0.513889 0.0109375 0.0333333
1 0.842188 0.361111 0.015625 0.0180556
1 0.820312 0.318056 0.009375 0.0180556
0 0.0496582 0.866667 0.0145508 0.0277778
1 0.470313 0.190625 0.0171875 0.0326389
1 0.921875 0.429861 0.021875 0.0222222
1 0.476562 0.189236 0.0109375 0.0298611
3 0.484375 0.479861 0.101562 0.159722
1 0.890625 0.38125 0.0171875 0.0215278
1 0.89375 0.400347 0.015625 0.0201389
1 0.927344 0.436458 0.0140625 0.0201389
1 0.617188 0.361458 0.0125 0.0361111
1 0.925781 0.434722 0.0171875 0.025
1 0.889063 0.387847 0.01875 0.0319444
1 0.929688 0.435417 0.01875 0.0194444
1 0.615625 0.365278 0.0171875 0.0430556
1 0.891406 0.378125 0.0203125 0.0277778
1 0.484375 0.479861 0.100781 0.158333
0 0.890625 0.38125 0.0171875 0.0215278
1 0.925 0.43125 0.01875 0.0222222
1 0.0517578 0.866667 0.0123047 0.025
1 0.467969 0.194792 0.0109375 0.025
3 0.616406 0.363194 0.0125 0.0416667
1 0.255859 0.022309 0.00820312 0.0224826
3 0.615625 0.365278 0.0171875 0.0430556
1 0.0497559 0.866667 0.0144531 0.0277778
1 0.845312 0.364583 0.0140625 0.0166667
1 0.828125 0.357639 0.0140625 0.0180556
1 0.842188 0.360764 0.015625 0.0180556
1 0.817187 0.333333 0.009375 0.01875
0 0.0497559 0.866667 0.0144531 0.0277778
1 0.820312 0.318403 0.009375 0.0180556
1 0.759375 0.513889 0.0101562 0.0319444
2 0.484375 0.479861 0.100781 0.158333
0 0.89375 0.400347 0.015625 0.0201389
3 0.484375 0.479861 0.101562 0.159722
1 0.890625 0.38125 0.0171875 0.0215278
1 0.89375 0.400694 0.015625 0.0194444
1 0.927344 0.436458 0.0140625 0.0201389
1 0.617188 0.361111 0.0125 0.0361111
1 0.925781 0.435069 0.0171875 0.025
1 0.889063 0.388194 0.01875 0.0319444
1 0.0516602 0.866667 0.0123047 0.025
1 0.891406 0.378125 0.0203125 0.0277778
1 0.929688 0.435417 0.01875 0.0194444
1 0.484375 0.479861 0.100781 0.158333
1 0.255859 0.0217882 0.00820312 0.0223958
1 0.615234 0.365278 0.0171875 0.0430556
1 0.049707 0.866667 0.0144531 0.0277778
1 0.467969 0.194444 0.0117188 0.025
1 0.925 0.43125 0.01875 0.0222222
0 0.890625 0.38125 0.0171875 0.0215278
3 0.616797 0.363889 0.0125 0.0416667
3 0.615234 0.365278 0.0171875 0.0430556
1 0.845312 0.363889 0.0140625 0.0166667
0 0.049707 0.866667 0.0144531 0.0277778
1 0.828125 0.357986 0.0140625 0.0180556
1 0.842188 0.360417 0.015625 0.0180556
2 0.484375 0.479861 0.100781 0.158333
3 0.484766 0.479861 0.100781 0.159722
1 0.890625 0.38125 0.0171875 0.0215278
1 0.89375 0.401389 0.015625 0.01875
1 0.927344 0.436458 0.0140625 0.0201389
1 0.617188 0.361111 0.0125 0.0361111
1 0.889063 0.388194 0.01875 0.03125
1 0.925781 0.434722 0.0171875 0.025
1 0.891406 0.377778 0.0203125 0.0277778
1 0.0517578 0.865972 0.0121094 0.025
1 0.255859 0.0215278 0.0078125 0.0217014
1 0.615234 0.365278 0.0171875 0.0430556
1 0.929688 0.435417 0.01875 0.0194444
1 0.484375 0.480208 0.100781 0.157639
1 0.467969 0.19375 0.0125 0.0256944
3 0.616797 0.363889 0.0125 0.0416667
1 0.0497559 0.867361 0.0143555 0.0291667
3 0.615234 0.365278 0.0171875 0.0430556
1 0.925 0.43125 0.01875 0.0222222
1 0.846094 0.363889 0.0125 0.0166667
0 0.890625 0.38125 0.0171875 0.0215278
1 0.828125 0.357639 0.0125 0.0180556
0 0.0497559 0.867361 0.0143555 0.0291667
1 0.842188 0.360417 0.015625 0.0180556
3 0.484766 0.479861 0.100781 0.159722
1 0.890625 0.38125 0.0171875 0.0208333
1 0.89375 0.401736 0.015625 0.01875
1 0.927344 0.436458 0.0140625 0.0201389
1 0.617188 0.361458 0.0125 0.0361111
1 0.889063 0.388194 0.01875 0.03125
1 0.255859 0.0217122 0.00820312 0.0220269
1 0.925781 0.434722 0.0171875 0.025
1 0.891406 0.378125 0.0203125 0.0270833
1 0.0517578 0.866667 0.0121094 0.025
3 0.617188 0.363889 0.0125 0.0416667
1 0.615234 0.365278 0.0171875 0.0430556
1 0.484375 0.480208 0.100781 0.157639
1 0.0498047 0.867361 0.0143555 0.0291667
1 0.929688 0.435417 0.01875 0.0194444
3 0.615234 0.365278 0.0171875 0.0430556
1 0.468359 0.193576 0.0125 0.0260417
1 0.925 0.43125 0.01875 0.0222222
1 0.846094 0.363889 0.0125 0.0166667
0 0.890625 0.38125 0.0171875 0.0208333
3 0.484766 0.479861 0.100781 0.159722
1 0.890625 0.381597 0.0171875 0.0215278
1 0.89375 0.401042 0.015625 0.0194444
1 0.927344 0.436458 0.0140625 0.0201389
1 0.617188 0.361458 0.0125 0.0361111
1 0.889063 0.388194 0.01875 0.0319444
1 0.255859 0.0216254 0.00859375 0.0222005
1 0.891406 0.378125 0.0203125 0.0270833
1 0.051709 0.866667 0.0123047 0.025
1 0.925781 0.434722 0.0171875 0.025
3 0.616797 0.363889 0.0132813 0.0416667
1 0.615234 0.365278 0.0171875 0.0430556
1 0.0498535 0.867361 0.0143555 0.0291667
1 0.484375 0.480208 0.101562 0.158333
1 0.468359 0.193576 0.0125 0.0256944
1 0.929688 0.435417 0.01875 0.0194444
1 0.925 0.43125 0.01875 0.0222222
0 0.890625 0.381597 0.0171875 0.0215278
1 0.846094 0.364236 0.0125 0.0166667
3 0.485156 0.479861 0.101562 0.159722
1 0.890625 0.381597 0.0171875 0.0215278
1 0.89375 0.400347 0.015625 0.0201389
1 0.927344 0.436806 0.0125 0.0194444
1 0.616797 0.363889 0.0132813 0.0416667
1 0.255859 0.0215169 0.00859375 0.0220703
1 0.889063 0.387847 0.01875 0.0319444
1 0.891406 0.378125 0.0203125 0.0277778
1 0.925781 0.435069 0.0171875 0.025
1 0.0516602 0.866667 0.0125 0.025
3 0.616797 0.363889 0.0132813 0.0416667
1 0.0499023 0.867361 0.0143555 0.0291667
1 0.484375 0.480208 0.101562 0.158333
1 0.467969 0.19375 0.0125 0.0256944
1 0.929688 0.435417 0.01875 0.0194444
1 0.925 0.43125 0.01875 0.0222222
0 0.890625 0.381597 0.0171875 0.0215278
1 0.846875 0.364236 0.0125 0.0166667
3 0.485156 0.479861 0.101562 0.159722
1 0.890625 0.381597 0.01875 0.0215278
1 0.89375 0.399653 0.015625 0.0208333
1 0.927344 0.436806 0.0125 0.0194444
1 0.616797 0.363194 0.0132813 0.0416667
1 0.889063 0.3875 0.01875 0.0319444
1 0.255859 0.0214844 0.00859375 0.0220486
1 0.891406 0.377778 0.0203125 0.0277778
1 0.925781 0.435069 0.0171875 0.025
1 0.0516602 0.866667 0.0125 0.025
1 0.0499023 0.867361 0.0142578 0.0291667
3 0.616797 0.363194 0.0132813 0.0416667
1 0.467969 0.19375 0.0125 0.025
1 0.484375 0.480208 0.101562 0.158333
1 0.929688 0.435417 0.01875 0.0194444
1 0.925 0.43125 0.01875 0.0222222
0 0.890625 0.381597 0.01875 0.0215278
1 0.846094 0.364236 0.0125 0.0166667
3 0.485156 0.479861 0.101562 0.159722
1 0.890625 0.381944 0.01875 0.0222222
1 0.89375 0.399306 0.015625 0.0215278
1 0.928125 0.436806 0.0125 0.0194444
1 0.617188 0.363194 0.0140625 0.0416667
1 0.889063 0.3875 0.01875 0.0319444
1 0.255859 0.0214844 0.00859375 0.0220486
1 0.925781 0.435069 0.0171875 0.025
1 0.891406 0.378125 0.0203125 0.0277778
1 0.0516113 0.866667 0.0125977 0.025
1 0.484375 0.480556 0.101562 0.158333
1 0.467969 0.194097 0.0117188 0.025
3 0.617188 0.363194 0.0140625 0.0416667
1 0.929688 0.435417 0.01875 0.0194444
1 0.925 0.43125 0.01875 0.0222222
0 0.890625 0.381944 0.01875 0.0222222
1 0.846094 0.363889 0.0125 0.0166667
3 0.485156 0.479861 0.101562 0.159722
1 0.890625 0.381944 0.01875 0.0222222
1 0.89375 0.399306 0.015625 0.0215278
1 0.928125 0.436806 0.0125 0.0194444
1 0.617188 0.363194 0.0140625 0.0416667
1 0.889063 0.387847 0.01875 0.0319444
1 0.255859 0.021658 0.00859375 0.0224826
1 0.0516113 0.866667 0.012793 0.0263889
1 0.925781 0.435417 0.0171875 0.025
1 0.890625 0.378125 0.021875 0.0277778
1 0.484375 0.480556 0.101562 0.158333
1 0.467969 0.194444 0.0117188 0.0243056
3 0.617188 0.363194 0.0140625 0.0416667
1 0.929688 0.435764 0.01875 0.0194444
1 0.925 0.43125 0.01875 0.0222222
0 0.890625 0.381944 0.01875 0.0222222
1 0.846094 0.363889 0.0125 0.0180556
3 0.484766 0.479861 0.101562 0.159722
1 0.890625 0.381944 0.01875 0.0222222
1 0.89375 0.398958 0.015625 0.0215278
1 0.927344 0.436806 0.0140625 0.0194444
1 0.617188 0.363194 0.0140625 0.0409722
1 0.889063 0.387847 0.01875 0.0319444
1 0.255859 0.0217773 0.00859375 0.0227648
1 0.0515625 0.866667 0.0128906 0.0263889
1 0.925781 0.435417 0.0171875 0.025
1 0.890625 0.378125 0.021875 0.0277778
1 0.484375 0.480208 0.101562 0.158333
1 0.467969 0.194618 0.0109375 0.0243056
3 0.617188 0.363194 0.0140625 0.0409722
1 0.925 0.43125 0.01875 0.0222222
0 0.890625 0.381944 0.01875 0.0222222
3 0.485156 0.480208 0.101562 0.160417
1 0.890625 0.381944 0.01875 0.0215278
1 0.89375 0.398611 0.015625 0.0222222
1 0.927344 0.436806 0.0140625 0.0194444
1 0.617188 0.363194 0.0140625 0.0409722
1 0.889063 0.387847 0.01875 0.0319444
1 0.0515625 0.866667 0.0128906 0.0263889
1 0.256055 0.021951 0.00859375 0.0232856
1 0.925781 0.435417 0.0171875 0.0243056
1 0.890625 0.378472 0.021875 0.0277778
1 0.484375 0.480556 0.101562 0.158333
1 0.467969 0.194792 0.0109375 0.0243056
3 0.617188 0.363194 0.0140625 0.0409722
1 0.925 0.43125 0.01875 0.0222222
0 0.890625 0.381944 0.01875 0.0215278
3 0.485156 0.480208 0.101562 0.160417
1 0.890625 0.381944 0.01875 0.0222222
1 0.89375 0.398611 0.015625 0.0222222
1 0.927344 0.437153 0.0125 0.01875
1 0.617188 0.363194 0.0140625 0.0402778
1 0.0515625 0.866667 0.012793 0.0263889
1 0.889063 0.387847 0.01875 0.03125
1 0.255859 0.021951 0.00859375 0.02398
1 0.925781 0.435417 0.0171875 0.0243056
1 0.484375 0.480556 0.101562 0.158333
1 0.890625 0.378472 0.021875 0.0277778
1 0.467578 0.194792 0.0117188 0.0243056
1 0.929688 0.436111 0.01875 0.0194444
1 0.925 0.43125 0.01875 0.0222222
3 0.617188 0.363194 0.0140625 0.0402778
0 0.890625 0.381944 0.01875 0.0222222
3 0.485156 0.480208 0.101562 0.160417
1 0.890625 0.381944 0.01875 0.0222222
1 0.89375 0.399306 0.015625 0.0208333
1 0.927344 0.437153 0.0125 0.01875
1 0.0516113 0.866667 0.0128906 0.0277778
1 0.617188 0.362847 0.0140625 0.0402778
1 0.889063 0.388194 0.01875 0.0305556
1 0.256055 0.022092 0.00898437 0.0252604
1 0.925781 0.435764 0.0171875 0.0243056
1 0.484375 0.480556 0.101562 0.158333
1 0.890625 0.378472 0.021875 0.0284722
1 0.467578 0.194792 0.0117188 0.0246528
1 0.929688 0.436111 0.01875 0.0194444
1 0.925 0.43125 0.01875 0.0222222
3 0.617188 0.362847 0.0140625 0.0402778
0 0.890625 0.381944 0.01875 0.0222222
1 0.846094 0.364236 0.0125 0.0180556
3 0.484766 0.480556 0.100781 0.159722
1 0.890625 0.381944 0.01875 0.0222222
1 0.89375 0.398958 0.015625 0.0215278
1 0.927344 0.437153 0.0125 0.01875
1 0.0516113 0.866667 0.0129883 0.0277778
1 0.889063 0.388194 0.01875 0.0305556
1 0.256055 0.0221788 0.00898437 0.0262153
1 0.617188 0.362847 0.0140625 0.0402778
1 0.925781 0.435764 0.0171875 0.0243056
1 0.484375 0.480556 0.101562 0.158333
1 0.890625 0.378472 0.021875 0.0277778
1 0.467969 0.194792 0.0117188 0.025
1 0.929688 0.436111 0.01875 0.0194444
1 0.925 0.43125 0.01875 0.0222222
1 0.846094 0.364236 0.0125 0.0180556
1 0.0557617 0.873611 0.0205078 0.0388889
3 0.617188 0.362847 0.0140625 0.0402778
3 0.484766 0.480556 0.100781 0.159722
1 0.891406 0.381944 0.0171875 0.0222222
1 0.889063 0.380556 0.01875 0.0236111
1 0.89375 0.399306 0.015625 0.0208333
1 0.927344 0.437153 0.0125 0.01875
1 0.0516602 0.866667 0.0130859 0.0277778
1 0.889063 0.388194 0.01875 0.0305556
1 0.255859 0.0222222 0.009375 0.0269097
1 0.925781 0.435764 0.0171875 0.0243056
1 0.617188 0.3625 0.0140625 0.0402778
1 0.484375 0.480556 0.101562 0.158333
1 0.467969 0.194965 0.0125 0.025
1 0.929688 0.436111 0.01875 0.0194444
1 0.925 0.43125 0.01875 0.0222222
1 0.845312 0.363889 0.0125 0.0180556
1 0.0557617 0.873611 0.0207031 0.0388889
3 0.484766 0.480556 0.100781 0.159722
1 0.891406 0.381944 0.0171875 0.0222222
1 0.889063 0.380556 0.01875 0.0236111
1 0.89375 0.398958 0.015625 0.0215278
1 0.927344 0.437153 0.0125 0.01875
1 0.0516602 0.866667 0.0130859 0.0277778
1 0.889063 0.388194 0.01875 0.0305556
1 0.255859 0.0222222 0.009375 0.0269097
1 0.925781 0.435764 0.0171875 0.0243056
1 0.617188 0.3625 0.0140625 0.0402778
1 0.484375 0.480556 0.101562 0.158333
1 0.467969 0.194792 0.0125 0.025
1 0.929688 0.436111 0.01875 0.0194444
1 0.925 0.43125 0.01875 0.0222222
1 0.0557129 0.873611 0.0207031 0.0388889
1 0.845312 0.363889 0.0125 0.0180556
