1 0.316406 0.252431 0.0132813 0.0291667
1 0.314063 0.252604 0.01875 0.034375
0 0.316406 0.252431 0.0132813 0.0291667
1 0.533203 0.539583 0.0164062 0.0256944
1 0.316797 0.251736 0.0148437 0.03125
1 0.314258 0.251736 0.0195312 0.0368056
1 0.317187 0.253472 0.0148437 0.0402778
1 0.316992 0.253125 0.0132813 0.0319444
1 0.314063 0.252778 0.0179687 0.0385417
1 0.317187 0.252431 0.0132813 0.03125
1 0.314453 0.252083 0.0195312 0.0444444
0 0.317187 0.252431 0.0132813 0.03125
1 0.317187 0.252431 0.015625 0.0381944
1 0.314063 0.252951 0.0207031 0.0472222
0 0 0.892014 0 0.215972
3 0.967969 0.0631944 0.0640625 0.126389
1 0.31543 0.242361 0.0207031 0.0541667
1 0.316797 0.252604 0.0160156 0.0399306
1 0.314258 0.253472 0.0210938 0.0479167
1 0.31543 0.24184 0.0210938 0.0555556
3 0.968359 0.0578125 0.0632813 0.115625
1 0.316797 0.268576 0.0242187 0.0670139
0 0 0.895833 0 0.208333
1 0.323047 0.252083 0.0265625 0.0555556
1 0.323438 0.261111 0.0285156 0.0631944
1 0.967969 0.0631944 0.0640625 0.126389
1 0.3125 0.278993 0.0296875 0.0642361
0 0.314258 0.253472 0.0210938 0.0479167
1 0 0.907639 0 0.184722
1 0.316797 0.251736 0.0152344 0.0368056
1 0.313672 0.252431 0.021875 0.0451389
1 0.315234 0.241319 0.0210938 0.0548611
0 0 0.916319 0 0.167361
1 0.316992 0.252083 0.0140625 0.0347222
1 0.313867 0.252604 0.0210938 0.0465278
1 0.316992 0.252083 0.0140625 0.0340278
1 0.314063 0.252431 0.0210938 0.0444444
1 0.314844 0.240625 0.0210938 0.05625
1 0.316992 0.252083 0.0140625 0.0368056
1 0.313672 0.251042 0.0210938 0.0493056
1 0.314844 0.240625 0.021875 0.0569444
0 0.316992 0.252083 0.0140625 0.0368056
0 0.313672 0.251042 0.0210938 0.0493056
1 0.316992 0.252083 0.0136719 0.0364583
1 0.313672 0.251389 0.021875 0.0493056
1 0.314844 0.240278 0.021875 0.0572917
0 0.316992 0.252083 0.0136719 0.0364583
0 0.313672 0.251389 0.021875 0.0493056
1 0.316992 0.252083 0.0140625 0.0375
1 0.313672 0.251042 0.021875 0.0506944
1 0.314844 0.240278 0.021875 0.0576389
0 0.316992 0.252083 0.0140625 0.0375
0 0.313672 0.251042 0.021875 0.0506944
1 0.316992 0.252083 0.0140625 0.0375
1 0.313477 0.250694 0.021875 0.0513889
1 0.314844 0.240278 0.021875 0.0576389
0 0.316992 0.252083 0.0140625 0.0375
0 0.313477 0.250694 0.021875 0.0513889
1 0.317187 0.252083 0.0140625 0.0375
1 0.313672 0.250694 0.021875 0.0513889
1 0.314844 0.240278 0.021875 0.0576389
0 0.313672 0.250694 0.021875 0.0513889
0 0.317187 0.252083 0.0140625 0.0375
0 0.314844 0.240278 0.021875 0.0576389
1 0.316992 0.252083 0.0140625 0.0385417
1 0.313477 0.250694 0.0222656 0.0527778
0 0.313477 0.250694 0.0222656 0.0527778
0 0.316992 0.252083 0.0140625 0.0385417
1 0.314844 0.240625 0.021875 0.0579861
0 0.314844 0.240625 0.021875 0.0579861
1 0.316797 0.252257 0.0148437 0.0399306
1 0.313281 0.250694 0.0226563 0.0538194
0 0.313281 0.250694 0.0226563 0.0538194
0 0.316797 0.252257 0.0148437 0.0399306
1 0.314844 0.240799 0.021875 0.0583333
0 0.314844 0.240799 0.021875 0.0583333
1 0.316797 0.252083 0.0148437 0.0409722
1 0.313281 0.250521 0.0226563 0.0545139
0 0.313281 0.250521 0.0226563 0.0545139
0 0.316797 0.252083 0.0148437 0.0409722
1 0.314844 0.240799 0.021875 0.0586806
0 0.314844 0.240799 0.021875 0.0586806
1 0.316797 0.252257 0.0148437 0.0420139
1 0.313281 0.250347 0.0226563 0.05625
0 0.313281 0.250347 0.0226563 0.05625
0 0.316797 0.252257 0.0148437 0.0420139
3 0.96875 0.0631076 0.0625 0.126215
0 0.314844 0.240972 0.0222656 0.0590278
1 0.314844 0.240972 0.0222656 0.0590278
1 0.316797 0.252083 0.0152344 0.0430556
1 0.313281 0.250347 0.0230469 0.0569444
0 0.313281 0.250347 0.0230469 0.0569444
0 0.316797 0.252083 0.0152344 0.0430556
3 0.96875 0.0628472 0.0625 0.125694
0 0.314844 0.240972 0.0222656 0.0590278
1 0.314844 0.240972 0.0222656 0.0590278
1 0.316797 0.252083 0.0152344 0.04375
1 0.313281 0.250347 0.0234375 0.0576389
0 0.313281 0.250347 0.0234375 0.0576389
3 0.96875 0.0625 0.0625 0.125
0 0.316797 0.252083 0.0152344 0.04375
0 0.314844 0.240972 0.0226563 0.0597222
1 0.314844 0.240972 0.0226563 0.0597222
1 0.316797 0.252431 0.015625 0.0444444
1 0.313086 0.250347 0.0234375 0.0586806
0 0.313086 0.250347 0.0234375 0.0586806
3 0.96875 0.0621528 0.0625 0.124306
0 0.316797 0.252431 0.015625 0.0444444
0 0.314844 0.241146 0.0230469 0.0597222
1 0.314844 0.241146 0.0230469 0.0597222
1 0.316797 0.252083 0.015625 0.0451389
1 0.312891 0.250174 0.0242187 0.0597222
3 0.96875 0.0616319 0.0625 0.123264
0 0.312891 0.250174 0.0242187 0.0597222
0 0.316797 0.252083 0.015625 0.0451389
0 0.314844 0.240972 0.0234375 0.0604167
1 0.316797 0.252257 0.015625 0.0447917
3 0.96875 0.0612413 0.0625 0.122483
1 0.312891 0.25 0.0242187 0.0604167
0 0.312891 0.25 0.0242187 0.0604167
0 0.314648 0.240972 0.0238281 0.0604167
0 0.316797 0.252257 0.015625 0.0447917
0 0.298438 0.246875 0.0523437 0.0777778
0 0.325586 0.244792 0.0332031 0.0708333
1 0.316797 0.252083 0.015625 0.0451389
3 0.96875 0.0609375 0.0625 0.121875
1 0.312891 0.25 0.025 0.0611111
0 0.312891 0.25 0.025 0.0611111
0 0.314844 0.240972 0.0242187 0.0607639
0 0.316797 0.252083 0.015625 0.0451389
0 0.298242 0.246875 0.0535156 0.0788194
0 0.325781 0.244792 0.0335938 0.0715278
1 0.314844 0.240972 0.0242187 0.0607639
1 0.316797 0.252083 0.015625 0.0451389
3 0.96875 0.0609375 0.0625 0.121875
1 0.312891 0.25 0.025 0.0611111
0 0.312891 0.25 0.025 0.0611111
0 0.314844 0.240972 0.0242187 0.0607639
0 0.316797 0.252083 0.015625 0.0451389
0 0.298242 0.246875 0.0535156 0.0788194
0 0.325586 0.244792 0.0335938 0.0715278
1 0.314844 0.240972 0.0242187 0.0607639
