3 0.0409302 0.3125 0.0632568 0.0902778
1 0.196289 0.219792 0.0121094 0.0340278
0 0.985937 0.700694 0.021875 0.0486111
1 0.196875 0.227431 0.0132813 0.0402778
1 0.985937 0.700694 0.021875 0.0486111
0 0.196289 0.219792 0.0121094 0.0340278
2 0.0410645 0.313021 0.062793 0.0913194
0 0.501562 0.836806 0.110156 0.265278
1 0.0410645 0.313021 0.062793 0.0913194
0 0.98125 0.697917 0.03125 0.0541667
0 0.985937 0.692882 0.025 0.0697917
0 0.976562 0.69375 0.040625 0.0638889
1 0.199023 0.221181 0.015625 0.0354167
0 0.196875 0.227431 0.0132813 0.0402778
0 0.0409302 0.3125 0.0632568 0.0902778
0 0.510938 0.975 0.126563 0.0416667
0 0.975781 0.984722 0.0484375 0.025
0 0.982031 0.680556 0.034375 0.0972222
0 0.93125 0.177951 0.021875 0.0309028
0 0.960938 0.238368 0.01875 0.0256944
1 0.193359 0.220139 0.0132813 0.0298611
0 0.969531 0.986111 0.04375 0.0222222
1 0.942187 0.993403 0.021875 0.0131944
0 0.942187 0.993403 0.021875 0.0131944
1 0.0900391 0.463889 0.0113281 0.0263889
3 0.0410278 0.313194 0.062085 0.0902778
1 0.196484 0.219271 0.0125 0.0357639
0 0.196484 0.219271 0.0125 0.0357639
0 0.985937 0.701215 0.025 0.0503472
1 0.19668 0.225 0.0136719 0.04375
2 0.0408203 0.313542 0.0621094 0.0895833
1 0.985156 0.701215 0.0234375 0.0503472
1 0.193945 0.219444 0.0144531 0.0322917
1 0.198633 0.220833 0.0164062 0.0375
1 0.0410156 0.313194 0.0623047 0.0902778
0 0.509766 0.841667 0.13125 0.295833
0 0.960938 0.238194 0.01875 0.0263889
0 0.488672 0.834722 0.0859375 0.305556
0 0.983594 0.692361 0.0296875 0.0708333
0 0.940625 0.0880208 0.028125 0.0517361
1 0.0896484 0.463542 0.0121094 0.0270833
0 0.979688 0.699306 0.034375 0.0555556
0 0.19668 0.225 0.0136719 0.04375
0 0.8875 0.139236 0.01875 0.0270833
0 0.982813 0.983333 0.034375 0.0305556
1 0.443359 0.312847 0.00703125 0.0194444
3 0.0406128 0.312674 0.063501 0.090625
1 0.196484 0.219618 0.0117188 0.0340278
0 0.984375 0.700694 0.021875 0.0486111
1 0.984375 0.700694 0.021875 0.0486111
1 0.196875 0.228993 0.0132813 0.0350694
1 0.0408691 0.312847 0.062793 0.0902778
1 0.81875 0.779861 0.009375 0.0166667
1 0.0898438 0.463194 0.0125 0.0263889
1 0.199023 0.220139 0.0160156 0.0354167
0 0.89375 0.0863715 0.028125 0.0513889
0 0.98125 0.701563 0.03125 0.0524306
1 0.194141 0.219792 0.0148437 0.0326389
0 0.939062 0.0866319 0.03125 0.053125
0 0.666406 0.717361 0.0414063 0.0402778
0 0.976562 0.698611 0.0375 0.05
0 0.8875 0.139323 0.01875 0.0279514
0 0.864062 0.425694 0.015625 0.0263889
1 0.91875 0.9125 0.009375 0.0194444
0 0.660156 0.648264 0.05625 0.0458333
0 0.492188 0.842361 0.0984375 0.295833
0 0.942187 0.0807292 0.025 0.0465278
0 0.196484 0.219618 0.0117188 0.0340278
0 0.960938 0.238194 0.0203125 0.0291667
1 0.2 0.215278 0.015625 0.034375
1 0.98125 0.701563 0.03125 0.0524306
0 0.81875 0.779861 0.009375 0.0166667
2 0.0405151 0.313021 0.0636963 0.0899306
0 0.795313 0.319792 0.0140625 0.0291667
0 0.861719 0.422917 0.0171875 0.0305556
2 0.79375 0.163542 0.046875 0.0670139
0 0.510547 0.851389 0.134375 0.283333
1 0.796875 0.325694 0.0140625 0.0256944
1 0.90625 0.624306 0.0125 0.0236111
0 0.93125 0.177778 0.025 0.0309028
0 0.985156 0.984722 0.0296875 0.0291667
0 0.947656 0.990972 0.0234375 0.0166667
0 0.992188 0.238368 0.015625 0.0319444
0 0.0407715 0.3125 0.0632813 0.0909722
1 0.942187 0.99375 0.0203125 0.0125
1 0.44375 0.312153 0.0046875 0.0194444
0 0.985937 0.69375 0.025 0.0680556
1 0.541406 0.938194 0.0109375 0.0305556
1 0.863281 0.425694 0.0125 0.0263889
1 0.795313 0.319792 0.0140625 0.0291667
0 0.796875 0.325694 0.0140625 0.0256944
1 0.8 0.329861 0.0140625 0.0236111
1 0.0935547 0.461806 0.01875 0.025
1 0.76875 0.39375 0.0140625 0.0222222
0 0.982813 0.686111 0.03125 0.0805556
1 0.728906 0.220139 0.0117188 0.0284722
3 0.0405396 0.3125 0.0634521 0.0902778
1 0.196484 0.219444 0.0117188 0.0350694
1 0.197266 0.229167 0.0125 0.0354167
0 0.984375 0.701389 0.025 0.05
1 0.984375 0.701389 0.025 0.05
1 0.193359 0.219618 0.0132813 0.0329861
1 0.0407715 0.3125 0.0634766 0.0902778
1 0.090625 0.4625 0.0113281 0.025
0 0.978125 0.700694 0.0375 0.0569444
1 0.199219 0.220833 0.0148437 0.0375
0 0.940625 0.0873264 0.028125 0.0527778
2 0.0406372 0.312326 0.0628662 0.0892361
0 0.971875 0.695139 0.05 0.0666667
0 0.8875 0.13941 0.01875 0.0277778
0 0.949219 0.991667 0.03125 0.0166667
1 0.807813 0.598611 0.0125 0.0333333
0 0.93125 0.176389 0.0234375 0.0315972
0 0.942187 0.0810764 0.025 0.0454861
1 0.392969 0.693056 0.00625 0.0138889
1 0.796875 0.327431 0.0140625 0.0201389
0 0.494531 0.839583 0.103125 0.2875
1 0.3875 0.701389 0.0078125 0.0111111
0 0.921094 0.121962 0.0328125 0.0460069
0 0.94375 0.0696181 0.025 0.0253472
1 0.2 0.215972 0.0152344 0.0357639
1 0.0933594 0.461111 0.0175781 0.0222222
1 0.978125 0.700694 0.0375 0.0569444
0 0.853125 0.673264 0.0390625 0.0520833
0 0.982813 0.690278 0.0296875 0.075
0 0.196484 0.219444 0.0117188 0.0350694
1 0.811719 0.604167 0.0109375 0.0319444
1 0.116895 0.182118 0.00898437 0.0125
2 0.79375 0.161458 0.0453125 0.0680556
0 0.960938 0.238194 0.0203125 0.0302083
1 0.820312 0.779167 0.0125 0.0194444
1 0.79375 0.317535 0.0125 0.0211806
1 0.8 0.329167 0.0125 0.0201389
0 0.0406372 0.312326 0.0628662 0.0892361
0 0.895312 0.0860243 0.03125 0.046875
3 0.0408325 0.3125 0.0636475 0.0909722
1 0.196484 0.219792 0.0121094 0.0368056
1 0.197266 0.229861 0.0132813 0.0354167
1 0.985156 0.700694 0.0234375 0.0472222
0 0.941406 0.0888889 0.028125 0.0510417
0 0.985156 0.7 0.0234375 0.0486111
0 0.960938 0.238194 0.01875 0.0277778
1 0.199219 0.221875 0.015625 0.0402778
1 0.193555 0.220139 0.0132813 0.0340278
1 0.0902344 0.463194 0.0128906 0.0277778
1 0.0409302 0.312847 0.062085 0.0909722
0 0.93125 0.176563 0.0234375 0.0319444
0 0.942969 0.0756944 0.0265625 0.0336806
0 0.8875 0.139236 0.01875 0.0277778
0 0.948438 0.990278 0.028125 0.0166667
0 0.992188 0.235069 0.015625 0.0388889
0 0.79375 0.163889 0.046875 0.0694444
0 0.975 0.183333 0.0390625 0.0555556
1 0.796875 0.32717 0.0125 0.0248264
0 0.989062 0.705556 0.021875 0.05
0 0.988281 0.165104 0.0234375 0.0576389
1 0.117188 0.183681 0.00976562 0.0152778
1 0.293359 0.607639 0.0101562 0.0194444
0 0.975781 0.697917 0.040625 0.0527778
0 0.971094 0.187847 0.0328125 0.0472222
1 0.393359 0.693056 0.00625 0.0152778
0 0.796875 0.32717 0.0125 0.0248264
1 0.960938 0.238194 0.01875 0.0277778
0 0.989453 0.159201 0.0210938 0.0461806
1 0.0935547 0.462153 0.0167969 0.0277778
1 0.2 0.233507 0.0140625 0.034375
0 0.986719 0.171875 0.0265625 0.0652778
1 0.989062 0.705556 0.021875 0.05
1 0.183398 0.229514 0.0132813 0.0229167
0 0.5 0.843056 0.114844 0.297222
0 0.988281 0.210417 0.0234375 0.0805556
0 0.196484 0.219792 0.0121094 0.0368056
1 0.794531 0.319792 0.0140625 0.0256944
1 0.91875 0.911806 0.009375 0.0180556
1 0.265625 0.242708 0.00859375 0.0166667
0 0.921875 0.123872 0.03125 0.0446181
1 0.76875 0.394444 0.0125 0.0222222
1 0.93125 0.176563 0.0234375 0.0319444
1 0.317578 0.661111 0.0078125 0.0208333
3 0.040625 0.312847 0.0626953 0.0902778
1 0.196484 0.219618 0.0121094 0.0350694
0 0.985156 0.7 0.0234375 0.0486111
1 0.984375 0.700694 0.025 0.0472222
1 0.196484 0.214236 0.0109375 0.0319444
0 0.940625 0.0907986 0.028125 0.0486111
1 0.19707 0.231424 0.0132813 0.0309028
0 0.960156 0.238889 0.0203125 0.0263889
1 0.411719 0.434028 0.0101562 0.0166667
0 0.93125 0.177083 0.0234375 0.0315972
0 0.8875 0.139323 0.01875 0.0286458
0 0.95 0.990972 0.03125 0.0166667
1 0.293359 0.607639 0.0105469 0.0194444
1 0.0900391 0.463542 0.0121094 0.0270833
0 0.992188 0.234722 0.015625 0.0402778
0 0.895312 0.0876736 0.028125 0.0451389
0 0.942187 0.0706597 0.025 0.0277778
1 0.19375 0.220139 0.0136719 0.0340278
0 0.989062 0.70625 0.021875 0.0458333
0 0.976562 0.700694 0.0375 0.0458333
1 0.198828 0.220486 0.0164062 0.0388889
0 0.942187 0.0784722 0.025 0.040625
0 0.920313 0.12309 0.03125 0.046875
0 0.988281 0.164757 0.0234375 0.0572917
1 0.942187 0.99375 0.01875 0.0125
0 0.976562 0.181076 0.0421875 0.0635417
1 0.317969 0.660417 0.0078125 0.0208333
0 0.971094 0.187847 0.034375 0.05
0 0.196484 0.219618 0.0121094 0.0350694
1 0.392969 0.694444 0.00625 0.0166667
0 0.991406 0.226389 0.0171875 0.0486111
1 0.294141 0.6125 0.0117188 0.0222222
0 0.79375 0.162847 0.046875 0.06875
1 0.3875 0.701389 0.009375 0.0138889
1 0.795313 0.326997 0.0125 0.0223958
1 0.540625 0.9375 0.0125 0.0305556
0 0.853125 0.675 0.0359375 0.0416667
1 0.0408325 0.313021 0.0622803 0.0899306
0 0.9875 0.173655 0.025 0.0631076
1 0.545313 0.945833 0.01875 0.0305556
1 0.293359 0.610069 0.0136719 0.0166667
1 0.744531 0.266319 0.009375 0.0208333
1 0.807813 0.6 0.009375 0.0256944
1 0.729688 0.219965 0.009375 0.0239583
1 0.328711 0.597222 0.0105469 0.0111111
1 0.117773 0.183681 0.00820312 0.0145833
1 0.410156 0.440972 0.0117188 0.0194444
1 0.479688 0.750694 0.0171875 0.0222222
0 0.986719 0.711111 0.025 0.05
0 0.853906 0.680556 0.0328125 0.0347222
0 0.942187 0.99375 0.01875 0.0125
1 0.473437 0.75 0.025 0.025
1 0.2 0.214931 0.0164062 0.0333333
0 0.741406 0.317708 0.0125 0.0236111
1 0.554688 0.947222 0.0171875 0.0236111
1 0.91875 0.911806 0.00625 0.0166667
1 0.529297 0.948611 0.021875 0.025
1 0.185937 0.229687 0.0183594 0.0225694
0 0.483594 0.8625 0.0804688 0.261111
1 0.26582 0.242188 0.00820312 0.0135417
0 0.795313 0.326997 0.0125 0.0223958
0 0 0.899306 0 0.201389
1 0.0945313 0.461806 0.015625 0.0263889
3 0.0408203 0.312674 0.0636719 0.090625
1 0.196484 0.219792 0.0125 0.0371528
0 0.985156 0.700174 0.021875 0.046875
1 0.196484 0.214931 0.0109375 0.0333333
1 0.984375 0.699826 0.021875 0.0447917
1 0.197266 0.229167 0.0136719 0.0354167
1 0.090332 0.463889 0.0117188 0.0263889
1 0.292969 0.607639 0.009375 0.0180556
1 0.19375 0.219965 0.0140625 0.0350694
1 0.411719 0.434028 0.009375 0.0180556
1 0.198828 0.221528 0.0164062 0.0402778
1 0.795313 0.326736 0.0125 0.0222222
1 0.744531 0.264583 0.009375 0.0215278
1 0.807813 0.599306 0.009375 0.025
0 0.504297 0.838889 0.128906 0.311111
0 0.942187 0.0706597 0.021875 0.0243056
1 0.729688 0.220833 0.009375 0.0222222
1 0.393359 0.693056 0.00546875 0.0152778
0 0.990625 0.706944 0.01875 0.0416667
1 0.79375 0.319444 0.0125 0.0236111
0 0.979688 0.701215 0.03125 0.0503472
0 0.8875 0.139844 0.01875 0.0272569
1 0.118164 0.183333 0.00820312 0.0145833
1 0.757031 0.284722 0.009375 0.0215278
0 0.946875 0.991667 0.028125 0.0166667
1 0.754687 0.274479 0.0101562 0.0222222
1 0.865625 0.426389 0.0109375 0.0194444
1 0.0881836 0.464583 0.0154297 0.0277778
0 0.925 0.121701 0.04375 0.0486111
1 0.294141 0.6125 0.0109375 0.0215278
1 0.317969 0.661111 0.00703125 0.0194444
1 0.990625 0.706944 0.01875 0.0416667
1 0.292578 0.609028 0.0128906 0.0173611
0 0.196484 0.219792 0.0125 0.0371528
1 0.388281 0.701389 0.0078125 0.0138889
1 0.266016 0.242188 0.0078125 0.0149306
1 0.91875 0.911111 0.009375 0.0166667
1 0.960156 0.239583 0.0203125 0.0225694
1 0.942187 0.99375 0.01875 0.0125
1 0.741797 0.317708 0.0125 0.0243056
1 0.0942383 0.463194 0.0154297 0.0263889
1 0.185547 0.229167 0.0167969 0.0236111
1 0.200195 0.234722 0.0140625 0.0326389
0 0.960938 0.239236 0.021875 0.025
1 0.8875 0.139844 0.01875 0.0272569
1 0.810938 0.610417 0.009375 0.0166667
0 0.853125 0.674306 0.0375 0.0444444
0 0.989062 0.7125 0.021875 0.0472222
0 0.984375 0.684028 0.0265625 0.0791667
1 0.989062 0.7125 0.021875 0.0472222
1 0.820312 0.779861 0.009375 0.0166667
0 0.991797 0.238542 0.0164062 0.03125
1 0.2 0.215104 0.015625 0.0350694
1 0.859375 0.422222 0.0125 0.0236111
1 0.801562 0.329861 0.0109375 0.0201389
1 0.442969 0.312153 0.0078125 0.0170139
0 0.489844 0.817361 0.0921875 0.340278
1 0.90625 0.625694 0.0125 0.0222222
2 0.0410034 0.312847 0.0619385 0.0909722
1 0.744141 0.325347 0.0140625 0.025
1 0.32832 0.597917 0.00898437 0.0111111
1 0.733594 0.309028 0.0109375 0.0236111
3 0.0407715 0.312847 0.0633789 0.0902778
1 0.196484 0.219271 0.0125 0.0357639
0 0.984375 0.7 0.021875 0.0486111
1 0.196484 0.214236 0.0109375 0.0315972
1 0.985156 0.700694 0.0234375 0.0486111
1 0.197266 0.230208 0.0128906 0.0326389
1 0.0901367 0.463542 0.0119141 0.0270833
1 0.411719 0.434722 0.009375 0.0180556
1 0.193555 0.219444 0.0132813 0.0340278
1 0.117969 0.182986 0.00703125 0.0131944
1 0.293164 0.607639 0.00976562 0.0194444
1 0.199219 0.220833 0.015625 0.0395833
0 0.980469 0.700694 0.03125 0.0527778
0 0.500391 0.8375 0.123438 0.3125
1 0.26582 0.241667 0.0078125 0.0145833
1 0.744922 0.265451 0.009375 0.0222222
0 0.986719 0.708333 0.025 0.0555556
1 0.796094 0.327083 0.0125 0.0222222
0 0.989844 0.704861 0.0203125 0.05
0 0.196484 0.219271 0.0125 0.0357639
0 0.984375 0.693056 0.025 0.0638889
1 0.757031 0.285417 0.0078125 0.0211806
1 0.0936523 0.463194 0.015625 0.0256944
1 0.754297 0.273785 0.0109375 0.021875
0 0.487891 0.80816 0.0976562 0.364236
0 0.948438 0.990972 0.028125 0.0180556
1 0.741406 0.316667 0.0132813 0.0243056
1 0.960156 0.238715 0.0203125 0.0253472
1 0.730078 0.220486 0.009375 0.0236111
1 0.942187 0.993056 0.01875 0.0138889
1 0.986719 0.708333 0.025 0.0555556
1 0.742969 0.325 0.0171875 0.0263889
1 0.807813 0.6 0.0125 0.0277778
1 0.733203 0.309722 0.0109375 0.0246528
1 0.794531 0.319444 0.0125 0.0243056
1 0.810156 0.605903 0.0125 0.0236111
0 0.793945 0.161979 0.0464844 0.0673611
1 0.294141 0.6125 0.0113281 0.0215278
1 0.410156 0.440625 0.0117188 0.0215278
1 0.200391 0.236111 0.0132813 0.0305556
1 0.91875 0.911111 0.009375 0.0208333
1 0.8875 0.13967 0.01875 0.0262153
1 0.442969 0.31059 0.0078125 0.01875
0 0.992188 0.238889 0.015625 0.0305556
1 0.183398 0.229167 0.0144531 0.0211806
3 0.0407715 0.312847 0.0639648 0.0902778
1 0.196484 0.219097 0.0125 0.0340278
0 0.985937 0.699826 0.021875 0.0475694
1 0.985156 0.700694 0.0234375 0.0472222
1 0.196484 0.213021 0.0109375 0.0295139
1 0.19707 0.232812 0.0125 0.0274306
1 0.0904297 0.463194 0.0109375 0.025
1 0.19375 0.219097 0.0136719 0.0326389
1 0.117969 0.182986 0.00761719 0.0138889
1 0.411719 0.434375 0.009375 0.0166667
1 0.199219 0.220486 0.015625 0.0368056
1 0.796094 0.326736 0.0125 0.0243056
0 0.980469 0.700174 0.03125 0.0524306
1 0.292969 0.608333 0.0101562 0.0194444
0 0.9875 0.708333 0.025 0.0541667
0 0.196484 0.219097 0.0125 0.0340278
0 0.989844 0.702604 0.0203125 0.0503472
1 0.795313 0.319965 0.0125 0.0253472
1 0.745313 0.265625 0.009375 0.0232639
1 0.265625 0.241667 0.0078125 0.0138889
0 0.941406 0.0688368 0.021875 0.0234375
2 0.0409058 0.313021 0.0627197 0.090625
0 0.948438 0.990278 0.03125 0.0166667
1 0.942187 0.99375 0.01875 0.0125
1 0.182422 0.229861 0.0136719 0.0201389
0 0.960938 0.238542 0.0203125 0.0288194
0 0.503125 0.836111 0.121875 0.313889
1 0.753125 0.273264 0.0140625 0.0236111
0 0.985156 0.693056 0.0265625 0.0625
1 0.0410156 0.313021 0.0621094 0.090625
0 0.991797 0.238021 0.0164062 0.0326389
1 0.757422 0.285243 0.009375 0.0211806
1 0.200781 0.239757 0.0125 0.0232639
1 0.8 0.329861 0.0125 0.0222222
1 0.317969 0.660417 0.00820312 0.0208333
0 0.8875 0.139583 0.021875 0.0274306
1 0.9875 0.708333 0.025 0.0541667
1 0.442969 0.310764 0.0078125 0.0194444
3 0.0407227 0.312674 0.0638672 0.0899306
1 0.196484 0.219444 0.0121094 0.034375
0 0.985156 0.699826 0.0234375 0.0475694
1 0.196289 0.212847 0.0105469 0.0291667
1 0.196875 0.232812 0.0121094 0.0277778
1 0.985156 0.700694 0.0234375 0.0472222
1 0.4125 0.434375 0.009375 0.0166667
1 0.19375 0.21875 0.0132813 0.0326389
1 0.117969 0.183333 0.0078125 0.0138889
1 0.0904297 0.463889 0.0101562 0.0243056
0 0.980469 0.700694 0.03125 0.0527778
1 0.293359 0.607639 0.0101562 0.0194444
1 0.199219 0.220486 0.015625 0.0368056
1 0.266016 0.24184 0.0078125 0.0135417
0 0.9875 0.708333 0.025 0.0541667
0 0.196484 0.219444 0.0121094 0.034375
0 0.989844 0.703472 0.0203125 0.05
0 0.503906 0.810417 0.123438 0.356944
2 0.0408203 0.313021 0.0634766 0.0899306
1 0.796875 0.326736 0.0125 0.0236111
0 0.0408203 0.313021 0.0634766 0.0899306
0 0.948438 0.991667 0.028125 0.0166667
1 0.442969 0.310764 0.0078125 0.0201389
1 0.942187 0.99375 0.01875 0.0125
1 0.795313 0.320139 0.0125 0.025
1 0.181445 0.229861 0.0121094 0.0201389
0 0.985156 0.69375 0.0265625 0.0611111
1 0.317969 0.660417 0.00742187 0.0194444
0 0.942187 0.0690104 0.021875 0.0237847
1 0.0409058 0.313194 0.0621338 0.0902778
1 0.200781 0.240278 0.0125 0.0229167
3 0.040625 0.312847 0.0638672 0.0902778
1 0.196484 0.219444 0.0121094 0.034375
0 0.985937 0.7 0.021875 0.0472222
1 0.196289 0.213021 0.0105469 0.0295139
1 0.196875 0.232812 0.0121094 0.0274306
1 0.985156 0.700694 0.0234375 0.0472222
1 0.412109 0.434722 0.009375 0.0166667
1 0.0904297 0.463889 0.0107422 0.025
1 0.19375 0.21875 0.0132813 0.0326389
1 0.293359 0.607639 0.0101562 0.0194444
1 0.117969 0.183333 0.0078125 0.0138889
1 0.266016 0.241667 0.0078125 0.0131944
1 0.199219 0.22066 0.015625 0.0364583
1 0.796094 0.326736 0.0125 0.0229167
0 0.196484 0.219444 0.0121094 0.034375
0 0.98125 0.699306 0.0296875 0.0486111
0 0.989844 0.703472 0.0203125 0.05
2 0.0407227 0.313021 0.0635742 0.0899306
0 0.986719 0.708333 0.025 0.0555556
1 0.443359 0.310764 0.00703125 0.0194444
0 0.505469 0.813194 0.126563 0.358333
0 0.948438 0.990972 0.028125 0.0166667
1 0.942187 0.99375 0.01875 0.0125
0 0.0407227 0.313021 0.0635742 0.0899306
1 0.795313 0.319792 0.0125 0.0243056
1 0.317969 0.660417 0.00703125 0.0194444
1 0.181641 0.229861 0.0125 0.0201389
1 0.745313 0.265278 0.009375 0.021875
1 0.8 0.329861 0.0125 0.0208333
0 0.942187 0.0689236 0.021875 0.0243056
3 0.0406738 0.312847 0.0637695 0.0902778
1 0.196484 0.219444 0.0121094 0.0340278
0 0.985937 0.7 0.021875 0.0472222
1 0.196289 0.212674 0.0101562 0.0288194
1 0.196875 0.233507 0.0121094 0.0260417
1 0.985156 0.700174 0.0234375 0.046875
1 0.412109 0.434722 0.009375 0.0166667
1 0.0904297 0.463889 0.0109375 0.0256944
1 0.193555 0.21875 0.0132813 0.0326389
1 0.266016 0.241667 0.0078125 0.0131944
1 0.293359 0.607639 0.0101562 0.0194444
1 0.796875 0.326736 0.0125 0.0222222
1 0.199219 0.220833 0.015625 0.0361111
1 0.117969 0.183333 0.0078125 0.0145833
0 0.196484 0.219444 0.0121094 0.0340278
2 0.0408081 0.312847 0.063501 0.0902778
0 0.976562 0.698611 0.0390625 0.0472222
0 0.989844 0.704167 0.0203125 0.05
1 0.443359 0.310764 0.00703125 0.01875
0 0.986719 0.708333 0.025 0.0555556
1 0.942187 0.99375 0.01875 0.0125
0 0.948438 0.990972 0.028125 0.0166667
1 0.795313 0.319097 0.0125 0.0236111
0 0.0408081 0.312847 0.063501 0.0902778
1 0.745313 0.264931 0.009375 0.0208333
1 0.318164 0.660764 0.00703125 0.0194444
1 0.800781 0.329774 0.0125 0.0196181
1 0.181641 0.229861 0.0125 0.0194444
0 0.50625 0.825694 0.125 0.331944
1 0.328125 0.597222 0.00898437 0.0111111
3 0.0407227 0.312674 0.0636719 0.090625
1 0.196484 0.219444 0.0121094 0.0340278
0 0.985156 0.7 0.021875 0.0472222
1 0.196289 0.2125 0.0101562 0.0284722
1 0.196875 0.233681 0.0121094 0.0256944
1 0.985156 0.7 0.021875 0.0472222
1 0.0904297 0.463889 0.0109375 0.0256944
1 0.412109 0.434722 0.009375 0.0166667
1 0.193555 0.219097 0.0132813 0.0319444
1 0.266016 0.241493 0.0078125 0.0131944
1 0.293359 0.607639 0.0101562 0.0194444
1 0.199219 0.220833 0.015625 0.0361111
1 0.117969 0.183507 0.0078125 0.0145833
2 0.0408203 0.312847 0.0634766 0.0902778
1 0.796875 0.326736 0.0125 0.0215278
0 0.976562 0.698611 0.0390625 0.0472222
0 0.196484 0.219444 0.0121094 0.0340278
1 0.44375 0.310764 0.00625 0.0180556
0 0.989844 0.704167 0.0203125 0.05
0 0.9875 0.708333 0.025 0.0541667
0 0.0408203 0.312847 0.0634766 0.0902778
1 0.942187 0.99375 0.01875 0.0125
0 0.948438 0.990972 0.028125 0.0166667
1 0.794531 0.319271 0.0125 0.0239583
1 0.328125 0.597222 0.00898437 0.0111111
1 0.18125 0.229687 0.0117188 0.0194444
1 0.318164 0.660764 0.00703125 0.01875
1 0.800781 0.329861 0.0125 0.0194444
3 0.0407227 0.312674 0.0636719 0.090625
1 0.196484 0.219444 0.0125 0.034375
0 0.985156 0.7 0.021875 0.0472222
1 0.196484 0.212674 0.0101562 0.0288194
1 0.196875 0.233333 0.0121094 0.0263889
1 0.985156 0.7 0.021875 0.0472222
1 0.090332 0.463889 0.0111328 0.0263889
1 0.412109 0.434722 0.009375 0.0166667
1 0.293555 0.607639 0.0101562 0.0194444
1 0.19375 0.219097 0.0132813 0.0326389
1 0.266016 0.241493 0.0078125 0.0131944
1 0.199219 0.221007 0.015625 0.0364583
2 0.0408203 0.313021 0.0634766 0.090625
1 0.117969 0.183507 0.0078125 0.0145833
1 0.796875 0.326997 0.0125 0.0210069
0 0.976562 0.698785 0.0390625 0.046875
0 0.196484 0.219444 0.0125 0.034375
1 0.44375 0.31059 0.00625 0.0180556
0 0.989844 0.704167 0.0203125 0.0486111
0 0.0408203 0.313021 0.0634766 0.090625
0 0.9875 0.708333 0.025 0.0527778
1 0.942187 0.99375 0.01875 0.0125
0 0.947656 0.990972 0.028125 0.0166667
1 0.328125 0.597222 0.00898437 0.0111111
1 0.794531 0.319097 0.0125 0.0236111
1 0.318164 0.661111 0.00703125 0.01875
1 0.180859 0.229687 0.0117188 0.0194444
0 0.505469 0.829861 0.123438 0.316667
1 0.39375 0.693056 0.00625 0.0166667
1 0.801562 0.329948 0.0125 0.0192708
1 0.292969 0.609375 0.0128906 0.0180556
3 0.0406738 0.312674 0.0636719 0.090625
1 0.196484 0.219444 0.0125 0.0347222
0 0.985156 0.7 0.021875 0.0472222
1 0.196484 0.213021 0.0101562 0.0291667
1 0.196875 0.23316 0.0125 0.0267361
1 0.985156 0.7 0.021875 0.0472222
1 0.0902344 0.463889 0.0113281 0.0263889
1 0.293555 0.607639 0.0101562 0.0194444
1 0.19375 0.219444 0.0136719 0.0333333
1 0.412109 0.435069 0.009375 0.0173611
1 0.199219 0.220833 0.015625 0.0368056
2 0.0408203 0.312847 0.0635742 0.0909722
1 0.266016 0.241319 0.0078125 0.0131944
1 0.117969 0.183681 0.0078125 0.0145833
1 0.796094 0.327083 0.0109375 0.0208333
0 0.196484 0.219444 0.0125 0.0347222
1 0.44375 0.31059 0.00625 0.0180556
0 0.976562 0.698611 0.0375 0.0472222
0 0.9875 0.709722 0.025 0.0527778
0 0.0408203 0.312847 0.0635742 0.0909722
1 0.942187 0.99375 0.0203125 0.0125
0 0.989844 0.704167 0.0203125 0.0486111
0 0.946875 0.990972 0.028125 0.0166667
1 0.328125 0.597222 0.00898437 0.0111111
1 0.318164 0.661111 0.00703125 0.01875
1 0.794531 0.319097 0.0125 0.0229167
0 0.505078 0.83125 0.121875 0.311111
1 0.180859 0.229861 0.0117188 0.0194444
1 0.292969 0.609375 0.0128906 0.0180556
1 0.801562 0.330208 0.0125 0.01875
1 0.294141 0.612847 0.0113281 0.0208333
1 0.946875 0.990972 0.028125 0.0166667
1 0.39375 0.693056 0.00625 0.0166667
3 0.0407104 0.312847 0.0636963 0.0909722
1 0.196484 0.219444 0.0125 0.0347222
0 0.985156 0.7 0.021875 0.0472222
1 0.196484 0.212847 0.0101562 0.0291667
1 0.196875 0.23316 0.0121094 0.0267361
1 0.985156 0.7 0.021875 0.0472222
1 0.090332 0.463889 0.0113281 0.0256944
1 0.293359 0.607639 0.0101562 0.0194444
1 0.19375 0.219271 0.0136719 0.0329861
1 0.411719 0.435069 0.009375 0.0173611
2 0.0408203 0.312847 0.0635742 0.0909722
1 0.199219 0.221007 0.015625 0.0368056
1 0.796094 0.327083 0.0109375 0.0208333
1 0.117969 0.183681 0.0078125 0.0145833
1 0.266016 0.241667 0.0078125 0.0131944
0 0.196484 0.219444 0.0125 0.0347222
1 0.44375 0.310764 0.00625 0.0180556
0 0.0408203 0.312847 0.0635742 0.0909722
1 0.942187 0.99375 0.0203125 0.0125
0 0.9875 0.709722 0.0234375 0.0527778
1 0.328125 0.597222 0.00898437 0.0111111
0 0.975781 0.698611 0.0390625 0.0472222
0 0.946875 0.991667 0.025 0.0166667
1 0.79375 0.319097 0.0125 0.0229167
0 0.989844 0.704167 0.0203125 0.0472222
0 0.505469 0.830729 0.121875 0.307986
1 0.317969 0.661111 0.00703125 0.0180556
1 0.801562 0.330469 0.0125 0.0182292
1 0.294141 0.612847 0.0109375 0.0208333
1 0.946875 0.991667 0.025 0.0166667
1 0.292969 0.609028 0.0128906 0.0180556
1 0.181055 0.229861 0.0121094 0.0194444
3 0.0407227 0.312847 0.0636719 0.0909722
1 0.19668 0.219271 0.0125 0.034375
0 0.985156 0.7 0.021875 0.0472222
1 0.196484 0.212847 0.0101562 0.0284722
1 0.196875 0.233333 0.0121094 0.0263889
1 0.985156 0.7 0.021875 0.0472222
1 0.0904297 0.463889 0.0113281 0.0256944
1 0.293359 0.607639 0.0101562 0.0194444
2 0.0408691 0.312847 0.0635742 0.0909722
1 0.19375 0.219271 0.0140625 0.0329861
1 0.411719 0.435069 0.009375 0.0173611
1 0.199219 0.221007 0.015625 0.0368056
1 0.796094 0.327083 0.0109375 0.0201389
0 0.19668 0.219271 0.0125 0.034375
1 0.266016 0.241667 0.0078125 0.0131944
1 0.117969 0.183681 0.00800781 0.0145833
0 0.0408691 0.312847 0.0635742 0.0909722
1 0.44375 0.310764 0.00625 0.0180556
1 0.328125 0.597222 0.00898437 0.0111111
1 0.942187 0.99375 0.0203125 0.0125
0 0.945312 0.991667 0.025 0.0166667
0 0.9875 0.709722 0.0234375 0.0513889
1 0.79375 0.319097 0.0125 0.0229167
0 0.979688 0.7 0.03125 0.0527778
0 0.505859 0.830556 0.121094 0.302778
1 0.801562 0.330469 0.0125 0.0182292
1 0.945312 0.991667 0.025 0.0166667
0 0.989844 0.704167 0.0203125 0.0472222
1 0.317969 0.661111 0.00703125 0.0180556
1 0.730078 0.221528 0.009375 0.0243056
1 0.294141 0.613194 0.0109375 0.0208333
1 0.0936523 0.4625 0.0162109 0.0229167
3 0.0407715 0.312847 0.0636719 0.0909722
1 0.196484 0.219444 0.0125 0.0347222
0 0.985156 0.7 0.021875 0.0472222
1 0.196484 0.212847 0.0101562 0.0291667
1 0.196875 0.23316 0.0121094 0.0267361
1 0.984375 0.7 0.021875 0.0458333
1 0.0904297 0.463889 0.0115234 0.0256944
2 0.040918 0.313194 0.0635742 0.0909722
1 0.293359 0.607639 0.0101562 0.0194444
1 0.194141 0.219444 0.0140625 0.0333333
1 0.411719 0.435069 0.009375 0.0180556
1 0.199219 0.220833 0.0160156 0.0368056
1 0.796094 0.327083 0.0109375 0.0201389
0 0.040918 0.313194 0.0635742 0.0909722
0 0.196484 0.219444 0.0125 0.0347222
1 0.266016 0.241493 0.0078125 0.0131944
1 0.117969 0.183681 0.00820312 0.0145833
1 0.44375 0.310417 0.00625 0.0180556
1 0.328125 0.597222 0.00898437 0.0111111
0 0.945312 0.991667 0.025 0.0166667
1 0.942187 0.99375 0.0203125 0.0125
1 0.79375 0.319097 0.0125 0.0229167
0 0.9875 0.709722 0.0234375 0.0513889
0 0.98125 0.699306 0.03125 0.0486111
1 0.801562 0.330556 0.0125 0.0180556
1 0.945312 0.991667 0.025 0.0166667
1 0.730469 0.221528 0.009375 0.0239583
0 0.50625 0.830556 0.120312 0.294444
1 0.0933594 0.4625 0.0164062 0.0236111
0 0.975781 0.698611 0.0390625 0.0458333
0 0.989844 0.704167 0.0203125 0.0472222
1 0.294141 0.612847 0.0109375 0.0215278
1 0.865625 0.426389 0.009375 0.0180556
1 0.0415039 0.313889 0.0628906 0.0888889
1 0.292969 0.609028 0.0128906 0.0180556
3 0.0407349 0.312847 0.0636475 0.0909722
1 0.196484 0.219444 0.0125 0.0347222
0 0.985156 0.7 0.021875 0.0472222
1 0.196875 0.232812 0.0125 0.0277778
1 0.196484 0.213194 0.0105469 0.0295139
1 0.984375 0.700694 0.021875 0.0458333
1 0.0904297 0.463889 0.0117188 0.0263889
2 0.0409058 0.313194 0.063501 0.0909722
1 0.194141 0.219444 0.0148437 0.0340278
1 0.293359 0.607639 0.0101562 0.0194444
1 0.199219 0.220833 0.0164062 0.0368056
1 0.411719 0.435069 0.009375 0.0180556
1 0.796094 0.326997 0.0109375 0.0196181
0 0.196484 0.219444 0.0125 0.0347222
0 0.0409058 0.313194 0.063501 0.0909722
1 0.266016 0.241493 0.0078125 0.0135417
1 0.117969 0.183681 0.00820312 0.0145833
1 0.44375 0.310417 0.00625 0.01875
1 0.328125 0.597222 0.009375 0.0111111
0 0.945312 0.991667 0.025 0.0166667
1 0.942187 0.99375 0.0203125 0.0125
1 0.79375 0.319271 0.0125 0.0232639
1 0.945312 0.991667 0.025 0.0166667
0 0.98125 0.699306 0.03125 0.0486111
0 0.9875 0.709722 0.0234375 0.0527778
1 0.730469 0.221528 0.009375 0.0239583
1 0.0933594 0.462847 0.0167969 0.0236111
1 0.801562 0.330469 0.0125 0.0182292
0 0.50625 0.830556 0.120312 0.288889
1 0.0415161 0.313889 0.0628662 0.0888889
1 0.865625 0.426389 0.009375 0.0180556
0 0.975781 0.698611 0.0390625 0.0458333
0 0.989844 0.704167 0.0203125 0.0472222
1 0.294141 0.612847 0.0109375 0.0215278
1 0.292969 0.609028 0.0128906 0.0194444
1 0.39375 0.69375 0.00625 0.0166667
3 0.0407715 0.312847 0.0636719 0.0909722
1 0.19668 0.219444 0.0128906 0.0347222
0 0.985156 0.7 0.021875 0.0472222
1 0.196875 0.232639 0.0125 0.0277778
1 0.196484 0.213194 0.0109375 0.0298611
1 0.984375 0.7 0.021875 0.0458333
1 0.0904297 0.463889 0.0119141 0.0263889
2 0.0409668 0.313194 0.0634766 0.0909722
1 0.293359 0.607639 0.0101562 0.0194444
1 0.194336 0.219792 0.0148437 0.0340278
1 0.199219 0.220486 0.0164062 0.0368056
1 0.411719 0.435069 0.009375 0.0180556
1 0.796094 0.327431 0.0109375 0.0201389
0 0.0409668 0.313194 0.0634766 0.0909722
0 0.19668 0.219444 0.0128906 0.0347222
1 0.328125 0.597222 0.009375 0.0111111
1 0.44375 0.310417 0.00625 0.0184028
1 0.266016 0.241667 0.00820312 0.0131944
1 0.117969 0.183681 0.00839844 0.0145833
0 0.944531 0.991667 0.0234375 0.0166667
1 0.944531 0.991667 0.0234375 0.0166667
1 0.942187 0.99375 0.0203125 0.0125
1 0.0931641 0.462847 0.0167969 0.0236111
1 0.0415039 0.313889 0.062793 0.0888889
1 0.730078 0.221528 0.00859375 0.0236111
1 0.79375 0.319271 0.0125 0.0232639
0 0.98125 0.699306 0.03125 0.0486111
0 0.9875 0.709722 0.0234375 0.0527778
0 0.505859 0.832639 0.119531 0.283333
1 0.801562 0.330469 0.0125 0.0182292
1 0.865625 0.426042 0.009375 0.01875
1 0.292969 0.609375 0.0132813 0.01875
0 0.989844 0.704861 0.0203125 0.0472222
1 0.294141 0.612847 0.0109375 0.0215278
1 0.393359 0.69375 0.00625 0.0166667
0 0.975781 0.698611 0.0390625 0.0458333
3 0.0407715 0.313194 0.0635742 0.0909722
1 0.19668 0.219444 0.0128906 0.0350694
0 0.985156 0.7 0.021875 0.0472222
1 0.196875 0.232465 0.0125 0.028125
1 0.196484 0.213542 0.0109375 0.0298611
1 0.984375 0.700694 0.021875 0.0458333
1 0.0904297 0.463889 0.0121094 0.0263889
2 0.040918 0.313194 0.0633789 0.0909722
1 0.199023 0.220486 0.0164062 0.0368056
1 0.411719 0.435417 0.009375 0.0180556
1 0.293555 0.607639 0.00976562 0.0194444
1 0.796094 0.327431 0.0109375 0.0201389
0 0.19668 0.219444 0.0128906 0.0350694
0 0.040918 0.313194 0.0633789 0.0909722
1 0.328125 0.597222 0.009375 0.0111111
1 0.443359 0.310417 0.00703125 0.01875
1 0.117969 0.183681 0.00859375 0.0145833
0 0.945312 0.991667 0.021875 0.0166667
1 0.0415527 0.313889 0.062793 0.0888889
1 0.0929687 0.463194 0.0171875 0.0236111
1 0.945312 0.991667 0.021875 0.0166667
1 0.266016 0.241667 0.00820312 0.0135417
1 0.942187 0.99375 0.0203125 0.0125
1 0.730078 0.221528 0.00859375 0.0236111
1 0.79375 0.319271 0.0125 0.0232639
0 0.98125 0.699306 0.03125 0.0486111
0 0.9875 0.709722 0.0234375 0.0527778
0 0.505859 0.834722 0.119531 0.276389
1 0.801562 0.330469 0.0125 0.0182292
1 0.866406 0.426042 0.0109375 0.01875
1 0.292969 0.609375 0.0132813 0.01875
1 0.294141 0.612847 0.0109375 0.0215278
0 0.989844 0.704861 0.0203125 0.0472222
3 0.0407715 0.313194 0.0635742 0.0909722
1 0.19668 0.219444 0.0128906 0.0350694
0 0.985156 0.7 0.021875 0.0472222
1 0.196875 0.232118 0.0128906 0.0288194
1 0.196484 0.213889 0.0109375 0.0305556
1 0.0904297 0.463889 0.0121094 0.0263889
1 0.984375 0.699826 0.021875 0.0447917
2 0.040918 0.313194 0.0633789 0.0909722
1 0.199023 0.220486 0.0164062 0.0371528
1 0.411719 0.435417 0.009375 0.0180556
1 0.293555 0.607639 0.00976562 0.01875
1 0.796094 0.327431 0.0109375 0.0201389
0 0.19668 0.219444 0.0128906 0.0350694
0 0.040918 0.313194 0.0633789 0.0909722
1 0.328125 0.597222 0.009375 0.0111111
1 0.0927734 0.463194 0.0175781 0.0236111
1 0.0416138 0.314063 0.0628662 0.0892361
1 0.443359 0.310417 0.00703125 0.01875
0 0.944531 0.991667 0.021875 0.0166667
1 0.944531 0.991667 0.021875 0.0166667
1 0.117871 0.183681 0.00859375 0.0145833
1 0.942187 0.99375 0.0203125 0.0125
1 0.730078 0.221528 0.00859375 0.0236111
1 0.266016 0.241667 0.00820312 0.0138889
0 0.505469 0.836111 0.11875 0.272222
0 0.98125 0.7 0.03125 0.0486111
1 0.79375 0.319444 0.0125 0.0236111
0 0.9875 0.709722 0.0234375 0.0527778
1 0.866406 0.426389 0.0109375 0.01875
1 0.801562 0.330903 0.0125 0.01875
1 0.199609 0.214931 0.0164062 0.034375
1 0.292969 0.609375 0.0132813 0.01875
1 0.294141 0.6125 0.0109375 0.0208333
3 0.0407227 0.313194 0.0636719 0.0909722
1 0.196875 0.219444 0.0132813 0.0354167
0 0.985156 0.700174 0.021875 0.046875
1 0.196875 0.231771 0.0128906 0.0295139
1 0.196484 0.214236 0.0109375 0.03125
1 0.0904297 0.463889 0.0125 0.0263889
1 0.984375 0.699826 0.021875 0.0447917
2 0.0408691 0.313194 0.0633789 0.0909722
1 0.411719 0.435417 0.009375 0.0180556
1 0.293555 0.607639 0.00976562 0.01875
0 0.196875 0.219444 0.0132813 0.0354167
1 0.796094 0.327691 0.0109375 0.0196181
0 0.0408691 0.313194 0.0633789 0.0909722
1 0.328125 0.597222 0.009375 0.0111111
1 0.0927734 0.463194 0.0175781 0.0243056
1 0.0416016 0.314063 0.0628906 0.0892361
1 0.443359 0.310417 0.00703125 0.01875
0 0.94375 0.991667 0.021875 0.0166667
1 0.94375 0.991667 0.021875 0.0166667
1 0.942187 0.99375 0.021875 0.0125
1 0.117773 0.183681 0.00859375 0.0145833
1 0.730078 0.221701 0.00859375 0.0236111
0 0.505469 0.838194 0.11875 0.268056
1 0.266016 0.241667 0.00859375 0.0138889
0 0.9875 0.709722 0.0234375 0.0527778
1 0.79375 0.319444 0.0125 0.0236111
1 0.199609 0.215278 0.0164062 0.0347222
1 0.866406 0.426389 0.0109375 0.01875
0 0.98125 0.7 0.03125 0.0486111
1 0.801562 0.331163 0.0125 0.0182292
1 0.294141 0.6125 0.0109375 0.0208333
1 0.292969 0.609722 0.0128906 0.0180556
3 0.0407349 0.313194 0.0636475 0.0909722
1 0.196875 0.219444 0.0132813 0.0354167
0 0.985156 0.700174 0.021875 0.046875
1 0.196875 0.23125 0.0132813 0.0305556
1 0.196484 0.214583 0.0109375 0.0315972
1 0.0904297 0.463889 0.0125 0.0263889
1 0.985156 0.700174 0.021875 0.046875
2 0.0408691 0.313194 0.0633789 0.0909722
1 0.411719 0.435417 0.009375 0.0180556
1 0.293359 0.607639 0.009375 0.01875
0 0.0408691 0.313194 0.0633789 0.0909722
0 0.196875 0.219444 0.0132813 0.0354167
1 0.796875 0.327691 0.009375 0.0196181
1 0.328125 0.597222 0.009375 0.0118056
1 0.0927734 0.463194 0.0175781 0.025
1 0.0416504 0.314063 0.0628906 0.0892361
1 0.443359 0.310764 0.00703125 0.01875
0 0.94375 0.991667 0.021875 0.0166667
1 0.94375 0.991667 0.021875 0.0166667
1 0.942187 0.99375 0.021875 0.0125
1 0.730078 0.221875 0.00859375 0.0236111
1 0.117773 0.183681 0.00859375 0.0145833
1 0.199414 0.215451 0.0167969 0.0354167
0 0.9875 0.709722 0.025 0.0527778
0 0.505469 0.838889 0.11875 0.263889
1 0.266016 0.241667 0.00859375 0.0138889
1 0.801562 0.331163 0.0125 0.0182292
3 0.0407227 0.313194 0.0636719 0.0909722
1 0.196875 0.219444 0.0132813 0.0354167
0 0.985156 0.700174 0.021875 0.046875
1 0.196875 0.230903 0.0132813 0.03125
1 0.19668 0.214931 0.0113281 0.0319444
1 0.0905273 0.463889 0.0126953 0.0263889
2 0.0408325 0.313368 0.0634521 0.090625
1 0.985156 0.700174 0.021875 0.046875
1 0.412109 0.435069 0.00859375 0.0180556
1 0.293359 0.607639 0.009375 0.0180556
0 0.0408325 0.313368 0.0634521 0.090625
0 0.196875 0.219444 0.0132813 0.0354167
1 0.796094 0.327778 0.0109375 0.0194444
1 0.0925781 0.463194 0.0179687 0.025
1 0.328125 0.597222 0.009375 0.0118056
1 0.0416138 0.314063 0.0628662 0.0892361
1 0.443359 0.310764 0.00703125 0.01875
0 0.94375 0.991667 0.021875 0.0166667
1 0.94375 0.991667 0.021875 0.0166667
1 0.729688 0.221875 0.009375 0.0236111
1 0.942187 0.99375 0.021875 0.0125
1 0.199414 0.215799 0.0167969 0.0357639
1 0.117773 0.183681 0.00878906 0.0145833
0 0.9875 0.709028 0.025 0.0541667
0 0.794531 0.162326 0.0453125 0.0697917
3 0.0406738 0.313194 0.0636719 0.0909722
1 0.196875 0.219444 0.0132813 0.0354167
0 0.984375 0.700174 0.021875 0.046875
1 0.196875 0.230903 0.0132813 0.03125
1 0.19668 0.214931 0.0113281 0.0319444
1 0.0905273 0.463889 0.0126953 0.0263889
2 0.0408691 0.313368 0.0633789 0.090625
1 0.984375 0.700174 0.021875 0.046875
1 0.412109 0.435069 0.00859375 0.0180556
1 0.293359 0.607639 0.009375 0.0180556
0 0.0408691 0.313368 0.0633789 0.090625
0 0.196875 0.219444 0.0132813 0.0354167
1 0.796094 0.327778 0.0109375 0.0194444
1 0.0925781 0.463194 0.0179687 0.025
1 0.328125 0.597222 0.009375 0.0118056
1 0.0416016 0.314063 0.0628906 0.0892361
1 0.443359 0.310764 0.00703125 0.01875
0 0.94375 0.991667 0.021875 0.0166667
1 0.94375 0.991667 0.021875 0.0166667
1 0.942187 0.99375 0.021875 0.0125
1 0.729688 0.221875 0.009375 0.0236111
1 0.199414 0.215799 0.0167969 0.0357639
1 0.117773 0.183681 0.00878906 0.0145833
0 0.9875 0.709028 0.025 0.0541667
0 0.794531 0.1625 0.0453125 0.0697917
