3 0.613281 0.460417 0.0671875 0.108333
1 0.384375 0.232118 0.009375 0.0246528
0 0.182812 0.720833 0.0582031 0.0805556
1 0.342578 0.538194 0.00976562 0.0194444
1 0.387109 0.238368 0.009375 0.0364583
1 0.385547 0.235069 0.0101562 0.0298611
1 0.257031 0.897222 0.0179687 0.0194444
0 0.257031 0.897222 0.0179687 0.0194444
1 0.182812 0.720833 0.0582031 0.0805556
2 0.613281 0.460069 0.06875 0.106944
1 0.389062 0.237847 0.009375 0.03125
1 0.257617 0.901389 0.0195312 0.025
1 0.657031 0.992361 0.0101562 0.0152778
0 0.257617 0.901389 0.0195312 0.025
0 0.384375 0.232118 0.009375 0.0246528
1 0.0861328 0.795833 0.0167969 0.0277778
0 0.385547 0.235069 0.0101562 0.0298611
1 0.101367 0.8 0.0121094 0.025
1 0.0921875 0.795833 0.0257812 0.025
1 0.903125 0.545139 0.0125 0.0152778
1 0.00866699 0.695139 0.015625 0.0291667
0 0.387109 0.238368 0.009375 0.0364583
1 0.207813 0.711111 0.0164062 0.05
1 0.329688 0.547222 0.0132813 0.0222222
1 0.161523 0.197917 0.0183594 0.0201389
1 0.203906 0.819444 0.0117188 0.0222222
0 0.00766602 0.691667 0.0146484 0.0319444
0 0.0861328 0.795833 0.0167969 0.0277778
1 0.335938 0.541667 0.0210938 0.0222222
0 0.0921875 0.795833 0.0257812 0.025
0 0.653125 0.984722 0.0164062 0.0277778
0 0.25918 0.898611 0.0230469 0.025
1 0.653125 0.984722 0.0164062 0.0277778
1 0.613281 0.460764 0.0671875 0.10625
3 0.183008 0.720833 0.059375 0.0819444
0 0.657031 0.992361 0.0101562 0.0152778
1 0.602734 0.457292 0.021875 0.0305556
3 0.613281 0.460069 0.0671875 0.106944
0 0.182812 0.720833 0.0546875 0.0833333
1 0.384375 0.231597 0.009375 0.025
1 0.385156 0.234722 0.0109375 0.0291667
1 0.342578 0.538194 0.0101562 0.0194444
2 0.613281 0.460069 0.0671875 0.106944
1 0.3875 0.238542 0.009375 0.0361111
1 0.257422 0.897222 0.0179687 0.0194444
1 0.389062 0.235069 0.0109375 0.03125
0 0.385156 0.234722 0.0109375 0.0291667
0 0.00788574 0.693056 0.0151855 0.0305556
1 0.258008 0.901389 0.0191406 0.0236111
1 0.255469 0.901389 0.0152344 0.0166667
0 0.384375 0.231597 0.009375 0.025
1 0.613281 0.460069 0.0671875 0.106944
1 0.0090332 0.694444 0.0162109 0.0277778
1 0.101367 0.801389 0.0126953 0.0222222
1 0.20332 0.819444 0.0109375 0.0222222
1 0.328516 0.548611 0.0117188 0.0208333
1 0.208008 0.706944 0.0152344 0.0416667
0 0.257422 0.897222 0.0179687 0.0194444
1 0.65625 0.992361 0.0109375 0.0152778
1 0.184424 0.719444 0.0569336 0.0805556
0 0.195898 0.861111 0.339844 0.276389
1 0.0855469 0.794444 0.0148437 0.025
1 0.903125 0.546528 0.0125 0.0152778
1 0.638672 0.265625 0.00859375 0.025
0 0.3875 0.238542 0.009375 0.0361111
1 0.0919922 0.795833 0.0244141 0.025
0 0.258008 0.901389 0.0191406 0.0236111
1 0.640625 0.266667 0.009375 0.0229167
0 0.0919922 0.795833 0.0244141 0.025
1 0.335938 0.542361 0.021875 0.0243056
1 0.212891 0.7125 0.0164062 0.025
1 0.653516 0.984722 0.0148437 0.0277778
1 0.35 0.986111 0.0152344 0.0277778
1 0.712891 0.429861 0.0101562 0.0173611
1 0.395703 0.287674 0.0078125 0.0142361
1 0.859375 0.487153 0.0125 0.0159722
1 0.903906 0.540625 0.0140625 0.0180556
0 0.161133 0.704861 0.107422 0.119444
1 0.163281 0.198611 0.0146484 0.0208333
1 0.634375 0.269444 0.0109375 0.0222222
3 0.613281 0.459722 0.0671875 0.108333
1 0.384375 0.230556 0.0078125 0.0222222
0 0.183594 0.720833 0.0617188 0.0833333
1 0.343359 0.538889 0.00859375 0.0180556
1 0.385547 0.234549 0.0101562 0.0288194
1 0.257617 0.897222 0.0171875 0.0194444
1 0.255469 0.899306 0.0148437 0.0152778
1 0.716406 0.429167 0.0078125 0.0180556
1 0.3875 0.238889 0.00859375 0.0354167
1 0.713672 0.430556 0.0101562 0.0166667
1 0.635156 0.269792 0.0125 0.0201389
0 0.3875 0.238889 0.00859375 0.0354167
1 0.613281 0.460417 0.06875 0.108333
1 0.258594 0.901389 0.0195312 0.0236111
0 0.384375 0.230556 0.0078125 0.0222222
0 0.00917969 0.69375 0.0171875 0.0277778
1 0.161914 0.19809 0.0185547 0.0229167
0 0.385547 0.234549 0.0101562 0.0288194
1 0.639844 0.266667 0.0109375 0.0225694
0 0.319922 0.618056 0.0382813 0.0444444
1 0.903125 0.544444 0.0125 0.0131944
1 0.389844 0.238542 0.009375 0.0298611
0 0.320703 0.586458 0.0398437 0.107639
1 0.396094 0.287153 0.0078125 0.0135417
1 0.389062 0.234896 0.009375 0.0288194
0 0.32207 0.592361 0.0308594 0.102778
1 0.203516 0.819444 0.0117188 0.0208333
0 0.0923828 0.795833 0.0255859 0.025
0 0.255469 0.899306 0.0148437 0.0152778
1 0.0875 0.795139 0.0191406 0.0263889
1 0.10127 0.801389 0.0130859 0.0222222
1 0.655859 0.991319 0.0132813 0.0173611
1 0.32207 0.592361 0.0308594 0.102778
1 0.350391 0.9875 0.0148437 0.0222222
1 0.353516 0.985764 0.0101562 0.0284722
1 0.904688 0.540972 0.0125 0.0180556
1 0.332031 0.546875 0.0179687 0.0229167
1 0.00917969 0.69375 0.0171875 0.0277778
0 0.10127 0.801389 0.0130859 0.0222222
1 0.335938 0.541667 0.0226563 0.0222222
0 0.350391 0.9875 0.0148437 0.0222222
1 0.0923828 0.795833 0.0255859 0.025
0 0.0875 0.795139 0.0191406 0.0263889
1 0.712109 0.431944 0.0140625 0.0236111
0 0.203516 0.819444 0.0117188 0.0208333
1 0.904688 0.548611 0.015625 0.0194444
1 0.339258 0.544444 0.0160156 0.0291667
0 0.0117188 0.691667 0.022168 0.0319444
0 0.389844 0.238542 0.009375 0.0298611
1 0.709375 0.438194 0.009375 0.0222222
1 0.353516 0.988889 0.0109375 0.0222222
2 0.613281 0.459722 0.0671875 0.108333
3 0.612891 0.460069 0.0671875 0.106944
1 0.383984 0.230556 0.0078125 0.0215278
1 0.3875 0.239583 0.0078125 0.0340278
1 0.903906 0.545833 0.0109375 0.0166667
1 0.385156 0.234896 0.009375 0.0288194
1 0.25625 0.896528 0.0140625 0.0180556
1 0.203516 0.819444 0.0109375 0.0222222
1 0.254102 0.899306 0.0121094 0.0138889
1 0.867188 0.505903 0.0171875 0.01875
1 0.396094 0.2875 0.00625 0.0138889
1 0.343164 0.538889 0.00859375 0.0194444
1 0.904688 0.548264 0.0125 0.0229167
1 0.389844 0.238542 0.009375 0.0302083
1 0.904688 0.541319 0.0125 0.0194444
1 0.634375 0.269097 0.0125 0.0173611
1 0.101562 0.800694 0.0117188 0.0194444
1 0.8625 0.502778 0.0140625 0.0229167
0 0.183008 0.720833 0.0597656 0.0805556
1 0.860156 0.490278 0.009375 0.0173611
1 0.0849609 0.794444 0.0121094 0.0222222
1 0.0859375 0.793056 0.0148437 0.0180556
1 0.639453 0.265625 0.0101562 0.0180556
0 0.323828 0.598264 0.0304688 0.0840278
0 0.322461 0.585417 0.0359375 0.109722
2 0.613281 0.460417 0.0671875 0.108333
1 0.0923828 0.795833 0.0226563 0.0222222
1 0.258203 0.900694 0.0171875 0.0222222
0 0.00913086 0.694444 0.0168945 0.0277778
1 0.860937 0.484722 0.009375 0.0201389
0 0.254102 0.899306 0.0121094 0.0138889
1 0.876562 0.510417 0.0125 0.0166667
0 0.3875 0.239583 0.0078125 0.0340278
1 0.637891 0.264583 0.0078125 0.0208333
1 0.00913086 0.694444 0.0168945 0.0277778
0 0.101562 0.800694 0.0117188 0.0194444
1 0.278906 0.863889 0.009375 0.0152778
1 0.612891 0.460764 0.06875 0.108333
0 0.0923828 0.795833 0.0226563 0.0222222
0 0.203516 0.819444 0.0109375 0.0222222
1 0.323242 0.590972 0.0332031 0.105556
1 0.864062 0.497569 0.015625 0.0291667
1 0.657031 0.99375 0.0101562 0.0125
1 0.845312 0.468056 0.009375 0.0152778
0 0.198047 0.897917 0.396094 0.204167
0 0.903906 0.545833 0.0109375 0.0166667
1 0.716406 0.428472 0.0078125 0.01875
1 0.754687 0.317535 0.0078125 0.0197917
3 0.613281 0.459722 0.0679687 0.108333
1 0.384375 0.23125 0.0078125 0.0229167
1 0.3875 0.239236 0.0078125 0.0347222
1 0.904688 0.545833 0.015625 0.0180556
1 0.342969 0.538194 0.009375 0.0201389
1 0.385156 0.235069 0.009375 0.0298611
1 0.634375 0.269097 0.0125 0.0194444
1 0.257031 0.896528 0.015625 0.0180556
1 0.713281 0.430208 0.0109375 0.0180556
1 0.867188 0.505903 0.01875 0.0194444
1 0.203125 0.81875 0.0109375 0.0208333
1 0.639063 0.265972 0.0109375 0.0197917
1 0.904688 0.542361 0.0140625 0.0222222
1 0.389844 0.239063 0.009375 0.03125
1 0.254297 0.898611 0.0132813 0.0138889
1 0.715625 0.429167 0.009375 0.0208333
1 0.395312 0.2875 0.00625 0.0138889
0 0.00727539 0.692361 0.0145508 0.0291667
1 0.863281 0.502778 0.015625 0.0243056
0 0.0933594 0.795833 0.0244141 0.0194444
1 0.859375 0.488542 0.0109375 0.01875
1 0.65625 0.993403 0.0101562 0.0131944
0 0.00849609 0.695833 0.0164062 0.025
1 0.258203 0.901389 0.0164062 0.0222222
0 0.101172 0.800694 0.0123047 0.0180556
1 0.00849609 0.695833 0.0164062 0.025
1 0.101172 0.800694 0.0123047 0.0180556
1 0.161621 0.198958 0.0181641 0.0201389
1 0.860156 0.483333 0.0125 0.0208333
1 0.0878906 0.794444 0.0171875 0.0222222
1 0.492969 0.484028 0.00625 0.0236111
1 0.328906 0.547569 0.0117188 0.0201389
1 0.652344 0.984722 0.015625 0.0305556
1 0.710938 0.430556 0.0109375 0.0222222
1 0.0933594 0.795833 0.0244141 0.0194444
2 0.613281 0.460069 0.0671875 0.109028
1 0.613281 0.460069 0.0671875 0.109028
1 0.489844 0.48125 0.0078125 0.0194444
1 0.335938 0.540972 0.0210938 0.0236111
1 0.00727539 0.692361 0.0145508 0.0291667
1 0.708984 0.4375 0.009375 0.0222222
0 0.0878906 0.794444 0.0171875 0.0222222
0 0.342969 0.538194 0.009375 0.0201389
0 0.254297 0.898611 0.0132813 0.0138889
1 0.875 0.510069 0.015625 0.01875
1 0.478906 0.372569 0.00625 0.01875
1 0.208984 0.707639 0.0132813 0.0305556
1 0.845312 0.46875 0.0125 0.0173611
1 0.652344 0.988889 0.015625 0.0180556
1 0.902344 0.547222 0.01875 0.0319444
1 0.441406 0.711111 0.0078125 0.0138889
0 0.350391 0.9875 0.015625 0.0222222
0 0.203125 0.81875 0.0109375 0.0208333
3 0.613281 0.460069 0.0671875 0.107639
1 0.904688 0.544792 0.0125 0.0173611
1 0.384375 0.231944 0.009375 0.0239583
1 0.342773 0.5375 0.009375 0.0194444
1 0.634375 0.269097 0.0140625 0.0208333
1 0.385156 0.235764 0.0109375 0.0298611
1 0.387109 0.23941 0.00859375 0.034375
1 0.867188 0.505556 0.015625 0.0180556
0 0.0924805 0.795833 0.0259766 0.0222222
1 0.254492 0.898611 0.0128906 0.0138889
1 0.657031 0.994097 0.00859375 0.0118056
1 0.638281 0.265625 0.0101562 0.0236111
1 0.257031 0.896528 0.0140625 0.0180556
0 0.100391 0.800694 0.0140625 0.0194444
1 0.389062 0.238194 0.0109375 0.0319444
1 0.860156 0.489236 0.0109375 0.0194444
0 0.0896484 0.793056 0.0210938 0.0194444
1 0.860937 0.483333 0.009375 0.0194444
1 0.0908203 0.794444 0.0238281 0.0222222
1 0.100391 0.800694 0.0140625 0.0194444
1 0.8625 0.502778 0.0125 0.0222222
0 0.254492 0.898611 0.0128906 0.0138889
1 0.203516 0.819444 0.009375 0.0194444
1 0.712891 0.429861 0.0117188 0.0194444
1 0.258203 0.900694 0.015625 0.0222222
1 0.653516 0.990278 0.0140625 0.0166667
1 0.875 0.510764 0.0125 0.0180556
1 0.715625 0.429514 0.009375 0.0208333
1 0.396094 0.287674 0.0078125 0.0145833
1 0.652734 0.985417 0.015625 0.0277778
1 0.898438 0.539236 0.01875 0.0222222
1 0.901563 0.546528 0.01875 0.0291667
1 0.960938 0.657292 0.0125 0.0166667
0 0.342773 0.5375 0.009375 0.0194444
0 0.00852051 0.695833 0.0163574 0.0305556
0 0.257031 0.896528 0.0140625 0.0180556
1 0.336328 0.540625 0.0207031 0.0222222
1 0.908594 0.561111 0.0125 0.0194444
1 0.842969 0.465278 0.009375 0.0152778
1 0.863281 0.495833 0.0140625 0.0291667
1 0.328516 0.547222 0.0109375 0.0208333
0 0.351367 0.989583 0.0148437 0.0194444
1 0.161523 0.198611 0.01875 0.0222222
1 0.342578 0.5375 0.0171875 0.025
0 0.904688 0.544792 0.0125 0.0173611
1 0.0978516 0.803472 0.0183594 0.0194444
0 0.387109 0.23941 0.00859375 0.034375
1 0.00852051 0.695833 0.0163574 0.0305556
0 0.385156 0.235764 0.0109375 0.0298611
1 0.852344 0.473958 0.0125 0.0194444
0 0.653516 0.990278 0.0140625 0.0166667
2 0.613281 0.461111 0.06875 0.105556
1 0.202539 0.816667 0.00976562 0.0166667
1 0.0859375 0.788889 0.015625 0.0222222
0 0.183789 0.722917 0.0550781 0.0791667
1 0.341602 0.543056 0.0101562 0.0277778
1 0.209766 0.709722 0.0132813 0.0305556
3 0.613281 0.459722 0.0671875 0.107639
1 0.904688 0.545139 0.0140625 0.0208333
1 0.384375 0.231944 0.00859375 0.0243056
1 0.385547 0.235938 0.0109375 0.0309028
1 0.632031 0.269792 0.0101562 0.01875
1 0.342578 0.538194 0.0101562 0.0194444
1 0.387109 0.239583 0.00859375 0.0340278
1 0.904688 0.542361 0.0125 0.0222222
1 0.867188 0.505903 0.015625 0.0180556
1 0.638281 0.264583 0.0078125 0.0215278
1 0.389062 0.238368 0.0109375 0.0315972
1 0.639453 0.266319 0.0101562 0.0201389
2 0.613281 0.460417 0.06875 0.10625
1 0.256836 0.895833 0.0144531 0.0166667
1 0.100391 0.800694 0.0140625 0.0194444
1 0.0923828 0.795833 0.0261719 0.0222222
1 0.861719 0.483333 0.009375 0.0194444
1 0.161914 0.199132 0.0183594 0.0215278
1 0.20332 0.81875 0.0113281 0.0194444
1 0.0894531 0.794444 0.0214844 0.0222222
0 0.0923828 0.795833 0.0261719 0.0222222
1 0.712891 0.429861 0.0101562 0.0180556
1 0.716406 0.428819 0.0078125 0.0194444
0 0.100391 0.800694 0.0140625 0.0194444
0 0.183936 0.722222 0.0571289 0.0805556
1 0.859375 0.489931 0.009375 0.0194444
0 0.00852051 0.696528 0.0159668 0.0263889
1 0.657031 0.994097 0.009375 0.0118056
1 0.8625 0.502778 0.0125 0.0208333
1 0.254687 0.899306 0.0132813 0.0152778
1 0.336328 0.540972 0.0222656 0.0222222
0 0.0897461 0.793056 0.0212891 0.0194444
1 0.258203 0.901389 0.0160156 0.0222222
0 0.00737305 0.693056 0.0146484 0.0305556
1 0.652344 0.983333 0.015625 0.0333333
1 0.00852051 0.696528 0.0159668 0.0263889
1 0.961719 0.656944 0.0125 0.0194444
1 0.396094 0.287847 0.0078125 0.0145833
1 0.34082 0.543403 0.0128906 0.0291667
1 0.907812 0.557639 0.015625 0.0236111
1 0.209766 0.707639 0.0132813 0.0333333
1 0.875 0.511111 0.0125 0.0180556
1 0.341602 0.538542 0.0195312 0.0270833
1 0.330859 0.545833 0.015625 0.0236111
0 0.254687 0.899306 0.0132813 0.0152778
0 0.342578 0.538194 0.0101562 0.0194444
1 0.902344 0.546528 0.0203125 0.0291667
1 0.478906 0.373264 0.00625 0.0173611
1 0.651953 0.988889 0.0140625 0.0194444
0 0.20332 0.81875 0.0113281 0.0194444
1 0.754687 0.319792 0.00625 0.0215278
0 0.256836 0.895833 0.0144531 0.0166667
1 0.492969 0.485417 0.00625 0.0236111
1 0.901563 0.542361 0.01875 0.0263889
1 0.777344 0.684722 0.0140625 0.0208333
1 0.596094 0.0250434 0.00625 0.0296007
3 0.613281 0.460069 0.0671875 0.106944
1 0.384375 0.230903 0.009375 0.021875
1 0.904688 0.544097 0.0140625 0.01875
1 0.342578 0.538194 0.0109375 0.0194444
1 0.385938 0.23559 0.0109375 0.0298611
1 0.633594 0.269444 0.0125 0.0180556
1 0.3875 0.240278 0.009375 0.0326389
1 0.904688 0.546875 0.015625 0.025
1 0.867188 0.505556 0.015625 0.01875
1 0.0919922 0.795833 0.0253906 0.0222222
1 0.638281 0.264236 0.009375 0.0208333
1 0.638281 0.266146 0.0125 0.0190972
1 0.100391 0.800694 0.0136719 0.0194444
1 0.657031 0.99375 0.009375 0.0125
1 0.257227 0.896528 0.0148437 0.0180556
1 0.860937 0.490972 0.009375 0.0194444
1 0.387891 0.235243 0.0125 0.0288194
2 0.613281 0.460417 0.06875 0.105556
1 0.861719 0.483333 0.009375 0.0180556
1 0.254492 0.899306 0.0125 0.0152778
1 0.20332 0.819444 0.0109375 0.0194444
1 0.8625 0.503125 0.0125 0.0201389
1 0.713281 0.429167 0.0109375 0.0166667
1 0.336719 0.540972 0.0226563 0.0222222
1 0.716406 0.428472 0.0078125 0.0180556
0 0.00734863 0.693056 0.0145508 0.0305556
1 0.258203 0.900694 0.0164062 0.0222222
1 0.341797 0.538194 0.01875 0.025
0 0.0919922 0.795833 0.0253906 0.0222222
1 0.161719 0.198437 0.0183594 0.021875
1 0.00854492 0.695833 0.0162109 0.0277778
0 0.100391 0.800694 0.0136719 0.0194444
1 0.396484 0.287153 0.0078125 0.0145833
1 0.341016 0.543056 0.0132813 0.0291667
1 0.0961914 0.802778 0.0214844 0.0222222
1 0.202344 0.817361 0.0105469 0.0194444
1 0.330469 0.545833 0.0148437 0.0222222
1 0.652344 0.984722 0.015625 0.0305556
1 0.875 0.511111 0.0140625 0.0194444
0 0.342578 0.538194 0.0109375 0.0194444
1 0.652344 0.988889 0.0140625 0.0194444
1 0.209375 0.708333 0.0125 0.0291667
0 0.348828 0.9875 0.01875 0.0236111
1 0.863281 0.496528 0.0140625 0.0305556
0 0.184766 0.723611 0.0578125 0.0777778
3 0.613281 0.460417 0.0671875 0.106944
1 0.384375 0.230903 0.009375 0.0222222
1 0.904688 0.54375 0.0140625 0.0180556
1 0.342773 0.538194 0.0105469 0.0194444
1 0.385547 0.23559 0.0109375 0.0295139
1 0.632812 0.269618 0.0101562 0.0184028
1 0.904688 0.547222 0.015625 0.025
1 0.3875 0.239931 0.009375 0.0333333
1 0.0919922 0.795833 0.0259766 0.0222222
1 0.638672 0.26441 0.00859375 0.0215278
1 0.657031 0.993403 0.009375 0.0131944
1 0.0990234 0.8 0.0167969 0.0194444
1 0.867188 0.505903 0.015625 0.01875
1 0.257227 0.896528 0.0144531 0.0180556
1 0.255078 0.898611 0.0132813 0.0166667
0 0.0919922 0.795833 0.0259766 0.0222222
1 0.388281 0.235243 0.0125 0.0291667
2 0.613281 0.460417 0.06875 0.105556
1 0.161719 0.198611 0.0179687 0.0208333
0 0.0990234 0.8 0.0167969 0.0194444
1 0.203125 0.819444 0.0109375 0.0194444
0 0.00605469 0.693056 0.0115234 0.0277778
1 0.860937 0.482639 0.009375 0.0166667
0 0.342773 0.538194 0.0105469 0.0194444
1 0.337109 0.540972 0.021875 0.0222222
1 0.258203 0.900694 0.015625 0.0222222
1 0.8625 0.503472 0.0125 0.0208333
0 0.00849609 0.697222 0.0150391 0.025
1 0.860937 0.490972 0.009375 0.0194444
1 0.713281 0.429167 0.009375 0.0166667
1 0.653125 0.984028 0.015625 0.0305556
1 0.716406 0.429167 0.0078125 0.0194444
1 0.653516 0.9875 0.0148437 0.0222222
1 0.341406 0.543403 0.0117188 0.0277778
0 0.255078 0.898611 0.0132813 0.0166667
1 0.00849609 0.697222 0.0150391 0.025
1 0.479297 0.371875 0.00625 0.0173611
1 0.342187 0.538194 0.0175781 0.0263889
0 0.904688 0.54375 0.0140625 0.0180556
1 0.0952148 0.802778 0.0234375 0.0222222
1 0.330664 0.545833 0.0148437 0.0222222
3 0.613281 0.460069 0.0671875 0.106944
1 0.904688 0.544097 0.0140625 0.01875
1 0.384375 0.23125 0.009375 0.0222222
1 0.385547 0.235764 0.0109375 0.0298611
1 0.342578 0.538194 0.0109375 0.0194444
1 0.632812 0.269792 0.009375 0.0184028
1 0.904688 0.546875 0.015625 0.0256944
1 0.387109 0.240104 0.00859375 0.0329861
1 0.867188 0.50625 0.015625 0.01875
1 0.638281 0.264931 0.0078125 0.0222222
1 0.0921875 0.795833 0.0261719 0.0222222
1 0.639844 0.266319 0.009375 0.0194444
1 0.657031 0.994097 0.009375 0.0118056
1 0.0980469 0.8 0.0185547 0.0222222
2 0.613281 0.460417 0.0679687 0.105556
1 0.860937 0.503472 0.0125 0.0201389
1 0.161914 0.198611 0.0183594 0.0208333
1 0.860937 0.482639 0.009375 0.0180556
0 0.0921875 0.795833 0.0261719 0.0222222
1 0.860156 0.492361 0.0109375 0.01875
0 0.0980469 0.8 0.0185547 0.0222222
0 0.00568848 0.693056 0.0109375 0.0277778
1 0.257031 0.896528 0.0132813 0.0180556
1 0.387891 0.235417 0.0125 0.0291667
0 0.00830078 0.696528 0.0149414 0.025
1 0.255273 0.898611 0.0136719 0.0166667
1 0.203125 0.819444 0.0109375 0.0180556
1 0.960938 0.656944 0.0109375 0.0180556
1 0.258203 0.900694 0.0152344 0.0222222
1 0.336719 0.540972 0.021875 0.0222222
0 0.342578 0.538194 0.0109375 0.0194444
1 0.653125 0.988194 0.0140625 0.0208333
1 0.716797 0.428472 0.00703125 0.0180556
1 0.00830078 0.696528 0.0149414 0.025
1 0.902344 0.547222 0.01875 0.0291667
1 0.653125 0.984722 0.0140625 0.0305556
1 0.875 0.511458 0.0140625 0.0194444
1 0.713281 0.428472 0.009375 0.0180556
0 0.255273 0.898611 0.0136719 0.0166667
1 0.0947266 0.801389 0.0242187 0.025
1 0.900781 0.540972 0.0203125 0.025
1 0.907031 0.559722 0.0140625 0.0208333
1 0.342383 0.538194 0.0175781 0.0263889
0 0.348242 0.986806 0.0171875 0.0263889
1 0.341016 0.54375 0.0125 0.0277778
1 0.00568848 0.693056 0.0109375 0.0277778
3 0.613281 0.460069 0.0671875 0.10625
1 0.904688 0.54375 0.0140625 0.0180556
1 0.384375 0.23125 0.009375 0.0222222
1 0.385547 0.235938 0.0109375 0.0295139
1 0.342773 0.537847 0.0105469 0.01875
1 0.904688 0.547222 0.015625 0.025
1 0.633203 0.269792 0.0101562 0.0180556
1 0.867188 0.50625 0.015625 0.0180556
1 0.0920898 0.795833 0.0259766 0.0222222
1 0.386719 0.240278 0.009375 0.0326389
1 0.161719 0.198611 0.0183594 0.0211806
1 0.657031 0.994097 0.009375 0.0118056
1 0.638672 0.264583 0.0078125 0.0215278
1 0.0976562 0.8 0.0193359 0.0222222
1 0.639844 0.266319 0.009375 0.01875
2 0.613281 0.460417 0.0679687 0.105556
0 0.0920898 0.795833 0.0259766 0.0222222
1 0.8625 0.503819 0.0125 0.0194444
1 0.388281 0.238194 0.0117188 0.0309028
0 0.0976562 0.8 0.0193359 0.0222222
0 0.00571289 0.693056 0.0110352 0.0277778
1 0.860937 0.481944 0.009375 0.0166667
1 0.860156 0.492361 0.0109375 0.0180556
0 0.00822754 0.695833 0.0149902 0.025
1 0.203125 0.819444 0.0109375 0.0194444
0 0.184424 0.721528 0.0577148 0.0833333
1 0.257227 0.896528 0.0136719 0.0180556
1 0.255469 0.899306 0.0140625 0.0152778
1 0.960938 0.656944 0.0109375 0.0173611
1 0.653125 0.988194 0.0140625 0.0208333
1 0.336914 0.540972 0.021875 0.0222222
1 0.258203 0.901389 0.0152344 0.0222222
1 0.00822754 0.695833 0.0149902 0.025
0 0.342773 0.537847 0.0105469 0.01875
1 0.652734 0.984722 0.0148437 0.0305556
1 0.00571289 0.693056 0.0110352 0.0277778
1 0.716797 0.428125 0.00703125 0.0173611
1 0.0948242 0.801389 0.0253906 0.0236111
1 0.342383 0.538194 0.0175781 0.0263889
1 0.902344 0.547222 0.01875 0.0277778
1 0.907812 0.561806 0.0140625 0.0180556
1 0.713281 0.429167 0.009375 0.0166667
1 0.875 0.511806 0.0140625 0.01875
0 0.255469 0.899306 0.0140625 0.0152778
0 0.349609 0.9875 0.015625 0.025
1 0.901563 0.540972 0.01875 0.0243056
0 0.257227 0.896528 0.0136719 0.0180556
3 0.613281 0.460417 0.0671875 0.106944
1 0.904688 0.54375 0.0140625 0.0180556
1 0.384375 0.231076 0.009375 0.0215278
1 0.385547 0.235764 0.0109375 0.0291667
1 0.342773 0.537847 0.0105469 0.01875
1 0.633203 0.269792 0.0109375 0.0180556
1 0.904688 0.547222 0.015625 0.025
1 0.867188 0.50625 0.015625 0.0180556
1 0.161719 0.198611 0.0183594 0.0208333
1 0.0919922 0.795833 0.0257812 0.0222222
1 0.657031 0.99375 0.009375 0.0125
1 0.386719 0.240278 0.009375 0.0326389
1 0.0984375 0.8 0.0179687 0.0208333
2 0.613281 0.460764 0.0679687 0.105556
1 0.639453 0.266319 0.0101562 0.01875
1 0.638281 0.264757 0.0078125 0.0215278
0 0.0919922 0.795833 0.0257812 0.0222222
0 0.00571289 0.693056 0.0110352 0.0277778
1 0.861719 0.504167 0.0125 0.0194444
1 0.388281 0.238194 0.0117188 0.0305556
0 0.0984375 0.8 0.0179687 0.0208333
1 0.860156 0.491667 0.0109375 0.0166667
1 0.860937 0.481944 0.009375 0.0166667
0 0.00820312 0.695833 0.0148437 0.025
1 0.255469 0.898611 0.0140625 0.0166667
1 0.257422 0.896528 0.0132813 0.0180556
1 0.203125 0.819444 0.0109375 0.0194444
0 0.184424 0.720833 0.0569336 0.0833333
1 0.00571289 0.693056 0.0110352 0.0277778
1 0.00820312 0.695833 0.0148437 0.025
1 0.960938 0.656597 0.0109375 0.0173611
1 0.653125 0.988889 0.0140625 0.0194444
1 0.336914 0.540972 0.0214844 0.0208333
1 0.258203 0.900694 0.0148437 0.0222222
1 0.652734 0.984028 0.0148437 0.0305556
0 0.342773 0.537847 0.0105469 0.01875
1 0.0950195 0.801389 0.0248047 0.0222222
1 0.342578 0.538194 0.0171875 0.0256944
0 0.257422 0.896528 0.0132813 0.0180556
1 0.716797 0.428472 0.00703125 0.0166667
0 0.255469 0.898611 0.0140625 0.0166667
0 0.350391 0.9875 0.0148437 0.025
1 0.902344 0.547222 0.01875 0.0277778
1 0.875 0.511806 0.0140625 0.01875
1 0.907812 0.5625 0.0140625 0.0166667
0 0.423438 0.985069 0.015625 0.0298611
3 0.613281 0.460417 0.0671875 0.106944
1 0.384766 0.23125 0.009375 0.0222222
1 0.904688 0.54375 0.0125 0.0173611
1 0.385547 0.235938 0.0109375 0.0295139
1 0.342773 0.538194 0.0105469 0.0194444
1 0.633594 0.269792 0.0109375 0.0180556
1 0.904688 0.547222 0.015625 0.025
1 0.0920898 0.795833 0.0257812 0.0222222
1 0.867188 0.50625 0.0140625 0.0173611
1 0.161816 0.198611 0.0183594 0.0208333
1 0.386719 0.240278 0.009375 0.0326389
1 0.657031 0.99375 0.009375 0.0125
1 0.0982422 0.8 0.0179687 0.0208333
0 0.0920898 0.795833 0.0257812 0.0222222
0 0.00578613 0.693056 0.0111328 0.0277778
1 0.639063 0.266493 0.0109375 0.0184028
1 0.638672 0.264583 0.00859375 0.0215278
0 0.0982422 0.8 0.0179687 0.0208333
2 0.613281 0.460764 0.0679687 0.105556
1 0.388281 0.238194 0.0117188 0.0305556
1 0.861719 0.503819 0.0125 0.01875
0 0.0081543 0.695833 0.0147461 0.025
1 0.860156 0.491667 0.0109375 0.0166667
1 0.860937 0.481597 0.009375 0.0159722
1 0.257227 0.896528 0.0132813 0.0180556
1 0.203125 0.819444 0.0109375 0.0194444
1 0.255469 0.898611 0.0140625 0.0152778
0 0.18457 0.720833 0.0566406 0.0833333
1 0.00578613 0.693056 0.0111328 0.0277778
1 0.0081543 0.695833 0.0147461 0.025
0 0.342773 0.538194 0.0105469 0.0194444
0 0.257227 0.896528 0.0132813 0.0180556
1 0.258203 0.900694 0.0148437 0.0222222
1 0.652344 0.983333 0.015625 0.0305556
1 0.960938 0.65625 0.009375 0.0166667
1 0.653125 0.988194 0.0140625 0.0194444
1 0.0949219 0.801389 0.025 0.0236111
0 0.255469 0.898611 0.0140625 0.0152778
1 0.716797 0.428125 0.00703125 0.0166667
1 0.336914 0.540972 0.0214844 0.0208333
0 0.350781 0.986806 0.0144531 0.025
1 0.342773 0.538194 0.0167969 0.0263889
0 0.423047 0.984722 0.015625 0.0305556
1 0.875 0.511806 0.0140625 0.0180556
3 0.613281 0.460417 0.0671875 0.106944
1 0.384766 0.231597 0.009375 0.0225694
1 0.385547 0.235938 0.0109375 0.0295139
1 0.904688 0.54375 0.0140625 0.0180556
1 0.342773 0.538194 0.0105469 0.0180556
1 0.633594 0.269792 0.0109375 0.0177083
1 0.0920898 0.795833 0.0257812 0.0222222
1 0.161914 0.198611 0.0183594 0.0208333
1 0.386719 0.240278 0.009375 0.0326389
1 0.867188 0.50625 0.0140625 0.0173611
1 0.657031 0.99375 0.009375 0.0125
1 0.0979492 0.8 0.01875 0.0208333
0 0.0920898 0.795833 0.0257812 0.0222222
0 0.00578613 0.693056 0.0111816 0.0277778
1 0.388281 0.238194 0.0125 0.0305556
0 0.0979492 0.8 0.01875 0.0208333
1 0.639063 0.266667 0.0109375 0.0180556
1 0.638672 0.264583 0.00859375 0.0215278
2 0.613281 0.460417 0.0679687 0.105556
0 0.0081543 0.695833 0.0147461 0.025
1 0.861719 0.504167 0.0125 0.0194444
1 0.257227 0.896528 0.0132813 0.0180556
1 0.860156 0.492014 0.0109375 0.0166667
1 0.255469 0.898611 0.0140625 0.0152778
1 0.860937 0.481597 0.009375 0.0159722
1 0.203125 0.819444 0.0109375 0.0194444
1 0.00578613 0.693056 0.0111816 0.0277778
0 0.18457 0.720833 0.0566406 0.0833333
1 0.0081543 0.695833 0.0147461 0.025
0 0.257227 0.896528 0.0132813 0.0180556
0 0.342773 0.538194 0.0105469 0.0180556
1 0.652344 0.983333 0.015625 0.0305556
1 0.258203 0.900694 0.0148437 0.0222222
1 0.0947266 0.801389 0.0253906 0.0236111
1 0.653125 0.9875 0.0140625 0.0194444
0 0.255469 0.898611 0.0140625 0.0152778
1 0.336719 0.540972 0.0210938 0.0208333
1 0.716797 0.428472 0.00703125 0.0166667
1 0.960938 0.655903 0.009375 0.0173611
0 0.350781 0.986806 0.0144531 0.025
1 0.342969 0.538194 0.0164062 0.0263889
0 0.0947266 0.801389 0.0253906 0.0236111
1 0.713281 0.428472 0.009375 0.0173611
3 0.613281 0.460417 0.0671875 0.106944
1 0.384766 0.231944 0.009375 0.0232639
1 0.385938 0.236111 0.0109375 0.0298611
1 0.904688 0.54375 0.0125 0.0180556
1 0.342578 0.538194 0.0109375 0.01875
1 0.633594 0.269792 0.0109375 0.0180556
1 0.0919922 0.795833 0.0257812 0.0222222
1 0.904688 0.547222 0.0140625 0.025
1 0.386719 0.240104 0.009375 0.0329861
1 0.162012 0.198611 0.0181641 0.0208333
1 0.867188 0.50625 0.0140625 0.0180556
1 0.657031 0.99375 0.009375 0.0125
1 0.0978516 0.8 0.01875 0.0208333
0 0.0919922 0.795833 0.0257812 0.0222222
0 0.00571289 0.693056 0.0109375 0.0277778
1 0.388281 0.238021 0.0125 0.0309028
0 0.0978516 0.8 0.01875 0.0208333
1 0.639063 0.266667 0.0109375 0.0180556
1 0.638672 0.264757 0.00859375 0.0211806
2 0.613281 0.460417 0.0679687 0.105556
0 0.00810547 0.696528 0.0146484 0.0236111
1 0.861719 0.504167 0.0125 0.0194444
1 0.257227 0.896528 0.0132813 0.0180556
1 0.860156 0.492014 0.0109375 0.0166667
1 0.255469 0.898611 0.0140625 0.0166667
1 0.00571289 0.693056 0.0109375 0.0277778
1 0.203125 0.820139 0.0109375 0.0180556
0 0.18457 0.720833 0.0570313 0.0833333
1 0.860937 0.481944 0.009375 0.0166667
1 0.00810547 0.696528 0.0146484 0.0236111
0 0.342578 0.538194 0.0109375 0.01875
0 0.257227 0.896528 0.0132813 0.0180556
1 0.652344 0.983333 0.015625 0.0305556
1 0.258203 0.900694 0.0148437 0.0222222
1 0.0945313 0.801389 0.0253906 0.025
0 0.255469 0.898611 0.0140625 0.0166667
1 0.653125 0.9875 0.0140625 0.0194444
1 0.336719 0.540972 0.021875 0.0215278
1 0.202734 0.817361 0.0109375 0.0180556
1 0.716797 0.428472 0.00703125 0.0166667
0 0.350586 0.986806 0.0144531 0.025
0 0.385938 0.236111 0.0109375 0.0298611
1 0.342773 0.538194 0.0167969 0.0263889
1 0.960938 0.655556 0.009375 0.0180556
3 0.613281 0.460417 0.0671875 0.106944
1 0.384766 0.232292 0.009375 0.0239583
1 0.385938 0.236111 0.0109375 0.0302083
1 0.904688 0.54375 0.0125 0.0180556
1 0.342578 0.538194 0.0109375 0.01875
1 0.633594 0.269792 0.0109375 0.0180556
1 0.0919922 0.795833 0.0255859 0.0208333
1 0.386719 0.239931 0.009375 0.0333333
1 0.904688 0.547222 0.0140625 0.025
1 0.162012 0.198611 0.0181641 0.0208333
1 0.0974609 0.8 0.0195312 0.0208333
1 0.867188 0.50625 0.0140625 0.0173611
1 0.657031 0.99375 0.009375 0.0125
0 0.0919922 0.795833 0.0255859 0.0208333
1 0.388281 0.238021 0.0125 0.03125
0 0.00571289 0.693056 0.0109863 0.0277778
0 0.0974609 0.8 0.0195312 0.0208333
1 0.639063 0.266667 0.0109375 0.0180556
0 0.00817871 0.696528 0.0146484 0.0236111
1 0.861719 0.504167 0.0125 0.0194444
1 0.257031 0.896528 0.0132813 0.0180556
1 0.203125 0.820139 0.0109375 0.0180556
1 0.00571289 0.693056 0.0109863 0.0277778
2 0.613281 0.460417 0.0679687 0.105556
1 0.255469 0.898611 0.0140625 0.0166667
1 0.860156 0.491667 0.0109375 0.0166667
0 0.18457 0.720833 0.0570313 0.0833333
1 0.00817871 0.696528 0.0146484 0.0236111
1 0.860937 0.481944 0.009375 0.0166667
0 0.342578 0.538194 0.0109375 0.01875
1 0.258203 0.900694 0.0148437 0.0222222
0 0.257031 0.896528 0.0132813 0.0180556
1 0.652734 0.983333 0.0148437 0.0305556
1 0.0943359 0.801389 0.0257812 0.025
1 0.336719 0.540972 0.0214844 0.0215278
0 0.255469 0.898611 0.0140625 0.0166667
1 0.202539 0.816667 0.0109375 0.0194444
0 0.385938 0.236111 0.0109375 0.0302083
1 0.653516 0.9875 0.0140625 0.0194444
1 0.716797 0.428472 0.00703125 0.0173611
1 0.773828 0.683333 0.0117188 0.0180556
0 0.350391 0.986111 0.0148437 0.025
3 0.613281 0.460417 0.0671875 0.10625
1 0.384766 0.232465 0.009375 0.0243056
1 0.385938 0.236111 0.0109375 0.0305556
1 0.904688 0.54375 0.0125 0.0180556
1 0.342578 0.538194 0.0109375 0.01875
1 0.633594 0.270139 0.0109375 0.0180556
1 0.386719 0.239931 0.009375 0.0333333
1 0.0918945 0.795833 0.0255859 0.0222222
1 0.904688 0.547222 0.0140625 0.025
1 0.162012 0.198611 0.0181641 0.0208333
1 0.867188 0.50625 0.0140625 0.0173611
1 0.0973633 0.8 0.0197266 0.0208333
1 0.388281 0.237847 0.0125 0.03125
1 0.657031 0.99375 0.009375 0.0125
0 0.0918945 0.795833 0.0255859 0.0222222
0 0.00576172 0.693056 0.0110352 0.0277778
0 0.0973633 0.8 0.0197266 0.0208333
1 0.00576172 0.693056 0.0110352 0.0277778
0 0.0081543 0.695833 0.0147949 0.0222222
1 0.639063 0.266667 0.0109375 0.0180556
1 0.861719 0.503819 0.0125 0.01875
1 0.203125 0.820139 0.0109375 0.0180556
1 0.257031 0.896528 0.0128906 0.0180556
1 0.860156 0.491667 0.0109375 0.0166667
1 0.0081543 0.695833 0.0147949 0.0222222
1 0.860937 0.481597 0.009375 0.0159722
1 0.255469 0.898611 0.0136719 0.0166667
0 0.18457 0.720833 0.0570313 0.0833333
2 0.613281 0.460764 0.0671875 0.10625
1 0.258203 0.901389 0.0144531 0.0222222
0 0.342578 0.538194 0.0109375 0.01875
1 0.652344 0.983333 0.0140625 0.0305556
1 0.0943359 0.801389 0.0257812 0.025
0 0.257031 0.896528 0.0128906 0.0180556
1 0.336719 0.541319 0.0214844 0.0215278
0 0.385938 0.236111 0.0109375 0.0305556
1 0.202734 0.816667 0.0109375 0.0194444
0 0.255469 0.898611 0.0136719 0.0166667
1 0.716406 0.428472 0.0078125 0.0173611
1 0.653125 0.9875 0.0140625 0.0194444
1 0.773828 0.683333 0.0117188 0.0180556
3 0.613281 0.460417 0.0671875 0.10625
1 0.385156 0.232465 0.009375 0.0246528
1 0.385938 0.236111 0.0109375 0.0305556
1 0.904688 0.544097 0.0125 0.0180556
1 0.342383 0.538194 0.0113281 0.0194444
1 0.386719 0.239931 0.009375 0.0336806
1 0.0918945 0.795833 0.0255859 0.0222222
1 0.633594 0.270139 0.0109375 0.0180556
1 0.904688 0.547569 0.0140625 0.0243056
1 0.867188 0.50625 0.0140625 0.0173611
1 0.388281 0.237847 0.0125 0.03125
1 0.097168 0.8 0.0203125 0.0208333
1 0.162012 0.198611 0.0181641 0.0215278
0 0.0918945 0.795833 0.0255859 0.0222222
0 0.00585938 0.693056 0.0114258 0.0277778
1 0.657031 0.99375 0.009375 0.0125
0 0.097168 0.8 0.0203125 0.0208333
1 0.00585938 0.693056 0.0114258 0.0277778
0 0.0081543 0.695833 0.0149414 0.025
1 0.861719 0.503819 0.0125 0.01875
1 0.203125 0.820139 0.0109375 0.0180556
1 0.639063 0.266667 0.0109375 0.0180556
1 0.257031 0.896528 0.0125 0.0180556
1 0.860937 0.491319 0.0125 0.0166667
1 0.0081543 0.695833 0.0149414 0.025
1 0.860937 0.481597 0.009375 0.0159722
1 0.638672 0.264931 0.00859375 0.0222222
0 0.18457 0.720833 0.0570313 0.0833333
1 0.255273 0.898611 0.0132813 0.0166667
1 0.258203 0.901389 0.0140625 0.0222222
2 0.613281 0.460764 0.0671875 0.10625
0 0.342383 0.538194 0.0113281 0.0194444
0 0.385938 0.236111 0.0109375 0.0305556
1 0.336719 0.541319 0.0214844 0.0215278
1 0.0941406 0.801389 0.0261719 0.025
1 0.652344 0.983333 0.0148437 0.0305556
1 0.202539 0.816667 0.0109375 0.0180556
0 0.257031 0.896528 0.0125 0.0180556
0 0.613281 0.460417 0.0671875 0.10625
1 0.716406 0.428472 0.0078125 0.0166667
3 0.613281 0.460417 0.0671875 0.10625
1 0.385156 0.232812 0.009375 0.0253472
1 0.385938 0.236111 0.0109375 0.0305556
1 0.904688 0.54375 0.0125 0.0180556
1 0.342187 0.538194 0.0117188 0.0194444
1 0.386719 0.239931 0.009375 0.0340278
1 0.0918945 0.795833 0.0255859 0.0222222
1 0.904688 0.547569 0.0140625 0.0243056
1 0.633594 0.270139 0.0109375 0.0180556
1 0.388281 0.237847 0.0125 0.03125
1 0.0966797 0.8 0.0212891 0.0208333
1 0.867188 0.50625 0.0140625 0.0173611
0 0.0918945 0.795833 0.0255859 0.0222222
1 0.161914 0.198611 0.0183594 0.0215278
0 0.00600586 0.693056 0.0116211 0.0277778
0 0.0966797 0.8 0.0212891 0.0208333
1 0.00600586 0.693056 0.0116211 0.0277778
1 0.657031 0.99375 0.009375 0.0125
0 0.00820312 0.695833 0.0149902 0.025
1 0.861719 0.504167 0.0125 0.0194444
1 0.203125 0.820139 0.0109375 0.0180556
1 0.00820312 0.695833 0.0149902 0.025
1 0.257031 0.896528 0.0125 0.0180556
1 0.860937 0.481597 0.0109375 0.0159722
1 0.860937 0.490972 0.0125 0.0166667
1 0.639063 0.267014 0.0109375 0.0184028
0 0.184766 0.720833 0.0570313 0.0833333
1 0.258008 0.901389 0.0140625 0.0222222
1 0.255078 0.898611 0.0132813 0.0166667
2 0.613281 0.460764 0.0671875 0.10625
0 0.385938 0.236111 0.0109375 0.0305556
1 0.638672 0.265104 0.00859375 0.0222222
0 0.342187 0.538194 0.0117188 0.0194444
1 0.336719 0.541319 0.021875 0.0215278
1 0.0939453 0.801389 0.0265625 0.025
1 0.652344 0.983333 0.015625 0.0319444
1 0.202539 0.816667 0.0109375 0.0180556
0 0.257031 0.896528 0.0125 0.0180556
0 0.613281 0.460417 0.0671875 0.10625
3 0.613281 0.460417 0.0671875 0.106944
1 0.385156 0.232986 0.009375 0.0256944
1 0.385938 0.236111 0.0109375 0.0305556
1 0.342187 0.538889 0.0117188 0.0194444
1 0.904688 0.54375 0.0125 0.0180556
1 0.386719 0.239757 0.009375 0.0340278
1 0.0917969 0.795833 0.0253906 0.0222222
1 0.904688 0.547569 0.0140625 0.0243056
1 0.633594 0.270139 0.0109375 0.0180556
1 0.388281 0.237847 0.0125 0.03125
1 0.0966797 0.8 0.0210938 0.0208333
1 0.867188 0.50625 0.0140625 0.0173611
0 0.0917969 0.795833 0.0253906 0.0222222
1 0.00605469 0.693056 0.0117188 0.0277778
1 0.161914 0.198437 0.0181641 0.0215278
0 0.00605469 0.693056 0.0117188 0.0277778
0 0.0966797 0.8 0.0210938 0.0208333
1 0.657031 0.99375 0.009375 0.0125
1 0.203125 0.820139 0.0109375 0.0180556
0 0.00820312 0.695833 0.0150391 0.025
1 0.8625 0.503819 0.0125 0.0194444
1 0.00820312 0.695833 0.0150391 0.025
1 0.257031 0.896528 0.0125 0.0180556
1 0.860937 0.48125 0.0109375 0.0166667
1 0.258203 0.901389 0.0140625 0.0222222
1 0.860937 0.491319 0.0125 0.0166667
0 0.184766 0.720833 0.0570313 0.0833333
1 0.639063 0.267188 0.0109375 0.0184028
0 0.385938 0.236111 0.0109375 0.0305556
1 0.255078 0.898611 0.0128906 0.0166667
2 0.613281 0.460764 0.0671875 0.10625
1 0.336719 0.541319 0.021875 0.0215278
0 0.342187 0.538889 0.0117188 0.0194444
1 0.202539 0.816667 0.0109375 0.0180556
1 0.0938477 0.801389 0.0265625 0.025
1 0.652344 0.983333 0.015625 0.0319444
0 0.613281 0.460417 0.0671875 0.106944
1 0.638672 0.265278 0.00859375 0.0222222
0 0.257031 0.896528 0.0125 0.0180556
3 0.613281 0.460417 0.0671875 0.106944
1 0.385156 0.232986 0.009375 0.0256944
1 0.385938 0.236111 0.0109375 0.0305556
1 0.342187 0.538542 0.0117188 0.01875
1 0.386719 0.239757 0.009375 0.0340278
1 0.904688 0.54375 0.0125 0.0180556
1 0.0917969 0.795833 0.0253906 0.0222222
1 0.904688 0.547917 0.0140625 0.0236111
1 0.388281 0.237847 0.0125 0.03125
1 0.633594 0.270486 0.0109375 0.0180556
1 0.096875 0.8 0.0210938 0.0208333
1 0.00605469 0.693056 0.0118164 0.0277778
1 0.867188 0.50625 0.015625 0.0173611
0 0.0917969 0.795833 0.0253906 0.0222222
0 0.00605469 0.693056 0.0118164 0.0277778
0 0.096875 0.8 0.0210938 0.0208333
1 0.161914 0.198437 0.0181641 0.0215278
1 0.203125 0.820139 0.0109375 0.0180556
1 0.657031 0.99375 0.009375 0.0125
0 0.00820312 0.695139 0.0150879 0.025
1 0.00820312 0.695139 0.0150879 0.025
1 0.8625 0.503819 0.0125 0.0194444
1 0.257031 0.896528 0.0125 0.0180556
1 0.258008 0.901389 0.0136719 0.0222222
1 0.860937 0.48125 0.0109375 0.0166667
1 0.860937 0.490972 0.0125 0.0166667
0 0.385938 0.236111 0.0109375 0.0305556
2 0.613281 0.460764 0.0671875 0.10625
1 0.336719 0.541319 0.021875 0.0215278
0 0.183008 0.721528 0.0582031 0.0805556
1 0.639063 0.267361 0.0109375 0.0180556
1 0.255078 0.898611 0.0125 0.0166667
1 0.202539 0.816667 0.0109375 0.0180556
0 0.342187 0.538542 0.0117188 0.01875
0 0.613281 0.460417 0.0671875 0.106944
1 0.09375 0.801389 0.0265625 0.025
1 0.652344 0.983333 0.015625 0.0319444
1 0.342578 0.538194 0.0171875 0.025
3 0.613281 0.460417 0.0671875 0.106944
1 0.385156 0.23316 0.009375 0.0260417
1 0.385938 0.236111 0.0109375 0.0305556
1 0.386719 0.239757 0.009375 0.0340278
1 0.341992 0.538889 0.0121094 0.0194444
1 0.904688 0.544097 0.0125 0.0180556
1 0.0917969 0.795833 0.0253906 0.0222222
1 0.904688 0.547917 0.015625 0.0236111
1 0.388281 0.237674 0.0125 0.0315972
1 0.633594 0.270486 0.0109375 0.0180556
1 0.0967773 0.8 0.0210938 0.0208333
1 0.00605469 0.693056 0.0118164 0.0277778
0 0.0917969 0.795833 0.0253906 0.0222222
1 0.867188 0.50625 0.015625 0.0173611
0 0.0967773 0.8 0.0210938 0.0208333
0 0.00605469 0.693056 0.0118164 0.0277778
1 0.161035 0.199653 0.0183594 0.0222222
1 0.203125 0.820139 0.0109375 0.0180556
1 0.657031 0.99375 0.009375 0.0125
1 0.0081543 0.695139 0.0151367 0.025
0 0.0081543 0.695139 0.0151367 0.025
1 0.8625 0.504167 0.0125 0.0194444
1 0.258008 0.901389 0.0136719 0.0222222
1 0.257031 0.896528 0.0121094 0.0180556
0 0.385938 0.236111 0.0109375 0.0305556
1 0.860937 0.48125 0.0109375 0.0159722
1 0.860937 0.490972 0.0125 0.0166667
1 0.202734 0.816667 0.0109375 0.0180556
1 0.336523 0.541667 0.0214844 0.0208333
2 0.613281 0.460764 0.0671875 0.10625
0 0.183008 0.721528 0.0585938 0.0805556
1 0.639063 0.267361 0.0109375 0.0184028
1 0.255078 0.898611 0.0125 0.0166667
0 0.341992 0.538889 0.0121094 0.0194444
0 0.613281 0.460417 0.0671875 0.106944
1 0.0936523 0.800694 0.0267578 0.0263889
1 0.652344 0.983333 0.015625 0.0333333
1 0.342383 0.538194 0.0175781 0.025
3 0.613281 0.460417 0.0671875 0.106944
1 0.385156 0.233333 0.009375 0.0263889
1 0.386719 0.239583 0.009375 0.0340278
1 0.341797 0.538889 0.0117188 0.0194444
1 0.904688 0.54375 0.0125 0.0180556
1 0.0917969 0.795833 0.0253906 0.0222222
1 0.388281 0.237847 0.0125 0.0319444
1 0.904688 0.547917 0.015625 0.0236111
1 0.633594 0.270486 0.0117188 0.0180556
1 0.0964844 0.8 0.0214844 0.0208333
1 0.00600586 0.693056 0.0118164 0.0277778
0 0.0917969 0.795833 0.0253906 0.0222222
1 0.867188 0.50625 0.015625 0.0173611
0 0.0964844 0.8 0.0214844 0.0208333
0 0.00600586 0.693056 0.0118164 0.0277778
1 0.161035 0.199479 0.0183594 0.0225694
1 0.203125 0.820139 0.0109375 0.0180556
1 0.00810547 0.695139 0.0151367 0.025
0 0.00810547 0.695139 0.0151367 0.025
1 0.657031 0.99375 0.009375 0.0125
1 0.8625 0.504167 0.0125 0.0194444
0 0.385938 0.236111 0.0109375 0.0305556
1 0.257812 0.901389 0.0132813 0.0222222
1 0.257031 0.896528 0.0121094 0.0180556
1 0.860937 0.48125 0.0109375 0.0159722
1 0.860937 0.490972 0.0125 0.0166667
1 0.202734 0.816667 0.0109375 0.0166667
1 0.336719 0.541319 0.0210938 0.0208333
2 0.613281 0.460764 0.0671875 0.10625
0 0.341797 0.538889 0.0117188 0.0194444
1 0.639063 0.267361 0.0109375 0.01875
0 0.613281 0.460417 0.0671875 0.106944
1 0.255078 0.898611 0.0125 0.0166667
0 0.183203 0.721528 0.0585938 0.0805556
1 0.0935547 0.800694 0.0269531 0.0263889
1 0.652344 0.983333 0.015625 0.0333333
3 0.613281 0.460764 0.0671875 0.10625
1 0.385156 0.23316 0.009375 0.0260417
1 0.385938 0.236111 0.0109375 0.0305556
1 0.341797 0.538889 0.0121094 0.0194444
1 0.904688 0.544097 0.0125 0.0180556
1 0.0917969 0.795833 0.0253906 0.0222222
1 0.388281 0.237674 0.0125 0.0315972
1 0.904688 0.547917 0.015625 0.0236111
1 0.633594 0.270486 0.0109375 0.0180556
1 0.0966797 0.8 0.0214844 0.0208333
1 0.00605469 0.693056 0.0119141 0.0277778
1 0.867188 0.50625 0.015625 0.0173611
0 0.0917969 0.795833 0.0253906 0.0222222
0 0.0966797 0.8 0.0214844 0.0208333
1 0.161035 0.199653 0.0183594 0.0222222
0 0.00605469 0.693056 0.0119141 0.0277778
1 0.203125 0.820139 0.0109375 0.0180556
1 0.00810547 0.695139 0.0151367 0.025
1 0.8625 0.504167 0.0125 0.0194444
0 0.00810547 0.695139 0.0151367 0.025
1 0.657031 0.99375 0.009375 0.0125
0 0.385938 0.236111 0.0109375 0.0305556
1 0.258008 0.901389 0.0132813 0.0222222
1 0.257031 0.896528 0.0117188 0.0180556
1 0.860937 0.48125 0.0109375 0.0166667
1 0.860937 0.490972 0.0125 0.0166667
2 0.613281 0.460764 0.0671875 0.10625
1 0.336719 0.541319 0.0210938 0.0208333
1 0.202539 0.816667 0.0105469 0.0166667
0 0.613281 0.460764 0.0671875 0.10625
0 0.341797 0.538889 0.0121094 0.0194444
1 0.639063 0.267535 0.0109375 0.01875
1 0.0933594 0.800694 0.0269531 0.0263889
1 0.254883 0.898611 0.0121094 0.0166667
1 0.652344 0.983333 0.015625 0.0333333
1 0.613281 0.460417 0.0671875 0.10625
0 0.183154 0.721528 0.0586914 0.0805556
3 0.613281 0.460764 0.0671875 0.10625
1 0.385156 0.233333 0.009375 0.0256944
1 0.386719 0.239583 0.009375 0.0340278
1 0.341797 0.538889 0.0121094 0.01875
1 0.904688 0.544097 0.0125 0.0180556
1 0.0917969 0.795833 0.0253906 0.0208333
1 0.388281 0.237674 0.0125 0.0315972
1 0.904688 0.547917 0.015625 0.0236111
1 0.633594 0.270486 0.0117188 0.0180556
1 0.096875 0.8 0.0210938 0.0208333
1 0.00595703 0.693056 0.0118652 0.0277778
1 0.867188 0.50625 0.015625 0.0173611
0 0.0917969 0.795833 0.0253906 0.0208333
0 0.096875 0.8 0.0210938 0.0208333
1 0.160938 0.199479 0.0183594 0.0225694
1 0.203125 0.820139 0.0109375 0.0180556
0 0.00595703 0.693056 0.0118652 0.0277778
1 0.00805664 0.695139 0.0151367 0.025
1 0.8625 0.504167 0.0125 0.0194444
0 0.385938 0.236111 0.0109375 0.0305556
0 0.00805664 0.695139 0.0151367 0.025
1 0.257812 0.901389 0.0132813 0.0222222
1 0.657031 0.99375 0.009375 0.0125
1 0.257031 0.896528 0.0117188 0.0180556
1 0.860937 0.48125 0.0109375 0.0166667
1 0.860937 0.491319 0.0125 0.0166667
1 0.202539 0.816667 0.0105469 0.0166667
2 0.613281 0.460764 0.0671875 0.10625
0 0.613281 0.460764 0.0671875 0.10625
1 0.336719 0.541319 0.0210938 0.0208333
0 0.341797 0.538889 0.0121094 0.01875
1 0.639063 0.267708 0.0109375 0.01875
1 0.613281 0.460417 0.0671875 0.10625
1 0.0933594 0.800694 0.0269531 0.0263889
1 0.254687 0.898611 0.0117188 0.0166667
3 0.613281 0.460764 0.0671875 0.10625
1 0.385156 0.233333 0.009375 0.0256944
1 0.386719 0.239583 0.009375 0.0340278
1 0.341797 0.538889 0.0121094 0.01875
1 0.904688 0.544097 0.0125 0.0180556
1 0.0917969 0.795833 0.0253906 0.0208333
1 0.388281 0.237674 0.0125 0.0315972
1 0.904688 0.547917 0.015625 0.0236111
1 0.633594 0.270486 0.0117188 0.0180556
1 0.096875 0.8 0.0210938 0.0208333
1 0.00600586 0.693056 0.0119141 0.0277778
1 0.867188 0.50625 0.015625 0.0173611
0 0.0917969 0.795833 0.0253906 0.0208333
0 0.096875 0.8 0.0210938 0.0208333
1 0.161035 0.199479 0.0183594 0.0225694
1 0.203125 0.820139 0.0109375 0.0180556
0 0.00600586 0.693056 0.0119141 0.0277778
1 0.00800781 0.695139 0.0152344 0.025
1 0.8625 0.504167 0.0125 0.0194444
0 0.00800781 0.695139 0.0152344 0.025
0 0.385938 0.236111 0.0109375 0.0305556
1 0.257812 0.901389 0.0132813 0.0222222
1 0.657031 0.99375 0.009375 0.0125
1 0.257031 0.896528 0.0117188 0.0180556
1 0.860937 0.48125 0.0109375 0.0166667
1 0.860937 0.491319 0.0125 0.0166667
0 0.613281 0.460764 0.0671875 0.10625
1 0.202539 0.816667 0.0105469 0.0166667
2 0.613281 0.460764 0.0671875 0.10625
1 0.336523 0.541319 0.0210938 0.0208333
0 0.341797 0.538889 0.0121094 0.01875
1 0.639063 0.267708 0.0109375 0.01875
1 0.613281 0.460417 0.0671875 0.10625
1 0.0933594 0.800694 0.0269531 0.0263889
1 0.254687 0.898611 0.0117188 0.0166667
