3 0.755469 0.432639 0.0640625 0.0972222
0 0.0878906 0.902778 0.175781 0.194444
0 0.0414551 0.719444 0.0799805 0.0805556
0 0.162305 0.684722 0.172266 0.173611
0 0.410156 0.19375 0.0375 0.0777778
2 0.754687 0.432639 0.065625 0.0972222
1 0.859375 0.344444 0.0125 0.0138889
0 0.129297 0.680382 0.258594 0.189236
1 0.755078 0.458681 0.028125 0.0319444
1 0.233398 0.594097 0.0171875 0.0256944
3 0.162305 0.684722 0.172266 0.173611
1 0.755469 0.432986 0.065625 0.0979167
1 0.00471191 0.731944 0.00922852 0.0222222
1 0.208984 0.614583 0.0226563 0.0347222
1 0.471094 0.245486 0.00625 0.0152778
1 0.961719 0.840278 0.0109375 0.0208333
1 0.9625 0.843056 0.0125 0.0194444
1 0.854688 0.340625 0.0125 0.0166667
1 0.94375 0.755556 0.0109375 0.0194444
1 0.960156 0.84375 0.015625 0.0180556
0 0.755469 0.432639 0.0640625 0.0958333
1 0.210156 0.620139 0.0226563 0.0430556
1 0.162305 0.684722 0.172266 0.173611
0 0.210156 0.620139 0.0226563 0.0430556
0 0.22168 0.637153 0.0488281 0.0826389
2 0.0419434 0.719444 0.0782227 0.0777778
1 0.367969 0.467708 0.00664063 0.0180556
1 0.413281 0.195139 0.028125 0.0756944
1 0.257227 0.584028 0.015625 0.025
0 0.408984 0.176215 0.0390625 0.0392361
1 0.857031 0.346528 0.0171875 0.0215278
1 0.909375 0.68316 0.0109375 0.0170139
0 0.233398 0.594097 0.0171875 0.0256944
0 0.859375 0.344444 0.0125 0.0138889
0 0.208984 0.614583 0.0226563 0.0347222
1 0.782812 0.0184462 0.00625 0.015625
2 0.162305 0.684722 0.172266 0.173611
1 0.845312 0.709722 0.015625 0.0166667
3 0.755078 0.432639 0.0648438 0.0972222
0 0.0878906 0.887847 0.175781 0.224306
2 0.755078 0.432639 0.0648438 0.0972222
1 0.859375 0.344097 0.015625 0.0152778
0 0.0417969 0.717361 0.0792969 0.0875
0 0.411719 0.194097 0.0359375 0.0770833
1 0.9625 0.843056 0.015625 0.025
1 0.85625 0.340972 0.015625 0.0180556
0 0.137988 0.680729 0.272461 0.188542
1 0.755859 0.433333 0.0648438 0.0972222
1 0.9625 0.840972 0.0125 0.025
1 0.257422 0.583333 0.015625 0.0263889
0 0.233984 0.59375 0.0164062 0.025
1 0.233984 0.59375 0.0164062 0.025
1 0.944531 0.756944 0.0125 0.0194444
1 0.367969 0.468056 0.0078125 0.0201389
0 0.209375 0.613194 0.0242187 0.0333333
1 0.953906 0.891667 0.0125 0.025
0 0.419922 0.212847 0.0203125 0.0444444
1 0.857031 0.345139 0.01875 0.0222222
0 0.257422 0.583333 0.015625 0.0263889
1 0.8375 0.700694 0.009375 0.0180556
1 0.471094 0.245139 0.00703125 0.0173611
1 0.908594 0.682639 0.0109375 0.0180556
0 0.859375 0.344097 0.015625 0.0152778
1 0.278516 0.599306 0.0109375 0.0208333
0 0.755469 0.433333 0.065625 0.0958333
1 0.755469 0.459375 0.028125 0.0347222
1 0.84375 0.708333 0.015625 0.0166667
0 0.367969 0.468056 0.0078125 0.0201389
1 0.40625 0.214583 0.0140625 0.0381944
1 0.210352 0.613542 0.0238281 0.0368056
1 0.783594 0.752778 0.015625 0.025
1 0.944531 0.705556 0.009375 0.0166667
1 0.345117 0.470139 0.0105469 0.0222222
0 0.9625 0.843056 0.015625 0.025
1 0.94375 0.754167 0.015625 0.0222222
0 0.85625 0.340972 0.015625 0.0180556
0 0.40625 0.214583 0.0140625 0.0381944
0 0.378516 0.415972 0.01875 0.0173611
1 0.946875 0.722222 0.0109375 0.0166667
0 0.212109 0.633333 0.0226563 0.0763889
0 0.408594 0.179167 0.0375 0.0416667
1 0.41875 0.640278 0.0117188 0.0263889
0 0.329492 0.481597 0.0121094 0.0284722
1 0.596875 0.580208 0.0078125 0.0222222
2 0.0417969 0.717361 0.0792969 0.0875
0 0.944531 0.756944 0.0125 0.0194444
1 0.945312 0.686285 0.009375 0.021875
1 0.832812 0.705556 0.0125 0.0236111
1 0.342969 0.130382 0.0101562 0.0274306
0 0.232227 0.638194 0.0257812 0.0736111
3 0.755078 0.432292 0.0648438 0.0979167
0 0.0412109 0.720833 0.0792969 0.0805556
0 0.0871094 0.886806 0.174219 0.226389
1 0.9625 0.843056 0.0140625 0.0222222
0 0.410156 0.194792 0.040625 0.0795139
1 0.9625 0.840278 0.0125 0.0222222
1 0.953125 0.892361 0.0125 0.0208333
1 0.945312 0.75625 0.0125 0.0180556
1 0.755469 0.432292 0.065625 0.0972222
1 0.860156 0.34375 0.0125 0.0152778
1 0.854688 0.340625 0.0140625 0.0173611
2 0.755078 0.431944 0.0648438 0.0951389
1 0.367969 0.467361 0.00625 0.0138889
1 0.471094 0.246528 0.00703125 0.0166667
1 0.853125 0.530556 0.0078125 0.0125
1 0.94375 0.705556 0.009375 0.0152778
0 0.209961 0.613194 0.0253906 0.0361111
1 0.755469 0.459028 0.0265625 0.0326389
1 0.953125 0.893056 0.009375 0.0180556
1 0.233789 0.594444 0.0164062 0.0243056
1 0.845312 0.709722 0.0125 0.0138889
0 0.755078 0.431944 0.0648438 0.0951389
1 0.910156 0.683507 0.0109375 0.0163194
1 0.382812 0.219097 0.009375 0.0298611
0 0.9625 0.843056 0.0140625 0.0222222
1 0.4125 0.195833 0.03125 0.0798611
0 0.233789 0.594444 0.0164062 0.0243056
1 0.857031 0.345139 0.0171875 0.0229167
1 0.939062 0.570833 0.009375 0.0138889
1 0.257422 0.584028 0.0148437 0.025
1 0.838281 0.701389 0.0078125 0.0166667
1 0.853125 0.710417 0.009375 0.0138889
1 0.95625 0.825 0.009375 0.0138889
1 0.210156 0.614931 0.0257812 0.0395833
1 0.34375 0.133333 0.0117188 0.0284722
0 0.211523 0.61875 0.0214844 0.0493056
0 0.9625 0.840278 0.0125 0.0222222
0 0.945312 0.75625 0.0125 0.0180556
1 0.256445 0.5875 0.01875 0.0291667
0 0.257422 0.584028 0.0148437 0.025
1 0.94375 0.752778 0.0140625 0.0208333
1 0.278711 0.597917 0.0109375 0.0194444
0 0.163867 0.597222 0.0339844 0.0347222
0 0.404687 0.19184 0.0515625 0.0920139
1 0.604688 0.534028 0.00625 0.0166667
1 0.00493164 0.730556 0.00976562 0.0305556
1 0.507812 0.246181 0.0132813 0.0243056
0 0.256445 0.5875 0.01875 0.0291667
3 0.755469 0.432639 0.065625 0.0986111
0 0.041748 0.718056 0.0791992 0.0847222
1 0.960938 0.842361 0.015625 0.0222222
0 0.0827148 0.911111 0.165039 0.175
1 0.960938 0.840278 0.0125 0.0222222
0 0.409375 0.195139 0.0390625 0.0784722
1 0.945312 0.754861 0.0125 0.0180556
1 0.857813 0.34375 0.015625 0.0152778
1 0.854688 0.340278 0.015625 0.0166667
1 0.953125 0.895833 0.009375 0.0166667
1 0.944531 0.704861 0.009375 0.0152778
0 0.755078 0.433333 0.0648438 0.0972222
1 0.233398 0.594444 0.0175781 0.0236111
1 0.939062 0.570139 0.009375 0.0152778
0 0.0884766 0.879861 0.176953 0.233333
1 0.94375 0.686806 0.009375 0.0236111
1 0.8375 0.701389 0.00625 0.0166667
1 0.909375 0.682639 0.0109375 0.0166667
2 0.755078 0.433333 0.0648438 0.0972222
1 0.784375 0.752778 0.015625 0.0263889
1 0.755859 0.432639 0.0648438 0.0972222
1 0.257031 0.583333 0.0164062 0.0263889
1 0.209375 0.610417 0.0230469 0.0277778
1 0.939844 0.572222 0.009375 0.0152778
1 0.942187 0.702778 0.0125 0.0166667
1 0.95625 0.826389 0.0125 0.0166667
0 0.208984 0.6125 0.0226563 0.0291667
1 0.842188 0.709028 0.0125 0.0152778
1 0.94375 0.752778 0.0140625 0.0194444
1 0.232617 0.589931 0.0175781 0.03125
1 0.853125 0.530556 0.009375 0.0138889
0 0.233398 0.594444 0.0175781 0.0236111
1 0.244922 0.5375 0.0101562 0.0194444
1 0.946094 0.736111 0.009375 0.0152778
1 0.947656 0.765972 0.0125 0.0291667
1 0.857031 0.345139 0.01875 0.0229167
1 0.0418945 0.718056 0.0789063 0.0833333
1 0.234961 0.598958 0.0152344 0.0277778
1 0.2375 0.707639 0.0078125 0.0236111
1 0.939062 0.613194 0.009375 0.0131944
1 0.41875 0.639931 0.0101562 0.0208333
1 0.604688 0.532639 0.0078125 0.0166667
1 0.0751709 0.652778 0.017627 0.0208333
1 0.855469 0.779167 0.00625 0.0152778
1 0.946094 0.722222 0.0109375 0.0166667
1 0.878125 0.645139 0.0109375 0.0152778
1 0.94375 0.675694 0.009375 0.0194444
2 0.0424683 0.717361 0.0777588 0.0833333
1 0.878125 0.802083 0.009375 0.0125
0 0.960938 0.840278 0.0125 0.0222222
1 0.367969 0.468056 0.00703125 0.0152778
0 0.167187 0.669444 0.149609 0.129167
1 0.241406 0.629861 0.0101562 0.0284722
0 0.02146 0.7875 0.0418457 0.0472222
1 0.410937 0.194792 0.0375 0.0791667
0 0.113501 0.897917 0.121826 0.204167
1 0.0761475 0.651389 0.0152832 0.0166667
1 0.259766 0.533681 0.0113281 0.0263889
0 0.257031 0.583333 0.0164062 0.0263889
1 0.432813 0.641319 0.0109375 0.0173611
1 0.278711 0.597569 0.0121094 0.0229167
1 0.239063 0.711111 0.0113281 0.0208333
1 0.261523 0.530208 0.009375 0.0229167
1 0.872656 0.801389 0.0109375 0.0138889
0 0.0817871 0.840278 0.163574 0.169444
0 0.0132813 0.831944 0.0249023 0.0472222
3 0.755859 0.432639 0.0648438 0.0986111
0 0.0410645 0.721007 0.0801758 0.0913194
0 0.0881836 0.882639 0.174805 0.231944
0 0.410156 0.195486 0.0390625 0.0777778
1 0.854688 0.340625 0.015625 0.0180556
1 0.859375 0.34375 0.0125 0.0152778
1 0.234375 0.594444 0.0164062 0.0263889
1 0.209766 0.611806 0.0234375 0.0319444
1 0.961719 0.841667 0.015625 0.025
0 0.755469 0.432292 0.065625 0.0958333
1 0.784375 0.752083 0.015625 0.0263889
1 0.257422 0.583681 0.015625 0.0263889
1 0.605469 0.532986 0.0078125 0.01875
0 0.209766 0.612153 0.0222656 0.03125
1 0.945312 0.756944 0.0125 0.0208333
1 0.233984 0.589583 0.0171875 0.0333333
1 0.85625 0.344792 0.0171875 0.0236111
1 0.755469 0.432639 0.065625 0.0986111
0 0.396094 0.0117188 0.0171875 0.0185764
1 0.257031 0.586806 0.0179687 0.0298611
0 0.234375 0.594444 0.0164062 0.0263889
0 0.750781 0.720833 0.0859375 0.0875
2 0.755469 0.432292 0.065625 0.0958333
1 0.278516 0.598611 0.0109375 0.0215278
1 0.838281 0.701389 0.0078125 0.0180556
1 0.596875 0.579167 0.0078125 0.0215278
0 0.257422 0.583681 0.015625 0.0263889
1 0.245703 0.538889 0.0101562 0.0208333
1 0.591406 0.624306 0.0078125 0.0229167
1 0.939062 0.570833 0.009375 0.0152778
1 0.0416016 0.719444 0.0791016 0.0833333
1 0.261133 0.531597 0.0105469 0.025
1 0.608594 0.514236 0.0078125 0.0215278
1 0.367969 0.467361 0.0078125 0.0180556
1 0.0763672 0.655208 0.0195312 0.025
1 0.0754883 0.664931 0.0214844 0.0236111
1 0.851562 0.341667 0.0171875 0.0222222
1 0.909375 0.682639 0.0125 0.0180556
1 0.0776367 0.661806 0.0220703 0.0277778
0 0.961719 0.841667 0.015625 0.025
0 0.210156 0.623611 0.0273438 0.0527778
1 0.602734 0.548958 0.00859375 0.0229167
1 0.342578 0.129861 0.009375 0.0267361
1 0.25957 0.533681 0.0101562 0.0256944
1 0.214453 0.64375 0.0152344 0.0541667
0 0.257031 0.586806 0.0179687 0.0298611
0 0.403516 0.192708 0.0507812 0.0861111
1 0.156836 0.600694 0.0167969 0.0208333
1 0.845312 0.710417 0.015625 0.0166667
0 0.213672 0.641667 0.0195312 0.0576389
0 0.128516 0.907639 0.0917969 0.184722
1 0.594531 0.600694 0.00703125 0.0263889
1 0.396094 0.0117188 0.0171875 0.0185764
1 0.242188 0.580556 0.0214844 0.0375
1 0.852344 0.530556 0.009375 0.0152778
1 0.603125 0.552778 0.00859375 0.025
1 0.609375 0.516667 0.009375 0.0194444
1 0.601953 0.571181 0.0101562 0.0194444
1 0.167773 0.595833 0.0253906 0.0291667
0 0.344922 0.0125 0.0226563 0.0227431
1 0.231641 0.622917 0.025 0.0694444
1 0.344922 0.469444 0.00976562 0.0215278
0 0.475781 0.190625 0.0203125 0.0458333
1 0.241406 0.629861 0.0101562 0.0305556
1 0.470703 0.246875 0.00625 0.0159722
3 0.755469 0.432639 0.065625 0.0986111
0 0.0415039 0.722222 0.0800781 0.0888889
0 0.0870117 0.895139 0.173242 0.206944
1 0.960938 0.843056 0.015625 0.0222222
0 0.409375 0.195312 0.0390625 0.078125
1 0.857813 0.343056 0.015625 0.0180556
1 0.854688 0.340972 0.015625 0.0194444
1 0.945312 0.75625 0.0125 0.0208333
1 0.953125 0.89375 0.0109375 0.0194444
1 0.939062 0.570833 0.009375 0.0166667
1 0.23418 0.594444 0.0160156 0.0263889
1 0.257422 0.584028 0.0148437 0.0256944
1 0.85625 0.344444 0.01875 0.0236111
0 0.414844 0.211111 0.0289063 0.0486111
0 0.755469 0.432639 0.065625 0.0986111
1 0.909375 0.682118 0.0125 0.0190972
1 0.210156 0.611806 0.0203125 0.0263889
0 0.960938 0.843056 0.015625 0.0222222
1 0.755469 0.433333 0.065625 0.0958333
1 0.0424683 0.720139 0.0781494 0.0847222
1 0.784375 0.752778 0.015625 0.0277778
1 0.944531 0.705556 0.009375 0.0166667
0 0.210156 0.611806 0.0203125 0.0263889
0 0.170703 0.680556 0.152344 0.152778
1 0.8375 0.701389 0.0078125 0.0194444
1 0.256641 0.587153 0.0171875 0.0298611
1 0.235547 0.598611 0.0140625 0.0291667
1 0.246484 0.5375 0.0125 0.0236111
1 0.932813 0.459722 0.00625 0.0201389
1 0.075293 0.654514 0.0185547 0.0236111
1 0.84375 0.710417 0.0125 0.0166667
1 0.258594 0.534028 0.0132813 0.0270833
1 0.93125 0.449653 0.009375 0.0215278
1 0.878125 0.646528 0.0109375 0.0166667
2 0.755469 0.433333 0.065625 0.0958333
1 0.233594 0.589583 0.0171875 0.0347222
1 0.94375 0.754167 0.0140625 0.0236111
1 0.0748535 0.6625 0.0219727 0.0243056
0 0.23418 0.594444 0.0160156 0.0263889
0 0.752734 0.718056 0.0882813 0.0888889
1 0.944531 0.688889 0.009375 0.0291667
1 0.163086 0.598611 0.0308594 0.0263889
1 0.260938 0.531944 0.0117188 0.025
0 0.163086 0.598611 0.0308594 0.0263889
1 0.278516 0.598611 0.0109375 0.0208333
1 0.367969 0.467708 0.00625 0.0152778
1 0.471094 0.246528 0.00625 0.0145833
0 0.257422 0.584028 0.0148437 0.0256944
0 0.0988281 0.662153 0.132227 0.146528
1 0.957812 0.830556 0.0140625 0.0222222
1 0.928906 0.0881944 0.009375 0.0145833
1 0.851562 0.341667 0.01875 0.0229167
1 0.852344 0.530556 0.009375 0.0166667
1 0.753906 0.458333 0.025 0.0361111
0 0.945312 0.75625 0.0125 0.0208333
1 0.605078 0.534028 0.0078125 0.0180556
1 0.603125 0.546528 0.009375 0.0208333
1 0.871875 0.802778 0.0125 0.0166667
1 0.942969 0.701389 0.0125 0.0194444
1 0.942969 0.677778 0.009375 0.0236111
0 0.0748535 0.6625 0.0219727 0.0243056
0 0.138477 0.660069 0.170312 0.177083
0 0.130664 0.913194 0.0832031 0.173611
1 0.344727 0.46875 0.00898437 0.0194444
0 0.256641 0.587153 0.0171875 0.0298611
1 0.592188 0.625694 0.009375 0.0236111
1 0.961719 0.836111 0.0171875 0.0319444
1 0.240625 0.582292 0.025 0.0416667
1 0.397656 0.0110894 0.0125 0.0192274
1 0.264062 0.533333 0.0140625 0.0277778
1 0.832812 0.70625 0.0109375 0.0222222
1 0.855469 0.779861 0.0078125 0.0180556
0 0.235547 0.598611 0.0140625 0.0291667
1 0.608594 0.513542 0.0078125 0.0201389
1 0.342187 0.128993 0.00976562 0.0277778
1 0.340234 0.125521 0.0101562 0.0236111
1 0.596875 0.580208 0.0078125 0.0201389
2 0.0424683 0.720139 0.0781494 0.0847222
3 0.754687 0.433333 0.065625 0.0965278
0 0.0413574 0.719444 0.0803711 0.0833333
0 0.409766 0.195486 0.0398437 0.0791667
0 0.0862305 0.909028 0.171875 0.181944
1 0.960938 0.843056 0.015625 0.0222222
1 0.859375 0.34375 0.0125 0.0152778
1 0.944531 0.75625 0.0109375 0.0194444
1 0.939062 0.571528 0.009375 0.0166667
1 0.853125 0.340625 0.0125 0.0173611
1 0.953125 0.893056 0.009375 0.0166667
1 0.940625 0.572917 0.009375 0.0166667
0 0.210156 0.6125 0.0226563 0.0319444
1 0.94375 0.704861 0.009375 0.0166667
2 0.754687 0.433333 0.065625 0.0965278
1 0.94375 0.688889 0.009375 0.0291667
1 0.784375 0.752778 0.015625 0.025
1 0.233594 0.595139 0.0171875 0.025
1 0.784375 0.747222 0.0140625 0.0305556
1 0.932813 0.460069 0.00625 0.01875
1 0.909375 0.681771 0.009375 0.0170139
1 0.853125 0.530556 0.009375 0.0152778
1 0.839063 0.701389 0.00625 0.0166667
1 0.256641 0.583333 0.0148437 0.0256944
0 0.233594 0.595139 0.0171875 0.025
1 0.84375 0.709722 0.0125 0.0138889
0 0.256641 0.583333 0.0148437 0.0256944
1 0.932031 0.448611 0.0078125 0.0201389
1 0.934375 0.50625 0.009375 0.0180556
1 0.261719 0.529861 0.009375 0.0236111
1 0.245508 0.538194 0.0109375 0.0222222
1 0.85625 0.344444 0.015625 0.0236111
1 0.258594 0.534028 0.0109375 0.025
1 0.94375 0.677778 0.009375 0.025
1 0.209375 0.613194 0.025 0.0347222
0 0.16582 0.655208 0.120703 0.120139
1 0.942187 0.701389 0.0125 0.0166667
1 0.878125 0.645833 0.009375 0.0152778
1 0.471094 0.246528 0.00625 0.0152778
1 0.94375 0.752778 0.0140625 0.0222222
0 0.162891 0.598611 0.0308594 0.0263889
1 0.233203 0.588194 0.0171875 0.0361111
1 0.235547 0.598611 0.0148437 0.0277778
0 0.209766 0.622917 0.0265625 0.0555556
1 0.256055 0.587153 0.0183594 0.0298611
1 0.957812 0.828472 0.0125 0.0194444
0 0.256055 0.587153 0.0183594 0.0298611
0 0.960938 0.843056 0.015625 0.0222222
1 0.367969 0.468056 0.0078125 0.0194444
0 0.235547 0.598611 0.0148437 0.0277778
0 0.158789 0.676736 0.146875 0.184028
1 0.846094 0.528819 0.0171875 0.0159722
1 0.946875 0.725 0.009375 0.0194444
0 0.211523 0.634028 0.0191406 0.0708333
1 0.344531 0.469097 0.009375 0.0208333
0 0.0911133 0.872222 0.181445 0.247222
1 0.829687 0.0272135 0.0078125 0.0136285
1 0.878906 0.801389 0.009375 0.0111111
1 0.871875 0.802083 0.0109375 0.0125
1 0.605078 0.533333 0.00703125 0.0180556
1 0.165137 0.596181 0.0310547 0.03125
0 0.750781 0.722222 0.0859375 0.0888889
0 0.755469 0.432986 0.065625 0.0986111
1 0.00544434 0.730556 0.0103027 0.0277778
1 0.0418945 0.719444 0.0785156 0.0777778
2 0.751953 0.71875 0.0882813 0.0847222
1 0.278711 0.598958 0.0105469 0.0215278
0 0.0500488 0.811806 0.0987305 0.0888889
1 0.249414 0.541667 0.0148437 0.0263889
0 0.233203 0.588194 0.0171875 0.0361111
1 0.939062 0.613889 0.0078125 0.0145833
0 0.225781 0.636806 0.0421875 0.0930556
1 0.85625 0.779167 0.00625 0.0138889
0 0.220703 0.642014 0.05 0.0756944
1 0.265039 0.532639 0.0121094 0.025
1 0.851562 0.711111 0.0125 0.0138889
0 0.129883 0.911806 0.0855469 0.176389
1 0.608594 0.513194 0.0078125 0.0194444
1 0.239453 0.7125 0.0105469 0.0194444
1 0.330859 0.477083 0.009375 0.025
1 0.929688 0.0882813 0.00625 0.0131944
1 0.9625 0.836111 0.015625 0.0305556
1 0.0751953 0.654167 0.0185547 0.0236111
0 0.244727 0.579861 0.0320312 0.0458333
1 0.238281 0.709722 0.0078125 0.0277778
1 0.754687 0.433333 0.065625 0.0965278
1 0.753516 0.458333 0.0226563 0.0375
1 0.946875 0.736111 0.009375 0.0194444
1 0.329297 0.483333 0.0101562 0.0263889
0 0.278711 0.598958 0.0105469 0.0215278
1 0.50625 0.246181 0.0132813 0.025
3 0.754687 0.433333 0.065625 0.0958333
0 0.0413574 0.720833 0.0803711 0.0805556
0 0.0841797 0.907639 0.168359 0.184722
1 0.945312 0.75625 0.0125 0.0208333
0 0.410156 0.195312 0.0390625 0.0777778
1 0.960938 0.843056 0.015625 0.0222222
1 0.939062 0.571528 0.009375 0.0173611
1 0.853125 0.340278 0.0109375 0.0180556
1 0.861719 0.344444 0.009375 0.0152778
1 0.940625 0.572917 0.009375 0.0166667
1 0.233984 0.594444 0.0167969 0.0236111
1 0.944531 0.704861 0.009375 0.0166667
2 0.754687 0.433333 0.065625 0.0958333
0 0.209766 0.611111 0.0226563 0.0277778
1 0.20957 0.611111 0.0246094 0.0305556
1 0.853125 0.530556 0.009375 0.0152778
1 0.909375 0.681771 0.009375 0.0170139
1 0.784375 0.752778 0.015625 0.025
1 0.256836 0.583333 0.0152344 0.0243056
1 0.84375 0.710417 0.0109375 0.0152778
1 0.838281 0.701389 0.0078125 0.0166667
1 0.953125 0.895139 0.009375 0.0208333
0 0.755469 0.432639 0.065625 0.0986111
1 0.784375 0.747222 0.0125 0.0305556
1 0.878125 0.645833 0.009375 0.0152778
1 0.944531 0.688889 0.009375 0.0291667
1 0.953906 0.893056 0.0078125 0.0166667
0 0.961719 0.840278 0.0140625 0.0222222
0 0.204297 0.639583 0.0414063 0.0736111
1 0.932813 0.459722 0.00625 0.0194444
0 0.0700684 0.926389 0.138574 0.147222
1 0.934375 0.506597 0.009375 0.0173611
1 0.754687 0.433333 0.065625 0.0958333
1 0.245508 0.5375 0.0109375 0.0208333
1 0.85625 0.344444 0.0140625 0.0236111
0 0.157227 0.675694 0.157422 0.181944
0 0.0911133 0.876389 0.182227 0.236111
1 0.163281 0.598264 0.0304688 0.0256944
0 0.233984 0.594444 0.0167969 0.0236111
0 0.163281 0.598264 0.0304688 0.0256944
1 0.94375 0.677083 0.009375 0.0222222
1 0.94375 0.754167 0.0140625 0.025
1 0.932031 0.449653 0.0078125 0.0215278
0 0.0745605 0.829167 0.148145 0.122222
1 0.367969 0.467708 0.00664063 0.0159722
1 0.942969 0.701389 0.0125 0.0194444
1 0.233008 0.588542 0.0171875 0.0333333
1 0.878906 0.801389 0.009375 0.0138889
0 0.256836 0.583333 0.0152344 0.0243056
1 0.257031 0.587153 0.0179687 0.0298611
1 0.871875 0.802083 0.0109375 0.0138889
1 0.234766 0.598611 0.0148437 0.0277778
1 0.261523 0.530208 0.009375 0.0215278
1 0.25918 0.533333 0.0121094 0.0236111
1 0.946875 0.763889 0.0125 0.0333333
0 0.945312 0.75625 0.0125 0.0208333
1 0.344922 0.467708 0.00859375 0.0166667
1 0.605469 0.532292 0.00703125 0.0159722
1 0.829687 0.0271267 0.00625 0.0128472
1 0.470703 0.246528 0.00625 0.0145833
0 0.133984 0.677951 0.208203 0.196875
1 0.846875 0.529167 0.015625 0.0166667
1 0.929688 0.0881944 0.0078125 0.0128472
1 0.851562 0.711111 0.0125 0.0152778
1 0.075293 0.653472 0.0179687 0.0222222
1 0.855469 0.779167 0.00625 0.0166667
1 0.0419067 0.720833 0.0786865 0.075
1 0.608594 0.511806 0.0078125 0.0180556
1 0.602734 0.546875 0.009375 0.01875
0 0.210156 0.623611 0.0257812 0.0527778
0 0.234766 0.598611 0.0148437 0.0277778
1 0.939062 0.614236 0.009375 0.0166667
0 0.117285 0.6625 0.149414 0.169444
3 0.755469 0.432639 0.0640625 0.0986111
0 0.0416992 0.720833 0.0794922 0.0833333
0 0.410156 0.195139 0.0390625 0.0784722
0 0.0865234 0.886806 0.173047 0.226389
1 0.960938 0.843056 0.015625 0.0208333
1 0.945312 0.75625 0.0125 0.0194444
1 0.939062 0.571528 0.009375 0.0180556
0 0.0759766 0.911806 0.150391 0.176389
1 0.853125 0.340972 0.0109375 0.0180556
2 0.755078 0.433333 0.0648438 0.0958333
1 0.861719 0.344444 0.009375 0.0152778
1 0.953125 0.894444 0.009375 0.0180556
1 0.94375 0.705556 0.009375 0.0166667
1 0.233594 0.594792 0.0167969 0.0222222
0 0.124609 0.674306 0.221484 0.194444
0 0.755469 0.432639 0.065625 0.0986111
0 0.162695 0.673611 0.160547 0.156944
0 0.20957 0.610764 0.0210938 0.0277778
1 0.909375 0.682639 0.009375 0.0166667
1 0.93125 0.450694 0.009375 0.025
1 0.932813 0.458333 0.009375 0.0229167
1 0.838281 0.701389 0.0078125 0.0166667
1 0.94375 0.688194 0.009375 0.0263889
1 0.829687 0.0272569 0.00625 0.0133681
1 0.94375 0.754167 0.0140625 0.0236111
1 0.209375 0.610764 0.0242187 0.0298611
1 0.942969 0.701389 0.0125 0.0180556
1 0.84375 0.711111 0.0125 0.0138889
1 0.852344 0.530556 0.009375 0.0152778
1 0.755078 0.433333 0.0648438 0.0958333
1 0.256836 0.583333 0.0148437 0.0236111
1 0.784375 0.746528 0.0125 0.0291667
0 0.961719 0.840278 0.0140625 0.0222222
1 0.367969 0.467361 0.00664063 0.0152778
0 0.0709961 0.829167 0.14043 0.122222
1 0.942969 0.677083 0.009375 0.0222222
1 0.934375 0.50625 0.009375 0.01875
1 0.784375 0.754861 0.015625 0.0222222
1 0.0422974 0.720833 0.0775146 0.0777778
1 0.929688 0.0888889 0.0078125 0.0138889
1 0.878125 0.646181 0.009375 0.0152778
1 0.1625 0.598611 0.0292969 0.025
1 0.855469 0.344444 0.0140625 0.0236111
1 0.878906 0.802083 0.009375 0.0125
1 0.165039 0.595833 0.0296875 0.0284722
0 0.945312 0.75625 0.0125 0.0194444
1 0.344922 0.467361 0.00859375 0.0166667
0 0.233594 0.594792 0.0167969 0.0222222
1 0.471094 0.246528 0.00625 0.0145833
1 0.256445 0.5875 0.0183594 0.0291667
1 0.605469 0.532292 0.00703125 0.0159722
1 0.232812 0.588889 0.0171875 0.0319444
3 0.755469 0.432639 0.0640625 0.0986111
0 0.0411621 0.721528 0.0805664 0.0861111
0 0.0855957 0.899306 0.171191 0.201389
0 0.410937 0.195486 0.0390625 0.0784722
1 0.960938 0.843056 0.015625 0.0208333
1 0.960938 0.840278 0.0125 0.0222222
1 0.945312 0.75625 0.0125 0.0194444
1 0.939062 0.572569 0.009375 0.0201389
1 0.853125 0.340278 0.0109375 0.0180556
1 0.953125 0.894444 0.009375 0.0180556
1 0.861719 0.344097 0.009375 0.0166667
2 0.755078 0.433333 0.0648438 0.0972222
1 0.233789 0.594792 0.0167969 0.0229167
0 0.124902 0.673264 0.223242 0.195139
0 0.166309 0.677604 0.156055 0.164236
1 0.838281 0.701389 0.0078125 0.0180556
1 0.94375 0.705556 0.009375 0.0166667
0 0.209375 0.611111 0.021875 0.0277778
1 0.84375 0.711111 0.0125 0.0138889
0 0.0855469 0.859722 0.171094 0.197222
0 0.755469 0.433333 0.065625 0.0986111
1 0.932031 0.451042 0.009375 0.0270833
1 0.932813 0.458333 0.009375 0.0243056
1 0.909375 0.682639 0.0109375 0.0166667
1 0.257031 0.584028 0.015625 0.025
1 0.208984 0.611111 0.0242187 0.0305556
0 0.233789 0.594792 0.0167969 0.0229167
1 0.829687 0.0273438 0.0078125 0.0135417
1 0.367969 0.467708 0.00664063 0.0159722
1 0.94375 0.754167 0.0140625 0.0236111
1 0.755078 0.433333 0.0648438 0.0972222
0 0.960938 0.840278 0.0125 0.0222222
1 0.784375 0.746528 0.0125 0.0291667
0 0.0672852 0.827083 0.133203 0.120833
1 0.944531 0.6875 0.009375 0.025
0 0.960938 0.843056 0.015625 0.0208333
1 0.256641 0.5875 0.0183594 0.0291667
1 0.471094 0.246875 0.00625 0.0149306
1 0.942969 0.702778 0.0125 0.0166667
1 0.784375 0.754861 0.015625 0.0222222
1 0.929688 0.0890625 0.0078125 0.0144097
0 0.257031 0.584028 0.015625 0.025
1 0.233203 0.588889 0.0171875 0.0333333
1 0.934375 0.50625 0.009375 0.0208333
1 0.85625 0.344444 0.015625 0.025
0 0.163281 0.598264 0.0320312 0.0277778
1 0.344922 0.467361 0.00859375 0.0166667
1 0.852344 0.530903 0.009375 0.0152778
0 0.0720215 0.920833 0.141895 0.158333
1 0.235156 0.598958 0.0132813 0.0270833
1 0.278516 0.598611 0.0109375 0.0194444
1 0.942969 0.676389 0.009375 0.0222222
1 0.878125 0.646528 0.009375 0.0152778
0 0.256641 0.5875 0.0183594 0.0291667
1 0.878125 0.802083 0.009375 0.0125
1 0.245898 0.5375 0.0113281 0.0208333
1 0.165137 0.595833 0.0298828 0.0291667
1 0.946875 0.764583 0.0125 0.0305556
3 0.755469 0.432639 0.0640625 0.0986111
0 0.0412109 0.721528 0.0804688 0.0875
0 0.0860352 0.890972 0.17207 0.218056
0 0.410937 0.195486 0.0390625 0.0784722
1 0.960938 0.843056 0.015625 0.0208333
1 0.945312 0.75625 0.0125 0.0194444
0 0.0737793 0.914583 0.145996 0.170833
1 0.853125 0.340625 0.0125 0.0180556
1 0.939062 0.572569 0.009375 0.0194444
1 0.860937 0.34375 0.0109375 0.0166667
1 0.953125 0.894444 0.009375 0.0194444
2 0.754687 0.433333 0.065625 0.0972222
0 0.209375 0.611806 0.021875 0.0277778
1 0.233984 0.595139 0.0164062 0.0222222
1 0.838281 0.701389 0.0078125 0.0166667
0 0.162695 0.669792 0.146094 0.142361
1 0.84375 0.711111 0.0125 0.0138889
1 0.94375 0.705556 0.009375 0.0152778
0 0.120605 0.672222 0.229492 0.201389
1 0.909375 0.682639 0.009375 0.0166667
0 0.233984 0.595139 0.0164062 0.0222222
1 0.257031 0.584028 0.015625 0.0236111
1 0.932031 0.451042 0.009375 0.025
1 0.208984 0.611111 0.0242187 0.0305556
1 0.932813 0.458681 0.009375 0.0229167
1 0.94375 0.754167 0.0140625 0.0222222
1 0.367969 0.467708 0.00703125 0.0152778
0 0.960938 0.840278 0.015625 0.0222222
0 0.0741699 0.831944 0.146777 0.127778
0 0.755469 0.433333 0.065625 0.0986111
1 0.754687 0.433333 0.065625 0.0972222
1 0.784375 0.745139 0.0125 0.0263889
1 0.471094 0.246875 0.00625 0.0152778
1 0.851562 0.530903 0.009375 0.0152778
1 0.256641 0.587847 0.01875 0.0291667
0 0.257031 0.584028 0.015625 0.0236111
1 0.85625 0.344792 0.015625 0.025
1 0.942969 0.702778 0.0125 0.0166667
1 0.829687 0.0272569 0.0078125 0.0133681
0 0.156079 0.68125 0.171436 0.176389
1 0.878125 0.645833 0.009375 0.0152778
1 0.344922 0.467361 0.00859375 0.0166667
1 0.934375 0.50625 0.009375 0.0194444
1 0.944531 0.688194 0.009375 0.0222222
1 0.784375 0.754167 0.015625 0.0222222
0 0.256641 0.587847 0.01875 0.0291667
1 0.929688 0.0888889 0.00625 0.0137153
1 0.232812 0.588889 0.0164062 0.0326389
1 0.878906 0.801389 0.009375 0.0111111
1 0.235547 0.599653 0.0132813 0.0256944
1 0.278516 0.597917 0.0109375 0.0194444
1 0.942969 0.676389 0.009375 0.0208333
1 0.871875 0.802778 0.009375 0.0138889
1 0.859375 0.743056 0.009375 0.0152778
1 0.855469 0.779167 0.00625 0.0166667
1 0.851562 0.7125 0.0125 0.0138889
1 0.387109 0.301042 0.00625 0.0125
1 0.946875 0.764583 0.0125 0.0305556
1 0.85 0.340625 0.0125 0.0201389
1 0.245703 0.5375 0.0109375 0.0208333
0 0.278516 0.597917 0.0109375 0.0194444
1 0.846875 0.529167 0.0171875 0.0152778
1 0.0414917 0.720139 0.079126 0.0805556
3 0.755469 0.432639 0.0640625 0.0986111
0 0.0411133 0.722222 0.0806641 0.0875
0 0.086377 0.8875 0.172754 0.225
0 0.410937 0.195312 0.0375 0.078125
1 0.960938 0.843056 0.015625 0.0208333
1 0.945312 0.75625 0.0125 0.0194444
0 0.0740234 0.913542 0.146484 0.172917
1 0.853125 0.340625 0.0125 0.0180556
1 0.939062 0.572222 0.009375 0.01875
1 0.860937 0.34375 0.0125 0.0166667
1 0.953125 0.89375 0.009375 0.0180556
2 0.754687 0.433333 0.065625 0.0972222
0 0.20957 0.611458 0.0214844 0.0277778
1 0.838281 0.701389 0.0078125 0.0166667
0 0.118359 0.672222 0.228125 0.202778
1 0.233984 0.595139 0.0164062 0.0222222
1 0.94375 0.705556 0.009375 0.0152778
1 0.84375 0.711111 0.0125 0.0138889
0 0.158398 0.668056 0.139062 0.138889
1 0.909375 0.682639 0.009375 0.0166667
1 0.257031 0.584028 0.0148437 0.0236111
1 0.94375 0.754167 0.0140625 0.0222222
0 0.755469 0.432639 0.0640625 0.0986111
0 0.158398 0.677083 0.156641 0.176389
1 0.367969 0.467708 0.00625 0.0152778
0 0.233984 0.595139 0.0164062 0.0222222
0 0.960938 0.840278 0.015625 0.0222222
1 0.208984 0.611458 0.0242187 0.0305556
1 0.878125 0.645833 0.009375 0.0152778
1 0.93125 0.450694 0.009375 0.0243056
1 0.754687 0.433333 0.065625 0.0972222
1 0.932813 0.458681 0.009375 0.0222222
1 0.942969 0.702778 0.0125 0.0166667
1 0.851562 0.53125 0.009375 0.0152778
1 0.256445 0.588194 0.0183594 0.0291667
1 0.85625 0.344792 0.015625 0.025
0 0.0757812 0.834722 0.149805 0.136111
1 0.878906 0.801389 0.009375 0.0111111
1 0.344727 0.467708 0.00820312 0.0166667
1 0.94375 0.687326 0.009375 0.0225694
1 0.784375 0.744444 0.0125 0.025
0 0.9625 0.843056 0.015625 0.0222222
1 0.871875 0.802778 0.009375 0.0138889
1 0.3875 0.301042 0.00625 0.0131944
1 0.471094 0.246875 0.00625 0.0152778
1 0.783594 0.754167 0.0140625 0.0222222
0 0.257031 0.584028 0.0148437 0.0236111
1 0.942969 0.676389 0.009375 0.0208333
1 0.934375 0.50625 0.009375 0.0180556
1 0.829687 0.0273003 0.0078125 0.0132813
1 0.235547 0.599653 0.0132813 0.0256944
1 0.233203 0.588889 0.0160156 0.0319444
1 0.855469 0.779167 0.00625 0.0152778
1 0.860156 0.743056 0.0078125 0.0152778
0 0.101562 0.8625 0.203125 0.275
0 0.256445 0.588194 0.0183594 0.0291667
1 0.846875 0.529167 0.0171875 0.0152778
1 0.850781 0.340625 0.0140625 0.0208333
1 0.929688 0.0889757 0.0078125 0.0138889
3 0.755469 0.432639 0.0640625 0.0986111
0 0.0411133 0.722222 0.0806641 0.0875
0 0.087207 0.885417 0.174414 0.229167
0 0.410937 0.195486 0.0375 0.0777778
1 0.960938 0.843056 0.015625 0.0208333
1 0.945312 0.75625 0.0125 0.0194444
1 0.853125 0.340972 0.0125 0.0180556
1 0.939062 0.572222 0.009375 0.0180556
1 0.860156 0.34375 0.0125 0.0166667
1 0.953125 0.894444 0.009375 0.0166667
0 0.118164 0.673958 0.225391 0.199306
0 0.075293 0.912153 0.149023 0.175694
0 0.209375 0.611111 0.0210938 0.0291667
1 0.233984 0.595139 0.0164062 0.0222222
1 0.94375 0.705556 0.009375 0.0152778
1 0.838281 0.701389 0.0078125 0.0166667
0 0.156738 0.670486 0.138867 0.145139
1 0.84375 0.710417 0.0109375 0.0138889
2 0.754687 0.433333 0.065625 0.0972222
1 0.257031 0.584028 0.0148437 0.0236111
1 0.909375 0.682639 0.009375 0.0166667
1 0.94375 0.754167 0.0140625 0.0222222
0 0.755469 0.432639 0.0640625 0.0986111
0 0.960938 0.840278 0.015625 0.0222222
0 0.233984 0.595139 0.0164062 0.0222222
1 0.367773 0.467361 0.00664063 0.0152778
1 0.878125 0.646181 0.009375 0.0145833
1 0.851562 0.53125 0.009375 0.0152778
1 0.85625 0.344792 0.015625 0.025
1 0.93125 0.450694 0.009375 0.0229167
1 0.256641 0.588194 0.01875 0.0291667
0 0.146289 0.68125 0.171094 0.173611
1 0.932813 0.459028 0.009375 0.0215278
1 0.942969 0.702778 0.0125 0.0166667
1 0.754687 0.433333 0.065625 0.0972222
1 0.878906 0.801389 0.009375 0.0111111
1 0.208984 0.611806 0.0242187 0.0305556
1 0.344727 0.468056 0.00820312 0.0166667
1 0.94375 0.687326 0.009375 0.0225694
1 0.871875 0.802778 0.009375 0.0138889
1 0.934375 0.50625 0.009375 0.0180556
1 0.784375 0.744444 0.0125 0.025
1 0.846875 0.529167 0.0171875 0.0152778
1 0.829687 0.0273438 0.00625 0.0134549
0 0.9625 0.843056 0.015625 0.0208333
0 0.257031 0.584028 0.0148437 0.0236111
1 0.235156 0.598958 0.0136719 0.0270833
1 0.855469 0.779167 0.00625 0.0152778
1 0.942969 0.675694 0.009375 0.0208333
1 0.783594 0.754861 0.0140625 0.0208333
1 0.233203 0.588889 0.0164062 0.0319444
1 0.860156 0.743056 0.0078125 0.0152778
1 0.850781 0.340972 0.0140625 0.0208333
0 0.256641 0.588194 0.01875 0.0291667
0 0.0747559 0.836806 0.147949 0.138889
1 0.3875 0.301042 0.00625 0.0131944
0 0.122754 0.721528 0.237305 0.270833
1 0.246094 0.537847 0.0117188 0.0215278
1 0.929688 0.0890625 0.0078125 0.0142361
3 0.755469 0.432639 0.0640625 0.0986111
0 0.0411011 0.722222 0.0806885 0.0888889
0 0.0876953 0.884722 0.175391 0.230556
0 0.410937 0.195486 0.0375 0.0777778
1 0.960938 0.843056 0.015625 0.0208333
1 0.945312 0.75625 0.0125 0.0194444
1 0.853125 0.340625 0.0125 0.01875
1 0.939062 0.571875 0.009375 0.0180556
1 0.859375 0.34375 0.0125 0.0173611
1 0.953125 0.894444 0.009375 0.0166667
0 0.0765625 0.910417 0.151367 0.179167
0 0.117969 0.675 0.225781 0.198611
0 0.20957 0.611111 0.0207031 0.0284722
1 0.84375 0.710417 0.0109375 0.0138889
1 0.94375 0.705556 0.009375 0.0152778
1 0.233984 0.595139 0.0164062 0.0222222
1 0.838281 0.701389 0.0078125 0.0166667
0 0.156641 0.66875 0.136719 0.141667
2 0.755078 0.433333 0.0648438 0.0972222
1 0.257031 0.584028 0.0152344 0.0236111
0 0.960938 0.840278 0.015625 0.0222222
1 0.94375 0.754167 0.0140625 0.0222222
1 0.909375 0.682639 0.009375 0.0166667
0 0.755469 0.432986 0.0640625 0.0993056
0 0.233984 0.595139 0.0164062 0.0222222
1 0.851562 0.53125 0.009375 0.0152778
1 0.85625 0.344792 0.015625 0.025
1 0.93125 0.450694 0.009375 0.0222222
1 0.367773 0.467361 0.00664063 0.0152778
1 0.878125 0.646181 0.009375 0.0145833
1 0.878906 0.801389 0.009375 0.0111111
1 0.932813 0.459028 0.009375 0.0215278
1 0.942969 0.702778 0.0125 0.0166667
1 0.256641 0.5875 0.01875 0.0291667
1 0.755078 0.433333 0.0648438 0.0972222
0 0.143921 0.682118 0.174658 0.174653
1 0.934375 0.50625 0.009375 0.0180556
1 0.94375 0.687326 0.009375 0.0225694
1 0.846875 0.529167 0.0171875 0.0152778
1 0.871875 0.802778 0.009375 0.0138889
0 0.9625 0.843056 0.015625 0.0208333
1 0.344727 0.468056 0.00820312 0.0166667
1 0.20918 0.611458 0.0238281 0.0305556
1 0.855469 0.779167 0.00625 0.0152778
0 0.257031 0.584028 0.0152344 0.0236111
1 0.828906 0.0274306 0.0078125 0.0135417
0 0.40625 0.189583 0.04375 0.0784722
1 0.85 0.340972 0.015625 0.0208333
1 0.942969 0.675694 0.009375 0.0208333
1 0.784375 0.744444 0.0125 0.025
0 0.256641 0.5875 0.01875 0.0291667
1 0.235156 0.598958 0.0132813 0.0270833
1 0.783594 0.754861 0.0140625 0.0208333
1 0.3875 0.300868 0.00625 0.0131944
0 0.0759766 0.838889 0.150391 0.143056
1 0.860156 0.743056 0.0078125 0.0152778
0 0.945312 0.75625 0.0125 0.0194444
1 0.233203 0.589236 0.0164062 0.0326389
1 0.957812 0.827083 0.0125 0.0166667
3 0.755469 0.432639 0.0640625 0.0986111
0 0.0410645 0.722222 0.0807617 0.0888889
0 0.0876953 0.885417 0.175391 0.229167
0 0.411328 0.195486 0.0375 0.0777778
1 0.960938 0.843056 0.015625 0.0208333
1 0.945312 0.75625 0.0125 0.0194444
1 0.853125 0.340625 0.0125 0.01875
1 0.939062 0.572222 0.009375 0.0180556
1 0.859375 0.34375 0.0140625 0.0173611
0 0.0766602 0.910417 0.151758 0.179167
1 0.953125 0.894444 0.009375 0.0166667
0 0.118359 0.675 0.225 0.198611
1 0.84375 0.710417 0.0109375 0.0138889
0 0.20957 0.611111 0.0207031 0.0277778
1 0.94375 0.705556 0.009375 0.0152778
1 0.233984 0.595139 0.0164062 0.0222222
1 0.838281 0.701389 0.0078125 0.0166667
0 0.157129 0.664583 0.133789 0.133333
2 0.755078 0.433333 0.0648438 0.0972222
1 0.257031 0.584028 0.015625 0.0236111
0 0.960938 0.840278 0.015625 0.0222222
1 0.94375 0.754167 0.0140625 0.0222222
0 0.755469 0.432986 0.0640625 0.0993056
1 0.909375 0.682639 0.009375 0.0166667
0 0.233984 0.595139 0.0164062 0.0222222
1 0.85625 0.344792 0.015625 0.025
1 0.367773 0.467361 0.00664063 0.0152778
1 0.93125 0.450694 0.009375 0.0229167
1 0.851562 0.53125 0.009375 0.0152778
0 0.153711 0.676042 0.15625 0.175694
1 0.932813 0.458681 0.009375 0.0215278
1 0.878125 0.645833 0.009375 0.0138889
1 0.878906 0.801389 0.009375 0.0111111
1 0.256641 0.5875 0.01875 0.0291667
1 0.942969 0.702778 0.0125 0.0166667
1 0.755078 0.433333 0.0648438 0.0972222
1 0.934375 0.50625 0.009375 0.0180556
0 0.9625 0.843056 0.015625 0.0208333
0 0.257031 0.584028 0.015625 0.0236111
1 0.855469 0.779167 0.00625 0.0152778
1 0.871875 0.802778 0.009375 0.0138889
1 0.850781 0.340972 0.015625 0.0208333
1 0.94375 0.6875 0.009375 0.0236111
1 0.846875 0.529167 0.0171875 0.0152778
1 0.344727 0.468056 0.00820312 0.0166667
1 0.828906 0.0274306 0.0078125 0.0135417
1 0.20918 0.611458 0.0238281 0.0305556
0 0.945312 0.75625 0.0125 0.0194444
0 0.40625 0.18941 0.04375 0.078125
0 0.256641 0.5875 0.01875 0.0291667
1 0.3875 0.300868 0.00625 0.0131944
1 0.942969 0.675694 0.009375 0.0208333
1 0.784375 0.74375 0.0125 0.0236111
1 0.234961 0.598958 0.0136719 0.0270833
1 0.783594 0.754861 0.0140625 0.0208333
1 0.957031 0.827083 0.0125 0.0166667
1 0.233203 0.589236 0.0164062 0.0326389
0 0.0728027 0.836111 0.144043 0.138889
3 0.755469 0.432639 0.0640625 0.0986111
0 0.0409668 0.722222 0.080957 0.0875
0 0.411328 0.195486 0.0375 0.0777778
0 0.0867676 0.888194 0.173535 0.223611
1 0.960938 0.84375 0.015625 0.0208333
1 0.945312 0.75625 0.0125 0.0194444
1 0.853125 0.340625 0.0125 0.01875
1 0.939844 0.572222 0.009375 0.0180556
0 0.0753906 0.910417 0.149414 0.179167
1 0.859375 0.34375 0.0140625 0.0180556
1 0.953125 0.894444 0.009375 0.0166667
0 0.209375 0.611111 0.0210938 0.0277778
0 0.119531 0.675 0.221484 0.195833
1 0.233984 0.595139 0.0164062 0.0222222
1 0.84375 0.710417 0.0109375 0.0138889
1 0.94375 0.705556 0.009375 0.0152778
0 0.157422 0.6625 0.13125 0.127778
1 0.838281 0.701389 0.0078125 0.0166667
1 0.94375 0.754167 0.0140625 0.0222222
1 0.257031 0.583681 0.015625 0.0236111
0 0.755469 0.432639 0.0640625 0.0972222
0 0.960938 0.840278 0.015625 0.0222222
2 0.755078 0.433333 0.0648438 0.0972222
0 0.233984 0.595139 0.0164062 0.0222222
1 0.909375 0.683507 0.009375 0.0163194
1 0.93125 0.450694 0.009375 0.0236111
1 0.367773 0.467361 0.00664063 0.0152778
1 0.85625 0.344792 0.015625 0.025
0 0.152734 0.675694 0.154297 0.173611
1 0.932031 0.458333 0.009375 0.0222222
1 0.942969 0.702778 0.0125 0.0166667
1 0.256445 0.5875 0.0183594 0.0291667
1 0.878125 0.645833 0.009375 0.0138889
1 0.934375 0.50625 0.009375 0.0180556
1 0.851562 0.53125 0.009375 0.0152778
1 0.755078 0.433333 0.0648438 0.0972222
1 0.878906 0.801389 0.009375 0.0111111
1 0.850781 0.340625 0.015625 0.0215278
1 0.828906 0.027474 0.0078125 0.0135417
0 0.257031 0.583681 0.015625 0.0236111
1 0.344727 0.468056 0.00820312 0.0173611
1 0.94375 0.6875 0.009375 0.0236111
1 0.855469 0.779167 0.00625 0.0152778
1 0.871875 0.802778 0.009375 0.0138889
1 0.234961 0.598611 0.0140625 0.0277778
1 0.3875 0.301042 0.00625 0.0131944
0 0.256445 0.5875 0.0183594 0.0291667
1 0.957031 0.827083 0.0125 0.0166667
1 0.846875 0.529167 0.015625 0.0152778
1 0.20918 0.611111 0.0238281 0.0298611
0 0.945312 0.75625 0.0125 0.0194444
1 0.784375 0.743056 0.0125 0.0222222
1 0.942969 0.675694 0.009375 0.0208333
1 0.783594 0.754861 0.0140625 0.0208333
1 0.233203 0.589583 0.0164062 0.0319444
0 0.405859 0.189236 0.04375 0.0784722
3 0.755469 0.432639 0.0640625 0.0986111
0 0.0408691 0.722222 0.0811523 0.0861111
0 0.411328 0.195139 0.0375 0.0784722
0 0.0860352 0.890972 0.17207 0.218056
1 0.960156 0.84375 0.0171875 0.0208333
1 0.960938 0.840278 0.015625 0.0222222
1 0.945312 0.75625 0.0125 0.0194444
1 0.853125 0.340625 0.0125 0.01875
1 0.939844 0.572222 0.009375 0.0180556
1 0.858594 0.343403 0.015625 0.0180556
1 0.953125 0.894444 0.009375 0.0166667
0 0.209375 0.611111 0.0210938 0.0270833
0 0.119629 0.674653 0.22168 0.196528
1 0.94375 0.705556 0.009375 0.0152778
1 0.233789 0.595139 0.0164062 0.0229167
0 0.755469 0.432639 0.0640625 0.0972222
1 0.94375 0.754167 0.0140625 0.0222222
1 0.84375 0.711111 0.0109375 0.0138889
0 0.157617 0.661806 0.130859 0.123611
1 0.257031 0.583681 0.015625 0.0236111
1 0.838281 0.701389 0.0078125 0.0166667
2 0.755469 0.432639 0.0640625 0.0986111
0 0.960938 0.840278 0.015625 0.0222222
0 0.233789 0.595139 0.0164062 0.0229167
1 0.85625 0.344444 0.01875 0.025
1 0.93125 0.451042 0.009375 0.0236111
1 0.367578 0.467361 0.00625 0.0152778
1 0.942969 0.702778 0.0125 0.0166667
1 0.909375 0.682639 0.009375 0.0166667
0 0.152832 0.675694 0.154102 0.173611
1 0.932031 0.458333 0.009375 0.0222222
1 0.935156 0.50625 0.0109375 0.01875
0 0.960156 0.84375 0.0171875 0.0208333
1 0.851562 0.340972 0.015625 0.0222222
1 0.755078 0.433333 0.0648438 0.0972222
1 0.256445 0.5875 0.0183594 0.0291667
1 0.878125 0.645833 0.0109375 0.0138889
1 0.851562 0.530903 0.009375 0.0152778
1 0.828906 0.0275174 0.0078125 0.0135417
0 0.257031 0.583681 0.015625 0.0236111
1 0.344727 0.468056 0.00820312 0.0166667
1 0.3875 0.301042 0.00625 0.0131944
1 0.878906 0.801389 0.009375 0.0111111
1 0.94375 0.688194 0.009375 0.0236111
1 0.957031 0.827778 0.0125 0.0166667
1 0.234766 0.598611 0.0140625 0.0277778
0 0.256445 0.5875 0.0183594 0.0291667
1 0.855469 0.779167 0.00625 0.0152778
1 0.846875 0.529167 0.015625 0.0152778
1 0.20918 0.611111 0.0238281 0.0291667
1 0.783594 0.754167 0.0140625 0.0194444
1 0.784375 0.743056 0.0125 0.0222222
1 0.871875 0.802778 0.009375 0.0138889
0 0.945312 0.75625 0.0125 0.0194444
3 0.755469 0.432986 0.0640625 0.0993056
0 0.0408203 0.722222 0.08125 0.0861111
0 0.411328 0.195139 0.0375 0.0788194
0 0.0853027 0.893056 0.170605 0.213889
1 0.960156 0.84375 0.0171875 0.0208333
1 0.944531 0.755556 0.0125 0.0194444
1 0.853125 0.340625 0.0125 0.01875
1 0.939844 0.572222 0.009375 0.0180556
1 0.857813 0.343403 0.015625 0.01875
1 0.953125 0.894444 0.0109375 0.0166667
0 0.755469 0.432986 0.0640625 0.0972222
0 0.209375 0.610764 0.0210938 0.0270833
0 0.12002 0.674306 0.220508 0.195833
1 0.233789 0.595139 0.0164062 0.0222222
1 0.94375 0.705556 0.009375 0.0166667
0 0.158203 0.660417 0.129297 0.120833
1 0.84375 0.711111 0.0125 0.0138889
1 0.257031 0.583681 0.015625 0.0236111
2 0.755469 0.432986 0.0640625 0.0993056
0 0.233789 0.595139 0.0164062 0.0222222
0 0.960938 0.840972 0.015625 0.0222222
1 0.839063 0.701389 0.009375 0.0152778
1 0.367578 0.467361 0.00625 0.0152778
1 0.942969 0.702778 0.0125 0.0166667
1 0.85625 0.344444 0.01875 0.025
1 0.93125 0.451389 0.0109375 0.0243056
0 0.15293 0.675694 0.154297 0.173611
1 0.755078 0.433333 0.0648438 0.0972222
1 0.93125 0.457639 0.009375 0.0236111
1 0.850781 0.340625 0.015625 0.0222222
0 0.257031 0.583681 0.015625 0.0236111
1 0.256641 0.5875 0.0179687 0.0291667
1 0.934375 0.50625 0.0125 0.01875
1 0.909375 0.682639 0.009375 0.0166667
1 0.828906 0.0276042 0.0078125 0.0137153
1 0.344531 0.468403 0.00859375 0.0173611
1 0.3875 0.300868 0.00625 0.0135417
1 0.851562 0.530903 0.009375 0.0152778
1 0.957812 0.827778 0.0125 0.0166667
1 0.878125 0.646181 0.0109375 0.0145833
0 0.256641 0.5875 0.0179687 0.0291667
1 0.234766 0.598611 0.0140625 0.0277778
1 0.94375 0.688194 0.009375 0.0236111
0 0.278516 0.598264 0.0109375 0.01875
1 0.342969 0.129167 0.00820312 0.0194444
1 0.783594 0.754167 0.0140625 0.0208333
3 0.755469 0.432986 0.0640625 0.0993056
0 0.0407227 0.722917 0.0814453 0.0875
0 0.411719 0.195486 0.0367187 0.0777778
0 0.0841309 0.895139 0.168262 0.209722
1 0.960156 0.84375 0.0171875 0.0208333
1 0.945312 0.755556 0.0125 0.0194444
1 0.853125 0.340278 0.015625 0.0194444
1 0.939844 0.572917 0.009375 0.0194444
1 0.857813 0.343056 0.015625 0.01875
0 0.755469 0.432986 0.0640625 0.0972222
1 0.953125 0.894444 0.0109375 0.0166667
1 0.94375 0.754167 0.015625 0.025
0 0.209375 0.610764 0.0210938 0.0270833
0 0.12002 0.675 0.220898 0.195833
1 0.233984 0.595139 0.0164062 0.0222222
1 0.94375 0.705556 0.009375 0.0166667
2 0.755469 0.432986 0.0640625 0.0972222
0 0.15791 0.661111 0.130273 0.122222
1 0.257031 0.583681 0.015625 0.0236111
0 0.233984 0.595139 0.0164062 0.0222222
1 0.84375 0.711111 0.0125 0.0138889
1 0.942969 0.702778 0.0125 0.0166667
0 0.960938 0.840972 0.015625 0.0222222
1 0.85625 0.344444 0.01875 0.025
1 0.367578 0.467361 0.00625 0.0152778
1 0.839063 0.701389 0.009375 0.0152778
1 0.755078 0.432986 0.0648438 0.0972222
0 0.153027 0.675694 0.154492 0.173611
1 0.93125 0.451389 0.0109375 0.025
0 0.257031 0.583681 0.015625 0.0236111
1 0.93125 0.457639 0.009375 0.0236111
1 0.256641 0.587847 0.0179687 0.0284722
1 0.3875 0.300694 0.00625 0.0138889
1 0.344531 0.46875 0.00859375 0.0180556
1 0.957031 0.827778 0.0140625 0.0180556
1 0.934375 0.50625 0.0125 0.0194444
1 0.828906 0.0276042 0.0078125 0.0137153
0 0.278516 0.598264 0.0109375 0.01875
0 0.256641 0.587847 0.0179687 0.0284722
1 0.234766 0.598611 0.0140625 0.0277778
1 0.342969 0.129167 0.00820312 0.0194444
1 0.94375 0.688194 0.009375 0.0236111
1 0.783594 0.754167 0.0140625 0.0208333
1 0.851562 0.530903 0.009375 0.0152778
1 0.909375 0.682639 0.009375 0.0166667
1 0.948438 0.752778 0.01875 0.025
3 0.755469 0.432986 0.0640625 0.0993056
0 0.0406738 0.723611 0.0813477 0.0861111
0 0.411719 0.195486 0.0367187 0.078125
0 0.0829102 0.896528 0.16582 0.206944
1 0.960156 0.84375 0.0171875 0.0208333
1 0.945312 0.755556 0.0125 0.0194444
1 0.853125 0.340278 0.015625 0.0194444
1 0.939062 0.572917 0.009375 0.0194444
0 0.755469 0.432986 0.0640625 0.0972222
1 0.857031 0.343056 0.0171875 0.0194444
1 0.953125 0.894444 0.0109375 0.0166667
1 0.94375 0.754167 0.015625 0.025
0 0.209375 0.610764 0.0210938 0.0270833
1 0.233984 0.595139 0.0164062 0.0222222
0 0.121875 0.675 0.216016 0.194444
2 0.755469 0.432986 0.0640625 0.0972222
1 0.94375 0.705556 0.009375 0.0166667
1 0.257031 0.583681 0.015625 0.0236111
0 0.160352 0.659722 0.124219 0.115278
0 0.233984 0.595139 0.0164062 0.0222222
1 0.942969 0.702778 0.0125 0.0166667
1 0.84375 0.711111 0.0125 0.0138889
1 0.367578 0.467361 0.00625 0.0152778
0 0.960938 0.840972 0.015625 0.0222222
1 0.755078 0.432986 0.0648438 0.0972222
0 0.153711 0.675694 0.150391 0.170833
0 0.257031 0.583681 0.015625 0.0236111
1 0.839063 0.701389 0.009375 0.0152778
1 0.256641 0.587847 0.0179687 0.0284722
1 0.3875 0.300868 0.00625 0.0138889
1 0.344531 0.46875 0.00859375 0.0180556
1 0.93125 0.451389 0.0109375 0.025
1 0.957031 0.828472 0.0140625 0.0180556
1 0.93125 0.457639 0.009375 0.0236111
0 0.278516 0.598611 0.0109375 0.0180556
1 0.234766 0.598264 0.0140625 0.0277778
0 0.256641 0.587847 0.0179687 0.0284722
1 0.783594 0.754167 0.0140625 0.0208333
1 0.948438 0.752778 0.01875 0.025
1 0.342969 0.128993 0.0078125 0.0194444
3 0.755469 0.432986 0.0640625 0.0993056
0 0.0406738 0.723611 0.0813477 0.0861111
0 0.411719 0.195486 0.0367187 0.0777778
0 0.0774414 0.907639 0.154687 0.184722
1 0.960156 0.84375 0.0171875 0.0208333
0 0.0889648 0.884722 0.17793 0.230556
1 0.853906 0.340278 0.015625 0.0194444
1 0.945312 0.755556 0.0125 0.0194444
1 0.939062 0.572917 0.009375 0.0194444
0 0.755469 0.432639 0.0640625 0.0972222
1 0.857031 0.342708 0.0171875 0.0194444
1 0.94375 0.754167 0.015625 0.025
1 0.953125 0.894444 0.0109375 0.0166667
0 0.209375 0.610764 0.0210938 0.0270833
1 0.233984 0.595139 0.0164062 0.0222222
2 0.755469 0.432639 0.0640625 0.0972222
0 0.122266 0.675 0.214062 0.194444
1 0.257031 0.583333 0.015625 0.0236111
0 0.164453 0.656944 0.115234 0.108333
0 0.233984 0.595139 0.0164062 0.0222222
1 0.94375 0.705556 0.009375 0.0166667
1 0.942969 0.702778 0.0125 0.0166667
1 0.367578 0.467361 0.00625 0.0152778
1 0.851562 0.340625 0.0171875 0.0222222
1 0.755469 0.432986 0.0640625 0.0993056
0 0.209766 0.614931 0.0226563 0.0305556
0 0.257031 0.583333 0.015625 0.0236111
1 0.84375 0.711111 0.0125 0.0138889
0 0.154004 0.676389 0.147461 0.169444
0 0.960938 0.840972 0.015625 0.0222222
1 0.3875 0.300868 0.00625 0.0142361
1 0.256641 0.587847 0.0179687 0.0284722
1 0.344531 0.46875 0.00859375 0.0180556
1 0.957031 0.829167 0.0140625 0.0194444
0 0.256641 0.587847 0.0179687 0.0284722
0 0.278516 0.598611 0.0109375 0.0180556
1 0.839063 0.701389 0.009375 0.0152778
1 0.783594 0.754167 0.0140625 0.0222222
1 0.948438 0.752778 0.01875 0.025
1 0.342969 0.128993 0.0078125 0.0194444
3 0.755469 0.432639 0.0640625 0.0986111
0 0.0406738 0.723611 0.0813477 0.0861111
0 0.0771484 0.909028 0.154102 0.181944
0 0.411719 0.195486 0.0367187 0.0777778
1 0.960156 0.843056 0.0171875 0.0222222
0 0.0886719 0.884722 0.177344 0.230556
1 0.853906 0.340278 0.015625 0.0194444
1 0.945312 0.75625 0.0125 0.0208333
0 0.755469 0.432639 0.0640625 0.0972222
1 0.939844 0.572917 0.0109375 0.0194444
1 0.85625 0.342708 0.01875 0.0194444
1 0.94375 0.754167 0.015625 0.025
0 0.209375 0.610764 0.0210938 0.0270833
1 0.233984 0.595139 0.0164062 0.0222222
1 0.953125 0.894444 0.0109375 0.0166667
2 0.755469 0.432639 0.0640625 0.0972222
0 0.121289 0.676042 0.215625 0.195139
1 0.257031 0.583333 0.015625 0.0236111
0 0.167871 0.65625 0.108008 0.104167
0 0.233984 0.595139 0.0164062 0.0222222
1 0.942969 0.702778 0.0125 0.0166667
1 0.94375 0.705556 0.0109375 0.0166667
1 0.367578 0.467361 0.00625 0.0152778
1 0.755469 0.432639 0.0640625 0.0986111
0 0.257031 0.583333 0.015625 0.0236111
1 0.851562 0.340972 0.0171875 0.0222222
0 0.153906 0.676042 0.146484 0.16875
1 0.3875 0.301042 0.00625 0.0145833
1 0.344531 0.46875 0.00859375 0.0180556
1 0.256641 0.587847 0.0179687 0.0284722
1 0.84375 0.711111 0.0125 0.0138889
0 0.960938 0.840972 0.015625 0.0222222
0 0.256641 0.587847 0.0179687 0.0284722
0 0.278516 0.598611 0.0109375 0.0180556
1 0.342969 0.128906 0.0078125 0.0196181
1 0.957812 0.829167 0.015625 0.0194444
3 0.755469 0.432639 0.0640625 0.0986111
0 0.0407227 0.723611 0.0814453 0.0861111
0 0.0769531 0.908681 0.153906 0.182639
0 0.411719 0.195486 0.0367187 0.0777778
1 0.959375 0.843056 0.01875 0.0222222
1 0.853906 0.340278 0.015625 0.0194444
0 0.0883789 0.884722 0.176758 0.230556
1 0.945312 0.755556 0.0125 0.0194444
0 0.755469 0.432639 0.0640625 0.0972222
1 0.85625 0.342361 0.01875 0.0194444
1 0.939844 0.572917 0.0109375 0.01875
1 0.94375 0.754167 0.015625 0.025
0 0.209375 0.610764 0.0210938 0.0270833
2 0.755469 0.432639 0.0640625 0.0972222
1 0.233789 0.595139 0.0164062 0.0222222
1 0.953125 0.894444 0.0109375 0.0166667
0 0.233789 0.595139 0.0164062 0.0222222
0 0.120215 0.676042 0.217773 0.195139
0 0.167383 0.656944 0.109375 0.105556
1 0.257031 0.583681 0.015625 0.0243056
1 0.942969 0.702778 0.0125 0.0166667
1 0.94375 0.705556 0.0109375 0.0166667
1 0.367578 0.467361 0.00625 0.0152778
1 0.755469 0.432639 0.0640625 0.0986111
0 0.257031 0.583681 0.015625 0.0243056
1 0.851562 0.340972 0.01875 0.0222222
0 0.209766 0.615278 0.0226563 0.0319444
0 0.153906 0.676389 0.146094 0.168056
1 0.3875 0.301042 0.00625 0.0145833
1 0.344531 0.46875 0.00859375 0.0180556
0 0.256641 0.587847 0.0179687 0.0284722
1 0.234766 0.598264 0.0140625 0.0277778
1 0.256641 0.587847 0.0179687 0.0284722
1 0.84375 0.711111 0.0125 0.0138889
1 0.342969 0.128906 0.0078125 0.0199653
0 0.278516 0.598611 0.0109375 0.0180556
0 0.960938 0.841667 0.015625 0.0222222
1 0.957812 0.829167 0.015625 0.0194444
3 0.755469 0.432639 0.0640625 0.0986111
0 0.0407227 0.723611 0.0814453 0.0861111
0 0.0768066 0.909028 0.153613 0.181944
0 0.411719 0.195486 0.0367187 0.0777778
1 0.959375 0.843056 0.01875 0.0222222
1 0.853906 0.340278 0.015625 0.0194444
1 0.945312 0.755556 0.0125 0.0194444
0 0.0879883 0.885417 0.175977 0.229167
0 0.755469 0.432639 0.0640625 0.0972222
1 0.85625 0.342361 0.01875 0.0194444
1 0.939844 0.572917 0.0109375 0.01875
1 0.94375 0.754167 0.015625 0.025
0 0.209375 0.610764 0.0210938 0.0270833
2 0.755469 0.432639 0.0640625 0.0972222
1 0.233789 0.595486 0.0164062 0.0229167
1 0.953125 0.894444 0.0109375 0.0166667
0 0.233789 0.595486 0.0164062 0.0229167
0 0.170898 0.65625 0.102344 0.101389
1 0.942969 0.702778 0.0125 0.0166667
0 0.119531 0.676389 0.21875 0.195833
1 0.257031 0.583681 0.015625 0.0243056
1 0.94375 0.705556 0.0109375 0.0166667
1 0.367578 0.467361 0.00625 0.0152778
1 0.755469 0.432639 0.0640625 0.0986111
0 0.257031 0.583681 0.015625 0.0243056
1 0.851562 0.340972 0.01875 0.0222222
0 0.20957 0.615278 0.0230469 0.0319444
1 0.3875 0.300868 0.00625 0.0149306
1 0.344531 0.46875 0.00859375 0.0180556
0 0.154297 0.676042 0.144531 0.165972
0 0.256641 0.587847 0.0179687 0.0284722
1 0.256641 0.587847 0.0179687 0.0284722
1 0.342969 0.128819 0.0078125 0.0201389
1 0.844531 0.711111 0.0125 0.0138889
1 0.948438 0.752778 0.01875 0.025
0 0.278516 0.598611 0.0109375 0.0180556
3 0.755469 0.432639 0.0640625 0.0986111
0 0.0406738 0.723611 0.0813477 0.0861111
0 0.411719 0.195139 0.0367187 0.0784722
0 0.0764648 0.909375 0.15293 0.18125
1 0.959375 0.84375 0.01875 0.0208333
1 0.854688 0.340278 0.015625 0.0194444
1 0.960938 0.841667 0.015625 0.0222222
1 0.945312 0.755556 0.0125 0.0194444
0 0.755469 0.432639 0.0640625 0.0972222
1 0.85625 0.342361 0.01875 0.0194444
1 0.939844 0.572917 0.0109375 0.01875
0 0.0875977 0.886111 0.175195 0.227778
1 0.94375 0.753472 0.015625 0.0236111
0 0.209375 0.610764 0.0210938 0.0270833
2 0.755469 0.432639 0.0640625 0.0972222
1 0.233789 0.595833 0.0164062 0.0222222
1 0.953125 0.894444 0.0109375 0.0166667
0 0.233789 0.595833 0.0164062 0.0222222
1 0.942969 0.702778 0.0125 0.0166667
0 0.170117 0.65625 0.103906 0.101389
1 0.257031 0.583681 0.015625 0.0243056
0 0.119531 0.676389 0.21875 0.195833
1 0.367578 0.467361 0.00664063 0.0152778
1 0.94375 0.705556 0.009375 0.0166667
1 0.755469 0.432639 0.0640625 0.0986111
0 0.257031 0.583681 0.015625 0.0243056
1 0.851562 0.340972 0.01875 0.0222222
0 0.20957 0.615278 0.0230469 0.0319444
1 0.344531 0.46875 0.00859375 0.0180556
1 0.3875 0.301042 0.00625 0.0152778
0 0.256641 0.587847 0.0179687 0.0284722
0 0.145117 0.681944 0.163281 0.166667
1 0.342969 0.128819 0.0078125 0.0204861
1 0.256641 0.587847 0.0179687 0.0284722
0 0.278516 0.598611 0.0109375 0.0180556
3 0.755469 0.432639 0.0640625 0.0986111
0 0.0406738 0.723611 0.0813477 0.0861111
0 0.411719 0.195486 0.0359375 0.0777778
0 0.0764648 0.909375 0.15293 0.18125
1 0.959375 0.84375 0.01875 0.0208333
1 0.854688 0.340278 0.015625 0.0194444
1 0.960938 0.841667 0.015625 0.0222222
1 0.945312 0.755556 0.0125 0.0194444
0 0.755469 0.432639 0.0640625 0.0972222
1 0.85625 0.342361 0.01875 0.0194444
1 0.939844 0.572917 0.0109375 0.01875
0 0.0875977 0.886111 0.175195 0.227778
1 0.94375 0.754167 0.015625 0.025
0 0.209375 0.610764 0.0210938 0.0270833
2 0.755469 0.432639 0.0640625 0.0972222
1 0.233789 0.595833 0.0164062 0.0222222
1 0.953125 0.894444 0.0109375 0.0166667
0 0.233789 0.595833 0.0164062 0.0222222
1 0.942969 0.702778 0.0125 0.0166667
1 0.257031 0.583681 0.015625 0.0243056
0 0.169238 0.656944 0.105664 0.102778
0 0.119434 0.676389 0.218945 0.195833
1 0.94375 0.705556 0.0109375 0.0166667
1 0.367578 0.467361 0.00664063 0.0152778
1 0.755469 0.432639 0.0640625 0.0986111
0 0.257031 0.583681 0.015625 0.0243056
1 0.851562 0.340972 0.01875 0.0222222
0 0.20957 0.615278 0.0230469 0.0319444
1 0.344531 0.46875 0.00859375 0.0180556
1 0.3875 0.301042 0.00625 0.0152778
0 0.256641 0.587847 0.0179687 0.0284722
0 0.14502 0.681771 0.163086 0.167014
1 0.342969 0.128819 0.0078125 0.0204861
1 0.256641 0.587847 0.0179687 0.0284722
0 0.278516 0.598611 0.0109375 0.0180556
