0 0.611719 0.605833 0.03125 0.0333333
1 0.611719 0.605833 0.03125 0.0341667
1 0.6 0.765833 0.0078125 0.0133333
1 0.401953 0.0320573 0.0242187 0.0641146
1 0.33125 0.3875 0.0132813 0.02
0 0.00917969 0.41 0.0166992 0.025
1 0.346484 0.439167 0.009375 0.0175
1 0.00932617 0.412917 0.0157227 0.0216667
1 0.323828 0.38875 0.0148437 0.0216667
1 0.400781 0.0422917 0.0296875 0.0845833
1 0.390625 0.404167 0.0117188 0.0208333
1 0.396094 0.0739583 0.0171875 0.0385417
1 0.33418 0.3975 0.0199219 0.0291667
1 0.338477 0.400104 0.0140625 0.0247917
1 0.611719 0.605 0.0296875 0.0325
0 0.611719 0.605 0.0304688 0.0316667
1 0.6 0.7675 0.0078125 0.0133333
1 0.4 0.0304427 0.0234375 0.0608854
1 0.330078 0.390417 0.0226563 0.0275
1 0.33125 0.395417 0.0265625 0.0366667
3 0.611719 0.605 0.0296875 0.0325
1 0.611719 0.605 0.0296875 0.0316667
0 0.611719 0.605417 0.0296875 0.0325
1 0.599219 0.765417 0.009375 0.015
1 0.4 0.0413021 0.0265625 0.0826042
0 0.599219 0.765417 0.009375 0.015
0 0.00969238 0.41 0.0183105 0.0283333
0 0.4 0.0413021 0.0265625 0.0826042
1 0.389062 0.405 0.0140625 0.0216667
1 0.598437 0.7625 0.0140625 0.0216667
1 0.00964355 0.412083 0.0182129 0.025
1 0.580469 0.8125 0.0140625 0.02
1 0.385938 0.405833 0.0140625 0.0233333
0 0.521875 0.9675 0.03125 0.0633333
1 0.611719 0.604583 0.0296875 0.0325
0 0.611719 0.604583 0.0296875 0.0325
1 0.599609 0.765833 0.00859375 0.0166667
1 0.389844 0.405833 0.0125 0.0216667
1 0.384375 0.404167 0.0125 0.025
0 0.599609 0.765833 0.00859375 0.0166667
1 0.34668 0.43875 0.009375 0.0175
1 0.598437 0.7625 0.0125 0.02
1 0.580859 0.811667 0.0125 0.0233333
1 0.45625 0.40875 0.00859375 0.02
2 0.611719 0.604583 0.0296875 0.0325
1 0.382812 0.404271 0.0171875 0.0347917
1 0.611719 0.605 0.0296875 0.0316667
0 0.611719 0.605 0.0289063 0.0333333
1 0.599609 0.766667 0.00859375 0.015
0 0.599609 0.766667 0.00859375 0.015
1 0.598437 0.762083 0.0125 0.0208333
1 0.389844 0.405833 0.0125 0.0216667
1 0.34668 0.4375 0.009375 0.0166667
1 0.331445 0.389792 0.0199219 0.0245833
1 0.333984 0.39875 0.0210938 0.0275
1 0.385938 0.403333 0.0148437 0.0225
1 0.326562 0.388958 0.021875 0.0229167
1 0.58125 0.812083 0.0109375 0.0208333
1 0.329102 0.394583 0.0265625 0.0325
1 0.611719 0.604167 0.0296875 0.0333333
0 0.611719 0.604167 0.0296875 0.0333333
1 0.599609 0.765833 0.00859375 0.0183333
1 0.598437 0.7625 0.0125 0.0216667
0 0.599609 0.765833 0.00859375 0.0183333
1 0.390625 0.405833 0.0125 0.0233333
1 0.330469 0.390208 0.0179687 0.02625
1 0.581641 0.814167 0.0132813 0.025
1 0.333789 0.398438 0.0207031 0.0314583
1 0.337109 0.399167 0.0171875 0.0275
1 0.385938 0.403333 0.015625 0.0258333
1 0.324219 0.389583 0.0171875 0.025
1 0.599219 0.7675 0.0140625 0.0283333
1 0.346484 0.438333 0.00859375 0.0175
1 0.600781 0.763333 0.0125 0.0241667
1 0.610937 0.598333 0.028125 0.0383333
1 0.611719 0.604583 0.0296875 0.0325
0 0.611719 0.604583 0.0296875 0.0325
1 0.599219 0.765833 0.00859375 0.0208333
0 0.599219 0.765833 0.00859375 0.0208333
1 0.598437 0.761667 0.0109375 0.0216667
1 0.58125 0.813333 0.0125 0.0233333
2 0.611719 0.604583 0.0296875 0.0325
1 0.611719 0.604167 0.0296875 0.0325
0 0.611719 0.604167 0.0296875 0.0325
1 0.599219 0.765 0.0078125 0.02
0 0.599219 0.765 0.0078125 0.02
1 0.598437 0.76125 0.0109375 0.0208333
1 0.58125 0.813333 0.0125 0.0216667
0 0.010498 0.409167 0.0167969 0.0216667
1 0.391016 0.405833 0.0109375 0.0191667
1 0.0118896 0.411667 0.0160645 0.0183333
2 0.611719 0.604167 0.0296875 0.0325
0 0.0118896 0.411667 0.0160645 0.0183333
1 0.611719 0.604167 0.0296875 0.0316667
0 0.611719 0.604167 0.0296875 0.0316667
1 0.599219 0.765 0.00859375 0.02
0 0.599219 0.765 0.00859375 0.02
1 0.58125 0.8125 0.0125 0.0216667
1 0.598437 0.76125 0.0117188 0.0208333
1 0.390625 0.40625 0.0109375 0.02
1 0.346289 0.437083 0.00898437 0.0158333
2 0.611719 0.604167 0.0296875 0.0316667
1 0.386328 0.404583 0.015625 0.0208333
1 0.611719 0.604167 0.0296875 0.0316667
0 0.611719 0.604583 0.0296875 0.0316667
1 0.599219 0.765417 0.0078125 0.0183333
0 0.599219 0.765417 0.0078125 0.0183333
1 0.598047 0.76125 0.0109375 0.02
1 0.58125 0.8125 0.0125 0.02
1 0.346484 0.4375 0.00859375 0.015
1 0.391406 0.405833 0.0109375 0.0183333
0 0.290039 0.778333 0.109766 0.0616667
1 0.385156 0.404167 0.0132813 0.02
1 0.330859 0.387917 0.0140625 0.0225
1 0.338672 0.400729 0.0140625 0.021875
1 0.607813 0.433333 0.009375 0.0216667
1 0.324219 0.387917 0.0179687 0.0225
1 0.611719 0.604583 0.0296875 0.0325
0 0.611719 0.604583 0.0296875 0.0325
1 0.599609 0.765 0.00859375 0.0183333
0 0.599609 0.765 0.00859375 0.0183333
1 0.598437 0.761667 0.0109375 0.02
1 0.391406 0.405833 0.0109375 0.02
1 0.581641 0.813333 0.0125 0.0216667
1 0.346289 0.4375 0.00898437 0.0166667
1 0.385938 0.404167 0.015625 0.0216667
1 0.338672 0.400937 0.0148437 0.023125
1 0.331055 0.388542 0.0148437 0.02375
1 0.324609 0.388542 0.01875 0.02375
1 0.334766 0.399583 0.0179687 0.0275
1 0.611719 0.604167 0.0296875 0.0316667
0 0.611719 0.604167 0.0296875 0.0316667
1 0.599219 0.765 0.009375 0.0183333
0 0.599219 0.765 0.009375 0.0183333
1 0.598437 0.76125 0.0109375 0.0208333
1 0.391406 0.405833 0.0109375 0.0208333
1 0.582031 0.813333 0.0125 0.0233333
1 0.385938 0.404167 0.015625 0.0225
1 0.346289 0.438333 0.00898437 0.0166667
1 0.338867 0.400729 0.0144531 0.0235417
1 0.33125 0.388333 0.0152344 0.0241667
1 0.611719 0.604167 0.0296875 0.0316667
0 0.611719 0.604167 0.0296875 0.0316667
1 0.599609 0.765 0.00859375 0.0183333
0 0.599609 0.765 0.00859375 0.0183333
1 0.598437 0.76125 0.0109375 0.0208333
1 0.581641 0.813333 0.0125 0.0233333
1 0.391406 0.405833 0.0109375 0.0216667
1 0.385938 0.404271 0.0148437 0.023125
1 0.346484 0.438333 0.009375 0.0175
1 0.611719 0.604167 0.0296875 0.0316667
0 0.611719 0.604167 0.0296875 0.0316667
1 0.599219 0.765 0.0078125 0.0183333
0 0.599219 0.765 0.0078125 0.0183333
1 0.598437 0.76125 0.0109375 0.0208333
1 0.581641 0.813333 0.0125 0.0233333
1 0.391406 0.405833 0.0109375 0.0216667
1 0.346484 0.438333 0.009375 0.0183333
1 0.385938 0.404167 0.0140625 0.0225
1 0.339063 0.400833 0.0140625 0.025
1 0.611719 0.604167 0.0296875 0.0316667
0 0.611719 0.604167 0.0296875 0.0316667
1 0.599219 0.764583 0.0078125 0.0183333
0 0.599219 0.764583 0.0078125 0.0183333
1 0.598437 0.76125 0.0109375 0.0208333
1 0.581641 0.813333 0.0125 0.0233333
1 0.391406 0.405833 0.0109375 0.0216667
1 0.346484 0.438333 0.009375 0.0183333
1 0.385938 0.404167 0.0140625 0.0225
1 0.611719 0.604167 0.0296875 0.0316667
0 0.611719 0.604167 0.0296875 0.0316667
1 0.599219 0.764583 0.0078125 0.0183333
0 0.599219 0.764583 0.0078125 0.0183333
1 0.598437 0.76125 0.0109375 0.0208333
1 0.581641 0.813333 0.0125 0.0233333
1 0.391406 0.40625 0.0101562 0.0208333
1 0.385938 0.404167 0.0140625 0.0225
1 0.346484 0.438333 0.009375 0.0183333
1 0.611719 0.604167 0.0296875 0.0316667
0 0.611719 0.604167 0.0296875 0.0316667
1 0.599219 0.764583 0.0078125 0.0183333
0 0.599219 0.764583 0.0078125 0.0183333
1 0.598437 0.76125 0.0109375 0.0208333
1 0.581641 0.813333 0.0125 0.0233333
1 0.391406 0.40625 0.0101562 0.0208333
1 0.385938 0.404271 0.0140625 0.023125
1 0.611719 0.604167 0.0296875 0.0316667
0 0.611719 0.604167 0.0296875 0.0316667
1 0.599219 0.764583 0.0078125 0.0183333
1 0.598437 0.76125 0.0109375 0.0208333
0 0.599219 0.764583 0.0078125 0.0183333
1 0.581641 0.812917 0.0125 0.0241667
1 0.391406 0.40625 0.0101562 0.0208333
1 0.611719 0.604167 0.0296875 0.0316667
0 0.611719 0.604167 0.0296875 0.0316667
1 0.599609 0.764583 0.00859375 0.0183333
1 0.598437 0.76125 0.0109375 0.0208333
0 0.599609 0.764583 0.00859375 0.0183333
1 0.581641 0.812917 0.0125 0.0241667
1 0.391406 0.406667 0.0101562 0.02
1 0.611719 0.604167 0.0296875 0.0316667
0 0.611719 0.604167 0.0296875 0.0316667
1 0.599219 0.764583 0.0078125 0.0183333
1 0.598437 0.76125 0.0109375 0.0208333
0 0.599219 0.764583 0.0078125 0.0183333
1 0.581641 0.813333 0.0125 0.0233333
1 0.391406 0.406667 0.009375 0.02
1 0.611719 0.604167 0.0296875 0.0316667
0 0.611719 0.604167 0.0296875 0.0316667
1 0.599609 0.765 0.00859375 0.0183333
1 0.598437 0.761667 0.0109375 0.02
0 0.599609 0.765 0.00859375 0.0183333
1 0.581641 0.8125 0.0125 0.0233333
1 0.391406 0.406667 0.009375 0.02
1 0.611719 0.604583 0.0296875 0.0325
0 0.611719 0.604583 0.0296875 0.0325
1 0.6 0.764167 0.0078125 0.0183333
1 0.598437 0.761667 0.0109375 0.02
0 0.6 0.764167 0.0078125 0.0183333
1 0.581641 0.8125 0.0125 0.0233333
1 0.391406 0.406667 0.009375 0.02
1 0.611719 0.604583 0.0296875 0.0325
0 0.611719 0.604583 0.0296875 0.0325
1 0.6 0.764167 0.0078125 0.0183333
1 0.598437 0.761667 0.0109375 0.02
0 0.6 0.764167 0.0078125 0.0183333
1 0.581641 0.8125 0.0125 0.0233333
1 0.611719 0.604583 0.0296875 0.0325
0 0.611719 0.604583 0.0296875 0.0325
1 0.6 0.764167 0.0078125 0.0183333
1 0.598437 0.761667 0.0109375 0.02
0 0.6 0.764167 0.0078125 0.0183333
1 0.581641 0.8125 0.0125 0.0233333
1 0.611719 0.604583 0.0296875 0.0325
0 0.611719 0.604583 0.0296875 0.0325
1 0.6 0.764167 0.0078125 0.0183333
1 0.598437 0.76125 0.0117188 0.02
0 0.6 0.764167 0.0078125 0.0183333
1 0.611719 0.604583 0.0296875 0.0325
0 0.611719 0.604583 0.0296875 0.0325
1 0.6 0.764167 0.0078125 0.0183333
1 0.598437 0.76125 0.0117188 0.02
0 0.6 0.764167 0.0078125 0.0183333
