0 0.199414 0.0437934 0.0816406 0.0846354
1 0.208984 0.841667 0.0148437 0.0291667
1 0.209375 0.835417 0.0171875 0.0430556
2 0.198877 0.0429688 0.0811523 0.0828125
1 0.213867 0.825694 0.0128906 0.0291667
0 0.209375 0.835417 0.0171875 0.0430556
1 0.212109 0.833333 0.0195312 0.0444444
1 0.199561 0.0435004 0.0813477 0.0850477
0 0.201221 0.0424045 0.0756836 0.0825521
2 0.201221 0.0424045 0.0756836 0.0825521
0 0.192139 0.0238281 0.0665039 0.0429688
1 0.208789 0.841667 0.015625 0.0305556
1 0.208594 0.834722 0.0191406 0.0472222
0 0.202148 0.0434896 0.0726563 0.0869792
0 0.199414 0.0246528 0.078125 0.0493056
0 0.183008 0.0199219 0.046875 0.0388021
1 0.209375 0.842361 0.0140625 0.0291667
2 0.204688 0.0418511 0.0683594 0.0817491
1 0.214453 0.826389 0.0109375 0.0305556
0 0.203516 0.0427517 0.0734375 0.0796007
0 0.192578 0.0231337 0.0679687 0.0389757
2 0.201367 0.0428819 0.0761719 0.0807292
1 0.198828 0.0408963 0.0800781 0.080013
0 0.201367 0.0429579 0.0765625 0.0797092
0 0.195508 0.0223524 0.0746094 0.0369792
1 0.20957 0.844444 0.0140625 0.0263889
1 0.214258 0.827778 0.0121094 0.0305556
1 0.209766 0.832639 0.01875 0.05
0 0.197656 0.0174045 0.0613281 0.033941
0 0.200195 0.044401 0.0808594 0.0841146
0 0.194531 0.0252604 0.0730469 0.0414931
1 0.209766 0.843056 0.0148437 0.0277778
1 0.209375 0.831944 0.0203125 0.0527778
0 0.209766 0.843056 0.0148437 0.0277778
1 0.213672 0.829167 0.0132813 0.0361111
1 0.211719 0.834028 0.01875 0.0444444
0 0.209375 0.831944 0.0203125 0.0527778
1 0.2 0.0442708 0.0820312 0.0840278
0 0.200586 0.817361 0.0394531 0.0972222
0 0.2 0.0429253 0.0828125 0.0835937
1 0.209766 0.841667 0.015625 0.0305556
1 0.209766 0.832639 0.0195312 0.0486111
1 0.213672 0.830556 0.0132813 0.0388889
1 0.200049 0.0436198 0.0834961 0.0825521
0 0.199805 0.0425347 0.0808594 0.0805556
1 0.209375 0.838889 0.0179687 0.0388889
1 0.209375 0.832639 0.0203125 0.0513889
1 0.213086 0.831944 0.0148437 0.0444444
1 0.203125 0.825 0.0320312 0.0722222
0 0.209375 0.838889 0.0179687 0.0388889
0 0.196875 0.0230143 0.078125 0.0400825
0 0.198242 0.0427517 0.08125 0.0818576
1 0.209766 0.840278 0.015625 0.0333333
1 0.209375 0.833333 0.01875 0.0486111
1 0.213281 0.829861 0.0132813 0.0388889
1 0.211719 0.834028 0.01875 0.0430556
0 0.199219 0.0429253 0.08125 0.0828993
1 0.20957 0.842361 0.0144531 0.0291667
1 0.210156 0.834722 0.0171875 0.0430556
1 0.214062 0.824306 0.0117188 0.025
1 0.211523 0.836111 0.0136719 0.0361111
1 0.203711 0.830556 0.0285156 0.0555556
0 0.199805 0.042806 0.0828125 0.0841797
1 0.209375 0.842361 0.0140625 0.0291667
1 0.210156 0.834722 0.0171875 0.0416667
1 0.214062 0.823611 0.0117188 0.0222222
1 0.209766 0.845833 0.0164062 0.0472222
1 0.202344 0.827778 0.025 0.0472222
0 0.199805 0.0428819 0.0824219 0.0840278
1 0.209375 0.841667 0.0140625 0.0305556
1 0.214258 0.822222 0.0113281 0.0222222
1 0.210156 0.834722 0.0171875 0.0416667
0 0.199951 0.0428385 0.0821289 0.0837674
1 0.209375 0.842361 0.0136719 0.0291667
1 0.214453 0.822222 0.0109375 0.0208333
1 0.210156 0.834722 0.0164062 0.0416667
1 0.211719 0.836806 0.0132813 0.0333333
0 0.199951 0.0427083 0.0821289 0.0836806
1 0.209375 0.842361 0.0140625 0.0291667
1 0.214258 0.822222 0.0113281 0.0222222
1 0.210156 0.834722 0.0164062 0.0416667
1 0.211719 0.836806 0.0136719 0.0347222
0 0.194336 0.0224826 0.0726563 0.0385417
1 0.200781 0.825 0.0226563 0.0416667
1 0.209766 0.846528 0.0164062 0.0472222
0 0.199805 0.0426649 0.0824219 0.0837674
1 0.209375 0.841667 0.0136719 0.0277778
1 0.214258 0.822222 0.0113281 0.0222222
1 0.210156 0.834722 0.0164062 0.0416667
1 0.211719 0.836806 0.0132813 0.0347222
0 0.199658 0.0276476 0.0834961 0.0519965
0 0.193945 0.0224826 0.0714844 0.0387153
1 0.201367 0.825694 0.0234375 0.0444444
0 0.199951 0.0426649 0.0821289 0.083941
1 0.209375 0.842361 0.0136719 0.0291667
1 0.214258 0.822222 0.0109375 0.0208333
1 0.210156 0.834722 0.0164062 0.0416667
1 0.211719 0.8375 0.0132813 0.0333333
0 0.199561 0.0264323 0.0829102 0.0497396
0 0.19375 0.0223958 0.0710938 0.0388889
0 0.199805 0.0427083 0.0820312 0.0838542
1 0.209375 0.843056 0.0132813 0.0277778
1 0.214258 0.822222 0.0109375 0.0208333
1 0.210156 0.834722 0.0164062 0.0416667
1 0.211719 0.8375 0.0132813 0.0333333
0 0.199414 0.0260308 0.0828125 0.0488064
0 0.193359 0.0223958 0.0703125 0.0388021
0 0.200049 0.042806 0.0819336 0.0838325
1 0.209375 0.843056 0.0132813 0.0277778
1 0.214258 0.821528 0.0109375 0.0208333
1 0.210156 0.834028 0.0160156 0.0402778
1 0.211719 0.8375 0.0132813 0.0347222
0 0.19917 0.0253472 0.0821289 0.0472222
0 0.2 0.0428385 0.0816406 0.0837674
1 0.209375 0.842361 0.0132813 0.0291667
1 0.214062 0.821528 0.0109375 0.0208333
1 0.210156 0.834722 0.0164062 0.0416667
0 0.199414 0.0254774 0.0820312 0.0474826
0 0.193408 0.0224718 0.0702148 0.0389106
0 0.2 0.0428385 0.0816406 0.0837674
1 0.209375 0.842361 0.0136719 0.0291667
1 0.214062 0.822222 0.0109375 0.0222222
1 0.210156 0.834722 0.0164062 0.0416667
0 0.199219 0.0254232 0.0820312 0.0472439
0 0.199951 0.0427517 0.0813477 0.0835937
1 0.209375 0.842361 0.0136719 0.0291667
1 0.214062 0.822222 0.0109375 0.0222222
1 0.210156 0.834028 0.0164062 0.0416667
0 0.199268 0.025217 0.0819336 0.046875
1 0.211328 0.838194 0.0140625 0.0361111
0 0.192627 0.0224718 0.0686523 0.0390842
1 0.209375 0.847222 0.015625 0.0458333
0 0.199951 0.0426649 0.0813477 0.0834201
1 0.209375 0.842361 0.0136719 0.0291667
1 0.214062 0.822222 0.0109375 0.0222222
0 0.199268 0.0250977 0.0819336 0.0466797
1 0.210156 0.834028 0.0164062 0.0416667
1 0.211328 0.838889 0.0140625 0.0361111
0 0.192529 0.0224826 0.0680664 0.0392361
0 0.200049 0.0425781 0.0811523 0.0832465
1 0.209375 0.842361 0.0136719 0.0291667
1 0.214062 0.821528 0.0109375 0.0222222
0 0.199219 0.0248698 0.0816406 0.0462674
1 0.210156 0.834028 0.0164062 0.0416667
1 0.211328 0.838889 0.0144531 0.0361111
1 0.209375 0.847222 0.0152344 0.0444444
0 0.198828 0.0394965 0.0804688 0.0753472
1 0.209375 0.842361 0.0136719 0.0291667
0 0.199219 0.0245768 0.08125 0.045638
1 0.214062 0.821528 0.0113281 0.0222222
1 0.210156 0.834028 0.0164062 0.0416667
1 0.211328 0.838889 0.0148437 0.0361111
1 0.209375 0.847222 0.015625 0.0458333
0 0.198877 0.0391927 0.0803711 0.074566
1 0.209375 0.842361 0.0132813 0.0291667
0 0.199268 0.0244792 0.0811523 0.0453125
1 0.214258 0.820833 0.0113281 0.0222222
1 0.210352 0.834028 0.0164062 0.0416667
1 0.209375 0.847222 0.015625 0.0458333
0 0.198877 0.0392361 0.0803711 0.0746528
1 0.209375 0.842361 0.0132813 0.0291667
0 0.199268 0.0245226 0.0811523 0.0453993
1 0.214258 0.820833 0.0113281 0.0222222
1 0.210352 0.834028 0.0164062 0.0416667
1 0.209375 0.847222 0.015625 0.0458333
