3 0.689062 0.100521 0.0671875 0.0965278
2 0.447656 0.570139 0.0804688 0.132639
0 0.0293823 0.338542 0.0578369 0.0777778
1 0.445703 0.564236 0.009375 0.0291667
1 0.657031 0.2625 0.0140625 0.0277778
1 0.659375 0.257986 0.0140625 0.0243056
1 0.445312 0.570139 0.0101562 0.0319444
1 0.029541 0.338976 0.0578125 0.0776042
2 0.446875 0.592361 0.078125 0.0861111
1 0.867188 0.450694 0.015625 0.0208333
1 0.654688 0.266667 0.015625 0.0298611
2 0.689453 0.101063 0.06875 0.094401
1 0.661328 0.264583 0.0164062 0.0298611
3 0.446875 0.570139 0.08125 0.134722
0 0.0980469 0.308854 0.0505859 0.0572917
0 0.657031 0.2625 0.0140625 0.0277778
2 0.446484 0.535764 0.0726563 0.0645833
2 0.029248 0.338281 0.0575195 0.0776042
2 0.434766 0.589583 0.0546875 0.0916667
2 0.451953 0.578472 0.0226563 0.108333
0 0.992188 0.625694 0.015625 0.0236111
1 0.652344 0.265972 0.021875 0.0322917
0 0.867188 0.450694 0.015625 0.0208333
1 0.821875 0.780556 0.0125 0.0194444
1 0.658594 0.269618 0.0140625 0.0413194
1 0.0944336 0.314236 0.0427734 0.0368056
0 0.445703 0.564236 0.009375 0.0291667
0 0.445312 0.570139 0.0101562 0.0319444
1 0.830469 0.842361 0.015625 0.0194444
1 0.867188 0.456944 0.0171875 0.0222222
1 0.864062 0.451389 0.01875 0.0222222
0 0.0944336 0.314236 0.0427734 0.0368056
1 0.0739258 0.314931 0.0179687 0.0284722
3 0.434766 0.589583 0.0546875 0.0916667
1 0.0980469 0.308854 0.0505859 0.0572917
0 0.0873047 0.2125 0.0318359 0.0364583
1 0.6375 0.650694 0.0078125 0.0215278
0 0.0836182 0.244792 0.0378418 0.0413194
1 0.821875 0.797222 0.015625 0.0361111
0 0.0863281 0.221528 0.0402344 0.0534722
0 0.989062 0.625 0.01875 0.0208333
1 0.0945313 0.299306 0.0371094 0.0472222
1 0.991406 0.628472 0.0171875 0.0270833
0 0.991406 0.631944 0.0171875 0.0347222
1 0.660156 0.258333 0.0195312 0.0305556
1 0.828125 0.640278 0.01875 0.0194444
1 0.865625 0.440278 0.0109375 0.0180556
0 0.445312 0.55625 0.075 0.106944
0 0.0892334 0.255382 0.0535645 0.0628472
3 0.029248 0.338281 0.0575195 0.0776042
3 0.447656 0.5875 0.0773437 0.0979167
0 0.661328 0.264583 0.0164062 0.0298611
1 0.689062 0.101128 0.06875 0.0949653
1 0.989062 0.625 0.01875 0.0208333
2 0.0980469 0.308854 0.0505859 0.0572917
1 0.828125 0.629167 0.0171875 0.0180556
0 0.030188 0.414583 0.0595459 0.0916667
1 0.702344 0.102257 0.0203125 0.0322917
1 0.0953125 0.317014 0.0472656 0.0479167
0 0.434766 0.589583 0.0546875 0.0916667
0 0.867188 0.456944 0.0171875 0.0222222
0 0.0953125 0.317014 0.0472656 0.0479167
0 0.0945313 0.299306 0.0371094 0.0472222
3 0.445312 0.570139 0.0101562 0.0319444
1 0.833594 0.598264 0.0109375 0.0159722
0 0.652344 0.265972 0.021875 0.0322917
1 0.0097168 0.285243 0.0148437 0.0302083
2 0.449609 0.549306 0.0757812 0.0916667
0 0.0984375 0.00429688 0.0136719 0.00859375
0 0.657812 0.25625 0.015625 0.0256944
0 0.0921875 0.24184 0.0435547 0.0600694
1 0.0873047 0.2125 0.0318359 0.0364583
1 0.992188 0.625694 0.015625 0.0236111
0 0.864062 0.451389 0.01875 0.0222222
1 0.0240723 0.390972 0.0481445 0.0756944
1 0.0984375 0.00429688 0.0136719 0.00859375
0 0.0833008 0.256597 0.0462891 0.0520833
1 0.8625 0.459375 0.021875 0.0215278
1 0.826563 0.63125 0.0171875 0.0208333
0 0.0922852 0.217535 0.0386719 0.0482639
1 0.453516 0.5625 0.0148437 0.0541667
0 0.995313 0.594444 0.009375 0.0194444
1 0.825 0.843056 0.0203125 0.0166667
0 0.0907227 0.259549 0.0367187 0.0520833
0 0.996094 0.157292 0.0078125 0.0215278
1 0.991406 0.619792 0.015625 0.0215278
0 0.991406 0.619792 0.015625 0.0215278
0 0.0803711 0.242535 0.0498047 0.0534722
0 0.0836182 0.228299 0.0460449 0.0649306
1 0.447656 0.570139 0.08125 0.135417
0 0.09729 0.28125 0.044873 0.0708333
1 0.437109 0.560069 0.040625 0.0590278
0 0.995313 0.584028 0.009375 0.0194444
3 0.451953 0.578472 0.0226563 0.108333
1 0.0078125 0.375 0.0151855 0.0458333
1 0.823438 0.798611 0.01875 0.0430556
0 0.689062 0.101128 0.06875 0.0949653
1 0.995313 0.594444 0.009375 0.0194444
3 0.689062 0.101736 0.0679687 0.0961806
2 0.447266 0.570139 0.0804688 0.132639
0 0.0293823 0.339497 0.0578369 0.0737847
1 0.445312 0.565972 0.009375 0.0319444
1 0.657812 0.262153 0.015625 0.0236111
1 0.659375 0.257292 0.015625 0.0215278
1 0.611328 0.122309 0.0078125 0.0255208
0 0.0984131 0.30434 0.0492676 0.0670139
1 0.658594 0.25434 0.0171875 0.021875
1 0.660937 0.263194 0.0171875 0.0270833
2 0.447266 0.594792 0.0742188 0.0826389
1 0.0290894 0.341319 0.0580322 0.0715278
1 0.867188 0.451389 0.015625 0.0208333
0 0.447656 0.569792 0.08125 0.132639
3 0.447656 0.569792 0.08125 0.132639
1 0.654688 0.268056 0.015625 0.0260417
0 0.657812 0.262153 0.015625 0.0236111
2 0.689062 0.100347 0.0671875 0.096875
1 0.306641 0.554167 0.0128906 0.0194444
0 0.0901367 0.315799 0.0353516 0.0357639
2 0.439063 0.579861 0.0617188 0.111806
0 0.659375 0.257292 0.015625 0.0215278
1 0.0992187 0.00742187 0.0113281 0.0135417
0 0.867188 0.451389 0.015625 0.0208333
1 0.822656 0.780556 0.0125 0.0194444
1 0.867969 0.457292 0.015625 0.0208333
1 0.6375 0.647917 0.0078125 0.025
1 0.992188 0.628472 0.015625 0.0305556
0 0.100977 0.282292 0.0488281 0.0944444
0 0.0992187 0.00742187 0.0113281 0.0135417
0 0.149219 0.158681 0.0203125 0.0489583
1 0.689453 0.10102 0.0679687 0.096224
0 0.0912109 0.211285 0.0292969 0.0322917
3 0.437891 0.575 0.0609375 0.119444
1 0.0735352 0.314931 0.0177734 0.0270833
0 0.09375 0.217014 0.0339844 0.0479167
0 0.689453 0.100868 0.0679687 0.0972222
1 0.453125 0.567361 0.0125 0.0645833
0 0.660937 0.263194 0.0171875 0.0270833
2 0.445703 0.542708 0.0742188 0.0784722
1 0.865625 0.441667 0.0125 0.0208333
1 0.829687 0.841667 0.015625 0.0180556
0 0.991406 0.626736 0.0171875 0.0277778
1 0.821875 0.796528 0.015625 0.0347222
0 0.0972656 0.295139 0.0429688 0.0666667
0 0.444922 0.570139 0.0101562 0.0340278
0 0.0970703 0.243056 0.0351562 0.0493056
1 0.658203 0.270833 0.0140625 0.0395833
1 0.832812 0.597222 0.0125 0.0180556
0 0.0735352 0.314931 0.0177734 0.0270833
1 0.610547 0.12474 0.009375 0.0288194
1 0.0901367 0.315799 0.0353516 0.0357639
0 0.611328 0.122309 0.0078125 0.0255208
1 0.864062 0.451736 0.01875 0.0229167
0 0.658594 0.25434 0.0171875 0.021875
1 0.447656 0.569792 0.08125 0.132639
0 0.102734 0.314236 0.0441406 0.0506944
1 0.989453 0.626042 0.0210938 0.0263889
0 0.0775635 0.320312 0.0269043 0.0413194
0 0.0899414 0.241319 0.0314453 0.0395833
0 0.0920898 0.244618 0.0259766 0.0322917
1 0.992188 0.623611 0.015625 0.0291667
2 0.448438 0.58125 0.01875 0.102778
0 0.0956055 0.316146 0.0488281 0.0795139
1 0.828125 0.639931 0.01875 0.01875
0 0.867969 0.457292 0.015625 0.0208333
1 0.303906 0.551389 0.0117188 0.0194444
0 0.19375 0.0947917 0.028125 0.0472222
1 0.991406 0.631944 0.0171875 0.0361111
2 0.0293945 0.340625 0.0581055 0.0722222
1 0.4375 0.556944 0.0609375 0.108333
1 0.447656 0.55625 0.0140625 0.0472222
0 0.0970703 0.276389 0.0417969 0.0611111
1 0.0988281 0.00505642 0.0148437 0.0101128
1 0.105078 0.995139 0.015625 0.00972222
0 0.992188 0.636111 0.015625 0.0611111
0 0.147461 0.312326 0.100781 0.065625
0 0.0988281 0.00505642 0.0148437 0.0101128
1 0.0978516 0.301389 0.0441406 0.0541667
0 0.149219 0.171528 0.028125 0.0815972
0 0.6375 0.647917 0.0078125 0.025
3 0.689453 0.100369 0.0671875 0.0989149
2 0.447656 0.570833 0.0796875 0.133333
1 0.445312 0.569444 0.0109375 0.0388889
0 0.0289063 0.339236 0.0578125 0.0777778
1 0.657812 0.263542 0.01875 0.0361111
1 0.029248 0.33967 0.0584961 0.0762153
2 0.0293945 0.3375 0.0583984 0.0798611
2 0.441016 0.5875 0.0640625 0.0958333
3 0.0293945 0.3375 0.0583984 0.0798611
1 0.653125 0.265278 0.0265625 0.0395833
1 0.611719 0.120747 0.009375 0.0260417
0 0.657812 0.263542 0.01875 0.0361111
1 0.867969 0.450694 0.015625 0.0222222
0 0.867969 0.450694 0.015625 0.0222222
2 0.433984 0.574653 0.0523437 0.118056
3 0.448438 0.570139 0.0820312 0.134028
0 0.0983398 0.308333 0.0515625 0.0631944
2 0.689844 0.0998047 0.0671875 0.0979601
0 0.653125 0.265278 0.0265625 0.0395833
1 0.6375 0.649653 0.0078125 0.0222222
2 0.446875 0.55 0.0796875 0.0930556
3 0.433984 0.574653 0.0523437 0.118056
3 0.441016 0.5875 0.0640625 0.0958333
0 0.448438 0.570139 0.0820312 0.134028
0 0.103125 0.318403 0.0421875 0.0631944
1 0.0755859 0.314931 0.0238281 0.0340278
1 0.0983398 0.308333 0.0515625 0.0631944
1 0.103125 0.318403 0.0421875 0.0631944
1 0.864062 0.452431 0.021875 0.0263889
1 0.0419434 0.344792 0.0294922 0.0604167
1 0.867188 0.455903 0.015625 0.025
1 0.0834961 0.314931 0.0267578 0.0395833
0 0.444531 0.568056 0.0109375 0.0388889
0 0.10918 0.328819 0.0335938 0.0770833
2 0.463281 0.575 0.0421875 0.121528
1 0.832812 0.597222 0.0140625 0.0208333
3 0.446094 0.552778 0.078125 0.0979167
1 0.689453 0.100369 0.0671875 0.0989149
3 0.0870117 0.214931 0.0449219 0.0451389
1 0.610937 0.124479 0.0109375 0.03125
1 0.867188 0.445833 0.015625 0.0277778
0 0.864062 0.452431 0.021875 0.0263889
0 0.0755859 0.314931 0.0238281 0.0340278
0 0.0870117 0.214931 0.0449219 0.0451389
2 0.444531 0.568056 0.0109375 0.0388889
0 0.0834961 0.314931 0.0267578 0.0395833
3 0.463281 0.575 0.0421875 0.121528
1 0.10918 0.328819 0.0335938 0.0770833
0 0.867188 0.455903 0.015625 0.025
0 0.995703 0.159028 0.00859375 0.0243056
1 0.0745117 0.318576 0.0302734 0.0461806
1 0.992188 0.628819 0.015625 0.0340278
3 0.689062 0.10089 0.0671875 0.097526
2 0.447656 0.570833 0.0796875 0.131944
0 0.029834 0.340625 0.0581055 0.0770833
1 0.444531 0.562847 0.009375 0.0243056
1 0.658203 0.262847 0.0164062 0.03125
2 0.444141 0.586111 0.071875 0.100694
1 0.0296753 0.341319 0.0584229 0.075
1 0.658594 0.257292 0.0171875 0.0284722
1 0.660547 0.263889 0.0179687 0.0354167
1 0.65625 0.265799 0.0171875 0.0354167
1 0.867188 0.451042 0.015625 0.0215278
1 0.611719 0.120833 0.00859375 0.0236111
2 0.445703 0.577083 0.0125 0.0625
1 0.445703 0.577083 0.0125 0.0625
2 0.433594 0.588889 0.05 0.0944444
0 0.867188 0.451042 0.015625 0.0215278
0 0.658203 0.262847 0.0164062 0.03125
1 0.658594 0.269444 0.0171875 0.0430556
0 0.447656 0.570486 0.08125 0.134028
0 0.0875244 0.215278 0.0491699 0.04375
0 0.097876 0.310243 0.0522949 0.0572917
1 0.689844 0.100955 0.0671875 0.0967014
1 0.307031 0.555556 0.0132813 0.0208333
0 0.105273 0.313368 0.0404297 0.0489583
0 0.660547 0.263889 0.0179687 0.0354167
1 0.15 0.155556 0.0236328 0.0434028
1 0.867969 0.45625 0.0140625 0.0236111
3 0.447656 0.570833 0.0796875 0.133333
0 0.445703 0.577083 0.0125 0.0625
1 0.6375 0.648611 0.00703125 0.0229167
1 0.864062 0.451389 0.01875 0.025
1 0.652344 0.267708 0.021875 0.0326389
0 0.15 0.155556 0.0236328 0.0434028
0 0.0956787 0.315278 0.0480957 0.0416667
3 0.445703 0.577083 0.0125 0.0625
1 0.100195 0.00766059 0.0132813 0.0153212
2 0.0297852 0.340625 0.0579102 0.0770833
0 0.0853516 0.219965 0.0527344 0.0579861
1 0.0956787 0.315278 0.0480957 0.0416667
1 0.823438 0.797222 0.015625 0.0416667
1 0.101953 0.313542 0.0410156 0.0486111
1 0.305469 0.553819 0.015625 0.0263889
0 0.097168 0.216319 0.0582031 0.0479167
0 0.0914307 0.231597 0.0624512 0.0659722
1 0.0756836 0.316319 0.0214844 0.0354167
0 0.0825195 0.236458 0.0521484 0.0506944
0 0.658594 0.269444 0.0171875 0.0430556
0 0.000170898 0.413889 0.000341797 0.123611
0 0.0823242 0.293924 0.0808594 0.101736
1 0.0875244 0.215278 0.0491699 0.04375
0 0.0312988 0.415972 0.0606445 0.0930556
0 0.444531 0.562847 0.009375 0.0243056
1 0.828906 0.638889 0.0203125 0.0236111
0 0.65625 0.265799 0.0171875 0.0354167
0 0.658594 0.257292 0.0171875 0.0284722
1 0.0175049 0.384722 0.0337402 0.0444444
0 0.0175049 0.384722 0.0337402 0.0444444
1 0.661328 0.271181 0.0179687 0.04375
2 0.689062 0.100347 0.0671875 0.0972222
1 0.0760742 0.317361 0.0277344 0.0472222
0 0.000817871 0.397222 0.00163574 0.118056
3 0.689844 0.100326 0.0671875 0.096224
2 0.447656 0.569444 0.0796875 0.133333
0 0.02948 0.338889 0.0584229 0.0784722
1 0.445312 0.566667 0.009375 0.0319444
2 0.435547 0.577083 0.0546875 0.116667
1 0.657031 0.26441 0.0132813 0.0260417
1 0.659375 0.257292 0.0140625 0.0222222
1 0.658984 0.254514 0.0164062 0.0236111
1 0.611719 0.119705 0.0078125 0.0208333
1 0.867969 0.451389 0.0140625 0.0201389
1 0.661328 0.264236 0.0164062 0.028125
1 0.653906 0.270139 0.0125 0.025
0 0.0976318 0.309549 0.052002 0.0565972
2 0.444531 0.565972 0.0125 0.0388889
1 0.444531 0.565972 0.0125 0.0388889
1 0.6375 0.649306 0.0078125 0.0208333
0 0.148828 0.154905 0.0210938 0.0415799
1 0.660937 0.256424 0.0171875 0.0288194
1 0.1 0.00694444 0.0136719 0.0138889
0 0.0858398 0.209549 0.0367187 0.0302083
0 0.447656 0.569444 0.08125 0.133333
0 0.1 0.00694444 0.0136719 0.0138889
1 0.0294922 0.337413 0.0589844 0.0807292
2 0.44375 0.596528 0.06875 0.0791667
0 0.0958984 0.314063 0.0496094 0.0413194
3 0.436719 0.574306 0.05625 0.123611
2 0.689844 0.101649 0.06875 0.0932292
1 0.657422 0.275174 0.0101562 0.0295139
3 0.447656 0.569444 0.08125 0.133333
0 0.867969 0.451389 0.0140625 0.0201389
1 0.0992187 0.0046875 0.0148437 0.009375
1 0.864062 0.451042 0.01875 0.0236111
0 0.0819336 0.309375 0.0847656 0.0777778
0 0.0919922 0.213889 0.0414063 0.0395833
1 0.0958984 0.314063 0.0496094 0.0413194
1 0.832812 0.597917 0.0125 0.0166667
1 0.102344 0.00572917 0.0197266 0.0114583
1 0.83125 0.841667 0.0125 0.0166667
1 0.867188 0.45625 0.0125 0.0222222
1 0.828125 0.638889 0.01875 0.0208333
1 0.65 0.270139 0.0171875 0.0229167
0 0.996094 0.160069 0.0078125 0.0288194
1 0.657812 0.61875 0.00625 0.0138889
0 0.102344 0.00572917 0.0197266 0.0114583
0 0.0758789 0.315451 0.0212891 0.0315972
1 0.0758789 0.315451 0.0212891 0.0315972
1 0.994531 0.989931 0.0109375 0.0201389
1 0.148828 0.154905 0.0210938 0.0415799
1 0.450781 0.626389 0.009375 0.0236111
0 0.657031 0.26441 0.0132813 0.0260417
1 0.447656 0.569444 0.08125 0.133333
1 0.0976318 0.309549 0.052002 0.0565972
1 0.828125 0.630556 0.01875 0.0208333
0 0.0992187 0.0046875 0.0148437 0.009375
0 0.0843506 0.217187 0.0441895 0.0461806
3 0.444531 0.565972 0.0125 0.0388889
2 0.0296021 0.338976 0.0585693 0.0789931
0 0.0840088 0.247222 0.0397949 0.0347222
0 0.444531 0.565972 0.0125 0.0388889
0 1 0.838194 0 0.309722
1 0.867188 0.445139 0.015625 0.0277778
3 0.689844 0.10026 0.0679687 0.0963542
2 0.447656 0.569444 0.0789063 0.134028
0 0.0294922 0.339583 0.0580078 0.0756944
1 0.444922 0.56875 0.0101562 0.0361111
1 0.658203 0.264062 0.015625 0.0333333
2 0.439453 0.5875 0.0601562 0.0958333
1 0.658594 0.257292 0.0171875 0.0284722
2 0.430469 0.573611 0.0453125 0.121528
1 0.655469 0.267708 0.015625 0.0291667
1 0.867969 0.451736 0.0140625 0.0201389
0 0.0967773 0.310764 0.0535156 0.0520833
1 0.611719 0.120052 0.0078125 0.0213542
1 0.657812 0.270312 0.0125 0.0395833
1 0.660937 0.259375 0.01875 0.0340278
2 0.446875 0.549306 0.0796875 0.0930556
2 0.445312 0.568403 0.0109375 0.0340278
0 0.867969 0.451736 0.0140625 0.0201389
0 0.448047 0.569444 0.08125 0.134722
1 0.0990234 0.00763889 0.0105469 0.0150174
0 0.149023 0.153776 0.0191406 0.0403646
1 0.02948 0.339236 0.0576416 0.0763889
3 0.434375 0.577083 0.0515625 0.116667
1 0.6375 0.648611 0.00703125 0.0201389
1 0.649219 0.269618 0.01875 0.0295139
1 0.0984375 0.00501302 0.0132813 0.010026
1 0.83125 0.597917 0.0125 0.0180556
1 0.149023 0.153776 0.0191406 0.0403646
1 0.857813 0.00713976 0.009375 0.0142795
0 0.0818115 0.311458 0.0848145 0.0770833
3 0.448047 0.569444 0.08125 0.134722
1 0.64375 0.440278 0.0078125 0.0180556
0 0.658203 0.264062 0.015625 0.0333333
1 0.83125 0.841667 0.0125 0.0166667
0 0.0990234 0.00763889 0.0105469 0.0150174
3 0.446094 0.547222 0.0773437 0.0875
1 0.867969 0.45625 0.0140625 0.0236111
0 0.0829834 0.31441 0.0375488 0.0378472
1 0.0967773 0.310764 0.0535156 0.0520833
1 0.101953 0.00562066 0.01875 0.0112413
1 0.992188 0.629514 0.015625 0.0423611
1 0.306445 0.555208 0.0136719 0.0208333
0 0.104687 0.314236 0.0429688 0.0472222
1 0.450781 0.620833 0.0125 0.0319444
1 0.864844 0.452778 0.0203125 0.025
2 0.689844 0.101584 0.06875 0.0930122
1 0.85 0.00798611 0.009375 0.0159722
0 0.0954102 0.212847 0.0408203 0.0420139
1 0.448047 0.569444 0.08125 0.134722
1 0.439063 0.217708 0.009375 0.0298611
1 0.821875 0.797222 0.0140625 0.0388889
0 0.101953 0.00562066 0.01875 0.0112413
0 0.0890869 0.209375 0.0331543 0.0305556
1 0.821875 0.7875 0.0125 0.0277778
1 0.867188 0.446181 0.0140625 0.0284722
1 0.990625 0.625694 0.01875 0.0361111
0 0.0984375 0.00501302 0.0132813 0.010026
1 0.14707 0.144618 0.0179687 0.0253472
3 0.689844 0.100673 0.06875 0.096224
2 0.447656 0.570139 0.0789063 0.131944
0 0.0295044 0.339236 0.0587646 0.0756944
1 0.444922 0.570139 0.009375 0.0375
1 0.658594 0.263194 0.015625 0.0298611
1 0.659375 0.25816 0.015625 0.0243056
2 0.444531 0.587847 0.0710938 0.0951389
2 0.435937 0.577083 0.0546875 0.118056
1 0.661719 0.264757 0.0171875 0.0298611
0 0.0976562 0.312674 0.0517578 0.0489583
1 0.655078 0.26875 0.0148437 0.025
1 0.0293701 0.339931 0.0587402 0.0736111
1 0.0976562 0.312674 0.0517578 0.0489583
1 0.867969 0.451389 0.0140625 0.0194444
0 0.10459 0.313889 0.0412109 0.0458333
1 0.611719 0.119444 0.0078125 0.0208333
1 0.0992187 0.00755208 0.0117188 0.0151042
2 0.434375 0.589931 0.05 0.0895833
1 0.660937 0.25816 0.0171875 0.03125
2 0.445703 0.547917 0.075 0.0875
0 0.447656 0.570139 0.0789063 0.131944
1 0.0988281 0.00528429 0.0140625 0.0105686
1 0.657812 0.271528 0.0125 0.0368056
0 0.658594 0.263194 0.015625 0.0298611
0 0.0992187 0.00755208 0.0117188 0.0151042
1 0.306641 0.555556 0.0132813 0.0215278
1 0.10459 0.313889 0.0412109 0.0458333
0 0.150195 0.153819 0.0238281 0.0399306
2 0.0293457 0.340278 0.0582031 0.0743056
2 0.444922 0.568056 0.0117188 0.0347222
3 0.435937 0.577083 0.0546875 0.118056
1 0.83125 0.841667 0.015625 0.0194444
3 0.0293457 0.340278 0.0582031 0.0743056
1 0.102051 0.00566406 0.0193359 0.0113281
3 0.444531 0.587847 0.0710938 0.0951389
1 0.64375 0.439931 0.0078125 0.01875
1 0.6375 0.647917 0.0078125 0.0222222
0 0.661719 0.264757 0.0171875 0.0298611
1 0.649609 0.268576 0.0195312 0.028125
1 0.689844 0.100608 0.0671875 0.0960069
0 0.0988281 0.00528429 0.0140625 0.0105686
3 0.448438 0.569444 0.08125 0.134722
3 0.0982178 0.312847 0.0512207 0.0479167
0 0.102051 0.00566406 0.0193359 0.0113281
1 0.821875 0.798611 0.015625 0.0375
2 0.689844 0.100087 0.0671875 0.0963542
0 0.08396 0.315278 0.0391113 0.0368056
1 0.150195 0.153819 0.0238281 0.0399306
0 0.867969 0.451389 0.0140625 0.0194444
1 0.451562 0.619792 0.0125 0.0340278
1 0.828125 0.638542 0.01875 0.0208333
0 0.0836182 0.314583 0.0784668 0.06875
0 0.659375 0.25816 0.015625 0.0243056
1 0.83125 0.598611 0.0125 0.0180556
3 0.689844 0.100347 0.0679687 0.096875
2 0.447656 0.569097 0.078125 0.132639
0 0.0296021 0.339931 0.0587646 0.0763889
1 0.444531 0.572222 0.009375 0.0402778
1 0.657812 0.263021 0.0140625 0.0288194
2 0.442187 0.5875 0.065625 0.0944444
1 0.659375 0.257118 0.0140625 0.021875
1 0.029541 0.340972 0.059082 0.0729167
2 0.435156 0.579861 0.053125 0.109722
1 0.661719 0.265278 0.015625 0.0284722
1 0.654688 0.26875 0.0132813 0.025
0 0.448047 0.56875 0.08125 0.134722
1 0.0970703 0.311632 0.0525391 0.0517361
1 0.86875 0.451736 0.0125 0.01875
2 0.446484 0.550694 0.0765625 0.0930556
0 0.0970703 0.311632 0.0525391 0.0517361
1 0.149609 0.153993 0.0210938 0.0409722
1 0.0996094 0.00731337 0.0125 0.0146267
1 0.105176 0.315799 0.0369141 0.0482639
3 0.436328 0.575347 0.0554687 0.119444
1 0.611719 0.119184 0.0078125 0.0192708
0 0.149609 0.153993 0.0210938 0.0409722
1 0.0994141 0.00514323 0.0144531 0.0102865
1 0.661328 0.257118 0.0164062 0.0295139
1 0.6375 0.648611 0.00703125 0.0194444
2 0.0294434 0.340625 0.0583984 0.0756944
2 0.689844 0.101389 0.06875 0.0927083
3 0.0294434 0.340625 0.0583984 0.0756944
1 0.30625 0.555556 0.0125 0.0208333
0 0.0996094 0.00731337 0.0125 0.0146267
0 0.105176 0.315799 0.0369141 0.0482639
1 0.657812 0.272396 0.0109375 0.0350694
1 0.64375 0.440972 0.00703125 0.0152778
1 0.102344 0.00568576 0.0197266 0.0113715
3 0.448047 0.56875 0.08125 0.134722
0 0.657812 0.263021 0.0140625 0.0288194
0 0.102344 0.00568576 0.0197266 0.0113715
1 0.0962891 0.304861 0.0457031 0.05625
1 0.448047 0.56875 0.08125 0.134722
1 0.450781 0.623611 0.009375 0.025
2 0.444922 0.569444 0.0117188 0.0347222
1 0.992188 0.631944 0.015625 0.0402778
3 0.442187 0.5875 0.065625 0.0944444
0 0.0994141 0.00514323 0.0144531 0.0102865
0 0.0962891 0.304861 0.0457031 0.05625
1 0.147266 0.142795 0.0191406 0.0234375
1 0.65 0.269097 0.01875 0.0270833
1 0.857813 0.00588108 0.0078125 0.0117622
1 0.83125 0.841667 0.015625 0.0166667
1 0.989062 0.626389 0.021875 0.0354167
1 0.150586 0.158637 0.0238281 0.0521701
1 0.0789063 0.314583 0.0291016 0.0340278
0 0.150586 0.158637 0.0238281 0.0521701
1 0.417969 0.980556 0.0078125 0.025
1 0.689844 0.101389 0.06875 0.0927083
1 0.86875 0.456597 0.0125 0.0215278
3 0.446484 0.550694 0.0765625 0.0930556
1 0.642187 0.427431 0.00625 0.0173611
1 0.832031 0.598611 0.0125 0.0166667
1 0.828125 0.639236 0.01875 0.01875
0 0.996094 0.159896 0.0078125 0.0270833
1 0.821875 0.797222 0.0140625 0.0333333
0 0.661719 0.265278 0.015625 0.0284722
3 0.689844 0.100521 0.06875 0.0958333
2 0.448047 0.569444 0.0789063 0.131944
0 0.0292847 0.338889 0.0580322 0.0777778
1 0.444531 0.569444 0.009375 0.0361111
1 0.658594 0.263715 0.0140625 0.0298611
1 0.659375 0.257639 0.0140625 0.0222222
2 0.439844 0.590972 0.0609375 0.0881944
2 0.435937 0.574306 0.0539063 0.120833
1 0.0292969 0.339583 0.0585938 0.0743056
1 0.661719 0.265451 0.015625 0.0295139
1 0.654688 0.268576 0.0132813 0.0256944
0 0.448438 0.569097 0.08125 0.134722
1 0.611719 0.119097 0.0078125 0.0190972
1 0.86875 0.451389 0.0125 0.0194444
1 0.0994141 0.00711806 0.0113281 0.0142361
3 0.435937 0.574306 0.0539063 0.120833
2 0.446484 0.547917 0.0773437 0.0875
1 0.098999 0.31441 0.048877 0.046875
0 0.0974609 0.311458 0.0527344 0.0506944
1 0.0993164 0.00509983 0.0142578 0.0101997
1 0.30625 0.555556 0.0125 0.0201389
0 0.150195 0.152387 0.0226563 0.0375868
1 0.45 0.624653 0.0078125 0.0229167
1 0.150195 0.152387 0.0226563 0.0375868
1 0.657812 0.272049 0.0109375 0.0357639
1 0.102344 0.00575087 0.0193359 0.0115017
1 0.821875 0.797222 0.0140625 0.0361111
1 0.991406 0.631597 0.0171875 0.0451389
1 0.6375 0.648958 0.0078125 0.01875
1 0.660937 0.257292 0.0171875 0.0298611
2 0.689844 0.101302 0.0679687 0.0928819
0 0.0994141 0.00711806 0.0113281 0.0142361
1 0.83125 0.841667 0.015625 0.0194444
3 0.448438 0.569097 0.08125 0.134722
0 0.104102 0.315104 0.0404297 0.0461806
1 0.448438 0.569097 0.08125 0.134722
0 0.102344 0.00575087 0.0193359 0.0115017
0 0.658594 0.263715 0.0140625 0.0298611
1 0.147168 0.141233 0.0197266 0.0203125
1 0.828125 0.639236 0.01875 0.0201389
0 0.0993164 0.00509983 0.0142578 0.0101997
3 0.446484 0.547917 0.0773437 0.0875
0 0.147168 0.141233 0.0197266 0.0203125
1 0.83125 0.598611 0.0125 0.0166667
1 0.989453 0.628472 0.0210938 0.0402778
0 0.0953125 0.214062 0.0371094 0.0416667
1 0.64375 0.440625 0.0078125 0.0166667
1 0.821875 0.784722 0.0125 0.025
1 0.4125 0.977778 0.00859375 0.025
2 0.444531 0.568056 0.0125 0.0333333
3 0.439844 0.590972 0.0609375 0.0881944
1 0.65 0.268924 0.01875 0.0288194
1 0.0979492 0.304861 0.0513672 0.0631944
1 0.417188 0.980556 0.0078125 0.025
1 0.823438 0.801389 0.01875 0.0472222
1 0.991406 0.628472 0.0171875 0.0333333
1 0.0786133 0.314757 0.0289063 0.0336806
0 0.0966553 0.303993 0.0465332 0.0559028
0 0.0916016 0.210243 0.0308594 0.0319444
1 0.86875 0.455556 0.0125 0.0236111
1 0.305469 0.552083 0.0140625 0.0222222
3 0.0293457 0.339583 0.0579102 0.0763889
0 0.0786133 0.314757 0.0289063 0.0336806
3 0.689844 0.100608 0.0671875 0.0960069
2 0.448047 0.570139 0.0789063 0.132639
0 0.0293457 0.339583 0.0581055 0.0756944
1 0.444531 0.56875 0.009375 0.0340278
1 0.658203 0.264062 0.0148437 0.03125
1 0.659375 0.258854 0.015625 0.0246528
2 0.438281 0.594097 0.0570313 0.0826389
1 0.0293457 0.339931 0.0586914 0.0736111
2 0.434375 0.582986 0.0507812 0.103472
2 0.449219 0.587847 0.075 0.0979167
1 0.655469 0.267882 0.0140625 0.0284722
1 0.661328 0.264931 0.0164062 0.0319444
0 0.448438 0.569444 0.08125 0.136111
1 0.611719 0.119531 0.0078125 0.0217014
3 0.434375 0.577083 0.0515625 0.115278
1 0.86875 0.451389 0.0125 0.0194444
1 0.0994141 0.00735677 0.0117188 0.0147135
1 0.0974365 0.311111 0.0535645 0.0513889
1 0.0992187 0.00527344 0.0144531 0.0105469
0 0.0974365 0.311111 0.0535645 0.0513889
1 0.657812 0.271181 0.0125 0.0375
2 0.446094 0.545833 0.0765625 0.0833333
2 0.689844 0.101215 0.0671875 0.0934028
1 0.45 0.622917 0.009375 0.0263889
3 0.448438 0.569444 0.08125 0.136111
1 0.102148 0.00583767 0.0191406 0.0116753
1 0.6375 0.649306 0.00703125 0.0180556
1 0.660937 0.25816 0.0171875 0.03125
0 0.0994141 0.00735677 0.0117188 0.0147135
1 0.30625 0.555208 0.0125 0.0201389
1 0.104004 0.314931 0.0417969 0.0472222
2 0.448438 0.591667 0.021875 0.0791667
1 0.448438 0.569444 0.08125 0.136111
1 0.821094 0.797222 0.0140625 0.0361111
1 0.828125 0.638889 0.01875 0.0215278
1 0.992188 0.630208 0.015625 0.0444444
1 0.83125 0.598611 0.0125 0.0180556
0 0.102148 0.00583767 0.0191406 0.0116753
0 0.149902 0.15178 0.0228516 0.0360243
2 0.432031 0.564583 0.0484375 0.123611
3 0.446094 0.545833 0.0765625 0.0833333
1 0.65 0.269097 0.01875 0.0295139
1 0.83125 0.843056 0.015625 0.0194444
0 0.0992187 0.00527344 0.0144531 0.0105469
0 0.658203 0.264062 0.0148437 0.03125
1 0.821875 0.786111 0.0125 0.0263889
1 0.64375 0.440972 0.0078125 0.0166667
3 0.438281 0.594097 0.0570313 0.0826389
0 0.104004 0.314931 0.0417969 0.0472222
1 0.149902 0.15178 0.0228516 0.0360243
0 0.0958984 0.214236 0.0390625 0.0423611
1 0.867188 0.445139 0.0125 0.0270833
1 0.992188 0.628125 0.015625 0.0326389
1 0.0775391 0.314583 0.0277344 0.0333333
1 0.4125 0.977778 0.009375 0.0263889
0 0.0916016 0.210417 0.0314453 0.0326389
0 0.0970703 0.303646 0.0464844 0.0559028
1 0.0970703 0.303646 0.0464844 0.0559028
1 0.146582 0.140451 0.0195312 0.0180556
0 0.992188 0.628125 0.015625 0.0326389
0 0.0103516 0.286806 0.0158691 0.025
0 0.434375 0.577083 0.0515625 0.115278
1 0.0103516 0.286806 0.0158691 0.025
1 0.86875 0.455556 0.0125 0.0236111
0 0.992188 0.630208 0.015625 0.0444444
3 0.689844 0.100608 0.0671875 0.0956597
2 0.448047 0.570139 0.0789063 0.133333
0 0.0294922 0.338889 0.0582031 0.0763889
1 0.444531 0.568056 0.009375 0.0347222
1 0.657812 0.264062 0.0140625 0.0305556
1 0.659375 0.258333 0.0148437 0.0236111
2 0.434375 0.592361 0.05 0.0847222
1 0.0293457 0.340278 0.0586914 0.0722222
2 0.449219 0.587847 0.075 0.0972222
1 0.655078 0.26875 0.0140625 0.0270833
1 0.661719 0.264931 0.015625 0.0305556
3 0.433594 0.576389 0.05 0.117361
0 0.448047 0.569444 0.08125 0.136111
1 0.86875 0.450694 0.0125 0.0194444
1 0.0994141 0.00733507 0.0117188 0.0145833
2 0.430078 0.578125 0.04375 0.111111
1 0.611719 0.119705 0.0078125 0.021875
1 0.0994141 0.00531684 0.0144531 0.0106337
1 0.657422 0.272569 0.0109375 0.0347222
0 0.0994141 0.00733507 0.0117188 0.0145833
2 0.447266 0.546528 0.0796875 0.0875
2 0.689844 0.101063 0.0671875 0.0933594
3 0.448047 0.569444 0.08125 0.136111
1 0.45 0.620833 0.009375 0.0305556
0 0.0966797 0.311458 0.0544922 0.05
1 0.661328 0.257292 0.0171875 0.0298611
1 0.448047 0.569444 0.08125 0.136111
1 0.101953 0.00588108 0.01875 0.0117622
1 0.6375 0.649306 0.00625 0.0166667
1 0.0966797 0.311458 0.0544922 0.05
3 0.446484 0.54375 0.0773437 0.0798611
1 0.992188 0.629861 0.015625 0.0444444
0 0.101953 0.00588108 0.01875 0.0117622
1 0.64375 0.441667 0.0078125 0.0159722
1 0.306445 0.554861 0.0132813 0.0201389
1 0.821094 0.797222 0.0140625 0.0333333
3 0.433594 0.59375 0.05 0.0819444
1 0.83125 0.598611 0.0125 0.0180556
1 0.648438 0.269792 0.0171875 0.0270833
0 0.0994141 0.00531684 0.0144531 0.0106337
1 0.83125 0.843056 0.015625 0.0166667
1 0.828125 0.638542 0.01875 0.0215278
2 0.45 0.586111 0.015625 0.0555556
0 0.433594 0.576389 0.05 0.117361
0 0.149902 0.151432 0.0224609 0.0360243
2 0.437109 0.570486 0.05625 0.130556
1 0.992188 0.628125 0.015625 0.0326389
1 0.4125 0.977778 0.0078125 0.0277778
0 0.657812 0.264062 0.0140625 0.0305556
1 0.821875 0.785417 0.0125 0.0236111
1 0.867188 0.445139 0.0125 0.0270833
1 0.104297 0.314757 0.0414063 0.046875
0 0.0958984 0.213889 0.0390625 0.0430556
0 0.0103271 0.286458 0.0155762 0.0243056
0 0.992188 0.628125 0.015625 0.0326389
1 0.430859 0.563542 0.046875 0.121528
1 0.14668 0.13967 0.0185547 0.0164931
1 0.0766602 0.314583 0.0261719 0.0326389
1 0.689844 0.101063 0.0671875 0.0933594
0 0.992188 0.629861 0.015625 0.0444444
1 0.657812 0.61875 0.00625 0.0138889
0 0.14668 0.13967 0.0185547 0.0164931
1 0.642578 0.428472 0.00703125 0.0201389
3 0.689844 0.100694 0.0679687 0.0958333
2 0.447656 0.570486 0.0796875 0.134028
0 0.0296021 0.33967 0.0581787 0.0762153
1 0.445312 0.567361 0.009375 0.0333333
1 0.657812 0.263715 0.0140625 0.0295139
1 0.659375 0.257986 0.0148437 0.0229167
2 0.434375 0.593056 0.05 0.0833333
1 0.0293945 0.33967 0.0587891 0.0748264
2 0.449219 0.588889 0.075 0.0958333
1 0.654688 0.269271 0.0140625 0.0263889
1 0.661719 0.265104 0.015625 0.0288194
3 0.433594 0.577083 0.05 0.116667
0 0.448047 0.56875 0.08125 0.136111
2 0.433594 0.577083 0.05 0.116667
1 0.86875 0.450694 0.0125 0.0194444
1 0.0994141 0.00722656 0.0117188 0.0144531
1 0.611719 0.119618 0.0078125 0.0215278
1 0.0992187 0.00523003 0.0138672 0.0104601
3 0.448047 0.56875 0.08125 0.136111
1 0.657422 0.273611 0.0109375 0.0326389
2 0.689844 0.101215 0.0671875 0.0934028
2 0.446484 0.542361 0.0773437 0.0777778
0 0.0967773 0.311458 0.0542969 0.0506944
0 0.0994141 0.00722656 0.0117188 0.0144531
1 0.448047 0.56875 0.08125 0.136111
1 0.449219 0.620139 0.009375 0.0319444
1 0.101758 0.00572917 0.0179687 0.0114583
3 0.446484 0.542361 0.0773437 0.0777778
1 0.0967773 0.311458 0.0542969 0.0506944
1 0.661719 0.256771 0.0171875 0.0284722
1 0.6375 0.649653 0.00625 0.0166667
1 0.64375 0.442361 0.0078125 0.0152778
0 0.101758 0.00572917 0.0179687 0.0114583
3 0.433594 0.592708 0.0484375 0.0826389
1 0.992188 0.628472 0.015625 0.0430556
0 0.149805 0.152083 0.021875 0.0375
1 0.83125 0.598958 0.0125 0.0180556
1 0.657812 0.61875 0.00546875 0.0131944
0 0.0992187 0.00523003 0.0138672 0.0104601
1 0.306445 0.554861 0.0132813 0.0201389
1 0.648047 0.269965 0.0164062 0.0263889
0 0.432813 0.581597 0.0484375 0.10625
1 0.828125 0.638889 0.01875 0.0208333
1 0.449219 0.554167 0.0125 0.0347222
1 0.821875 0.797222 0.0125 0.0333333
1 0.10332 0.314583 0.0441406 0.0479167
3 0.442187 0.559028 0.065625 0.109722
1 0.832031 0.843056 0.015625 0.0166667
2 0.450391 0.583333 0.0148437 0.0472222
1 0.146777 0.140104 0.0181641 0.0173611
1 0.992188 0.627778 0.015625 0.0326389
1 0.4125 0.977778 0.0078125 0.0277778
1 0.430469 0.5625 0.046875 0.11875
0 0.689844 0.101215 0.0671875 0.0934028
0 0.10332 0.314583 0.0441406 0.0479167
1 0.642578 0.427778 0.00703125 0.0180556
1 0.149805 0.152083 0.021875 0.0375
2 0.430469 0.5625 0.046875 0.11875
0 0.992188 0.627778 0.015625 0.0326389
0 0.146777 0.140104 0.0181641 0.0173611
1 0.0774414 0.314583 0.028125 0.0333333
0 0.657812 0.263715 0.0140625 0.0295139
1 0.867188 0.445139 0.0125 0.0263889
1 0.86875 0.455556 0.0125 0.0236111
3 0.689844 0.100521 0.0671875 0.0958333
2 0.447656 0.570486 0.0796875 0.134028
0 0.0295898 0.339497 0.0582031 0.0751736
1 0.445312 0.566667 0.009375 0.0319444
1 0.657812 0.263715 0.0140625 0.0295139
1 0.659375 0.257986 0.0140625 0.0229167
2 0.435937 0.593056 0.0515625 0.0840278
1 0.0294434 0.339497 0.0588867 0.0737847
1 0.654688 0.269444 0.0132813 0.0260417
2 0.449219 0.588194 0.075 0.0958333
1 0.661719 0.264931 0.015625 0.0291667
0 0.448438 0.56875 0.08125 0.136111
3 0.433594 0.577083 0.05 0.115278
2 0.433594 0.577083 0.05 0.115278
1 0.86875 0.451042 0.0125 0.0194444
1 0.0992187 0.00755208 0.0115234 0.0140625
1 0.611719 0.119444 0.0078125 0.0213542
3 0.448438 0.56875 0.08125 0.136111
1 0.0991211 0.00525174 0.0134766 0.0105035
1 0.657031 0.273611 0.0109375 0.0326389
1 0.448438 0.56875 0.08125 0.136111
3 0.446484 0.541667 0.0773437 0.0763889
0 0.0992187 0.00755208 0.0115234 0.0140625
2 0.446484 0.541667 0.0773437 0.0763889
2 0.689844 0.101237 0.0671875 0.0933594
0 0.0963867 0.311806 0.0548828 0.0493056
1 0.64375 0.442361 0.0078125 0.0152778
1 0.661719 0.256597 0.0171875 0.028125
1 0.10166 0.00572917 0.0175781 0.0114583
1 0.449219 0.620139 0.009375 0.0319444
1 0.6375 0.649653 0.00625 0.0166667
0 0.10166 0.00572917 0.0175781 0.0114583
1 0.0939453 0.313889 0.0574219 0.0416667
1 0.306445 0.554861 0.0128906 0.0194444
3 0.433594 0.593056 0.0492188 0.0819444
1 0.828125 0.638889 0.01875 0.0208333
1 0.83125 0.599306 0.0125 0.01875
1 0.992188 0.628125 0.015625 0.0423611
1 0.449219 0.554861 0.0125 0.0361111
0 0.433203 0.581597 0.0492188 0.10625
1 0.657812 0.61875 0.00546875 0.0125
0 0.0991211 0.00525174 0.0134766 0.0105035
1 0.648438 0.269792 0.0171875 0.0270833
3 0.442187 0.558333 0.065625 0.109028
0 0.149805 0.152083 0.021875 0.0371528
1 0.821094 0.797222 0.0140625 0.0319444
1 0.100781 0.313368 0.05 0.0475694
1 0.992188 0.627778 0.015625 0.0319444
1 0.642578 0.427431 0.00703125 0.0173611
2 0.450391 0.58125 0.0140625 0.0430556
1 0.832031 0.843056 0.015625 0.0166667
0 0.992188 0.627778 0.015625 0.0319444
1 0.430469 0.561806 0.046875 0.118056
1 0.4125 0.977778 0.0078125 0.0277778
0 0.146875 0.140191 0.0179687 0.0175347
1 0.146875 0.140191 0.0179687 0.0175347
2 0.430469 0.561806 0.046875 0.118056
1 0.0978272 0.305208 0.0539551 0.0618056
3 0.689844 0.100521 0.0671875 0.0958333
2 0.447656 0.570486 0.0796875 0.134028
0 0.029541 0.339583 0.0582031 0.0756944
1 0.445312 0.566667 0.009375 0.0319444
1 0.657812 0.263542 0.0140625 0.0291667
1 0.659375 0.257986 0.0140625 0.0229167
2 0.436719 0.593403 0.0546875 0.0840278
2 0.433203 0.58125 0.0492188 0.106944
1 0.654688 0.269444 0.0125 0.0260417
1 0.0293945 0.339583 0.0587891 0.0743056
2 0.449219 0.588194 0.075 0.0972222
1 0.661719 0.264931 0.015625 0.0291667
0 0.448438 0.56875 0.08125 0.136111
3 0.433203 0.58125 0.0492188 0.106944
1 0.86875 0.451042 0.0125 0.0194444
1 0.0992187 0.00759549 0.0113281 0.0138889
1 0.611719 0.119444 0.0078125 0.0215278
3 0.448438 0.56875 0.08125 0.136111
1 0.657031 0.273438 0.0109375 0.0329861
1 0.0991211 0.00520833 0.0134766 0.0104167
1 0.448438 0.56875 0.08125 0.136111
0 0.096582 0.311806 0.0548828 0.0493056
0 0.0992187 0.00759549 0.0113281 0.0138889
2 0.446875 0.541667 0.0773437 0.0763889
3 0.446875 0.541667 0.0773437 0.0763889
1 0.64375 0.442361 0.0078125 0.0152778
2 0.689844 0.101237 0.0671875 0.0933594
1 0.101562 0.00564236 0.0175781 0.0112847
1 0.661719 0.256597 0.0171875 0.0284722
0 0.101562 0.00564236 0.0175781 0.0112847
1 0.6375 0.65 0.00625 0.0159722
1 0.30625 0.554861 0.0125 0.0180556
1 0.0941406 0.314063 0.0578125 0.0420139
1 0.449219 0.620486 0.0101562 0.03125
1 0.828125 0.638889 0.01875 0.0208333
1 0.449219 0.55625 0.0125 0.0375
1 0.83125 0.599306 0.0125 0.01875
3 0.436719 0.593403 0.0546875 0.0840278
0 0.433203 0.58125 0.0492188 0.106944
1 0.648438 0.269444 0.0171875 0.0270833
1 0.992969 0.628472 0.0140625 0.0430556
0 0.0991211 0.00520833 0.0134766 0.0104167
3 0.442187 0.557986 0.065625 0.108333
1 0.657812 0.61875 0.00546875 0.0125
1 0.821094 0.797222 0.0140625 0.0333333
0 0.149805 0.151736 0.0220703 0.0364583
1 0.992188 0.627778 0.015625 0.0326389
1 0.642969 0.427431 0.00625 0.0166667
1 0.4125 0.977778 0.00859375 0.0263889
1 0.832031 0.843056 0.015625 0.0166667
0 0.436719 0.593403 0.0546875 0.0840278
0 0.146875 0.140104 0.0179687 0.0170139
0 0.992188 0.627778 0.015625 0.0326389
2 0.450781 0.578472 0.0125 0.0375
1 0.146875 0.140104 0.0179687 0.0170139
1 0.102441 0.314063 0.0466797 0.0461806
3 0.689844 0.100521 0.0671875 0.0958333
2 0.448047 0.56875 0.0796875 0.134722
0 0.0295044 0.339236 0.0581787 0.0756944
1 0.445312 0.566319 0.009375 0.03125
1 0.657812 0.263542 0.0140625 0.0291667
1 0.659375 0.257986 0.0140625 0.0229167
2 0.438281 0.593056 0.0570313 0.0847222
2 0.433594 0.58125 0.05 0.106944
1 0.654688 0.269444 0.0125 0.0260417
2 0.449219 0.588194 0.075 0.0972222
1 0.0293457 0.339583 0.0586914 0.0743056
1 0.661719 0.264757 0.015625 0.0288194
0 0.448438 0.56875 0.08125 0.136111
3 0.433594 0.58125 0.05 0.106944
1 0.86875 0.450694 0.0125 0.0194444
1 0.0991211 0.00768229 0.0113281 0.0137153
1 0.611719 0.119444 0.0078125 0.0217014
0 0.096582 0.311806 0.0552734 0.05
3 0.448438 0.56875 0.08125 0.136111
1 0.657031 0.273438 0.0109375 0.0329861
1 0.0991211 0.00516493 0.0134766 0.0103299
0 0.0991211 0.00768229 0.0113281 0.0137153
1 0.448438 0.56875 0.08125 0.136111
3 0.446875 0.541667 0.0773437 0.0763889
2 0.446875 0.541667 0.0773437 0.0763889
1 0.64375 0.442361 0.0078125 0.0152778
1 0.661719 0.25625 0.0171875 0.0277778
1 0.101562 0.00564236 0.0173828 0.0112847
0 0.101562 0.00564236 0.0173828 0.0112847
2 0.689844 0.101215 0.0671875 0.0934028
1 0.306641 0.554167 0.0125 0.0180556
1 0.0941162 0.314236 0.0578613 0.0423611
1 0.6375 0.65 0.00703125 0.0159722
1 0.828125 0.638889 0.01875 0.0208333
1 0.449219 0.55625 0.0125 0.0375
1 0.648438 0.269444 0.0164062 0.0270833
1 0.449219 0.620833 0.009375 0.0305556
1 0.83125 0.599306 0.0125 0.0194444
3 0.438281 0.593056 0.0570313 0.0847222
0 0.0991211 0.00516493 0.0134766 0.0103299
0 0.433594 0.58125 0.05 0.106944
1 0.992969 0.628125 0.0140625 0.04375
3 0.442187 0.557986 0.065625 0.108333
1 0.990625 0.625694 0.015625 0.0375
1 0.821094 0.797222 0.0140625 0.0333333
1 0.657812 0.61875 0.00546875 0.0125
0 0.438281 0.593056 0.0570313 0.0847222
0 0.149707 0.151345 0.0222656 0.0355035
1 0.642578 0.427778 0.00703125 0.0166667
1 0.4125 0.977778 0.0078125 0.0263889
1 0.991406 0.63125 0.0171875 0.0388889
1 0.83125 0.84375 0.015625 0.0166667
0 0.14668 0.139931 0.0175781 0.0166667
0 0.992188 0.627778 0.015625 0.0333333
3 0.689844 0.100521 0.0671875 0.0961806
2 0.448047 0.56875 0.0796875 0.134722
0 0.0294922 0.338976 0.0580078 0.0762153
1 0.445312 0.566667 0.009375 0.0305556
1 0.658203 0.263194 0.0140625 0.0284722
1 0.659375 0.257986 0.0148437 0.0229167
2 0.440625 0.592361 0.0625 0.0861111
1 0.654297 0.269444 0.0132813 0.0260417
2 0.433594 0.580903 0.05 0.107639
2 0.449219 0.586806 0.075 0.1
1 0.0293213 0.339236 0.0586426 0.075
1 0.661719 0.264583 0.015625 0.0284722
0 0.448438 0.56875 0.08125 0.136111
3 0.433594 0.580903 0.05 0.107639
1 0.86875 0.450694 0.0140625 0.0208333
1 0.0992187 0.00763889 0.0113281 0.0139757
1 0.611719 0.119358 0.0078125 0.0217014
0 0.0966797 0.311806 0.0550781 0.0493056
3 0.448438 0.56875 0.08125 0.136111
2 0.446875 0.542014 0.078125 0.0770833
1 0.657031 0.273611 0.0109375 0.0326389
1 0.0990234 0.00529514 0.0132813 0.0105903
0 0.0992187 0.00763889 0.0113281 0.0139757
1 0.448438 0.56875 0.08125 0.136111
1 0.661719 0.25625 0.0171875 0.0270833
1 0.64375 0.442361 0.0078125 0.0152778
3 0.446875 0.542014 0.078125 0.0770833
1 0.101465 0.00568576 0.0171875 0.0113715
0 0.101465 0.00568576 0.0171875 0.0113715
2 0.689844 0.101302 0.0671875 0.0935764
1 0.828125 0.638889 0.01875 0.0215278
1 0.0943115 0.314063 0.0578613 0.0427083
1 0.6375 0.65 0.00703125 0.0166667
1 0.306641 0.554514 0.0132813 0.01875
1 0.648438 0.269271 0.0171875 0.0267361
3 0.440625 0.592361 0.0625 0.0861111
1 0.83125 0.599306 0.0125 0.0194444
1 0.449219 0.554861 0.0140625 0.0361111
1 0.449219 0.621528 0.009375 0.0305556
1 0.821094 0.797222 0.0140625 0.0333333
1 0.990625 0.625694 0.015625 0.0361111
0 0.0990234 0.00529514 0.0132813 0.0105903
1 0.992188 0.627778 0.015625 0.0430556
0 0.433594 0.580903 0.05 0.107639
3 0.442187 0.558333 0.0664062 0.108333
0 0.440625 0.592361 0.0625 0.0861111
1 0.657812 0.61875 0.00625 0.0125
1 0.4125 0.977778 0.009375 0.0263889
2 0.430469 0.5625 0.046875 0.120833
1 0.642969 0.427778 0.0078125 0.0180556
2 0.451562 0.580556 0.0125 0.0416667
0 0.149609 0.151389 0.0226563 0.0354167
3 0.689844 0.100521 0.0679687 0.0961806
2 0.448047 0.569444 0.0796875 0.134722
0 0.0294922 0.338889 0.0580078 0.0763889
1 0.445312 0.566667 0.009375 0.0305556
1 0.657812 0.263194 0.0140625 0.028125
1 0.659375 0.25816 0.0148437 0.0229167
2 0.441797 0.593056 0.0640625 0.0861111
1 0.654297 0.269444 0.0132813 0.0256944
1 0.658594 0.254861 0.015625 0.0236111
2 0.433594 0.58125 0.05 0.107639
2 0.449219 0.586806 0.075 0.1
1 0.0293213 0.338889 0.0586426 0.0756944
1 0.661719 0.264757 0.015625 0.0284722
0 0.448438 0.56875 0.08125 0.136111
3 0.433594 0.58125 0.05 0.107639
1 0.86875 0.450694 0.0140625 0.0208333
1 0.611719 0.119358 0.0078125 0.0217014
1 0.0991211 0.00770399 0.0113281 0.0139323
0 0.0967773 0.311979 0.0548828 0.0496528
2 0.446875 0.542014 0.0773437 0.0770833
3 0.448438 0.56875 0.08125 0.136111
1 0.657031 0.273611 0.0109375 0.0326389
1 0.0989258 0.00536024 0.0132813 0.0107205
1 0.661719 0.25625 0.0171875 0.0270833
1 0.448438 0.56875 0.08125 0.136111
1 0.64375 0.442708 0.0078125 0.0152778
0 0.0991211 0.00770399 0.0113281 0.0139323
3 0.446875 0.542014 0.0773437 0.0770833
1 0.0943604 0.314236 0.0577637 0.0423611
1 0.101465 0.00577257 0.0171875 0.0115451
1 0.828125 0.638889 0.01875 0.0215278
2 0.689844 0.101302 0.0671875 0.0935764
1 0.648438 0.269097 0.0171875 0.0270833
1 0.6375 0.65 0.00703125 0.0166667
0 0.101465 0.00577257 0.0171875 0.0115451
1 0.832031 0.599653 0.0125 0.0194444
3 0.441797 0.593056 0.0640625 0.0861111
1 0.306641 0.554514 0.0132813 0.01875
1 0.821094 0.797222 0.0140625 0.0333333
1 0.45 0.554861 0.0140625 0.0361111
1 0.990625 0.625 0.015625 0.0361111
1 0.449219 0.621528 0.009375 0.0305556
1 0.992188 0.627083 0.015625 0.0416667
0 0.441797 0.593056 0.0640625 0.0861111
0 0.433594 0.58125 0.05 0.107639
0 0.0989258 0.00536024 0.0132813 0.0107205
3 0.442187 0.557639 0.065625 0.106944
2 0.430469 0.563194 0.046875 0.120833
1 0.4125 0.977778 0.009375 0.0263889
1 0.657812 0.61875 0.00625 0.0125
2 0.451562 0.580556 0.0125 0.0402778
1 0.642969 0.428472 0.0078125 0.0180556
3 0.689844 0.100521 0.0679687 0.0961806
2 0.448438 0.569444 0.0796875 0.134722
0 0.0294434 0.338802 0.0579102 0.0765625
1 0.445312 0.566667 0.009375 0.0305556
1 0.658203 0.263194 0.0140625 0.028125
1 0.659375 0.258333 0.0148437 0.0229167
2 0.442187 0.593056 0.0640625 0.0861111
1 0.654688 0.269444 0.0140625 0.0263889
1 0.658594 0.254861 0.015625 0.0236111
2 0.433594 0.58125 0.05 0.108333
1 0.0292969 0.338889 0.0585938 0.0756944
1 0.661719 0.264583 0.015625 0.0284722
3 0.433594 0.58125 0.05 0.108333
0 0.448438 0.56875 0.08125 0.136111
1 0.86875 0.450694 0.0140625 0.0208333
1 0.611719 0.119444 0.0078125 0.021875
2 0.446875 0.541667 0.078125 0.0763889
0 0.096875 0.311979 0.0546875 0.0496528
1 0.0992187 0.00768229 0.0113281 0.0141493
1 0.657031 0.273611 0.0109375 0.0326389
3 0.448438 0.56875 0.08125 0.136111
1 0.661719 0.25625 0.0171875 0.0270833
1 0.448438 0.56875 0.08125 0.136111
1 0.0989258 0.00544705 0.0132813 0.0108941
1 0.64375 0.442708 0.0078125 0.0152778
0 0.0992187 0.00768229 0.0113281 0.0141493
3 0.446875 0.541667 0.078125 0.0763889
1 0.828125 0.638889 0.01875 0.0222222
1 0.649219 0.268924 0.0171875 0.0270833
1 0.101367 0.00579427 0.0171875 0.0115885
1 0.0943115 0.314236 0.0574707 0.0423611
2 0.689844 0.101302 0.0671875 0.0939236
3 0.442187 0.593056 0.0640625 0.0861111
1 0.821094 0.797222 0.0140625 0.0333333
1 0.6375 0.649653 0.0078125 0.0166667
1 0.832031 0.599653 0.0125 0.0194444
0 0.101367 0.00579427 0.0171875 0.0115885
1 0.45 0.554861 0.0140625 0.0361111
1 0.306641 0.554514 0.0132813 0.01875
1 0.990625 0.625 0.015625 0.0347222
0 0.442187 0.593056 0.0640625 0.0861111
1 0.992188 0.627083 0.015625 0.0402778
0 0.433594 0.58125 0.05 0.108333
1 0.448828 0.621181 0.0101562 0.0305556
3 0.442187 0.556944 0.065625 0.105556
2 0.430469 0.5625 0.046875 0.120833
1 0.4125 0.977778 0.009375 0.0263889
0 0.0989258 0.00544705 0.0132813 0.0108941
3 0.689844 0.100521 0.0679687 0.0961806
2 0.447656 0.570139 0.0796875 0.133333
0 0.02948 0.338542 0.0578369 0.0770833
1 0.445312 0.566667 0.009375 0.0305556
1 0.658203 0.263194 0.0148437 0.0284722
1 0.659375 0.258681 0.0148437 0.0236111
2 0.442969 0.593056 0.0664062 0.0847222
1 0.654688 0.269097 0.0140625 0.0263889
1 0.658594 0.255035 0.015625 0.0236111
2 0.433594 0.58125 0.05 0.106944
1 0.661719 0.264757 0.015625 0.0288194
1 0.0292969 0.338542 0.0585938 0.0763889
3 0.433594 0.58125 0.05 0.106944
0 0.448438 0.56875 0.08125 0.136111
1 0.86875 0.450694 0.015625 0.0208333
2 0.446875 0.541667 0.0765625 0.0763889
0 0.096875 0.311979 0.0546875 0.0496528
1 0.0991211 0.00772569 0.0113281 0.0142361
1 0.657031 0.273264 0.0109375 0.0333333
3 0.448438 0.56875 0.08125 0.136111
1 0.611719 0.119444 0.0078125 0.0222222
1 0.661328 0.256597 0.0171875 0.0277778
1 0.448438 0.56875 0.08125 0.136111
1 0.0989258 0.00549045 0.0132813 0.0109809
1 0.64375 0.442708 0.0078125 0.0159722
1 0.649219 0.26875 0.0171875 0.0277778
1 0.828125 0.638889 0.01875 0.0222222
0 0.0991211 0.00772569 0.0113281 0.0142361
3 0.446875 0.541667 0.0765625 0.0763889
1 0.821094 0.797222 0.0140625 0.0333333
3 0.442969 0.593056 0.0664062 0.0847222
1 0.832031 0.599653 0.0125 0.0201389
1 0.101465 0.00585938 0.0173828 0.0117188
1 0.096875 0.311979 0.0546875 0.0496528
1 0.45 0.554861 0.0140625 0.0361111
2 0.689844 0.101302 0.0671875 0.0939236
1 0.6375 0.649653 0.0078125 0.0166667
0 0.101465 0.00585938 0.0173828 0.0117188
0 0.433594 0.58125 0.05 0.106944
1 0.990625 0.624653 0.015625 0.0340278
1 0.306641 0.554514 0.0132813 0.01875
0 0.442969 0.593056 0.0664062 0.0847222
1 0.992188 0.627083 0.015625 0.0388889
3 0.441797 0.55625 0.0648438 0.104167
1 0.448828 0.621181 0.0101562 0.0305556
2 0.430469 0.5625 0.046875 0.119444
1 0.821875 0.784722 0.0125 0.025
1 0.4125 0.977778 0.009375 0.0263889
3 0.689844 0.100521 0.0679687 0.0961806
2 0.447656 0.570139 0.0796875 0.133333
0 0.0294434 0.338108 0.0578125 0.0765625
1 0.445312 0.566667 0.009375 0.0305556
1 0.658594 0.263194 0.0140625 0.0284722
1 0.659375 0.258681 0.0148437 0.0239583
2 0.44375 0.593056 0.0679687 0.0847222
1 0.654688 0.26875 0.0140625 0.0270833
1 0.658594 0.255208 0.015625 0.0236111
2 0.433594 0.58125 0.05 0.107639
1 0.661719 0.264583 0.015625 0.0291667
1 0.0292969 0.338542 0.0585938 0.0763889
3 0.433594 0.58125 0.05 0.107639
0 0.448438 0.56875 0.08125 0.136111
1 0.86875 0.450694 0.015625 0.0208333
2 0.446875 0.541667 0.0765625 0.0756944
0 0.096875 0.312153 0.0546875 0.0493056
1 0.0991211 0.0077474 0.0113281 0.0142795
1 0.657031 0.27309 0.0109375 0.0336806
3 0.448438 0.56875 0.08125 0.136111
1 0.661328 0.256597 0.0171875 0.0277778
1 0.611719 0.119444 0.0078125 0.0222222
1 0.448438 0.56875 0.08125 0.136111
1 0.0989258 0.00551215 0.0132813 0.0110243
1 0.821094 0.797917 0.0140625 0.0347222
1 0.649219 0.268403 0.0171875 0.0284722
1 0.828125 0.638889 0.01875 0.0222222
0 0.0991211 0.0077474 0.0113281 0.0142795
1 0.64375 0.442708 0.00859375 0.0159722
3 0.446875 0.541667 0.0765625 0.0756944
3 0.44375 0.593056 0.0679687 0.0847222
1 0.832031 0.599653 0.0125 0.0201389
1 0.45 0.554167 0.0140625 0.0347222
1 0.101465 0.00585938 0.0171875 0.0117188
1 0.0945068 0.314583 0.0574707 0.0423611
0 0.433594 0.58125 0.05 0.107639
1 0.6375 0.649306 0.0078125 0.0166667
0 0.44375 0.593056 0.0679687 0.0847222
2 0.689844 0.101302 0.0679687 0.0939236
0 0.101465 0.00585938 0.0171875 0.0117188
1 0.306641 0.554514 0.0128906 0.01875
1 0.990625 0.624306 0.015625 0.0333333
1 0.448828 0.620486 0.0101562 0.03125
3 0.441797 0.555556 0.0648438 0.102778
1 0.821875 0.785417 0.0125 0.025
2 0.430469 0.561806 0.046875 0.119444
3 0.689844 0.100521 0.0679687 0.0961806
2 0.447656 0.570139 0.0796875 0.133333
0 0.0294067 0.338108 0.0577881 0.0765625
1 0.445312 0.566667 0.009375 0.0305556
1 0.658594 0.263194 0.015625 0.0284722
1 0.659375 0.258681 0.0148437 0.0243056
2 0.444531 0.593056 0.0703125 0.0847222
1 0.654688 0.268576 0.0140625 0.0274306
1 0.658594 0.255208 0.015625 0.0236111
1 0.661719 0.264583 0.0164062 0.0291667
2 0.433594 0.58125 0.0507812 0.107639
3 0.433594 0.58125 0.0507812 0.107639
1 0.029248 0.338281 0.0584961 0.0762153
0 0.448438 0.569097 0.08125 0.135417
1 0.86875 0.450694 0.015625 0.0208333
2 0.447266 0.541667 0.0773437 0.0763889
0 0.096875 0.312326 0.0546875 0.0489583
1 0.0991211 0.0077474 0.0113281 0.0142795
1 0.657031 0.272917 0.0109375 0.0340278
3 0.448438 0.569097 0.08125 0.135417
1 0.661328 0.256771 0.0171875 0.028125
1 0.448438 0.569097 0.08125 0.135417
1 0.820312 0.797917 0.015625 0.0347222
1 0.611328 0.119444 0.0078125 0.0225694
1 0.0989258 0.00557726 0.0132813 0.0111545
1 0.649609 0.268403 0.0171875 0.0284722
1 0.828125 0.638889 0.01875 0.0222222
3 0.447266 0.541667 0.0773437 0.0763889
0 0.0991211 0.0077474 0.0113281 0.0142795
3 0.444531 0.593056 0.0703125 0.0847222
1 0.64375 0.442708 0.00859375 0.0159722
1 0.83125 0.6 0.0125 0.0208333
1 0.45 0.554167 0.0140625 0.0347222
1 0.101465 0.00592448 0.0173828 0.011849
0 0.433594 0.58125 0.0507812 0.107639
0 0.444531 0.593056 0.0703125 0.0847222
2 0.689844 0.101237 0.0679687 0.0940538
1 0.6375 0.649306 0.0078125 0.0166667
1 0.990625 0.624306 0.015625 0.0333333
1 0.306641 0.554167 0.0128906 0.0180556
0 0.101465 0.00592448 0.0173828 0.011849
1 0.0945557 0.31441 0.057373 0.0420139
3 0.441406 0.555556 0.0640625 0.102083
1 0.448438 0.620139 0.0109375 0.0319444
1 0.821875 0.786111 0.0125 0.025
2 0.430078 0.561806 0.0460938 0.11875
0 0.0828125 0.309722 0.0832031 0.0708333
3 0.689844 0.100521 0.06875 0.0961806
2 0.447656 0.570139 0.0796875 0.133333
0 0.0294067 0.338542 0.0577881 0.0763889
1 0.445312 0.566667 0.009375 0.0305556
1 0.658594 0.263194 0.015625 0.0284722
1 0.659375 0.258854 0.0148437 0.0243056
2 0.444531 0.593056 0.0703125 0.0861111
1 0.654688 0.268403 0.0140625 0.0277778
1 0.661719 0.26441 0.0171875 0.0295139
2 0.433594 0.58125 0.0507812 0.108333
3 0.433594 0.58125 0.0507812 0.108333
1 0.029248 0.338542 0.0584961 0.0756944
0 0.448438 0.569444 0.08125 0.136111
1 0.86875 0.450694 0.015625 0.0208333
2 0.447266 0.542014 0.0773437 0.0763889
0 0.0967041 0.312153 0.0546387 0.0486111
1 0.0990234 0.00772569 0.0113281 0.0144097
1 0.661328 0.256944 0.0171875 0.0284722
3 0.448438 0.569444 0.08125 0.136111
1 0.657031 0.272917 0.0125 0.0340278
1 0.820312 0.797917 0.015625 0.0347222
1 0.448438 0.569444 0.08125 0.136111
1 0.0989258 0.00564236 0.0132813 0.0112847
1 0.65 0.268056 0.0171875 0.0291667
1 0.828125 0.639236 0.01875 0.0229167
3 0.447266 0.542014 0.0773437 0.0763889
1 0.611328 0.119271 0.0078125 0.0225694
3 0.444531 0.593056 0.0703125 0.0861111
0 0.0990234 0.00772569 0.0113281 0.0144097
1 0.83125 0.6 0.0125 0.0208333
1 0.45 0.553472 0.0140625 0.0347222
0 0.433594 0.58125 0.0507812 0.108333
0 0.444531 0.593056 0.0703125 0.0861111
1 0.101465 0.00596788 0.0173828 0.0119358
1 0.64375 0.442708 0.00859375 0.0159722
1 0.991406 0.626736 0.0171875 0.0368056
1 0.306641 0.554167 0.0125 0.0180556
2 0.689844 0.101215 0.0679687 0.0940972
1 0.6375 0.649306 0.0078125 0.0166667
1 0.822656 0.786111 0.0140625 0.0277778
0 0.101465 0.00596788 0.0173828 0.0119358
3 0.441406 0.555556 0.0640625 0.102778
1 0.0944336 0.314583 0.0572266 0.0416667
1 0.448438 0.620139 0.0101562 0.0319444
1 0.83125 0.84375 0.01875 0.0208333
2 0.430078 0.561806 0.0460938 0.119444
3 0.689844 0.100521 0.06875 0.0961806
2 0.447656 0.570139 0.0796875 0.133333
0 0.0293823 0.338542 0.0576416 0.0763889
1 0.445312 0.566667 0.009375 0.0305556
1 0.658594 0.263021 0.015625 0.0284722
1 0.659375 0.259028 0.0148437 0.025
2 0.445312 0.593056 0.0703125 0.0861111
1 0.655078 0.268229 0.0148437 0.0277778
1 0.661719 0.26441 0.0171875 0.0295139
1 0.658594 0.255208 0.015625 0.0239583
2 0.433594 0.58125 0.0515625 0.107639
3 0.433594 0.58125 0.0515625 0.107639
0 0.448438 0.569444 0.08125 0.136111
1 0.029248 0.338802 0.0584961 0.0751736
1 0.86875 0.450694 0.015625 0.0215278
2 0.447266 0.542014 0.0773437 0.0763889
3 0.448438 0.569444 0.08125 0.136111
1 0.820312 0.798611 0.015625 0.0361111
1 0.0990234 0.0078125 0.0115234 0.0144965
0 0.096582 0.3125 0.0544922 0.0479167
1 0.657031 0.272743 0.0125 0.034375
1 0.448438 0.569444 0.08125 0.136111
1 0.65 0.268056 0.01875 0.0291667
1 0.828125 0.639236 0.01875 0.0229167
1 0.0988281 0.00575087 0.0132813 0.0115017
3 0.447266 0.542014 0.0773437 0.0763889
3 0.445312 0.593056 0.0703125 0.0861111
1 0.45 0.553472 0.0140625 0.0347222
1 0.83125 0.6 0.0125 0.0208333
1 0.611328 0.119271 0.0078125 0.0225694
0 0.433594 0.58125 0.0515625 0.107639
0 0.0990234 0.0078125 0.0115234 0.0144965
0 0.445312 0.593056 0.0703125 0.0861111
1 0.101367 0.00601128 0.0171875 0.0120226
1 0.821875 0.786111 0.015625 0.0277778
1 0.64375 0.442361 0.00859375 0.0166667
1 0.991406 0.627083 0.0171875 0.0361111
2 0.689844 0.101215 0.0679687 0.0940972
1 0.306641 0.554167 0.0125 0.0180556
1 0.990625 0.623611 0.015625 0.0319444
3 0.441406 0.554861 0.0640625 0.101389
1 0.832031 0.84375 0.01875 0.0208333
0 0.101367 0.00601128 0.0171875 0.0120226
1 0.448438 0.620139 0.0101562 0.0319444
1 0.6375 0.649653 0.0078125 0.0173611
1 0.821875 0.802778 0.015625 0.0444444
2 0.430078 0.561458 0.0460938 0.118056
3 0.689844 0.100521 0.06875 0.0961806
2 0.447656 0.570139 0.0796875 0.133333
0 0.0293823 0.338976 0.0576416 0.0762153
1 0.445312 0.566667 0.0101562 0.0305556
1 0.658594 0.263021 0.015625 0.0284722
1 0.659375 0.259028 0.0148437 0.025
2 0.445703 0.593056 0.0710938 0.0861111
1 0.655469 0.268056 0.015625 0.028125
1 0.661328 0.264236 0.0171875 0.0298611
1 0.658594 0.255208 0.015625 0.0239583
2 0.433594 0.58125 0.0515625 0.108333
3 0.433594 0.58125 0.0515625 0.108333
0 0.448438 0.569097 0.08125 0.136111
1 0.86875 0.450694 0.015625 0.0222222
1 0.0292969 0.337847 0.0583984 0.0777778
2 0.447266 0.542014 0.0773437 0.0763889
1 0.820312 0.798611 0.015625 0.0361111
3 0.448438 0.569097 0.08125 0.136111
1 0.0990234 0.0078125 0.0115234 0.0144965
0 0.096582 0.3125 0.0544922 0.0479167
1 0.657031 0.272569 0.0125 0.0347222
1 0.448438 0.569097 0.08125 0.136111
1 0.828125 0.639236 0.01875 0.0229167
1 0.650781 0.267708 0.01875 0.0298611
1 0.0988281 0.00579427 0.0132813 0.0115885
3 0.447266 0.542014 0.0773437 0.0763889
3 0.445703 0.593056 0.0710938 0.0861111
1 0.45 0.553472 0.0140625 0.0347222
0 0.433594 0.58125 0.0515625 0.108333
1 0.83125 0.6 0.0125 0.0208333
0 0.445703 0.593056 0.0710938 0.0861111
1 0.101367 0.00605469 0.0171875 0.0121094
0 0.0990234 0.0078125 0.0115234 0.0144965
1 0.611328 0.119097 0.0078125 0.0229167
1 0.821875 0.786806 0.015625 0.0277778
1 0.991406 0.627083 0.0171875 0.0361111
1 0.83125 0.844444 0.01875 0.0222222
2 0.689844 0.101302 0.0679687 0.0942708
1 0.821875 0.802778 0.015625 0.0444444
3 0.441016 0.554861 0.0632813 0.100694
1 0.990625 0.623611 0.015625 0.0319444
1 0.64375 0.442361 0.00859375 0.0166667
1 0.306641 0.554167 0.0125 0.0180556
1 0.448438 0.619792 0.0101562 0.0326389
0 0.101367 0.00605469 0.0171875 0.0121094
1 0.832812 0.601389 0.015625 0.0256944
1 0.6375 0.649653 0.0078125 0.0173611
3 0.689844 0.100543 0.06875 0.0961372
2 0.447656 0.570139 0.0796875 0.133333
0 0.0293823 0.338542 0.0576416 0.0756944
1 0.445312 0.566667 0.0101562 0.0305556
1 0.658594 0.263194 0.015625 0.0284722
1 0.659375 0.259028 0.015625 0.0256944
2 0.445703 0.593056 0.0710938 0.0861111
1 0.655469 0.267882 0.015625 0.0284722
1 0.661328 0.264236 0.0171875 0.0298611
1 0.658594 0.255208 0.015625 0.0243056
2 0.433594 0.58125 0.0515625 0.107639
3 0.433594 0.58125 0.0515625 0.107639
0 0.448438 0.569097 0.08125 0.136111
1 0.86875 0.450694 0.015625 0.0222222
2 0.447656 0.542014 0.0765625 0.0763889
1 0.0292969 0.337847 0.0583984 0.0770833
1 0.820312 0.798611 0.015625 0.0361111
3 0.448438 0.569097 0.08125 0.136111
1 0.0990234 0.0078559 0.0117188 0.0144965
1 0.448438 0.569097 0.08125 0.136111
0 0.0965088 0.3125 0.0546387 0.0479167
1 0.657031 0.272569 0.0125 0.0347222
1 0.828125 0.639236 0.01875 0.0229167
1 0.0988281 0.00590278 0.0132813 0.0118056
1 0.650781 0.267535 0.01875 0.0302083
3 0.447656 0.542014 0.0765625 0.0763889
3 0.445703 0.593056 0.0710938 0.0861111
0 0.433594 0.58125 0.0515625 0.107639
1 0.45 0.554167 0.0140625 0.0347222
1 0.83125 0.6 0.0125 0.0208333
1 0.101367 0.00611979 0.0171875 0.0122396
1 0.821875 0.786806 0.015625 0.0277778
0 0.0990234 0.0078559 0.0117188 0.0144965
0 0.445703 0.593056 0.0710938 0.0861111
1 0.821875 0.802778 0.015625 0.0444444
1 0.83125 0.844444 0.01875 0.0222222
1 0.991406 0.627083 0.0171875 0.0347222
3 0.440625 0.554167 0.0625 0.1
2 0.689844 0.101302 0.0679687 0.0942708
1 0.990625 0.623264 0.015625 0.03125
1 0.611328 0.118924 0.0078125 0.0229167
0 0.101367 0.00611979 0.0171875 0.0122396
1 0.64375 0.442361 0.00859375 0.0166667
1 0.306445 0.554167 0.0125 0.0180556
1 0.832812 0.601389 0.015625 0.0256944
1 0.448438 0.619444 0.0101562 0.0333333
1 0.988281 0.626389 0.0203125 0.0326389
1 0.867188 0.454514 0.015625 0.0256944
3 0.689844 0.100543 0.06875 0.0961372
2 0.447656 0.570139 0.0796875 0.133333
0 0.0293823 0.338542 0.0576416 0.0756944
1 0.445312 0.566667 0.0101562 0.0305556
1 0.658594 0.263194 0.015625 0.0284722
1 0.659375 0.259028 0.015625 0.0256944
2 0.445312 0.593056 0.0703125 0.0861111
1 0.655469 0.267882 0.015625 0.0284722
1 0.661328 0.264236 0.0171875 0.0298611
1 0.658594 0.255208 0.015625 0.0239583
2 0.433594 0.58125 0.0515625 0.108333
3 0.433594 0.58125 0.0515625 0.108333
0 0.448438 0.569097 0.08125 0.136111
1 0.86875 0.450694 0.015625 0.0222222
2 0.447266 0.541667 0.0773437 0.0763889
1 0.820312 0.798611 0.015625 0.0361111
1 0.0292969 0.337847 0.0583984 0.0770833
3 0.448438 0.569097 0.08125 0.136111
1 0.0990234 0.0078559 0.0117188 0.0144965
1 0.448438 0.569097 0.08125 0.136111
0 0.0965088 0.3125 0.0546387 0.0479167
1 0.657031 0.272569 0.0125 0.0347222
1 0.828125 0.639236 0.01875 0.0229167
1 0.650781 0.267535 0.01875 0.0302083
1 0.0988281 0.00585938 0.0132813 0.0117188
3 0.447266 0.541667 0.0773437 0.0763889
3 0.445312 0.593056 0.0703125 0.0861111
0 0.433594 0.58125 0.0515625 0.108333
1 0.45 0.554167 0.0140625 0.0347222
1 0.83125 0.6 0.0125 0.0208333
1 0.101367 0.00611979 0.0171875 0.0122396
1 0.821875 0.786806 0.015625 0.0277778
0 0.445312 0.593056 0.0703125 0.0861111
0 0.0990234 0.0078559 0.0117188 0.0144965
1 0.821875 0.802778 0.015625 0.0444444
1 0.83125 0.844444 0.01875 0.0222222
1 0.991406 0.627083 0.0171875 0.0347222
2 0.689844 0.101302 0.0679687 0.0942708
3 0.440625 0.554167 0.0625 0.1
1 0.990625 0.623611 0.015625 0.0319444
1 0.611328 0.118924 0.0078125 0.0229167
1 0.64375 0.442361 0.00859375 0.0166667
1 0.306445 0.554167 0.0125 0.0180556
0 0.101367 0.00611979 0.0171875 0.0122396
1 0.832812 0.601389 0.015625 0.0256944
1 0.448438 0.619444 0.0101562 0.0333333
1 0.988281 0.626389 0.0203125 0.0326389
1 0.867188 0.454514 0.015625 0.0256944
