0 0.900781 0.576389 0.025 0.0194444
0 0.657422 0.963194 0.0273438 0.0736111
0 0.526953 0.467014 0.0320312 0.0215278
0 0.518359 0.509722 0.0335938 0.0222222
0 0.163867 0.44375 0.0339844 0.0256944
0 0.603906 0.948611 0.0203125 0.0694444
0 0.503906 0.59375 0.0328125 0.0208333
0 0.685156 0.963542 0.0265625 0.0729167
0 0.247266 0.583681 0.0320312 0.0194444
0 0.727734 0.602778 0.0320312 0.025
0 0.959375 0.609028 0.0296875 0.0222222
0 0.260352 0.497222 0.03125 0.0215278
0 0.170508 0.571181 0.034375 0.0222222
0 0.960938 0.525694 0.040625 0.0208333
0 0.379687 0.454514 0.0515625 0.0298611
0 0.658594 0.557639 0.0367187 0.0229167
0 0.746094 0.480556 0.0296875 0.0208333
0 0.371289 0.541667 0.0363281 0.025
0 0.358398 0.585069 0.0289063 0.0208333
0 0.116406 0.477083 0.0292969 0.025
0 0.957812 0.521875 0.04375 0.0256944
0 0.516797 0.979861 0.0164062 0.0347222
0 0.746094 0.934722 0.0265625 0.0194444
0 0.743359 0.972222 0.0328125 0.0333333
0 0.742969 0.968056 0.0296875 0.0277778
0 0.494141 0.263542 0.0109375 0.015625
0 0.514063 0.976389 0.0171875 0.0416667
0 0.706641 0.977778 0.0164062 0.0416667
0 0.383496 0.460417 0.0486328 0.0236111
0 0.367188 0.545486 0.0351562 0.0256944
0 0.0394531 0.161806 0.0167969 0.01875
0 0.899219 0.573958 0.0296875 0.0201389
0 0.494531 0.972222 0.015625 0.0555556
0 0.703906 0.581597 0.0171875 0.0111111
0 0.710156 0.968056 0.021875 0.0638889
0 0.553125 0.488542 0.0203125 0.0104167
0 0.771094 0.964583 0.0109375 0.0625
0 0.626562 0.961111 0.0171875 0.0763889
0 0.203125 0.623958 0.0382813 0.0152778
0 0.770312 0.972222 0.0109375 0.05
0 0.530469 0.0643229 0.00703125 0.0203125
0 0.219531 0.515972 0.021875 0.0138889
0 0.239453 0.556597 0.028125 0.0131944
0 0.244727 0.575 0.0351562 0.0208333
0 0.578125 0.939583 0.0171875 0.0361111
0 0.989062 0.601389 0.0203125 0.0208333
0 0.00430908 0.536806 0.00861816 0.0138889
0 0.365234 0.628472 0.0203125 0.0194444
0 0.629297 0.963889 0.0164062 0.0722222
0 0.741406 0.943056 0.028125 0.0333333
0 0.20625 0.621528 0.0429688 0.0152778
0 0.197852 0.615278 0.0304688 0.0180556
0 0.709375 0.959722 0.025 0.0666667
0 0.51875 0.128733 0.00703125 0.0192708
0 0.700391 0.961806 0.0390625 0.075
0 0.534375 0.486111 0.0453125 0.0138889
0 0.657031 0.649306 0.015625 0.0152778
0 0.769531 0.948611 0.0125 0.0444444
0 0.357031 0.588889 0.0296875 0.0256944
0 0.483594 0.225 0.0109375 0.0236111
0 0.0088623 0.460417 0.0150879 0.0166667
0 0.441797 0.885417 0.009375 0.0236111
0 0.489062 0.259549 0.0140625 0.0201389
0 0.404004 0.815278 0.0841797 0.0527778
0 0.407422 0.6375 0.0125 0.0194444
0 0.61875 0.951389 0.021875 0.0722222
0 0.542969 0.112674 0.009375 0.0215278
0 0.746875 0.961111 0.040625 0.0638889
0 0.258203 0.5 0.0351562 0.0270833
0 0.369531 0.534722 0.0382813 0.0298611
0 0.723437 0.597917 0.0421875 0.0222222
0 0.898438 0.509028 0.053125 0.0180556
0 0.701563 0.58125 0.0195312 0.0138889
0 0.552344 0.868056 0.0117188 0.0125
0 0.953125 0.515278 0.0484375 0.0194444
0 0.577344 0.946528 0.0179687 0.0513889
0 0.925 0.706944 0.04375 0.0166667
0 0.107813 0.418056 0.0261719 0.0152778
0 0.588672 0.466667 0.0289063 0.0180556
0 0.378027 0.449306 0.0533203 0.0375
0 0.17168 0.566667 0.034375 0.0256944
0 0.207031 0.423611 0.0125 0.00972222
0 0.55625 0.0405382 0.00625 0.0207465
0 0.160938 0.420139 0.0371094 0.0333333
0 0.561328 0.576389 0.025 0.0111111
0 0.985156 0.666319 0.0296875 0.0222222
0 0.112891 0.448611 0.0365234 0.0375
0 0.162207 0.432986 0.0353516 0.0319444
0 0.613281 0.951389 0.0226563 0.0694444
0 0.508984 0.414583 0.0117188 0.0222222
0 0.571875 0.941667 0.0203125 0.0319444
0 0.866406 0.581944 0.0171875 0.0138889
0 0.569922 0.984028 0.0132813 0.0222222
0 0.158789 0.407292 0.0347656 0.0298611
0 0.405469 0.628472 0.0140625 0.0173611
0 0.738281 0.984028 0.028125 0.0319444
0 0.110645 0.477083 0.0429688 0.0347222
0 0.650781 0.959722 0.0429688 0.0694444
0 0.00507812 0.15816 0.00976562 0.0163194
0 0.65625 0.571528 0.0375 0.0180556
0 0.0640625 0.463194 0.0181641 0.0152778
0 0.742188 0.989583 0.0335938 0.0208333
0 0.6 0.940278 0.021875 0.0638889
0 0.573828 0.915972 0.0203125 0.0152778
0 0.784375 0.966667 0.01875 0.0638889
0 0.10918 0.420139 0.0292969 0.0166667
0 0.215625 0.517708 0.0226563 0.0166667
0 0.178174 0.508333 0.0194336 0.0125
0 0.206836 0.615972 0.0355469 0.0166667
0 0.521094 0.115451 0.00703125 0.0208333
0 0.945312 0.604167 0.059375 0.0236111
0 0.222656 0.513194 0.0304688 0.0138889
0 0.588281 0.931944 0.0125 0.0361111
1 0.0688477 0.339583 0.0154297 0.0166667
0 0.390625 0.580556 0.0265625 0.0194444
0 0.530078 0.292535 0.0195312 0.0138889
0 0.982813 0.616667 0.034375 0.0208333
0 0.257812 0.479167 0.0328125 0.0444444
0 0.527344 0.511111 0.0539063 0.0263889
0 0.503516 0.591319 0.0351562 0.0298611
0 0.502344 0.970139 0.0375 0.05
0 0.0978516 0.417361 0.0464844 0.0152778
0 0.177539 0.494444 0.015625 0.0236111
0 0.817969 0.884028 0.009375 0.0194444
0 0.954687 0.651389 0.034375 0.0236111
0 0.15918 0.418056 0.0355469 0.0486111
0 0.969531 0.605556 0.053125 0.0270833
0 0.485547 0.551042 0.0203125 0.0263889
0 0.423438 0.819444 0.0328125 0.0388889
0 0.168262 0.617708 0.0322266 0.0173611
0 0.258984 0.490972 0.0316406 0.0347222
0 0.5125 0.977083 0.0265625 0.0458333
0 0.0111816 0.375 0.0223633 0.0208333
0 0.0688477 0.339583 0.0154297 0.0166667
0 0.252344 0.445833 0.0265625 0.025
0 0.395703 0.811111 0.0625 0.0388889
0 0.0848633 0.417361 0.0222656 0.0138889
0 0.495313 0.286632 0.009375 0.0145833
0 0.394531 0.625347 0.0210938 0.0159722
0 0.3625 0.540278 0.0585938 0.0361111
0 0.390625 0.596528 0.025 0.0180556
0 0.577344 0.918056 0.0234375 0.0194444
0 0.6625 0.651042 0.028125 0.0194444
0 0.217187 0.515972 0.034375 0.0152778
0 0.9375 0.29566 0.121875 0.0493056
0 0.532812 0.0480469 0.00625 0.0250868
0 0.278906 0.245139 0.0109375 0.0138889
0 0.953906 0.490278 0.05 0.0263889
0 0.496875 0.552083 0.04375 0.0319444
0 0.7875 0.977083 0.015625 0.0430556
0 0.932813 0.551389 0.021875 0.0138889
0 0.360547 0.56875 0.0273438 0.0173611
0 0.65625 0.556944 0.0421875 0.0298611
0 0.796875 0.908333 0.0125 0.0222222
0 0.357812 0.627083 0.0390625 0.0236111
0 0.796875 0.8875 0.0125 0.0222222
0 0.685156 0.599653 0.053125 0.0229167
1 0.508984 0.414583 0.0117188 0.0222222
0 0.762109 0.9625 0.0632813 0.0611111
0 0.932813 0.579861 0.025 0.0222222
0 0.689453 1 0.0296875 0
0 0.173633 0.620139 0.0339844 0.0138889
0 0.408203 0.807639 0.090625 0.0625
0 0.185107 0.556944 0.0290039 0.0131944
0 0.808594 0.579861 0.0234375 0.0215278
0 0.208203 0.659722 0.0117188 0.0194444
1 0.525 0.46875 0.03125 0.0236111
0 0.00854492 0.452431 0.0146484 0.0208333
0 0.91875 0.297917 0.160938 0.0576389
1 0.0394531 0.161806 0.0167969 0.01875
0 0.510156 0.776389 0.0140625 0.0305556
0 0.954687 0.609375 0.040625 0.0263889
0 0.93125 0.7 0.071875 0.0236111
0 0.3875 0.486806 0.0398437 0.0166667
0 0.385547 0.486806 0.0460938 0.0208333
1 0.514063 0.976389 0.0171875 0.0416667
0 0.373437 0.582639 0.0570313 0.0236111
0 0.75 0.952083 0.0421875 0.0736111
0 0.244141 0.5875 0.0375 0.0291667
0 0.00456543 0.549653 0.00913086 0.0270833
0 0.483203 0.240104 0.0140625 0.0305556
0 0.576172 0.959722 0.015625 0.0666667
0 0.945312 0.657986 0.053125 0.0298611
0 0.159863 0.619444 0.0501953 0.0222222
0 0.801562 0.909722 0.0125 0.0208333
0 0.376172 0.59375 0.0539063 0.025
0 0.952734 0.6625 0.0945313 0.0402778
0 0.608594 0.535764 0.0148437 0.0125
0 0.589844 0.513889 0.028125 0.0180556
0 0.243555 0.559375 0.0316406 0.0166667
0 0.680469 1 0.028125 0
0 0.0679687 0.341667 0.0175781 0.0159722
0 0.695312 0.325 0.123438 0.0527778
0 0.238281 0.581944 0.053125 0.0222222
0 0.146289 0.629514 0.127734 0.0479167
0 0.93125 0.661111 0.03125 0.0222222
0 0.380078 0.484722 0.0554687 0.0236111
1 0.657031 0.649306 0.015625 0.0152778
0 0.377734 0.626389 0.0367187 0.0194444
0 0.989062 0.651042 0.021875 0.0201389
0 0.349609 0.716667 0.0234375 0.0194444
0 0.426953 0.716667 0.0375 0.0194444
0 0.589063 0.485764 0.028125 0.0180556
0 0.657031 0.545833 0.0375 0.0291667
0 0.000292969 0.901389 0.000585938 0.197222
0 0.488672 0.263368 0.0226563 0.015625
0 0.589844 0.511111 0.0265625 0.0166667
0 0.297266 0.715278 0.140625 0.0388889
1 0.516797 0.979861 0.0164062 0.0347222
0 0.65 0.652431 0.0515625 0.0215278
0 0.374219 0.544792 0.0484375 0.0263889
0 0.442187 0.876389 0.0125 0.0361111
0 0.361719 0.551042 0.0429688 0.0354167
0 0.175732 0.572917 0.0407227 0.0222222
0 0.374023 0.531944 0.0464844 0.0388889
0 0.344727 0.636111 0.0605469 0.0305556
0 0.658594 0.567361 0.0375 0.0236111
0 0.942187 0.532292 0.034375 0.0284722
0 0.108789 0.45 0.0460938 0.0430556
1 0.278906 0.245139 0.0109375 0.0138889
0 0.68125 0.327083 0.15625 0.0645833
0 0.313281 0.583681 0.125 0.0388889
0 0.74375 0.978472 0.0375 0.0430556
0 0.667969 1 0.0234375 0
0 0.197266 0.650694 0.03125 0.0222222
0 0.9625 0.652083 0.071875 0.0270833
0 0.332812 0.469792 0.0140625 0.0173611
0 0.219531 0.525694 0.021875 0.0222222
0 0.228125 0.55625 0.034375 0.0166667
0 0.170703 0.510764 0.0316406 0.0125
0 0.669922 0.555556 0.0632813 0.0194444
0 0.985937 0.511111 0.028125 0.0145833
0 0.497656 0.970139 0.0234375 0.0597222
0 0.632031 0.977778 0.0140625 0.0444444
0 0.199219 0.422569 0.0296875 0.0138889
0 0.232422 0.535417 0.0453125 0.0263889
0 0.142188 0.671875 0.0164062 0.0173611
0 0.546484 0.0921875 0.00859375 0.025
0 0.602344 0.513194 0.0226563 0.025
0 0.615234 0.535417 0.021875 0.0111111
0 0.896094 0.576042 0.0359375 0.01875
0 0.43125 0.713194 0.04375 0.0236111
0 0.183984 0.6625 0.0078125 0.0138889
0 0.7 0.480903 0.125 0.0368056
0 0.925 0.69375 0.0578125 0.0277778
0 0.377344 0.458333 0.0515625 0.0451389
1 0.0679687 0.341667 0.0175781 0.0159722
1 0.494141 0.263542 0.0109375 0.015625
0 0.615625 0.928472 0.0265625 0.0402778
0 0.563672 0.312847 0.015625 0.0166667
0 0.985937 0.586111 0.025 0.025
0 0.156836 0.571528 0.0671875 0.0347222
0 0.603906 0.888889 0.01875 0.0166667
0 0.254687 0.464931 0.0296875 0.0659722
0 0.138965 0.628819 0.180664 0.0534722
0 0.979688 0.681771 0.040625 0.0197917
0 0.539062 0.125521 0.0125 0.0482639
0 0.964844 0.489583 0.0703125 0.0541667
0 0.733594 1 0.0515625 0
0 0.959375 0.579514 0.0359375 0.0819444
0 0.319141 0.544444 0.157031 0.0513889
0 0.779688 0.960417 0.0171875 0.0625
0 0.5125 0.775 0.0164062 0.025
0 0.114551 0.452778 0.0335938 0.0708333
0 0.0769531 0.477778 0.114063 0.05
0 0.94375 0.676389 0.1125 0.0444444
0 0.704297 1 0.0359375 0
0 0.954687 0.580208 0.04375 0.0333333
0 0.497656 0.565278 0.0453125 0.0513889
0 0.540625 0.133507 0.0125 0.0489583
0 0.954687 0.295139 0.090625 0.0465278
0 0.499219 0.331337 0.0296875 0.0414931
0 0.892187 0.535069 0.0375 0.0201389
0 0.360547 0.611111 0.028125 0.0222222
0 0.460938 0.276389 0.0171875 0.0246528
0 0.242969 0.535417 0.0304688 0.0194444
1 0.959375 0.521875 0.040625 0.0222222
0 0.90625 0.538194 0.065625 0.0402778
0 0.505469 0.324653 0.0148437 0.0430556
0 0.670313 0.600694 0.0875 0.0333333
0 0.109961 0.642708 0.0121094 0.0256944
0 0.809375 0.888889 0.028125 0.0402778
0 0.639063 0.958333 0.0445312 0.0819444
0 0.95625 0.585417 0.0359375 0.0333333
0 0.528125 0.0868056 0.009375 0.0246528
0 0.104492 0.614583 0.128516 0.0451389
1 0.0691406 0.347222 0.0185547 0.0222222
0 0.209961 0.604861 0.0367187 0.0166667
0 0.55625 0.814583 0.0796875 0.0555556
0 0.333008 0.486806 0.0132813 0.0180556
0 0.00776367 0.507292 0.0145508 0.0159722
1 0.959375 0.609028 0.0296875 0.0222222
1 0.171094 0.570833 0.0378906 0.0222222
0 0.965625 0.678472 0.06875 0.0277778
0 0.491406 0.254167 0.0125 0.0267361
0 0.854688 0.561806 0.046875 0.0402778
0 0.89375 0.560417 0.0359375 0.0263889
0 0.507031 1 0.0414063 0
1 0.9 0.574306 0.028125 0.0194444
0 0.463281 0.274306 0.0148437 0.0236111
0 0.901563 0.576389 0.025 0.0208333
0 0.527344 0.467361 0.03125 0.0236111
0 0.603906 0.95 0.0203125 0.0722222
0 0.246875 0.582986 0.03125 0.0229167
0 0.517969 0.510417 0.0320312 0.0229167
0 0.504297 0.595833 0.0328125 0.0222222
0 0.657031 0.963194 0.0265625 0.0736111
0 0.164258 0.44375 0.0328125 0.025
0 0.728125 0.602778 0.03125 0.0256944
0 0.658594 0.557292 0.0359375 0.025
0 0.260156 0.496181 0.0304688 0.0236111
0 0.380566 0.454861 0.0498047 0.0319444
0 0.370508 0.540972 0.0355469 0.0263889
0 0.960156 0.524306 0.0421875 0.0263889
0 0.685938 0.961806 0.0265625 0.0763889
0 0.959375 0.607292 0.03125 0.0256944
0 0.17041 0.572222 0.0345703 0.025
0 0.746094 0.480556 0.028125 0.0222222
0 0.358789 0.585417 0.0289063 0.0222222
0 0.117383 0.476736 0.028125 0.0263889
0 0.74375 0.972917 0.034375 0.0361111
0 0.746094 0.941667 0.03125 0.0333333
0 0.516797 0.979861 0.0171875 0.0347222
0 0.745313 0.968056 0.0375 0.05
0 0.514844 0.976389 0.01875 0.0388889
0 0.383203 0.459722 0.0492188 0.0270833
0 0.49375 0.263889 0.009375 0.0152778
0 0.746484 0.958333 0.0328125 0.0666667
0 0.0400879 0.161111 0.0173828 0.0197917
0 0.662891 0.963194 0.0257812 0.0736111
0 0.552734 0.488889 0.0203125 0.0111111
0 0.5125 0.974306 0.0234375 0.0458333
0 0.20625 0.622917 0.0421875 0.0180556
0 0.704687 0.580208 0.0171875 0.0111111
0 0.708594 0.965278 0.0195312 0.0694444
0 0.749219 0.959722 0.0453125 0.075
0 0.495313 0.972917 0.015625 0.0541667
0 0.362891 0.628472 0.0273438 0.0222222
0 0.9875 0.602083 0.025 0.0229167
0 0.483984 0.224479 0.0101562 0.0215278
0 0.761719 0.963889 0.0328125 0.0694444
0 0.959375 0.486806 0.059375 0.0305556
0 0.589063 0.467014 0.0289063 0.01875
0 0.245117 0.576389 0.0339844 0.0236111
0 0.540625 0.485069 0.04375 0.0145833
0 0.499219 0.970833 0.021875 0.0555556
0 0.695312 0.961806 0.0484375 0.0763889
0 0.561719 0.576389 0.0234375 0.0125
0 0.55625 0.0410156 0.00546875 0.018316
0 0.985937 0.663542 0.028125 0.0277778
0 0.610937 0.954167 0.0265625 0.0736111
0 0.530469 0.0653646 0.00625 0.0180556
0 0.379004 0.448611 0.0544922 0.0347222
0 0.724219 0.600347 0.0421875 0.0263889
0 0.405469 0.627778 0.0125 0.0180556
0 0.488281 0.258333 0.0125 0.0173611
0 0.626172 0.960417 0.0203125 0.0791667
0 0.666406 0.557292 0.053125 0.0284722
0 0.108594 0.418403 0.0273438 0.0173611
0 0.24375 0.555556 0.0335938 0.0194444
0 0.617578 0.954861 0.0226563 0.075
0 0.20625 0.423611 0.015625 0.0111111
0 0.367969 0.535069 0.0359375 0.0298611
0 0.621875 0.952778 0.015625 0.0722222
0 0.964844 0.48125 0.0703125 0.0513889
0 0.707812 0.9625 0.0296875 0.0722222
0 0.503906 0.591319 0.034375 0.0298611
0 0.358203 0.626736 0.0359375 0.025
0 0.699219 0.579167 0.0265625 0.0180556
0 0.524609 0.471528 0.0296875 0.0208333
0 0.407813 0.638194 0.0109375 0.0194444
0 0.930469 0.658681 0.0390625 0.0284722
0 0.195703 0.615972 0.0390625 0.0201389
0 0.657031 0.648611 0.0132813 0.0152778
0 0.951563 0.657639 0.075 0.0333333
0 0.630859 0.961111 0.0210938 0.0777778
0 0.542188 0.115191 0.0117188 0.0237847
0 0.171973 0.565972 0.0341797 0.0263889
0 0.510156 0.414583 0.0125 0.0236111
0 0.00476074 0.157639 0.0090332 0.0180556
0 0.9 0.514583 0.05625 0.0277778
0 0.579297 0.945833 0.0195312 0.0513889
0 0.519141 0.129253 0.00703125 0.0180556
0 0.528906 0.292014 0.0171875 0.0138889
0 0.401953 0.815972 0.078125 0.0527778
0 0.504687 0.333333 0.0140625 0.0347222
0 0.362891 0.540625 0.05625 0.0354167
0 0.970312 0.605208 0.0546875 0.0298611
0 0.5625 0.312674 0.0195312 0.0197917
0 0.258594 0.498611 0.034375 0.0305556
0 0.582031 0.952778 0.0203125 0.0708333
0 0.505078 0.321181 0.0109375 0.0347222
0 0.359375 0.56875 0.0265625 0.0138889
0 0.521094 0.11441 0.0078125 0.0178819
0 0.383203 0.8125 0.0382813 0.0388889
0 0.159863 0.411806 0.0357422 0.0361111
0 0.498437 0.552778 0.0453125 0.0361111
0 0.470313 0.733333 0.0117188 0.0513889
0 0.745703 0.983333 0.0414063 0.0333333
0 0.279492 0.246181 0.00976562 0.0131944
0 0.389844 0.581944 0.028125 0.0222222
0 0.496094 0.287674 0.0078125 0.0128472
0 0.423828 0.818056 0.0257812 0.0361111
0 0.515234 0.417361 0.0234375 0.0270833
0 0.389453 0.595139 0.0273438 0.0208333
0 0.521875 0.4375 0.0375 0.0680556
0 0.953125 0.653472 0.040625 0.0277778
0 0.373437 0.589583 0.0609375 0.0333333
0 0.510156 0.775 0.015625 0.0277778
0 0.159766 0.40625 0.0351562 0.0291667
0 0.163086 0.434375 0.034375 0.0354167
0 0.782812 0.965278 0.021875 0.0694444
0 0.110937 0.477083 0.0429688 0.0347222
0 0.559375 0.311806 0.0171875 0.0180556
0 0.892187 0.529167 0.040625 0.0319444
0 0.948438 0.604167 0.05625 0.0291667
0 0.112793 0.451042 0.0361328 0.0388889
0 0.964453 0.470139 0.0710938 0.0472222
0 0.392188 0.625694 0.0265625 0.0194444
0 0.360156 0.613542 0.0265625 0.0243056
0 0.976562 0.614583 0.04375 0.025
0 0.461328 0.276389 0.015625 0.0253472
0 0.169336 0.617361 0.0390625 0.0222222
0 0.176953 0.508333 0.0214844 0.0138889
1 0.516797 0.979861 0.0171875 0.0347222
0 0.187305 0.61875 0.0792969 0.0222222
0 0.207031 0.616319 0.0367187 0.0201389
0 0.0691406 0.339236 0.0123047 0.0180556
0 0.263477 0.495139 0.0398437 0.0263889
0 0.921875 0.700694 0.046875 0.0319444
0 0.503125 0.933333 0.0203125 0.0305556
0 0.864844 0.572917 0.0265625 0.0319444
0 0.483594 0.240972 0.0109375 0.0256944
0 0.372656 0.583333 0.0570313 0.0277778
0 0.658203 0.565972 0.0382813 0.0319444
0 0.377734 0.625694 0.040625 0.0222222
0 0.601172 0.945833 0.0226563 0.075
0 0.258594 0.480556 0.0328125 0.0444444
0 0.896094 0.53125 0.05 0.0381944
0 0.469531 0.327778 0.0109375 0.0416667
0 0.259766 0.490972 0.03125 0.0319444
0 0.442187 0.8875 0.009375 0.025
0 0.0898438 0.418056 0.0332031 0.0166667
0 0.674219 0.557639 0.0765625 0.03125
0 0.377344 0.457639 0.0523437 0.0472222
0 0.220703 0.514583 0.0242187 0.0166667
0 0.224805 0.582639 0.0792969 0.0333333
0 0.572656 0.951389 0.021875 0.0555556
0 0.940625 0.660764 0.071875 0.0298611
0 0.353516 0.627083 0.0492188 0.0270833
0 0.486719 0.223958 0.0125 0.0381944
0 0.505469 0.334375 0.01875 0.0291667
1 0.959375 0.608333 0.0296875 0.0243056
0 0.952344 0.660069 0.0953125 0.0423611
1 0.0691406 0.339236 0.0123047 0.0180556
0 0.0994141 0.418056 0.0513672 0.0180556
0 0.566797 0.644097 0.0125 0.0194444
0 0.108105 0.384028 0.0728516 0.0326389
0 0.959375 0.582639 0.0359375 0.0722222
0 0.675 0.602083 0.109375 0.0319444
0 0.920313 0.659722 0.0453125 0.0256944
0 0.35 0.716667 0.0238281 0.0194444
0 0.946875 0.7 0.103125 0.0416667
0 0.387109 0.489583 0.0414063 0.0194444
0 0.0124512 0.376042 0.0238281 0.025
0 0.498437 0.563542 0.0460938 0.0534722
0 0.246484 0.585069 0.0335938 0.03125
0 0.389062 0.404861 0.0265625 0.0277778
0 0.380859 0.486111 0.05625 0.0263889
0 0.957031 0.516667 0.0546875 0.0263889
0 0.553906 0.868056 0.0148437 0.0166667
0 0.370313 0.426389 0.05625 0.0222222
0 0.533594 0.511806 0.06875 0.0291667
0 0.480859 0.327083 0.00703125 0.0388889
0 0.978125 0.511111 0.04375 0.0166667
1 0.657031 0.648611 0.0132813 0.0152778
0 0.4875 0.263542 0.0203125 0.0152778
0 0.657031 0.543056 0.0367187 0.03125
0 0.24043 0.447222 0.0605469 0.0319444
0 0.532422 0.0488715 0.00625 0.0223958
0 0.176904 0.495486 0.0165039 0.0277778
0 0.959375 0.663194 0.040625 0.0402778
0 0.496875 0.324306 0.0125 0.0402778
0 0.384766 0.489583 0.0484375 0.025
0 0.642969 0.959028 0.0570313 0.0763889
0 0.171191 0.616667 0.0373047 0.0305556
0 0.319531 0.544444 0.150781 0.0493056
0 0.615625 0.516667 0.021875 0.0375
0 0.608594 0.515972 0.021875 0.0305556
0 0.362695 0.546875 0.0433594 0.0361111
0 0.200586 0.421528 0.0328125 0.0166667
0 0.788281 0.33125 0.1375 0.0680556
1 0.527344 0.467361 0.03125 0.0236111
1 0.0404297 0.161806 0.0166016 0.0194444
0 0.546094 0.0928819 0.009375 0.0225694
0 0.575391 0.915278 0.0257812 0.0166667
1 0.279492 0.246181 0.00976562 0.0131944
0 0.429688 0.717361 0.0390625 0.0222222
1 0.510156 0.414583 0.0125 0.0236111
0 0.660156 0.65 0.03125 0.0222222
0 0.464063 0.274653 0.0140625 0.0236111
0 0.521094 0.289583 0.009375 0.0149306
0 0.589453 0.484028 0.028125 0.0208333
0 0.161133 0.421528 0.0375 0.0361111
0 0.725781 0.322917 0.059375 0.0375
0 0.497656 0.330642 0.01875 0.0414931
0 0.24375 0.624306 0.0335938 0.0208333
0 0.946094 0.693056 0.107813 0.0444444
0 0.503516 0.972222 0.040625 0.0444444
0 0.964063 0.453819 0.06875 0.0256944
0 0.145703 0.573611 0.0882813 0.0375
0 0.175342 0.574653 0.0430664 0.0256944
0 0.350391 0.6375 0.0554687 0.0361111
0 0.51875 0.732639 0.0234375 0.0166667
0 0.173145 0.537847 0.0408203 0.0319444
0 0.989062 0.654167 0.021875 0.0263889
0 0.49375 0.331597 0.0226563 0.0368056
0 0.589844 0.512153 0.028125 0.0201389
0 0.954687 0.583333 0.040625 0.0375
0 0.508984 0.411806 0.0101562 0.0263889
0 0.185937 0.55625 0.0308594 0.0152778
0 0.612891 0.946528 0.0351562 0.0763889
0 0.703516 0.322917 0.105469 0.0444444
1 0.260156 0.496181 0.0304688 0.0236111
0 0.210156 0.605556 0.0460938 0.0215278
0 0.705078 0.967708 0.0203125 0.0645833
0 0.747266 0.977778 0.0445312 0.0444444
0 0.552344 0.2625 0.0328125 0.0208333
0 0.00424805 0.537153 0.00820312 0.0152778
0 0.570312 0.972222 0.0171875 0.0458333
0 0.489062 0.226389 0.0109375 0.0236111
0 0.615625 0.529514 0.021875 0.0201389
0 0.169922 0.534028 0.0398437 0.0347222
1 0.205469 0.621875 0.0421875 0.0194444
0 0.907812 0.6125 0.0375 0.0326389
0 0.9625 0.588194 0.040625 0.0347222
0 0.460938 0.279861 0.0140625 0.0222222
0 0.986719 0.5875 0.0265625 0.0277778
0 0.337305 0.582639 0.0785156 0.0361111
0 0.17002 0.510764 0.0337891 0.0138889
0 0.158496 0.61875 0.0623047 0.0277778
0 0.247656 0.629861 0.0457031 0.0465278
0 0.395312 0.244271 0.040625 0.0430556
0 0.205469 0.610417 0.0441406 0.0277778
1 0.49375 0.263889 0.009375 0.0152778
0 0.233594 0.537847 0.0578125 0.0395833
0 0.255859 0.466667 0.0375 0.0722222
0 0.373828 0.531597 0.0476562 0.0361111
0 0.539844 0.133681 0.0148437 0.0506944
0 0.591406 0.620486 0.0203125 0.0111111
0 0.603906 0.736111 0.0117188 0.0138889
0 0.577344 0.918056 0.0265625 0.0208333
0 0.544141 0.672569 0.05625 0.0826389
1 0.00476074 0.157639 0.0090332 0.0180556
0 0.688672 1 0.0390625 0
0 0.512109 0.734722 0.015625 0.0180556
0 0.596875 0.7375 0.0195312 0.0138889
0 0.941406 0.683333 0.117188 0.0888889
0 0.680078 1 0.0351562 0
0 0.926562 0.696528 0.0578125 0.0319444
0 0.500781 0.594444 0.0421875 0.0222222
0 0.960938 0.653472 0.078125 0.0319444
0 0.605469 0.888194 0.0234375 0.0208333
0 0.564844 0.264583 0.0664062 0.0291667
1 0.901563 0.575694 0.025 0.0222222
0 0.528125 0.728472 0.0390625 0.0236111
1 0.514063 0.976389 0.021875 0.0416667
0 0.447656 0.0809028 0.021875 0.028125
0 0.744531 1 0.109375 0
0 0.655469 0.561111 0.04375 0.0319444
0 0.387598 0.430208 0.0388672 0.0416667
0 0.935938 0.581597 0.078125 0.0319444
0 0.104297 0.627778 0.208594 0.0694444
0 0.700781 0.561111 0.05 0.03125
0 0.0842773 0.187153 0.0337891 0.0354167
0 0.855469 0.565972 0.05 0.0416667
0 0.688281 0.324306 0.139062 0.0520833
0 0.115527 0.452778 0.0310547 0.0722222
0 0.308984 0.715278 0.110937 0.0361111
0 0.0935303 0.187847 0.0469238 0.0354167
0 0.438281 0.554167 0.0703125 0.0416667
0 0.954687 0.611806 0.040625 0.0270833
0 0.380078 0.513889 0.0273438 0.0208333
0 0.901563 0.514583 0.071875 0.0333333
0 0.762891 0.955903 0.0742188 0.0881944
0 0.233398 0.509722 0.0863281 0.0277778
0 0.839063 0.565972 0.078125 0.0465278
0 0.00849609 0.463194 0.0137695 0.0208333
0 0.302734 0.55 0.182031 0.0638889
0 0.133789 0.44375 0.065625 0.0527778
0 0.561719 0.0378472 0.015625 0.0291667
0 0.610937 0.527778 0.0234375 0.025
0 0.201904 0.581944 0.125879 0.0527778
0 0.896875 0.575 0.034375 0.0236111
0 0.490625 0.252778 0.0109375 0.0263889
0 0.542969 0.260069 0.0132813 0.01875
0 0.373828 0.54375 0.0492188 0.0305556
0 0.244531 0.561458 0.0324219 0.0201389
0 0.978125 0.654167 0.04375 0.0319444
0 0.384277 0.22691 0.0611328 0.090625
0 0.901563 0.576389 0.025 0.0208333
0 0.527344 0.467014 0.03125 0.0229167
0 0.603906 0.95 0.0203125 0.0722222
0 0.246875 0.582986 0.03125 0.0229167
0 0.517969 0.510417 0.0320312 0.0229167
0 0.504297 0.595833 0.0328125 0.0222222
0 0.657031 0.963194 0.0265625 0.0736111
0 0.164258 0.44375 0.0328125 0.025
0 0.728125 0.602778 0.03125 0.0256944
0 0.658594 0.557292 0.0359375 0.025
0 0.260156 0.496528 0.0304688 0.0236111
0 0.380566 0.454861 0.0498047 0.0319444
0 0.960156 0.524306 0.0421875 0.0263889
0 0.370508 0.540972 0.0355469 0.0263889
0 0.685938 0.961806 0.0265625 0.0763889
0 0.959375 0.607292 0.03125 0.0256944
0 0.17041 0.572222 0.0345703 0.025
0 0.746094 0.480556 0.028125 0.0222222
0 0.358789 0.585417 0.0289063 0.0222222
0 0.117383 0.476736 0.028125 0.0263889
0 0.74375 0.972917 0.034375 0.0361111
0 0.746094 0.941667 0.03125 0.0333333
0 0.516797 0.979167 0.0171875 0.0361111
0 0.744922 0.968056 0.0375 0.05
0 0.514063 0.976389 0.021875 0.0416667
0 0.383203 0.459722 0.0492188 0.0270833
0 0.49375 0.263889 0.009375 0.0152778
0 0.746484 0.958333 0.0328125 0.0666667
0 0.0400391 0.161111 0.0173828 0.0194444
0 0.662891 0.963194 0.0257812 0.0736111
0 0.552734 0.489236 0.0203125 0.0118056
0 0.20625 0.622917 0.0421875 0.0180556
0 0.704687 0.580208 0.0171875 0.0111111
0 0.708594 0.965278 0.0195312 0.0694444
0 0.749219 0.959722 0.0453125 0.075
0 0.495313 0.972222 0.015625 0.0555556
0 0.362891 0.628472 0.0273438 0.0222222
0 0.9875 0.601736 0.025 0.0229167
0 0.483984 0.224306 0.0101562 0.0215278
0 0.762109 0.963194 0.0320312 0.0708333
0 0.959375 0.486806 0.059375 0.0305556
0 0.244922 0.576389 0.034375 0.0236111
0 0.589063 0.467014 0.0289063 0.01875
0 0.540625 0.485069 0.04375 0.0145833
0 0.499219 0.970833 0.021875 0.0555556
0 0.695312 0.961806 0.0484375 0.0763889
0 0.562109 0.576389 0.0234375 0.0125
0 0.55625 0.0409722 0.00546875 0.0182292
0 0.985937 0.663542 0.028125 0.0277778
0 0.610937 0.954167 0.0265625 0.0736111
0 0.530469 0.0652778 0.00625 0.0180556
0 0.379004 0.448611 0.0544922 0.0347222
0 0.724219 0.600347 0.0421875 0.0263889
0 0.405469 0.627778 0.0125 0.0180556
0 0.488281 0.258333 0.0125 0.0173611
0 0.666406 0.557292 0.053125 0.0284722
0 0.626172 0.960417 0.0203125 0.0791667
0 0.617578 0.954861 0.0226563 0.075
0 0.108594 0.418403 0.0273438 0.0173611
0 0.24375 0.555556 0.0335938 0.0194444
0 0.20625 0.423611 0.015625 0.0111111
0 0.367969 0.535069 0.0359375 0.0298611
0 0.621875 0.952778 0.015625 0.0722222
0 0.964844 0.48125 0.0703125 0.0513889
0 0.503906 0.591319 0.034375 0.0298611
0 0.707812 0.9625 0.0296875 0.0722222
0 0.699219 0.579167 0.0265625 0.0180556
0 0.524609 0.471528 0.0296875 0.0208333
0 0.358203 0.626389 0.0359375 0.025
0 0.407813 0.638194 0.0109375 0.0194444
0 0.930469 0.658681 0.0390625 0.0284722
0 0.195703 0.615972 0.0390625 0.0201389
0 0.951563 0.657639 0.075 0.0340278
0 0.630859 0.961111 0.0210938 0.0777778
0 0.657031 0.648611 0.0132813 0.0152778
0 0.542188 0.115191 0.0117188 0.0239583
0 0.171973 0.565972 0.0341797 0.0263889
0 0.510156 0.414583 0.0125 0.0236111
0 0.00473633 0.157813 0.00908203 0.0180556
0 0.9 0.514583 0.05625 0.0277778
0 0.579297 0.945833 0.0195312 0.0527778
0 0.519141 0.129167 0.00703125 0.0180556
0 0.528906 0.292014 0.0171875 0.0138889
0 0.401953 0.815278 0.078125 0.0527778
0 0.504687 0.333333 0.0140625 0.0347222
0 0.362891 0.540625 0.05625 0.0354167
0 0.970312 0.605208 0.0546875 0.0298611
0 0.5625 0.312847 0.01875 0.0194444
0 0.582031 0.952778 0.0203125 0.0708333
0 0.505078 0.321181 0.0109375 0.0347222
0 0.359375 0.56875 0.0265625 0.0138889
0 0.521094 0.11441 0.0078125 0.0180556
0 0.383203 0.8125 0.0375 0.0388889
0 0.498437 0.552778 0.0453125 0.0361111
0 0.159863 0.411806 0.0357422 0.0361111
0 0.470313 0.733333 0.0125 0.0513889
0 0.745703 0.983333 0.0414063 0.0333333
0 0.279492 0.246181 0.00976562 0.0131944
0 0.496094 0.2875 0.0078125 0.0131944
0 0.389844 0.581944 0.028125 0.0222222
0 0.423828 0.818056 0.0257812 0.0361111
0 0.515234 0.417361 0.0234375 0.0270833
0 0.521875 0.4375 0.0375 0.0680556
0 0.389453 0.595486 0.0273438 0.0208333
0 0.953125 0.653472 0.040625 0.0277778
0 0.373437 0.589583 0.0609375 0.0333333
0 0.510156 0.775 0.015625 0.0277778
0 0.159766 0.40625 0.0351562 0.0291667
0 0.163086 0.434375 0.034375 0.0354167
0 0.782812 0.965278 0.021875 0.0694444
0 0.110937 0.477083 0.0429688 0.0347222
0 0.559375 0.311806 0.0171875 0.0180556
0 0.892187 0.529167 0.040625 0.0319444
0 0.948438 0.604514 0.05625 0.0291667
0 0.112695 0.451042 0.0363281 0.0388889
0 0.964453 0.470139 0.0710938 0.0472222
0 0.391797 0.625694 0.0257812 0.0194444
0 0.976562 0.614583 0.04375 0.025
0 0.360156 0.613542 0.0265625 0.0243056
0 0.461328 0.276389 0.015625 0.0253472
0 0.169336 0.617361 0.0390625 0.0222222
0 0.176953 0.508333 0.0214844 0.0138889
1 0.516797 0.979167 0.0171875 0.0361111
0 0.187305 0.61875 0.0792969 0.0222222
0 0.207031 0.616319 0.0367187 0.0201389
0 0.0691406 0.339236 0.0123047 0.0180556
0 0.263477 0.495139 0.0398437 0.0263889
0 0.922656 0.700694 0.0484375 0.0319444
0 0.503125 0.933333 0.0203125 0.0305556
0 0.864844 0.572917 0.0265625 0.0319444
0 0.483594 0.241146 0.0109375 0.0253472
0 0.658203 0.565972 0.0382813 0.0319444
0 0.372656 0.583333 0.0570313 0.0277778
0 0.378223 0.625694 0.0404297 0.0222222
0 0.601172 0.945833 0.0226563 0.075
0 0.258594 0.480556 0.0328125 0.0451389
0 0.896094 0.53125 0.05 0.0381944
0 0.469531 0.327778 0.0109375 0.0416667
0 0.259766 0.490972 0.03125 0.0319444
0 0.674219 0.557639 0.0757812 0.03125
0 0.442187 0.8875 0.009375 0.025
0 0.0898438 0.418056 0.0332031 0.0166667
0 0.377246 0.457639 0.0517578 0.0472222
0 0.225 0.582639 0.0792969 0.0333333
0 0.220703 0.514583 0.0242187 0.0166667
0 0.940625 0.660764 0.071875 0.0298611
0 0.572656 0.951389 0.021875 0.0555556
0 0.353516 0.627083 0.0492188 0.0270833
0 0.505469 0.334375 0.01875 0.0291667
0 0.486719 0.223958 0.0125 0.0381944
1 0.959375 0.608333 0.0296875 0.0243056
0 0.952344 0.660069 0.0953125 0.0423611
1 0.0691406 0.339236 0.0123047 0.0180556
0 0.0993896 0.418056 0.0512207 0.0180556
0 0.566797 0.644097 0.0125 0.0194444
0 0.108179 0.384028 0.0727051 0.0326389
0 0.959375 0.582639 0.0359375 0.0722222
0 0.675 0.602083 0.109375 0.0319444
0 0.35 0.716667 0.0238281 0.0194444
0 0.920313 0.659722 0.0453125 0.0256944
0 0.387109 0.489583 0.0414063 0.0194444
0 0.498437 0.563194 0.0460938 0.0527778
0 0.946875 0.7 0.103125 0.0416667
0 0.246484 0.585069 0.0335938 0.03125
0 0.0124512 0.376389 0.0238281 0.025
0 0.389062 0.404861 0.0265625 0.0277778
0 0.380859 0.486111 0.05625 0.0263889
0 0.957031 0.516667 0.0546875 0.0263889
0 0.370313 0.426389 0.05625 0.0222222
0 0.533594 0.511806 0.06875 0.0291667
0 0.553906 0.868056 0.0148437 0.0166667
0 0.480859 0.327083 0.00703125 0.0388889
0 0.978125 0.511111 0.04375 0.0166667
1 0.657031 0.648611 0.0132813 0.0152778
0 0.4875 0.263542 0.0203125 0.0152778
0 0.532422 0.0488715 0.00625 0.0223958
0 0.657031 0.543056 0.0367187 0.0305556
0 0.24043 0.447222 0.0605469 0.0319444
0 0.959375 0.663194 0.040625 0.0402778
0 0.176904 0.495486 0.0165039 0.0277778
0 0.496875 0.323958 0.0125 0.0402778
0 0.384766 0.489583 0.0484375 0.025
0 0.642969 0.959028 0.0570313 0.0763889
0 0.171289 0.616667 0.0371094 0.0305556
0 0.319531 0.544444 0.150781 0.0493056
0 0.615625 0.516667 0.021875 0.0375
0 0.362695 0.546875 0.0433594 0.0361111
0 0.608594 0.515972 0.021875 0.0305556
0 0.200586 0.421528 0.0328125 0.0166667
1 0.527344 0.467014 0.03125 0.0229167
1 0.0404297 0.161806 0.0166016 0.0194444
0 0.788281 0.33125 0.139062 0.0680556
0 0.546094 0.0928819 0.009375 0.0225694
0 0.575391 0.915278 0.0257812 0.0166667
1 0.279492 0.246181 0.00976562 0.0131944
0 0.429688 0.717361 0.0390625 0.0222222
1 0.510156 0.414583 0.0125 0.0236111
0 0.161133 0.421528 0.0375 0.0361111
0 0.521094 0.289583 0.009375 0.0149306
0 0.464063 0.274653 0.0140625 0.0236111
0 0.589453 0.484028 0.028125 0.0208333
0 0.660156 0.65 0.03125 0.0222222
0 0.24375 0.624306 0.0335938 0.0208333
0 0.497656 0.330642 0.01875 0.0414931
0 0.725781 0.322917 0.059375 0.0375
0 0.946094 0.693056 0.107813 0.0458333
0 0.503516 0.972222 0.040625 0.0444444
0 0.145801 0.573611 0.0880859 0.0375
0 0.964063 0.453819 0.06875 0.0256944
0 0.175586 0.574306 0.0429688 0.025
0 0.350391 0.6375 0.0554687 0.0361111
0 0.51875 0.732639 0.0234375 0.0166667
0 0.173145 0.537847 0.0408203 0.0319444
0 0.989062 0.654167 0.021875 0.0263889
0 0.49375 0.331597 0.0226563 0.0368056
0 0.954687 0.583333 0.040625 0.0375
0 0.589844 0.512153 0.028125 0.0201389
0 0.185937 0.55625 0.0308594 0.0152778
0 0.508984 0.411806 0.0101562 0.0263889
0 0.612891 0.946528 0.0351562 0.0763889
1 0.260156 0.496528 0.0304688 0.0236111
0 0.210547 0.605556 0.0460938 0.0215278
0 0.747266 0.977778 0.0445312 0.0444444
0 0.705078 0.967708 0.0203125 0.0645833
0 0.703516 0.322917 0.105469 0.0444444
0 0.552344 0.262326 0.0328125 0.0208333
0 0.00424805 0.537153 0.00820312 0.0152778
0 0.570312 0.972222 0.0171875 0.0458333
0 0.615625 0.529514 0.021875 0.0201389
0 0.169922 0.534028 0.0398437 0.0347222
0 0.489062 0.226215 0.0109375 0.0236111
0 0.907812 0.6125 0.0375 0.0326389
1 0.205469 0.621875 0.0421875 0.0194444
0 0.9875 0.5875 0.025 0.0277778
0 0.9625 0.588194 0.040625 0.0347222
0 0.460938 0.279861 0.0140625 0.0222222
0 0.337109 0.582639 0.0789063 0.0361111
0 0.169922 0.510764 0.0339844 0.0138889
0 0.158691 0.61875 0.0619141 0.0277778
0 0.247656 0.629861 0.0457031 0.0465278
0 0.395312 0.244444 0.040625 0.0430556
0 0.205469 0.610417 0.0441406 0.0277778
1 0.49375 0.263889 0.009375 0.0152778
0 0.233594 0.537847 0.0578125 0.0395833
0 0.255859 0.466667 0.0375 0.0722222
0 0.373828 0.531597 0.0476562 0.0361111
0 0.539844 0.133681 0.0148437 0.0506944
0 0.603906 0.736111 0.0117188 0.0138889
1 0.00473633 0.157813 0.00908203 0.0180556
0 0.591406 0.620486 0.0203125 0.0111111
0 0.577344 0.918056 0.0265625 0.0208333
0 0.54375 0.672569 0.05625 0.0826389
0 0.688672 1 0.0390625 0
0 0.511719 0.734722 0.015625 0.0180556
0 0.596875 0.7375 0.0195312 0.0138889
0 0.941406 0.683333 0.117188 0.0888889
0 0.680078 1 0.0351562 0
0 0.960938 0.653472 0.078125 0.0319444
0 0.500781 0.594444 0.0421875 0.0222222
0 0.605469 0.888194 0.0234375 0.0208333
0 0.744531 1 0.109375 0
1 0.901563 0.575694 0.025 0.0222222
0 0.926562 0.696528 0.059375 0.0319444
0 0.528125 0.728472 0.0390625 0.0236111
1 0.514063 0.976389 0.021875 0.0416667
0 0.447656 0.0809028 0.0210938 0.028125
0 0.564844 0.264583 0.065625 0.0288194
0 0.655469 0.561111 0.04375 0.0319444
0 0.387598 0.430208 0.0388672 0.0416667
0 0.936719 0.581597 0.078125 0.0319444
0 0.104199 0.627778 0.208398 0.0694444
0 0.700391 0.561111 0.0507812 0.03125
0 0.85625 0.565972 0.05 0.0416667
0 0.084082 0.187153 0.0332031 0.0350694
0 0.688281 0.324306 0.139062 0.0520833
0 0.115527 0.452778 0.0310547 0.0722222
0 0.308984 0.715278 0.110937 0.0361111
0 0.954687 0.611806 0.040625 0.0270833
0 0.380078 0.513889 0.0273438 0.0208333
0 0.0935791 0.188021 0.0468262 0.0350694
0 0.902344 0.514583 0.071875 0.0333333
0 0.233398 0.509722 0.0863281 0.0277778
0 0.762891 0.955903 0.0742188 0.0881944
0 0.438281 0.553819 0.0703125 0.0423611
0 0.839844 0.565972 0.078125 0.0465278
0 0.133984 0.44375 0.065625 0.0534722
0 0.00849609 0.463194 0.0137695 0.0208333
0 0.302734 0.55 0.182031 0.0638889
0 0.561719 0.037934 0.015625 0.0291667
0 0.201953 0.581944 0.125781 0.0513889
0 0.610937 0.527778 0.0234375 0.025
0 0.896875 0.575 0.034375 0.0236111
0 0.490625 0.252778 0.0109375 0.0263889
0 0.542969 0.259896 0.0132813 0.0184028
0 0.373828 0.54375 0.0492188 0.0305556
0 0.244531 0.561458 0.0324219 0.0201389
0 0.936719 0.655556 0.075 0.0333333
0 0.978125 0.654167 0.04375 0.0319444
0 0.295898 0.697917 0.144922 0.0763889
0 0.384277 0.226736 0.0611328 0.0909722
0 0.901563 0.576042 0.025 0.0229167
0 0.51875 0.511458 0.034375 0.0277778
0 0.959375 0.604861 0.03125 0.0347222
0 0.527344 0.468403 0.0328125 0.0270833
0 0.381348 0.454167 0.0544922 0.0472222
0 0.959375 0.522917 0.0453125 0.0375
0 0.504297 0.595833 0.034375 0.025
0 0.746094 0.482639 0.03125 0.0277778
0 0.727344 0.602083 0.0335938 0.0333333
0 0.751172 0.957986 0.0507812 0.0840278
0 0.163281 0.442361 0.0351562 0.0319444
0 0.161914 0.436111 0.0382813 0.0493056
0 0.6875 0.960417 0.0304688 0.0791667
0 0.9 0.574306 0.028125 0.0291667
0 0.370703 0.540625 0.0375 0.0305556
0 0.514844 0.977778 0.0226563 0.0444444
0 0.657812 0.959722 0.0296875 0.0805556
0 0.24668 0.584375 0.0355469 0.025
0 0.172266 0.571528 0.0367187 0.03125
0 0.494141 0.266319 0.0125 0.0173611
0 0.177783 0.571875 0.0249023 0.0291667
0 0.663281 0.960069 0.0359375 0.0798611
0 0.161133 0.425 0.0402344 0.0694444
0 0.258789 0.498611 0.0332031 0.0305556
0 0.504687 0.590972 0.0375 0.0375
0 0.115625 0.477083 0.0322266 0.0333333
0 0.548437 0.489583 0.01875 0.00972222
0 0.745703 0.479167 0.0351562 0.0375
0 0.554297 0.490625 0.0140625 0.0125
0 0.358398 0.588194 0.0324219 0.0291667
1 0.0673828 0.340972 0.0117188 0.0236111
0 0.115918 0.4625 0.03125 0.0625
0 0.367969 0.545833 0.0421875 0.0458333
0 0.542969 0.113628 0.0078125 0.0185764
0 0.241992 0.579861 0.0441406 0.04375
0 0.357227 0.583333 0.0371094 0.0402778
0 0.603906 0.963889 0.0203125 0.0458333
0 0.357812 0.456597 0.0144531 0.0347222
1 0.366406 0.284375 0.009375 0.0180556
0 0.682422 0.955903 0.0484375 0.0881944
0 0.530859 0.180556 0.00703125 0.0177083
0 0.521875 0.112153 0.0078125 0.015625
0 0.55625 0.0413194 0.00703125 0.0217014
0 0.60625 0.948611 0.0296875 0.0888889
1 0.0679199 0.345833 0.015332 0.0291667
0 0.539453 0.126389 0.0078125 0.0274306
1 0.0660156 0.345139 0.0117188 0.0236111
0 0.536719 0.165278 0.0078125 0.0194444
0 0.658203 0.554167 0.0382813 0.0277778
1 0.514453 0.979167 0.0226563 0.0416667
0 0.898438 0.569792 0.0328125 0.0354167
0 0.604688 0.950694 0.0226563 0.0763889
0 0.541406 0.130122 0.0109375 0.0307292
0 0.530469 0.0649306 0.0046875 0.015625
0 0.359766 0.559722 0.0554687 0.0784722
0 0.176953 0.570833 0.0324219 0.0347222
0 0.365625 0.552778 0.0476562 0.0680556
0 0.521875 0.513889 0.0367187 0.0361111
0 0.525 0.470139 0.0328125 0.0340278
0 0.0412109 0.161979 0.0212891 0.0215278
0 0.528906 0.197569 0.00859375 0.0284722
0 0.539062 0.260417 0.009375 0.0215278
0 0.953125 0.504861 0.053125 0.0652778
1 0.278906 0.245833 0.0101562 0.0138889
0 0.0360352 0.161111 0.028125 0.0236111
0 0.719141 0.955556 0.0960938 0.0888889
0 0.525 0.484028 0.0367187 0.0305556
0 0.95625 0.596528 0.04375 0.05
0 0.953125 0.588889 0.05 0.0666667
1 0.0788818 0.361111 0.0105957 0.025
0 0.51875 0.132118 0.00546875 0.0149306
0 0.760938 0.959028 0.0734375 0.0819444
0 0.483594 0.223264 0.009375 0.0208333
0 0.257031 0.475 0.0375 0.0791667
0 0.696094 0.959375 0.046875 0.08125
1 0.494141 0.266319 0.0125 0.0173611
0 0.461328 0.276042 0.0171875 0.0295139
1 0.530469 0.0649306 0.0046875 0.015625
1 0.51875 0.132118 0.00546875 0.0149306
1 0.530859 0.180556 0.00703125 0.0177083
0 0.490625 0.263889 0.015625 0.0243056
0 0.366406 0.284375 0.009375 0.0180556
0 0.616016 0.945833 0.0507812 0.0972222
0 0.540625 0.153646 0.0109375 0.0197917
0 0.0679199 0.345833 0.015332 0.0291667
0 0.460156 0.281597 0.0140625 0.0208333
0 0.0660156 0.345139 0.0117188 0.0236111
0 0.00544434 0.159722 0.0108887 0.0215278
0 0.507031 0.96875 0.0375 0.0625
0 0.0673828 0.340972 0.0117188 0.0236111
0 0.517969 0.977083 0.034375 0.0458333
1 0.521875 0.112153 0.0078125 0.015625
0 0.785156 0.221181 0.0109375 0.0166667
0 0.683203 0.425347 0.0164062 0.0145833
0 0.112891 0.454861 0.040625 0.0805556
0 0.0788818 0.361111 0.0105957 0.025
0 0.217773 0.567708 0.0945313 0.0638889
0 0.278906 0.245833 0.0101562 0.0138889
1 0.539062 0.260417 0.009375 0.0215278
1 0.00544434 0.159722 0.0108887 0.0215278
0 0.94375 0.458333 0.034375 0.0229167
0 0.507031 0.58125 0.0375 0.05
0 0.520703 0.285937 0.00703125 0.0194444
0 0.257422 0.486806 0.0347656 0.0513889
0 0.95 0.466667 0.046875 0.0402778
0 0.954687 0.515972 0.05 0.0361111
1 0.542969 0.113628 0.0078125 0.0185764
0 0.534766 0.159896 0.00859375 0.0184028
0 0.495703 0.286806 0.0078125 0.0159722
1 0.0397461 0.161632 0.0162109 0.0239583
0 0.628906 0.940278 0.078125 0.119444
0 0.184766 0.569444 0.0382813 0.0361111
1 0.495703 0.286806 0.0078125 0.0159722
0 0.506641 0.200347 0.00546875 0.0152778
0 0.99375 0.596528 0.009375 0.0277778
0 0.607813 0.938889 0.0421875 0.102778
0 0.505469 0.311458 0.0078125 0.0180556
0 0.796094 0.215625 0.0328125 0.0291667
0 0.778125 0.965278 0.034375 0.0694444
1 0.539453 0.126389 0.0078125 0.0274306
0 0.489453 0.267014 0.025 0.0236111
0 0.4875 0.217535 0.009375 0.0253472
0 0.378516 0.447222 0.0601562 0.0611111
1 0.0793213 0.36875 0.0097168 0.0208333
1 0.528906 0.197569 0.00859375 0.0284722
0 0.528906 0.290278 0.0140625 0.0138889
0 0.470313 0.320312 0.009375 0.0295139
1 0.077832 0.343056 0.0142578 0.0284722
0 0.578906 0.915972 0.028125 0.0333333
1 0.177783 0.571875 0.0249023 0.0291667
0 0.639844 0.952778 0.0609375 0.0944444
0 0.519922 0.270139 0.00703125 0.0236111
1 0.536719 0.165278 0.0078125 0.0194444
1 0.570312 0.197049 0.0101562 0.0201389
0 0.545703 0.0927951 0.00625 0.0175347
0 0.560938 0.577778 0.01875 0.0125
0 0.618359 0.936111 0.0609375 0.113889
0 0.729688 0.606597 0.040625 0.0381944
0 0.742969 0.46875 0.0359375 0.0611111
0 0.405469 0.628819 0.0125 0.0215278
0 0.513281 0.169792 0.00625 0.0204861
0 0.482812 0.238542 0.0125 0.03125
1 0.932813 0.4 0.00625 0.0166667
0 0.589453 0.465972 0.0320312 0.0222222
0 0.369141 0.437847 0.05625 0.0409722
0 0.469531 0.326476 0.0109375 0.0414931
0 0.784375 0.970486 0.021875 0.0590278
0 0.491797 0.222917 0.00703125 0.01875
1 0.785156 0.221181 0.0109375 0.0166667
0 0.522266 0.502778 0.0382813 0.0444444
0 0.0265625 0.161285 0.0361328 0.0267361
0 0.389453 0.582986 0.0304688 0.0298611
0 0.505469 0.334635 0.0125 0.0321181
1 0.513672 0.974306 0.0265625 0.05
1 0.34668 0.713889 0.0109375 0.0166667
0 0.895312 0.562847 0.0375 0.0493056
1 0.00380859 0.5375 0.00761719 0.0166667
1 0.653906 0.648611 0.0109375 0.0166667
0 0.552344 0.868056 0.0125 0.0138889
0 0.564062 0.0417101 0.01875 0.0229167
0 0.466016 0.282639 0.0101562 0.0222222
0 0.406641 0.637153 0.0117188 0.0243056
0 0.582422 0.930556 0.0148437 0.0291667
0 0.520312 0.24375 0.00703125 0.0201389
0 0.597656 0.930556 0.053125 0.0902778
0 0.564062 0.577778 0.021875 0.0111111
0 0.95625 0.497222 0.05 0.0847222
0 0.0444824 0.166146 0.0257812 0.028125
0 0.749609 0.98125 0.05 0.0375
0 0.751953 0.933333 0.0476562 0.0652778
0 0.624609 0.950694 0.05625 0.0986111
1 0.364258 0.293056 0.0105469 0.0284722
0 0.964063 0.602083 0.040625 0.0361111
0 0.532812 0.0494792 0.00625 0.0208333
0 0.585938 0.446528 0.0328125 0.0194444
1 0.504687 0.594792 0.0359375 0.0263889
0 0.653906 0.648611 0.0109375 0.0166667
0 0.380859 0.580903 0.0492188 0.0368056
0 0.561719 0.0383247 0.0140625 0.0228299
0 0.541406 0.259028 0.0125 0.01875
0 0.0512695 0.171875 0.0179687 0.0222222
0 0.0581055 0.352083 0.0181641 0.01875
0 0.66875 0.943056 0.0515625 0.101389
1 0.506641 0.200347 0.00546875 0.0152778
0 0.742969 0.995486 0.0921875 0.00902778
0 0.505469 0.220313 0.00625 0.0184028
1 0.183594 0.6625 0.00820312 0.0180556
0 0.490625 0.252778 0.015625 0.0243056
0 0.528125 0.0871528 0.0078125 0.0184028
0 0.736328 1 0.160156 0
1 0.505469 0.311458 0.0078125 0.0180556
1 0.552344 0.868056 0.0125 0.0138889
1 0.4875 0.338194 0.009375 0.0277778
1 0.00546875 0.167708 0.0109375 0.0284722
0 0.570312 0.197049 0.0101562 0.0201389
0 0.688281 0.420833 0.0171875 0.0166667
0 0.389844 0.594444 0.0289063 0.0291667
0 0.526953 0.461806 0.0359375 0.0430556
0 0.613281 0.908333 0.0515625 0.0583333
1 0.0581055 0.352083 0.0181641 0.01875
1 0.357812 0.456597 0.0144531 0.0347222
0 0.572656 0.442014 0.0132813 0.0152778
0 0.553906 0.0625217 0.009375 0.028776
1 0.483594 0.223264 0.009375 0.0208333
1 0.603906 0.958333 0.0234375 0.0583333
0 0.38916 0.590625 0.0326172 0.0388889
0 0.077832 0.343056 0.0142578 0.0284722
0 0.481641 0.316319 0.00625 0.0236111
1 0.957812 0.607639 0.034375 0.0319444
0 0.350586 0.558333 0.0878906 0.0986111
1 0.99375 0.596528 0.009375 0.0277778
0 0.694141 0.971181 0.0414063 0.0576389
0 0.4875 0.338194 0.009375 0.0277778
0 0.376953 0.283681 0.0257812 0.01875
1 0.460156 0.281597 0.0140625 0.0208333
0 0.0793213 0.36875 0.0097168 0.0208333
1 0.367188 0.278125 0.0132813 0.0277778
0 0.5 0.58125 0.0453125 0.0486111
1 0.683203 0.425347 0.0164062 0.0145833
0 0.399219 0.428125 0.01875 0.0333333
0 0.746094 0.990972 0.0984375 0.0180556
1 0.0614258 0.168056 0.00976562 0.0298611
0 0.657812 0.55 0.040625 0.04375
1 0.406641 0.637153 0.0117188 0.0243056
0 0.798437 0.211458 0.0375 0.0402778
0 0.363672 0.626389 0.021875 0.0222222
0 0.220313 0.395139 0.0171875 0.0236111
0 0.386328 0.538542 0.0242187 0.0222222
0 0.106152 0.441667 0.0517578 0.108333
1 0.582422 0.930556 0.0148437 0.0291667
1 0.520703 0.285937 0.00703125 0.0194444
0 0.510938 0.330208 0.0140625 0.0465278
0 0.653125 0.964583 0.0265625 0.0708333
0 0.508594 0.951389 0.0265625 0.05
0 0.00546875 0.167708 0.0109375 0.0284722
0 0.34668 0.713889 0.0109375 0.0166667
1 0.172266 0.571528 0.0367187 0.03125
0 0.592969 0.546181 0.0421875 0.167361
0 0.048291 0.161632 0.0282227 0.0239583
1 0.554297 0.490625 0.0140625 0.0125
0 0.607031 0.904167 0.0484375 0.0472222
0 0.525781 0.976389 0.0421875 0.0472222
1 0.0444824 0.166146 0.0257812 0.028125
0 0.527734 0.219444 0.0101562 0.0173611
0 0.45 0.084375 0.0257812 0.0260417
0 0.0363159 0.165278 0.0334229 0.03125
0 0.483594 0.203819 0.0078125 0.0180556
0 0.725 0.595486 0.0421875 0.0472222
0 0.720312 0.591667 0.05 0.0388889
1 0.541406 0.130122 0.0109375 0.0307292
0 0.959375 0.578472 0.0375 0.0777778
0 0.0775391 0.18559 0.0191406 0.0267361
1 0.655469 0.961806 0.0328125 0.0763889
0 0.222217 0.535764 0.0961914 0.13125
1 0.513281 0.169792 0.00625 0.0204861
0 0.372656 0.566319 0.0617188 0.0868056
1 0.410937 0.257292 0.009375 0.0236111
0 0.496094 0.310937 0.0109375 0.0204861
1 0.21582 0.384722 0.0113281 0.0361111
0 0.00380859 0.5375 0.00761719 0.0166667
1 0.519922 0.270139 0.00703125 0.0236111
0 0.591406 0.615972 0.0257812 0.0208333
0 0.589844 0.603125 0.0296875 0.0326389
0 0.0614258 0.168056 0.00976562 0.0298611
0 0.954687 0.659722 0.06875 0.0430556
0 0.611328 0.954167 0.0375 0.0833333
1 0.408203 0.249653 0.0101562 0.0173611
0 0.233203 0.558333 0.0613281 0.0791667
1 0.0512695 0.171875 0.0179687 0.0222222
0 0.550781 0.259028 0.0234375 0.0208333
0 0.379004 0.424306 0.0623047 0.108333
0 0.491406 0.3375 0.0101562 0.0291667
0 0.376172 0.535069 0.0554687 0.0965278
1 0.505469 0.220313 0.00625 0.0184028
0 0.0728516 0.181597 0.0257812 0.0270833
0 0.377734 0.550694 0.0523437 0.0333333
0 0.544531 0.979167 0.021875 0.0388889
0 0.483594 0.328472 0.0078125 0.0402778
1 0.694531 0.405556 0.0078125 0.0277778
1 0.454297 0.572222 0.0125 0.0166667
0 0.942969 0.659722 0.04375 0.0402778
0 0.61875 0.919444 0.0695312 0.147222
0 0.53125 0.45 0.04375 0.0777778
0 0.742188 0.929167 0.0625 0.0638889
1 0.727344 0.603472 0.0359375 0.0277778
0 0.446094 0.174479 0.0171875 0.0163194
0 0.516406 0.155382 0.00625 0.0173611
1 0.470313 0.320312 0.009375 0.0295139
0 0.719531 0.913194 0.109375 0.173611
0 0.532031 0.353472 0.00703125 0.0138889
0 0.244922 0.586458 0.0410156 0.0368056
0 0.522656 0.225347 0.009375 0.0194444
0 0.348828 0.566667 0.053125 0.0708333
0 0.5 0.5875 0.0421875 0.0368056
0 0.0126953 0.16072 0.0205566 0.0389757
1 0.572656 0.442014 0.0132813 0.0152778
0 0.634375 0.913889 0.0921875 0.169444
1 0.116504 0.476389 0.0318359 0.0361111
0 0.441406 0.483333 0.0195312 0.0152778
0 0.694531 0.405556 0.0078125 0.0277778
0 0.901563 0.576389 0.025 0.0222222
0 0.51875 0.511458 0.034375 0.0277778
0 0.959375 0.604861 0.03125 0.0347222
0 0.527344 0.468403 0.0328125 0.0270833
0 0.381348 0.454514 0.0544922 0.0472222
0 0.959375 0.522917 0.0453125 0.0375
0 0.504297 0.595833 0.034375 0.025
0 0.746094 0.482639 0.03125 0.0277778
0 0.727344 0.602083 0.0335938 0.0333333
0 0.751172 0.957986 0.0507812 0.0840278
0 0.163281 0.442361 0.0351562 0.0319444
0 0.161914 0.436111 0.0382813 0.0493056
0 0.6875 0.960417 0.0304688 0.0791667
0 0.9 0.574306 0.028125 0.0284722
0 0.370703 0.540625 0.0375 0.0305556
0 0.514844 0.977778 0.0226563 0.0444444
0 0.657812 0.959722 0.0296875 0.0805556
0 0.24668 0.584722 0.0355469 0.025
0 0.172266 0.571528 0.0367187 0.03125
0 0.494531 0.266319 0.0125 0.0173611
0 0.17793 0.571875 0.0246094 0.0291667
0 0.663281 0.960069 0.0359375 0.0798611
0 0.161133 0.425 0.0402344 0.0694444
0 0.258789 0.498611 0.0332031 0.0305556
0 0.504687 0.590972 0.0375 0.0375
0 0.115625 0.477083 0.0322266 0.0333333
0 0.548437 0.489583 0.01875 0.00972222
0 0.745703 0.479167 0.0351562 0.0375
0 0.554297 0.490625 0.0140625 0.0125
0 0.358594 0.588194 0.0320312 0.0291667
1 0.0673828 0.340972 0.0117188 0.0236111
0 0.116016 0.4625 0.03125 0.0625
0 0.367969 0.545486 0.0421875 0.0458333
0 0.542969 0.113715 0.0078125 0.01875
0 0.241992 0.579861 0.0441406 0.04375
0 0.357227 0.583333 0.0371094 0.0402778
0 0.357812 0.456597 0.0144531 0.0347222
0 0.603906 0.963889 0.0203125 0.0444444
1 0.366406 0.284375 0.009375 0.0180556
0 0.682422 0.955903 0.0484375 0.0881944
0 0.530859 0.180556 0.00703125 0.0173611
0 0.521875 0.112153 0.0078125 0.0157986
0 0.55625 0.0413194 0.00703125 0.021875
1 0.0679199 0.345833 0.015332 0.0291667
0 0.60625 0.948611 0.0296875 0.0888889
0 0.539453 0.126215 0.0078125 0.0274306
1 0.0661133 0.345139 0.0117188 0.0236111
0 0.536719 0.165278 0.0078125 0.0194444
1 0.514453 0.979167 0.0226563 0.0416667
0 0.658203 0.554167 0.0382813 0.0277778
0 0.898438 0.569792 0.0328125 0.0354167
0 0.604688 0.950694 0.0226563 0.0763889
0 0.541406 0.130208 0.0109375 0.0305556
0 0.530469 0.0649306 0.0046875 0.015625
0 0.359766 0.559722 0.0554687 0.0784722
0 0.176953 0.570833 0.0324219 0.0347222
0 0.365625 0.552778 0.0476562 0.0680556
0 0.521875 0.513889 0.0367187 0.0361111
0 0.525 0.470139 0.0328125 0.0340278
0 0.0412109 0.161979 0.0212891 0.0215278
0 0.528906 0.197569 0.009375 0.0284722
0 0.539062 0.260417 0.009375 0.0215278
0 0.953125 0.504861 0.053125 0.0652778
0 0.719531 0.955556 0.096875 0.0888889
1 0.278906 0.245833 0.0101562 0.0138889
0 0.0360352 0.161111 0.028125 0.0236111
0 0.525 0.484028 0.0367187 0.0305556
0 0.95625 0.596528 0.04375 0.05
0 0.953125 0.588889 0.05 0.0666667
0 0.760938 0.959028 0.0734375 0.0819444
0 0.51875 0.132118 0.00546875 0.0149306
0 0.483594 0.223264 0.009375 0.0208333
1 0.0788818 0.361111 0.0105957 0.0243056
0 0.257031 0.475 0.0375 0.0791667
0 0.461328 0.276042 0.0171875 0.0295139
0 0.696094 0.959375 0.046875 0.08125
1 0.494531 0.266319 0.0125 0.0173611
1 0.530469 0.0649306 0.0046875 0.015625
1 0.530859 0.180556 0.00703125 0.0173611
0 0.490625 0.263889 0.015625 0.0243056
1 0.51875 0.132118 0.00546875 0.0149306
0 0.366406 0.284375 0.009375 0.0180556
0 0.540625 0.153819 0.0109375 0.0197917
0 0.616406 0.945833 0.0515625 0.0972222
0 0.0679199 0.345833 0.015332 0.0291667
0 0.460156 0.281597 0.0140625 0.0208333
0 0.0661133 0.345139 0.0117188 0.0236111
0 0.00549316 0.159722 0.0109863 0.0215278
0 0.507031 0.96875 0.0375 0.0625
0 0.0673828 0.340972 0.0117188 0.0236111
1 0.521875 0.112153 0.0078125 0.0157986
0 0.517969 0.977083 0.034375 0.0458333
0 0.785156 0.221181 0.0109375 0.0166667
0 0.683203 0.425347 0.0164062 0.0145833
0 0.112891 0.454861 0.040625 0.0805556
0 0.0788818 0.361111 0.0105957 0.0243056
0 0.218018 0.567361 0.0944336 0.0638889
0 0.278906 0.245833 0.0101562 0.0138889
1 0.539062 0.260417 0.009375 0.0215278
1 0.00549316 0.159722 0.0109863 0.0215278
0 0.94375 0.458333 0.034375 0.0229167
0 0.507031 0.580903 0.0375 0.0506944
0 0.520703 0.285764 0.00703125 0.0194444
0 0.257422 0.486806 0.0347656 0.0513889
0 0.95 0.467014 0.046875 0.0402778
0 0.954687 0.515972 0.05 0.0361111
1 0.542969 0.113715 0.0078125 0.01875
0 0.495703 0.286806 0.0078125 0.0159722
0 0.534375 0.159896 0.0078125 0.0184028
1 0.0397461 0.161632 0.0162109 0.0239583
0 0.628906 0.940278 0.078125 0.119444
0 0.184766 0.569444 0.0382813 0.0361111
1 0.495703 0.286806 0.0078125 0.0159722
0 0.506641 0.200347 0.00546875 0.0152778
0 0.99375 0.596528 0.009375 0.0277778
0 0.505469 0.311458 0.0078125 0.0180556
0 0.607813 0.938889 0.0421875 0.102778
0 0.796094 0.215799 0.0328125 0.0291667
1 0.539453 0.126215 0.0078125 0.0274306
0 0.778125 0.965278 0.034375 0.0694444
0 0.489453 0.267014 0.025 0.0236111
0 0.4875 0.217535 0.009375 0.0253472
0 0.378516 0.447222 0.0601562 0.0611111
1 0.0793213 0.36875 0.0097168 0.0208333
0 0.528906 0.290278 0.0140625 0.0138889
1 0.528906 0.197569 0.009375 0.0284722
0 0.470313 0.320139 0.009375 0.0291667
0 0.579297 0.915278 0.028125 0.0333333
1 0.0777588 0.343056 0.0144043 0.0284722
1 0.17793 0.571875 0.0246094 0.0291667
0 0.639844 0.952778 0.0617188 0.0944444
0 0.519922 0.270139 0.00703125 0.0236111
1 0.536719 0.165278 0.0078125 0.0194444
1 0.570312 0.197049 0.0101562 0.0201389
0 0.545703 0.0927083 0.00625 0.0173611
0 0.729688 0.606597 0.040625 0.0381944
0 0.560938 0.577778 0.01875 0.0125
0 0.742969 0.46875 0.0359375 0.0611111
0 0.405469 0.628819 0.0125 0.0215278
1 0.932813 0.4 0.00625 0.0166667
0 0.482812 0.238542 0.0125 0.03125
0 0.513281 0.169792 0.00625 0.0201389
0 0.589063 0.465972 0.0328125 0.0222222
0 0.369141 0.438194 0.05625 0.0416667
0 0.784375 0.970486 0.021875 0.0590278
0 0.469531 0.326476 0.0109375 0.0414931
0 0.491797 0.222743 0.00703125 0.01875
1 0.785156 0.221181 0.0109375 0.0166667
0 0.522266 0.502778 0.0382813 0.0444444
0 0.0265747 0.161458 0.0363037 0.0263889
0 0.389453 0.582639 0.0304688 0.0291667
0 0.505469 0.334635 0.0125 0.0321181
1 0.513672 0.974306 0.0265625 0.05
1 0.34668 0.713889 0.0109375 0.0166667
0 0.895312 0.563194 0.0375 0.0486111
1 0.00380859 0.5375 0.00761719 0.0166667
1 0.653906 0.648611 0.0109375 0.0166667
0 0.552344 0.868056 0.0125 0.0138889
0 0.564062 0.0417535 0.01875 0.0229167
0 0.466016 0.282639 0.0101562 0.0222222
0 0.406641 0.637153 0.0117188 0.0243056
0 0.582422 0.930556 0.0148437 0.0291667
0 0.520312 0.24375 0.00703125 0.0201389
0 0.597656 0.930556 0.053125 0.0902778
0 0.95625 0.497222 0.05 0.0847222
0 0.564062 0.577778 0.021875 0.0111111
0 0.0444824 0.166146 0.0257812 0.028125
0 0.749609 0.98125 0.05 0.0375
0 0.624609 0.950694 0.05625 0.0986111
0 0.964063 0.602083 0.040625 0.0361111
0 0.751953 0.933333 0.0476562 0.0652778
1 0.364258 0.293056 0.0105469 0.0288194
0 0.532812 0.0494792 0.00625 0.0208333
0 0.585938 0.446528 0.0328125 0.0194444
0 0.653906 0.648611 0.0109375 0.0166667
0 0.380859 0.580903 0.0492188 0.0368056
1 0.504687 0.594792 0.0359375 0.0263889
0 0.0513184 0.171875 0.0178711 0.0222222
0 0.561719 0.0383681 0.0140625 0.0229167
0 0.541406 0.259028 0.0125 0.01875
0 0.0581055 0.352083 0.0181641 0.01875
0 0.66875 0.943056 0.0515625 0.101389
1 0.506641 0.200347 0.00546875 0.0152778
0 0.742969 0.995486 0.0921875 0.00902778
0 0.505469 0.220313 0.00625 0.0184028
1 0.183594 0.662153 0.00859375 0.0180556
0 0.490625 0.252778 0.015625 0.0243056
0 0.736328 1 0.160156 0
0 0.528125 0.0871528 0.0078125 0.0184028
1 0.505469 0.311458 0.0078125 0.0180556
1 0.552344 0.868056 0.0125 0.0138889
1 0.4875 0.338194 0.009375 0.0277778
1 0.00546875 0.167708 0.0109375 0.0284722
0 0.570312 0.197049 0.0101562 0.0201389
0 0.688281 0.420833 0.0171875 0.0166667
0 0.389844 0.594444 0.0289063 0.0291667
0 0.526953 0.461806 0.0359375 0.0430556
1 0.357812 0.456597 0.0144531 0.0347222
0 0.572656 0.442014 0.0125 0.0152778
0 0.613281 0.908333 0.0515625 0.0583333
1 0.0581055 0.352083 0.0181641 0.01875
1 0.603906 0.958333 0.0234375 0.0583333
0 0.553906 0.0625 0.009375 0.0288194
1 0.483594 0.223264 0.009375 0.0208333
1 0.957812 0.607639 0.034375 0.0319444
0 0.350586 0.558333 0.0878906 0.0986111
0 0.38916 0.590625 0.0326172 0.0388889
0 0.0777588 0.343056 0.0144043 0.0284722
0 0.481641 0.316319 0.00625 0.0236111
1 0.99375 0.596528 0.009375 0.0277778
0 0.4875 0.338194 0.009375 0.0277778
0 0.376953 0.283507 0.0257812 0.01875
0 0.694141 0.971528 0.0414063 0.0569444
1 0.460156 0.281597 0.0140625 0.0208333
0 0.0793213 0.36875 0.0097168 0.0208333
1 0.367188 0.278125 0.0132813 0.0277778
1 0.683203 0.425347 0.0164062 0.0145833
0 0.5 0.58125 0.0453125 0.0486111
0 0.399219 0.428125 0.01875 0.0333333
0 0.746094 0.990972 0.0984375 0.0180556
1 0.0614258 0.168229 0.00976562 0.0298611
0 0.657812 0.55 0.040625 0.04375
1 0.406641 0.637153 0.0117188 0.0243056
0 0.798437 0.211458 0.0375 0.0402778
0 0.220313 0.395139 0.0171875 0.0229167
0 0.386328 0.538542 0.0242187 0.0222222
0 0.363672 0.626389 0.021875 0.0222222
0 0.106152 0.441667 0.0517578 0.108333
0 0.510938 0.330208 0.0140625 0.0465278
1 0.582422 0.930556 0.0148437 0.0291667
1 0.520703 0.285764 0.00703125 0.0194444
0 0.508594 0.951389 0.0265625 0.05
0 0.00546875 0.167708 0.0109375 0.0284722
0 0.653125 0.964583 0.0265625 0.0708333
1 0.172266 0.571528 0.0367187 0.03125
0 0.34668 0.713889 0.0109375 0.0166667
0 0.592969 0.545833 0.0421875 0.168056
0 0.0483398 0.161632 0.028125 0.0239583
1 0.554297 0.490625 0.0140625 0.0125
0 0.607031 0.904167 0.0484375 0.0472222
0 0.525781 0.976389 0.0421875 0.0472222
0 0.45 0.084375 0.0257812 0.0260417
1 0.0444824 0.166146 0.0257812 0.028125
0 0.483594 0.203819 0.0078125 0.0180556
0 0.527734 0.219444 0.0101562 0.0173611
0 0.0363403 0.165278 0.0335693 0.03125
0 0.725 0.595486 0.0421875 0.0472222
0 0.720312 0.591667 0.05 0.0388889
1 0.541406 0.130208 0.0109375 0.0305556
0 0.959375 0.578472 0.0375 0.0777778
0 0.0775391 0.18559 0.0191406 0.0267361
1 0.655469 0.961806 0.0328125 0.0763889
0 0.222217 0.535417 0.0961914 0.131944
0 0.372656 0.566319 0.0617188 0.0868056
1 0.513281 0.169792 0.00625 0.0201389
1 0.410937 0.257292 0.009375 0.0232639
0 0.496094 0.310937 0.0109375 0.0204861
0 0.00380859 0.5375 0.00761719 0.0166667
1 0.519922 0.270139 0.00703125 0.0236111
1 0.21582 0.384722 0.0113281 0.0361111
0 0.591406 0.615972 0.0257812 0.0208333
0 0.589844 0.603125 0.0296875 0.0326389
0 0.0614258 0.168229 0.00976562 0.0298611
0 0.954687 0.659722 0.06875 0.0430556
1 0.408203 0.249653 0.0101562 0.0173611
0 0.233203 0.558333 0.0609375 0.0791667
0 0.611719 0.954167 0.0375 0.0833333
1 0.0513184 0.171875 0.0178711 0.0222222
0 0.550781 0.259028 0.0234375 0.0208333
0 0.375684 0.535417 0.0548828 0.0958333
0 0.379004 0.424306 0.0623047 0.108333
0 0.491406 0.3375 0.0101562 0.0291667
1 0.505469 0.220313 0.00625 0.0184028
0 0.377734 0.550694 0.0523437 0.0333333
0 0.0728516 0.181597 0.0257812 0.0270833
1 0.694531 0.405556 0.0078125 0.0277778
0 0.483594 0.328472 0.0078125 0.0402778
0 0.544531 0.979167 0.021875 0.0388889
0 0.942969 0.659722 0.04375 0.0402778
1 0.454297 0.572222 0.0125 0.0166667
0 0.446094 0.174306 0.0171875 0.0159722
0 0.61875 0.919444 0.0703125 0.147222
0 0.53125 0.45 0.04375 0.0784722
1 0.727344 0.603472 0.0359375 0.0277778
0 0.742188 0.929167 0.0625 0.0638889
0 0.719531 0.913194 0.109375 0.173611
0 0.532031 0.353472 0.00703125 0.0138889
1 0.470313 0.320139 0.009375 0.0291667
0 0.348633 0.566667 0.0527344 0.0708333
0 0.516406 0.155382 0.00625 0.0173611
0 0.522656 0.225347 0.009375 0.0194444
0 0.244922 0.586458 0.0410156 0.0368056
0 0.0126709 0.160764 0.0205566 0.0388889
0 0.5 0.5875 0.0421875 0.0368056
1 0.572656 0.442014 0.0125 0.0152778
0 0.441406 0.483333 0.0195312 0.0152778
1 0.116504 0.476389 0.0318359 0.0361111
0 0.634375 0.913889 0.0921875 0.170833
0 0.694531 0.405556 0.0078125 0.0277778
1 0.610937 0.435417 0.0109375 0.025
