0 0.35625 0.955556 0.0121094 0.0555556
0 0.639063 0.965278 0.0234375 0.05
0 0.0369995 0.781944 0.0252197 0.0277778
0 0.0698242 0.7875 0.0277344 0.0277778
0 0.345313 0.67934 0.0078125 0.0302083
0 0.145313 0.73125 0.0210938 0.025
0 0.489844 0.652431 0.0203125 0.0361111
0 0.661719 0.85 0.0203125 0.0166667
0 0.251563 0.601736 0.0171875 0.0222222
0 0.728125 0.402083 0.015625 0.0131944
0 0.584375 0.699306 0.0078125 0.0388889
0 0.310156 0.572917 0.009375 0.0375
0 0.584766 0.702083 0.0101562 0.0444444
0 0.346094 0.673958 0.00742187 0.0284722
0 0.628125 0.0415799 0.0109375 0.0204861
0 0.216797 0.240799 0.01875 0.0336806
0 0.70625 0.800694 0.0203125 0.0180556
0 0.0274414 0.576389 0.0548828 0.0395833
0 0.708203 0.373611 0.0148437 0.0138889
0 0.157031 0.581944 0.0105469 0.0138889
0 0.564844 0.164236 0.00859375 0.0184028
0 0.249414 0.604167 0.0195312 0.0236111
0 0.89375 0.0826389 0.0109375 0.0288194
0 0.256836 0.813194 0.0273438 0.0208333
0 0.328906 0.0197483 0.009375 0.0323785
0 0.458594 0.345833 0.0171875 0.0236111
0 0.457031 0.344097 0.01875 0.01875
0 0.608594 0.0498264 0.0109375 0.0225694
0 0.603906 0.0917535 0.0109375 0.0192708
0 0.0793213 0.0263889 0.0147949 0.0198785
0 0.281641 0.604861 0.00625 0.0180556
0 0.25625 0.809028 0.0257812 0.0208333
0 0.725781 0.402083 0.0179687 0.0145833
0 0.00625 0.776389 0.0125 0.0138889
0 0.0375488 0.7875 0.0242187 0.0291667
0 0.00964355 0.845139 0.0182617 0.025
0 0.889063 0.0793403 0.009375 0.0223958
0 0.565625 0.168924 0.009375 0.0215278
0 0.244922 0.604861 0.0226563 0.0201389
0 0.854688 0.0366319 0.009375 0.0255208
0 0.841406 0.559722 0.0296875 0.0263889
0 0.603125 0.110677 0.0101562 0.0171875
0 0.711328 0.021441 0.0140625 0.0355035
0 0.609375 0.219965 0.0132813 0.0270833
0 0.17168 0.635417 0.0132813 0.0208333
0 0.595312 0.0467014 0.00546875 0.0157986
0 0.4625 0.340972 0.0148437 0.025
0 0.889844 0.0328993 0.009375 0.0243056
0 0.644141 0.39375 0.01875 0.0319444
0 0.607813 0.059375 0.0109375 0.0175347
0 0.764844 0.230556 0.0203125 0.0208333
0 0.854688 0.0235677 0.0078125 0.0368924
0 0.710156 0.0252604 0.0109375 0.0277778
0 0.0269043 0.585069 0.0538086 0.0354167
0 0.344922 0.703472 0.0078125 0.0361111
0 0.88125 0.0838542 0.009375 0.025
0 0.635156 0.623958 0.0171875 0.0270833
0 0.445312 0.303125 0.0132813 0.0243056
0 0.444141 0.376389 0.0140625 0.0180556
0 0.272266 0.493056 0.0195312 0.0138889
0 0.460156 0.399653 0.05 0.0805556
0 0.992578 0.725 0.0148437 0.0277778
0 0.450781 0.350694 0.0234375 0.0291667
0 0.608203 0.0284288 0.0109375 0.0288194
0 0.846875 0.563542 0.040625 0.0347222
0 0.704297 0.802778 0.025 0.0222222
0 0.609375 0.215799 0.0125 0.0243056
0 0.178125 0.705556 0.0113281 0.0194444
0 0.0130371 0.84375 0.0245117 0.0319444
0 0.833594 0.0618924 0.0109375 0.0258681
0 0.2375 0.521875 0.0132813 0.0194444
0 0.890625 0.0394097 0.009375 0.0243056
0 0.215234 0.234722 0.01875 0.0291667
0 0.972656 0.0214518 0.0109375 0.0308811
0 0.596875 0.090625 0.0078125 0.0152778
0 0.236719 0.413194 0.0195312 0.0194444
0 0.625 0.427778 0.0203125 0.0652778
0 0.00634766 0.865278 0.0113281 0.0222222
0 0.0744629 0.802083 0.0233398 0.0541667
0 0.596094 0.0628472 0.00625 0.0192708
0 0.0789307 0.347222 0.0218262 0.0305556
0 0.610156 0.0395399 0.009375 0.0262153
0 0.44375 0.948611 0.0078125 0.0972222
0 0.177344 0.694444 0.0109375 0.0222222
0 0.466406 0.7 0.0226563 0.0486111
0 0.06875 0.373611 0.012207 0.0138889
0 0.235547 0.409028 0.0203125 0.0194444
0 0.296875 0.0153646 0.0109375 0.0299479
0 0.172559 0.63125 0.0134766 0.0201389
0 0.242969 0.609722 0.0140625 0.0263889
0 0.230859 0.574306 0.0125 0.0194444
0 0.0756836 0.0260417 0.0240234 0.0227431
0 0.192578 0.553472 0.0109375 0.0138889
0 0.842188 0.565972 0.0296875 0.0347222
0 0.203906 0.131076 0.0203125 0.0173611
0 0.0106201 0.825 0.0197754 0.0222222
0 0.458203 0.465972 0.0148437 0.0152778
0 0.279297 0.650347 0.0078125 0.0208333
0 0.345313 0.725 0.00898437 0.075
0 0.640625 0.623611 0.0265625 0.0305556
0 0.622656 0.421528 0.0171875 0.0680556
0 0.714063 0.401389 0.0265625 0.0138889
0 0.0150391 0.841667 0.0271484 0.0416667
0 0.344531 0.719444 0.0101562 0.0958333
0 0.192578 0.579514 0.0101562 0.0201389
0 0.655859 0.350694 0.009375 0.0180556
0 0.105664 0.78125 0.0125 0.0222222
0 0.00561523 0.79375 0.0112305 0.0180556
0 0.00678711 0.763889 0.0135742 0.0222222
0 0.669531 0.577778 0.0484375 0.0416667
0 0.0065918 0.397917 0.0107422 0.0152778
0 0.302344 0.015549 0.0125 0.0301866
0 0.603516 0.130903 0.0101562 0.0354167
0 0.750781 0.636111 0.025 0.0215278
0 0.49375 0.0230686 0.0109375 0.0461372
0 0.0837891 0.340972 0.0183594 0.0243056
0 0.445703 0.335417 0.0132813 0.0152778
0 0.00810547 0.383333 0.0143555 0.0256944
0 0.178516 0.629514 0.0246094 0.01875
0 0.488672 0.0219184 0.0125 0.0425347
0 0.8375 0.0719618 0.0109375 0.0336806
0 0.471875 0.217361 0.009375 0.0166667
0 0.629297 0.0301215 0.0117188 0.0220486
0 0.00610352 0.335417 0.0120117 0.0166667
0 0.280859 0.612153 0.0078125 0.0270833
0 0.607031 0.384028 0.0101562 0.0263889
0 0.504297 0.0295898 0.00859375 0.0538411
0 0.975 0.0247396 0.015625 0.0390625
0 0.714844 0.0222656 0.0148437 0.0326389
0 0.0876953 0.3375 0.0167969 0.0236111
0 0.975 0.0331597 0.015625 0.0430556
0 0.216797 0.246181 0.0203125 0.0440972
0 0.88125 0.984722 0.0125 0.0222222
0 0.0458008 0.825694 0.0144531 0.0222222
0 0.478906 0.297222 0.0109375 0.0284722
0 0.0689453 0.806944 0.0291016 0.0458333
0 0.238867 0.519444 0.0175781 0.0222222
0 0.65625 0.848611 0.0296875 0.0208333
0 0.652734 0.819444 0.0257812 0.0277778
0 0.99375 0.131597 0.009375 0.0138889
0 0.609375 0.210069 0.0140625 0.0236111
0 0.232812 0.601389 0.0125 0.0145833
0 0.183789 0.625347 0.0300781 0.01875
0 0.642969 0.409722 0.0195312 0.0625
0 0.45625 0.691667 0.0164062 0.0666667
0 0.163867 0.576389 0.0246094 0.0166667
0 0.595703 0.156597 0.00625 0.0135417
0 0.742188 0.638194 0.0421875 0.0270833
0 0.496094 0.0262587 0.0125 0.0525174
0 0.227734 0.40625 0.0320312 0.0166667
0 0.110449 0.0343316 0.0138672 0.0171875
0 0.987891 0.726389 0.0242187 0.0347222
0 0.275586 0.492708 0.021875 0.0145833
0 0.15918 0.223785 0.0371094 0.0309028
0 0.610156 0.0733507 0.009375 0.0203125
0 0.636328 0.6625 0.0132813 0.0319444
0 0.594531 0.0251302 0.00546875 0.0418403
0 0.628906 0.057487 0.0117188 0.0239149
0 0.0520996 0.371528 0.0180664 0.0180556
0 0.605469 0.400694 0.0117188 0.0569444
0 0.239453 0.526389 0.0171875 0.0215278
0 0.0623047 0.802778 0.0382813 0.0583333
0 0.969922 0.895833 0.0601562 0.0388889
0 0.6375 0.645486 0.0171875 0.0173611
0 0.882031 0.148785 0.0078125 0.025
0 0.203516 0.981944 0.0273438 0.0305556
0 0.11416 0.864583 0.0359375 0.0333333
0 0.175439 0.635069 0.0186523 0.0229167
0 0.490625 0.829167 0.0171875 0.175
0 0.344531 0.472917 0.0136719 0.0444444
0 0.235742 0.526042 0.0144531 0.0215278
0 0.934375 0.95 0.01875 0.0972222
0 0.0716309 0.89375 0.0186523 0.0222222
0 0.21543 0.567361 0.0125 0.0236111
0 0.256445 0.604167 0.0175781 0.0236111
0 0.190234 0.564583 0.0109375 0.0166667
0 0.676562 0.809722 0.075 0.0305556
0 0.972656 0.0340712 0.0125 0.0415799
0 0.0700195 0.0288194 0.0234375 0.0230903
0 0.00585938 0.355556 0.0111816 0.0166667
0 0.116211 0.108854 0.0128906 0.0135417
0 0.0138672 0.826389 0.0258789 0.0222222
0 0.0729492 0.358333 0.0173828 0.0305556
0 0.646484 0.397917 0.021875 0.0402778
0 0.9125 0.769444 0.04375 0.0583333
0 0.0892822 0.23125 0.0390137 0.0319444
0 0.00546875 0.0595486 0.0103516 0.0291667
0 0.657031 0.816667 0.0296875 0.025
0 0.122266 0.225347 0.0132813 0.021875
0 0.84375 0.0164931 0.0078125 0.0305556
0 0.846875 0.56875 0.0421875 0.0479167
0 0.617969 0.0871528 0.009375 0.0211806
0 0.28125 0.578819 0.00859375 0.0236111
0 0.313086 0.573611 0.0121094 0.0388889
0 0.174121 0.691667 0.0134766 0.0194444
0 0.446875 0.13316 0.0132813 0.0274306
0 0.480469 0.651736 0.0390625 0.0444444
0 0.013208 0.852083 0.0249512 0.0486111
0 0.10957 0.112326 0.0128906 0.0149306
0 0.633984 0.0365451 0.0117188 0.0206597
0 0.363867 0.504167 0.0140625 0.0444444
0 0.447656 0.406944 0.025 0.0611111
0 0.483594 0.00907118 0.0101562 0.0181424
0 0.896094 0.113194 0.009375 0.0185764
0 0.295703 0.561806 0.0078125 0.0291667
0 0.152441 0.683333 0.0349609 0.0472222
0 0.96875 0.827778 0.0625 0.0388889
0 0.110449 0.120833 0.0146484 0.0194444
0 0.127148 0.063737 0.0257812 0.0187066
0 0.670313 0.582292 0.0453125 0.0284722
0 0.020459 0.783333 0.0354492 0.0263889
0 0.344141 0.477083 0.015625 0.0555556
0 0.272266 0.464931 0.0292969 0.0152778
0 0.269531 0.73125 0.0195312 0.0319444
0 0.189648 0.615625 0.0304688 0.01875
0 0.910937 0.0727431 0.00625 0.0239583
0 0.011084 0.380556 0.0184082 0.0388889
0 0.216406 0.617014 0.0105469 0.0173611
0 0.0714355 0.784722 0.034668 0.0277778
0 0.27168 0.666667 0.0214844 0.0583333
0 0.224609 0.678472 0.0257812 0.05
1 0.157031 0.581944 0.0105469 0.0138889
0 0.326758 0.446181 0.0136719 0.0541667
0 0.00588379 0.0486545 0.0105957 0.0367187
0 0.239453 0.670139 0.090625 0.0791667
0 0.711719 0.375 0.01875 0.0125
0 0.263672 0.64375 0.0265625 0.0319444
0 0.20332 0.620833 0.0308594 0.0208333
0 0.452344 0.686806 0.0109375 0.0638889
0 0.608594 0.231944 0.0109375 0.0284722
0 0.460938 0.472222 0.015625 0.03125
0 0.14707 0.725694 0.0214844 0.0333333
0 0.0835937 0.805556 0.0414063 0.0555556
0 0.161914 0.571181 0.0175781 0.0152778
0 0.241406 0.56875 0.0179687 0.0270833
0 0.262891 0.492708 0.0210938 0.0159722
0 0.655859 0.61875 0.0585938 0.0368056
0 0.616016 0.0460938 0.0109375 0.025
0 0.108984 0.131424 0.0132813 0.0151042
0 0.254297 0.610764 0.0140625 0.0263889
0 0.611719 0.221528 0.0171875 0.0291667
0 0.632422 0.242535 0.0179687 0.0152778
0 0.682813 0.425694 0.0125 0.0208333
0 0.272656 0.399306 0.0289063 0.0229167
0 0.450781 0.305035 0.015625 0.0246528
0 0.474609 0.395139 0.03125 0.0777778
0 0.659766 0.598611 0.0695312 0.05
0 0.669531 0.955556 0.0171875 0.0277778
0 0.386719 0.0239149 0.009375 0.040625
0 0.12168 0.0634549 0.0289063 0.0210069
0 0.605469 0.414236 0.0125 0.0784722
0 0.471094 0.308333 0.021875 0.0409722
0 0.00761719 0.420833 0.0130859 0.0298611
0 0.144824 0.744444 0.0234375 0.0305556
0 0.589453 0.0304253 0.009375 0.0405382
0 0.457812 0.132205 0.034375 0.0307292
0 0.992188 0.338194 0.0109375 0.0222222
0 0.170703 0.666319 0.0117188 0.0180556
0 0.445312 0.417361 0.021875 0.0472222
0 0.0111572 0.625694 0.0223145 0.0166667
0 0.30957 0.577083 0.00976562 0.0486111
0 0.909375 0.0663411 0.009375 0.0235677
0 0.108496 0.090625 0.00996094 0.0121528
0 0.627344 0.492361 0.0132813 0.0416667
0 0.0464355 0.372917 0.0193359 0.0180556
0 0.640625 0.646528 0.0234375 0.0131944
0 0.471875 0.201562 0.0125 0.040625
0 0.293359 0.283681 0.0109375 0.0194444
0 0.275781 0.442361 0.0226563 0.0159722
0 0.7375 0.634375 0.0484375 0.0395833
0 0.278906 0.666667 0.0101562 0.05
0 0.641406 0.663542 0.0234375 0.0368056
0 0.21582 0.690972 0.0367187 0.0541667
0 0.226562 0.8 0.0882813 0.0388889
1 0.235742 0.526042 0.0144531 0.0215278
1 0.2375 0.521875 0.0132813 0.0194444
1 0.584375 0.703472 0.009375 0.0458333
0 0.995313 0.0166558 0.009375 0.0309245
0 0.485938 0.836806 0.0179687 0.197222
0 0.639844 0.243056 0.0195312 0.0145833
0 0.244922 0.5625 0.0101562 0.0305556
0 0.598437 0.112326 0.009375 0.0208333
0 0.232031 0.613542 0.0140625 0.0208333
0 0.324219 0.0187066 0.0132813 0.0351562
0 0.167383 0.237153 0.0273438 0.0229167
0 0.258008 0.840278 0.0324219 0.0166667
0 0.659766 0.576389 0.0679687 0.0513889
0 0.231055 0.986111 0.015625 0.0263889
0 0.667188 0.848611 0.034375 0.0208333
0 0.484375 0.330208 0.0109375 0.0534722
0 0.842188 0.0447917 0.00625 0.0192708
0 0.453516 0.649306 0.0101562 0.03125
0 0.467187 0.678472 0.021875 0.0666667
0 0.184424 0.636458 0.0334961 0.0340278
0 0.189453 0.111632 0.05625 0.0347222
0 0.173535 0.706944 0.0173828 0.0222222
1 0.564844 0.164236 0.00859375 0.0184028
1 0.239453 0.526389 0.0171875 0.0215278
0 0.840625 0.747917 0.078125 0.108333
1 0.889063 0.0793403 0.009375 0.0223958
0 0.0368652 0.781944 0.0250977 0.0305556
0 0.357031 0.954167 0.0109375 0.0583333
0 0.0698242 0.7875 0.0275391 0.0305556
0 0.728516 0.401389 0.0140625 0.0138889
0 0.145898 0.73125 0.0212891 0.0263889
0 0.70625 0.8 0.0203125 0.0166667
0 0.639844 0.965278 0.021875 0.05
0 0.661719 0.849306 0.0203125 0.0180556
0 0.0266602 0.578472 0.0526367 0.0395833
0 0.250781 0.601389 0.0171875 0.0222222
0 0.216797 0.240104 0.01875 0.0340278
0 0.489844 0.652083 0.01875 0.0361111
0 0.708984 0.372569 0.0164062 0.0152778
0 0.0794922 0.0253472 0.0138672 0.0180556
0 0.584375 0.697222 0.0078125 0.0361111
0 0.157422 0.58125 0.0117188 0.0152778
0 0.346289 0.671528 0.00742187 0.0263889
0 0.628125 0.0411892 0.009375 0.0182292
0 0.257422 0.8125 0.028125 0.0236111
0 0.764844 0.229514 0.01875 0.0204861
0 0.345703 0.679861 0.0078125 0.0305556
0 0.459375 0.342708 0.0171875 0.0201389
0 0.839844 0.55625 0.025 0.0194444
0 0.310352 0.571875 0.009375 0.0381944
0 0.585156 0.7 0.009375 0.0444444
0 0.328906 0.0199219 0.00742187 0.0292535
0 0.609375 0.0482205 0.0109375 0.0233507
0 0.564453 0.164236 0.0078125 0.0159722
0 0.202344 0.130816 0.0203125 0.0178819
0 0.725781 0.400694 0.0171875 0.0152778
0 0.282031 0.604861 0.00625 0.0166667
0 0.644531 0.392361 0.01875 0.0319444
0 0.610156 0.220139 0.0132813 0.0236111
0 0.272461 0.492014 0.0175781 0.0145833
0 0.755859 0.636111 0.0132813 0.0208333
0 0.633594 0.242361 0.0203125 0.0131944
0 0.460938 0.342708 0.015625 0.025
0 0.180273 0.629167 0.028125 0.0222222
0 0.89375 0.0819444 0.009375 0.028125
0 0.0891602 0.23125 0.0367187 0.0305556
0 0.640625 0.242361 0.0171875 0.0118056
0 0.235938 0.409028 0.0203125 0.0201389
0 0.610156 0.214062 0.0125 0.0194444
0 0.244531 0.604167 0.0234375 0.0208333
0 0.446094 0.303472 0.0125 0.0229167
0 0.96875 0.824306 0.059375 0.0291667
0 0.159766 0.223958 0.0367187 0.0291667
0 0.172852 0.633681 0.0152344 0.0243056
0 0.123633 0.225521 0.0148437 0.0201389
0 0.112109 0.0320312 0.0164062 0.0137153
0 0.842188 0.566667 0.028125 0.0347222
0 0.238672 0.520833 0.015625 0.0215278
0 0.60625 0.382639 0.009375 0.0263889
0 0.608594 0.025434 0.009375 0.0201389
0 0.603906 0.0907986 0.009375 0.0173611
0 0.565625 0.169792 0.0078125 0.0204861
0 0.236523 0.4125 0.0195312 0.0215278
0 0.129688 0.0638021 0.0222656 0.0178819
0 0.994531 0.725694 0.0109375 0.0263889
0 0.840625 0.561111 0.028125 0.025
0 0.675 0.582639 0.0359375 0.0291667
0 0.603125 0.110243 0.009375 0.0180556
0 0.458984 0.466667 0.0140625 0.0138889
0 0.708594 0.401042 0.0195312 0.0145833
0 0.65625 0.351042 0.009375 0.0180556
0 0.0761719 0.0256076 0.0207031 0.0206597
0 0.478125 0.296181 0.009375 0.025
0 0.737891 0.642014 0.03125 0.0173611
0 0.240625 0.0628255 0.015625 0.0156684
0 0.164941 0.227431 0.0283203 0.0215278
0 0.177783 0.704861 0.0124023 0.0208333
0 0.921875 0.773611 0.021875 0.0416667
0 0.176953 0.695139 0.0121094 0.025
0 0.64375 0.388194 0.0171875 0.0263889
0 0.889844 0.0786458 0.009375 0.0194444
0 0.79375 0.245139 0.009375 0.00972222
0 0.807031 0.267361 0.015625 0.0173611
0 0.990625 0.421528 0.01875 0.0173611
0 0.231641 0.575694 0.0125 0.0194444
0 0.991406 0.338194 0.0109375 0.0173611
0 0.923437 0.778472 0.01875 0.0333333
0 0.182617 0.625 0.0328125 0.0222222
0 0.00600586 0.775 0.0120117 0.0166667
0 0.629687 0.0265625 0.0101562 0.0178819
0 0.708594 0.795833 0.01875 0.0166667
0 0.635156 0.624653 0.0148437 0.0222222
0 0.445312 0.300174 0.0125 0.0267361
0 0.889063 0.301736 0.00625 0.0152778
0 0.293555 0.282986 0.0101562 0.0197917
0 0.820312 0.754167 0.028125 0.0305556
0 0.172852 0.238715 0.021875 0.0211806
0 0.88125 0.984722 0.0125 0.0222222
0 0.275391 0.490972 0.0210938 0.0138889
0 0.889844 0.0324653 0.009375 0.0185764
0 0.711719 0.023253 0.0132813 0.0310981
0 0.08479 0.340278 0.0214355 0.025
0 0.88125 0.084375 0.00625 0.0236111
0 0.917188 0.308854 0.0125 0.0111111
0 0.594531 0.0448351 0.0046875 0.0158854
0 0.120801 0.0633898 0.0259766 0.0211372
0 0.817187 0.269792 0.021875 0.0180556
0 0.208594 0.12309 0.0164062 0.0107639
0 0.175391 0.101562 0.0234375 0.0258681
0 0.946875 0.33125 0.0140625 0.0125
0 0.220117 0.0487847 0.0160156 0.0166667
0 0.932813 0.915278 0.009375 0.025
0 0.639844 0.624306 0.0234375 0.0263889
0 0.25625 0.0640625 0.0117188 0.0144097
0 0.087207 0.335417 0.0179687 0.0270833
0 0.682813 0.425694 0.0109375 0.0166667
0 0.710156 0.025 0.0101562 0.0230035
0 0.854688 0.0385851 0.00625 0.021441
0 0.532031 0.663889 0.0078125 0.0152778
0 0.804688 0.245139 0.0140625 0.00902778
0 0.44375 0.377083 0.0109375 0.0173611
0 0.892187 0.0789931 0.009375 0.0277778
0 0.215234 0.232812 0.01875 0.0256944
0 0.469922 0.709722 0.0125 0.025
0 0.107813 0.0172852 0.0160156 0.0157769
0 0.83125 0.288715 0.0125 0.009375
0 0.93125 0.309896 0.009375 0.0100694
0 0.125977 0.221875 0.0203125 0.0201389
0 0.890625 0.0392795 0.009375 0.0228299
0 0.610156 0.0383681 0.009375 0.0204861
0 0.225586 0.404514 0.0265625 0.0152778
0 0.142383 0.0231771 0.0132813 0.0121528
0 0.0782959 0.347917 0.023877 0.0361111
0 0.068457 0.370833 0.0171875 0.0208333
0 0.192188 0.552778 0.009375 0.0138889
0 0.828125 0.245139 0.0125 0.0118056
0 0.282422 0.2625 0.00703125 0.0145833
0 0.952344 0.330556 0.0140625 0.0145833
0 0.993359 0.722222 0.0132813 0.025
0 0.114355 0.041276 0.0166016 0.0138021
0 0.177539 0.0975694 0.0269531 0.0225694
0 0.724219 0.64375 0.0164062 0.0138889
0 0.113184 0.0231771 0.0175781 0.0149306
0 0.742969 0.35625 0.0078125 0.0111111
0 0.754297 0.287674 0.01875 0.0121528
0 0.833594 0.0616319 0.0109375 0.0223958
0 0.609375 0.238542 0.0109375 0.0149306
0 0.273047 0.464931 0.0265625 0.0152778
0 0.45 0.402431 0.021875 0.0444444
0 0.623047 0.401389 0.0140625 0.0277778
0 0.295703 0.0144206 0.00742187 0.0287977
0 0.9875 0.342361 0.01875 0.0152778
0 0.236719 0.525 0.0148437 0.0229167
0 0.914062 0.768056 0.025 0.0444444
0 0.746484 0.288889 0.0171875 0.0107639
0 0.175977 0.633333 0.0210938 0.0263889
0 0.108984 0.062066 0.0103516 0.0166667
0 0.209766 0.402778 0.0117188 0.0125
0 0.667188 0.352778 0.015625 0.0208333
0 0.608594 0.0592231 0.0109375 0.0180122
0 0.890625 0.309375 0.0078125 0.0194444
0 0.0115234 0.847917 0.0213867 0.0347222
0 0.271484 0.396528 0.0265625 0.025
0 0.232812 0.0872396 0.0132813 0.0125
0 0.276563 0.442361 0.0203125 0.0152778
0 0.983203 0.422222 0.0335938 0.0229167
0 0.239453 0.525 0.0171875 0.0236111
0 0.663672 0.315625 0.0203125 0.0277778
0 0.845312 0.561111 0.034375 0.0333333
0 0.303711 0.0145833 0.00820312 0.0289931
0 0.679297 0.463194 0.0109375 0.0152778
0 0.744531 0.636111 0.034375 0.0243056
0 0.854688 0.0209635 0.00625 0.033941
0 0.610156 0.209722 0.0140625 0.0222222
0 0.696875 0.402083 0.0109375 0.0118056
0 0.909375 0.265625 0.015625 0.0125
0 0.20332 0.116753 0.0226563 0.0163194
0 0.667578 0.245139 0.009375 0.00833333
0 0.985937 0.338194 0.021875 0.0208333
0 0.973437 0.0215386 0.0125 0.0270616
0 0.844531 0.265972 0.009375 0.0211806
0 0.0519531 0.367708 0.0265625 0.0291667
0 0.914062 0.3 0.015625 0.0131944
0 0.828125 0.269444 0.0125 0.0166667
0 0.914062 0.265278 0.01875 0.0138889
0 0.565625 0.163021 0.0078125 0.0197917
0 0.846875 0.307292 0.009375 0.0180556
0 0.623828 0.427778 0.0171875 0.0555556
0 0.0783447 0.0278646 0.0214355 0.0182292
0 0.764063 0.235243 0.01875 0.0201389
0 0.450391 0.383333 0.0242187 0.0305556
0 0.117383 0.109462 0.0132813 0.0147569
0 0.444922 0.349653 0.0125 0.03125
0 0.235742 0.6 0.0167969 0.0180556
0 0.243359 0.607292 0.0164062 0.03125
0 0.461719 0.471528 0.015625 0.0222222
0 0.832812 0.308681 0.0125 0.0118056
0 0.622656 0.434722 0.0140625 0.0486111
0 0.792188 0.647917 0.0140625 0.0180556
0 0.163184 0.576389 0.0244141 0.0180556
0 0.279492 0.649306 0.00703125 0.0166667
0 0.28125 0.611458 0.00664063 0.0277778
0 0.99375 0.130729 0.0078125 0.0138889
0 0.8375 0.0702908 0.009375 0.0299045
0 0.765625 0.818056 0.034375 0.0194444
0 0.639844 0.552778 0.0234375 0.0152778
0 0.111133 0.0450955 0.0136719 0.0113715
0 0.807813 0.256944 0.015625 0.0104167
0 0.161816 0.0283854 0.0183594 0.0175347
0 0.932813 0.925694 0.009375 0.0305556
0 0.584375 0.721528 0.009375 0.0291667
0 0.192578 0.580556 0.009375 0.0194444
0 0.0680664 0.0294271 0.0224609 0.0189236
0 0.795313 0.984028 0.015625 0.0180556
0 0.344531 0.704167 0.00625 0.0277778
0 0.107617 0.0897569 0.00976562 0.0118056
0 0.239453 0.0752604 0.0148437 0.0130208
0 0.9875 0.729167 0.021875 0.0277778
0 0.276953 0.427083 0.0203125 0.0194444
0 0.915625 0.29375 0.015625 0.0145833
0 0.596484 0.090191 0.00703125 0.0137153
0 0.642969 0.403472 0.0171875 0.0486111
0 0.258789 0.81875 0.0296875 0.0361111
0 0.438672 0.431944 0.009375 0.0166667
0 0.493359 0.0175781 0.00703125 0.0351562
0 0.654688 0.3125 0.021875 0.0256944
0 0.482812 0.00463325 0.00625 0.00926649
0 0.062793 0.0252604 0.0195312 0.0154514
0 0.663281 0.581944 0.059375 0.0347222
0 0.184766 0.0310764 0.0183594 0.0147569
0 0.857813 0.536458 0.015625 0.0222222
0 0.95625 0.511458 0.0140625 0.00972222
0 0.621094 0.469097 0.0078125 0.0145833
0 0.99375 0.309722 0.0078125 0.0121528
0 0.605078 0.3875 0.009375 0.0340278
0 0.594531 0.155903 0.00625 0.0118056
0 0.715625 0.0210069 0.0109375 0.0265625
0 0.882031 0.150391 0.00625 0.0221354
0 0.471875 0.217708 0.009375 0.0152778
0 0.483984 0.372222 0.0101562 0.0256944
0 0.471094 0.305903 0.0171875 0.0305556
0 0.595312 0.0632813 0.00625 0.0180556
0 0.680078 0.489236 0.0148437 0.0159722
0 0.597656 0.979167 0.0148437 0.0388889
0 0.823438 0.244792 0.01875 0.0128472
0 0.186328 0.311111 0.0132813 0.0131944
0 0.453906 0.645833 0.009375 0.025
0 0.617188 0.239583 0.009375 0.0145833
0 0.0138184 0.847222 0.0263672 0.0513889
0 0.451562 0.304861 0.0140625 0.0222222
0 0.385938 0.0234483 0.00859375 0.0336589
0 0.693359 0.422917 0.0109375 0.0180556
0 0.110547 0.121007 0.0148437 0.015625
0 0.0728516 0.358333 0.0214844 0.0416667
0 0.649219 0.58125 0.0453125 0.0319444
0 0.274414 0.425694 0.0238281 0.0222222
0 0.635938 0.644444 0.0125 0.0118056
0 0.917188 0.642708 0.0078125 0.0229167
0 0.64375 0.26875 0.015625 0.00902778
0 0.990625 0.351389 0.0140625 0.0138889
0 0.669531 0.954167 0.0140625 0.0194444
0 0.626172 0.436111 0.0179687 0.0520833
0 0.138867 0.0661458 0.0132813 0.0126736
0 0.80625 0.0231337 0.0078125 0.019184
0 0.654688 0.332639 0.0140625 0.0152778
0 0.984375 0.352778 0.025 0.0138889
0 0.46875 0.378472 0.0234375 0.0319444
0 0.667969 0.934722 0.0109375 0.0152778
0 0.80625 0.515972 0.0125 0.0152778
0 0.969922 0.895833 0.0601562 0.0333333
0 0.157031 0.220139 0.0335938 0.0243056
0 0.854688 0.751389 0.0328125 0.102778
0 0.191992 0.0410156 0.0140625 0.0119792
0 0.071582 0.802778 0.0298828 0.0555556
0 0.670313 0.419097 0.0171875 0.03125
0 0.189648 0.109201 0.040625 0.021875
0 0.633594 0.665278 0.00625 0.0201389
0 0.621875 0.177083 0.0171875 0.0166667
0 0.915625 0.767361 0.0375 0.0569444
0 0.478125 0.3 0.0125 0.0326389
0 0.752734 0.633333 0.0195312 0.0243056
0 0.109766 0.130469 0.0136719 0.0154514
0 0.444141 0.334722 0.009375 0.0152778
0 0.468359 0.132812 0.0125 0.0190972
0 0.6625 0.593056 0.0640625 0.0375
0 0.639844 0.644444 0.0203125 0.00972222
0 0.845312 0.289757 0.009375 0.0118056
0 0.89375 0.758333 0.015625 0.05
0 0.75625 0.817361 0.0546875 0.0236111
0 0.184033 0.633681 0.0374023 0.0347222
0 0.603906 0.130382 0.0078125 0.0284722
0 0.158398 0.0269965 0.0179687 0.0161458
0 0.154492 0.264931 0.0203125 0.025
0 0.217187 0.246528 0.0195312 0.04375
0 0.99375 0.294792 0.00625 0.0159722
0 0.975781 0.0240885 0.0140625 0.0335938
0 0.260547 0.777778 0.0277344 0.0166667
0 0.44375 0.917361 0.00625 0.0305556
0 0.909375 0.0640625 0.009375 0.0190972
0 0.98125 0.44375 0.0375 0.0194444
0 0.184375 0.617361 0.0308594 0.0208333
0 0.935938 0.970833 0.0125 0.0513889
0 0.829687 0.386806 0.034375 0.0222222
0 0.641406 0.686111 0.01875 0.0152778
0 0.978125 0.334722 0.03125 0.0194444
0 0.345703 0.473611 0.0125 0.0409722
0 0.0368652 0.781944 0.0250977 0.0305556
0 0.357031 0.954167 0.0109375 0.0583333
0 0.0698242 0.7875 0.0277344 0.0305556
0 0.728516 0.401042 0.0140625 0.0138889
0 0.145898 0.73125 0.0212891 0.0263889
0 0.70625 0.8 0.0203125 0.0166667
0 0.639844 0.965972 0.021875 0.05
0 0.661719 0.849306 0.0203125 0.0180556
0 0.0266724 0.578472 0.05271 0.0395833
0 0.250781 0.601389 0.0171875 0.0222222
0 0.216797 0.240104 0.01875 0.0340278
0 0.489844 0.652083 0.01875 0.0361111
0 0.708984 0.372569 0.0164062 0.0152778
0 0.0794678 0.0253472 0.0137207 0.0180556
0 0.584375 0.697222 0.0078125 0.0361111
0 0.157422 0.58125 0.0117188 0.0152778
0 0.346289 0.671528 0.00742187 0.0263889
0 0.628125 0.0411024 0.009375 0.0182292
0 0.257422 0.8125 0.028125 0.0236111
0 0.764844 0.229514 0.01875 0.0201389
0 0.345703 0.679861 0.0078125 0.0305556
0 0.459375 0.342708 0.0171875 0.0201389
0 0.839844 0.55625 0.025 0.0194444
0 0.310352 0.571875 0.009375 0.0381944
0 0.585156 0.7 0.009375 0.0444444
0 0.328906 0.0199219 0.00742187 0.0293403
0 0.609375 0.0481771 0.0109375 0.0232639
0 0.564453 0.164236 0.0078125 0.0159722
0 0.202344 0.130816 0.0203125 0.0178819
0 0.725781 0.400694 0.0171875 0.0152778
0 0.281836 0.604861 0.00625 0.0166667
0 0.644531 0.392361 0.01875 0.0319444
0 0.610156 0.220139 0.0132813 0.0232639
0 0.272461 0.492014 0.0175781 0.0145833
0 0.755859 0.636111 0.0132813 0.0208333
0 0.633594 0.242361 0.0203125 0.0131944
0 0.460938 0.342708 0.015625 0.025
0 0.180273 0.629167 0.028125 0.0222222
0 0.89375 0.0819444 0.009375 0.028125
0 0.0891602 0.23125 0.0367187 0.0305556
0 0.640625 0.242361 0.0171875 0.0118056
0 0.235938 0.409028 0.0203125 0.0201389
0 0.610156 0.214236 0.0125 0.0194444
0 0.244531 0.604167 0.0234375 0.0208333
0 0.446094 0.303472 0.0125 0.0229167
0 0.96875 0.824306 0.059375 0.0291667
0 0.159766 0.223958 0.0367187 0.0291667
0 0.172852 0.633681 0.0152344 0.0243056
0 0.123633 0.225347 0.0148437 0.0201389
0 0.112109 0.0320312 0.0164062 0.0137153
0 0.842188 0.566667 0.028125 0.0347222
0 0.238672 0.520833 0.015625 0.0215278
0 0.60625 0.382639 0.009375 0.0263889
0 0.608594 0.0253906 0.009375 0.0200521
0 0.565625 0.169792 0.0078125 0.0204861
0 0.603906 0.0907986 0.009375 0.0173611
0 0.236523 0.4125 0.0195312 0.0215278
0 0.129688 0.0638889 0.0222656 0.0178819
0 0.994531 0.725694 0.0109375 0.0263889
0 0.840625 0.561111 0.028125 0.025
0 0.675391 0.582639 0.0359375 0.0291667
0 0.603125 0.110069 0.009375 0.0180556
0 0.458984 0.466667 0.0140625 0.0138889
0 0.65625 0.351042 0.009375 0.0180556
0 0.708594 0.401042 0.0195312 0.0145833
0 0.478125 0.296007 0.009375 0.025
0 0.737891 0.642014 0.03125 0.0173611
0 0.0761719 0.0256076 0.0207031 0.0206597
0 0.164941 0.227431 0.0279297 0.0215278
0 0.240625 0.0627604 0.015625 0.0157986
0 0.177783 0.704861 0.0124023 0.0208333
0 0.921875 0.773611 0.021875 0.0416667
0 0.176953 0.695139 0.0121094 0.025
0 0.64375 0.388194 0.0171875 0.0263889
0 0.79375 0.245139 0.009375 0.00972222
0 0.889844 0.0786458 0.009375 0.0194444
0 0.807031 0.267361 0.015625 0.0166667
0 0.990625 0.421528 0.01875 0.0173611
0 0.231641 0.575694 0.0125 0.0194444
0 0.923437 0.778472 0.01875 0.0333333
0 0.991406 0.338194 0.0109375 0.0173611
0 0.182617 0.625 0.0328125 0.0222222
0 0.629687 0.0265625 0.0101562 0.0179687
0 0.00598145 0.775 0.0119629 0.0166667
0 0.708594 0.795833 0.01875 0.0166667
0 0.635156 0.624653 0.0148437 0.0222222
0 0.445312 0.300174 0.0125 0.0267361
0 0.889063 0.301736 0.00625 0.0152778
0 0.293555 0.282986 0.0101562 0.0197917
0 0.820312 0.754167 0.028125 0.0305556
0 0.88125 0.984722 0.0125 0.0222222
0 0.172852 0.238715 0.021875 0.0211806
0 0.275391 0.490972 0.0210938 0.0138889
0 0.711719 0.023253 0.0132813 0.0310981
0 0.890625 0.0323785 0.009375 0.0185764
0 0.0847656 0.340278 0.0212891 0.025
0 0.88125 0.084375 0.00625 0.0236111
0 0.594531 0.0447917 0.0046875 0.0157986
0 0.917188 0.308854 0.0125 0.0111111
0 0.817187 0.269792 0.021875 0.0180556
0 0.120703 0.0632813 0.0257812 0.0211806
0 0.208594 0.12309 0.0164062 0.0107639
0 0.946875 0.33125 0.0140625 0.0125
0 0.175391 0.101562 0.0234375 0.0256944
0 0.220117 0.0487847 0.0160156 0.0166667
0 0.932813 0.915278 0.009375 0.025
0 0.639844 0.624306 0.0234375 0.0263889
0 0.25625 0.0640625 0.0117188 0.0144097
0 0.087207 0.335417 0.0179687 0.0270833
0 0.682813 0.425694 0.0109375 0.0166667
0 0.710156 0.025 0.0101562 0.0230903
0 0.854688 0.0385417 0.00625 0.0215278
0 0.532031 0.663889 0.0078125 0.0152778
0 0.804688 0.245139 0.0140625 0.00902778
0 0.44375 0.377083 0.0109375 0.0173611
0 0.892187 0.0789931 0.009375 0.0277778
0 0.215234 0.232812 0.01875 0.0256944
0 0.469922 0.709722 0.0125 0.025
0 0.107813 0.0172635 0.0160156 0.0156467
0 0.83125 0.288715 0.0125 0.009375
0 0.93125 0.309896 0.009375 0.0100694
0 0.125977 0.221875 0.0203125 0.0201389
0 0.890625 0.0393229 0.009375 0.0229167
0 0.610156 0.0383247 0.009375 0.0203993
0 0.225391 0.404514 0.0265625 0.0152778
0 0.0782959 0.347917 0.023877 0.0361111
0 0.142383 0.0231771 0.0132813 0.0121528
0 0.068457 0.370833 0.0171875 0.0208333
0 0.192188 0.552778 0.009375 0.0138889
0 0.828125 0.244965 0.0125 0.0118056
0 0.282422 0.2625 0.00703125 0.0145833
0 0.993359 0.722222 0.0132813 0.025
0 0.952344 0.330556 0.0140625 0.0145833
0 0.114355 0.0412326 0.0166016 0.0138889
0 0.177539 0.0975694 0.0269531 0.0225694
0 0.724219 0.64375 0.0164062 0.0138889
0 0.113184 0.0231337 0.0175781 0.0146701
0 0.742969 0.35625 0.0078125 0.0111111
0 0.754297 0.287674 0.01875 0.0121528
0 0.273047 0.464931 0.0265625 0.0152778
0 0.609375 0.238542 0.0109375 0.0149306
0 0.833594 0.0616319 0.0109375 0.0222222
0 0.45 0.402431 0.021875 0.0444444
0 0.255859 0.809028 0.0257812 0.0208333
0 0.623047 0.401042 0.0140625 0.0270833
0 0.236719 0.525 0.0148437 0.0229167
0 0.913281 0.768056 0.025 0.0444444
0 0.9875 0.342361 0.01875 0.0152778
0 0.295703 0.0144097 0.00742187 0.0288194
0 0.746484 0.288889 0.0171875 0.0107639
0 0.175977 0.633333 0.0210938 0.0263889
0 0.108984 0.062066 0.0103516 0.0166667
0 0.209766 0.402778 0.0117188 0.0125
0 0.667188 0.352778 0.015625 0.0208333
0 0.608594 0.0592014 0.0109375 0.0180556
0 0.0115723 0.847917 0.0213867 0.0347222
0 0.890625 0.309375 0.0078125 0.0194444
0 0.271484 0.396528 0.0265625 0.025
0 0.276563 0.442361 0.0203125 0.0152778
0 0.232812 0.0873264 0.0132813 0.0125
0 0.239453 0.525 0.0171875 0.0236111
0 0.983203 0.422222 0.0335938 0.0229167
0 0.845312 0.561111 0.034375 0.0333333
0 0.663672 0.315625 0.0203125 0.0277778
0 0.303711 0.0145725 0.00820312 0.0290148
0 0.679688 0.463194 0.0109375 0.0152778
0 0.696875 0.402083 0.0109375 0.0125
0 0.744531 0.636111 0.034375 0.0243056
0 0.854688 0.0210069 0.00625 0.0340278
0 0.909375 0.265625 0.015625 0.0125
0 0.610156 0.209722 0.0140625 0.0222222
0 0.20332 0.116753 0.0226563 0.0161458
0 0.667969 0.245139 0.009375 0.00833333
0 0.985937 0.338542 0.021875 0.0201389
0 0.973437 0.0215278 0.0125 0.0270833
0 0.844531 0.265972 0.009375 0.0211806
0 0.914062 0.265278 0.01875 0.0138889
0 0.0519531 0.367708 0.0265625 0.0291667
0 0.914062 0.3 0.015625 0.0131944
0 0.828125 0.269444 0.0125 0.0163194
0 0.565625 0.163021 0.0078125 0.0197917
0 0.846875 0.307292 0.009375 0.0180556
0 0.078418 0.0277778 0.0212891 0.0182292
0 0.764063 0.235417 0.01875 0.0201389
0 0.623828 0.427778 0.0171875 0.0555556
0 0.117383 0.109375 0.0130859 0.0145833
0 0.450391 0.383333 0.0242187 0.0305556
0 0.235547 0.600347 0.0164062 0.01875
0 0.444922 0.349653 0.0125 0.03125
0 0.243359 0.607292 0.0164062 0.03125
0 0.792188 0.647917 0.0140625 0.0180556
0 0.461719 0.471528 0.015625 0.0215278
0 0.832812 0.308681 0.0125 0.0118056
0 0.622656 0.435069 0.0140625 0.0486111
0 0.163086 0.576389 0.0246094 0.0180556
0 0.279492 0.649306 0.00703125 0.0166667
0 0.99375 0.130642 0.0078125 0.0137153
0 0.28125 0.611458 0.00664063 0.0277778
0 0.765625 0.818056 0.034375 0.0194444
0 0.807813 0.256944 0.015625 0.0104167
0 0.8375 0.0703993 0.009375 0.0300347
0 0.111133 0.0450955 0.0136719 0.0113715
0 0.639844 0.552778 0.0234375 0.0152778
0 0.161914 0.0284288 0.0183594 0.0175347
0 0.917188 0.770139 0.028125 0.0472222
0 0.932813 0.925694 0.009375 0.0305556
0 0.192578 0.580556 0.009375 0.0194444
0 0.584375 0.721528 0.009375 0.0291667
0 0.0679687 0.0294271 0.0222656 0.0189236
0 0.795313 0.984028 0.015625 0.0180556
0 0.344531 0.704167 0.00585938 0.0277778
0 0.107617 0.0897569 0.00976562 0.0116319
0 0.239453 0.0752604 0.0148437 0.0130208
0 0.9875 0.729167 0.021875 0.0277778
0 0.596484 0.090191 0.00703125 0.0137153
0 0.276953 0.427083 0.0203125 0.0194444
0 0.915625 0.29375 0.015625 0.0145833
0 0.643359 0.403472 0.0164062 0.0486111
0 0.258789 0.81875 0.0296875 0.0361111
0 0.493359 0.0175781 0.00703125 0.0351562
0 0.482812 0.00467665 0.00625 0.0093533
0 0.438672 0.431944 0.009375 0.0166667
0 0.654688 0.3125 0.021875 0.0256944
0 0.95625 0.511458 0.0140625 0.00972222
0 0.184766 0.0310764 0.0183594 0.0147569
0 0.0626953 0.0252604 0.0195312 0.0154514
0 0.621094 0.46875 0.0078125 0.0138889
0 0.857813 0.536458 0.015625 0.0222222
0 0.663281 0.581597 0.059375 0.0347222
0 0.605078 0.3875 0.009375 0.0340278
0 0.99375 0.309722 0.0078125 0.0121528
0 0.594531 0.155903 0.00625 0.0118056
0 0.715625 0.0209635 0.0109375 0.0266493
0 0.882031 0.150347 0.00625 0.021875
0 0.483984 0.372222 0.0101562 0.0256944
0 0.595312 0.0633464 0.00625 0.018099
0 0.471875 0.217708 0.009375 0.0152778
0 0.822656 0.244792 0.0203125 0.0131944
0 0.471094 0.305903 0.0171875 0.0305556
0 0.597656 0.979167 0.0148437 0.0388889
0 0.453906 0.645833 0.009375 0.025
0 0.0138184 0.847222 0.0263672 0.0513889
0 0.680078 0.489236 0.0148437 0.0159722
0 0.693359 0.422917 0.0109375 0.0180556
0 0.617188 0.239583 0.009375 0.0145833
0 0.451562 0.304861 0.0140625 0.021875
0 0.110547 0.121007 0.0148437 0.015625
0 0.186328 0.311111 0.0132813 0.0131944
0 0.385938 0.0234267 0.00859375 0.0337023
0 0.0729492 0.357986 0.0214844 0.0409722
0 0.649219 0.58125 0.0445312 0.0319444
0 0.635938 0.644444 0.0125 0.0118056
0 0.917188 0.642708 0.0078125 0.0229167
0 0.669531 0.954167 0.0140625 0.0194444
0 0.64375 0.26875 0.015625 0.00902778
0 0.13877 0.0661458 0.0130859 0.0126736
0 0.990625 0.351389 0.0140625 0.0138889
0 0.626172 0.436111 0.0179687 0.0520833
0 0.80625 0.0230903 0.0078125 0.0192708
0 0.655078 0.332639 0.0132813 0.0152778
0 0.984375 0.352778 0.025 0.0138889
0 0.667969 0.934722 0.0109375 0.0152778
0 0.46875 0.378472 0.0234375 0.0319444
0 0.80625 0.515972 0.0125 0.0152778
0 0.969922 0.895833 0.0601562 0.0333333
0 0.157031 0.220139 0.0335938 0.0243056
0 0.854688 0.751389 0.0328125 0.102778
0 0.071582 0.802778 0.0298828 0.0555556
0 0.191992 0.041059 0.0140625 0.0118924
0 0.670313 0.419097 0.0164062 0.0305556
0 0.633594 0.665278 0.00625 0.0208333
0 0.109766 0.130556 0.0136719 0.015625
0 0.915625 0.767361 0.0375 0.0569444
0 0.189648 0.109288 0.0402344 0.0217014
0 0.621875 0.177083 0.0164062 0.0166667
0 0.752734 0.633333 0.0195312 0.0243056
0 0.478125 0.299826 0.0125 0.0329861
0 0.444141 0.334722 0.009375 0.0152778
0 0.639844 0.644444 0.0203125 0.00972222
0 0.468359 0.132812 0.0125 0.0190972
0 0.6625 0.593056 0.0640625 0.0375
0 0.845312 0.289583 0.009375 0.0118056
0 0.89375 0.758333 0.015625 0.05
0 0.75625 0.817361 0.053125 0.0236111
0 0.184033 0.633681 0.0374023 0.0347222
0 0.603906 0.130382 0.0078125 0.0284722
0 0.158398 0.0270399 0.0179687 0.0161458
0 0.154492 0.264931 0.0201172 0.025
0 0.99375 0.294792 0.00625 0.0159722
0 0.260547 0.777778 0.0277344 0.0166667
0 0.217187 0.246528 0.0195312 0.04375
0 0.44375 0.917361 0.00625 0.0305556
0 0.975781 0.0241428 0.0140625 0.0336589
0 0.909375 0.0640625 0.009375 0.0190972
0 0.98125 0.44375 0.0375 0.0194444
0 0.184375 0.617361 0.0308594 0.0208333
0 0.641406 0.686111 0.01875 0.0152778
0 0.829687 0.386806 0.034375 0.0222222
0 0.935938 0.970833 0.0125 0.0527778
0 0.966406 0.5125 0.0109375 0.00833333
