3 0.676042 0.565741 0.0666667 0.109259
1 0.700521 0.0137731 0.0125 0.0262731
0 0.352604 0.946296 0.0114583 0.0296296
1 0.352604 0.946296 0.0114583 0.0296296
0 0.0630371 0 0.0658529 0
0 0.369531 0.950926 0.0125 0.0203704
1 0.697917 0.0140625 0.0125 0.026331
1 0.7 0.0160373 0.0104167 0.0235966
3 0.676562 0.565741 0.0666667 0.109259
1 0.700521 0.0140336 0.0114583 0.0267361
1 0.853125 0.832407 0.003125 0.00555556
0 0.700521 0.0138961 0.0114583 0.0266059
1 0.0566081 0.153935 0.00748698 0.0162037
3 0.676042 0.565741 0.0666667 0.109259
1 0.700521 0.0137804 0.0114583 0.0264902
0 0.700521 0.0135489 0.0114583 0.0263744
3 0.676042 0.566204 0.0666667 0.108333
1 0.7 0.0138817 0.0104167 0.0262876
0 0.701042 0.0136285 0.0125 0.0262153
1 0.697917 0.0141493 0.0125 0.0266782
0 0.26875 0.475926 0.0515625 0.0888889
3 0.676042 0.566204 0.0666667 0.108333
1 0.7 0.0140553 0.0114583 0.0264034
1 0.697917 0.0144676 0.0114583 0.026794
0 0.7 0.013954 0.0125 0.0264902
0 0.26875 0.476042 0.0520833 0.0886574
3 0.676042 0.566204 0.0666667 0.108333
1 0.7 0.0140336 0.0114583 0.0264468
1 0.697917 0.0144965 0.0114583 0.0267361
0 0.26875 0.47581 0.0520833 0.0891204
0 0.7 0.0140336 0.0125 0.026331
3 0.676042 0.566204 0.0666667 0.108333
1 0.7 0.0140625 0.0125 0.0263889
1 0.697917 0.0144965 0.0114583 0.0267361
0 0.7 0.0140046 0.0125 0.0265046
0 0.26875 0.47581 0.0520833 0.0891204
3 0.676042 0.566204 0.0666667 0.108333
1 0.7 0.0140119 0.0125 0.0263744
1 0.697917 0.0144387 0.0114583 0.026794
0 0.7 0.0140119 0.0125 0.0262587
0 0.689062 0.918981 0.177083 0.162037
3 0.676042 0.566204 0.0666667 0.108333
1 0.7 0.0140119 0.0125 0.0263744
1 0.697917 0.0143519 0.0125 0.026794
0 0.690625 0.918981 0.175 0.162037
0 0.7 0.0139757 0.0125 0.0262153
3 0.676042 0.566204 0.0666667 0.108333
1 0.7 0.0139178 0.0125 0.0262731
1 0.697917 0.0142867 0.0125 0.0267506
0 0.7 0.0139178 0.0125 0.0262153
3 0.676042 0.566204 0.0666667 0.108333
1 0.7 0.01386 0.0125 0.0262153
1 0.697917 0.0142433 0.0125 0.0267216
0 0.7 0.0139178 0.0125 0.0262153
3 0.676042 0.566204 0.0666667 0.108333
1 0.7 0.01386 0.0125 0.0262153
1 0.697917 0.0142072 0.0125 0.0266782
0 0.7 0.0139178 0.0125 0.0261574
<<<<<<< HEAD
3 0.676042 0.566204 0.0666667 0.108333
1 0.7 0.01386 0.0125 0.0262731
1 0.697917 0.0142072 0.0125 0.0267361
0 0.7 0.0139178 0.0125 0.0262153
3 0.676042 0.566204 0.0666667 0.108333
1 0.7 0.0138817 0.0125 0.0262876
0 0.7 0.0139395 0.0125 0.0261719
1 0.214844 0.476852 0.0164062 0.0388889
3 0.676042 0.566204 0.0666667 0.108333
1 0.7 0.01386 0.0125 0.0262731
0 0.7 0.0139468 0.0125 0.0262153
1 0.214844 0.476852 0.0166667 0.0388889
3 0.676042 0.566204 0.0666667 0.108333
1 0.7 0.01386 0.0125 0.0262731
0 0.7 0.0139974 0.0125 0.0261719
3 0.676042 0.566204 0.0666667 0.108333
1 0.7 0.0138889 0.0125 0.0262153
0 0.7 0.0139757 0.0125 0.0260995
3 0.676042 0.566204 0.0666667 0.108333
1 0.7 0.0138889 0.0125 0.0262153
0 0.7 0.0140046 0.0125 0.0260995
1 0.7 0.0150174 0.009375 0.0253472
3 0.676042 0.566204 0.0666667 0.108333
1 0.7 0.013954 0.0125 0.0262587
1 0.7 0.0150463 0.009375 0.0253472
0 0.7 0.0140046 0.0125 0.0261574
3 0.676042 0.566204 0.0666667 0.108333
1 0.7 0.0139468 0.0125 0.0262731
1 0.7 0.0149884 0.009375 0.0253472
0 0.7 0.0140119 0.0125 0.0261429
3 0.676042 0.566204 0.0666667 0.108333
1 0.7 0.013954 0.0125 0.0262587
1 0.7 0.0149884 0.009375 0.0252894
0 0.7 0.0140336 0.0125 0.0260995
3 0.676042 0.566204 0.0666667 0.108333
1 0.7 0.0139757 0.0125 0.0262153
1 0.7 0.0149884 0.009375 0.0252315
3 0.676042 0.566204 0.0666667 0.108333
1 0.7 0.0140046 0.0125 0.0262153
1 0.7 0.0149595 0.009375 0.0252894
3 0.676042 0.566204 0.0666667 0.108333
1 0.7 0.0140119 0.0125 0.0261429
1 0.7 0.0149884 0.009375 0.0251736
3 0.676042 0.566204 0.0666667 0.108333
1 0.7 0.0140625 0.0125 0.0260995
3 0.676042 0.566204 0.0666667 0.108333
1 0.7 0.0140625 0.0125 0.0260995
=======
>>>>>>> eec1531f690f822f052659bede932c48623278fb
3 0.677083 0.566204 0.0666667 0.108333
3 0.516146 0.388889 0.126042 0.207407
1 0.701042 0.0125289 0.0104167 0.0233796
0 0.268685 0.476968 0.0542969 0.0923611
3 0.533333 0.359259 0.125 0.207407
0 0.520312 0.388194 0.167708 0.0736111
0 0.508333 0.408333 0.163542 0.0824074
0 0.519531 0.347685 0.167187 0.0388889
0 0.532812 0.400463 0.167708 0.121296
0 0.701042 0.0130787 0.0104167 0.0243056
3 0.508854 0.433333 0.123958 0.207407
1 0.929688 0.175579 0.0145833 0.0226852
1 0.930208 0.42037 0.0145833 0.0148148
1 0.929688 0.579167 0.015625 0.0240741
1 0.930208 0.2625 0.0145833 0.0212963
1 0.930208 0.439815 0.0145833 0.0148148
0 0.8625 0.872222 0.0625 0.0703704
3 0.677083 0.566667 0.0666667 0.111111
3 0.663542 0.565741 0.0416667 0.108333
1 0.700521 0.0124421 0.0114583 0.0239005
3 0.676042 0.565741 0.06875 0.111111
1 0.369792 0.951852 0.0135417 0.0222222
1 0.701042 0.0121021 0.009375 0.0234809
1 0.702604 0.012037 0.0177083 0.0240741
0 0.677083 0.563889 0.0666667 0.109259
1 0.357292 0.896296 0.00989583 0.0166667
1 0.355208 0.896296 0.00625 0.012963
1 0.372396 0.956481 0.01875 0.0314815
1 0.364062 0.89537 0.0239583 0.0185185
1 0.372917 0.972222 0.0145833 0.0111111
3 0.676042 0.566667 0.065625 0.107407
1 0.701563 0.0116609 0.009375 0.0221644
0 0.676042 0.566667 0.065625 0.107407
3 0.676562 0.566204 0.0677083 0.109259
1 0.701042 0.0122975 0.0104167 0.0236111
1 0.329167 0.957407 0.0385417 0.0240741
0 0.29974 0.482407 0.115104 0.10463
0 0.701042 0.0122034 0.0104167 0.0213108
3 0.660417 0.568056 0.0354167 0.115741
3 0.672917 0.597222 0.0729167 0.0462963
1 0.554688 0.00474537 0.00625 0.00914352
3 0.677083 0.525 0.0697917 0.0277778
0 0.677083 0.566204 0.0666667 0.108333
1 0.365104 0.949074 0.021875 0.0203704
3 0.675 0.52037 0.0645833 0.0166667
3 0.676042 0.565741 0.0645833 0.109259
3 0.680208 0.61713 0.00833333 0.00925926
3 0.676562 0.61713 0.00833333 0.00925926
3 0.683854 0.616667 0.00833333 0.00925926
1 0.701042 0.0115813 0.00833333 0.0215133
3 0.672917 0.616667 0.00833333 0.00925926
3 0.689583 0.566204 0.0416667 0.108333
3 0.688542 0.615741 0.00833333 0.00925926
0 0.0772135 0.0322917 0.0532552 0.0634259
3 0.669792 0.616667 0.0104167 0.00925926
3 0.676042 0.565741 0.0666667 0.109259
1 0.701042 0.0135489 0.0125 0.0264902
3 0.676042 0.565741 0.0666667 0.109259
1 0.4625 0.187384 0.00833333 0.0164352
2 0.676042 0.565741 0.0666667 0.107407
1 0.494792 0.109722 0.00520833 0.0125
3 0.676042 0.565741 0.0666667 0.105556
1 0.7 0.0125868 0.0104167 0.025
2 0.676042 0.56713 0.0666667 0.110185
0 0.676042 0.565741 0.0666667 0.107407
3 0.676042 0.565741 0.0666667 0.107407
1 0.699479 0.0127315 0.0104167 0.0252315
3 0.676562 0.566667 0.0666667 0.109259
3 0.676042 0.566667 0.0666667 0.109259
1 0.700521 0.0122396 0.0104167 0.0239583
0 0.7 0.012963 0.0104167 0.0259259
0 0.698958 0.00989583 0.03125 0.0197917
3 0.676042 0.566204 0.0666667 0.107407
0 0.295052 0.519444 0.106771 0.17963
1 0.702083 0.0103588 0.00833333 0.020544
1 0.414062 0.388194 0.009375 0.0259259
1 0.7 0.0109375 0.00625 0.0216435
3 0.676562 0.566204 0.0666667 0.108333
1 0.7 0.0136574 0.0125 0.0265046
1 0.697396 0.0140046 0.00729167 0.0263889
3 0.676042 0.566204 0.0666667 0.108333
1 0.701042 0.0114005 0.0104167 0.0222801
1 0.696875 0.0226273 0.00625 0.00763889
3 0.676042 0.566667 0.0666667 0.108333
1 0.701042 0.010923 0.00833333 0.0206887
3 0.676562 0.565741 0.0666667 0.107407
1 0.371875 0.0456597 0.0145833 0.0195602
0 0.371875 0.0456597 0.0145833 0.0181713
3 0.676042 0.566667 0.0666667 0.108333
1 0.701563 0.00873843 0.00833333 0.0163773
3 0.676042 0.565741 0.065625 0.109259
2 0.490625 0.871759 0.132292 0.256481
3 0.676562 0.566204 0.0666667 0.107407
1 0.371354 0.045544 0.0145833 0.0195602
2 0.470052 0.876389 0.170312 0.247222
0 0.371354 0.0454716 0.0145833 0.0192419
3 0.676042 0.566204 0.0666667 0.108333
1 0.700521 0.0124711 0.0114583 0.0244792
3 0.676042 0.566204 0.0666667 0.108333
3 0.676042 0.565741 0.0666667 0.107407
3 0.676042 0.566667 0.0666667 0.107407
1 0.464583 0.190741 0.0119792 0.0226852
3 0.676042 0.565741 0.0666667 0.107407
3 0.676042 0.565741 0.0666667 0.107407
