0 0.438542 0.665741 0.0739583 0.101852
0 0.281836 0.586574 0.0800781 0.0888889
0 0.249609 0.902315 0.132552 0.193519
0 0.0667806 0.564352 0.0273763 0.0472222
1 0.605208 0.324537 0.00833333 0.0305556
1 0.120833 0.366667 0.0143229 0.0333333
1 0.392708 0.359722 0.009375 0.0236111
1 0.308594 0.47963 0.0151042 0.0351852
1 0.676042 0.233796 0.0114583 0.0157407
1 0.308854 0.4875 0.0135417 0.0185185
1 0.0666667 0.564352 0.027474 0.0472222
1 0.064388 0.558796 0.0173177 0.0324074
0 0.112109 0.933333 0.0184896 0.0240741
1 0.112109 0.933333 0.0186198 0.0240741
1 0.676042 0.237963 0.0125 0.025
1 0.0615885 0.555093 0.0132813 0.0277778
1 0.0660807 0.561574 0.0154948 0.0333333
0 0.148047 0.972222 0.0799479 0.0555556
1 0.307813 0.485185 0.0145833 0.0240741
0 0.308333 0.47963 0.015625 0.0351852
1 0.0597005 0.553704 0.0141927 0.0259259
1 0.0611979 0.558333 0.0167969 0.0324074
1 0.25026 0.902778 0.133854 0.194444
1 0.673958 0.234491 0.0145833 0.0185185
1 0.357031 0.368519 0.00729167 0.0194444
1 0.113932 0.932407 0.015625 0.0203704
0 0.157813 0.375 0.0244792 0.0296296
3 0.25 0.902315 0.133333 0.193519
0 0.120964 0.366898 0.0143229 0.0333333
1 0.607292 0.324074 0.0104167 0.0310185
2 0.25 0.902315 0.133333 0.193519
1 0.0688802 0.56713 0.0166667 0.037037
0 0.392708 0.359722 0.009375 0.0240741
1 0.10319 0.428241 0.00742187 0.0138889
1 0.0638021 0.553704 0.0203125 0.0277778
0 0.676042 0.233796 0.0114583 0.0157407
1 0.611979 0.327315 0.0104167 0.0296296
1 0.12513 0.366667 0.0169271 0.0342593
0 0.438542 0.665741 0.0739583 0.101852
0 0.28151 0.587037 0.0796875 0.0888889
0 0.25013 0.902778 0.134635 0.192593
0 0.0671712 0.564815 0.0276367 0.0481481
1 0.605208 0.324537 0.00833333 0.0310185
1 0.120964 0.366435 0.0140625 0.0337963
1 0.308333 0.47963 0.015625 0.0351852
1 0.392708 0.359722 0.009375 0.0240741
1 0.067041 0.564815 0.0276367 0.0481481
1 0.676042 0.233796 0.0104167 0.0157407
1 0.309635 0.486574 0.0130208 0.0203704
1 0.676042 0.239352 0.0125 0.0287037
1 0.309375 0.489815 0.0125 0.0148148
1 0.0642578 0.559259 0.0167969 0.0296296
1 0.112174 0.933333 0.0184896 0.0222222
1 0.0661458 0.562963 0.0148437 0.0296296
1 0.0614583 0.556481 0.0145833 0.0296296
0 0.308333 0.47963 0.015625 0.0351852
0 0.112109 0.933102 0.0184896 0.0226852
1 0.356771 0.368519 0.0078125 0.0194444
0 0.147689 0.972222 0.0801432 0.0555556
1 0.0595703 0.55463 0.0143229 0.0277778
1 0.0615885 0.559259 0.0179687 0.0351852
1 0.307813 0.488426 0.0145833 0.0185185
1 0.250781 0.902778 0.135417 0.194444
1 0.675 0.241204 0.0145833 0.0361111
1 0.125391 0.365972 0.0169271 0.0361111
1 0.613542 0.335185 0.00625 0.0194444
1 0.0672038 0.55787 0.0210612 0.0333333
1 0.613542 0.330556 0.00833333 0.0282407
1 0.674479 0.235648 0.0145833 0.0212963
0 0.676042 0.239352 0.0125 0.0287037
1 0.678125 0.234259 0.0125 0.0203704
0 0.392708 0.359028 0.009375 0.024537
1 0.607292 0.324074 0.0104167 0.0314815
0 0.605208 0.324537 0.00833333 0.0305556
1 0.307292 0.475463 0.0135417 0.0324074
0 0.158073 0.374537 0.0260417 0.0333333
0 0.121029 0.366667 0.0141927 0.0333333
2 0.251172 0.902778 0.135677 0.194444
0 0.676042 0.233565 0.0114583 0.0162037
1 0.10306 0.428472 0.00742187 0.012037
1 0.116081 0.36713 0.0196615 0.0388889
1 0.109766 0.93912 0.0125 0.025463
1 0.613542 0.336111 0.00833333 0.0166667
0 0.438542 0.665741 0.0739583 0.101852
0 0.28151 0.586574 0.0796875 0.0888889
0 0.24987 0.903704 0.133594 0.192593
1 0.605208 0.324537 0.00833333 0.0310185
0 0.0674642 0.564815 0.0286133 0.0481481
1 0.120964 0.366435 0.0140625 0.0333333
1 0.0672526 0.564815 0.0283854 0.0472222
1 0.392708 0.359722 0.009375 0.0231481
1 0.676042 0.233796 0.0114583 0.0157407
1 0.308333 0.47963 0.015625 0.0351852
1 0.309375 0.484259 0.0135417 0.025
1 0.309635 0.488426 0.0125 0.0185185
1 0.112174 0.932407 0.0183594 0.0222222
1 0.676042 0.237963 0.0125 0.0240741
0 0.147689 0.972222 0.0796224 0.0555556
1 0.0651693 0.560648 0.0174479 0.0287037
1 0.061263 0.556019 0.0152344 0.0296296
0 0.112109 0.935185 0.0184896 0.0277778
1 0.613542 0.333796 0.00625 0.0217593
1 0.066862 0.564815 0.016276 0.0287037
1 0.123177 0.367824 0.0106771 0.0310185
0 0.308333 0.47963 0.015625 0.0351852
1 0.356771 0.368519 0.00729167 0.0194444
1 0.111979 0.936111 0.01875 0.0314815
1 0.0619792 0.559259 0.0190104 0.037037
0 0.392708 0.359722 0.009375 0.0231481
1 0.307813 0.487037 0.0145833 0.0212963
1 0.0592448 0.553241 0.0139323 0.025
0 0.676042 0.233796 0.0114583 0.0157407
1 0.25026 0.902778 0.133854 0.194444
0 0.605208 0.324537 0.00833333 0.0310185
1 0.673958 0.234028 0.0145833 0.0189815
0 0.120964 0.366435 0.0140625 0.0337963
1 0.607813 0.324074 0.0104167 0.0314815
1 0.0699219 0.569907 0.0174479 0.0324074
1 0.307292 0.475463 0.0140625 0.0324074
1 0.10306 0.428704 0.00742187 0.0125
2 0.250521 0.903241 0.134896 0.193519
0 0.676042 0.237963 0.0125 0.0240741
1 0.113411 0.937037 0.0148437 0.0222222
3 0.250521 0.903704 0.134896 0.192593
1 0.6125 0.326389 0.0104167 0.0351852
1 0.281706 0.587037 0.0792969 0.0888889
0 0.308854 0.487037 0.0135417 0.0203704
1 0.678125 0.233796 0.0125 0.0185185
0 0.438542 0.665741 0.0739583 0.101852
0 0.28151 0.586574 0.0796875 0.0898148
0 0.250521 0.902778 0.134896 0.192593
1 0.605208 0.324537 0.00833333 0.0310185
0 0.0674316 0.564815 0.0281576 0.0472222
1 0.120833 0.366204 0.0138021 0.0333333
1 0.0671875 0.564815 0.0283854 0.0472222
1 0.308333 0.47963 0.015625 0.0351852
1 0.676042 0.233796 0.0104167 0.0157407
1 0.392708 0.359722 0.009375 0.0231481
1 0.309635 0.486111 0.0130208 0.0203704
1 0.11224 0.931481 0.0179687 0.0203704
0 0.11224 0.932407 0.0182292 0.0203704
1 0.309375 0.489815 0.0125 0.0157407
1 0.676042 0.238194 0.0125 0.025463
1 0.0652344 0.561111 0.0174479 0.0314815
1 0.0611328 0.556019 0.0154948 0.0296296
0 0.147428 0.972222 0.0801432 0.0555556
1 0.123307 0.367824 0.0101562 0.0305556
0 0.308333 0.47963 0.015625 0.0351852
0 0.111979 0.936806 0.01875 0.0300926
1 0.110742 0.935185 0.0158854 0.0277778
1 0.613542 0.334259 0.00625 0.0212963
1 0.356771 0.368056 0.00729167 0.0203704
0 0.392708 0.359722 0.009375 0.0231481
1 0.613542 0.332176 0.00833333 0.0226852
1 0.0614421 0.558796 0.0182617 0.0361111
1 0.0591146 0.553241 0.0136719 0.025
1 0.674479 0.234722 0.0145833 0.0199074
1 0.118359 0.364352 0.00963542 0.0296296
1 0.307813 0.487963 0.0140625 0.0203704
1 0.25026 0.902315 0.134896 0.193519
1 0.357292 0.365741 0.00833333 0.0259259
1 0.108659 0.940741 0.0104167 0.0222222
1 0.607813 0.324074 0.0114583 0.0314815
1 0.0684896 0.568519 0.0174479 0.0351852
1 0.611458 0.327778 0.00833333 0.0305556
0 0.108724 0.938657 0.0119792 0.0263889
1 0.439063 0.665741 0.0739583 0.101852
0 0.120964 0.366435 0.0138021 0.0328704
0 0.676042 0.233565 0.0114583 0.0157407
0 0.309115 0.487037 0.0135417 0.0203704
1 0.307031 0.475926 0.0135417 0.0333333
0 0.426042 0.868981 0.105208 0.206481
0 0.605208 0.324537 0.00833333 0.0310185
0 0.356771 0.368056 0.00729167 0.0203704
1 0.6125 0.326389 0.0114583 0.0351852
3 0.250521 0.902778 0.134896 0.192593
1 0.676042 0.231019 0.0125 0.0212963
0 0.28151 0.587037 0.0796875 0.0907407
0 0.438542 0.666204 0.0739583 0.102778
0 0.25013 0.902778 0.134115 0.192593
1 0.605208 0.324537 0.00833333 0.0310185
0 0.0671224 0.564815 0.0285156 0.0481481
1 0.120833 0.366435 0.0138021 0.0328704
1 0.0669922 0.564815 0.0285156 0.0462963
1 0.676042 0.233796 0.0114583 0.0157407
1 0.308594 0.47963 0.015625 0.0351852
1 0.392708 0.359722 0.009375 0.0231481
1 0.309375 0.483796 0.0135417 0.0259259
1 0.11224 0.931481 0.0182292 0.0203704
1 0.309635 0.487963 0.0130208 0.0185185
0 0.112109 0.932407 0.0182292 0.0222222
1 0.0650879 0.561111 0.0166992 0.0314815
1 0.0634115 0.558333 0.0166667 0.0296296
1 0.676042 0.237731 0.0125 0.0240741
1 0.0611816 0.556481 0.0156576 0.0296296
1 0.613542 0.334722 0.00625 0.0203704
1 0.111003 0.935185 0.0164062 0.0277778
1 0.117643 0.363194 0.00833333 0.0268519
1 0.613542 0.333333 0.00833333 0.0212963
1 0.123438 0.368056 0.00989583 0.0305556
0 0.147428 0.972222 0.0811849 0.0555556
0 0.111979 0.936806 0.01875 0.0300926
0 0.308333 0.47963 0.0161458 0.0351852
0 0.392708 0.359722 0.009375 0.0231481
1 0.0595052 0.554167 0.0143229 0.0268519
1 0.356771 0.368519 0.00729167 0.0194444
1 0.438802 0.665741 0.0739583 0.101852
1 0.24987 0.902778 0.134115 0.194444
1 0.674479 0.234722 0.0145833 0.0194444
1 0.108594 0.939815 0.0104167 0.0222222
1 0.0615885 0.560185 0.018099 0.037037
1 0.607292 0.324074 0.0104167 0.0314815
0 0.120964 0.366667 0.0138021 0.0324074
1 0.0682943 0.567593 0.0186198 0.037037
0 0.309375 0.487037 0.0135417 0.0203704
0 0.108724 0.936806 0.0119792 0.0263889
1 0.611979 0.329167 0.00833333 0.0291667
0 0.605208 0.324537 0.00833333 0.0310185
1 0.307813 0.487963 0.0140625 0.0203704
1 0.6125 0.32662 0.0114583 0.0356481
0 0.676042 0.233796 0.0114583 0.0152778
1 0.0259684 0.330556 0.00952148 0.0166667
0 0.356771 0.368519 0.00729167 0.0194444
0 0.108594 0.939815 0.0104167 0.0222222
0 0.28151 0.587037 0.0796875 0.0907407
0 0.438542 0.666204 0.0739583 0.102778
0 0.249349 0.903704 0.134115 0.192593
1 0.605208 0.324537 0.00833333 0.0310185
0 0.0670573 0.564352 0.0283854 0.0472222
1 0.0669271 0.564815 0.0285156 0.0462963
1 0.120833 0.366204 0.0135417 0.0333333
1 0.676042 0.233796 0.0104167 0.0157407
1 0.308333 0.47963 0.015625 0.0351852
1 0.309375 0.483333 0.0135417 0.0259259
1 0.392708 0.359722 0.009375 0.0226852
1 0.112174 0.931481 0.0182292 0.0203704
1 0.309375 0.4875 0.0135417 0.0194444
1 0.0649089 0.560648 0.0169271 0.0314815
0 0.112044 0.932407 0.0183594 0.0222222
1 0.676042 0.237963 0.0125 0.0240741
1 0.0610026 0.556481 0.015625 0.0296296
1 0.613542 0.335185 0.00625 0.0194444
1 0.438802 0.665741 0.0739583 0.101852
1 0.111458 0.935417 0.0174479 0.0291667
1 0.118099 0.363657 0.00911458 0.0277778
0 0.392708 0.359722 0.009375 0.0226852
1 0.613542 0.332407 0.00833333 0.0226852
0 0.147103 0.972222 0.0823568 0.0555556
0 0.111914 0.936111 0.0188802 0.0314815
0 0.308333 0.47963 0.0166667 0.0351852
1 0.356771 0.368519 0.00729167 0.0194444
1 0.123438 0.367824 0.0101562 0.0305556
1 0.0614583 0.560185 0.0179687 0.0361111
1 0.25026 0.902778 0.134896 0.194444
1 0.025944 0.330093 0.00963542 0.0166667
0 0.605208 0.324537 0.00833333 0.0310185
1 0.607292 0.324074 0.0114583 0.0314815
0 0.120964 0.366667 0.0138021 0.0324074
1 0.674479 0.234722 0.0145833 0.0194444
0 0.309115 0.487037 0.0135417 0.0203704
1 0.068099 0.567593 0.019401 0.037037
1 0.108724 0.937963 0.0109375 0.0259259
0 0.108919 0.937037 0.0126302 0.0296296
1 0.611979 0.326389 0.0125 0.0356481
0 0.676042 0.233796 0.0114583 0.0157407
0 0.356771 0.368519 0.00729167 0.0194444
0 0.28151 0.586574 0.0796875 0.0898148
0 0.438542 0.666204 0.0739583 0.102778
0 0.25026 0.902778 0.134896 0.194444
1 0.605208 0.324537 0.00833333 0.0310185
0 0.0669922 0.563889 0.0283854 0.0462963
1 0.120833 0.366204 0.0138021 0.0333333
1 0.0669434 0.563889 0.0286133 0.0462963
1 0.676042 0.233796 0.0114583 0.0157407
1 0.308333 0.47963 0.015625 0.0351852
1 0.392708 0.359491 0.009375 0.0226852
1 0.309115 0.485648 0.0140625 0.0231481
1 0.11224 0.931481 0.0179687 0.0203704
1 0.0648438 0.560185 0.0170573 0.0314815
0 0.112109 0.933102 0.0183594 0.0226852
1 0.676042 0.2375 0.0125 0.0231481
1 0.309375 0.489815 0.0125 0.0157407
1 0.0610514 0.556481 0.0156576 0.0296296
1 0.613542 0.335417 0.00625 0.0189815
1 0.438802 0.665741 0.0739583 0.101852
1 0.111784 0.935417 0.018099 0.0291667
0 0.392708 0.359722 0.009375 0.0222222
1 0.613542 0.332407 0.00833333 0.0226852
0 0.147396 0.971296 0.0828125 0.0574074
0 0.308333 0.47963 0.0166667 0.0351852
1 0.0613932 0.560185 0.0178385 0.0351852
1 0.356771 0.368287 0.00729167 0.0189815
1 0.0259196 0.330324 0.00961914 0.0162037
0 0.605208 0.324537 0.00833333 0.0310185
1 0.11849 0.364352 0.00989583 0.0296296
0 0.120964 0.366435 0.0138021 0.0328704
1 0.123177 0.367593 0.0106771 0.0305556
1 0.607292 0.324074 0.0104167 0.0314815
1 0.673958 0.234259 0.0145833 0.0185185
0 0.309115 0.485648 0.0140625 0.0231481
1 0.25 0.902778 0.134375 0.194444
1 0.0679687 0.567593 0.0197917 0.037037
1 0.109245 0.937037 0.0119792 0.0277778
0 0.109375 0.937037 0.0135417 0.0296296
1 0.611458 0.326389 0.0125 0.0356481
1 0.307813 0.487963 0.0135417 0.0203704
0 0.676042 0.233796 0.0114583 0.0157407
0 0.28151 0.586574 0.0796875 0.0898148
0 0.438542 0.666204 0.0739583 0.102778
0 0.24987 0.903704 0.133594 0.192593
1 0.605208 0.324537 0.00833333 0.0310185
0 0.066862 0.563889 0.0285156 0.0462963
1 0.0665202 0.563889 0.0281576 0.0462963
1 0.120833 0.366204 0.0138021 0.0333333
1 0.676042 0.233796 0.0114583 0.0157407
1 0.308333 0.47963 0.015625 0.0351852
1 0.392708 0.359491 0.009375 0.0226852
1 0.309115 0.484259 0.0140625 0.0259259
1 0.11224 0.931481 0.0182292 0.0203704
1 0.064974 0.560185 0.0173177 0.0333333
1 0.309375 0.488889 0.0135417 0.0185185
0 0.112109 0.933102 0.0184896 0.0226852
1 0.0611328 0.556481 0.016276 0.0305556
1 0.676042 0.2375 0.0125 0.0231481
1 0.438802 0.666204 0.0739583 0.102778
1 0.613542 0.33588 0.00625 0.0180556
1 0.111914 0.935417 0.0183594 0.0291667
0 0.147396 0.971296 0.0830729 0.0574074
1 0.613542 0.331944 0.00833333 0.0231481
1 0.356771 0.368287 0.00729167 0.0189815
0 0.308333 0.47963 0.015625 0.0351852
0 0.392708 0.359722 0.009375 0.0222222
1 0.122982 0.367593 0.0110677 0.0314815
0 0.605208 0.324537 0.00833333 0.0310185
1 0.0259033 0.330324 0.00965169 0.0162037
1 0.673958 0.234259 0.0145833 0.0185185
1 0.0679525 0.567593 0.0195638 0.037037
1 0.607292 0.324306 0.0104167 0.0319444
0 0.309115 0.484259 0.0140625 0.0259259
0 0.120964 0.366204 0.0138021 0.0333333
1 0.24974 0.903241 0.133854 0.193519
1 0.109505 0.937037 0.0125 0.0277778
0 0.109505 0.937037 0.0138021 0.0296296
1 0.611458 0.326389 0.0125 0.0356481
2 0.438802 0.666204 0.0739583 0.102778
1 0.0626465 0.560185 0.0210612 0.0388889
1 0.0720703 0.566667 0.0186198 0.0351852
1 0.11875 0.365278 0.0108073 0.0314815
1 0.307552 0.487037 0.0140625 0.0222222
0 0.356771 0.368287 0.00729167 0.0189815
0 0.28151 0.586574 0.0796875 0.0898148
0 0.438542 0.666204 0.0739583 0.102778
0 0.24974 0.903704 0.133854 0.192593
1 0.605208 0.324537 0.00833333 0.0310185
0 0.0667969 0.563889 0.0285156 0.0472222
1 0.0664714 0.563889 0.0282552 0.0462963
1 0.120833 0.366204 0.0138021 0.0333333
1 0.676042 0.233796 0.0114583 0.0157407
1 0.308594 0.47963 0.015625 0.0351852
1 0.392708 0.359722 0.009375 0.0231481
1 0.11224 0.932407 0.0182292 0.0203704
1 0.309375 0.487037 0.0135417 0.0203704
1 0.0651042 0.560185 0.0174479 0.0333333
0 0.112109 0.933102 0.0184896 0.0226852
1 0.0610514 0.556481 0.0161784 0.0305556
1 0.676042 0.2375 0.0125 0.0231481
1 0.309375 0.489815 0.0125 0.0157407
1 0.111979 0.935417 0.0184896 0.0291667
1 0.438542 0.666204 0.0739583 0.102778
1 0.613542 0.33588 0.00625 0.0180556
0 0.147526 0.972222 0.0833333 0.0555556
1 0.122982 0.367593 0.0110677 0.0314815
1 0.613542 0.331481 0.00833333 0.0236111
1 0.356771 0.368056 0.00729167 0.0194444
0 0.308333 0.47963 0.015625 0.0351852
1 0.068099 0.567593 0.0188802 0.037037
0 0.392708 0.359491 0.009375 0.0231481
1 0.0259196 0.330324 0.00961914 0.0162037
0 0.605208 0.324537 0.00833333 0.0314815
1 0.109896 0.937037 0.0132813 0.0277778
1 0.673958 0.234259 0.0145833 0.0180556
1 0.676042 0.241204 0.0114583 0.0324074
1 0.607292 0.324306 0.0114583 0.0319444
0 0.120964 0.366204 0.0138021 0.0333333
1 0.25 0.902778 0.133854 0.194444
0 0.109505 0.937037 0.0140625 0.0296296
1 0.611458 0.326157 0.0125 0.0356481
1 0.0638021 0.553704 0.0231771 0.0314815
2 0.438542 0.666204 0.0739583 0.102778
1 0.071875 0.566667 0.01875 0.0351852
0 0.28151 0.586574 0.0796875 0.0898148
0 0.438542 0.666204 0.0739583 0.102778
0 0.24987 0.903704 0.133594 0.192593
1 0.605208 0.324537 0.00833333 0.0310185
0 0.0667318 0.563889 0.0285156 0.0462963
1 0.0664714 0.563889 0.0283854 0.0462963
1 0.120833 0.366204 0.0138021 0.0333333
1 0.308594 0.47963 0.015625 0.0351852
1 0.676042 0.233796 0.0114583 0.0157407
1 0.392708 0.359491 0.009375 0.0231481
1 0.11224 0.932407 0.0182292 0.0203704
1 0.309375 0.487037 0.0135417 0.0203704
1 0.0652181 0.560185 0.0174805 0.0333333
0 0.112109 0.933102 0.0184896 0.0226852
1 0.0611979 0.556481 0.0164062 0.0314815
1 0.676042 0.2375 0.0125 0.0231481
1 0.309375 0.489815 0.0125 0.0157407
1 0.111979 0.935417 0.0184896 0.0291667
1 0.613542 0.33588 0.00625 0.0180556
1 0.438542 0.666204 0.0739583 0.102778
0 0.147526 0.972222 0.0835937 0.0555556
1 0.122982 0.367361 0.0110677 0.0314815
1 0.613542 0.331481 0.00833333 0.0236111
1 0.356771 0.368056 0.00729167 0.0194444
0 0.308333 0.47963 0.015625 0.0351852
1 0.0679036 0.567593 0.01875 0.037037
0 0.110677 0.937268 0.0151042 0.0291667
1 0.676042 0.241204 0.0114583 0.0324074
0 0.392708 0.359722 0.009375 0.0231481
0 0.605208 0.324537 0.00833333 0.0314815
1 0.025944 0.330556 0.00957031 0.0157407
1 0.673958 0.234259 0.0145833 0.0180556
1 0.24987 0.902778 0.133594 0.194444
1 0.607292 0.324306 0.0114583 0.0319444
0 0.120964 0.366435 0.0138021 0.0333333
1 0.0638021 0.553704 0.0231771 0.0314815
1 0.611458 0.326157 0.0125 0.0356481
0 0.356771 0.368056 0.00729167 0.0194444
1 0.0717448 0.566667 0.01875 0.0351852
2 0.438542 0.666204 0.0739583 0.102778
0 0.28151 0.586574 0.0796875 0.0898148
0 0.438542 0.666204 0.0739583 0.102778
0 0.24987 0.903704 0.133594 0.192593
1 0.605208 0.324537 0.00833333 0.0310185
0 0.0667318 0.563889 0.0285156 0.0462963
1 0.0664062 0.563889 0.028125 0.0462963
1 0.120898 0.366204 0.0139323 0.0333333
1 0.308594 0.47963 0.015625 0.0351852
1 0.676042 0.233796 0.0104167 0.0152778
1 0.392708 0.359491 0.009375 0.0231481
1 0.11224 0.932407 0.0182292 0.0203704
1 0.0651693 0.560185 0.0177083 0.0333333
1 0.309375 0.487037 0.0135417 0.0203704
0 0.112109 0.933102 0.0183594 0.0226852
1 0.0611979 0.556019 0.0161458 0.0305556
1 0.676042 0.237731 0.0125 0.0236111
1 0.309115 0.489815 0.0125 0.0157407
1 0.111979 0.935417 0.0184896 0.0291667
1 0.613542 0.336111 0.00625 0.0175926
1 0.438542 0.666204 0.0739583 0.102778
0 0.147656 0.972222 0.0833333 0.0555556
1 0.613542 0.331481 0.00729167 0.0240741
1 0.122982 0.367593 0.0110677 0.0314815
1 0.356771 0.368056 0.00729167 0.0194444
1 0.0654948 0.557407 0.0229167 0.0342593
0 0.308333 0.47963 0.015625 0.0351852
0 0.111198 0.937037 0.0161458 0.0296296
1 0.0676432 0.56713 0.0190104 0.037963
1 0.676042 0.241204 0.0114583 0.0324074
1 0.0634766 0.553704 0.0223958 0.0314815
0 0.392708 0.359722 0.009375 0.0231481
0 0.605208 0.324537 0.009375 0.0314815
1 0.673958 0.234259 0.0145833 0.0180556
1 0.0259196 0.330556 0.00961914 0.0157407
1 0.24974 0.902778 0.133854 0.194444
1 0.607292 0.324537 0.0114583 0.0314815
0 0.120964 0.366435 0.0138021 0.0333333
1 0.611458 0.326157 0.0125 0.0356481
0 0.356771 0.368056 0.00729167 0.0194444
1 0.0717448 0.565741 0.0190104 0.0361111
0 0.28151 0.586574 0.0796875 0.0898148
0 0.438542 0.665741 0.0739583 0.101852
0 0.24987 0.903241 0.133594 0.193519
1 0.605208 0.324537 0.00833333 0.0310185
0 0.0667318 0.563889 0.0285156 0.0462963
1 0.0664062 0.563889 0.028125 0.0462963
1 0.120898 0.366204 0.0139323 0.0333333
1 0.676042 0.233796 0.0104167 0.0152778
1 0.308594 0.47963 0.015625 0.0351852
1 0.392708 0.359491 0.009375 0.0231481
1 0.112174 0.932407 0.0183594 0.0203704
1 0.0631348 0.557407 0.0195638 0.0333333
1 0.309375 0.487037 0.0135417 0.0203704
1 0.0652995 0.560648 0.0191406 0.0333333
0 0.112109 0.933102 0.0184896 0.0226852
1 0.309115 0.489815 0.0125 0.0157407
1 0.676042 0.237963 0.0125 0.0240741
1 0.112044 0.935417 0.0186198 0.0291667
1 0.0609375 0.555556 0.0164062 0.0277778
1 0.613542 0.337269 0.00625 0.0148148
1 0.438802 0.666204 0.0739583 0.102778
1 0.123047 0.367593 0.0109375 0.0314815
0 0.147786 0.972222 0.0833333 0.0555556
1 0.613542 0.331019 0.00833333 0.0240741
1 0.356771 0.368056 0.00729167 0.0194444
0 0.111458 0.937037 0.0169271 0.0296296
0 0.308333 0.47963 0.015625 0.0351852
0 0.392708 0.359259 0.009375 0.0231481
1 0.0675618 0.566667 0.019043 0.0388889
1 0.673958 0.234259 0.0145833 0.0180556
1 0.025944 0.330556 0.00963542 0.0157407
0 0.605208 0.324537 0.009375 0.0314815
1 0.25 0.902778 0.133854 0.194444
0 0.120964 0.366435 0.0138021 0.0333333
1 0.0658203 0.553704 0.025651 0.037037
0 0.356771 0.368056 0.00729167 0.0194444
1 0.607292 0.324537 0.0114583 0.0314815
1 0.611458 0.326157 0.0125 0.0356481
1 0.0595052 0.552315 0.0151042 0.0259259
1 0.110417 0.929398 0.0158854 0.0189815
<<<<<<< HEAD
0 0.28151 0.586574 0.0796875 0.0898148
0 0.438542 0.665741 0.0739583 0.101852
0 0.25 0.903241 0.133854 0.193519
1 0.605208 0.324537 0.00833333 0.0310185
0 0.0667318 0.563889 0.0285156 0.0462963
1 0.120898 0.366204 0.0139323 0.0333333
1 0.0663411 0.563889 0.028125 0.0462963
1 0.676042 0.233796 0.0104167 0.0152778
1 0.308594 0.47963 0.015625 0.0351852
1 0.392708 0.359259 0.009375 0.0231481
1 0.11224 0.931713 0.0184896 0.0217593
1 0.0631348 0.557407 0.0195638 0.0333333
1 0.309375 0.486574 0.0135417 0.0212963
1 0.0653646 0.560648 0.0192708 0.0333333
0 0.112109 0.933333 0.0184896 0.0240741
1 0.309115 0.489815 0.0125 0.0166667
1 0.676042 0.237963 0.0125 0.0240741
1 0.0610026 0.555556 0.0165365 0.0277778
1 0.613542 0.3375 0.00625 0.0148148
1 0.438802 0.666204 0.0739583 0.102778
0 0.147786 0.972222 0.0830729 0.0555556
1 0.112109 0.936111 0.01875 0.0314815
1 0.356771 0.368287 0.00729167 0.0194444
1 0.613542 0.331019 0.00833333 0.0240741
1 0.123112 0.367593 0.0110677 0.0314815
0 0.308333 0.47963 0.015625 0.0351852
0 0.392708 0.359259 0.009375 0.0231481
0 0.110156 0.937037 0.015625 0.0296296
1 0.0674479 0.56713 0.0192708 0.0388889
1 0.673958 0.234722 0.0145833 0.0194444
1 0.25013 0.902778 0.134115 0.194444
1 0.0259033 0.330324 0.00965169 0.0162037
0 0.605208 0.324537 0.009375 0.0314815
1 0.0656901 0.553704 0.0253906 0.037037
0 0.120833 0.366204 0.0138021 0.0342593
0 0.356771 0.368287 0.00729167 0.0194444
1 0.0595703 0.552315 0.0152344 0.0259259
1 0.607292 0.324537 0.0104167 0.0314815
3 0.25026 0.903241 0.134375 0.193519
1 0.0714844 0.565741 0.0192708 0.037037
0 0.28151 0.586574 0.0796875 0.0898148
0 0.438542 0.666204 0.0739583 0.102778
0 0.25013 0.903241 0.134115 0.193519
1 0.605208 0.324537 0.00833333 0.0310185
0 0.0666829 0.563889 0.0286133 0.0462963
1 0.120898 0.366204 0.0139323 0.0337963
1 0.676042 0.233796 0.0104167 0.0152778
1 0.308594 0.47963 0.015625 0.0351852
1 0.0666667 0.563889 0.0286458 0.0462963
1 0.392708 0.359259 0.009375 0.0231481
1 0.11224 0.931713 0.0184896 0.0217593
1 0.0632161 0.557407 0.0195312 0.0333333
1 0.0653483 0.560185 0.0193034 0.0333333
1 0.309375 0.486111 0.0135417 0.0222222
0 0.112109 0.933333 0.0184896 0.0240741
1 0.309115 0.489815 0.0125 0.0166667
1 0.676042 0.237963 0.0125 0.0240741
1 0.0610677 0.556019 0.0166667 0.0287037
1 0.613542 0.337269 0.00625 0.0152778
1 0.112109 0.936111 0.0186198 0.0314815
1 0.123112 0.367361 0.0110677 0.0314815
1 0.356771 0.368287 0.00729167 0.0194444
1 0.438542 0.666204 0.0739583 0.102778
0 0.147786 0.972222 0.0830729 0.0555556
1 0.613542 0.33125 0.00833333 0.0240741
1 0.0672526 0.55787 0.0255208 0.037963
0 0.308073 0.47963 0.0161458 0.0351852
0 0.392708 0.359259 0.009375 0.0236111
0 0.110286 0.937037 0.0153646 0.0296296
1 0.0674316 0.56713 0.019043 0.0388889
1 0.25026 0.902778 0.134375 0.194444
1 0.673958 0.234954 0.0145833 0.0199074
1 0.025944 0.330324 0.00976562 0.0162037
0 0.605208 0.324537 0.009375 0.0314815
0 0.356771 0.368287 0.00729167 0.0194444
0 0.120898 0.366204 0.0139323 0.0342593
1 0.0597819 0.552778 0.0155924 0.0259259
3 0.250521 0.903241 0.134896 0.193519
1 0.607292 0.324537 0.0104167 0.0314815
2 0.25026 0.902778 0.134375 0.194444
1 0.611458 0.326389 0.0135417 0.0361111
1 0.116927 0.365741 0.0151042 0.0347222
0 0.28151 0.586574 0.0796875 0.0898148
0 0.438542 0.665741 0.0739583 0.101852
0 0.25013 0.903241 0.134115 0.193519
1 0.605208 0.324537 0.00833333 0.0310185
0 0.0666667 0.563889 0.0285156 0.0462963
1 0.120964 0.366204 0.0140625 0.0337963
1 0.676042 0.233796 0.0104167 0.0152778
1 0.308594 0.47963 0.015625 0.0351852
1 0.0664714 0.563889 0.0282552 0.0462963
1 0.392708 0.359259 0.009375 0.0236111
1 0.11224 0.931713 0.0184896 0.0217593
1 0.0648275 0.557407 0.0216471 0.0333333
1 0.0657389 0.561574 0.0177409 0.0333333
1 0.309375 0.486111 0.0135417 0.0222222
0 0.112109 0.933333 0.0184896 0.0240741
1 0.0616536 0.556481 0.0167969 0.0314815
1 0.309115 0.489352 0.0125 0.0166667
1 0.676042 0.2375 0.0125 0.0231481
1 0.0623698 0.560185 0.0204427 0.0388889
1 0.613542 0.337269 0.00625 0.0152778
1 0.123177 0.367593 0.0109375 0.0314815
1 0.112109 0.936111 0.0186198 0.0314815
1 0.356771 0.368287 0.00729167 0.0194444
0 0.147786 0.972222 0.0828125 0.0555556
1 0.438542 0.665741 0.0739583 0.101852
1 0.613542 0.331019 0.00833333 0.0240741
0 0.110091 0.937037 0.014974 0.0296296
0 0.308073 0.47963 0.0161458 0.0351852
0 0.392708 0.359259 0.009375 0.0236111
1 0.25026 0.902778 0.134896 0.194444
1 0.0673828 0.566667 0.0190104 0.0388889
1 0.673958 0.234722 0.0145833 0.0194444
0 0.356771 0.368287 0.00729167 0.0194444
1 0.0598307 0.552778 0.0157552 0.0268519
1 0.0259766 0.330093 0.00976562 0.0166667
0 0.605208 0.324537 0.009375 0.0314815
0 0.120898 0.366204 0.0139323 0.0342593
3 0.250521 0.902778 0.134896 0.194444
1 0.607292 0.324537 0.0104167 0.0314815
2 0.25026 0.902778 0.134896 0.194444
1 0.116927 0.365741 0.014974 0.0347222
0 0.28151 0.587037 0.0796875 0.0888889
0 0.438542 0.665741 0.0739583 0.101852
0 0.25026 0.903241 0.134375 0.193519
1 0.605208 0.324537 0.00833333 0.0314815
0 0.0666016 0.562963 0.0285156 0.0462963
1 0.120964 0.366204 0.0140625 0.0342593
1 0.676042 0.233796 0.0104167 0.0152778
1 0.308333 0.47963 0.015625 0.0351852
1 0.0664714 0.563426 0.0282552 0.0453704
1 0.392708 0.359259 0.009375 0.0236111
1 0.11224 0.931713 0.0184896 0.0217593
1 0.0649089 0.557407 0.0217448 0.0333333
1 0.0656901 0.561111 0.0178385 0.0333333
1 0.309375 0.486111 0.0135417 0.0222222
1 0.061735 0.556481 0.0168945 0.0314815
0 0.112109 0.933333 0.0184896 0.0240741
1 0.309115 0.489352 0.0125 0.0166667
1 0.676042 0.2375 0.0125 0.0231481
1 0.0624349 0.560185 0.0205729 0.0388889
1 0.112109 0.936111 0.01875 0.0314815
1 0.613542 0.337037 0.00625 0.0157407
1 0.123177 0.367361 0.0109375 0.0314815
1 0.0630371 0.554167 0.021582 0.0314815
0 0.147624 0.972222 0.0828776 0.0555556
1 0.356771 0.368287 0.00729167 0.0194444
1 0.438542 0.665741 0.0739583 0.101852
1 0.613542 0.32963 0.00833333 0.0305556
1 0.250521 0.902778 0.134896 0.194444
0 0.110026 0.937037 0.0148437 0.0296296
0 0.308073 0.47963 0.0161458 0.0351852
0 0.392708 0.359259 0.009375 0.0236111
1 0.0671875 0.566667 0.0192708 0.0388889
1 0.673958 0.234954 0.0145833 0.0199074
1 0.0598796 0.552778 0.015918 0.0277778
3 0.250651 0.902778 0.135156 0.194444
0 0.605208 0.324537 0.009375 0.0314815
1 0.0259766 0.330324 0.00983073 0.0166667
1 0.607292 0.324537 0.0104167 0.0314815
0 0.356771 0.368287 0.00729167 0.0194444
0 0.120898 0.365972 0.0139323 0.0342593
2 0.250651 0.902778 0.135156 0.194444
1 0.125 0.365741 0.0140625 0.0351852
1 0.116862 0.365741 0.014974 0.0351852
0 0.28151 0.587037 0.0796875 0.0888889
0 0.438542 0.665741 0.0739583 0.101852
0 0.25026 0.903241 0.134375 0.193519
1 0.605208 0.324537 0.00833333 0.0314815
0 0.0665365 0.562963 0.0285156 0.0462963
1 0.120898 0.365972 0.0139323 0.0342593
1 0.308333 0.47963 0.015625 0.0351852
1 0.676042 0.233796 0.0104167 0.0157407
1 0.392708 0.359259 0.009375 0.0236111
1 0.0664714 0.563889 0.0282552 0.0462963
1 0.11224 0.931713 0.0184896 0.0217593
1 0.064974 0.557407 0.021875 0.0333333
1 0.065625 0.561111 0.0179687 0.0333333
1 0.309375 0.486111 0.0135417 0.0222222
1 0.0617839 0.556481 0.0170573 0.0314815
0 0.112109 0.933333 0.0184896 0.0240741
1 0.309115 0.488889 0.0125 0.0166667
1 0.676042 0.2375 0.0125 0.0231481
1 0.0625 0.560185 0.0208333 0.0398148
1 0.0630859 0.554167 0.0216146 0.0314815
1 0.123112 0.36713 0.0113281 0.0314815
1 0.613542 0.337037 0.00625 0.0157407
1 0.112109 0.936111 0.0184896 0.0314815
0 0.147689 0.972222 0.0827474 0.0555556
1 0.250651 0.902778 0.135156 0.194444
1 0.438542 0.665741 0.0739583 0.101852
1 0.356771 0.368287 0.00729167 0.0194444
1 0.613542 0.32963 0.00833333 0.0314815
0 0.392708 0.359259 0.009375 0.0240741
0 0.110091 0.937037 0.0148437 0.0296296
0 0.308073 0.47963 0.0161458 0.0351852
1 0.0669922 0.566667 0.0196615 0.0388889
2 0.250651 0.902778 0.135156 0.194444
1 0.673958 0.234954 0.0145833 0.0199074
3 0.250651 0.902778 0.135156 0.194444
1 0.0600423 0.552778 0.0161133 0.0277778
0 0.605208 0.324537 0.009375 0.0314815
1 0.307552 0.485648 0.0145833 0.025
1 0.607292 0.324537 0.0104167 0.0314815
1 0.0260091 0.330324 0.00983073 0.0166667
0 0.120898 0.365972 0.0139323 0.0342593
0 0.356771 0.368287 0.00729167 0.0194444
1 0.125 0.365741 0.0138021 0.0351852
1 0.116862 0.365278 0.014974 0.0351852
1 0.122982 0.359028 0.0154948 0.0481481
1 0.304948 0.47963 0.021875 0.0351852
0 0.28151 0.587037 0.0796875 0.0888889
0 0.438542 0.665741 0.0739583 0.101852
0 0.25026 0.902778 0.134896 0.194444
1 0.605208 0.324537 0.00833333 0.0314815
0 0.0665365 0.562963 0.0285156 0.0462963
1 0.120898 0.365741 0.0139323 0.0342593
1 0.308333 0.47963 0.015625 0.0351852
1 0.676042 0.233796 0.0104167 0.0157407
1 0.392708 0.359259 0.009375 0.0240741
1 0.0664225 0.563426 0.0283529 0.0453704
1 0.0649089 0.557407 0.021875 0.0333333
1 0.112109 0.931713 0.0184896 0.0217593
1 0.309375 0.485185 0.0135417 0.0240741
1 0.0654948 0.561111 0.018099 0.0342593
0 0.112109 0.933333 0.0184896 0.0240741
1 0.308854 0.488889 0.0125 0.0166667
1 0.0613932 0.556481 0.0171875 0.0296296
1 0.676042 0.2375 0.0125 0.0231481
1 0.0625651 0.560185 0.0209635 0.0398148
1 0.438542 0.665741 0.0739583 0.101852
1 0.613542 0.337037 0.00625 0.0157407
1 0.112109 0.936111 0.0184896 0.0314815
1 0.250521 0.902778 0.135417 0.194444
0 0.147624 0.972222 0.0823568 0.0555556
1 0.123112 0.36713 0.0115885 0.0324074
1 0.356771 0.368287 0.00729167 0.0194444
1 0.613542 0.32963 0.00833333 0.0310185
0 0.392708 0.359259 0.009375 0.0240741
0 0.308073 0.47963 0.0161458 0.0351852
0 0.110026 0.937037 0.0145833 0.0296296
2 0.250521 0.902778 0.135417 0.194444
1 0.673958 0.235185 0.0145833 0.0203704
3 0.250521 0.902778 0.135417 0.194444
1 0.125 0.365509 0.0140625 0.0356481
0 0.605208 0.324537 0.009375 0.0314815
1 0.123047 0.358796 0.0151042 0.0481481
1 0.116797 0.365278 0.0151042 0.0356481
1 0.0669922 0.566667 0.0200521 0.0388889
1 0.607292 0.324537 0.0104167 0.0314815
0 0.120898 0.365741 0.0139323 0.0342593
1 0.357031 0.36713 0.00885417 0.0231481
1 0.304948 0.47963 0.021875 0.0351852
0 0.28151 0.587037 0.0796875 0.0888889
0 0.438542 0.665741 0.0739583 0.101852
0 0.250521 0.902778 0.134896 0.194444
1 0.605208 0.324537 0.00833333 0.0314815
0 0.0664714 0.562963 0.0285156 0.0462963
1 0.120898 0.365741 0.0139323 0.0347222
1 0.308333 0.47963 0.015625 0.0351852
1 0.676042 0.233796 0.0104167 0.0157407
1 0.392708 0.359259 0.009375 0.0240741
1 0.0661621 0.562963 0.0273112 0.0444444
1 0.0647135 0.557407 0.0216146 0.0333333
1 0.112109 0.931713 0.0183594 0.0217593
1 0.0654948 0.561111 0.0182292 0.0351852
1 0.309115 0.484259 0.0140625 0.0259259
0 0.112109 0.933333 0.0184896 0.0240741
1 0.309375 0.487963 0.0125 0.0194444
1 0.0614583 0.556481 0.0174479 0.0296296
1 0.0622233 0.560185 0.0203451 0.0388889
1 0.676042 0.237731 0.0125 0.0236111
1 0.438802 0.665741 0.0739583 0.101852
1 0.613542 0.337037 0.00625 0.0157407
1 0.112109 0.936111 0.0184896 0.0314815
1 0.250521 0.902778 0.135417 0.194444
0 0.147689 0.973148 0.0822266 0.0537037
1 0.613542 0.32963 0.00833333 0.0305556
1 0.123047 0.366667 0.0119792 0.0324074
1 0.356771 0.368519 0.00729167 0.0194444
0 0.392708 0.359259 0.009375 0.0240741
1 0.6125 0.329167 0.00833333 0.0268519
2 0.250521 0.902778 0.135417 0.194444
3 0.250521 0.902778 0.135417 0.194444
0 0.308854 0.480556 0.0145833 0.0333333
1 0.125 0.365278 0.0140625 0.0361111
1 0.123047 0.358796 0.0151042 0.0490741
1 0.673958 0.235185 0.0145833 0.0194444
0 0.110026 0.937037 0.0147135 0.0296296
1 0.116862 0.365278 0.0151042 0.0361111
1 0.613542 0.336806 0.00729167 0.0194444
1 0.607292 0.324537 0.0104167 0.0319444
0 0.605208 0.324537 0.00833333 0.0314815
2 0.438802 0.665741 0.0739583 0.101852
0 0.120898 0.365741 0.0139323 0.0347222
1 0.067041 0.566667 0.0198242 0.0388889
0 0.28151 0.587037 0.0796875 0.0898148
0 0.438542 0.665741 0.0739583 0.101852
0 0.250651 0.902778 0.135677 0.194444
1 0.605208 0.324537 0.00833333 0.0314815
0 0.0664714 0.562963 0.0285156 0.0462963
1 0.120898 0.365741 0.0139323 0.0351852
1 0.308333 0.47963 0.015625 0.0351852
1 0.676042 0.233796 0.0104167 0.0157407
1 0.392708 0.359259 0.009375 0.0240741
1 0.066276 0.562963 0.0273438 0.0444444
1 0.0647135 0.557407 0.0216146 0.0342593
1 0.112109 0.931713 0.0184896 0.0217593
1 0.309115 0.483796 0.0140625 0.0268519
1 0.439063 0.665741 0.0739583 0.101852
0 0.112109 0.933333 0.0184896 0.0240741
1 0.309375 0.487963 0.0125 0.0194444
1 0.0610677 0.555556 0.0175781 0.0314815
1 0.676042 0.2375 0.0125 0.0231481
1 0.0623047 0.560185 0.0205729 0.0388889
1 0.123177 0.366667 0.0119792 0.0328704
1 0.613542 0.337037 0.00625 0.0157407
1 0.250781 0.902315 0.135937 0.193519
1 0.112109 0.936111 0.0184896 0.0314815
0 0.147526 0.973148 0.0820312 0.0537037
1 0.613542 0.32963 0.00833333 0.0305556
3 0.250781 0.902315 0.135937 0.193519
1 0.123047 0.358333 0.0151042 0.05
1 0.125 0.365278 0.0140625 0.0361111
0 0.392708 0.359259 0.009375 0.0240741
2 0.250781 0.902315 0.135937 0.193519
2 0.439063 0.665741 0.0739583 0.101852
1 0.356771 0.368519 0.00729167 0.0194444
0 0.308854 0.480093 0.0145833 0.0342593
1 0.116797 0.365046 0.0151042 0.0365741
1 0.673958 0.234954 0.0145833 0.0194444
1 0.0649577 0.565741 0.0187826 0.0407407
1 0.607292 0.324537 0.0104167 0.0319444
0 0.109896 0.937037 0.0145833 0.0296296
1 0.613542 0.336343 0.00833333 0.0208333
0 0.605208 0.324537 0.00833333 0.0314815
1 0.120964 0.348611 0.0169271 0.0703704
0 0.120898 0.365741 0.0139323 0.0351852
0 0.28151 0.587037 0.0796875 0.0898148
0 0.250781 0.902778 0.135937 0.194444
0 0.438542 0.665741 0.0739583 0.101852
1 0.605208 0.324537 0.00833333 0.0314815
0 0.0664225 0.562963 0.0286133 0.0462963
1 0.120964 0.365509 0.0140625 0.0351852
1 0.308333 0.47963 0.015625 0.0351852
1 0.676042 0.233796 0.0104167 0.0157407
1 0.392708 0.359259 0.009375 0.0240741
1 0.066276 0.562963 0.027474 0.0444444
1 0.0646973 0.557407 0.0216471 0.0342593
1 0.112109 0.931713 0.0184896 0.0217593
1 0.439063 0.666204 0.0739583 0.102778
1 0.0611979 0.556019 0.0177083 0.0314815
1 0.309375 0.487963 0.0125 0.0194444
1 0.308854 0.485185 0.0135417 0.0259259
0 0.112109 0.933333 0.0184896 0.0240741
1 0.676042 0.2375 0.0125 0.0231481
1 0.123177 0.366667 0.0119792 0.0333333
1 0.613542 0.335648 0.00625 0.0185185
1 0.250781 0.902315 0.135937 0.193519
2 0.439063 0.666204 0.0739583 0.102778
1 0.123047 0.357407 0.0151042 0.0509259
1 0.124935 0.364815 0.0141927 0.037037
1 0.309896 0.481481 0.0125 0.0296296
1 0.112109 0.936111 0.0186198 0.0314815
3 0.250781 0.902315 0.135937 0.193519
0 0.147428 0.974074 0.0822266 0.0518519
1 0.613542 0.329398 0.00833333 0.0310185
2 0.250781 0.902315 0.135937 0.193519
0 0.392708 0.359259 0.009375 0.0240741
1 0.116862 0.365046 0.0152344 0.037037
0 0.308854 0.480093 0.0145833 0.0342593
1 0.673958 0.234722 0.0145833 0.0194444
1 0.356771 0.368519 0.00729167 0.0194444
1 0.120964 0.349074 0.0169271 0.0699074
1 0.0649089 0.565741 0.0188802 0.0407407
1 0.607292 0.324537 0.0104167 0.0319444
0 0.605208 0.324537 0.00833333 0.0314815
0 0.120964 0.365509 0.0140625 0.0351852
1 0.120964 0.359722 0.0148437 0.0476852
0 0.28151 0.587037 0.0791667 0.0907407
0 0.250781 0.902778 0.135937 0.194444
0 0.438542 0.665741 0.0739583 0.101852
1 0.605208 0.324537 0.00833333 0.0314815
0 0.06639 0.562963 0.0286784 0.0462963
1 0.120833 0.365509 0.0143229 0.0356481
1 0.308333 0.47963 0.015625 0.0351852
1 0.676042 0.233796 0.0104167 0.0157407
1 0.392708 0.359259 0.009375 0.0240741
1 0.0646484 0.557407 0.021875 0.0342593
1 0.0665365 0.563889 0.028776 0.0462963
1 0.112109 0.931713 0.0184896 0.0217593
1 0.438542 0.665741 0.0739583 0.101852
1 0.061263 0.556481 0.0179687 0.0314815
1 0.309375 0.487963 0.0135417 0.0203704
1 0.676042 0.2375 0.0125 0.0231481
1 0.123177 0.366667 0.0122396 0.0333333
0 0.112109 0.933333 0.0184896 0.0240741
1 0.0624349 0.560185 0.0209635 0.0407407
2 0.439063 0.665741 0.0739583 0.101852
1 0.123177 0.356944 0.0151042 0.0518519
1 0.12487 0.364815 0.0143229 0.037963
1 0.250911 0.902315 0.136198 0.193519
3 0.250911 0.902315 0.136198 0.193519
1 0.613542 0.335185 0.00625 0.0194444
1 0.309896 0.481481 0.0125 0.0287037
1 0.112109 0.936111 0.0186198 0.0314815
1 0.116927 0.364815 0.0153646 0.037963
2 0.250911 0.902315 0.136198 0.193519
1 0.613542 0.329167 0.00833333 0.0314815
0 0.392708 0.359259 0.009375 0.0240741
1 0.121094 0.349537 0.0169271 0.0689815
0 0.147396 0.974074 0.0820312 0.0518519
0 0.308854 0.47963 0.0145833 0.0351852
1 0.673958 0.234954 0.0145833 0.0194444
1 0.611458 0.327778 0.00833333 0.0287037
1 0.356771 0.368519 0.00729167 0.0194444
1 0.119206 0.357407 0.016276 0.0509259
1 0.607292 0.324537 0.0104167 0.0319444
0 0.605208 0.324537 0.00833333 0.0314815
0 0.120964 0.365278 0.0140625 0.0351852
0 0.28151 0.587037 0.0791667 0.0907407
0 0.250781 0.902778 0.136458 0.194444
1 0.605208 0.324537 0.00833333 0.0314815
0 0.438542 0.665741 0.0739583 0.101852
0 0.0664062 0.563426 0.028776 0.0472222
1 0.120833 0.365278 0.0143229 0.0361111
1 0.308333 0.47963 0.015625 0.0351852
1 0.676042 0.233796 0.0104167 0.0157407
1 0.392448 0.359259 0.009375 0.0240741
1 0.0647298 0.557407 0.0218424 0.0351852
1 0.0665365 0.563889 0.0289063 0.0462963
1 0.438542 0.665741 0.0739583 0.101852
1 0.122917 0.36412 0.0140625 0.0388889
1 0.112109 0.931713 0.0184896 0.0217593
1 0.0613444 0.556481 0.0181966 0.0324074
1 0.309375 0.487963 0.0135417 0.0203704
1 0.676042 0.2375 0.0125 0.0231481
2 0.439063 0.665741 0.0739583 0.101852
0 0.112109 0.933333 0.0184896 0.0240741
1 0.123112 0.356481 0.0152344 0.0537037
1 0.0625 0.560648 0.0210938 0.0407407
1 0.125781 0.365741 0.0132813 0.0361111
1 0.120703 0.359028 0.0151042 0.0490741
3 0.250911 0.901852 0.136198 0.194444
1 0.250911 0.901852 0.136198 0.194444
1 0.309896 0.481481 0.0125 0.0277778
1 0.116927 0.364352 0.015625 0.0384259
1 0.121094 0.349537 0.0169271 0.0689815
1 0.613542 0.335185 0.00625 0.0194444
2 0.250911 0.901852 0.136198 0.194444
1 0.613021 0.328704 0.009375 0.0319444
1 0.112109 0.936111 0.0186198 0.0314815
1 0.12653 0.361574 0.0156901 0.0444444
0 0.392448 0.359259 0.009375 0.0240741
0 0.308854 0.47963 0.0145833 0.0351852
1 0.673958 0.234722 0.0145833 0.0194444
0 0.147168 0.974074 0.0822266 0.0518519
1 0.611458 0.327315 0.00833333 0.0296296
1 0.607292 0.324537 0.0104167 0.0319444
0 0.28151 0.587037 0.0791667 0.0898148
0 0.251042 0.902778 0.136458 0.194444
1 0.605208 0.324537 0.00833333 0.0314815
0 0.0664225 0.563426 0.0288737 0.0472222
0 0.438542 0.665741 0.0739583 0.102778
1 0.120833 0.365278 0.0143229 0.0361111
1 0.308333 0.47963 0.015625 0.0351852
1 0.676042 0.233796 0.0104167 0.0157407
1 0.392448 0.359259 0.009375 0.0240741
1 0.0647298 0.557407 0.0218424 0.0351852
1 0.0665202 0.563889 0.0289388 0.0462963
1 0.438542 0.665741 0.0739583 0.101852
1 0.122917 0.363426 0.0143229 0.0398148
1 0.112109 0.931713 0.0184896 0.0217593
1 0.0613281 0.556481 0.0182292 0.0333333
2 0.439063 0.665741 0.0739583 0.101852
1 0.676042 0.2375 0.0125 0.0231481
1 0.309375 0.487963 0.0135417 0.0203704
1 0.121094 0.35787 0.0151042 0.0518519
0 0.112109 0.933333 0.0184896 0.0240741
1 0.0623861 0.561111 0.0210612 0.0407407
1 0.125814 0.365278 0.0134766 0.037037
3 0.251042 0.901852 0.136458 0.194444
1 0.121094 0.349769 0.0169271 0.0689815
1 0.310156 0.481481 0.0119792 0.0277778
1 0.251042 0.901852 0.136458 0.194444
1 0.117057 0.36412 0.015625 0.0393519
1 0.613542 0.336574 0.00625 0.0162037
2 0.251042 0.901852 0.136458 0.194444
0 0.392448 0.359259 0.009375 0.0240741
1 0.6125 0.328241 0.00833333 0.0324074
0 0.308594 0.47963 0.0151042 0.0351852
1 0.673958 0.234491 0.0145833 0.0180556
1 0.112109 0.936111 0.01875 0.0314815
1 0.6125 0.335648 0.00833333 0.0180556
1 0.607292 0.324537 0.0104167 0.0319444
0 0.28151 0.587037 0.0791667 0.0907407
0 0.251042 0.902778 0.136979 0.194444
1 0.605208 0.324537 0.00833333 0.0314815
0 0.0664062 0.563426 0.0290365 0.0472222
0 0.438542 0.665741 0.0739583 0.102778
1 0.308333 0.47963 0.015625 0.0351852
1 0.120833 0.365046 0.0145833 0.0365741
1 0.676042 0.233796 0.0104167 0.0157407
1 0.392448 0.359259 0.009375 0.0240741
1 0.438542 0.665741 0.0739583 0.102778
1 0.0636719 0.558333 0.0209635 0.0351852
1 0.0665202 0.563889 0.0289388 0.0472222
1 0.122982 0.362963 0.0144531 0.0407407
1 0.112109 0.932407 0.0184896 0.0222222
1 0.121029 0.357407 0.0152344 0.0527778
2 0.439063 0.665741 0.0739583 0.101852
1 0.0672038 0.558333 0.0241862 0.0388889
1 0.676042 0.237269 0.0125 0.0226852
1 0.309375 0.487963 0.0135417 0.0203704
0 0.112109 0.933333 0.0184896 0.0240741
1 0.121094 0.35 0.0169271 0.0685185
1 0.125911 0.365046 0.0135417 0.0375
3 0.251302 0.901852 0.136979 0.194444
1 0.310156 0.481481 0.0119792 0.0277778
1 0.117122 0.363889 0.0160156 0.0398148
1 0.251302 0.901852 0.1375 0.194444
1 0.12653 0.360648 0.0156901 0.0462963
1 0.0606771 0.55463 0.0179687 0.0314815
0 0.392448 0.359259 0.009375 0.0240741
1 0.613542 0.336574 0.00625 0.0166667
1 0.613542 0.334491 0.00729167 0.0203704
1 0.673958 0.234491 0.0145833 0.0180556
2 0.251302 0.901852 0.136979 0.194444
0 0.308594 0.47963 0.0151042 0.0351852
1 0.6125 0.328009 0.0104167 0.0328704
1 0.112109 0.936111 0.01875 0.0314815
0 0.28151 0.587037 0.0791667 0.0907407
0 0.251042 0.902778 0.136979 0.194444
1 0.605208 0.324537 0.00833333 0.0314815
0 0.0664062 0.563426 0.0290365 0.0472222
0 0.438542 0.665741 0.0739583 0.102778
1 0.308333 0.47963 0.015625 0.0351852
1 0.120833 0.365046 0.0145833 0.0365741
1 0.676042 0.233796 0.0104167 0.0157407
1 0.392448 0.359259 0.009375 0.0240741
1 0.438542 0.665741 0.0739583 0.102778
1 0.0636719 0.558333 0.0209635 0.0351852
1 0.0665202 0.563889 0.0289388 0.0472222
1 0.122982 0.362963 0.0144531 0.0407407
1 0.112109 0.932407 0.0184896 0.0222222
1 0.121029 0.357407 0.0152344 0.0527778
2 0.439063 0.665741 0.0739583 0.101852
1 0.0672038 0.558333 0.0241862 0.0388889
1 0.676042 0.237269 0.0125 0.0226852
1 0.309375 0.487963 0.0135417 0.0203704
0 0.112109 0.933333 0.0184896 0.0240741
1 0.121094 0.35 0.0169271 0.0685185
1 0.125911 0.365046 0.0135417 0.0375
3 0.251302 0.901852 0.136979 0.194444
1 0.310156 0.481481 0.0119792 0.0277778
1 0.117122 0.363889 0.0160156 0.0398148
1 0.251302 0.901852 0.1375 0.194444
1 0.0606771 0.55463 0.0179687 0.0314815
1 0.12653 0.360648 0.0156901 0.0462963
0 0.392448 0.359259 0.009375 0.0240741
1 0.613542 0.336574 0.00625 0.0166667
1 0.613542 0.334491 0.00729167 0.0203704
1 0.673958 0.234491 0.0145833 0.0180556
2 0.251302 0.901852 0.136979 0.194444
0 0.308594 0.47963 0.0151042 0.0351852
1 0.6125 0.328009 0.009375 0.0328704
1 0.112109 0.936111 0.01875 0.0314815
=======
>>>>>>> eec1531f690f822f052659bede932c48623278fb
0 0.439323 0.66713 0.0734375 0.1
0 0.28125 0.587963 0.0786458 0.0898148
1 0.0682943 0.567593 0.0248698 0.0388889
0 0.248177 0.902315 0.128646 0.19537
1 0.605208 0.324537 0.00833333 0.0314815
0 0.0683594 0.566667 0.0246094 0.0388889
0 0.605208 0.324769 0.00833333 0.0314815
1 0.675521 0.233796 0.0104167 0.0148148
1 0.392708 0.359259 0.009375 0.0222222
1 0.309896 0.487037 0.0135417 0.0194444
2 0.28099 0.587037 0.0786458 0.0888889
3 0.28125 0.587037 0.0791667 0.0907407
2 0.438802 0.665741 0.0744792 0.101852
1 0.930208 0.777778 0.0145833 0.0111111
1 0.927083 0.275231 0.01875 0.0453704
1 0.930208 0.763426 0.0145833 0.0324074
1 0.112044 0.932407 0.018099 0.0203704
1 0.925521 0.26412 0.0229167 0.0509259
1 0.929688 0.475926 0.0145833 0.0203704
0 0.282031 0.587037 0.0807292 0.0907407
0 0.438542 0.667593 0.0739583 0.10463
1 0.0666667 0.564352 0.0286458 0.0425926
1 0.1125 0.935417 0.01875 0.0291667
1 0.309896 0.485185 0.0145833 0.0231481
1 0.605208 0.325463 0.0104167 0.0305556
0 0.421354 0.660185 0.0395833 0.0898148
0 0.253906 0.901852 0.142708 0.196296
0 0.259375 0.596296 0.0348958 0.0703704
1 0.308854 0.47963 0.015625 0.0351852
0 0.0670573 0.565741 0.0279948 0.0388889
1 0.113021 0.947222 0.0179687 0.0518519
0 0.112891 0.937963 0.0188802 0.0333333
0 0.605208 0.325463 0.0104167 0.0314815
1 0.0647786 0.980556 0.0128906 0.0203704
1 0.0130859 0.789815 0.00908203 0.0111111
0 0.282292 0.587037 0.0802083 0.0944444
0 0.439063 0.66713 0.075 0.10463
1 0.605208 0.324074 0.00833333 0.0314815
1 0.11224 0.934259 0.01875 0.0259259
1 0.392708 0.359722 0.009375 0.0212963
1 0.676562 0.234259 0.0114583 0.0166667
1 0.0681641 0.568056 0.0321615 0.05
1 0.613542 0.340278 0.00729167 0.012037
0 0.439583 0.688889 0.0729167 0.0583333
1 0.609375 0.334722 0.0145833 0.0185185
1 0.0649577 0.559259 0.0268555 0.037037
1 0.615104 0.340741 0.0104167 0.0148148
0 0.438542 0.666204 0.0729167 0.102778
0 0.28151 0.587037 0.0802083 0.0907407
1 0.066276 0.562963 0.0292969 0.0462963
1 0.111914 0.936111 0.0183594 0.0296296
0 0.066276 0.563889 0.0283854 0.0444444
1 0.605208 0.324074 0.009375 0.0314815
0 0.605208 0.324537 0.009375 0.0305556
0 0.253776 0.901852 0.142448 0.192593
2 0.28151 0.586574 0.0786458 0.0944444
0 0.281771 0.587037 0.08125 0.0907407
0 0.439323 0.666667 0.0734375 0.10463
1 0.0659994 0.563889 0.0299805 0.0453704
1 0.11224 0.934954 0.0186198 0.0300926
1 0.605208 0.325 0.009375 0.0305556
0 0.0660156 0.565278 0.030599 0.0416667
1 0.608333 0.326389 0.015625 0.0337963
1 0.308854 0.480556 0.015625 0.0342593
1 0.392708 0.358796 0.00885417 0.0240741
1 0.0587891 0.550926 0.0145833 0.0203704
1 0.0615885 0.556481 0.0203125 0.0333333
1 0.439844 0.136111 0.00625 0.0125
2 0.281771 0.5875 0.0817708 0.0925926
0 0.439063 0.666667 0.0729167 0.103704
0 0.281771 0.587963 0.08125 0.0916667
0 0.249219 0.901852 0.131771 0.196296
1 0.0670573 0.563889 0.0302083 0.0481481
1 0.605208 0.324074 0.0104167 0.0333333
1 0.112109 0.935417 0.0182292 0.0291667
1 0.392708 0.359491 0.009375 0.0231481
0 0.605208 0.324074 0.0104167 0.0333333
1 0.673958 0.23287 0.00833333 0.0143519
0 0.25625 0.625 0.0078125 0.012037
1 0.308333 0.47963 0.015625 0.0351852
0 0.251172 0.625 0.0135417 0.012037
0 0.455469 0.712963 0.0140625 0.0111111
0 0.0671224 0.564815 0.0304688 0.0481481
0 0.259375 0.625 0.00833333 0.012037
0 0.164811 0.960648 0.126628 0.0787037
0 0.36901 0.0167535 0.0463542 0.0321181
1 0.60625 0.330787 0.0104167 0.0226852
0 0.257812 0.628704 0.00989583 0.00740741
0 0.360417 0.0162616 0.028125 0.0309606
0 0.260938 0.628241 0.00989583 0.00833333
0 0.2625 0.625463 0.0104167 0.012037
0 0.263542 0.627778 0.009375 0.00925926
0 0.260417 0.593518 0.0375 0.0796296
0 0.254167 0.628704 0.0119792 0.00740741
0 0.460417 0.7125 0.009375 0.0111111
0 0.266927 0.627778 0.00885417 0.00925926
0 0.272396 0.625463 0.0229167 0.012963
0 0.267188 0.625463 0.0161458 0.012037
0 0.450781 0.712037 0.0213542 0.012963
0 0.439063 0.665741 0.0734375 0.103704
0 0.281771 0.585648 0.0796875 0.0916667
0 0.246484 0.901852 0.128385 0.196296
1 0.676042 0.233796 0.0125 0.0157407
1 0.0698568 0.567593 0.025651 0.0425926
1 0.111979 0.936111 0.0192708 0.0314815
1 0.607292 0.325463 0.0145833 0.0328704
1 0.675 0.228704 0.0145833 0.0263889
1 0.392969 0.359259 0.0104167 0.0231481
1 0.613542 0.335648 0.00625 0.0185185
1 0.107161 0.811111 0.00859375 0.0185185
1 0.0483724 0.606944 0.00898437 0.0185185
0 0.439063 0.666667 0.0739583 0.105556
0 0.281771 0.585648 0.0807292 0.0935185
1 0.112044 0.936111 0.0192708 0.0296296
0 0.247005 0.901389 0.13099 0.197222
0 0.146875 0.960648 0.078125 0.0787037
1 0.392708 0.359722 0.009375 0.0199074
1 0.0690104 0.566667 0.0278646 0.0425926
1 0.676042 0.233565 0.0125 0.0152778
1 0.605208 0.325463 0.009375 0.0324074
0 0.605208 0.325 0.009375 0.0319444
1 0.308854 0.480556 0.015625 0.0351852
1 0.352344 0.964815 0.0244792 0.0333333
0 0.28151 0.587037 0.0796875 0.0907407
0 0.438542 0.666667 0.0723958 0.103704
1 0.0684896 0.566667 0.0246094 0.0388889
1 0.605208 0.324769 0.009375 0.0319444
0 0.251172 0.901389 0.139844 0.197222
1 0.11224 0.935417 0.0190104 0.0291667
1 0.309375 0.485185 0.0135417 0.0240741
0 0.0690267 0.566204 0.0236654 0.0388889
0 0.605208 0.324537 0.009375 0.0314815
1 0.675 0.233333 0.0104167 0.0143519
1 0.608333 0.32963 0.0145833 0.0277778
0 0.439063 0.665741 0.0739583 0.103704
0 0.281771 0.586574 0.0796875 0.0916667
1 0.0669922 0.564352 0.0311198 0.0472222
1 0.11224 0.936111 0.0182292 0.0296296
1 0.605208 0.325463 0.0104167 0.0319444
0 0.246094 0.902315 0.128125 0.19537
1 0.608854 0.326389 0.0166667 0.0351852
1 0.0626465 0.556944 0.0221029 0.0333333
1 0.0600423 0.552778 0.0168945 0.0259259
1 0.613542 0.335185 0.00833333 0.0194444
0 0.439063 0.666667 0.0729167 0.101852
0 0.281771 0.588889 0.0796875 0.0907407
1 0.11237 0.936111 0.01875 0.0296296
0 0.248568 0.901852 0.132552 0.196296
1 0.0677246 0.565741 0.0265299 0.0398148
1 0.676042 0.233796 0.0125 0.0148148
1 0.605208 0.324537 0.009375 0.0314815
0 0.0685547 0.565741 0.0246094 0.0388889
1 0.439063 0.135648 0.0078125 0.0111111
1 0.309635 0.4875 0.0135417 0.0203704
1 0.0717448 0.996296 0.00716146 0.00740741
1 0.0586589 0.55463 0.0145833 0.0287037
1 0.677083 0.230787 0.0145833 0.0226852
0 0.439063 0.666667 0.0739583 0.101852
0 0.28151 0.582407 0.0791667 0.1
0 0.248958 0.901852 0.130729 0.196296
1 0.0677083 0.566667 0.0266927 0.037037
1 0.112174 0.934259 0.0190104 0.0259259
1 0.605208 0.324537 0.00833333 0.0324074
1 0.392708 0.359722 0.009375 0.0231481
1 0.309896 0.485185 0.0130208 0.0240741
1 0.0572266 0.547222 0.0114583 0.0148148
0 0.0690755 0.566667 0.0236979 0.037037
0 0.439063 0.666667 0.0729167 0.101852
0 0.28151 0.587037 0.0807292 0.0916667
0 0.246615 0.901852 0.132292 0.196296
1 0.605208 0.325 0.009375 0.0324074
1 0.0671224 0.565741 0.0292969 0.0425926
1 0.676562 0.234259 0.0114583 0.0157407
1 0.11224 0.933333 0.0179687 0.0240741
0 0.438802 0.665741 0.0744792 0.101852
0 0.281771 0.586111 0.0807292 0.0925926
0 0.247917 0.901852 0.133333 0.196296
1 0.069401 0.567593 0.025 0.0388889
1 0.605208 0.325 0.009375 0.0319444
1 0.112044 0.936111 0.0191406 0.0277778
0 0.0695964 0.567593 0.0252604 0.0388889
1 0.676042 0.233796 0.0125 0.0157407
0 0.438542 0.665278 0.0729167 0.100926
0 0.281771 0.586574 0.0807292 0.0907407
0 0.247917 0.901852 0.13125 0.196296
1 0.0692708 0.566667 0.0266927 0.0398148
1 0.605208 0.324769 0.009375 0.0319444
1 0.11237 0.934259 0.0190104 0.0277778
1 0.676562 0.234028 0.0114583 0.0157407
1 0.675 0.228646 0.0177083 0.0288194
0 0.0698079 0.566667 0.0254883 0.0407407
1 0.309635 0.486111 0.0140625 0.0240741
0 0.438802 0.665741 0.0734375 0.103704
0 0.281836 0.586574 0.0811198 0.0916667
0 0.247656 0.901389 0.130208 0.197222
1 0.605208 0.324537 0.0104167 0.0324074
0 0.28125 0.587037 0.0802083 0.0907407
0 0.439063 0.666667 0.0739583 0.101852
0 0.248437 0.902315 0.131771 0.19537
1 0.11224 0.932407 0.0190104 0.0240741
1 0.676562 0.234259 0.0125 0.0148148
1 0.0678385 0.565278 0.0285156 0.0407407
0 0.438802 0.666667 0.0729167 0.101852
0 0.28151 0.586111 0.0802083 0.0925926
0 0.247917 0.902315 0.13125 0.19537
1 0.11224 0.934259 0.0190104 0.0277778
1 0.0693359 0.567593 0.0263021 0.0407407
1 0.605208 0.325463 0.0104167 0.0333333
0 0.11224 0.934259 0.0190104 0.0277778
0 0.438542 0.666667 0.0729167 0.103704
0 0.28151 0.586111 0.0796875 0.0925926
0 0.249089 0.901852 0.132552 0.196296
1 0.605208 0.325 0.009375 0.0314815
1 0.11237 0.932407 0.0190104 0.0240741
1 0.0688151 0.566667 0.0242187 0.037037
0 0.439063 0.666667 0.0739583 0.101852
0 0.28151 0.587037 0.0802083 0.0907407
1 0.605208 0.324769 0.009375 0.0319444
1 0.0691243 0.566667 0.0245117 0.037037
1 0.11237 0.933333 0.0190104 0.0240741
0 0.605208 0.325 0.009375 0.0324074
0 0.438802 0.666667 0.0739583 0.103704
0 0.281706 0.586111 0.0803385 0.0907407
1 0.605208 0.325 0.009375 0.0324074
1 0.0669271 0.564815 0.0299479 0.0435185
1 0.112174 0.935417 0.0196615 0.0291667
0 0.11224 0.933333 0.019401 0.0259259
0 0.28151 0.586574 0.0802083 0.0907407
0 0.438802 0.666667 0.0739583 0.103704
1 0.0667806 0.564815 0.0286784 0.0407407
1 0.605208 0.324537 0.009375 0.0314815
1 0.112305 0.933333 0.01875 0.0240741
0 0.11237 0.933565 0.0184896 0.025463
0 0.248828 0.901852 0.133073 0.196296
0 0.28151 0.587037 0.0802083 0.0907407
0 0.439063 0.666667 0.0739583 0.103704
1 0.605208 0.324537 0.009375 0.0319444
0 0.248828 0.902315 0.132552 0.19537
1 0.069401 0.56713 0.025 0.0388889
1 0.11237 0.933333 0.01875 0.0240741
0 0.11237 0.933333 0.01875 0.0240741
0 0.438802 0.666667 0.0739583 0.103704
0 0.28151 0.586574 0.0802083 0.0907407
0 0.248307 0.901852 0.133073 0.196296
1 0.605208 0.324537 0.0104167 0.0314815
1 0.11224 0.933565 0.0190104 0.025463
1 0.0690267 0.566667 0.0262695 0.0407407
0 0.1125 0.933333 0.0188802 0.0259259
0 0.281185 0.586574 0.0803385 0.0907407
0 0.439063 0.666667 0.0739583 0.103704
0 0.248177 0.902315 0.132292 0.19537
1 0.0673177 0.564815 0.0282552 0.0425926
1 0.11237 0.933102 0.0190104 0.0263889
1 0.605208 0.324537 0.0104167 0.0324074
0 0.28151 0.586574 0.0802083 0.0907407
0 0.439063 0.666667 0.0739583 0.103704
0 0.248177 0.902315 0.132292 0.19537
1 0.0673177 0.564815 0.0282552 0.0425926
1 0.11237 0.934259 0.0190104 0.0259259
1 0.605208 0.324537 0.0104167 0.0324074
