0 0.441927 0.578704 0.0578125 0.101852
0 0.638542 0.561111 0.0520833 0.0981481
0 0.791667 0.581481 0.0510417 0.0972222
0 0.376042 0.485069 0.0583333 0.0983796
0 0.246745 0.719444 0.0570313 0.103704
0 0.186198 0.627778 0.0588542 0.1
0 0.305208 0.809259 0.0645833 0.125926
0 0.273893 0.765741 0.0699219 0.128704
0 0.0497721 0.403241 0.0595703 0.0925926
0 0.0318034 0.3625 0.0598307 0.0888889
0 0.227214 0.286806 0.0510417 0.074537
0 0.172396 0.228241 0.0434896 0.0703704
0 0.131478 0.16956 0.0443359 0.0641204
0 0.0212891 0.317593 0.0421224 0.103704
0 0.119401 0.438889 0.0283854 0.0296296
1 0.119531 0.438194 0.0276042 0.0282407
0 0.116927 0.44213 0.0320312 0.0333333
0 0.0299561 0.558333 0.0209473 0.0259259
1 0.403646 0.490741 0.009375 0.0166667
0 0.11888 0.447222 0.0348958 0.0444444
1 0.119206 0.435648 0.0178385 0.0222222
0 0.0327799 0.259259 0.0438802 0.0462963
1 0.402083 0.493056 0.0119792 0.0222222
0 0.0298828 0.556481 0.0265625 0.0296296
0 0.0337972 0.559259 0.0270671 0.0296296
0 0.0271159 0.255093 0.0347005 0.0398148
0 0.12487 0.43912 0.0348958 0.0319444
0 0.116797 0.436574 0.0229167 0.0222222
1 0.376302 0.485185 0.0583333 0.0981481
1 0.0375651 0.659259 0.0151042 0.0277778
0 0.0324219 0.553704 0.0330078 0.037037
0 0.147396 0.173264 0.0677083 0.0673611
1 0.819271 0.44537 0.00729167 0.0203704
0 0.0367187 0.263657 0.0572917 0.0546296
0 0.059375 0.6875 0.0286458 0.0398148
1 0.304948 0.810185 0.065625 0.125926
1 0.0665365 0.327546 0.00989583 0.0148148
1 0.0212402 0.317593 0.0416992 0.10463
0 0.0243001 0.545833 0.0428711 0.0509259
0 0.0263021 0.560185 0.0230469 0.0277778
0 0.130762 0.437731 0.0494141 0.0449074
0 0.113411 0.455093 0.0442708 0.0611111
0 0.0366618 0.558333 0.0321452 0.0388889
0 0.0264648 0.538426 0.0509766 0.0675926
0 0.122005 0.453241 0.0385417 0.0592593
0 0.0332764 0.54537 0.0404785 0.0537037
0 0.728125 0.114352 0.025 0.0356481
1 0.039388 0.655093 0.0105469 0.0194444
0 0.0268962 0.263657 0.0343587 0.0481481
0 0.0238607 0.255093 0.0468099 0.0490741
1 0.0316406 0.362963 0.0601562 0.0888889
0 0.442187 0.579167 0.0572917 0.102778
0 0.638542 0.561111 0.0520833 0.0981481
0 0.791667 0.581481 0.05 0.0962963
0 0.246875 0.719444 0.0572917 0.103704
0 0.376042 0.484722 0.0583333 0.0981481
0 0.186198 0.627778 0.0580729 0.0981481
0 0.305208 0.809259 0.0651042 0.125926
0 0.227344 0.287037 0.0510417 0.0740741
0 0.0497477 0.403009 0.0596191 0.0921296
0 0.273958 0.766204 0.0697917 0.12963
0 0.0317708 0.362269 0.0598958 0.0888889
0 0.172656 0.227546 0.04375 0.0722222
0 0.131771 0.16875 0.0450521 0.0662037
0 0.0219727 0.317593 0.0431641 0.10463
0 0.0256185 0.331481 0.0497396 0.125926
0 0.119531 0.438889 0.0289063 0.0300926
0 0.0293701 0.559259 0.0215983 0.0259259
1 0.120117 0.4375 0.0266927 0.0277778
0 0.117057 0.442824 0.0328125 0.0375
0 0.123177 0.437963 0.0244792 0.0268519
0 0.0323893 0.558333 0.0276693 0.0296296
1 0.403906 0.490741 0.009375 0.0166667
0 0.0271403 0.558333 0.0170736 0.0222222
0 0.119076 0.448148 0.033724 0.0481481
0 0.0301351 0.264352 0.0395996 0.0527778
1 0.376302 0.485301 0.0583333 0.0979167
1 0.11875 0.44213 0.0307292 0.037037
0 0.0263753 0.256944 0.0324056 0.0407407
0 0.728646 0.115162 0.0239583 0.0335648
0 0.115951 0.456481 0.0391927 0.0657407
0 0.0399007 0.265278 0.0591309 0.0564815
0 0.122135 0.454167 0.0398437 0.062037
1 0.730208 0.11169 0.01875 0.0381944
1 0.819271 0.444907 0.00729167 0.0194444
1 0.734375 0.113079 0.0125 0.0326389
0 0.143717 0.171991 0.0615234 0.0680556
1 0.0218099 0.317593 0.043099 0.103704
0 0.034375 0.549537 0.0343099 0.0472222
1 0.247005 0.719444 0.0570313 0.102778
0 0.0341878 0.562037 0.0312337 0.0388889
1 0.0667969 0.327315 0.009375 0.0148148
1 0.273958 0.765741 0.0703125 0.127778
0 0.119271 0.435648 0.0244792 0.0212963
0 0.123698 0.44213 0.0273438 0.0351852
0 0.0318441 0.541667 0.0387858 0.0601852
1 0.402083 0.49213 0.0114583 0.0212963
1 0.116016 0.438889 0.03125 0.0277778
0 0.0591146 0.687037 0.0282552 0.037963
0 0.12998 0.440741 0.0462891 0.0435185
0 0.126953 0.438426 0.028125 0.0333333
1 0.732292 0.108362 0.015625 0.0351273
1 0.171875 0.590741 0.009375 0.0185185
1 0.0336589 0.247685 0.0130208 0.0203704
1 0.442187 0.578704 0.0572917 0.101852
0 0.0373698 0.261574 0.0463542 0.05
0 0.873438 0.374769 0.148958 0.200463
0 0.025887 0.274537 0.0421061 0.0712963
1 0.305208 0.810185 0.0645833 0.125926
0 0.0326742 0.56713 0.0353027 0.0453704
0 0.142936 0.158333 0.0646484 0.0844907
0 0.0367187 0.55463 0.0422526 0.0648148
1 0.0499349 0.403241 0.0589844 0.0925926
1 0.0865885 0.724074 0.00833333 0.0203704
1 0.0374349 0.659722 0.0141276 0.0259259
0 0.638542 0.561574 0.0520833 0.0990741
0 0.791667 0.581481 0.0520833 0.0962963
0 0.186198 0.627778 0.0578125 0.0981481
0 0.247135 0.719907 0.0567708 0.103704
0 0.441927 0.57963 0.0578125 0.101852
0 0.304688 0.810185 0.065625 0.127778
0 0.227344 0.287037 0.0510417 0.0740741
0 0.0497396 0.402778 0.059375 0.0921296
0 0.274219 0.766667 0.0697917 0.12963
0 0.172526 0.227546 0.04375 0.0717593
0 0.0318359 0.362037 0.0596354 0.0888889
0 0.13151 0.169329 0.0442708 0.0643518
0 0.376302 0.485069 0.0583333 0.0983796
0 0.0218424 0.318519 0.0429036 0.105093
1 0.376042 0.485069 0.0583333 0.0983796
0 0.119466 0.439583 0.0295573 0.0314815
0 0.0295492 0.558333 0.0213704 0.0259259
0 0.11849 0.453009 0.0309896 0.0587963
1 0.120052 0.4375 0.0268229 0.0277778
1 0.247135 0.719444 0.0567708 0.103704
1 0.442187 0.57963 0.0572917 0.101852
0 0.117578 0.444907 0.0322917 0.0416667
0 0.0591309 0.687037 0.027832 0.037037
1 0.274219 0.766204 0.0697917 0.130556
0 0.0317708 0.561111 0.0277344 0.0314815
0 0.0260091 0.256019 0.0314453 0.0407407
0 0.116471 0.463426 0.0360677 0.0787037
0 0.122721 0.437963 0.0253906 0.0268519
1 0.0216309 0.31875 0.0428711 0.105556
0 0.0299398 0.264815 0.0395996 0.0546296
0 0.0261068 0.559259 0.0201823 0.025
0 0.729167 0.114554 0.025 0.036169
0 0.0353434 0.261574 0.0510579 0.0532407
1 0.819271 0.44537 0.00729167 0.0203704
0 0.0346924 0.551852 0.0324382 0.0425926
0 0.108398 0.455093 0.0498698 0.062963
1 0.304948 0.810185 0.065625 0.127778
1 0.11849 0.453009 0.0309896 0.0587963
1 0.404167 0.490278 0.009375 0.0166667
1 0.734375 0.112269 0.0125 0.0326389
1 0.0374349 0.659722 0.0145833 0.0259259
0 0.107096 0.445139 0.0522135 0.0439815
0 0.0344076 0.5625 0.0303385 0.037963
0 0.0375 0.659722 0.014974 0.0268519
1 0.116146 0.440741 0.0348958 0.0342593
1 0.0667318 0.327778 0.00950521 0.0148148
0 0.0443441 0.266204 0.0659994 0.0611111
0 0.0231771 0.259491 0.0240885 0.0296296
0 0.123242 0.443056 0.0277344 0.0361111
0 0.143522 0.172222 0.0587891 0.0689815
0 0.121224 0.448148 0.03125 0.0481481
1 0.171875 0.590741 0.009375 0.0185185
1 0.0336263 0.246759 0.0129557 0.0175926
1 0.0867188 0.724537 0.00807292 0.0194444
1 0.186198 0.627778 0.0578125 0.0981481
0 0.033724 0.541667 0.0374349 0.0592593
1 0.736458 0.113194 0.0104167 0.03125
0 0.0267253 0.277546 0.0439453 0.0819444
0 0.113281 0.475463 0.04375 0.10463
0 0.0451904 0.232639 0.0648275 0.0768519
1 0.0678385 0.329167 0.00911458 0.0125
1 0.227214 0.287037 0.0505208 0.0740741
1 0.732292 0.105787 0.0145833 0.0303241
1 0.441146 0.536111 0.00729167 0.0185185
0 0.0235677 0.557407 0.0136719 0.0203704
0 0.872917 0.37037 0.147917 0.192593
0 0.057194 0.68287 0.0236328 0.0296296
1 0.73125 0.111111 0.01875 0.037963
0 0.0586589 0.692593 0.0303385 0.0490741
1 0.0316976 0.362037 0.0596517 0.0898148
1 0.0496175 0.403009 0.0598796 0.0921296
1 0.835417 0.337037 0.0145833 0.0212963
0 0.104427 0.462847 0.0585938 0.0780093
0 0.0323568 0.567593 0.0341146 0.0425926
0 0.0277262 0.25 0.02736 0.0287037
0 0.0213542 0.253009 0.0415365 0.0439815
1 0.791667 0.581481 0.0520833 0.0962963
0 0.120182 0.436111 0.0231771 0.0212963
0 0.0390951 0.276389 0.0642578 0.0759259
0 0.0777507 0.137269 0.0806966 0.0502315
0 0.147266 0.20706 0.0604167 0.068287
0 0.145964 0.206481 0.0377604 0.0560185
0 0.0253825 0.564352 0.0254069 0.037963
0 0.726042 0.115972 0.0208333 0.0305556
0 0.0201335 0.261574 0.0175456 0.0268519
1 0.0388672 0.656944 0.0126302 0.0212963
0 0.0514974 0.687963 0.0438802 0.0425926
2 0.376042 0.485185 0.0583333 0.0981481
1 0.908333 0.345602 0.00833333 0.0222222
0 0.0276367 0.547222 0.0345703 0.0462963
0 0.171875 0.590741 0.009375 0.0185185
1 0.879687 0.468981 0.009375 0.0212963
0 0.138411 0.204861 0.0588542 0.0643518
0 0.638542 0.562037 0.0520833 0.0981481
0 0.442187 0.57963 0.0572917 0.102778
0 0.247396 0.719444 0.0572917 0.103704
0 0.186198 0.627778 0.0580729 0.0981481
0 0.791667 0.581944 0.0520833 0.0972222
0 0.0318034 0.362037 0.0595703 0.0898148
0 0.0496745 0.402778 0.0596354 0.0916667
0 0.304948 0.810185 0.0651042 0.127778
0 0.227344 0.287037 0.0510417 0.0740741
0 0.274219 0.766204 0.0697917 0.130556
0 0.172656 0.228009 0.0442708 0.0699074
0 0.13138 0.169444 0.0440104 0.0643518
0 0.0217448 0.318981 0.0427734 0.106481
1 0.376042 0.485185 0.0583333 0.0990741
0 0.376302 0.485069 0.0583333 0.0983796
0 0.119531 0.440741 0.0289063 0.0333333
0 0.119206 0.446296 0.0311198 0.0444444
0 0.122656 0.438426 0.0247396 0.0277778
0 0.0296794 0.558333 0.0209798 0.025
0 0.118424 0.456019 0.0311198 0.062963
0 0.0592448 0.686574 0.0278646 0.037963
1 0.120312 0.437963 0.0252604 0.0277778
0 0.729167 0.115046 0.025 0.0351852
1 0.819271 0.445833 0.00729167 0.0212963
1 0.442187 0.57963 0.0572917 0.101852
1 0.734896 0.112963 0.0114583 0.031713
0 0.118359 0.467708 0.0335938 0.0868056
0 0.032487 0.558333 0.025 0.0296296
1 0.274219 0.766204 0.0697917 0.130556
1 0.0215169 0.319444 0.0426432 0.106944
0 0.026766 0.256019 0.0317546 0.0398148
0 0.123503 0.443287 0.0264323 0.0356481
0 0.116276 0.439352 0.0299479 0.0277778
1 0.305208 0.809722 0.065625 0.126852
1 0.0374674 0.659722 0.0145182 0.0259259
0 0.0375326 0.659259 0.0150391 0.0259259
1 0.73125 0.110648 0.0177083 0.0372685
0 0.107357 0.456481 0.0522135 0.0648148
0 0.0296549 0.260185 0.038737 0.0472222
1 0.247266 0.719444 0.0570313 0.103704
1 0.227474 0.287037 0.0513021 0.0740741
0 0.0259196 0.559259 0.0199056 0.025
1 0.0665365 0.327546 0.00989583 0.0148148
0 0.0319336 0.267361 0.0442708 0.0597222
0 0.0347656 0.550463 0.0333984 0.0453704
0 0.0277018 0.562037 0.0244792 0.0314815
0 0.10638 0.447222 0.0536458 0.0462963
1 0.0496419 0.402778 0.0598307 0.0916667
0 0.725 0.115972 0.01875 0.0310185
0 0.732813 0.116204 0.021875 0.0319444
1 0.879687 0.468981 0.00833333 0.0194444
1 0.033724 0.246759 0.0125 0.0175926
1 0.791667 0.581944 0.0510417 0.0972222
1 0.0867188 0.725 0.00794271 0.0185185
1 0.834896 0.337037 0.0145833 0.0203704
1 0.117969 0.44213 0.0302083 0.0351852
1 0.0388997 0.656482 0.0124349 0.0203704
0 0.120573 0.437037 0.0179687 0.0212963
1 0.171875 0.590741 0.009375 0.0185185
1 0.0678385 0.328935 0.00911458 0.012963
2 0.376042 0.485069 0.0583333 0.0983796
0 0.0303304 0.542593 0.0359538 0.0574074
0 0.0388997 0.26875 0.0570964 0.0657407
0 0.872396 0.367593 0.145833 0.185185
0 0.111068 0.478704 0.0497396 0.109259
1 0.118424 0.456019 0.0311198 0.062963
1 0.0318034 0.362037 0.0595703 0.0898148
0 0.10332 0.46713 0.0613281 0.0851852
1 0.908333 0.345602 0.00833333 0.0217593
0 0.729167 0.118953 0.0291667 0.0394097
0 0.0353841 0.562037 0.0302083 0.0388889
0 0.0528646 0.683333 0.015625 0.0296296
1 0.0266927 0.252778 0.0282552 0.0324074
1 0.186328 0.627778 0.0580729 0.0990741
0 0.143457 0.171875 0.0573568 0.0680556
1 0.404167 0.490741 0.00833333 0.0148148
0 0.638542 0.562037 0.0520833 0.0981481
0 0.791667 0.581944 0.0510417 0.0972222
0 0.186198 0.628241 0.0578125 0.0990741
0 0.247135 0.719907 0.0572917 0.103704
0 0.0496745 0.402778 0.0597656 0.0925926
0 0.442187 0.57963 0.0572917 0.101852
0 0.227474 0.286574 0.0510417 0.075
0 0.172656 0.228183 0.0442708 0.0695602
0 0.0320964 0.362963 0.060026 0.0888889
0 0.274219 0.766204 0.0703125 0.130556
0 0.304688 0.810185 0.065625 0.127778
0 0.131641 0.168519 0.0450521 0.0666667
1 0.376042 0.485069 0.0583333 0.0983796
0 0.0218262 0.319907 0.0429362 0.108333
0 0.376302 0.485069 0.0583333 0.0983796
0 0.119401 0.441204 0.0289063 0.0342593
0 0.122461 0.438426 0.025651 0.0287037
0 0.118294 0.446759 0.0321615 0.0462963
0 0.118294 0.456481 0.0313802 0.0648148
1 0.442187 0.57963 0.0572917 0.102778
0 0.0297852 0.558333 0.0208333 0.0259259
1 0.120247 0.438194 0.0253906 0.0282407
0 0.0592285 0.686574 0.0276367 0.037963
1 0.304688 0.810185 0.065625 0.127778
1 0.819271 0.445833 0.00729167 0.0212963
1 0.274414 0.766204 0.0699219 0.130556
0 0.11862 0.468519 0.0338542 0.0888889
0 0.116927 0.438426 0.0296875 0.0268519
0 0.729167 0.114554 0.025 0.035706
1 0.247396 0.719907 0.0572917 0.103704
0 0.0316488 0.562037 0.0268066 0.0333333
0 0.0261393 0.25625 0.0301432 0.0398148
1 0.0215007 0.320602 0.0426758 0.109722
0 0.10625 0.456019 0.0541667 0.0638889
1 0.0374023 0.659722 0.0141276 0.025
1 0.736458 0.114005 0.0104167 0.03125
0 0.123307 0.443519 0.0268229 0.0351852
1 0.0391276 0.655556 0.0106771 0.0166667
1 0.227474 0.287037 0.0515625 0.075
1 0.734375 0.112847 0.0125 0.0326389
1 0.791667 0.581944 0.0510417 0.0972222
0 0.0277262 0.563889 0.0263184 0.037037
0 0.0564128 0.683333 0.0219401 0.0296296
1 0.171745 0.590741 0.009375 0.0194444
0 0.025944 0.559259 0.0212891 0.0259259
0 0.104167 0.447685 0.0578125 0.0462963
1 0.0339844 0.246759 0.0119792 0.0171296
0 0.0349609 0.551852 0.0338542 0.0444444
1 0.73125 0.110909 0.01875 0.038831
1 0.0497721 0.402778 0.0598307 0.0925926
0 0.0281576 0.265278 0.035612 0.0560185
1 0.879687 0.468981 0.00729167 0.0194444
0 0.268815 0.987963 0.0352865 0.0222222
1 0.0403971 0.654167 0.00911458 0.0148148
0 0.0374349 0.659722 0.0148437 0.0259259
1 0.0667969 0.328704 0.0101562 0.012963
0 0.11276 0.477778 0.0471354 0.108333
0 0.727083 0.11548 0.01875 0.0320023
0 0.0591797 0.694444 0.0296875 0.0537037
0 0.0352783 0.562963 0.0312663 0.0425926
1 0.0867188 0.725 0.0078125 0.0185185
2 0.376302 0.485069 0.0583333 0.0983796
1 0.0270508 0.251852 0.026888 0.0305556
0 0.10332 0.46713 0.0613281 0.0851852
0 0.0334635 0.542593 0.0391927 0.0592593
0 0.122526 0.476042 0.0403646 0.105324
0 0.0320964 0.568056 0.0330078 0.0462963
1 0.186458 0.627778 0.0578125 0.1
0 0.0512695 0.679167 0.0119141 0.0203704
0 0.120052 0.437963 0.0171875 0.0222222
1 0.835417 0.337037 0.0145833 0.0212963
0 0.0531901 0.68287 0.0160156 0.0287037
1 0.118294 0.456481 0.0313802 0.0648148
1 0.120052 0.437963 0.0171875 0.0222222
0 0.485938 0.974074 0.0625 0.0518519
0 0.272656 0.989815 0.0260417 0.0185185
1 0.908333 0.345833 0.00833333 0.0212963
1 0.116341 0.442593 0.0324219 0.0361111
1 0.0319336 0.362269 0.0598307 0.0898148
0 0.0711589 0.208796 0.0563802 0.0694444
1 0.11901 0.446528 0.0309896 0.0449074
0 0.0238444 0.558333 0.0144206 0.0203704
0 0.0247396 0.565741 0.0301432 0.0462963
1 0.821354 0.301852 0.0135417 0.0291667
1 0.819792 0.448148 0.0104167 0.0277778
0 0.638542 0.562037 0.0520833 0.0981481
0 0.791667 0.581944 0.0510417 0.0972222
0 0.186198 0.627778 0.0578125 0.0981481
0 0.247135 0.719907 0.0572917 0.103704
0 0.441927 0.57963 0.0578125 0.102778
0 0.0496175 0.402778 0.0598796 0.0925926
0 0.172786 0.228241 0.0440104 0.0694444
0 0.227344 0.286574 0.0510417 0.075
0 0.0320964 0.3625 0.0597656 0.0893519
0 0.274219 0.766667 0.0703125 0.12963
0 0.304688 0.809722 0.065625 0.126852
0 0.131803 0.16794 0.0457682 0.0675926
1 0.376042 0.485069 0.0583333 0.0983796
0 0.0218099 0.321065 0.0427734 0.110648
0 0.376302 0.485069 0.0583333 0.0983796
0 0.119141 0.440972 0.0291667 0.0337963
0 0.122526 0.438657 0.0257812 0.0282407
0 0.118164 0.446528 0.0324219 0.0449074
0 0.118099 0.456481 0.0315104 0.0638889
1 0.304688 0.809722 0.065625 0.125926
0 0.0592448 0.686111 0.027474 0.037037
1 0.442187 0.57963 0.0572917 0.101852
1 0.274219 0.765741 0.0703125 0.12963
1 0.119987 0.438194 0.0261719 0.0282407
1 0.819271 0.445833 0.00729167 0.0212963
0 0.0299398 0.558333 0.020459 0.0259259
0 0.11849 0.468634 0.0338542 0.0886574
0 0.025944 0.256481 0.0298828 0.0398148
1 0.247135 0.719444 0.0572917 0.103704
0 0.729167 0.113686 0.025 0.0374421
0 0.116081 0.438657 0.028776 0.0259259
1 0.736458 0.114236 0.009375 0.0310185
0 0.105208 0.45544 0.05625 0.0631944
1 0.0374023 0.660185 0.0139974 0.0240741
0 0.123698 0.443287 0.0263021 0.0347222
1 0.0391276 0.655093 0.0105469 0.0157407
1 0.734375 0.113166 0.0125 0.0324653
0 0.0298503 0.561111 0.0240885 0.0296296
1 0.0214844 0.321296 0.042513 0.110648
0 0.0334554 0.558333 0.026709 0.0314815
0 0.0561849 0.682407 0.0213542 0.0296296
0 0.0292318 0.555556 0.0244792 0.0296296
0 0.0278646 0.265741 0.035026 0.0574074
1 0.730729 0.11114 0.01875 0.039294
0 0.0266276 0.558333 0.0195312 0.0231481
0 0.102474 0.446296 0.0614583 0.0444444
1 0.0497721 0.402778 0.0598307 0.0925926
0 0.26849 0.988889 0.0348958 0.0222222
1 0.034082 0.246759 0.0115885 0.0166667
1 0.227344 0.286574 0.0515625 0.075
1 0.879167 0.469444 0.00833333 0.0203704
0 0.726562 0.115278 0.021875 0.0324074
1 0.171745 0.590741 0.009375 0.0203704
1 0.040625 0.653704 0.00859375 0.0138889
1 0.732292 0.108565 0.0145833 0.0356481
0 0.0515625 0.679167 0.0123698 0.0203704
0 0.11224 0.477662 0.0473958 0.107639
0 0.102604 0.46713 0.0625 0.0851852
0 0.0374349 0.659722 0.0147135 0.025
0 0.271094 0.988889 0.0291667 0.0185185
0 0.0674316 0.207986 0.0484701 0.0581019
0 0.0352214 0.55 0.0349609 0.0462963
0 0.0277344 0.563889 0.0260417 0.037037
1 0.835417 0.3375 0.0145833 0.0222222
1 0.118099 0.456481 0.0315104 0.0638889
2 0.376302 0.485069 0.0583333 0.0983796
0 0.0519857 0.46956 0.057487 0.0701389
1 0.791667 0.581944 0.0520833 0.0972222
1 0.908333 0.345833 0.00833333 0.0212963
0 0.0591309 0.69537 0.0296549 0.0555556
0 0.123438 0.475926 0.0427083 0.10463
1 0.0867188 0.725 0.0078125 0.0185185
0 0.0567708 0.462037 0.0414063 0.0564815
0 0.0295898 0.278241 0.044987 0.0837963
1 0.821875 0.30162 0.0125 0.0282407
1 0.186328 0.627778 0.0580729 0.0981481
1 0.120052 0.437963 0.0169271 0.0212963
1 0.0259847 0.254167 0.02889 0.0351852
0 0.0572266 0.456481 0.0317708 0.0472222
0 0.0233724 0.259259 0.0240885 0.0296296
1 0.11556 0.44213 0.0342448 0.0351852
0 0.723958 0.115972 0.015625 0.0305556
1 0.0664062 0.327546 0.00963542 0.0148148
0 0.033667 0.541667 0.0398275 0.0611111
1 0.0319336 0.3625 0.0598307 0.0898148
0 0.485417 0.974074 0.0635417 0.0518519
1 0.819792 0.448148 0.00833333 0.0268519
0 0.904167 0.378935 0.0520833 0.0902778
1 0.908333 0.346296 0.0104167 0.025
0 0.0356445 0.562963 0.0317057 0.0425926
0 0.120052 0.437963 0.0169271 0.0212963
0 0.0322591 0.568056 0.0333984 0.0490741
0 0.0516602 0.481481 0.0613932 0.0888889
0 0.0232747 0.256944 0.0391276 0.0472222
0 0.638021 0.562037 0.053125 0.0990741
0 0.791667 0.581944 0.0520833 0.0972222
0 0.186328 0.627778 0.0580729 0.0981481
0 0.441927 0.57963 0.0578125 0.102778
0 0.247135 0.719907 0.0572917 0.103704
0 0.172656 0.228299 0.04375 0.0693287
0 0.049707 0.402778 0.0597005 0.0930556
0 0.0320882 0.362963 0.0601725 0.0893519
0 0.227344 0.286574 0.0510417 0.075
0 0.274414 0.766667 0.0699219 0.12963
0 0.304688 0.809259 0.065625 0.125926
0 0.131771 0.167593 0.0460938 0.0680556
0 0.0218099 0.320833 0.0427083 0.110185
1 0.376042 0.485069 0.0583333 0.0983796
0 0.376302 0.485185 0.0583333 0.0990741
0 0.119141 0.441204 0.0294271 0.0342593
0 0.122656 0.438889 0.0255208 0.0287037
0 0.118034 0.446759 0.0326823 0.0453704
0 0.118099 0.456944 0.0315104 0.0657407
0 0.0592448 0.686111 0.0273438 0.037037
1 0.304948 0.809722 0.0651042 0.125926
1 0.274414 0.765741 0.0699219 0.12963
1 0.441927 0.57963 0.0578125 0.103704
0 0.0257487 0.256481 0.0296224 0.0398148
1 0.119922 0.438426 0.0260417 0.0277778
0 0.120898 0.466204 0.0355469 0.0842593
1 0.247396 0.719444 0.0572917 0.103704
1 0.819271 0.445833 0.00729167 0.0212963
0 0.116667 0.438657 0.0304688 0.0277778
0 0.728646 0.114236 0.025 0.0363426
0 0.114714 0.468056 0.0398437 0.087963
0 0.0298503 0.558333 0.0203776 0.0259259
1 0.736458 0.114352 0.009375 0.0305556
0 0.104622 0.456944 0.0574219 0.0657407
1 0.0374023 0.660185 0.0139974 0.0240741
1 0.734375 0.113223 0.0125 0.0323495
1 0.039388 0.65463 0.0101562 0.0148148
0 0.0275309 0.266667 0.0345215 0.0592593
1 0.0212891 0.32037 0.0417318 0.110185
0 0.0297852 0.561111 0.0240234 0.0314815
1 0.730729 0.111314 0.01875 0.0384838
0 0.725 0.115741 0.0197917 0.0314815
1 0.0497965 0.403009 0.0597819 0.0930556
0 0.26875 0.988889 0.034375 0.0222222
1 0.0408854 0.653704 0.00807292 0.012963
0 0.0290934 0.555556 0.0244954 0.0305556
0 0.102083 0.446296 0.0622396 0.0444444
0 0.0517578 0.67963 0.0126302 0.0212963
1 0.0340495 0.246759 0.0115885 0.0166667
1 0.171745 0.590741 0.009375 0.0194444
1 0.879167 0.469444 0.00833333 0.0203704
1 0.732292 0.108825 0.0145833 0.0355903
1 0.835417 0.337731 0.0145833 0.0226852
0 0.0333984 0.558333 0.0264323 0.0314815
0 0.0539714 0.683333 0.0174479 0.0305556
0 0.111589 0.476968 0.0481771 0.105324
0 0.0667318 0.208681 0.046875 0.056713
0 0.025944 0.558333 0.0180339 0.0231481
1 0.908333 0.345833 0.009375 0.0217593
0 0.0591146 0.698148 0.0299479 0.0611111
1 0.0867188 0.725 0.00807292 0.0185185
0 0.0374349 0.659722 0.0147135 0.025
1 0.227344 0.286574 0.0515625 0.075
2 0.376302 0.485185 0.0583333 0.0990741
0 0.0285482 0.280093 0.0429036 0.087963
1 0.119922 0.4375 0.0169271 0.0222222
1 0.791667 0.581944 0.0520833 0.0972222
1 0.821875 0.301852 0.0145833 0.0291667
0 0.0524089 0.468981 0.0592448 0.0675926
1 0.0258464 0.25463 0.0289063 0.0361111
1 0.186328 0.627778 0.0580729 0.0981481
1 0.730208 0.115625 0.0229167 0.0324074
0 0.0227214 0.260185 0.0229818 0.0324074
1 0.118099 0.456944 0.0315104 0.0657407
0 0.903646 0.379167 0.0510417 0.0898148
1 0.0319661 0.3625 0.0598958 0.0898148
0 0.035319 0.55 0.0350911 0.0472222
0 0.0585938 0.210648 0.0300781 0.0518519
1 0.404167 0.490741 0.00833333 0.0157407
0 0.0705078 0.705556 0.0514323 0.0796296
0 0.124023 0.448611 0.0282552 0.0453704
0 0.723958 0.117593 0.0125 0.0277778
0 0.0228027 0.258333 0.0390951 0.0490741
0 0.0566732 0.461574 0.0426432 0.0555556
0 0.119922 0.4375 0.0169271 0.0222222
0 0.276042 0.989815 0.01875 0.0185185
0 0.0232096 0.288426 0.0410807 0.105556
1 0.0669271 0.328704 0.0101562 0.012963
0 0.638021 0.562037 0.053125 0.0990741
0 0.791667 0.582407 0.0520833 0.0981481
0 0.186328 0.627778 0.0580729 0.0981481
0 0.441927 0.57963 0.0578125 0.102778
0 0.172656 0.228299 0.04375 0.0693287
0 0.247135 0.719907 0.0572917 0.103704
0 0.0497721 0.402778 0.0598307 0.0935185
0 0.0320231 0.3625 0.0599121 0.0898148
0 0.227344 0.286574 0.0510417 0.075
0 0.274414 0.766204 0.0699219 0.130556
0 0.304688 0.809259 0.065625 0.125926
0 0.131901 0.167593 0.0460938 0.0680556
0 0.0218099 0.320833 0.0427083 0.110185
1 0.376042 0.485185 0.0583333 0.0981481
0 0.376302 0.485185 0.0583333 0.0990741
0 0.119466 0.440509 0.028776 0.0328704
0 0.11875 0.445833 0.03125 0.0435185
0 0.122591 0.438889 0.025651 0.0287037
0 0.117969 0.45787 0.0317708 0.0675926
0 0.059375 0.686111 0.027474 0.037037
1 0.304948 0.809722 0.0651042 0.125926
1 0.274414 0.765741 0.0699219 0.12963
0 0.0257161 0.256481 0.029362 0.0398148
0 0.728646 0.114583 0.025 0.0358796
1 0.119792 0.438426 0.0263021 0.0282407
0 0.122786 0.443519 0.0304688 0.037037
0 0.114583 0.467593 0.0398437 0.0861111
1 0.441927 0.57963 0.0578125 0.102778
0 0.116081 0.438889 0.0303385 0.0277778
0 0.0298828 0.559259 0.0205078 0.0259259
1 0.819271 0.445833 0.00729167 0.0212963
1 0.247396 0.719444 0.0572917 0.103704
1 0.736458 0.114554 0.009375 0.0301505
1 0.0374349 0.660185 0.0141927 0.0240741
0 0.104557 0.457292 0.0575521 0.0668981
1 0.734375 0.113194 0.0125 0.031713
1 0.039388 0.65463 0.0102865 0.0148148
1 0.0213216 0.32037 0.041862 0.110185
0 0.0272786 0.265972 0.0339193 0.0578704
1 0.730729 0.111458 0.01875 0.037963
0 0.725 0.115972 0.01875 0.0310185
1 0.0339844 0.246759 0.0115885 0.0171296
0 0.113542 0.447917 0.0388021 0.0476852
1 0.0408854 0.653241 0.00807292 0.012963
0 0.26875 0.988889 0.034375 0.0222222
0 0.0317383 0.561574 0.0266276 0.0333333
0 0.121354 0.473264 0.0385417 0.0979167
0 0.111198 0.475926 0.0484375 0.102778
1 0.732292 0.108796 0.0145833 0.0349537
0 0.101953 0.447685 0.0622396 0.0472222
1 0.0498698 0.403241 0.0598958 0.0935185
0 0.0292236 0.556481 0.0246257 0.0296296
1 0.171745 0.590741 0.009375 0.0194444
1 0.0866536 0.725 0.00807292 0.0185185
1 0.879167 0.469444 0.00833333 0.0203704
1 0.835417 0.3375 0.0145833 0.0222222
0 0.0524414 0.680556 0.0134766 0.0240741
0 0.0374674 0.660185 0.0148437 0.0259259
0 0.0655599 0.209259 0.044401 0.0550926
1 0.227344 0.286574 0.0513021 0.075463
1 0.0259766 0.254167 0.0284505 0.0351852
0 0.0592448 0.698611 0.0299479 0.062037
0 0.0260091 0.558333 0.0181641 0.0240741
0 0.724479 0.11713 0.0135417 0.0282407
0 0.0273112 0.278704 0.0400391 0.0851852
2 0.376042 0.485185 0.0583333 0.0981481
1 0.404167 0.490741 0.00833333 0.0157407
0 0.0583984 0.211227 0.0295573 0.0506944
1 0.791667 0.582407 0.0520833 0.0962963
1 0.908333 0.345833 0.009375 0.0217593
1 0.119792 0.4375 0.0164062 0.0222222
0 0.0229492 0.258796 0.0379557 0.0490741
1 0.0320231 0.3625 0.0599121 0.0898148
0 0.0530924 0.469329 0.0597005 0.0668981
1 0.730208 0.115856 0.0229167 0.0321759
0 0.0279297 0.563889 0.0252604 0.037037
1 0.186458 0.627778 0.0583333 0.0981481
1 0.821875 0.301852 0.0145833 0.0291667
0 0.0329753 0.556944 0.0315104 0.0324074
0 0.282292 0.962963 0.0609375 0.0740741
0 0.0696615 0.70463 0.049349 0.0777778
0 0.904167 0.378935 0.0520833 0.0902778
0 0.275521 0.989815 0.0197917 0.0185185
0 0.0728027 0.208565 0.0585612 0.0643518
0 0.0216797 0.260648 0.0209635 0.0305556
0 0.730729 0.111458 0.01875 0.037963
0 0.0232422 0.287731 0.0400391 0.104167
0 0.134505 0.453704 0.0601562 0.0592593
0 0.247135 0.719444 0.0572917 0.103704
0 0.638021 0.562037 0.053125 0.0990741
0 0.791667 0.581944 0.0510417 0.0972222
0 0.186198 0.627778 0.0583333 0.0981481
0 0.441927 0.57963 0.0578125 0.102778
0 0.172656 0.228299 0.04375 0.0693287
0 0.0496663 0.402778 0.0600423 0.0935185
0 0.227344 0.286343 0.0510417 0.075463
0 0.0321289 0.3625 0.0597005 0.0888889
0 0.304688 0.809259 0.065625 0.125926
0 0.274414 0.766204 0.0699219 0.130556
0 0.132064 0.16713 0.0462891 0.06875
0 0.0217773 0.321065 0.0427083 0.111111
0 0.376302 0.485185 0.0583333 0.0990741
1 0.376042 0.485069 0.0583333 0.0983796
0 0.119401 0.440509 0.0289063 0.0328704
0 0.117969 0.446296 0.0325521 0.0444444
0 0.118099 0.458796 0.0317708 0.0694444
0 0.0593913 0.686111 0.0275716 0.037037
1 0.305208 0.809259 0.0645833 0.125926
1 0.274219 0.766204 0.0703125 0.130556
0 0.728646 0.114931 0.025 0.0354167
0 0.0256836 0.256481 0.029362 0.0398148
1 0.119661 0.438889 0.0268229 0.0287037
1 0.0374023 0.660185 0.0142578 0.0240741
0 0.114974 0.467477 0.0393229 0.0854167
1 0.442187 0.57963 0.0572917 0.102778
0 0.123112 0.443981 0.0313802 0.0388889
0 0.116341 0.438657 0.0300781 0.0277778
1 0.0391927 0.655556 0.0108073 0.0166667
1 0.736458 0.114699 0.009375 0.0298611
0 0.0299154 0.559259 0.0207682 0.0259259
1 0.247396 0.719444 0.0572917 0.103704
1 0.734375 0.113194 0.0125 0.031713
0 0.105273 0.458333 0.0561198 0.0685185
1 0.819792 0.445833 0.00833333 0.0203704
0 0.122917 0.439352 0.0244792 0.0287037
1 0.0408203 0.653704 0.00833333 0.012963
0 0.120898 0.472222 0.0373698 0.0962963
1 0.730729 0.111545 0.01875 0.0375579
0 0.725 0.115972 0.01875 0.0310185
1 0.0213542 0.320833 0.0419271 0.110185
0 0.268815 0.988889 0.0352865 0.0203704
0 0.111914 0.475116 0.0472656 0.10162
1 0.732292 0.108912 0.0145833 0.0351852
1 0.0865885 0.725 0.00807292 0.0185185
0 0.0270508 0.265741 0.0335286 0.0564815
1 0.0339518 0.246759 0.0117188 0.0166667
0 0.031901 0.561574 0.0270833 0.0333333
0 0.0374674 0.660185 0.0148437 0.0259259
0 0.282292 0.962963 0.0609375 0.0740741
1 0.0499349 0.403241 0.0598958 0.0935185
0 0.102148 0.448611 0.061849 0.0490741
1 0.171745 0.590741 0.009375 0.0194444
0 0.0293294 0.556481 0.0249349 0.0296296
0 0.0263102 0.558333 0.0176921 0.0240741
1 0.835417 0.3375 0.0145833 0.0217593
0 0.0527344 0.680556 0.0140625 0.0259259
1 0.879167 0.469444 0.00833333 0.0203704
1 0.025944 0.25463 0.0284505 0.0351852
1 0.227344 0.286574 0.0513021 0.075463
0 0.723958 0.117361 0.0125 0.0277778
2 0.376042 0.485185 0.0583333 0.0981481
1 0.404167 0.490741 0.00833333 0.0157407
0 0.275 0.989815 0.0208333 0.0185185
0 0.0649577 0.209491 0.0432617 0.0546296
0 0.0591309 0.699074 0.0301758 0.062963
1 0.729688 0.116088 0.0239583 0.0319444
1 0.791667 0.582407 0.0520833 0.0962963
0 0.0329753 0.556481 0.031901 0.0333333
0 0.0535807 0.468634 0.058724 0.0664352
1 0.821875 0.30162 0.0125 0.0282407
0 0.0583333 0.211343 0.0294271 0.050463
1 0.186458 0.627778 0.0583333 0.0990741
0 0.730729 0.111545 0.01875 0.0375579
1 0.908333 0.345833 0.0104167 0.0222222
0 0.0229004 0.258333 0.0376628 0.0490741
0 0.0516927 0.678704 0.0121094 0.0203704
0 0.0267578 0.277315 0.0396484 0.0824074
0 0.904167 0.378935 0.0520833 0.0907407
0 0.48724 0.974074 0.0604167 0.0518519
0 0.0277425 0.562963 0.0240723 0.0351852
1 0.119792 0.4375 0.0166667 0.0231481
0 0.0705729 0.20787 0.0545573 0.0634259
1 0.734375 0.115972 0.0166667 0.0319444
0 0.638021 0.562037 0.053125 0.0990741
0 0.791667 0.581944 0.0510417 0.0972222
0 0.186328 0.627778 0.0580729 0.0981481
0 0.247135 0.719444 0.0572917 0.103704
0 0.441927 0.57963 0.0578125 0.103704
0 0.172656 0.228299 0.04375 0.0693287
0 0.0496745 0.403009 0.060026 0.0939815
0 0.227344 0.286111 0.0510417 0.0759259
0 0.0321289 0.3625 0.0597005 0.0888889
0 0.274219 0.766204 0.0697917 0.130556
0 0.304948 0.809259 0.0651042 0.125926
0 0.132031 0.16713 0.0460938 0.0689815
0 0.376042 0.485185 0.0583333 0.0990741
0 0.0217773 0.321296 0.0426432 0.111111
1 0.376042 0.485185 0.0583333 0.0990741
0 0.119271 0.440509 0.0289063 0.0328704
0 0.117904 0.446065 0.0324219 0.0439815
0 0.117969 0.459259 0.0320312 0.0694444
1 0.305208 0.809259 0.0645833 0.125926
1 0.274414 0.765741 0.0699219 0.130556
0 0.059375 0.686574 0.0276042 0.037963
0 0.728646 0.115017 0.025 0.0352431
1 0.0374349 0.660185 0.0144531 0.025
0 0.0256592 0.25625 0.0292806 0.0393519
1 0.119596 0.438657 0.0269531 0.0291667
1 0.0388672 0.655556 0.0115234 0.0166667
0 0.114844 0.466782 0.0393229 0.0849537
1 0.442187 0.57963 0.0572917 0.101852
1 0.247266 0.719444 0.0570313 0.103704
0 0.123503 0.444676 0.0326823 0.0402778
0 0.029891 0.559259 0.0208171 0.0259259
0 0.116276 0.438657 0.0299479 0.0273148
1 0.736458 0.114815 0.009375 0.0296296
0 0.105859 0.458796 0.0549479 0.0694444
1 0.734375 0.113223 0.0125 0.0318866
1 0.0407552 0.653704 0.00852865 0.012963
1 0.819792 0.445833 0.00833333 0.0203704
1 0.0866536 0.725 0.00820312 0.0185185
0 0.120703 0.471759 0.0372396 0.0953704
0 0.270312 0.988889 0.03125 0.0185185
0 0.0375 0.660185 0.014974 0.0259259
1 0.0213216 0.320833 0.0419271 0.110648
0 0.282292 0.962963 0.0609375 0.0740741
0 0.725 0.115972 0.01875 0.0310185
1 0.0338216 0.246991 0.0119792 0.0171296
0 0.0317057 0.561574 0.0266276 0.0333333
1 0.730208 0.111806 0.01875 0.0377315
0 0.0268799 0.265278 0.0330892 0.0555556
1 0.171745 0.590741 0.009375 0.0194444
1 0.732292 0.108999 0.0145833 0.0352431
0 0.0265055 0.558333 0.0182129 0.0240741
1 0.0499674 0.403241 0.0598307 0.0935185
0 0.102474 0.449074 0.0614583 0.0509259
1 0.835417 0.3375 0.0145833 0.0217593
0 0.0292318 0.556481 0.0247396 0.0296296
1 0.879167 0.469444 0.00833333 0.0203704
1 0.0263672 0.253472 0.0275391 0.0328704
0 0.0525716 0.680556 0.013737 0.0240741
0 0.275 0.989815 0.021875 0.0185185
0 0.124023 0.439352 0.028776 0.0324074
1 0.227344 0.286574 0.0510417 0.075463
2 0.376042 0.485069 0.0583333 0.0983796
1 0.186458 0.627778 0.0583333 0.0990741
1 0.404167 0.490741 0.00833333 0.0157407
0 0.0591309 0.699074 0.0301758 0.062963
1 0.791667 0.582407 0.0520833 0.0962963
0 0.730208 0.111806 0.01875 0.0377315
0 0.060612 0.46713 0.0591146 0.0675926
1 0.729688 0.116088 0.0239583 0.031713
1 0.908333 0.345833 0.0104167 0.0222222
0 0.0226888 0.258796 0.0378255 0.05
0 0.4875 0.974074 0.059375 0.0518519
0 0.0277669 0.563426 0.0240885 0.0351852
0 0.0581706 0.21169 0.0292318 0.0502315
0 0.724479 0.118403 0.0125 0.0256944
0 0.0645182 0.209954 0.0423177 0.0541667
1 0.821875 0.30162 0.0125 0.0277778
0 0.134505 0.453935 0.0601562 0.0606481
0 0.247135 0.719444 0.0572917 0.103704
0 0.638021 0.562037 0.053125 0.0990741
0 0.186328 0.627778 0.0580729 0.0990741
0 0.791667 0.581944 0.0510417 0.0972222
0 0.441927 0.57963 0.0578125 0.103704
0 0.172656 0.228472 0.04375 0.0689815
0 0.0496826 0.403009 0.0600098 0.0939815
0 0.227344 0.286574 0.0510417 0.075463
0 0.0320964 0.3625 0.0596354 0.0888889
0 0.274219 0.766204 0.0697917 0.130556
0 0.305208 0.809259 0.065625 0.125926
0 0.132031 0.167014 0.0460938 0.069213
0 0.376302 0.485185 0.0583333 0.0990741
0 0.0217773 0.321528 0.0426432 0.111574
1 0.376042 0.485185 0.0583333 0.0990741
0 0.119271 0.440509 0.0289063 0.0328704
0 0.118815 0.445833 0.0311198 0.0425926
1 0.305208 0.809259 0.065625 0.125926
0 0.118034 0.459259 0.031901 0.0703704
1 0.274219 0.765741 0.0703125 0.130556
0 0.059375 0.686574 0.0277344 0.037963
0 0.728646 0.115162 0.025 0.0349537
1 0.119531 0.438657 0.0268229 0.0287037
0 0.115104 0.467477 0.0390625 0.0854167
1 0.0374023 0.660185 0.014388 0.025
1 0.247135 0.719444 0.0572917 0.103704
1 0.442187 0.57963 0.0572917 0.101852
0 0.025651 0.25625 0.0292969 0.0393519
1 0.0389648 0.655556 0.011263 0.0166667
1 0.736458 0.114931 0.00833333 0.0293981
0 0.029891 0.559259 0.0209473 0.0259259
0 0.116211 0.438426 0.0295573 0.0268519
0 0.106055 0.459722 0.0545573 0.0712963
1 0.734896 0.113542 0.0114583 0.031713
0 0.123307 0.443981 0.0276042 0.037963
0 0.270052 0.988889 0.0317708 0.0185185
0 0.120768 0.471759 0.0371094 0.0953704
1 0.0865885 0.725 0.00833333 0.0185185
1 0.0407878 0.653704 0.00839844 0.012963
0 0.282292 0.962963 0.0609375 0.0740741
0 0.0375 0.660185 0.014974 0.0259259
1 0.819792 0.44537 0.00833333 0.0203704
1 0.0213542 0.320833 0.041862 0.111111
0 0.723958 0.116088 0.0166667 0.030787
1 0.730208 0.112008 0.01875 0.0375579
0 0.031901 0.561574 0.0270833 0.0333333
0 0.113672 0.447685 0.0382813 0.0462963
1 0.0337565 0.246991 0.0121094 0.0171296
1 0.732292 0.10923 0.0145833 0.035706
0 0.0268148 0.265046 0.032959 0.0550926
1 0.171745 0.590741 0.009375 0.0194444
1 0.835417 0.3375 0.0145833 0.0217593
0 0.0264404 0.558333 0.0180827 0.0240741
0 0.274479 0.989815 0.021875 0.0185185
0 0.102799 0.449074 0.0608073 0.0518519
0 0.0292399 0.556481 0.0247233 0.0296296
1 0.026766 0.252546 0.0266764 0.0310185
1 0.0499674 0.403472 0.0598307 0.0935185
1 0.879167 0.47037 0.00833333 0.0222222
1 0.227344 0.286574 0.0510417 0.075463
0 0.0523437 0.680093 0.0132813 0.0240741
0 0.0591797 0.699074 0.0300781 0.062963
0 0.0268229 0.252315 0.026237 0.0305556
2 0.376042 0.485185 0.0583333 0.0990741
1 0.404167 0.490741 0.00833333 0.0157407
0 0.4875 0.975 0.0604167 0.05
0 0.730208 0.112008 0.01875 0.0375579
1 0.791667 0.582407 0.0520833 0.0962963
0 0.0609375 0.466667 0.0578125 0.0675926
1 0.729688 0.116204 0.0239583 0.0314815
0 0.0336263 0.556481 0.0332031 0.0333333
1 0.908333 0.345833 0.0104167 0.0222222
0 0.0229167 0.258796 0.0372396 0.05
0 0.723958 0.118519 0.0125 0.0256944
1 0.186328 0.627778 0.0580729 0.0990741
0 0.0278646 0.563426 0.0240234 0.0351852
0 0.0648438 0.209954 0.0429688 0.0541667
0 0.134375 0.453704 0.0596354 0.0611111
0 0.115625 0.483333 0.0447917 0.115741
0 0.0582357 0.211574 0.029362 0.050463
0 0.638021 0.562037 0.053125 0.0990741
0 0.791667 0.581944 0.0510417 0.0972222
0 0.186328 0.627778 0.0580729 0.0990741
0 0.441927 0.57963 0.0578125 0.102778
0 0.172656 0.228472 0.04375 0.0689815
0 0.0496826 0.403241 0.0600098 0.0935185
0 0.247135 0.719907 0.0572917 0.103704
0 0.227344 0.286574 0.0510417 0.075463
0 0.031958 0.3625 0.0595215 0.0898148
0 0.274219 0.766204 0.0697917 0.130556
0 0.305208 0.809259 0.065625 0.125926
0 0.132161 0.166782 0.0460938 0.0696759
0 0.376042 0.485185 0.0583333 0.0990741
0 0.0217773 0.321296 0.0426432 0.111111
1 0.376042 0.485069 0.0583333 0.0983796
0 0.119271 0.440509 0.0289063 0.0328704
0 0.117839 0.44537 0.0325521 0.0425926
1 0.305208 0.809259 0.065625 0.125926
0 0.118099 0.459259 0.0320312 0.0694444
1 0.274219 0.765741 0.0703125 0.130556
0 0.059375 0.686574 0.0277344 0.037963
0 0.728646 0.115278 0.025 0.0347222
1 0.119661 0.438657 0.0268229 0.0287037
1 0.247135 0.719444 0.0572917 0.103704
0 0.115169 0.466782 0.0389323 0.0849537
1 0.442187 0.57963 0.0572917 0.101852
0 0.123828 0.444444 0.0335938 0.0407407
0 0.0298828 0.559259 0.0210286 0.0259259
0 0.0253988 0.256019 0.0292806 0.0388889
1 0.0373698 0.660185 0.0143229 0.025
1 0.736458 0.115046 0.00833333 0.0291667
0 0.116211 0.438426 0.0295573 0.0268519
0 0.10625 0.459722 0.0539063 0.0703704
1 0.0390951 0.655093 0.0108724 0.0157407
1 0.0865885 0.725 0.00833333 0.0185185
0 0.270312 0.988889 0.03125 0.0185185
0 0.120768 0.471759 0.0373698 0.0944444
0 0.282227 0.962037 0.0605469 0.0759259
1 0.0213867 0.320833 0.041862 0.111111
1 0.0408203 0.653241 0.00826823 0.012963
0 0.268294 0.988889 0.0373698 0.0222222
0 0.0319661 0.561111 0.0272135 0.0333333
1 0.0336914 0.246991 0.0122396 0.0171296
1 0.730208 0.112037 0.01875 0.0377315
1 0.835417 0.3375 0.0145833 0.0222222
0 0.0374674 0.660185 0.0149089 0.0259259
0 0.0266276 0.558333 0.0184896 0.0240741
0 0.723958 0.116204 0.0166667 0.0305556
1 0.171745 0.590741 0.009375 0.0194444
1 0.732292 0.109375 0.0145833 0.0358796
1 0.819792 0.445602 0.00833333 0.0199074
0 0.27474 0.989815 0.021875 0.0185185
1 0.0277995 0.251389 0.0246094 0.0282407
0 0.0267904 0.265046 0.0329427 0.0546296
0 0.103255 0.448148 0.0596354 0.05
0 0.123828 0.439583 0.0286458 0.0328704
1 0.879167 0.47037 0.00833333 0.0222222
1 0.05 0.403472 0.0597656 0.0935185
0 0.0611328 0.466204 0.0566406 0.0675926
1 0.227344 0.286574 0.0505208 0.075
0 0.0597005 0.698148 0.0295573 0.0611111
0 0.0524089 0.680093 0.0132813 0.0240741
1 0.734375 0.11386 0.0125 0.0310764
1 0.908333 0.345833 0.0104167 0.0222222
1 0.791667 0.581944 0.0520833 0.0972222
0 0.0341797 0.556019 0.0339844 0.0342593
0 0.0230306 0.258333 0.0371419 0.0490741
0 0.0278971 0.562963 0.0240234 0.0351852
1 0.729688 0.116204 0.0239583 0.0314815
1 0.0254639 0.256019 0.02889 0.037963
0 0.0273763 0.251389 0.0251302 0.0287037
0 0.0609212 0.457407 0.0367513 0.0481481
2 0.376042 0.485069 0.0583333 0.0983796
0 0.730208 0.112037 0.01875 0.0377315
0 0.0651042 0.209838 0.0434896 0.0548611
0 0.134505 0.453472 0.0601562 0.0606481
1 0.186328 0.627778 0.0580729 0.0990741
0 0.11556 0.483333 0.0451823 0.115741
0 0.0582682 0.211574 0.0294271 0.050463
1 0.404167 0.490741 0.00833333 0.0157407
0 0.4875 0.975 0.0604167 0.05
<<<<<<< HEAD
0 0.638542 0.562037 0.0520833 0.0990741
0 0.441927 0.57963 0.0578125 0.102778
0 0.791667 0.581944 0.0510417 0.0972222
0 0.186328 0.627778 0.0580729 0.0990741
0 0.172526 0.228472 0.04375 0.0689815
0 0.0496826 0.403241 0.0600098 0.0939815
0 0.247135 0.719907 0.0572917 0.103704
0 0.227344 0.286574 0.0510417 0.075
0 0.0319661 0.3625 0.0595052 0.0898148
0 0.274219 0.766204 0.0697917 0.130556
0 0.305208 0.809259 0.065625 0.125926
0 0.132064 0.166782 0.0462891 0.0696759
0 0.376302 0.485069 0.0583333 0.0983796
0 0.0217936 0.321296 0.0426107 0.111111
1 0.376042 0.485069 0.0583333 0.0983796
0 0.119271 0.440278 0.0289063 0.0324074
0 0.117773 0.444907 0.0326823 0.0416667
1 0.274219 0.765741 0.0697917 0.12963
1 0.305208 0.809259 0.065625 0.125926
0 0.117969 0.458796 0.0322917 0.0685185
0 0.059375 0.686574 0.0277344 0.037963
1 0.119531 0.438657 0.0270833 0.0291667
0 0.729167 0.115394 0.025 0.0344907
1 0.247135 0.719444 0.0572917 0.103704
0 0.114974 0.466204 0.0393229 0.0833333
0 0.0299805 0.559259 0.0209635 0.0259259
0 0.121224 0.449074 0.0320312 0.0481481
0 0.124219 0.444444 0.0348958 0.0407407
0 0.116211 0.438426 0.0298177 0.0268519
1 0.736458 0.115046 0.00833333 0.0291667
0 0.0254232 0.256019 0.029362 0.0388889
1 0.442187 0.57963 0.0572917 0.101852
0 0.106641 0.459259 0.053125 0.0694444
1 0.0373698 0.660185 0.0141927 0.0240741
1 0.0865885 0.725 0.00833333 0.0185185
1 0.0392578 0.65463 0.0104167 0.0148148
0 0.270573 0.988889 0.0307292 0.0185185
0 0.120833 0.471181 0.0377604 0.0928241
0 0.282292 0.961111 0.0609375 0.0777778
0 0.0321615 0.561574 0.027474 0.0324074
1 0.0213867 0.321296 0.041862 0.111111
0 0.268294 0.988889 0.0373698 0.0222222
1 0.835417 0.337731 0.0145833 0.0222222
1 0.730208 0.112153 0.01875 0.0372685
1 0.0335938 0.246991 0.0123698 0.0171296
1 0.0408854 0.653241 0.00807292 0.012963
1 0.171745 0.590741 0.009375 0.0194444
0 0.27474 0.989815 0.021875 0.0185185
1 0.0288737 0.250463 0.0224609 0.0259259
0 0.723958 0.116435 0.0166667 0.0300926
1 0.732292 0.109491 0.015625 0.0361111
1 0.819792 0.445602 0.00833333 0.0199074
0 0.104297 0.447222 0.0575521 0.0481481
0 0.0268555 0.264815 0.0330078 0.0537037
0 0.031901 0.556481 0.0264974 0.0296296
0 0.0265544 0.558333 0.0190267 0.0240741
0 0.0374349 0.660185 0.0148437 0.0259259
0 0.123763 0.439352 0.0290365 0.0333333
0 0.0597005 0.698148 0.0295573 0.0611111
1 0.908333 0.345833 0.0104167 0.0222222
0 0.0611979 0.465856 0.0565104 0.0664352
1 0.734375 0.113686 0.0125 0.0309606
1 0.879167 0.47037 0.00833333 0.0222222
1 0.227344 0.286574 0.0505208 0.075
1 0.0499674 0.403704 0.0597005 0.0935185
0 0.0522135 0.680093 0.0130208 0.0240741
0 0.0280273 0.563426 0.0244141 0.0351852
0 0.023291 0.25787 0.0368815 0.0472222
0 0.0344727 0.556481 0.0338542 0.0333333
1 0.729688 0.116088 0.0239583 0.0314815
1 0.791667 0.581944 0.0510417 0.0972222
0 0.0610026 0.457407 0.0367187 0.0481481
0 0.0582357 0.211574 0.029362 0.0509259
0 0.134505 0.453009 0.0601562 0.0597222
2 0.376042 0.485069 0.0583333 0.0983796
0 0.0648438 0.209838 0.043099 0.0553241
1 0.0254883 0.256019 0.0289063 0.037963
1 0.186328 0.627778 0.0580729 0.0990741
0 0.027832 0.250463 0.0242839 0.0273148
0 0.272852 0.967593 0.0605469 0.0648148
0 0.296875 0.961343 0.03125 0.0736111
0 0.638542 0.562037 0.0520833 0.0990741
0 0.441927 0.57963 0.0578125 0.102778
0 0.791667 0.581944 0.0510417 0.0972222
0 0.186458 0.627778 0.0578125 0.0990741
0 0.247135 0.719444 0.0572917 0.103704
0 0.049707 0.403241 0.0599609 0.0935185
0 0.172656 0.228472 0.04375 0.0689815
0 0.227344 0.286574 0.0507812 0.075
0 0.0320231 0.3625 0.0595215 0.0898148
0 0.274219 0.766204 0.0697917 0.130556
0 0.305208 0.809259 0.065625 0.125926
0 0.132161 0.166667 0.0463542 0.0699074
0 0.376042 0.485069 0.0583333 0.0983796
0 0.0218424 0.321296 0.0426432 0.111111
0 0.119206 0.440278 0.0292969 0.0324074
1 0.376042 0.485185 0.0583333 0.0981481
0 0.117643 0.444907 0.0329427 0.0407407
1 0.305208 0.809259 0.065625 0.125926
1 0.274414 0.765741 0.0699219 0.12963
0 0.117969 0.458796 0.0325521 0.0685185
0 0.0593587 0.686574 0.0276367 0.037963
0 0.729167 0.115509 0.025 0.0342593
1 0.119401 0.438889 0.0276042 0.0291667
0 0.115104 0.466204 0.0393229 0.0833333
0 0.0300456 0.559259 0.0210286 0.0259259
1 0.247135 0.719444 0.0572917 0.103704
0 0.116211 0.438426 0.0300781 0.0268519
0 0.121354 0.449074 0.0322917 0.0481481
1 0.736458 0.115046 0.00833333 0.0291667
0 0.0254232 0.255787 0.029362 0.0384259
0 0.124479 0.444444 0.0356771 0.0398148
1 0.0865885 0.725 0.00833333 0.0194444
0 0.114453 0.453241 0.0382813 0.0564815
0 0.106315 0.459259 0.053776 0.0694444
0 0.270573 0.988889 0.0307292 0.0185185
1 0.0373698 0.660185 0.0141276 0.0240741
1 0.442187 0.57963 0.0572917 0.101852
0 0.120703 0.471181 0.0380208 0.0928241
0 0.282357 0.961111 0.0602865 0.0777778
1 0.039388 0.65463 0.0101562 0.0148148
0 0.032487 0.562037 0.028125 0.0333333
0 0.268294 0.988889 0.0373698 0.0222222
1 0.171615 0.590741 0.009375 0.0185185
1 0.0214355 0.321296 0.0419596 0.112037
1 0.730208 0.112153 0.01875 0.037037
1 0.0335286 0.246991 0.0125 0.0171296
1 0.835417 0.337731 0.0145833 0.0222222
0 0.274479 0.989815 0.021875 0.0185185
1 0.0292969 0.25 0.0216146 0.0259259
0 0.723958 0.116435 0.0166667 0.0300926
1 0.0409505 0.652778 0.0078776 0.012963
0 0.104492 0.446759 0.056901 0.0472222
0 0.0319987 0.556481 0.0266276 0.0296296
0 0.0267497 0.558333 0.0194173 0.0240741
1 0.819792 0.445602 0.00833333 0.0199074
1 0.732292 0.109606 0.015625 0.0361111
0 0.061263 0.465741 0.0557292 0.0657407
0 0.0268229 0.264815 0.0329427 0.0537037
1 0.908333 0.345602 0.0104167 0.0226852
1 0.734375 0.113773 0.0125 0.0310185
0 0.0236654 0.256944 0.0360026 0.0453704
0 0.0610514 0.457523 0.0367513 0.0479167
0 0.0596517 0.698148 0.0296549 0.0611111
0 0.0374349 0.660185 0.014974 0.0259259
1 0.730208 0.115972 0.0229167 0.0314815
1 0.879167 0.469907 0.00833333 0.0222222
0 0.0280273 0.563426 0.0242839 0.0351852
1 0.227344 0.286574 0.0507812 0.075
0 0.0346273 0.556481 0.0338704 0.0333333
0 0.123698 0.439352 0.0291667 0.0324074
2 0.376042 0.485185 0.0583333 0.0981481
0 0.0520182 0.67963 0.0126302 0.0240741
1 0.791667 0.581944 0.0520833 0.0972222
0 0.134635 0.452778 0.0606771 0.0592593
0 0.0728516 0.465278 0.0683594 0.0712963
1 0.0499919 0.403704 0.0596517 0.0935185
0 0.0539388 0.683796 0.0173828 0.0305556
0 0.0278646 0.250231 0.0242187 0.0268519
0 0.486979 0.975 0.0625 0.05
1 0.025529 0.255556 0.02889 0.037037
0 0.063737 0.462963 0.0497396 0.0509259
0 0.0582357 0.211574 0.0294922 0.0509259
0 0.0650391 0.210069 0.0436198 0.055787
0 0.11263 0.439352 0.0359375 0.0314815
1 0.0663411 0.328241 0.0111979 0.0138889
0 0.270833 0.968518 0.0557292 0.062963
0 0.0284505 0.558333 0.0286458 0.0296296
0 0.638542 0.562037 0.0520833 0.0990741
0 0.442187 0.57963 0.0572917 0.101852
0 0.791667 0.581944 0.0510417 0.0972222
0 0.186458 0.627778 0.0578125 0.0990741
0 0.247005 0.719444 0.0570313 0.103704
0 0.0497314 0.403472 0.0599121 0.0939815
0 0.172656 0.228472 0.04375 0.0689815
0 0.227344 0.286574 0.0507812 0.075
0 0.0320231 0.3625 0.0595215 0.0898148
0 0.274219 0.765741 0.0697917 0.12963
0 0.305208 0.809259 0.065625 0.125926
0 0.376302 0.485069 0.0583333 0.0983796
0 0.132064 0.166667 0.0462891 0.0696759
0 0.0218262 0.321065 0.0426107 0.110648
0 0.119141 0.440278 0.0294271 0.0324074
1 0.376042 0.485185 0.0583333 0.0981481
1 0.305208 0.809259 0.065625 0.125926
0 0.118359 0.45162 0.0341146 0.0541667
1 0.274414 0.765741 0.0699219 0.12963
0 0.114974 0.458796 0.0377604 0.0694444
0 0.116276 0.444676 0.0338542 0.0402778
0 0.0593587 0.686111 0.0276367 0.037037
0 0.122201 0.456481 0.036849 0.0648148
1 0.119271 0.438889 0.0278646 0.0291667
0 0.729167 0.115625 0.025 0.0340278
0 0.116276 0.438426 0.0302083 0.0268519
1 0.736458 0.115046 0.00833333 0.0293981
1 0.247266 0.719444 0.0570313 0.103704
0 0.0300456 0.559259 0.021224 0.0259259
0 0.0254476 0.255556 0.0294434 0.037963
0 0.117839 0.471759 0.0369792 0.0944444
0 0.12474 0.443981 0.0361979 0.0398148
1 0.0865885 0.725 0.00833333 0.0194444
0 0.26901 0.988889 0.034375 0.0222222
0 0.10599 0.458796 0.0541667 0.0685185
0 0.282552 0.960185 0.0598958 0.0796296
1 0.442187 0.57963 0.0572917 0.101852
1 0.0373698 0.660185 0.0140625 0.0240741
0 0.0325846 0.562037 0.0284505 0.0333333
1 0.171615 0.590741 0.009375 0.0185185
1 0.0395508 0.65463 0.00983073 0.0148148
1 0.73125 0.112269 0.01875 0.0365741
1 0.0299154 0.249306 0.0203776 0.024537
1 0.0336914 0.247222 0.0125651 0.0185185
0 0.274479 0.989815 0.0223958 0.0185185
0 0.723958 0.116435 0.0166667 0.0300926
1 0.835417 0.337731 0.0145833 0.0222222
0 0.104557 0.446296 0.0567708 0.0453704
1 0.819792 0.445602 0.00833333 0.0199074
0 0.0338216 0.557407 0.0282552 0.0296296
0 0.0268229 0.558333 0.0195964 0.0240741
0 0.0611816 0.465741 0.0555013 0.0648148
1 0.732292 0.109722 0.0145833 0.0361111
1 0.734375 0.113773 0.0125 0.030787
1 0.0410156 0.652778 0.00768229 0.012963
1 0.908333 0.345602 0.0104167 0.0226852
0 0.0610026 0.456944 0.0367187 0.0472222
1 0.730208 0.115972 0.0229167 0.0314815
0 0.0596517 0.697222 0.0296549 0.0592593
0 0.0267904 0.264815 0.0328776 0.0537037
1 0.0216146 0.321759 0.0425781 0.111111
0 0.0535807 0.683333 0.0165365 0.0296296
0 0.0279867 0.562963 0.0241048 0.0351852
0 0.0374349 0.660185 0.014974 0.0259259
1 0.879167 0.469444 0.00833333 0.0222222
1 0.227344 0.286574 0.0507812 0.075
1 0.791667 0.581944 0.0510417 0.0972222
0 0.0721354 0.464815 0.0667969 0.0703704
0 0.0351562 0.555556 0.0355469 0.0351852
0 0.0514974 0.67963 0.0121094 0.0203704
1 0.066276 0.328241 0.0111979 0.0138889
0 0.486458 0.975 0.0645833 0.05
1 0.0255127 0.255324 0.0287923 0.0365741
0 0.134603 0.452546 0.0604818 0.0587963
0 0.270052 0.97037 0.0536458 0.0592593
1 0.172396 0.590741 0.0119792 0.0222222
1 0.733854 0.115741 0.0177083 0.031713
0 0.296875 0.961111 0.0307292 0.0740741
1 0.05 0.403704 0.0596354 0.0935185
0 0.0652181 0.210185 0.044043 0.0560185
2 0.376042 0.485185 0.0583333 0.0981481
0 0.26901 0.976852 0.0375 0.0462963
0 0.0582357 0.211574 0.0296224 0.0513889
1 0.836458 0.380093 0.00625 0.012963
0 0.638542 0.562037 0.0520833 0.0981481
0 0.442187 0.57963 0.0572917 0.101852
0 0.791667 0.581944 0.0510417 0.0972222
0 0.186328 0.627778 0.0580729 0.0990741
0 0.247135 0.719444 0.0567708 0.103704
0 0.049707 0.403241 0.0599609 0.0935185
0 0.172656 0.228472 0.04375 0.0689815
0 0.227344 0.286343 0.0507812 0.075463
0 0.0320964 0.3625 0.0595052 0.0888889
0 0.274219 0.766204 0.0697917 0.130556
0 0.305208 0.809259 0.065625 0.125926
0 0.376042 0.485069 0.0583333 0.0983796
0 0.132064 0.166667 0.0462891 0.0694444
0 0.0218424 0.320833 0.0426432 0.110185
0 0.11901 0.440278 0.0296875 0.0324074
1 0.376042 0.485185 0.0583333 0.0981481
1 0.305208 0.809259 0.065625 0.125926
1 0.274414 0.765741 0.0699219 0.12963
0 0.118294 0.451852 0.0345052 0.0546296
0 0.115039 0.458796 0.0376302 0.0694444
0 0.116276 0.444676 0.0341146 0.0402778
0 0.122201 0.456944 0.0371094 0.0648148
0 0.0593587 0.686111 0.0276367 0.037037
1 0.247266 0.719444 0.0570313 0.103704
1 0.119076 0.438889 0.0285156 0.0296296
0 0.729167 0.115625 0.025 0.0340278
1 0.736458 0.115046 0.00833333 0.0293981
0 0.11543 0.438426 0.0303385 0.0268519
0 0.117969 0.472106 0.0367187 0.0946759
0 0.0254883 0.255556 0.0296224 0.037963
0 0.0301758 0.559259 0.0213542 0.0259259
0 0.105729 0.458796 0.0546875 0.0685185
0 0.269336 0.987963 0.0342448 0.0222222
0 0.12474 0.443981 0.0361979 0.0398148
1 0.442187 0.57963 0.0572917 0.101852
1 0.0865885 0.725 0.00846354 0.0194444
0 0.282552 0.959259 0.0598958 0.0814815
1 0.73125 0.112384 0.0177083 0.0363426
1 0.0373698 0.660185 0.0139323 0.0240741
1 0.0303711 0.248843 0.0195312 0.0231481
0 0.0329997 0.562037 0.0291829 0.0351852
1 0.171745 0.590741 0.00963542 0.0185185
1 0.0336589 0.247222 0.0126953 0.0185185
0 0.274479 0.989815 0.0229167 0.0185185
0 0.104687 0.445833 0.05625 0.0444444
0 0.723958 0.116435 0.0166667 0.0300926
1 0.0395182 0.65463 0.00976562 0.0148148
0 0.0614421 0.465741 0.0557617 0.0648148
0 0.0612142 0.457523 0.0377279 0.0479167
1 0.730208 0.115856 0.021875 0.0310185
1 0.835417 0.337731 0.0145833 0.0222222
1 0.734896 0.113889 0.0114583 0.0310185
1 0.819792 0.445602 0.00833333 0.0199074
1 0.0661458 0.328241 0.0115885 0.0143519
0 0.0297852 0.556481 0.0251953 0.0296296
0 0.486458 0.974074 0.0635417 0.0518519
0 0.0342367 0.557407 0.0290527 0.0296296
1 0.908333 0.345833 0.0104167 0.0222222
0 0.0722005 0.464815 0.0665365 0.0703704
1 0.227344 0.286574 0.0507812 0.075
1 0.791667 0.581944 0.0510417 0.0972222
1 0.0216309 0.321528 0.0425456 0.111111
0 0.0268229 0.264815 0.0329427 0.0527778
0 0.26849 0.972222 0.0505208 0.0555556
1 0.0409505 0.652778 0.0078125 0.012963
1 0.734375 0.115741 0.0166667 0.0314815
0 0.0280924 0.563426 0.0246745 0.0351852
0 0.0597656 0.697222 0.0296875 0.0592593
0 0.269206 0.975926 0.0376302 0.0481481
0 0.134375 0.452315 0.0601562 0.0592593
1 0.186328 0.627778 0.0580729 0.0990741
1 0.0255859 0.255093 0.0288411 0.0361111
0 0.0228678 0.258796 0.022819 0.0324074
1 0.879167 0.469444 0.00833333 0.0222222
0 0.0655599 0.209954 0.0449219 0.0569444
0 0.638542 0.562037 0.0520833 0.0981481
0 0.442187 0.57963 0.0572917 0.101852
0 0.791667 0.581944 0.0510417 0.0972222
0 0.186328 0.627778 0.0580729 0.0990741
0 0.049707 0.403241 0.0599609 0.0935185
0 0.247135 0.719444 0.0567708 0.103704
0 0.172656 0.228472 0.04375 0.0694444
0 0.227344 0.286343 0.0507812 0.075463
0 0.0321045 0.3625 0.0594889 0.0888889
0 0.274219 0.766204 0.0697917 0.130556
0 0.376042 0.485185 0.0583333 0.0990741
0 0.305208 0.809259 0.065625 0.125926
0 0.132064 0.166782 0.0462891 0.0696759
0 0.021875 0.320833 0.0427083 0.110185
0 0.11901 0.440278 0.0299479 0.0324074
1 0.305208 0.809722 0.065625 0.125926
1 0.376042 0.485185 0.0583333 0.0990741
0 0.118229 0.451852 0.0348958 0.0555556
1 0.274414 0.765741 0.0699219 0.12963
0 0.115039 0.458796 0.0376302 0.0694444
0 0.116146 0.444676 0.0346354 0.0402778
0 0.122331 0.456481 0.0376302 0.0638889
1 0.11901 0.438889 0.0289063 0.0296296
0 0.059375 0.686111 0.0277344 0.037037
1 0.736458 0.115046 0.00833333 0.0291667
0 0.729167 0.11548 0.025 0.0338542
0 0.115365 0.438657 0.0307292 0.0273148
0 0.118034 0.471759 0.036849 0.0935185
0 0.124609 0.443981 0.0364583 0.0398148
0 0.0302409 0.559259 0.0216797 0.0259259
0 0.105534 0.458333 0.0550781 0.0685185
0 0.025529 0.255556 0.0298014 0.037963
1 0.247135 0.719444 0.0567708 0.103704
0 0.269336 0.988889 0.0342448 0.0222222
1 0.442187 0.57963 0.0572917 0.101852
1 0.0865885 0.725 0.00859375 0.0203704
1 0.0308675 0.24838 0.0186035 0.0222222
0 0.282813 0.955324 0.059375 0.0856481
1 0.73125 0.1125 0.0177083 0.0361111
0 0.104883 0.445833 0.0558594 0.0453704
1 0.0336263 0.247222 0.0128255 0.0185185
0 0.0332031 0.562037 0.0296875 0.0351852
1 0.0661458 0.328241 0.0117188 0.0143519
1 0.0373698 0.660185 0.0138021 0.0240741
0 0.723958 0.116204 0.0166667 0.0300926
1 0.171745 0.590741 0.00963542 0.0185185
0 0.275 0.989815 0.021875 0.0185185
0 0.0614583 0.457407 0.0382813 0.0472222
0 0.0616048 0.465278 0.0567383 0.0648148
0 0.486458 0.974074 0.0635417 0.0518519
1 0.734896 0.113918 0.0114583 0.0309606
1 0.819271 0.445602 0.00833333 0.0199074
1 0.835417 0.3375 0.0145833 0.0222222
1 0.0397135 0.654167 0.009375 0.0138889
0 0.0724121 0.464352 0.067155 0.0694444
0 0.0299561 0.556481 0.025765 0.0296296
0 0.034375 0.557407 0.0296224 0.0296296
1 0.729167 0.115046 0.0229167 0.0335648
1 0.0217448 0.321759 0.0427083 0.112037
1 0.791667 0.581944 0.0520833 0.0972222
0 0.134245 0.451852 0.0604167 0.0574074
1 0.186198 0.627778 0.0583333 0.0990741
1 0.908333 0.345833 0.0104167 0.0222222
1 0.227344 0.286343 0.0507812 0.075463
0 0.267969 0.973148 0.0479167 0.0537037
1 0.0360026 0.662037 0.0123047 0.0203704
0 0.028182 0.563889 0.0252767 0.037037
0 0.0658691 0.210069 0.0456055 0.0571759
0 0.111068 0.441204 0.0382813 0.0342593
0 0.638542 0.562037 0.0520833 0.0981481
0 0.442187 0.57963 0.0572917 0.101852
0 0.791667 0.581944 0.0510417 0.0972222
0 0.186328 0.627778 0.0580729 0.1
0 0.247135 0.719444 0.0567708 0.103704
0 0.049707 0.403241 0.0599609 0.0935185
0 0.0320638 0.3625 0.0595703 0.0898148
0 0.172656 0.228762 0.0440104 0.0693287
0 0.227344 0.286111 0.0507812 0.0759259
0 0.376042 0.485185 0.0583333 0.0990741
0 0.274219 0.765741 0.0703125 0.12963
0 0.132064 0.166667 0.0462891 0.0699074
0 0.304948 0.809259 0.065625 0.125926
0 0.0218424 0.320833 0.0426432 0.110185
0 0.11888 0.440278 0.0302083 0.0324074
1 0.305208 0.809722 0.065625 0.125926
1 0.376042 0.485185 0.0583333 0.0990741
0 0.118099 0.452315 0.0351562 0.0555556
1 0.274414 0.765741 0.0699219 0.12963
0 0.115039 0.458796 0.0376302 0.0685185
0 0.116016 0.444676 0.0348958 0.0402778
0 0.122526 0.45544 0.0382813 0.0631944
1 0.11888 0.438889 0.0291667 0.0296296
0 0.115234 0.438889 0.03125 0.0277778
0 0.0593913 0.686111 0.027832 0.037037
0 0.729167 0.115509 0.025 0.0337963
0 0.118034 0.471759 0.0371094 0.0935185
1 0.736458 0.115278 0.00833333 0.0291667
0 0.124674 0.443981 0.0371094 0.0388889
0 0.105729 0.45787 0.0546875 0.0675926
0 0.0302816 0.559259 0.0221191 0.0268519
1 0.247135 0.719444 0.0567708 0.103704
1 0.442187 0.57963 0.0572917 0.101852
0 0.0255534 0.255093 0.030013 0.037037
0 0.269531 0.988889 0.0338542 0.0222222
0 0.105339 0.44537 0.0546875 0.0444444
1 0.0865885 0.725 0.00859375 0.0203704
1 0.0309163 0.248148 0.0185059 0.0222222
1 0.0660807 0.328241 0.0117188 0.0143519
0 0.283268 0.955556 0.0584635 0.087037
1 0.0336589 0.247222 0.0128906 0.0185185
0 0.0613932 0.457407 0.0386719 0.0472222
0 0.0332682 0.562037 0.0301432 0.0361111
0 0.485938 0.974074 0.0645833 0.0518519
1 0.73125 0.11276 0.0177083 0.0360532
0 0.723958 0.116204 0.0166667 0.0300926
1 0.171745 0.590741 0.00963542 0.0185185
0 0.0618327 0.465278 0.0573242 0.0638889
1 0.0374349 0.660185 0.0136068 0.0240741
0 0.73125 0.115856 0.01875 0.030787
1 0.819271 0.445602 0.00833333 0.0199074
0 0.27526 0.990741 0.0213542 0.0185185
1 0.835417 0.3375 0.0145833 0.0222222
1 0.0217448 0.321528 0.0427083 0.111574
1 0.791667 0.581944 0.0510417 0.0972222
0 0.0725911 0.464352 0.0678385 0.0694444
1 0.734896 0.11386 0.0114583 0.0306134
1 0.186198 0.627778 0.0583333 0.0990741
0 0.0302165 0.556481 0.026416 0.0296296
1 0.227344 0.286574 0.0510417 0.0759259
0 0.134603 0.451157 0.0615234 0.0569444
0 0.267708 0.974074 0.0473958 0.0518519
1 0.0397461 0.654167 0.0093099 0.0138889
0 0.0246419 0.255556 0.0363932 0.0439815
0 0.110937 0.441204 0.0385417 0.0333333
0 0.638542 0.562037 0.0520833 0.0981481
0 0.441927 0.57963 0.0578125 0.101852
0 0.791667 0.581944 0.0510417 0.0972222
0 0.186198 0.627778 0.0583333 0.1
0 0.0496826 0.403241 0.0600098 0.0935185
0 0.247135 0.719444 0.0567708 0.103704
0 0.376042 0.485185 0.0583333 0.0990741
0 0.227344 0.286111 0.0507812 0.0759259
0 0.172656 0.228762 0.0440104 0.0693287
0 0.0321289 0.3625 0.0594401 0.0888889
0 0.274219 0.765741 0.0703125 0.12963
0 0.132161 0.166667 0.0463542 0.0699074
0 0.304948 0.809259 0.065625 0.125926
0 0.0218424 0.320602 0.0426432 0.109722
0 0.11875 0.440278 0.0304688 0.0324074
1 0.304948 0.809722 0.065625 0.125926
0 0.117904 0.452315 0.0358073 0.0555556
1 0.376042 0.485185 0.0583333 0.0990741
1 0.274219 0.765741 0.0703125 0.12963
0 0.114714 0.45787 0.0382813 0.0675926
0 0.11582 0.444676 0.0355469 0.0402778
0 0.122656 0.455324 0.0390625 0.0625
1 0.118815 0.438889 0.0292969 0.0296296
0 0.115104 0.438889 0.0317708 0.0277778
0 0.105469 0.457407 0.0549479 0.0666667
0 0.117904 0.471296 0.0376302 0.0935185
0 0.12474 0.443519 0.0375 0.0388889
0 0.0595215 0.687037 0.0280924 0.0388889
0 0.729167 0.115394 0.025 0.0337963
1 0.735937 0.115278 0.00833333 0.0291667
1 0.442187 0.57963 0.0572917 0.101852
0 0.105273 0.445139 0.0548177 0.0439815
1 0.247135 0.719444 0.0567708 0.103704
0 0.030306 0.559259 0.0223958 0.0268519
1 0.0660156 0.328241 0.0117188 0.0148148
0 0.0255208 0.25463 0.0303385 0.037037
1 0.0865885 0.724537 0.00885417 0.0203704
0 0.269531 0.987963 0.0338542 0.0240741
0 0.485938 0.974074 0.065625 0.0518519
0 0.0613118 0.457407 0.0393555 0.0481481
1 0.0309977 0.248148 0.0186035 0.0222222
0 0.283333 0.955556 0.0583333 0.087037
1 0.0336263 0.247222 0.0130859 0.0189815
0 0.27194 0.988889 0.0279948 0.0185185
0 0.0333415 0.562037 0.0304525 0.037037
1 0.0217448 0.321296 0.0427083 0.111111
0 0.0623047 0.464931 0.058724 0.0645833
1 0.791667 0.582407 0.0510417 0.0981481
1 0.819271 0.445602 0.00833333 0.0199074
0 0.723958 0.116204 0.0166667 0.0300926
1 0.73125 0.112703 0.0177083 0.035706
1 0.835417 0.3375 0.0145833 0.0222222
0 0.0743327 0.464352 0.072168 0.0694444
1 0.227344 0.286574 0.0510417 0.0759259
1 0.0380859 0.657407 0.0123698 0.0185185
1 0.186198 0.627778 0.0583333 0.0990741
1 0.171745 0.590741 0.00963542 0.0185185
0 0.134896 0.450926 0.0625 0.0564815
0 0.110677 0.441204 0.0398437 0.0342593
0 0.732292 0.115972 0.0177083 0.0305556
0 0.275521 0.990741 0.0203125 0.0185185
0 0.0998698 0.472685 0.0677083 0.0916667
0 0.638542 0.562037 0.0520833 0.0990741
0 0.441927 0.57963 0.0578125 0.101852
0 0.791667 0.582407 0.0510417 0.0962963
0 0.186198 0.627778 0.0583333 0.1
0 0.0496826 0.403241 0.0600098 0.0935185
0 0.247135 0.719444 0.0567708 0.103704
0 0.376042 0.485185 0.0583333 0.0990741
0 0.227344 0.286111 0.0507812 0.0759259
0 0.172656 0.228762 0.0442708 0.0693287
0 0.0321289 0.3625 0.0594401 0.0888889
0 0.274219 0.765741 0.0703125 0.12963
0 0.304948 0.809259 0.065625 0.125926
0 0.132324 0.166898 0.0462891 0.0694444
0 0.0218424 0.320833 0.0426432 0.109259
0 0.11875 0.440278 0.0307292 0.0324074
1 0.304948 0.809722 0.065625 0.125926
0 0.117057 0.444907 0.0346354 0.0407407
0 0.117708 0.452778 0.0361979 0.0564815
1 0.274219 0.765741 0.0697917 0.12963
1 0.376042 0.485185 0.0583333 0.0990741
0 0.117969 0.464699 0.0346354 0.0798611
1 0.11888 0.438889 0.0294271 0.0291667
0 0.115104 0.438889 0.0322917 0.0277778
1 0.442187 0.57963 0.0572917 0.101852
0 0.105273 0.456944 0.0553385 0.0657407
0 0.124609 0.443519 0.0375 0.0388889
0 0.105208 0.444907 0.0549479 0.0435185
0 0.729167 0.115943 0.0260417 0.0329282
0 0.112109 0.472338 0.0471354 0.094213
1 0.735937 0.115278 0.00833333 0.0289352
0 0.0594401 0.687037 0.028125 0.0388889
1 0.247135 0.719444 0.0567708 0.103704
1 0.0660156 0.328241 0.0119792 0.0148148
0 0.485417 0.974074 0.0666667 0.0518519
0 0.0302409 0.559259 0.022526 0.0277778
0 0.0611328 0.457407 0.0398437 0.0481481
1 0.0865885 0.724537 0.00885417 0.0203704
0 0.0254639 0.254167 0.0304525 0.0361111
0 0.028125 0.258565 0.0345703 0.0472222
0 0.269727 0.987037 0.0334635 0.0259259
1 0.791667 0.582407 0.0510417 0.0981481
1 0.0217448 0.321065 0.0427083 0.110648
0 0.283594 0.955556 0.0578125 0.087037
0 0.0628255 0.464815 0.0598958 0.0657407
1 0.0309245 0.248148 0.01875 0.0222222
0 0.0768066 0.464005 0.0776367 0.0701389
0 0.0332113 0.562037 0.0305827 0.037037
1 0.0335286 0.247222 0.0132813 0.0194444
1 0.227344 0.286111 0.0507812 0.0759259
1 0.819271 0.44537 0.00833333 0.0203704
1 0.835417 0.337731 0.0145833 0.0222222
0 0.723958 0.116204 0.0166667 0.0303241
1 0.73125 0.112703 0.0166667 0.0352431
1 0.186198 0.627778 0.0583333 0.1
0 0.110612 0.441204 0.0410156 0.0342593
0 0.272917 0.988889 0.0260417 0.0185185
0 0.0927246 0.459259 0.0801758 0.0675926
0 0.0566732 0.681481 0.0222005 0.0268519
0 0.0638672 0.462963 0.0529948 0.0518519
0 0.0999349 0.472222 0.0675781 0.0907407
0 0.135189 0.450463 0.0634766 0.0564815
0 0.0669108 0.209954 0.0479492 0.0592593
1 0.172396 0.228241 0.04375 0.0694444
0 0.638542 0.562037 0.0520833 0.0990741
0 0.441927 0.57963 0.0578125 0.101852
0 0.791667 0.582407 0.0510417 0.0972222
0 0.186198 0.627778 0.0583333 0.1
0 0.376042 0.485069 0.0583333 0.0983796
0 0.0497314 0.403241 0.0599121 0.0935185
0 0.247135 0.719444 0.0567708 0.103704
0 0.227344 0.286343 0.0510417 0.0759259
0 0.172656 0.228704 0.0442708 0.0694444
0 0.0321289 0.3625 0.0594401 0.0888889
0 0.274219 0.765741 0.0703125 0.12963
0 0.304948 0.809259 0.065625 0.125926
0 0.132031 0.166782 0.0463542 0.0699074
0 0.0218424 0.320139 0.0426432 0.108333
0 0.118685 0.440278 0.0308594 0.0324074
1 0.304948 0.809722 0.065625 0.125926
0 0.117578 0.453704 0.0369792 0.0583333
0 0.116862 0.444907 0.0352865 0.0416667
1 0.274219 0.765741 0.0697917 0.12963
1 0.376042 0.485185 0.0583333 0.0990741
0 0.114063 0.464815 0.0411458 0.0805556
0 0.120573 0.462963 0.0380208 0.0768519
1 0.118815 0.438889 0.0295573 0.0291667
0 0.115039 0.438889 0.0326823 0.0277778
1 0.442187 0.57963 0.0572917 0.101852
0 0.104818 0.456944 0.0565104 0.0648148
0 0.124479 0.443519 0.0377604 0.0388889
0 0.104948 0.445139 0.0554687 0.0439815
1 0.0658854 0.328009 0.0119792 0.0148148
0 0.729688 0.115972 0.0260417 0.0328704
0 0.485417 0.974074 0.0677083 0.0518519
1 0.247135 0.719444 0.0567708 0.103704
0 0.0610514 0.457407 0.0401367 0.0490741
1 0.735417 0.115278 0.00833333 0.0291667
0 0.0594889 0.687037 0.0281576 0.0388889
0 0.0301432 0.559259 0.0227214 0.0277778
1 0.791667 0.582407 0.0510417 0.0981481
1 0.0217611 0.320602 0.0427409 0.109722
0 0.0795736 0.463889 0.0830404 0.0703704
1 0.0865234 0.724074 0.00898437 0.0203704
0 0.063737 0.464815 0.0613281 0.0657407
0 0.0255534 0.253704 0.0304036 0.0351852
0 0.283594 0.955556 0.0578125 0.087037
0 0.0924642 0.458796 0.0806966 0.0675926
1 0.227344 0.286343 0.0507812 0.0759259
0 0.269792 0.987037 0.0333333 0.0259259
1 0.0309896 0.248148 0.0186849 0.0222222
0 0.0285075 0.258565 0.0353027 0.0472222
0 0.0331055 0.562037 0.0306641 0.037037
1 0.0335286 0.247222 0.0134115 0.0194444
0 0.110547 0.441667 0.0419271 0.0342593
1 0.172396 0.228241 0.04375 0.0699074
1 0.186198 0.627778 0.0583333 0.1
1 0.835417 0.337731 0.0145833 0.0222222
0 0.0998698 0.471759 0.0674479 0.0898148
0 0.060026 0.456481 0.058724 0.0592593
1 0.819271 0.44537 0.00833333 0.0203704
1 0.731771 0.112963 0.015625 0.0349537
0 0.145866 0.202431 0.0629557 0.0645833
0 0.723958 0.116204 0.0166667 0.0303241
0 0.0492106 0.465278 0.0606934 0.0675926
0 0.135189 0.450463 0.0639974 0.0564815
0 0.638542 0.562037 0.0520833 0.0990741
0 0.441927 0.57963 0.0578125 0.101852
0 0.376042 0.485069 0.0583333 0.0983796
0 0.791667 0.582407 0.0510417 0.0972222
0 0.186068 0.627778 0.0583333 0.0990741
0 0.247135 0.719444 0.0567708 0.103704
0 0.0497314 0.403241 0.0599121 0.0935185
0 0.227344 0.286574 0.0510417 0.0759259
0 0.0321289 0.3625 0.0594401 0.0888889
0 0.172656 0.228704 0.0442708 0.0694444
0 0.274219 0.765741 0.0703125 0.12963
0 0.304948 0.809259 0.065625 0.125926
0 0.132064 0.16713 0.0462891 0.0694444
0 0.021875 0.319907 0.0426432 0.107407
0 0.11862 0.440278 0.0309896 0.0324074
1 0.304948 0.810185 0.065625 0.125926
0 0.117969 0.44537 0.0338542 0.0416667
0 0.117448 0.454167 0.0372396 0.0592593
1 0.274219 0.765741 0.0697917 0.12963
1 0.376042 0.485069 0.0583333 0.0983796
0 0.113151 0.442361 0.0382813 0.0365741
1 0.442187 0.57963 0.0572917 0.101852
0 0.113802 0.464352 0.0416667 0.0796296
0 0.120312 0.4625 0.0377604 0.0759259
1 0.11888 0.438889 0.0296875 0.0287037
0 0.114974 0.438889 0.0328125 0.0273148
0 0.104557 0.456019 0.0570313 0.0638889
0 0.104883 0.444907 0.055599 0.0435185
0 0.124089 0.443519 0.0372396 0.0388889
1 0.0658854 0.328009 0.0122396 0.0148148
1 0.247135 0.719444 0.0567708 0.10463
0 0.061084 0.457407 0.040332 0.0490741
0 0.729688 0.116088 0.0260417 0.0328704
1 0.791667 0.582407 0.0510417 0.0981481
1 0.735417 0.115278 0.00833333 0.0291667
0 0.0816569 0.463773 0.0877279 0.0706019
0 0.0300781 0.559259 0.0227865 0.0277778
0 0.0594401 0.687037 0.0282552 0.0388889
1 0.0217773 0.32037 0.0427734 0.109259
0 0.064388 0.464352 0.0636719 0.0666667
0 0.0923828 0.458796 0.0808594 0.0666667
0 0.485938 0.974074 0.0666667 0.0518519
1 0.227344 0.286111 0.0507812 0.0759259
1 0.172526 0.228241 0.04375 0.0699074
0 0.0255534 0.253241 0.0304688 0.0347222
1 0.0865885 0.724074 0.00911458 0.0222222
1 0.186198 0.627778 0.0583333 0.1
0 0.283594 0.955324 0.0578125 0.0856481
0 0.0996745 0.470833 0.0675781 0.0888889
0 0.0330404 0.5625 0.0307292 0.037037
0 0.145866 0.202199 0.0629557 0.0641204
1 0.0310547 0.247685 0.0185547 0.0222222
0 0.269792 0.987037 0.0333333 0.0259259
1 0.0336263 0.247222 0.0132161 0.0194444
1 0.835417 0.337731 0.0145833 0.0226852
0 0.0639486 0.462963 0.0536133 0.0537037
0 0.0287842 0.258565 0.035791 0.0472222
0 0.0491536 0.464699 0.0605469 0.0668981
1 0.731771 0.113079 0.015625 0.0347222
0 0.638542 0.562037 0.0520833 0.0990741
0 0.441927 0.57963 0.0578125 0.101852
0 0.791667 0.582407 0.0510417 0.0972222
0 0.376042 0.485185 0.0583333 0.0990741
0 0.186068 0.627778 0.0583333 0.0990741
0 0.0497477 0.403241 0.0600098 0.0935185
0 0.247135 0.719444 0.0567708 0.103704
0 0.227344 0.286574 0.0510417 0.0759259
0 0.172656 0.228704 0.0442708 0.0694444
0 0.0321289 0.3625 0.0594401 0.0888889
0 0.274219 0.765741 0.0703125 0.128704
0 0.304688 0.809722 0.065625 0.126852
0 0.132064 0.167245 0.0462891 0.069213
0 0.0218587 0.319444 0.0427409 0.107407
0 0.11849 0.440278 0.03125 0.0314815
1 0.304948 0.810185 0.065625 0.125926
0 0.117839 0.44537 0.0341146 0.0416667
0 0.117318 0.454167 0.0375 0.0592593
1 0.273893 0.765741 0.0699219 0.12963
0 0.113216 0.44213 0.038151 0.0361111
0 0.113932 0.464352 0.0411458 0.0787037
1 0.376042 0.485185 0.0583333 0.0990741
1 0.442187 0.57963 0.0572917 0.101852
0 0.120052 0.462037 0.0372396 0.0759259
1 0.118815 0.438657 0.0298177 0.0287037
0 0.104232 0.455556 0.0576823 0.062963
0 0.104818 0.444907 0.0559896 0.0425926
0 0.123828 0.443519 0.0367187 0.0388889
1 0.791667 0.582407 0.0510417 0.0981481
0 0.0609375 0.457523 0.0403646 0.0497685
1 0.247266 0.719444 0.0570313 0.10463
1 0.0658854 0.327778 0.0122396 0.0148148
0 0.083138 0.463426 0.0902344 0.0712963
1 0.172526 0.228241 0.04375 0.0699074
1 0.0217773 0.32037 0.0428385 0.108796
0 0.729167 0.116204 0.025 0.0326389
0 0.0300781 0.559722 0.0230469 0.0277778
1 0.735417 0.115394 0.00833333 0.0291667
0 0.0655599 0.463773 0.0657552 0.0668981
1 0.227344 0.286343 0.0507812 0.0759259
0 0.0594401 0.687037 0.0283854 0.0388889
0 0.0254883 0.252778 0.0306641 0.0342593
1 0.186198 0.627778 0.0583333 0.1
0 0.0996745 0.47037 0.0675781 0.087037
0 0.485938 0.974074 0.0666667 0.0518519
1 0.0865885 0.724074 0.00911458 0.0222222
0 0.0330404 0.562963 0.0310547 0.037037
1 0.131901 0.167361 0.0458333 0.0694444
0 0.145801 0.202431 0.0636068 0.0641204
1 0.835417 0.337963 0.0145833 0.0231481
0 0.0613444 0.456019 0.0619466 0.0601852
0 0.0638672 0.462963 0.0535156 0.0537037
0 0.0928223 0.446528 0.0805013 0.049537
1 0.0309896 0.247685 0.01875 0.0222222
0 0.283594 0.955324 0.0572917 0.0856481
1 0.0336263 0.247454 0.0132161 0.0194444
0 0.0491536 0.464699 0.0605469 0.0668981
0 0.638542 0.562037 0.0520833 0.1
0 0.0497721 0.403241 0.0599609 0.0935185
0 0.441927 0.57963 0.0578125 0.102778
0 0.376042 0.485185 0.0583333 0.0990741
0 0.791667 0.582407 0.0510417 0.0972222
0 0.186068 0.627778 0.0585938 0.1
0 0.247135 0.719444 0.0567708 0.10463
0 0.227344 0.286343 0.0510417 0.0763889
0 0.172656 0.228704 0.0442708 0.0694444
0 0.0321289 0.3625 0.0594401 0.0888889
0 0.274219 0.765741 0.0703125 0.128704
0 0.304688 0.809722 0.065625 0.126852
0 0.132064 0.167361 0.0462891 0.069213
0 0.0218913 0.319444 0.042806 0.106944
0 0.11849 0.440278 0.0315104 0.0314815
1 0.304948 0.810185 0.0661458 0.125926
0 0.117839 0.44537 0.034375 0.0416667
0 0.117253 0.454398 0.0376302 0.0597222
1 0.273893 0.765741 0.0699219 0.12963
0 0.113477 0.441667 0.0378906 0.0351852
1 0.376042 0.485069 0.0583333 0.0983796
1 0.441927 0.57963 0.0578125 0.102778
0 0.114063 0.463889 0.0408854 0.0787037
1 0.11875 0.438657 0.0299479 0.0287037
0 0.103906 0.455093 0.0583333 0.062037
0 0.104753 0.444444 0.0561198 0.0416667
1 0.791667 0.582407 0.0510417 0.0981481
0 0.123568 0.443287 0.0364583 0.0384259
1 0.247266 0.719444 0.0570313 0.10463
0 0.0607422 0.457407 0.0403646 0.05
1 0.172526 0.228472 0.0440104 0.0699074
1 0.0658854 0.327778 0.0122396 0.0148148
0 0.0838542 0.463426 0.0921875 0.0712963
1 0.0217936 0.32037 0.0428711 0.108333
0 0.121615 0.470833 0.0414063 0.0916667
1 0.227344 0.286111 0.0507812 0.0759259
0 0.729688 0.116175 0.025 0.0324653
0 0.0665365 0.463889 0.0683594 0.0685185
0 0.0301432 0.559722 0.0235026 0.0277778
1 0.131738 0.167593 0.0458984 0.0694444
1 0.735417 0.115509 0.00833333 0.0291667
1 0.186198 0.627778 0.0583333 0.1
0 0.0254476 0.252778 0.0307454 0.0342593
0 0.0594401 0.687037 0.0283854 0.0388889
0 0.0994141 0.469907 0.068099 0.087037
0 0.0928548 0.446759 0.0806966 0.0490741
0 0.146094 0.202546 0.0640625 0.0638889
0 0.119727 0.330556 0.0873698 0.0555556
0 0.486719 0.974074 0.0671875 0.0518519
1 0.835417 0.338194 0.0145833 0.0240741
0 0.033195 0.562963 0.0316569 0.0388889
0 0.0555013 0.464352 0.0585286 0.0657407
1 0.0865885 0.724074 0.00911458 0.0222222
0 0.067334 0.209259 0.0491862 0.0606481
0 0.638021 0.562037 0.053125 0.1
0 0.441927 0.57963 0.0578125 0.102778
0 0.376042 0.485185 0.0583333 0.0990741
0 0.791667 0.582407 0.0510417 0.0972222
0 0.186068 0.627778 0.0585938 0.1
0 0.0498047 0.403241 0.0598958 0.0935185
0 0.247135 0.719444 0.0567708 0.10463
0 0.227344 0.286343 0.0510417 0.0763889
0 0.0321289 0.3625 0.0594401 0.0888889
0 0.172656 0.228704 0.0442708 0.0699074
0 0.274219 0.765741 0.0703125 0.128704
0 0.304688 0.809722 0.065625 0.126852
0 0.131901 0.167477 0.0463542 0.069213
0 0.0219076 0.319444 0.0429036 0.106481
0 0.11849 0.440278 0.0315104 0.0314815
1 0.304948 0.810185 0.0661458 0.126852
0 0.117839 0.44537 0.034375 0.0416667
1 0.274219 0.765741 0.0703125 0.12963
0 0.117253 0.454861 0.0376302 0.0606481
0 0.113672 0.441667 0.0375 0.0342593
1 0.441927 0.57963 0.0578125 0.102778
1 0.376042 0.485069 0.0583333 0.0983796
0 0.114193 0.463889 0.040625 0.0787037
1 0.118815 0.438657 0.0298177 0.0287037
0 0.103711 0.454861 0.058724 0.0615741
0 0.104818 0.444444 0.0559896 0.0416667
1 0.791667 0.582407 0.0510417 0.0981481
1 0.172526 0.228299 0.0440104 0.0702546
1 0.247266 0.719444 0.0570313 0.10463
0 0.123307 0.443287 0.0361979 0.0384259
0 0.0605469 0.457292 0.0401042 0.0502315
1 0.0657552 0.327778 0.0125 0.0148148
1 0.131771 0.167593 0.0458333 0.0694444
0 0.0840495 0.463426 0.093099 0.0722222
1 0.0218099 0.319907 0.0429688 0.108333
0 0.12168 0.470833 0.0415365 0.0916667
1 0.227344 0.286111 0.0507812 0.0759259
1 0.186198 0.627778 0.0583333 0.1
0 0.0929525 0.447222 0.0807617 0.0490741
0 0.0301351 0.560185 0.0238444 0.0277778
0 0.0669434 0.464352 0.0700195 0.0694444
0 0.730208 0.116435 0.025 0.0319444
1 0.735417 0.115509 0.009375 0.0291667
0 0.0990885 0.469907 0.0684896 0.087037
0 0.0253906 0.252778 0.0308594 0.0342593
0 0.145964 0.202662 0.0648438 0.0636574
0 0.0594401 0.687037 0.0283854 0.0388889
0 0.119531 0.330787 0.0880208 0.0555556
0 0.0672526 0.209144 0.0492188 0.0608796
1 0.835417 0.338194 0.0145833 0.0240741
0 0.033138 0.562963 0.0320312 0.0388889
0 0.638021 0.5625 0.053125 0.0990741
0 0.441927 0.57963 0.0578125 0.102778
0 0.376042 0.485185 0.0583333 0.0990741
0 0.791667 0.582407 0.0510417 0.0972222
0 0.186068 0.627778 0.0585938 0.1
0 0.0498047 0.403241 0.0598958 0.0935185
0 0.247135 0.719444 0.0567708 0.10463
0 0.227344 0.286343 0.0510417 0.0763889
0 0.0321289 0.3625 0.0594401 0.0888889
0 0.172656 0.228704 0.0442708 0.0699074
0 0.274219 0.765741 0.0703125 0.128704
0 0.304688 0.809722 0.065625 0.126852
0 0.131901 0.167477 0.0463542 0.069213
0 0.0219076 0.319444 0.0429036 0.106481
0 0.11849 0.440278 0.0315104 0.0314815
1 0.304948 0.810185 0.0661458 0.126852
0 0.117839 0.44537 0.034375 0.0416667
1 0.274219 0.765741 0.0703125 0.12963
0 0.117253 0.454861 0.0376302 0.0606481
0 0.113672 0.441435 0.0375 0.0347222
1 0.441927 0.57963 0.0578125 0.102778
1 0.376042 0.485069 0.0583333 0.0983796
0 0.114193 0.463889 0.040625 0.0787037
1 0.118815 0.438657 0.0298177 0.0287037
0 0.103711 0.454861 0.058724 0.0615741
0 0.104753 0.444444 0.0561198 0.0416667
1 0.791667 0.582407 0.0510417 0.0981481
1 0.172526 0.228299 0.0440104 0.0702546
1 0.247266 0.719444 0.0570313 0.10463
0 0.123307 0.443287 0.0361979 0.0384259
0 0.0605632 0.457292 0.0400716 0.0502315
1 0.0657552 0.327778 0.0125 0.0148148
1 0.131771 0.167593 0.0458333 0.0694444
0 0.0840495 0.463426 0.093099 0.0722222
1 0.0218099 0.319907 0.0429688 0.108333
0 0.12168 0.470833 0.0415365 0.0916667
1 0.227344 0.286111 0.0507812 0.0759259
1 0.186198 0.627778 0.0583333 0.1
0 0.0929525 0.447222 0.0807617 0.0490741
0 0.0301432 0.560185 0.0238932 0.0277778
0 0.0669434 0.464352 0.0700195 0.0694444
0 0.730208 0.116435 0.025 0.0319444
1 0.735417 0.115509 0.009375 0.0291667
0 0.0990885 0.469907 0.0684896 0.087037
0 0.0253906 0.252778 0.0308594 0.0342593
0 0.145964 0.202662 0.0648438 0.0636574
0 0.0594401 0.687037 0.0283854 0.0388889
0 0.119531 0.331019 0.0882813 0.0555556
0 0.0672526 0.209144 0.0492188 0.0608796
1 0.835417 0.338194 0.0145833 0.0240741
0 0.033138 0.562963 0.0320312 0.0388889
=======
>>>>>>> eec1531f690f822f052659bede932c48623278fb
0 0.227604 0.288657 0.0510417 0.0740741
0 0.172786 0.230498 0.0440104 0.0686343
0 0.132943 0.164583 0.0486979 0.0763889
0 0.186328 0.628704 0.0580729 0.1
0 0.0322184 0.364352 0.0599121 0.0898148
0 0.304688 0.810648 0.065625 0.125926
0 0.273177 0.768519 0.0692708 0.131481
0 0.247135 0.719444 0.0567708 0.102778
0 0.441667 0.580556 0.0567708 0.102778
0 0.791146 0.583333 0.0510417 0.0953704
0 0.0493815 0.404167 0.0591797 0.0916667
0 0.376042 0.486111 0.0578125 0.0990741
0 0.6375 0.563426 0.0520833 0.0981481
0 0.021875 0.318056 0.04375 0.099537
1 0.120443 0.4375 0.021875 0.0259259
0 0.290625 0.803704 0.0552083 0.114815
0 0.120312 0.4375 0.0234375 0.0259259
2 0.441667 0.57963 0.0572917 0.101852
3 0.441667 0.580093 0.0572917 0.101852
0 0.283073 0.956019 0.0609375 0.087963
3 0.638021 0.562963 0.0520833 0.0981481
3 0.227604 0.288426 0.0515625 0.0731481
1 0.120508 0.443981 0.0251302 0.037963
2 0.6375 0.5625 0.0520833 0.0990741
0 0.119922 0.445139 0.0257812 0.0402778
3 0.791146 0.583333 0.0510417 0.0953704
3 0.031958 0.36412 0.0599121 0.0875
3 0.247005 0.72037 0.0570313 0.103704
0 0.297917 0.955324 0.0307292 0.0893519
3 0.376042 0.486111 0.0578125 0.0990741
3 0.290625 0.803704 0.0552083 0.114815
3 0.185937 0.627778 0.0578125 0.0981481
2 0.375521 0.485648 0.0583333 0.1
2 0.185677 0.628704 0.0583333 0.0990741
0 0.267122 0.989352 0.0386719 0.0212963
2 0.246875 0.72037 0.0572917 0.101852
0 0.791667 0.583333 0.0520833 0.0972222
0 0.376042 0.485648 0.0578125 0.0990741
0 0.247917 0.719444 0.0583333 0.103704
0 0.305729 0.812963 0.065625 0.12963
0 0.275065 0.767593 0.0696615 0.12963
0 0.186849 0.627778 0.0572917 0.101852
0 0.638542 0.562963 0.0541667 0.1
0 0.442448 0.580556 0.0578125 0.103704
0 0.0326904 0.363426 0.06014 0.0898148
0 0.172917 0.229861 0.04375 0.0694444
0 0.227865 0.2875 0.0520833 0.075
0 0.0499023 0.405093 0.0586589 0.0916667
0 0.132031 0.172801 0.0364583 0.0590278
0 0.630208 0.575926 0.0375 0.0722222
0 0.0383382 0.415278 0.0355632 0.0703704
0 0.0221517 0.367824 0.0379883 0.0791667
0 0.784375 0.597222 0.0375 0.0685185
0 0.175781 0.643519 0.0348958 0.0685185
0 0.367708 0.501852 0.040625 0.0666667
0 0.2375 0.738889 0.0369792 0.0648148
0 0.21849 0.291204 0.0328125 0.0666667
0 0.434375 0.597222 0.0416667 0.0675926
0 0.122005 0.4375 0.0200521 0.0268519
1 0.267188 0.656482 0.0104167 0.0148148
0 0.791667 0.582407 0.0520833 0.0962963
0 0.376563 0.485185 0.0583333 0.102778
0 0.227865 0.287269 0.0533854 0.0768519
0 0.442187 0.581481 0.0572917 0.103704
0 0.0319987 0.365278 0.060612 0.0972222
0 0.638542 0.562963 0.0541667 0.101852
0 0.186719 0.630556 0.059375 0.101852
0 0.173958 0.230324 0.046875 0.0685185
0 0.0496745 0.403935 0.061849 0.0916667
0 0.307031 0.813426 0.0619792 0.137963
0 0.246745 0.718518 0.0596354 0.109259
0 0.274023 0.765741 0.0717448 0.131481
0 0.129427 0.173611 0.0486979 0.0583333
0 0.0156738 0.32037 0.0308919 0.110185
0 0.122461 0.437037 0.0222656 0.0259259
1 0.0526042 0.680093 0.0141927 0.0231481
0 0.118555 0.440972 0.0311198 0.0328704
1 0.0585938 0.687037 0.0259115 0.037037
1 0.698958 0.801852 0.0125 0.0231481
1 0.0916667 0.24213 0.00963542 0.0185185
1 0.0667969 0.329167 0.0111979 0.012963
1 0.6125 0.206019 0.00833333 0.0212963
1 0.122266 0.437037 0.0216146 0.025
1 0.921875 0.397917 0.01875 0.024537
1 0.0959635 0.240278 0.0144531 0.0212963
1 0.0998047 0.236574 0.00625 0.0134259
1 0.121094 0.309259 0.0127604 0.0166667
1 0.611458 0.203241 0.00833333 0.0175926
1 0.203385 0.771296 0.00885417 0.0111111
0 0.107357 0.436343 0.0548177 0.0259259
0 0.124674 0.443519 0.0204427 0.0361111
1 0.105404 0.21412 0.0078125 0.0111111
0 0.534375 0.782407 0.132292 0.166667
0 0.267122 0.782407 0.0574219 0.0935185
1 0.170443 0.592593 0.0101562 0.0185185
0 0.376042 0.486574 0.0583333 0.1
0 0.638542 0.5625 0.0520833 0.0981481
0 0.441667 0.580556 0.0572917 0.102778
0 0.273958 0.765741 0.0692708 0.12963
0 0.790625 0.58287 0.0510417 0.0962963
0 0.186458 0.628704 0.0583333 0.1
0 0.0321533 0.363426 0.0601725 0.0916667
0 0.247396 0.719444 0.0572917 0.106481
0 0.0498047 0.403472 0.0592448 0.0902778
0 0.173047 0.229225 0.0450521 0.0684028
0 0.228255 0.285648 0.0520833 0.0796296
0 0.133724 0.165046 0.0486979 0.0731481
0 0.291667 0.8125 0.0911458 0.12963
0 0.122917 0.435648 0.01875 0.0222222
1 0.123307 0.436574 0.0190104 0.0231481
0 0.266667 0.655556 0.0114583 0.0175926
1 0.14388 0.435648 0.0934896 0.0962963
0 0.42474 0.370139 0.0125 0.0388889
0 0.14388 0.435648 0.0934896 0.0962963
0 0.376042 0.486111 0.0583333 0.0990741
0 0.0320312 0.363426 0.060026 0.0916667
0 0.638021 0.562963 0.0541667 0.1
0 0.186719 0.627778 0.0601562 0.0981481
0 0.791667 0.583333 0.0520833 0.0972222
0 0.274479 0.765741 0.0708333 0.127778
0 0.247526 0.719444 0.0585938 0.105556
0 0.441667 0.580093 0.0578125 0.103704
0 0.227344 0.287269 0.0510417 0.0782407
0 0.173047 0.229861 0.0445312 0.0708333
0 0.304688 0.810185 0.065625 0.125
0 0.0493815 0.403704 0.0608724 0.0925926
0 0.122591 0.436111 0.0201823 0.025
0 0.0222005 0.334028 0.0441406 0.135648
1 0.123047 0.435648 0.0190104 0.0240741
0 0.133822 0.17037 0.0365234 0.0634259
1 0.170703 0.591204 0.009375 0.0212963
0 0.910937 0.374074 0.065625 0.0990741
0 0.868229 0.700926 0.040625 0.0574074
0 0.274219 0.988889 0.021875 0.0203704
0 0.91875 0.388889 0.0458333 0.0675926
1 0.611458 0.203356 0.00625 0.0155093
0 0.815625 0.384722 0.0322917 0.0472222
0 0.843229 0.733796 0.0354167 0.0527778
0 0.817708 0.767593 0.03125 0.05
1 0.151042 0.59213 0.0130208 0.0222222
0 0.257422 0.792593 0.0361979 0.0759259
0 0.0124064 0.459144 0.0246012 0.06875
1 0.785937 0.902315 0.0260417 0.0675926
0 0.784375 0.905093 0.0291667 0.0731481
0 0.442187 0.580093 0.0583333 0.102778
0 0.376302 0.485995 0.0588542 0.0983796
0 0.638542 0.562963 0.053125 0.1
0 0.247656 0.72037 0.0572917 0.103704
0 0.0327474 0.364352 0.0597656 0.0907407
0 0.173698 0.229398 0.0447917 0.0680556
0 0.186068 0.628704 0.0585938 0.0981481
0 0.791146 0.583333 0.0520833 0.0962963
0 0.27474 0.767593 0.0692708 0.12963
0 0.305208 0.811574 0.065625 0.128704
0 0.0500977 0.402778 0.0594401 0.0916667
0 0.228385 0.288426 0.0510417 0.075463
0 0.0399821 0.379167 0.0637858 0.101852
0 0.133724 0.170139 0.0494792 0.0643518
0 0.0222656 0.307407 0.0445312 0.0824074
0 0.122266 0.436574 0.0210938 0.024537
0 0.427604 0.624074 0.0078125 0.012037
0 0.423438 0.624074 0.015625 0.012037
0 0.214583 0.319444 0.00885417 0.0111111
0 0.21875 0.288889 0.0322917 0.0722222
0 0.782812 0.624537 0.009375 0.012037
0 0.778646 0.624074 0.0177083 0.012963
0 0.211719 0.319444 0.0166667 0.0111111
0 0.230599 0.764815 0.0104167 0.0111111
0 0.21849 0.319444 0.00729167 0.0111111
0 0.0129883 0.402083 0.0120117 0.012037
0 0.235677 0.765278 0.00833333 0.012037
0 0.357292 0.528704 0.01875 0.012963
0 0.43125 0.624074 0.00833333 0.012037
0 0.360156 0.528704 0.0078125 0.012963
0 0.230469 0.764815 0.021875 0.012963
0 0.130208 0.443519 0.00546875 0.0101852
0 0.628646 0.608333 0.009375 0.00925926
0 0.0186523 0.402083 0.00742187 0.0125
0 0.626042 0.603704 0.0270833 0.0148148
0 0.625521 0.60787 0.0125 0.0101852
0 0.785417 0.625 0.00833333 0.0111111
1 0.122005 0.436574 0.0174479 0.0231481
0 0.129557 0.194907 0.00677083 0.0127315
0 0.126432 0.194907 0.00807292 0.012963
0 0.433854 0.624074 0.00677083 0.012037
0 0.222135 0.319213 0.00729167 0.0115741
0 0.122396 0.19456 0.00755208 0.0131944
0 0.239063 0.764815 0.00885417 0.012963
0 0.256771 0.796296 0.0333333 0.0722222
0 0.032194 0.439815 0.0162109 0.012963
0 0.0138346 0.401852 0.020638 0.0125
0 0.121354 0.432407 0.0169271 0.0157407
0 0.166667 0.260185 0.009375 0.00972222
0 0.78125 0.621759 0.03125 0.0185185
0 0.0369466 0.414352 0.0332031 0.0675926
0 0.63125 0.608333 0.00833333 0.00925926
0 0.133594 0.194907 0.00729167 0.012963
0 0.364062 0.528704 0.0078125 0.012963
0 0.0357422 0.444907 0.00963542 0.00972222
0 0.7875 0.624074 0.00625 0.0111111
0 0.0327148 0.444444 0.0116536 0.00925926
0 0.0222493 0.401852 0.0070638 0.012963
0 0.225521 0.319213 0.00677083 0.0115741
0 0.0623047 0.212616 0.0364583 0.0474537
0 0.160938 0.259491 0.0161458 0.0101852
0 0.366927 0.528704 0.00729167 0.012963
0 0.0382161 0.440278 0.00963542 0.0134259
0 0.169141 0.259722 0.00963542 0.00925926
0 0.428646 0.622222 0.0302083 0.0166667
0 0.0530924 0.440741 0.0500651 0.0162037
0 0.0139974 0.494907 0.0279948 0.2
0 0.432813 0.383796 0.034375 0.0425926
0 0.3625 0.532407 0.0104167 0.00740741
0 0.170312 0.669907 0.015625 0.012963
0 0.0394531 0.444907 0.00872396 0.0101852
0 0.11862 0.194676 0.00989583 0.0127315
0 0.783333 0.628241 0.0104167 0.00833333
0 0.242057 0.764815 0.00833333 0.012963
0 0.621875 0.606944 0.01875 0.012037
0 0.173438 0.669907 0.009375 0.012963
0 0.016862 0.405324 0.0124349 0.00833333
0 0.634375 0.607407 0.00729167 0.00925926
0 0.258854 0.822222 0.028125 0.0203704
0 0.4375 0.624074 0.00729167 0.012963
0 0.0355469 0.434954 0.0298828 0.0240741
0 0.171354 0.674537 0.0119792 0.00925926
0 0.257292 0.825463 0.0130208 0.012963
0 0.370833 0.528704 0.00885417 0.012963
0 0.234635 0.762037 0.0302083 0.0185185
0 0.164323 0.25463 0.025 0.0157407
0 0.326562 0.203009 0.0552083 0.0638889
0 0.13737 0.194907 0.00807292 0.0134259
0 0.0573568 0.442593 0.0251302 0.0148148
0 0.233464 0.768519 0.0101562 0.00740741
0 0.0418945 0.440509 0.00963542 0.0138889
0 0.174219 0.674074 0.009375 0.00925926
0 0.0528646 0.443519 0.0122396 0.012963
0 0.171875 0.259259 0.00885417 0.0101852
0 0.127344 0.197454 0.00911458 0.0101852
0 0.358333 0.531482 0.0130208 0.00925926
0 0.0494141 0.440741 0.0167969 0.0148148
0 0.229948 0.318981 0.00729167 0.012037
0 0.236589 0.768519 0.00989583 0.00925926
0 0.442187 0.580556 0.0572917 0.101852
0 0.376563 0.486111 0.0578125 0.1
0 0.638542 0.563426 0.053125 0.0981481
0 0.0323893 0.362963 0.0599609 0.0921296
0 0.791667 0.583333 0.0510417 0.0962963
0 0.247917 0.72037 0.0578125 0.10463
0 0.186979 0.627778 0.0583333 0.0981481
0 0.27474 0.766667 0.0697917 0.127778
0 0.305469 0.809722 0.0640625 0.126852
0 0.172917 0.229398 0.0442708 0.0671296
0 0.228125 0.288889 0.0515625 0.0731481
0 0.122656 0.436111 0.0210938 0.0231481
0 0.0497396 0.404398 0.0597656 0.0962963
0 0.0250651 0.336111 0.0501302 0.137963
1 0.122461 0.43588 0.0201823 0.0236111
0 0.0219727 0.311111 0.0439453 0.0861111
0 0.0606771 0.383796 0.0365885 0.0578704
1 0.404427 0.490278 0.00885417 0.0166667
0 0.376042 0.485648 0.0583333 0.0990741
0 0.441667 0.57963 0.0572917 0.103704
0 0.186458 0.628704 0.059375 0.0981481
0 0.305208 0.813889 0.065625 0.131481
0 0.247526 0.72037 0.0575521 0.102778
0 0.791146 0.58287 0.0520833 0.0972222
0 0.638542 0.5625 0.0541667 0.100926
0 0.0324219 0.363426 0.0606771 0.0916667
0 0.228255 0.28912 0.0523437 0.0736111
0 0.0498617 0.402778 0.0603027 0.0925926
0 0.273698 0.766667 0.0708333 0.12963
0 0.173438 0.229861 0.0458333 0.0689815
0 0.133203 0.164468 0.0486979 0.0729167
0 0.119141 0.436806 0.0278646 0.025
1 0.119531 0.436574 0.0265625 0.025
1 0.480729 0.219444 0.00625 0.0282407
1 0.376563 0.164352 0.00625 0.0256944
1 0.819792 0.446528 0.00833333 0.0208333
1 0.173698 0.591204 0.0117188 0.0212963
0 0.270052 0.990741 0.0302083 0.0185185
1 0.482031 0.221991 0.009375 0.0236111
2 0.926042 0.356019 0.0375 0.10463
0 0.0357747 0.395833 0.061263 0.103704
0 0.376042 0.485648 0.0583333 0.0990741
0 0.186458 0.62963 0.0572917 0.1
0 0.442187 0.580556 0.0572917 0.101852
0 0.247266 0.72037 0.0570313 0.102778
0 0.792188 0.58287 0.0510417 0.0962963
0 0.638021 0.562963 0.053125 0.0981481
0 0.0319987 0.364352 0.0597005 0.0884259
0 0.274414 0.766204 0.0699219 0.128704
0 0.304688 0.812037 0.0677083 0.127778
0 0.172917 0.23015 0.0447917 0.0693287
0 0.228125 0.286111 0.0518229 0.0777778
0 0.0504639 0.402546 0.0589681 0.0935185
0 0.133822 0.165278 0.0474609 0.0726852
0 0.123112 0.436806 0.0188802 0.024537
1 0.123047 0.437269 0.01875 0.025463
1 0.120833 0.43287 0.0151042 0.0175926
0 0.376042 0.485648 0.0583333 0.0990741
0 0.441927 0.580556 0.0572917 0.101852
0 0.791667 0.583333 0.0510417 0.0962963
0 0.6375 0.562037 0.053125 0.0981481
0 0.247135 0.719444 0.0583333 0.103704
0 0.0322266 0.363889 0.0601562 0.0898148
0 0.186458 0.628704 0.0583333 0.0981481
0 0.274479 0.764815 0.071875 0.127778
0 0.173307 0.228935 0.0450521 0.0685185
0 0.228125 0.286574 0.0520833 0.0777778
0 0.0498047 0.403935 0.060026 0.0888889
0 0.30625 0.79537 0.0635417 0.0962963
0 0.122526 0.436111 0.0210938 0.0231481
0 0.0394531 0.392593 0.0669271 0.105093
0 0.134245 0.164583 0.0502604 0.075
0 0.262956 0.746296 0.0730469 0.1
1 0.122135 0.436111 0.0213542 0.0231481
0 0.441667 0.581019 0.0572917 0.102778
0 0.638021 0.562963 0.053125 0.0981481
0 0.376042 0.487037 0.0583333 0.0990741
0 0.247526 0.718518 0.0580729 0.107407
0 0.273958 0.766667 0.0723958 0.127778
0 0.791667 0.583333 0.0520833 0.0972222
0 0.186328 0.628704 0.0591146 0.1
0 0.305729 0.811111 0.0635417 0.128704
0 0.0322591 0.36412 0.0604818 0.0902778
0 0.0497396 0.403704 0.059375 0.0939815
0 0.173047 0.229861 0.0455729 0.0699074
0 0.227865 0.286574 0.0515625 0.0796296
0 0.134375 0.166204 0.0510417 0.0726852
0 0.12207 0.435185 0.0188802 0.0222222
1 0.122266 0.435417 0.0184896 0.0217593
0 0.0278971 0.31088 0.0557943 0.133796
0 0.0358073 0.384722 0.063151 0.087037
0 0.0124512 0.326852 0.0243815 0.0740741
0 0.429427 0.388889 0.0322917 0.0759259
0 0.638542 0.562963 0.0541667 0.1
0 0.442187 0.580556 0.0572917 0.101852
0 0.247396 0.719444 0.0572917 0.105556
0 0.376042 0.486574 0.0583333 0.0990741
0 0.791667 0.583333 0.0520833 0.0962963
0 0.186198 0.629167 0.0583333 0.0972222
0 0.173177 0.22963 0.0447917 0.0666667
0 0.304688 0.8125 0.0661458 0.127778
0 0.227865 0.288426 0.0520833 0.075
0 0.0323893 0.36412 0.0602214 0.0893519
0 0.0496419 0.404167 0.0599609 0.0916667
0 0.273698 0.768519 0.0708333 0.127778
0 0.0215495 0.309722 0.0427083 0.0833333
0 0.122982 0.436111 0.019401 0.0231481
0 0.133626 0.167593 0.0494141 0.0680556
1 0.123047 0.436574 0.0184896 0.0236111
1 0.117253 0.436574 0.0235677 0.0222222
0 0.027832 0.339815 0.0530599 0.137037
0 0.265104 0.743519 0.08125 0.110185
0 0.133301 0.140856 0.0505859 0.122454
0 0.376042 0.486111 0.0583333 0.0990741
0 0.441927 0.580556 0.0578125 0.101852
0 0.304688 0.811574 0.0661458 0.127778
0 0.791667 0.583333 0.0520833 0.0962963
0 0.247266 0.717593 0.0570313 0.109259
0 0.0326172 0.363889 0.060026 0.0888889
0 0.638021 0.5625 0.053125 0.0981481
0 0.185937 0.629167 0.0588542 0.0981481
0 0.273177 0.767593 0.0703125 0.12963
0 0.0497721 0.404167 0.0593099 0.0916667
0 0.228516 0.291204 0.0518229 0.0694444
0 0.173698 0.229572 0.0458333 0.0667824
0 0.134342 0.164699 0.0500651 0.0756944
0 0.123307 0.437037 0.0195312 0.025
0 0.0220378 0.307407 0.0440755 0.0851852
1 0.123307 0.436806 0.0195312 0.024537
0 0.271875 0.990741 0.0270833 0.0185185
0 0.376302 0.486111 0.0578125 0.0990741
0 0.442187 0.580556 0.0572917 0.101852
0 0.0326172 0.363889 0.060026 0.0916667
0 0.638542 0.562963 0.0541667 0.1
0 0.247786 0.718982 0.0575521 0.105556
0 0.791667 0.583333 0.0520833 0.0981481
0 0.186719 0.628704 0.0578125 0.0972222
0 0.273698 0.76713 0.0682292 0.127778
0 0.0502279 0.404398 0.0583984 0.0930556
0 0.227734 0.289583 0.0507812 0.0731481
0 0.305729 0.810648 0.065625 0.125
0 0.173177 0.230093 0.0453125 0.0680556
0 0.121419 0.436111 0.0230469 0.0240741
0 0.0220378 0.315278 0.0440755 0.0935185
0 0.132422 0.168519 0.0489583 0.0675926
1 0.121159 0.436343 0.0238281 0.024537
1 0.341146 0.162037 0.00625 0.0138889
0 0.376042 0.486227 0.0572917 0.0979167
0 0.442187 0.580556 0.0572917 0.101852
0 0.638021 0.562037 0.053125 0.0981481
0 0.0324219 0.364352 0.0596354 0.0907407
0 0.791667 0.582407 0.0520833 0.0962963
0 0.273698 0.765741 0.0692708 0.127778
0 0.186849 0.628704 0.0583333 0.0981481
0 0.247396 0.718982 0.0572917 0.10463
0 0.172917 0.229398 0.0442708 0.0662037
0 0.307813 0.809259 0.0614583 0.124074
0 0.227604 0.285648 0.0507812 0.0796296
0 0.131022 0.168403 0.0468099 0.0671296
0 0.0496175 0.403704 0.060791 0.0976852
0 0.022168 0.309722 0.0443359 0.0842593
1 0.122526 0.435648 0.0190104 0.0222222
0 0.122526 0.436111 0.0208333 0.0231481
1 0.819271 0.446296 0.00729167 0.0194444
1 0.129297 0.443519 0.00755208 0.0101852
0 0.129297 0.443519 0.00755208 0.0101852
1 0.108008 0.442824 0.00820312 0.0111111
1 0.111458 0.438426 0.0111979 0.0194444
0 0.376042 0.486227 0.0583333 0.0979167
0 0.441927 0.580556 0.0578125 0.1
0 0.638021 0.562963 0.053125 0.0990741
0 0.0326497 0.364352 0.0598307 0.0907407
0 0.247656 0.717593 0.0578125 0.106481
0 0.791667 0.58287 0.0520833 0.0972222
0 0.186458 0.627778 0.0591146 0.0981481
0 0.228125 0.286111 0.0515625 0.0787037
0 0.305208 0.811111 0.0645833 0.125
0 0.273958 0.766204 0.0703125 0.126852
0 0.173568 0.230556 0.0455729 0.0680556
0 0.0498047 0.403704 0.060026 0.0944444
0 0.122786 0.437037 0.0200521 0.024537
1 0.123047 0.437037 0.0195312 0.0240741
0 0.0220703 0.309259 0.0441406 0.0833333
0 0.135645 0.163657 0.0526693 0.0763889
0 0.441927 0.580556 0.0578125 0.101852
0 0.375781 0.486111 0.0583333 0.0981481
0 0.791667 0.58287 0.0520833 0.0972222
0 0.0322591 0.364352 0.0603516 0.0907407
0 0.638021 0.562963 0.053125 0.0981481
0 0.305208 0.810185 0.0651042 0.124074
0 0.273958 0.767593 0.0713542 0.127778
0 0.185937 0.628704 0.0583333 0.0981481
0 0.247656 0.716667 0.0572917 0.111111
0 0.227083 0.286343 0.0505208 0.0791667
0 0.172917 0.230035 0.04375 0.0686343
0 0.0499349 0.403704 0.0589844 0.0962963
0 0.122721 0.437037 0.0196615 0.024537
0 0.0257161 0.305556 0.0505859 0.0777778
0 0.267773 0.989815 0.0342448 0.0203704
1 0.122656 0.437037 0.01875 0.0240741
0 0.134896 0.166898 0.0544271 0.0712963
0 0.442187 0.580093 0.0572917 0.100926
0 0.376302 0.486227 0.0583333 0.0979167
0 0.638021 0.562963 0.053125 0.0981481
0 0.791667 0.582407 0.0520833 0.0962963
0 0.0324219 0.363426 0.0602865 0.0898148
0 0.247656 0.718056 0.0572917 0.107407
0 0.305729 0.808333 0.0645833 0.122222
0 0.273698 0.767593 0.0697917 0.12963
0 0.186589 0.627778 0.0583333 0.0981481
0 0.227344 0.286343 0.0505208 0.0782407
0 0.173177 0.230324 0.0450521 0.0675926
0 0.0495524 0.403241 0.0596191 0.0944444
0 0.122721 0.436574 0.0191406 0.0240741
1 0.120703 0.432407 0.0148437 0.0157407
0 0.0235677 0.306019 0.0470703 0.0796296
1 0.121875 0.436111 0.0177083 0.0231481
0 0.120573 0.432407 0.0138021 0.0157407
0 0.13623 0.167593 0.0530599 0.0699074
0 0.127051 0.438657 0.0120443 0.0226852
0 0.108333 0.443056 0.00833333 0.012037
0 0.26875 0.989815 0.0328125 0.0185185
0 0.376042 0.486111 0.0583333 0.0981481
0 0.441667 0.580556 0.0572917 0.101852
0 0.638542 0.5625 0.0520833 0.0981481
0 0.247396 0.718518 0.0572917 0.105556
0 0.305208 0.810185 0.0645833 0.125926
0 0.185807 0.629167 0.0591146 0.1
0 0.0323486 0.363657 0.0597819 0.0902778
0 0.791667 0.58287 0.0520833 0.0962963
0 0.227344 0.285648 0.0505208 0.0791667
0 0.273503 0.766667 0.0707031 0.127778
0 0.173177 0.230093 0.0447917 0.0689815
0 0.0492188 0.404861 0.0589844 0.0935185
0 0.133301 0.166088 0.0505859 0.0719907
0 0.122591 0.437037 0.0199219 0.025
1 0.122396 0.436111 0.0200521 0.0231481
0 0.0220378 0.308333 0.0440755 0.0814815
0 0.26849 0.988889 0.0333333 0.0203704
0 0.108333 0.442593 0.009375 0.0152778
0 0.128516 0.442593 0.0101562 0.0287037
0 0.376042 0.486227 0.0583333 0.0979167
0 0.638542 0.562963 0.0520833 0.0962963
0 0.305729 0.809722 0.0635417 0.124074
0 0.442187 0.580093 0.0572917 0.100926
0 0.791667 0.582407 0.0510417 0.0962963
0 0.186068 0.628704 0.0588542 0.0981481
0 0.247266 0.718518 0.0570313 0.105556
0 0.0325521 0.363657 0.0601562 0.0898148
0 0.273438 0.766667 0.0697917 0.127778
0 0.227344 0.284722 0.0505208 0.0805556
0 0.173177 0.229861 0.0442708 0.0675926
0 0.0495361 0.403935 0.0595215 0.0935185
0 0.133366 0.166204 0.0504557 0.0708333
0 0.122005 0.437037 0.0190104 0.0240741
0 0.0219727 0.307407 0.0438151 0.0782407
0 0.291146 0.787037 0.0614583 0.101852
0 0.269857 0.989815 0.0311198 0.0203704
1 0.121745 0.436111 0.0195312 0.0231481
0 0.281706 0.752778 0.0532552 0.1
0 0.376042 0.486111 0.0583333 0.0990741
0 0.638021 0.562963 0.053125 0.0981481
0 0.441927 0.581019 0.0572917 0.100926
0 0.0323242 0.36412 0.0599609 0.0902778
0 0.247396 0.719444 0.0572917 0.103704
0 0.227344 0.285417 0.0505208 0.0791667
0 0.791667 0.583333 0.0520833 0.0962963
0 0.186198 0.628704 0.0585938 0.0972222
0 0.304948 0.809722 0.0651042 0.124074
0 0.173307 0.230093 0.0447917 0.0680556
0 0.273698 0.766667 0.0703125 0.125926
0 0.0495117 0.40463 0.0598307 0.0930556
0 0.122331 0.436574 0.0183594 0.0231481
0 0.132943 0.165741 0.0502604 0.0726852
0 0.023763 0.305787 0.0471354 0.0759259
1 0.121875 0.436111 0.0192708 0.0222222
0 0.376042 0.486111 0.0583333 0.0981481
0 0.442187 0.580556 0.0572917 0.101852
0 0.791667 0.582407 0.0520833 0.0962963
0 0.638021 0.5625 0.053125 0.0990741
0 0.305729 0.809722 0.0645833 0.124074
0 0.247396 0.718518 0.0572917 0.105556
0 0.0325439 0.363657 0.0599121 0.0902778
0 0.186328 0.628704 0.0585938 0.0981481
0 0.273698 0.766667 0.0703125 0.127778
0 0.227344 0.285648 0.0505208 0.0796296
0 0.173177 0.22963 0.0442708 0.0675926
0 0.0495117 0.404167 0.0598307 0.0953704
0 0.122526 0.437037 0.0195312 0.0240741
0 0.13252 0.166435 0.0500651 0.0708333
0 0.0265625 0.307176 0.0520182 0.0777778
0 0.442187 0.580556 0.0572917 0.101852
0 0.376563 0.486574 0.0583333 0.0981481
0 0.638542 0.562963 0.0541667 0.0981481
0 0.032609 0.363889 0.0599121 0.0898148
0 0.791667 0.58287 0.0510417 0.0962963
0 0.247396 0.719444 0.0572917 0.10463
0 0.305729 0.810185 0.0635417 0.124074
0 0.186458 0.628704 0.0583333 0.1
0 0.173177 0.229687 0.0450521 0.0674769
0 0.227474 0.28588 0.0510417 0.0777778
0 0.273438 0.767593 0.0697917 0.127778
0 0.0498617 0.40463 0.0599121 0.0944444
0 0.133594 0.166782 0.053125 0.0703704
0 0.122396 0.436574 0.0184896 0.0231481
0 0.0234375 0.308333 0.0458333 0.0805556
1 0.84375 0.40787 0.00625 0.0185185
0 0.442187 0.57963 0.0572917 0.101852
0 0.376563 0.486111 0.0583333 0.0981481
0 0.638542 0.562963 0.0520833 0.0981481
0 0.305469 0.810185 0.0651042 0.124074
0 0.791667 0.582407 0.0510417 0.0962963
0 0.0326823 0.363426 0.0598958 0.0898148
0 0.247526 0.718518 0.0575521 0.105556
0 0.186458 0.628704 0.0588542 0.1
0 0.273438 0.76713 0.0703125 0.127778
0 0.173177 0.230093 0.0453125 0.0675926
0 0.227604 0.286111 0.0510417 0.0777778
0 0.0496826 0.404167 0.0596191 0.0953704
0 0.122135 0.436574 0.0182292 0.0240741
0 0.134115 0.167245 0.0518229 0.0696759
0 0.0247396 0.308796 0.048112 0.0805556
0 0.442187 0.580556 0.0572917 0.101852
0 0.376302 0.486111 0.0583333 0.0981481
0 0.638021 0.5625 0.053125 0.0981481
0 0.0325439 0.363426 0.0597819 0.0898148
0 0.305729 0.809722 0.0645833 0.124074
0 0.791667 0.582407 0.0520833 0.0962963
0 0.247396 0.718518 0.0578125 0.105556
0 0.273438 0.76713 0.0703125 0.128704
0 0.186198 0.628704 0.0588542 0.0981481
0 0.227344 0.286343 0.0510417 0.0777778
0 0.173177 0.230613 0.0447917 0.0684028
0 0.0494466 0.404167 0.0597005 0.0944444
0 0.12181 0.436343 0.0175781 0.0231481
0 0.133561 0.167824 0.0516276 0.0680556
0 0.0256185 0.307407 0.0507812 0.0768519
0 0.12526 0.437731 0.0148437 0.0226852
1 0.121289 0.435648 0.0178385 0.0217593
0 0.442187 0.580556 0.0572917 0.101852
0 0.376302 0.486111 0.0583333 0.0981481
0 0.638021 0.5625 0.053125 0.0981481
0 0.0325439 0.363426 0.0597819 0.0898148
0 0.305729 0.809722 0.0645833 0.124074
0 0.791667 0.582407 0.0520833 0.0962963
0 0.247396 0.718518 0.0578125 0.105556
0 0.273438 0.76713 0.0703125 0.128704
0 0.186198 0.628704 0.0588542 0.0981481
0 0.227344 0.286343 0.0510417 0.0777778
0 0.173177 0.230613 0.0447917 0.0684028
0 0.049471 0.404167 0.0596517 0.0944444
0 0.12181 0.436343 0.0175781 0.0231481
0 0.133561 0.167824 0.0516276 0.0680556
0 0.0255941 0.307407 0.050765 0.0768519
0 0.12526 0.437731 0.0148437 0.0226852
1 0.121289 0.435648 0.0178385 0.0217593
