0 0.526042 0.42662 0.0395833 0.105093
0 0.663542 0.548148 0.0708333 0.0888889
0 0.429167 0.458796 0.0375 0.105556
0 0.501562 0.305093 0.0364583 0.1
0 0.413281 0.340741 0.0333333 0.087963
1 0.461198 0.47037 0.00885417 0.0342593
0 0.436458 0.0247975 0.0260417 0.048206
0 0.346615 0.130787 0.0239583 0.0233796
1 0.451042 0.478704 0.00729167 0.0287037
1 0.39349 0.702778 0.00885417 0.0240741
1 0.891667 0.273611 0.0166667 0.0166667
1 0.895312 0.291667 0.0145833 0.0236111
1 0.9 0.288426 0.025 0.0314815
1 0.39974 0.712037 0.0078125 0.0203704
1 0.056543 0.0449074 0.0163411 0.0297454
1 0.894792 0.273611 0.0208333 0.0185185
0 0.341146 0.130671 0.0354167 0.0282407
0 0.809896 0.373611 0.0677083 0.12037
1 0.346354 0.130556 0.0239583 0.0238426
0 0.9 0.288194 0.025 0.0324074
1 0.4 0.714815 0.009375 0.0268519
0 0.371875 0.947917 0.0770833 0.0893519
1 0.396354 0.705093 0.0140625 0.0287037
1 0.0544922 0.0412182 0.0110677 0.0219618
1 0.397917 0.710185 0.0119792 0.0259259
0 0.290625 0.122801 0.0369792 0.0678241
1 0.902083 0.285648 0.0208333 0.0259259
1 0.448958 0.480556 0.0078125 0.0296296
0 0.891667 0.273843 0.0166667 0.0162037
0 0.894792 0.291898 0.0145833 0.0236111
0 0.0561849 0.0447917 0.0154948 0.028588
1 0.392708 0.703704 0.0130208 0.0259259
1 0.394792 0.700926 0.0104167 0.0259259
1 0.0544922 0.0421296 0.014974 0.0304398
0 0.795313 0.405093 0.0364583 0.0574074
1 0.546875 0.506481 0.0125 0.0203704
0 0.346354 0.135764 0.025 0.0300926
3 0.840625 0.751852 0.04375 0.0740741
1 0.451562 0.475 0.00833333 0.0314815
1 0.401563 0.712963 0.0114583 0.0240741
0 0.461198 0.47037 0.00885417 0.0342593
1 0.897917 0.275926 0.0270833 0.0231481
0 0.39375 0.702778 0.009375 0.0240741
0 0.290625 0.125231 0.0489583 0.0793981
1 0.0541667 0.046412 0.0122396 0.0267361
0 0.81875 0.260648 0.0270833 0.0231481
1 0.436979 0.0247685 0.0260417 0.0481481
0 0.525911 0.426389 0.0398437 0.10463
0 0.429167 0.459144 0.0375 0.105787
0 0.663542 0.548148 0.0708333 0.0888889
0 0.413021 0.340741 0.0333333 0.0875
0 0.501562 0.305093 0.0364583 0.1
1 0.461198 0.47037 0.009375 0.0342593
0 0.435937 0.0248843 0.028125 0.0481481
0 0.346875 0.130556 0.0229167 0.0236111
1 0.451042 0.478704 0.00729167 0.0277778
1 0.39349 0.702778 0.00833333 0.0240741
1 0.895833 0.291667 0.0145833 0.0231481
1 0.891667 0.273843 0.0166667 0.0157407
1 0.399479 0.712037 0.00729167 0.0203704
1 0.9 0.289352 0.0229167 0.0296296
1 0.896875 0.290509 0.01875 0.0273148
1 0.0561849 0.0446904 0.0157552 0.0305266
0 0.810417 0.373148 0.0666667 0.121296
1 0.0549479 0.0427083 0.0127604 0.0261574
1 0.4 0.714815 0.009375 0.0277778
0 0.96901 0.829167 0.0619792 0.0648148
1 0.346875 0.13044 0.0229167 0.0233796
1 0.396354 0.705556 0.0140625 0.0296296
1 0.397917 0.709259 0.0114583 0.0259259
0 0.291667 0.125029 0.0385417 0.0744792
0 0.371354 0.947222 0.0760417 0.0888889
1 0.892708 0.290741 0.0166667 0.0231481
0 0.795833 0.40463 0.0364583 0.0583333
0 0.446354 0.0249421 0.0421875 0.0490741
1 0.546875 0.506481 0.0125 0.0203704
1 0.894271 0.274537 0.0208333 0.0185185
0 0.338281 0.128241 0.0411458 0.0319444
0 0.346354 0.135995 0.0239583 0.0305556
1 0.395052 0.700463 0.0104167 0.0268519
1 0.903125 0.286574 0.01875 0.0268519
0 0.286523 0.130353 0.0779948 0.0879051
1 0.542188 0.0762732 0.0114583 0.0282407
1 0.392708 0.703704 0.0125 0.025
0 0.316667 0.120718 0.084375 0.0664352
0 0.822917 0.354167 0.0395833 0.0833333
1 0.451823 0.475 0.0078125 0.0314815
0 0.0559245 0.0443287 0.0151042 0.0296296
0 0.548437 0.124306 0.0239583 0.055787
1 0.0534505 0.0433449 0.0169271 0.0328704
0 0.891667 0.273611 0.0166667 0.0157407
0 0.306771 0.12581 0.0708333 0.0814815
1 0.0535156 0.039728 0.0125 0.0277199
0 0.900521 0.288426 0.025 0.0333333
1 0.401563 0.712963 0.0104167 0.0240741
0 0.350781 0.130324 0.015625 0.0222222
1 0.436458 0.0247179 0.028125 0.0482494
0 0.508594 0.0592014 0.0765625 0.0853009
0 0.896875 0.290509 0.01875 0.0273148
0 0.895312 0.291667 0.0145833 0.0231481
0 0.461198 0.470486 0.009375 0.0349537
0 0.399479 0.712037 0.00729167 0.0203704
1 0.9 0.291667 0.025 0.0407407
1 0.891667 0.28125 0.01875 0.0333333
0 0.39375 0.702778 0.009375 0.0240741
0 0.663542 0.548148 0.0697917 0.0888889
0 0.413021 0.340741 0.0338542 0.087037
0 0.526042 0.426389 0.0395833 0.10463
0 0.429167 0.458796 0.0375 0.106481
0 0.501562 0.305093 0.0364583 0.1
1 0.461198 0.47037 0.009375 0.0342593
0 0.436198 0.024877 0.028125 0.0481626
0 0.346615 0.130208 0.0234375 0.0231481
1 0.451042 0.478704 0.00729167 0.0277778
1 0.39349 0.702778 0.00833333 0.0240741
1 0.895312 0.291898 0.0145833 0.0226852
1 0.891667 0.274074 0.015625 0.0157407
1 0.4 0.712037 0.0078125 0.0203704
1 0.9 0.28912 0.0239583 0.0300926
1 0.897917 0.291204 0.0197917 0.0240741
1 0.398958 0.710185 0.009375 0.0222222
0 0.795313 0.40463 0.0364583 0.0583333
0 0.371354 0.947222 0.0760417 0.0888889
1 0.400521 0.714815 0.009375 0.0259259
1 0.0560221 0.045081 0.0142578 0.0273148
0 0.292708 0.123032 0.0416667 0.0710648
1 0.346615 0.130093 0.0234375 0.0231481
1 0.892708 0.290741 0.0166667 0.0240741
1 0.396615 0.705556 0.0140625 0.0287037
1 0.546875 0.506481 0.0125 0.0203704
0 0.279102 0.127344 0.0678385 0.0925347
0 0.293229 0.127315 0.0552083 0.0840278
0 0.809896 0.37338 0.0677083 0.122685
0 0.96875 0.830556 0.0625 0.0685185
0 0.301562 0.118953 0.0583333 0.0843171
1 0.397656 0.709259 0.0119792 0.0268519
1 0.436458 0.0247685 0.028125 0.0481481
1 0.902083 0.28588 0.0208333 0.0263889
1 0.0546875 0.0420718 0.0109375 0.021875
0 0.899479 0.28912 0.0229167 0.0296296
0 0.287565 0.138628 0.0644531 0.098206
1 0.894271 0.274769 0.0208333 0.0175926
0 0.891667 0.274074 0.015625 0.0157407
0 0.821354 0.355093 0.04375 0.0842593
0 0.307292 0.12963 0.0708333 0.0849537
0 0.346354 0.136111 0.025 0.0310185
1 0.394792 0.7 0.0104167 0.0259259
0 0.446875 0.0251808 0.0364583 0.0477865
1 0.392708 0.7 0.009375 0.0259259
1 0.392448 0.703704 0.0130208 0.0240741
0 0.547396 0.506481 0.0125 0.0222222
0 0.460938 0.47037 0.009375 0.0342593
3 0.371354 0.948148 0.0760417 0.0888889
0 0.4 0.712037 0.0078125 0.0203704
0 0.895312 0.29213 0.0145833 0.0222222
0 0.338802 0.130556 0.0390625 0.0328704
0 0.0561523 0.0449653 0.0141276 0.0270833
0 0.366667 0.15463 0.0119792 0.0231481
0 0.451042 0.478704 0.00729167 0.0277778
1 0.452083 0.474074 0.00833333 0.0314815
0 0.29375 0.138657 0.0395833 0.0372685
1 0.402083 0.713426 0.0104167 0.0240741
1 0.891667 0.281019 0.0177083 0.0305556
0 0.316667 0.123582 0.0864583 0.0764468
0 0.350781 0.129977 0.015625 0.0215278
0 0.295833 0.140972 0.0322917 0.0263889
0 0.301042 0.146759 0.0677083 0.112963
1 0.00725911 0.336806 0.0110026 0.0152778
0 0.39401 0.702778 0.009375 0.0240741
0 0.286719 0.109838 0.06875 0.104861
1 0.429167 0.458796 0.0375 0.106481
0 0.296354 0.127546 0.034375 0.049537
1 0.400521 0.708796 0.0104167 0.0259259
1 0.663542 0.548148 0.0708333 0.0888889
0 0.296354 0.114931 0.04375 0.0740741
0 0.413021 0.340278 0.0338542 0.087037
0 0.663542 0.548148 0.0708333 0.0888889
0 0.526042 0.426389 0.0395833 0.10463
0 0.428906 0.459375 0.0375 0.107176
0 0.501302 0.305093 0.0359375 0.100926
1 0.460938 0.47037 0.009375 0.0342593
0 0.436458 0.0248336 0.0291667 0.0481337
1 0.451042 0.478704 0.00729167 0.0287037
0 0.346615 0.130324 0.0234375 0.0231481
1 0.39349 0.702778 0.00885417 0.0240741
1 0.895312 0.291898 0.0145833 0.0226852
1 0.891667 0.274074 0.015625 0.0157407
1 0.4 0.7125 0.0078125 0.0212963
1 0.9 0.288889 0.0239583 0.0305556
0 0.371354 0.947222 0.0760417 0.0888889
1 0.400521 0.714815 0.009375 0.0259259
1 0.0563151 0.0451244 0.0139323 0.0266493
0 0.291667 0.122106 0.0395833 0.0701389
1 0.396354 0.706019 0.0145833 0.0305556
0 0.794792 0.40463 0.0375 0.0583333
0 0.9 0.288657 0.0229167 0.0305556
1 0.346615 0.130324 0.0234375 0.0231481
1 0.436719 0.0247975 0.0286458 0.0483218
0 0.294271 0.12636 0.0510417 0.0833912
0 0.810417 0.373611 0.0666667 0.121759
1 0.892708 0.289352 0.0166667 0.0268519
0 0.280143 0.129051 0.0688802 0.0888889
1 0.397656 0.708796 0.0119792 0.0268519
1 0.392708 0.704167 0.0125 0.025
1 0.546875 0.506019 0.0125 0.0212963
0 0.895312 0.291898 0.0145833 0.0226852
0 0.546875 0.506019 0.0125 0.0222222
0 0.891667 0.274074 0.015625 0.0157407
1 0.905208 0.283333 0.0145833 0.0212963
1 0.894792 0.274537 0.0208333 0.0185185
0 0.39375 0.702778 0.0104167 0.0240741
0 0.301562 0.132292 0.0604167 0.0923611
0 0.460938 0.47037 0.009375 0.0351852
0 0.4 0.7125 0.0078125 0.0212963
1 0.394792 0.700463 0.0114583 0.0277778
1 0.452083 0.474537 0.00833333 0.0314815
1 0.0546875 0.0425926 0.0109375 0.022338
0 0.340365 0.130671 0.0348958 0.031713
0 0.822396 0.355093 0.0416667 0.0842593
0 0.451042 0.478704 0.00729167 0.0287037
0 0.309375 0.125231 0.0739583 0.0793981
0 0.446354 0.0249928 0.0395833 0.0483941
1 0.402083 0.712963 0.0104167 0.0240741
3 0.371354 0.947222 0.0760417 0.0888889
0 0.264844 0.161921 0.0151042 0.0210648
1 0.40026 0.709259 0.0109375 0.0277778
0 0.346354 0.136227 0.025 0.031713
1 0.891667 0.281481 0.0166667 0.0314815
0 0.0563151 0.0451244 0.0139323 0.0266493
0 0.290885 0.150203 0.0729167 0.124595
0 0.291667 0.110069 0.0552083 0.103009
0 0.366667 0.154398 0.0114583 0.0226852
0 0.396354 0.706019 0.0145833 0.0305556
0 0.302083 0.163657 0.0666667 0.150926
1 0.39401 0.706481 0.0125 0.0296296
0 0.452604 0.0258753 0.0552083 0.0484809
1 0.901042 0.280787 0.0229167 0.025
1 0.401042 0.718518 0.0104167 0.0333333
0 0.292188 0.135185 0.0401042 0.0523148
0 0.349479 0.129398 0.0177083 0.0208333
1 0.429167 0.459375 0.0375 0.107176
0 0.343229 0.129398 0.0229167 0.0273148
0 0.663542 0.547685 0.0708333 0.0898148
0 0.413021 0.340278 0.034375 0.087037
0 0.525521 0.426389 0.0395833 0.10463
0 0.428906 0.459375 0.0375 0.107176
0 0.501302 0.305324 0.0359375 0.100926
1 0.460938 0.47037 0.009375 0.0342593
0 0.436458 0.0249132 0.0291667 0.0480903
1 0.451042 0.478704 0.00729167 0.0287037
0 0.346615 0.130556 0.0234375 0.0231481
1 0.895312 0.291667 0.0145833 0.0231481
1 0.891667 0.274074 0.015625 0.0157407
1 0.393229 0.703241 0.009375 0.0231481
1 0.4 0.712037 0.00729167 0.0203704
1 0.9 0.288657 0.0239583 0.0305556
0 0.371354 0.947222 0.0765625 0.0888889
0 0.809896 0.373843 0.0666667 0.121296
1 0.0563151 0.0449219 0.0145833 0.0277488
1 0.40026 0.714815 0.00885417 0.0259259
0 0.291667 0.122917 0.0395833 0.0712963
0 0.291146 0.128588 0.0541667 0.0844907
0 0.279622 0.127546 0.0678385 0.0902778
1 0.396354 0.706019 0.0145833 0.0296296
1 0.346875 0.13044 0.0239583 0.0233796
1 0.436458 0.0248192 0.0291667 0.0483941
0 0.9 0.288889 0.0229167 0.0305556
1 0.894792 0.274537 0.0208333 0.0185185
0 0.298698 0.123264 0.0536458 0.0805556
1 0.0546875 0.0431858 0.0113281 0.0245081
0 0.795313 0.405093 0.0364583 0.0583333
1 0.397396 0.708796 0.0119792 0.0268519
1 0.907292 0.281944 0.0104167 0.0175926
0 0.895312 0.291667 0.0145833 0.0231481
0 0.547396 0.505556 0.0135417 0.0222222
0 0.39375 0.703241 0.0104167 0.0240741
0 0.891667 0.274074 0.015625 0.0157407
1 0.392708 0.70463 0.0125 0.0240741
1 0.546875 0.506481 0.0125 0.0222222
0 0.822396 0.355093 0.0416667 0.0842593
1 0.401563 0.712963 0.0104167 0.0240741
1 0.892708 0.287037 0.0166667 0.0287037
0 0.283919 0.143403 0.0675781 0.111574
0 0.4 0.712037 0.00729167 0.0203704
0 0.460938 0.47037 0.009375 0.0351852
1 0.452083 0.474074 0.00833333 0.0314815
0 0.340625 0.130787 0.0354167 0.0324074
1 0.902604 0.281481 0.01875 0.0236111
0 0.310417 0.127778 0.0760417 0.0819444
3 0.371354 0.947222 0.0765625 0.0888889
0 0.264844 0.162037 0.0151042 0.0210648
1 0.394792 0.7 0.0119792 0.0277778
0 0.450781 0.478704 0.0078125 0.0277778
0 0.343229 0.12963 0.021875 0.0263889
1 0.891667 0.282407 0.0166667 0.0314815
0 0.35 0.129514 0.0161458 0.0210648
0 0.0562826 0.0450087 0.014388 0.0273438
0 0.346354 0.136343 0.025 0.0319444
0 0.29974 0.153819 0.0651042 0.13125
0 0.361458 0.950231 0.0552083 0.0810185
0 0.825 0.687037 0.0125 0.0388889
0 0.396354 0.706019 0.0145833 0.0296296
0 0.286003 0.109288 0.0675781 0.109664
1 0.428906 0.458796 0.0375 0.107407
0 0.453125 0.025991 0.05625 0.0488281
1 0.269531 0.0725694 0.0114583 0.0173611
0 0.288281 0.117708 0.03125 0.0597222
1 0.4 0.708333 0.0104167 0.0268519
0 0.446354 0.0257812 0.0338542 0.0469329
0 0.413281 0.340278 0.0338542 0.087037
0 0.663542 0.547685 0.0708333 0.0898148
0 0.501302 0.305324 0.0359375 0.100463
0 0.525521 0.426389 0.0395833 0.10463
0 0.429167 0.458796 0.0375 0.106481
1 0.460938 0.47037 0.009375 0.0342593
0 0.436198 0.0248843 0.0291667 0.0479167
1 0.451042 0.478704 0.00729167 0.0296296
0 0.346875 0.130556 0.0239583 0.0231481
1 0.891667 0.274074 0.015625 0.0157407
1 0.894792 0.291667 0.0145833 0.0231481
1 0.393229 0.703241 0.009375 0.0231481
1 0.4 0.712037 0.00729167 0.0203704
1 0.9 0.288657 0.025 0.0305556
0 0.809896 0.373611 0.0666667 0.121296
0 0.371354 0.947222 0.0770833 0.0888889
1 0.40026 0.714815 0.00885417 0.0259259
1 0.0561198 0.0447338 0.0148437 0.027662
1 0.396094 0.706019 0.0151042 0.0305556
0 0.279687 0.126823 0.0682292 0.0912616
0 0.291927 0.122569 0.0401042 0.0708333
0 0.9 0.288426 0.0239583 0.0305556
1 0.436458 0.0248264 0.0291667 0.0483796
1 0.894792 0.274769 0.0229167 0.0194444
1 0.346875 0.130324 0.0239583 0.0236111
0 0.795313 0.404861 0.0364583 0.0583333
0 0.547396 0.505556 0.0125 0.0222222
0 0.894792 0.291667 0.0145833 0.0231481
0 0.298958 0.128009 0.0541667 0.0828704
0 0.891667 0.274074 0.015625 0.0157407
1 0.546875 0.506019 0.0125 0.0212963
1 0.907292 0.281944 0.0104167 0.0175926
0 0.39375 0.703241 0.0104167 0.0240741
1 0.397396 0.708796 0.0119792 0.0268519
0 0.821875 0.355324 0.0416667 0.0847222
0 0.340104 0.130324 0.0364583 0.0319444
1 0.401563 0.713426 0.0104167 0.0240741
1 0.392708 0.70463 0.0125 0.0240741
1 0.0544596 0.0428241 0.011263 0.0237269
0 0.460938 0.47037 0.009375 0.0351852
1 0.892708 0.285648 0.0166667 0.0296296
0 0.283854 0.142708 0.0697917 0.109954
0 0.4 0.712037 0.00729167 0.0203704
1 0.902083 0.281481 0.0208333 0.024537
1 0.452344 0.474074 0.00885417 0.0324074
0 0.451042 0.479167 0.00833333 0.0287037
1 0.394792 0.7 0.0114583 0.0277778
0 0.264844 0.162269 0.0151042 0.0208333
0 0.343229 0.129514 0.021875 0.0270833
0 0.445833 0.0248843 0.040625 0.0487269
0 0.35 0.130093 0.0166667 0.0222222
0 0.313021 0.127662 0.0802083 0.0824074
1 0.796875 0.75 0.0125 0.0185185
0 0.346354 0.136458 0.025 0.0319444
0 0.0561198 0.0449074 0.0145833 0.0273148
1 0.428906 0.458796 0.0375 0.107407
0 0.298177 0.149537 0.0661458 0.122222
0 0.396094 0.706019 0.0151042 0.0305556
1 0.897917 0.278472 0.025 0.0310185
0 0.413281 0.340278 0.0338542 0.087037
0 0.663542 0.548148 0.0708333 0.0888889
0 0.525521 0.426389 0.0395833 0.10463
0 0.429167 0.458796 0.0375 0.106481
0 0.501302 0.305324 0.0359375 0.100463
1 0.460938 0.47037 0.009375 0.0342593
0 0.435937 0.0249132 0.0291667 0.0479745
1 0.451042 0.478704 0.00729167 0.0296296
0 0.346875 0.130556 0.0239583 0.0231481
1 0.393229 0.702778 0.009375 0.0240741
1 0.891667 0.274074 0.015625 0.0162037
1 0.894792 0.291667 0.0145833 0.0231481
1 0.4 0.712037 0.00729167 0.0203704
1 0.9 0.288426 0.025 0.0305556
0 0.810417 0.373611 0.0666667 0.120833
0 0.279948 0.125492 0.0682292 0.0929977
1 0.40026 0.714815 0.00885417 0.0259259
1 0.396094 0.706481 0.0151042 0.0314815
1 0.0560872 0.0445602 0.0149089 0.0277778
0 0.292188 0.122917 0.0411458 0.0726852
1 0.436458 0.0248264 0.0291667 0.0483796
0 0.371354 0.947222 0.0770833 0.0888889
1 0.894792 0.275 0.0229167 0.0194444
0 0.9 0.288426 0.0239583 0.0305556
0 0.795313 0.40463 0.0364583 0.0583333
1 0.346615 0.130556 0.0239583 0.0236111
0 0.301042 0.128125 0.0645833 0.0861111
1 0.907292 0.281944 0.0104167 0.0175926
0 0.339063 0.129977 0.0385417 0.0324074
1 0.546875 0.506019 0.0125 0.0212963
0 0.547396 0.506019 0.0125 0.0222222
0 0.460938 0.47037 0.009375 0.0342593
0 0.891667 0.274074 0.015625 0.0166667
1 0.392708 0.70463 0.0130208 0.0240741
1 0.401563 0.713426 0.0104167 0.0240741
1 0.902604 0.282407 0.01875 0.025
0 0.39375 0.702778 0.0104167 0.0240741
0 0.446354 0.0248553 0.0416667 0.0490162
0 0.894792 0.291667 0.0145833 0.0231481
0 0.821875 0.355093 0.0416667 0.0842593
1 0.0544596 0.0428819 0.0115234 0.0241898
0 0.451042 0.478704 0.0078125 0.0296296
1 0.892708 0.284954 0.0166667 0.0300926
0 0.40026 0.712963 0.0078125 0.0203704
1 0.394792 0.700463 0.0114583 0.0277778
1 0.452083 0.474074 0.00833333 0.0314815
0 0.315104 0.127894 0.0833333 0.0854167
0 0.350521 0.128125 0.015625 0.025463
0 0.342187 0.129514 0.0239583 0.0280093
0 0.346615 0.136574 0.0255208 0.0324074
0 0.296354 0.143981 0.078125 0.111574
1 0.796875 0.75 0.0125 0.0185185
1 0.4 0.708333 0.0114583 0.0277778
1 0.428906 0.458796 0.0369792 0.107407
0 0.285352 0.107523 0.0782552 0.11875
1 0.663542 0.548148 0.0708333 0.0888889
0 0.346615 0.125694 0.0239583 0.0305556
1 0.452865 0.471181 0.0104167 0.0335648
1 0.897917 0.278704 0.0260417 0.0314815
0 0.264844 0.162384 0.0151042 0.0203704
0 0.413021 0.340278 0.0333333 0.087037
0 0.663542 0.548148 0.0708333 0.0888889
0 0.526172 0.42662 0.0393229 0.105093
0 0.429167 0.458796 0.0375 0.106481
0 0.501302 0.305093 0.0359375 0.1
1 0.460938 0.47037 0.009375 0.0342593
0 0.436198 0.0248553 0.0286458 0.0480903
1 0.451042 0.478704 0.00729167 0.0296296
0 0.346875 0.130556 0.0239583 0.0233796
1 0.393229 0.702778 0.00885417 0.0240741
1 0.894792 0.291667 0.0145833 0.0231481
1 0.891667 0.274074 0.015625 0.0162037
1 0.4 0.712037 0.00729167 0.0203704
1 0.9 0.288426 0.025 0.0305556
0 0.810417 0.373611 0.0666667 0.121296
0 0.280729 0.127894 0.0692708 0.0900463
1 0.40026 0.714815 0.00885417 0.0259259
1 0.396094 0.706019 0.0151042 0.0305556
0 0.795833 0.40463 0.0375 0.0583333
0 0.292448 0.122888 0.0416667 0.0727431
1 0.894792 0.274769 0.0229167 0.0194444
1 0.0558919 0.0446904 0.0145182 0.0272859
0 0.9 0.288889 0.0239583 0.0296296
1 0.346615 0.130556 0.0239583 0.0236111
1 0.436458 0.0247975 0.0291667 0.0483218
0 0.338542 0.129861 0.0395833 0.0324074
1 0.546875 0.506019 0.0125 0.0212963
0 0.371354 0.947222 0.0760417 0.0888889
0 0.296615 0.129861 0.0723958 0.0891204
1 0.907292 0.281944 0.0104167 0.0175926
0 0.547396 0.506019 0.0125 0.0222222
0 0.894792 0.29213 0.0145833 0.0222222
0 0.460938 0.47037 0.009375 0.0342593
0 0.891667 0.274074 0.015625 0.0166667
1 0.397135 0.709259 0.0119792 0.0259259
1 0.392708 0.70463 0.0125 0.0240741
0 0.39375 0.702778 0.0104167 0.0240741
0 0.446875 0.0248915 0.040625 0.0490596
1 0.902083 0.282407 0.0208333 0.0259259
0 0.451042 0.478704 0.0078125 0.0296296
0 0.40026 0.713426 0.0078125 0.0212963
1 0.394792 0.7 0.0114583 0.0277778
1 0.401563 0.713426 0.0104167 0.0240741
1 0.452083 0.474074 0.00833333 0.0314815
0 0.821875 0.355093 0.0416667 0.0842593
1 0.892708 0.285185 0.0166667 0.0300926
0 0.315104 0.127894 0.084375 0.0865741
0 0.350521 0.128125 0.0166667 0.025463
0 0.341406 0.12963 0.0260417 0.0282407
0 0.346615 0.136574 0.0255208 0.0324074
1 0.0545247 0.0427662 0.0116536 0.0241898
1 0.796875 0.75 0.0125 0.0185185
1 0.452865 0.471181 0.0104167 0.0335648
1 0.4 0.708333 0.0109375 0.0277778
0 0.286458 0.105758 0.08125 0.124132
0 0.286979 0.125116 0.03125 0.0706019
1 0.399219 0.718518 0.0114583 0.0333333
0 0.346615 0.12581 0.0239583 0.0303241
1 0.452604 0.478241 0.009375 0.0314815
0 0.413021 0.340278 0.0333333 0.087037
0 0.663542 0.548148 0.0708333 0.0888889
0 0.526172 0.42662 0.0393229 0.105093
0 0.429167 0.458796 0.0375 0.106481
0 0.501302 0.305324 0.0359375 0.100463
1 0.460938 0.47037 0.009375 0.0342593
0 0.436198 0.0247975 0.0286458 0.0480903
1 0.451042 0.478704 0.00729167 0.0296296
0 0.346875 0.130556 0.0239583 0.0236111
1 0.891667 0.274074 0.015625 0.0166667
1 0.393229 0.702778 0.00885417 0.0240741
1 0.895312 0.291667 0.0145833 0.0231481
1 0.4 0.712037 0.00729167 0.0203704
1 0.9 0.288426 0.025 0.0305556
0 0.810417 0.373148 0.0666667 0.12037
1 0.40026 0.714815 0.00885417 0.0259259
0 0.280273 0.124884 0.0686198 0.093287
1 0.396094 0.706019 0.0151042 0.0305556
1 0.0559896 0.0445602 0.0148437 0.027662
0 0.795833 0.40463 0.0375 0.0583333
1 0.895312 0.274769 0.0239583 0.0194444
0 0.292708 0.122946 0.0421875 0.0730903
0 0.338021 0.129861 0.040625 0.0328704
1 0.346615 0.130556 0.0239583 0.0236111
0 0.9 0.2875 0.025 0.0324074
1 0.436458 0.0247613 0.0291667 0.0482784
1 0.907292 0.281944 0.0104167 0.0175926
1 0.546875 0.506481 0.0125 0.0203704
0 0.298177 0.129745 0.0734375 0.0898148
1 0.397396 0.709259 0.0114583 0.0259259
0 0.371615 0.947222 0.0770833 0.0888889
1 0.902083 0.282407 0.01875 0.025
0 0.460938 0.47037 0.009375 0.0342593
0 0.547396 0.505556 0.0125 0.0222222
0 0.894792 0.29213 0.0145833 0.0217593
1 0.392188 0.70463 0.0125 0.0240741
0 0.39375 0.702778 0.0104167 0.0240741
0 0.891667 0.274074 0.015625 0.0166667
0 0.284635 0.137297 0.0760417 0.100868
0 0.451042 0.478704 0.0078125 0.0296296
0 0.40026 0.712963 0.0078125 0.0203704
0 0.447135 0.0249494 0.0401042 0.0489439
1 0.394792 0.7 0.0114583 0.0277778
1 0.452344 0.474074 0.00885417 0.0314815
1 0.401563 0.713426 0.0104167 0.0240741
0 0.340104 0.12963 0.0291667 0.0296296
1 0.892708 0.284722 0.0166667 0.0296296
0 0.350521 0.128241 0.0161458 0.025463
0 0.315104 0.127199 0.0833333 0.0858796
0 0.822396 0.355093 0.0416667 0.0847222
0 0.346615 0.136343 0.0255208 0.0324074
1 0.796875 0.75 0.0125 0.0185185
0 0.825 0.686111 0.0125 0.037037
1 0.269531 0.0725694 0.0114583 0.0173611
1 0.905208 0.280556 0.0145833 0.0203704
0 0.346615 0.125926 0.0239583 0.0303241
0 0.896875 0.290972 0.01875 0.024537
1 0.4 0.708333 0.0109375 0.0268519
0 0.413021 0.340278 0.0333333 0.087037
0 0.663542 0.548148 0.0708333 0.0888889
0 0.526172 0.42662 0.0393229 0.105093
0 0.428906 0.458796 0.0375 0.106481
0 0.501302 0.305093 0.0359375 0.1
1 0.460938 0.47037 0.009375 0.0342593
0 0.435937 0.0247758 0.028125 0.0481337
1 0.451042 0.478704 0.00729167 0.0296296
0 0.346875 0.130556 0.0239583 0.0236111
1 0.891667 0.274074 0.015625 0.0166667
1 0.894792 0.291667 0.0145833 0.0231481
1 0.393229 0.702778 0.00885417 0.0222222
1 0.4 0.712037 0.00729167 0.0203704
1 0.897396 0.290972 0.01875 0.024537
1 0.9 0.288426 0.025 0.0305556
1 0.0561198 0.0443287 0.0152344 0.0282407
1 0.40026 0.714815 0.00885417 0.0259259
1 0.396094 0.706481 0.0151042 0.0314815
0 0.809896 0.373611 0.0666667 0.120833
0 0.279948 0.125203 0.0682292 0.0926505
0 0.795833 0.40463 0.0375 0.0583333
1 0.895312 0.275 0.0239583 0.0194444
0 0.292708 0.123177 0.0416667 0.0726273
0 0.9 0.2875 0.025 0.0324074
1 0.346615 0.130556 0.0239583 0.0238426
0 0.371615 0.947222 0.0770833 0.0888889
0 0.338021 0.129745 0.040625 0.0328704
1 0.907292 0.281944 0.0104167 0.0171296
1 0.436458 0.0247396 0.0291667 0.0483218
1 0.397396 0.709259 0.0119792 0.0259259
1 0.546875 0.506481 0.0125 0.0203704
1 0.902083 0.282407 0.01875 0.025
1 0.392188 0.70463 0.0125 0.0240741
0 0.297917 0.12989 0.0729167 0.0897569
0 0.461198 0.47037 0.00885417 0.0342593
0 0.547396 0.505556 0.0125 0.0222222
0 0.891667 0.274074 0.015625 0.0166667
0 0.39375 0.702778 0.0104167 0.0240741
0 0.451562 0.479167 0.00833333 0.0277778
1 0.394792 0.7 0.0114583 0.0277778
0 0.894792 0.291667 0.0145833 0.0222222
0 0.447396 0.0249132 0.0395833 0.0487847
0 0.284635 0.138542 0.0760417 0.103472
0 0.400781 0.713426 0.00885417 0.0194444
1 0.452604 0.474074 0.00833333 0.0314815
1 0.401563 0.713426 0.0104167 0.0240741
1 0.892708 0.284722 0.0166667 0.0296296
0 0.350521 0.128125 0.0161458 0.0252315
0 0.313802 0.129196 0.0838542 0.088831
0 0.825 0.686111 0.0125 0.0361111
0 0.346615 0.136343 0.025 0.0324074
1 0.796875 0.75 0.0125 0.0185185
1 0.905208 0.280787 0.0145833 0.0203704
1 0.269531 0.0725116 0.0114583 0.0173611
0 0.822396 0.355093 0.0416667 0.0847222
1 0.452604 0.478241 0.009375 0.0314815
1 0.989062 0.781482 0.0104167 0.0277778
0 0.289323 0.131221 0.0369792 0.0820023
1 0.4 0.708796 0.0109375 0.0268519
0 0.897396 0.290972 0.01875 0.024537
0 0.342187 0.131713 0.0307292 0.0273148
0 0.413021 0.340278 0.0338542 0.087037
0 0.525521 0.426389 0.0395833 0.105556
0 0.663542 0.548148 0.0708333 0.0888889
0 0.428906 0.458796 0.0375 0.106481
0 0.501302 0.305093 0.0359375 0.100463
1 0.460938 0.47037 0.009375 0.0342593
0 0.436198 0.0247685 0.028125 0.0480324
1 0.451042 0.478704 0.00729167 0.0296296
0 0.346875 0.130556 0.0239583 0.0236111
1 0.891667 0.274074 0.015625 0.0166667
1 0.894792 0.291667 0.0145833 0.0231481
1 0.393229 0.702778 0.00885417 0.0222222
1 0.4 0.712037 0.00729167 0.0203704
1 0.897917 0.290972 0.0197917 0.024537
1 0.9 0.288426 0.025 0.0305556
1 0.0561849 0.0443432 0.0154948 0.0284433
1 0.40026 0.714815 0.00885417 0.0268519
1 0.396094 0.706481 0.0151042 0.0314815
0 0.795313 0.40463 0.0364583 0.0583333
0 0.279687 0.124537 0.0682292 0.094213
0 0.809896 0.373611 0.0666667 0.120833
1 0.895833 0.275463 0.025 0.0194444
0 0.371354 0.947222 0.0770833 0.0888889
0 0.292448 0.123495 0.0416667 0.0719907
0 0.9 0.2875 0.025 0.0324074
1 0.346875 0.130556 0.0239583 0.0238426
1 0.902604 0.282407 0.01875 0.024537
1 0.907292 0.281944 0.0104167 0.0171296
0 0.33776 0.129861 0.0411458 0.0324074
1 0.397396 0.709259 0.0119792 0.0259259
1 0.436458 0.0247106 0.0286458 0.0482639
0 0.297656 0.129659 0.0765625 0.0902199
1 0.546875 0.506481 0.0125 0.0203704
1 0.392188 0.70463 0.0125 0.0240741
0 0.891667 0.274074 0.015625 0.0166667
0 0.461198 0.47037 0.00885417 0.0342593
0 0.547396 0.505556 0.0125 0.0222222
0 0.451562 0.479167 0.00885417 0.0287037
1 0.394792 0.7 0.0114583 0.0268519
0 0.39375 0.702778 0.00989583 0.0240741
0 0.400781 0.712963 0.00885417 0.0194444
0 0.284831 0.137847 0.0772135 0.103241
1 0.452604 0.474074 0.00833333 0.0314815
0 0.894792 0.291667 0.0145833 0.0222222
0 0.447396 0.0248915 0.0390625 0.0487124
1 0.401563 0.713426 0.0104167 0.0240741
1 0.892708 0.284722 0.0166667 0.0296296
0 0.313542 0.128964 0.0854167 0.089294
1 0.905208 0.280556 0.0145833 0.0203704
0 0.825 0.686111 0.0125 0.0351852
0 0.346615 0.136227 0.025 0.0321759
1 0.796875 0.75 0.0114583 0.0185185
0 0.350521 0.128241 0.0161458 0.0252315
1 0.452604 0.478241 0.009375 0.0314815
1 0.989062 0.781482 0.0104167 0.0277778
0 0.342187 0.131713 0.03125 0.0273148
3 0.371875 0.947222 0.0760417 0.0888889
0 0.897917 0.290972 0.0197917 0.024537
1 0.4 0.708333 0.0104167 0.0259259
1 0.90625 0.286111 0.0145833 0.0277778
1 0.269531 0.0725116 0.0114583 0.0173611
1 0.345833 0.13125 0.0171875 0.0217593
0 0.822396 0.355324 0.0416667 0.0851852
0 0.663542 0.547685 0.0708333 0.0888889
0 0.413281 0.340278 0.0338542 0.087037
0 0.525521 0.426389 0.0395833 0.10463
0 0.428646 0.458796 0.0375 0.106481
0 0.501302 0.305093 0.0359375 0.100463
1 0.460938 0.47037 0.009375 0.0342593
0 0.436198 0.0247106 0.028125 0.0480324
1 0.451042 0.478704 0.00729167 0.0296296
0 0.346875 0.130556 0.0239583 0.0236111
1 0.891667 0.274074 0.015625 0.0166667
1 0.393229 0.702778 0.00833333 0.0222222
1 0.894792 0.291667 0.0145833 0.0231481
1 0.4 0.712037 0.00729167 0.0203704
1 0.898438 0.290972 0.0208333 0.024537
1 0.9 0.288426 0.025 0.0305556
1 0.0561849 0.0442708 0.0154948 0.0283565
1 0.40026 0.714815 0.00885417 0.0259259
0 0.795313 0.40463 0.0364583 0.0583333
1 0.396354 0.706019 0.0145833 0.0305556
0 0.279427 0.124306 0.0677083 0.0949074
1 0.895833 0.275463 0.025 0.0194444
0 0.809896 0.373611 0.0666667 0.121296
0 0.371615 0.947222 0.0770833 0.0888889
0 0.9 0.2875 0.025 0.0324074
1 0.902083 0.282407 0.0197917 0.024537
1 0.907292 0.281944 0.0104167 0.0175926
0 0.292188 0.123872 0.0411458 0.0717014
1 0.346875 0.130556 0.0239583 0.0238426
0 0.3375 0.129745 0.0416667 0.0324074
1 0.397396 0.709259 0.0119792 0.0259259
0 0.3 0.126881 0.0770833 0.089294
1 0.436458 0.0247106 0.0286458 0.0482639
1 0.546875 0.506481 0.0125 0.0203704
0 0.460938 0.47037 0.009375 0.0342593
1 0.392188 0.70463 0.0125 0.0240741
0 0.451562 0.479167 0.00833333 0.0287037
0 0.891667 0.274074 0.015625 0.0166667
1 0.452604 0.474537 0.00885417 0.0314815
1 0.394792 0.7 0.0114583 0.0259259
0 0.285352 0.136603 0.0782552 0.100868
0 0.400521 0.712963 0.00833333 0.0194444
0 0.547396 0.505556 0.0125 0.0222222
0 0.895312 0.292361 0.0135417 0.0208333
1 0.401563 0.713426 0.0104167 0.0240741
0 0.447396 0.0249349 0.0385417 0.0486256
0 0.39375 0.702778 0.00989583 0.0240741
1 0.892708 0.284722 0.0166667 0.0296296
0 0.313281 0.128704 0.0864583 0.0893519
1 0.905208 0.280787 0.0145833 0.0199074
3 0.371875 0.947222 0.0760417 0.0888889
1 0.392708 0.7 0.00989583 0.0259259
1 0.796875 0.75 0.0114583 0.0175926
0 0.346615 0.136227 0.025 0.0321759
0 0.331771 0.130324 0.0489583 0.0384259
0 0.35 0.128241 0.0177083 0.025463
1 0.989062 0.781482 0.0104167 0.0268519
0 0.825 0.684722 0.0125 0.0333333
0 0.341667 0.131713 0.03125 0.0273148
1 0.394271 0.707407 0.0135417 0.0287037
1 0.90625 0.286343 0.0145833 0.0277778
0 0.898438 0.290972 0.0208333 0.024537
0 0.0230632 0.499074 0.0186523 0.0703704
0 0.794271 0.375463 0.040625 0.116667
0 0.285937 0.105556 0.0802083 0.126157
1 0.4 0.708333 0.0104167 0.0259259
1 0.345833 0.13125 0.0171875 0.0219907
<<<<<<< HEAD
0 0.413281 0.340278 0.0338542 0.087037
0 0.663542 0.548148 0.0708333 0.0888889
0 0.525521 0.426389 0.0395833 0.105556
0 0.428906 0.458796 0.0375 0.106481
0 0.501302 0.305093 0.0359375 0.100463
1 0.460938 0.47037 0.009375 0.0342593
0 0.436198 0.0246817 0.028125 0.0479745
1 0.451042 0.478704 0.00729167 0.0296296
0 0.346875 0.130556 0.0239583 0.0236111
1 0.891667 0.274074 0.015625 0.0166667
1 0.393229 0.702778 0.00833333 0.0222222
1 0.894792 0.291667 0.0145833 0.0231481
1 0.4 0.712037 0.00729167 0.0203704
1 0.9 0.288426 0.025 0.0305556
1 0.0561849 0.0443432 0.0154948 0.0282118
1 0.40026 0.714815 0.00885417 0.0259259
1 0.396354 0.706481 0.0145833 0.0296296
0 0.795313 0.40463 0.0364583 0.0583333
0 0.279622 0.12419 0.0678385 0.0951389
1 0.895833 0.275926 0.025 0.0194444
1 0.902083 0.282407 0.0197917 0.0240741
1 0.907292 0.281944 0.0104167 0.0171296
0 0.810417 0.373611 0.0666667 0.121296
0 0.371615 0.94838 0.0770833 0.0884259
0 0.9 0.2875 0.025 0.0324074
0 0.292188 0.124074 0.0416667 0.0712963
1 0.346875 0.130556 0.0239583 0.0238426
0 0.3375 0.129861 0.0416667 0.0324074
0 0.30026 0.126389 0.0791667 0.0902778
1 0.397396 0.709259 0.0119792 0.0259259
1 0.436458 0.0246528 0.0286458 0.0481481
1 0.546875 0.506019 0.0125 0.0212963
0 0.285482 0.135532 0.0790365 0.0986111
1 0.452604 0.474537 0.00885417 0.0314815
0 0.460938 0.47037 0.009375 0.0342593
1 0.392188 0.70463 0.0125 0.0240741
1 0.394792 0.7 0.0114583 0.0259259
0 0.451562 0.479167 0.00833333 0.0287037
0 0.891667 0.274074 0.015625 0.0166667
1 0.905208 0.280556 0.0145833 0.0194444
0 0.400521 0.712963 0.00833333 0.0194444
0 0.447396 0.0249349 0.0385417 0.0485098
1 0.401563 0.713426 0.0104167 0.0231481
1 0.892187 0.284722 0.015625 0.0296296
3 0.371875 0.948148 0.0760417 0.0888889
0 0.547396 0.505556 0.0125 0.0222222
0 0.895312 0.292361 0.0135417 0.0208333
0 0.39375 0.702778 0.00989583 0.0240741
1 0.796875 0.75 0.0114583 0.0175926
0 0.316406 0.126881 0.0848958 0.0828125
0 0.346615 0.136343 0.025 0.0319444
0 0.0234538 0.5 0.0196289 0.0703704
1 0.989062 0.781482 0.0104167 0.0268519
0 0.33099 0.131019 0.0510417 0.0393519
1 0.90625 0.286111 0.0145833 0.0273148
0 0.349479 0.128241 0.01875 0.025463
0 0.285677 0.106684 0.0796875 0.123669
0 0.79375 0.375926 0.0416667 0.115741
1 0.4 0.708333 0.0104167 0.0259259
0 0.898958 0.290741 0.021875 0.025
0 0.413281 0.340278 0.0338542 0.087037
0 0.663542 0.548148 0.0708333 0.0888889
0 0.526172 0.426389 0.0393229 0.105556
0 0.428646 0.458796 0.0375 0.106481
0 0.501302 0.305093 0.0359375 0.100463
1 0.460938 0.47037 0.009375 0.0342593
0 0.436458 0.0246238 0.028125 0.0479745
1 0.451042 0.478704 0.00729167 0.0296296
0 0.346875 0.130556 0.0239583 0.0236111
1 0.891667 0.274074 0.015625 0.0166667
1 0.393229 0.702778 0.00833333 0.0222222
1 0.894792 0.291667 0.0145833 0.0231481
1 0.4 0.712037 0.00729167 0.0203704
1 0.9 0.288426 0.025 0.0305556
1 0.0561849 0.0444444 0.0153646 0.028125
1 0.40026 0.714815 0.00885417 0.0259259
1 0.396354 0.706019 0.0145833 0.0296296
0 0.795313 0.40463 0.0364583 0.0583333
0 0.279427 0.124508 0.0677083 0.0945023
1 0.896354 0.276389 0.025 0.0199074
1 0.901563 0.282639 0.0208333 0.024537
1 0.906771 0.282176 0.0104167 0.0175926
0 0.292188 0.124074 0.0416667 0.0710648
0 0.9 0.287731 0.025 0.0319444
0 0.810417 0.37338 0.0666667 0.121296
0 0.371875 0.94838 0.0770833 0.0884259
1 0.346875 0.130556 0.0239583 0.0238426
0 0.301042 0.126186 0.08125 0.0906829
1 0.397396 0.709722 0.0119792 0.025
0 0.3375 0.129861 0.0416667 0.0321759
1 0.436458 0.0245877 0.028125 0.0480469
1 0.546875 0.506019 0.0125 0.0212963
3 0.371875 0.948148 0.0760417 0.0888889
0 0.285677 0.135532 0.0796875 0.0990741
1 0.452604 0.474537 0.00885417 0.0314815
0 0.460938 0.47037 0.009375 0.0342593
1 0.905208 0.281019 0.0145833 0.0194444
1 0.394792 0.7 0.0114583 0.0259259
1 0.392188 0.70463 0.0125 0.0240741
0 0.891667 0.274074 0.015625 0.0166667
0 0.451302 0.479167 0.00833333 0.0287037
0 0.400521 0.712963 0.00833333 0.0194444
1 0.401563 0.713426 0.0104167 0.0231481
1 0.892187 0.284722 0.015625 0.0287037
0 0.447917 0.0249421 0.0385417 0.0483796
0 0.547396 0.505556 0.0125 0.0222222
0 0.895312 0.292361 0.0135417 0.0208333
1 0.796875 0.75 0.0114583 0.0175926
0 0.39375 0.702778 0.00989583 0.0240741
0 0.316406 0.126968 0.0854167 0.0833333
1 0.989062 0.781482 0.0104167 0.0277778
0 0.346354 0.136343 0.025 0.0319444
0 0.285417 0.108796 0.0786458 0.11875
1 0.906771 0.286111 0.0135417 0.0268519
0 0.328906 0.131713 0.0552083 0.0421296
0 0.0234375 0.5 0.0196615 0.0712963
0 0.794271 0.376852 0.040625 0.114815
1 0.4 0.708333 0.0104167 0.0259259
0 0.413281 0.340278 0.0338542 0.087037
0 0.663542 0.548148 0.0708333 0.0888889
0 0.526172 0.426389 0.0393229 0.105556
0 0.428646 0.458796 0.0375 0.106481
0 0.501302 0.305093 0.0359375 0.100463
1 0.460938 0.470255 0.009375 0.0335648
0 0.436458 0.0246238 0.028125 0.0479745
1 0.451042 0.478704 0.00729167 0.0296296
0 0.346875 0.130556 0.0239583 0.0236111
1 0.891667 0.274074 0.015625 0.0166667
1 0.393229 0.702778 0.00833333 0.0222222
1 0.894792 0.291667 0.0145833 0.0231481
1 0.4 0.712037 0.00729167 0.0203704
1 0.9 0.288426 0.0239583 0.0305556
1 0.0561849 0.0444444 0.0153646 0.0278935
1 0.40026 0.714815 0.00885417 0.0259259
1 0.396354 0.706019 0.0145833 0.0296296
0 0.795313 0.40463 0.0364583 0.0583333
0 0.279232 0.124566 0.0675781 0.0943866
1 0.896354 0.276389 0.025 0.0203704
1 0.901563 0.282639 0.0208333 0.024537
1 0.906771 0.282407 0.0104167 0.0175926
0 0.292188 0.124074 0.040625 0.0710648
0 0.300521 0.125926 0.0822917 0.0909722
0 0.9 0.287731 0.025 0.0319444
1 0.346875 0.130556 0.0239583 0.0238426
1 0.397396 0.710185 0.0114583 0.0240741
0 0.371875 0.94838 0.0770833 0.0884259
3 0.372135 0.948148 0.0760417 0.0888889
0 0.3375 0.129977 0.0416667 0.0321759
0 0.810417 0.37338 0.0666667 0.121296
1 0.436458 0.0245443 0.028125 0.0480179
1 0.452604 0.474537 0.00885417 0.0314815
1 0.546875 0.506019 0.0125 0.0212963
0 0.286003 0.135185 0.0800781 0.0993056
1 0.905208 0.281019 0.0145833 0.0194444
0 0.460938 0.47037 0.009375 0.0342593
1 0.394792 0.7 0.0114583 0.0259259
0 0.451042 0.479167 0.00833333 0.0287037
0 0.400521 0.712963 0.00833333 0.0194444
1 0.892187 0.284954 0.015625 0.0291667
1 0.401563 0.713426 0.0104167 0.0231481
0 0.891667 0.274074 0.015625 0.0166667
1 0.392188 0.705093 0.0125 0.0240741
0 0.894792 0.292593 0.0145833 0.0203704
1 0.796875 0.75 0.0114583 0.0175926
0 0.447917 0.0249711 0.0385417 0.048206
0 0.39375 0.702778 0.00989583 0.0240741
0 0.547396 0.505556 0.0125 0.0222222
0 0.314063 0.123495 0.0927083 0.0928241
1 0.989062 0.781482 0.0104167 0.0268519
0 0.285417 0.108131 0.078125 0.120312
1 0.907292 0.286111 0.0125 0.0268519
0 0.346615 0.136343 0.0244792 0.0319444
1 0.4 0.708333 0.0104167 0.0259259
0 0.329167 0.132407 0.0546875 0.0418981
0 0.0233887 0.5 0.0196289 0.0722222
0 0.663542 0.548148 0.0708333 0.0888889
0 0.413021 0.340278 0.0338542 0.087037
0 0.526172 0.426389 0.0393229 0.105556
0 0.428646 0.458796 0.0375 0.106481
0 0.501302 0.305093 0.0359375 0.100926
1 0.460938 0.47037 0.009375 0.0342593
0 0.436458 0.0245949 0.028125 0.0478009
0 0.346875 0.130671 0.0239583 0.0238426
1 0.451042 0.478704 0.00729167 0.0296296
1 0.891667 0.274074 0.015625 0.0166667
1 0.393229 0.702778 0.00833333 0.0222222
1 0.894792 0.291667 0.0145833 0.0231481
1 0.4 0.712037 0.00729167 0.0203704
1 0.9 0.288426 0.0239583 0.0305556
1 0.05625 0.0445602 0.0154948 0.0277778
1 0.396354 0.705556 0.0145833 0.0296296
1 0.40026 0.714815 0.00885417 0.0259259
0 0.279427 0.124971 0.0677083 0.0935764
0 0.795833 0.40463 0.0375 0.0583333
1 0.896354 0.276157 0.025 0.0194444
1 0.901042 0.282407 0.0208333 0.0240741
1 0.906771 0.282407 0.0104167 0.0185185
0 0.301042 0.126042 0.0833333 0.0909722
0 0.292448 0.124074 0.0416667 0.0712963
0 0.9 0.287963 0.025 0.0319444
1 0.346875 0.130671 0.0239583 0.0238426
1 0.397396 0.709722 0.0114583 0.0240741
0 0.371875 0.94838 0.0770833 0.0884259
1 0.436458 0.024537 0.028125 0.0479167
3 0.372135 0.948148 0.0760417 0.0888889
0 0.336979 0.130093 0.0421875 0.0321759
1 0.452604 0.474537 0.009375 0.0314815
0 0.460938 0.47037 0.009375 0.0342593
0 0.285872 0.134838 0.0803385 0.0988426
1 0.904688 0.281019 0.015625 0.0194444
0 0.451042 0.479167 0.00833333 0.0287037
1 0.394792 0.7 0.0114583 0.0259259
1 0.892187 0.285185 0.015625 0.0287037
1 0.546875 0.506019 0.0125 0.0212963
0 0.891667 0.274074 0.015625 0.0166667
0 0.400521 0.712963 0.00833333 0.0185185
1 0.401823 0.713426 0.0109375 0.0231481
1 0.392188 0.70463 0.0125 0.0240741
0 0.894792 0.29213 0.0145833 0.0203704
0 0.810417 0.37338 0.0666667 0.121296
0 0.447656 0.0249349 0.0375 0.0480469
0 0.316146 0.126881 0.0864583 0.0832755
1 0.907292 0.286111 0.0125 0.0259259
0 0.285156 0.107899 0.0770833 0.120775
0 0.39375 0.702778 0.00989583 0.0240741
1 0.796875 0.75 0.0125 0.0175926
1 0.054362 0.0412037 0.0106771 0.0210648
0 0.547917 0.505556 0.0125 0.0222222
1 0.989062 0.781482 0.0104167 0.0268519
0 0.346615 0.136458 0.0244792 0.031713
0 0.301562 0.107436 0.09375 0.122164
0 0.413021 0.340278 0.0338542 0.087037
0 0.663542 0.548148 0.0708333 0.0888889
0 0.526172 0.426389 0.0393229 0.105556
0 0.428646 0.458796 0.0375 0.106481
0 0.501302 0.305093 0.0359375 0.100926
1 0.460938 0.47037 0.009375 0.0342593
0 0.436458 0.0245877 0.028125 0.0478154
0 0.346875 0.130671 0.0239583 0.0238426
1 0.451042 0.478704 0.00729167 0.0296296
1 0.891667 0.274074 0.015625 0.0166667
1 0.393229 0.702778 0.00833333 0.0222222
1 0.894792 0.291667 0.0145833 0.0231481
1 0.4 0.712037 0.00729167 0.0203704
1 0.898958 0.290741 0.021875 0.025
1 0.9 0.287963 0.025 0.0319444
1 0.05625 0.0446181 0.015625 0.0277778
1 0.396354 0.706019 0.0145833 0.0296296
1 0.40026 0.714815 0.00885417 0.0259259
0 0.280469 0.124508 0.0692708 0.0945023
0 0.795833 0.40463 0.0375 0.0583333
1 0.895833 0.276157 0.025 0.0194444
1 0.901042 0.282407 0.021875 0.0240741
0 0.301042 0.125579 0.0901042 0.0925926
0 0.292969 0.124306 0.0427083 0.0719907
1 0.906771 0.28287 0.0104167 0.0185185
0 0.9 0.287963 0.025 0.0319444
1 0.397396 0.709722 0.0114583 0.0240741
1 0.346875 0.130671 0.0239583 0.0238426
1 0.436458 0.024537 0.028125 0.0479167
0 0.336979 0.130093 0.0427083 0.0319444
0 0.371615 0.94838 0.0776042 0.0884259
1 0.452604 0.474537 0.009375 0.0314815
0 0.460938 0.47037 0.009375 0.0342593
1 0.904688 0.281019 0.015625 0.0199074
1 0.394792 0.7 0.0114583 0.0259259
1 0.892708 0.285417 0.0166667 0.0287037
0 0.451042 0.479167 0.00833333 0.0287037
0 0.891667 0.274074 0.015625 0.0166667
1 0.401823 0.713426 0.0109375 0.0231481
1 0.392188 0.70463 0.0125 0.0240741
3 0.372135 0.948148 0.0760417 0.0888889
1 0.0542969 0.041305 0.0108073 0.0213252
0 0.400521 0.712963 0.00833333 0.0185185
0 0.894792 0.291667 0.0145833 0.0231481
1 0.546875 0.506019 0.0125 0.0212963
0 0.447656 0.0249349 0.0375 0.0480469
0 0.315885 0.127286 0.0869792 0.0833912
0 0.285417 0.107755 0.078125 0.121528
1 0.907292 0.286111 0.0125 0.0263889
0 0.39375 0.702778 0.00989583 0.0240741
0 0.3375 0.133681 0.0354167 0.0358796
0 0.346615 0.136574 0.0244792 0.031713
0 0.547917 0.505556 0.0125 0.0222222
1 0.989062 0.781482 0.0104167 0.0268519
0 0.302018 0.107755 0.0980469 0.122454
0 0.413021 0.340509 0.0338542 0.0875
0 0.663542 0.548148 0.0708333 0.0888889
0 0.526172 0.426389 0.0393229 0.105556
0 0.428646 0.458796 0.0375 0.106481
0 0.501302 0.305093 0.0359375 0.100926
1 0.460938 0.47037 0.009375 0.0342593
0 0.436458 0.0245949 0.028125 0.0478009
0 0.346875 0.130787 0.0239583 0.0236111
1 0.451042 0.478704 0.00729167 0.0296296
1 0.891667 0.274074 0.015625 0.0166667
1 0.393229 0.702778 0.00833333 0.0222222
1 0.894792 0.291667 0.0145833 0.0231481
1 0.4 0.712037 0.00729167 0.0203704
1 0.898958 0.290741 0.0208333 0.025
1 0.9 0.287963 0.0239583 0.0314815
1 0.05625 0.0446181 0.0157552 0.0277778
1 0.396354 0.706019 0.0145833 0.0296296
0 0.280469 0.124421 0.0697917 0.094213
1 0.40026 0.714815 0.00885417 0.0259259
1 0.895833 0.276389 0.025 0.0194444
1 0.901042 0.282407 0.021875 0.0240741
0 0.795833 0.404398 0.0375 0.0583333
0 0.301562 0.125347 0.0963542 0.093287
0 0.293229 0.124421 0.04375 0.0724537
1 0.906771 0.28287 0.0104167 0.0194444
1 0.397396 0.710185 0.0114583 0.0240741
0 0.9 0.287963 0.025 0.0314815
1 0.346615 0.130671 0.0234375 0.0238426
1 0.436458 0.0244864 0.028125 0.0477865
0 0.336719 0.130208 0.0432292 0.0314815
1 0.892708 0.28588 0.015625 0.0287037
0 0.460938 0.47037 0.009375 0.0342593
1 0.0542969 0.0413194 0.0108073 0.0215278
1 0.452604 0.474074 0.009375 0.0314815
1 0.394792 0.7 0.0114583 0.0259259
0 0.371615 0.94838 0.0765625 0.0884259
0 0.451042 0.47963 0.00833333 0.0277778
1 0.904688 0.281019 0.015625 0.0199074
1 0.392188 0.70463 0.0125 0.0240741
0 0.894792 0.291667 0.0145833 0.0231481
0 0.891667 0.274074 0.015625 0.0166667
0 0.400521 0.712963 0.00833333 0.0185185
1 0.401823 0.713426 0.0109375 0.0231481
1 0.907292 0.286343 0.0145833 0.0268519
0 0.447917 0.0248915 0.0375 0.0480179
0 0.315104 0.127517 0.0880208 0.0824653
0 0.285677 0.106829 0.0786458 0.122917
1 0.546875 0.506019 0.0125 0.0212963
0 0.39375 0.702778 0.00989583 0.0240741
0 0.338542 0.133333 0.0333333 0.0333333
0 0.346615 0.136574 0.0244792 0.0314815
0 0.413021 0.340278 0.0338542 0.087037
0 0.663542 0.548148 0.0708333 0.0888889
0 0.526172 0.426389 0.0393229 0.105556
0 0.428646 0.458796 0.0375 0.106481
0 0.501302 0.305093 0.0359375 0.100926
1 0.460938 0.47037 0.009375 0.0342593
0 0.436458 0.0246021 0.028125 0.0477865
0 0.346615 0.130787 0.0234375 0.0236111
1 0.451042 0.479167 0.00729167 0.0287037
1 0.891667 0.274074 0.015625 0.0166667
1 0.393229 0.702778 0.00833333 0.0222222
1 0.894792 0.291667 0.0145833 0.0231481
1 0.4 0.712037 0.00729167 0.0203704
1 0.897917 0.290972 0.0208333 0.024537
1 0.9 0.288657 0.0239583 0.0300926
1 0.05625 0.0446181 0.0158854 0.0278935
1 0.396354 0.706019 0.0145833 0.0296296
0 0.280664 0.124508 0.0699219 0.0940394
1 0.4 0.714815 0.009375 0.0259259
1 0.895833 0.276852 0.025 0.0199074
1 0.901042 0.282639 0.0229167 0.024537
0 0.302604 0.125579 0.0984375 0.093287
0 0.795833 0.404398 0.0375 0.0583333
0 0.29375 0.124566 0.04375 0.0730903
1 0.906771 0.283333 0.0104167 0.0199074
0 0.9 0.287963 0.025 0.0319444
1 0.397656 0.710185 0.0119792 0.0240741
1 0.346615 0.130787 0.0234375 0.0236111
1 0.0542318 0.0413339 0.0109375 0.0217303
0 0.336458 0.130093 0.04375 0.0314815
1 0.436458 0.0245081 0.028125 0.0477431
0 0.371615 0.94838 0.0765625 0.0884259
1 0.392188 0.705093 0.0125 0.0240741
0 0.460938 0.47037 0.009375 0.0342593
1 0.892708 0.286111 0.015625 0.0287037
1 0.452865 0.474074 0.009375 0.0314815
0 0.451042 0.47963 0.00729167 0.0277778
1 0.394792 0.7 0.0114583 0.0259259
0 0.894792 0.291667 0.0145833 0.0231481
1 0.904167 0.281019 0.0166667 0.0203704
0 0.891667 0.274074 0.015625 0.0166667
0 0.40026 0.712963 0.0078125 0.0185185
1 0.401823 0.713426 0.0109375 0.0231481
0 0.39375 0.702778 0.00989583 0.0240741
0 0.286198 0.106366 0.0791667 0.123843
0 0.314583 0.128125 0.0885417 0.08125
1 0.906771 0.286574 0.0145833 0.0273148
0 0.446875 0.0244141 0.0395833 0.0474682
1 0.0528646 0.042419 0.0153646 0.0289352
0 0.338281 0.133333 0.0338542 0.0328704
0 0.346615 0.136806 0.0244792 0.0314815
0 0.413021 0.340278 0.0338542 0.087037
0 0.663542 0.548148 0.0708333 0.0888889
0 0.526172 0.426389 0.0393229 0.105556
0 0.428646 0.458796 0.0375 0.106481
0 0.501302 0.305093 0.0359375 0.100926
1 0.460938 0.47037 0.009375 0.0342593
0 0.436458 0.0246238 0.028125 0.0476273
0 0.346615 0.130787 0.0234375 0.0236111
1 0.451042 0.479167 0.00729167 0.0287037
1 0.393229 0.702778 0.00833333 0.0222222
1 0.891667 0.274074 0.015625 0.0166667
1 0.894792 0.291667 0.0145833 0.0231481
1 0.4 0.712037 0.00729167 0.0203704
1 0.898438 0.290972 0.0208333 0.025
1 0.9 0.288194 0.0239583 0.0314815
1 0.0563151 0.0446181 0.0160156 0.0280093
1 0.396354 0.706019 0.0145833 0.0296296
0 0.280469 0.124537 0.0703125 0.094213
1 0.4 0.714815 0.00885417 0.0259259
1 0.895833 0.277315 0.025 0.0203704
1 0.901042 0.28287 0.0229167 0.025
0 0.9 0.287963 0.025 0.0314815
0 0.303385 0.125434 0.101562 0.0935764
0 0.795833 0.40463 0.0375 0.0583333
1 0.90625 0.283796 0.0104167 0.0212963
0 0.29375 0.124769 0.0447917 0.0736111
1 0.397396 0.710185 0.0119792 0.0240741
1 0.0542643 0.0413194 0.0108724 0.021875
1 0.346615 0.130787 0.0234375 0.0236111
0 0.336719 0.130093 0.0432292 0.0314815
1 0.436458 0.0245298 0.028125 0.0476997
1 0.392188 0.705093 0.0125 0.0240741
1 0.892708 0.286111 0.015625 0.0287037
0 0.460938 0.47037 0.009375 0.0342593
1 0.0580078 0.0457176 0.0140625 0.0243056
0 0.451042 0.47963 0.00729167 0.0277778
0 0.288802 0.132986 0.0854167 0.0918982
0 0.894792 0.291667 0.0145833 0.0231481
1 0.452865 0.474074 0.009375 0.0314815
0 0.371615 0.94838 0.0776042 0.0884259
1 0.0528646 0.0424913 0.0153646 0.0289063
0 0.40026 0.712963 0.0078125 0.0185185
1 0.904167 0.28125 0.0166667 0.0208333
1 0.394792 0.7 0.0114583 0.0259259
1 0.894792 0.274074 0.0229167 0.0203704
0 0.891667 0.274074 0.015625 0.0166667
0 0.39375 0.702778 0.00989583 0.0240741
1 0.401823 0.712963 0.0109375 0.0222222
1 0.906771 0.286806 0.0145833 0.0277778
0 0.338542 0.133218 0.0333333 0.031713
0 0.314583 0.128964 0.0885417 0.0791088
0 0.286198 0.105903 0.0796875 0.124537
0 0.447135 0.0244719 0.0390625 0.0473524
0 0.525521 0.426389 0.0395833 0.105556
0 0.413021 0.340509 0.0333333 0.087037
0 0.663542 0.548148 0.0708333 0.0888889
0 0.428646 0.458796 0.0375 0.106481
0 0.501302 0.305093 0.0359375 0.100926
1 0.460938 0.47037 0.009375 0.0342593
0 0.436458 0.0246455 0.028125 0.0475839
0 0.346615 0.130787 0.0234375 0.0236111
1 0.451042 0.479167 0.00729167 0.0287037
1 0.393229 0.702778 0.00833333 0.0222222
1 0.891667 0.274074 0.0166667 0.0166667
1 0.895312 0.291667 0.0145833 0.0231481
1 0.4 0.712037 0.00729167 0.0203704
1 0.898958 0.290972 0.0208333 0.025
1 0.9 0.287963 0.0239583 0.0314815
1 0.0563151 0.0445747 0.0161458 0.0282118
1 0.396354 0.706019 0.0145833 0.0296296
0 0.28125 0.126157 0.0713542 0.094213
1 0.40026 0.714815 0.00885417 0.0259259
1 0.896354 0.278009 0.025 0.0212963
1 0.900521 0.283333 0.0229167 0.0259259
0 0.9 0.287963 0.0239583 0.0319444
1 0.90625 0.284491 0.0104167 0.0226852
1 0.0542643 0.041305 0.0108724 0.0220197
0 0.304102 0.125203 0.103255 0.0940394
1 0.397396 0.710185 0.0119792 0.0240741
0 0.795833 0.40463 0.0375 0.0583333
0 0.29401 0.124884 0.0447917 0.0740741
1 0.346615 0.130787 0.0234375 0.0236111
1 0.0580404 0.0457031 0.0139974 0.0243345
1 0.392188 0.705093 0.0125 0.0240741
1 0.892708 0.285648 0.015625 0.0287037
1 0.0527995 0.0425347 0.0154948 0.0288194
0 0.460938 0.47037 0.009375 0.0342593
1 0.436458 0.0245081 0.028125 0.0476273
0 0.336979 0.130093 0.0427083 0.0310185
0 0.895312 0.291667 0.0145833 0.0231481
0 0.451042 0.47963 0.00729167 0.0277778
0 0.40026 0.712963 0.0078125 0.0185185
1 0.894792 0.273843 0.0229167 0.0203704
0 0.39375 0.702778 0.00989583 0.0240741
1 0.452865 0.474074 0.009375 0.0314815
0 0.891667 0.274074 0.015625 0.0166667
1 0.904167 0.281481 0.0166667 0.0217593
1 0.394792 0.7 0.0114583 0.0259259
0 0.338542 0.133333 0.0333333 0.0314815
1 0.90625 0.287037 0.015625 0.0287037
0 0.447135 0.0245081 0.0390625 0.0472801
0 0.314583 0.129861 0.0880208 0.0768519
0 0.286198 0.10544 0.0796875 0.125231
1 0.401823 0.712963 0.0109375 0.0222222
0 0.371875 0.94838 0.078125 0.0884259
0 0.413021 0.340509 0.0333333 0.087037
0 0.663542 0.548148 0.0708333 0.0888889
0 0.526172 0.426389 0.0393229 0.105556
0 0.428646 0.458796 0.0375 0.106481
0 0.501302 0.305093 0.0359375 0.100926
1 0.460938 0.47037 0.009375 0.0342593
0 0.346615 0.130787 0.0234375 0.0236111
0 0.436458 0.0246238 0.028125 0.0475116
1 0.450781 0.479167 0.00729167 0.0287037
1 0.393229 0.702778 0.00833333 0.0222222
1 0.895312 0.291667 0.0145833 0.0231481
1 0.891667 0.274074 0.0166667 0.0166667
1 0.4 0.712037 0.00729167 0.0203704
1 0.898958 0.290972 0.0208333 0.025
1 0.9 0.287963 0.0239583 0.0314815
1 0.0563477 0.0446759 0.0162109 0.0282407
1 0.396354 0.706481 0.0145833 0.0296296
0 0.28125 0.125955 0.071875 0.0948495
1 0.40026 0.714815 0.00885417 0.0259259
1 0.896354 0.278704 0.025 0.0222222
0 0.9 0.287963 0.0239583 0.0319444
1 0.90625 0.285185 0.0114583 0.024537
1 0.0542643 0.0413194 0.0108724 0.0221065
0 0.304688 0.124508 0.105208 0.0954282
1 0.397396 0.710185 0.0119792 0.0240741
0 0.288281 0.116638 0.0848958 0.106076
0 0.294271 0.125 0.0447917 0.0743056
0 0.795833 0.40463 0.0375 0.0583333
1 0.346615 0.130787 0.0234375 0.0236111
1 0.0580729 0.0458478 0.0140625 0.0242766
1 0.0527344 0.0426071 0.015625 0.0289063
1 0.392188 0.70463 0.0125 0.0240741
1 0.892708 0.285648 0.015625 0.0287037
0 0.895312 0.291667 0.0145833 0.0231481
1 0.436719 0.0244792 0.0286458 0.0475694
0 0.461198 0.47037 0.00885417 0.0342593
0 0.336979 0.130324 0.0416667 0.0310185
0 0.39375 0.702778 0.00989583 0.0240741
0 0.451042 0.47963 0.00729167 0.0277778
0 0.40026 0.712963 0.0078125 0.0185185
1 0.894792 0.273843 0.0229167 0.0208333
1 0.452604 0.474074 0.009375 0.0314815
0 0.891667 0.274074 0.015625 0.0166667
1 0.394792 0.7 0.0114583 0.0259259
0 0.339063 0.133333 0.0333333 0.0314815
0 0.447917 0.0247613 0.0375 0.0481626
1 0.90625 0.2875 0.0166667 0.0291667
1 0.904167 0.281944 0.0166667 0.0222222
0 0.314583 0.130671 0.0875 0.075
0 0.413021 0.340278 0.0333333 0.087037
0 0.428646 0.458796 0.0375 0.106481
0 0.525521 0.426389 0.0395833 0.105556
0 0.663542 0.547685 0.0708333 0.0898148
0 0.501302 0.305093 0.0359375 0.100926
1 0.460938 0.47037 0.009375 0.0342593
0 0.346615 0.130787 0.0234375 0.0236111
1 0.450781 0.479167 0.00729167 0.0287037
0 0.436458 0.0246238 0.028125 0.0475116
1 0.393229 0.702778 0.00833333 0.0222222
1 0.891667 0.274074 0.0166667 0.0166667
1 0.895312 0.291667 0.0145833 0.0231481
1 0.4 0.712037 0.00729167 0.0203704
1 0.898958 0.290972 0.021875 0.025463
1 0.0563477 0.0446759 0.0163411 0.028125
1 0.901042 0.287963 0.0229167 0.0314815
1 0.396354 0.706481 0.0145833 0.0296296
0 0.28151 0.125694 0.0723958 0.0951389
1 0.896875 0.279398 0.025 0.0236111
1 0.9 0.283796 0.0229167 0.0273148
1 0.40026 0.714815 0.00885417 0.0259259
0 0.9 0.288657 0.0229167 0.0305556
1 0.0542969 0.0413194 0.0109375 0.0221065
1 0.90625 0.285648 0.0125 0.0259259
0 0.304688 0.124306 0.107813 0.0962963
0 0.289323 0.116667 0.0869792 0.106481
1 0.397396 0.710185 0.0119792 0.0240741
1 0.0526693 0.0426939 0.0157552 0.0287326
1 0.0581055 0.0458912 0.0139974 0.0243056
0 0.795833 0.40463 0.0375 0.0583333
0 0.294271 0.125029 0.0458333 0.0749421
1 0.346615 0.130787 0.0234375 0.0236111
1 0.392188 0.70463 0.0125 0.0240741
1 0.892708 0.285185 0.015625 0.0277778
0 0.895312 0.291667 0.0145833 0.0231481
1 0.436719 0.0244864 0.0286458 0.047555
0 0.461198 0.47037 0.00885417 0.0342593
0 0.39375 0.702778 0.00989583 0.0240741
0 0.33724 0.130324 0.0416667 0.0310185
0 0.4 0.712963 0.00833333 0.0185185
0 0.451042 0.47963 0.00729167 0.0277778
1 0.894792 0.273843 0.0229167 0.0208333
0 0.314063 0.131829 0.0885417 0.0733796
0 0.339063 0.133333 0.0333333 0.0310185
0 0.290169 0.133362 0.0884115 0.0902199
1 0.452604 0.474074 0.009375 0.0314815
0 0.891667 0.274074 0.015625 0.0171296
1 0.394792 0.7 0.0114583 0.0259259
0 0.447917 0.0247613 0.0375 0.0482784
1 0.90625 0.287731 0.0166667 0.0291667
0 0.663542 0.547685 0.0708333 0.0898148
0 0.525521 0.426389 0.0395833 0.10463
0 0.428646 0.458796 0.0375 0.105556
0 0.413021 0.340278 0.0333333 0.087037
0 0.501302 0.305093 0.0359375 0.100926
1 0.460938 0.47037 0.009375 0.0342593
0 0.346615 0.130787 0.0234375 0.0236111
1 0.450521 0.479167 0.00729167 0.0287037
0 0.436719 0.0243924 0.028125 0.0476273
1 0.393229 0.702778 0.00833333 0.0222222
1 0.891667 0.274074 0.0166667 0.0171296
1 0.895312 0.291667 0.0145833 0.0231481
1 0.4 0.712037 0.00729167 0.0203704
1 0.898958 0.290741 0.0229167 0.0259259
1 0.0563151 0.0447338 0.0164062 0.028125
1 0.396354 0.706481 0.0145833 0.0296296
0 0.281836 0.125579 0.0727865 0.0956018
1 0.896875 0.280787 0.025 0.0259259
1 0.0542643 0.0413194 0.0110026 0.0221065
1 0.9 0.284259 0.0229167 0.0277778
0 0.9 0.288426 0.0229167 0.0305556
1 0.905208 0.286111 0.0125 0.0268519
1 0.4 0.714815 0.00833333 0.0259259
0 0.304427 0.123958 0.109896 0.0972222
1 0.0526367 0.0427083 0.0156901 0.0287037
1 0.0581055 0.0459346 0.0141276 0.024103
0 0.290039 0.116667 0.0886719 0.107176
1 0.397396 0.710185 0.0119792 0.0240741
1 0.346615 0.130787 0.0234375 0.0236111
1 0.392188 0.70463 0.0125 0.0240741
0 0.795833 0.40463 0.0375 0.0583333
0 0.294271 0.125347 0.0458333 0.0756944
1 0.892708 0.285185 0.0145833 0.0277778
0 0.895312 0.291667 0.0145833 0.0231481
1 0.436719 0.0245081 0.0286458 0.0475116
0 0.39375 0.702778 0.00989583 0.0240741
0 0.461198 0.47037 0.00885417 0.0342593
0 0.4 0.712963 0.00833333 0.0185185
0 0.3375 0.13044 0.0416667 0.030787
0 0.451042 0.47963 0.00729167 0.0277778
0 0.31276 0.13287 0.0911458 0.0722222
1 0.894792 0.273843 0.0229167 0.0212963
0 0.339063 0.133333 0.0333333 0.0310185
0 0.290625 0.133565 0.0885417 0.0900463
1 0.452604 0.474074 0.009375 0.0314815
1 0.394792 0.7 0.0114583 0.0259259
0 0.448177 0.0247685 0.0369792 0.0482639
1 0.90625 0.287963 0.0166667 0.0296296
0 0.428646 0.458796 0.0375 0.106481
0 0.413021 0.340278 0.0333333 0.087037
0 0.525521 0.426389 0.0395833 0.10463
0 0.663542 0.547685 0.0708333 0.0898148
0 0.501302 0.305093 0.0359375 0.100926
1 0.460938 0.47037 0.009375 0.0342593
0 0.346615 0.130787 0.0234375 0.0236111
1 0.450521 0.479167 0.00729167 0.0287037
0 0.436719 0.0244141 0.028125 0.0475839
1 0.39349 0.702778 0.00885417 0.0222222
1 0.895312 0.291667 0.0145833 0.0231481
1 0.891667 0.274074 0.0166667 0.0175926
1 0.4 0.712037 0.00729167 0.0203704
1 0.898958 0.290741 0.0229167 0.0259259
1 0.05625 0.0447772 0.0164062 0.0280382
1 0.396354 0.706481 0.0145833 0.0296296
1 0.391927 0.703241 0.0104167 0.0231481
0 0.281771 0.125463 0.0729167 0.0958333
1 0.896875 0.281713 0.025 0.0277778
1 0.0542643 0.0413194 0.0110026 0.0219907
0 0.9 0.288426 0.0229167 0.0310185
1 0.9 0.284491 0.0229167 0.0287037
1 0.4 0.714815 0.00833333 0.0259259
1 0.905208 0.286574 0.0145833 0.0282407
1 0.0526042 0.0428241 0.015625 0.0287037
1 0.0580729 0.0459491 0.0141927 0.0240741
0 0.304167 0.123582 0.110937 0.098206
0 0.289844 0.116782 0.0890625 0.107407
1 0.397396 0.710185 0.0119792 0.0240741
1 0.346615 0.130787 0.0234375 0.0236111
1 0.892708 0.285185 0.0145833 0.0277778
0 0.895312 0.291667 0.0145833 0.0231481
0 0.795833 0.40463 0.0375 0.0583333
1 0.436719 0.0245081 0.0286458 0.0475116
0 0.39375 0.702778 0.00989583 0.0240741
0 0.311458 0.133796 0.09375 0.0708333
0 0.294271 0.125579 0.0458333 0.0761574
1 0.894792 0.273843 0.0229167 0.0217593
0 0.4 0.712963 0.00833333 0.0185185
0 0.461198 0.47037 0.00885417 0.0342593
0 0.451042 0.47963 0.00729167 0.0277778
0 0.3375 0.130556 0.0416667 0.0305556
0 0.339063 0.133333 0.0333333 0.0305556
1 0.452604 0.474074 0.009375 0.0314815
1 0.394792 0.7 0.0114583 0.0259259
1 0.269531 0.0728009 0.0114583 0.0171296
0 0.428646 0.458796 0.0375 0.106481
0 0.413021 0.340509 0.0333333 0.0875
0 0.525521 0.426389 0.0395833 0.10463
0 0.663542 0.547685 0.0708333 0.0898148
0 0.501302 0.305093 0.0359375 0.100926
1 0.460938 0.47037 0.009375 0.0342593
0 0.346615 0.130787 0.0234375 0.0236111
1 0.450521 0.479167 0.00729167 0.0287037
0 0.436719 0.0244141 0.028125 0.0475839
1 0.39349 0.702778 0.00885417 0.0222222
1 0.895312 0.291667 0.0145833 0.0231481
1 0.891667 0.274074 0.0166667 0.0175926
1 0.4 0.712037 0.00729167 0.0194444
1 0.898958 0.290741 0.0229167 0.0259259
1 0.05625 0.0447772 0.0164062 0.0280382
1 0.396354 0.706481 0.0145833 0.0296296
1 0.391927 0.703241 0.0104167 0.0231481
0 0.281771 0.125463 0.0729167 0.0958333
1 0.896875 0.281713 0.025 0.0277778
1 0.0542643 0.0413194 0.0110026 0.0219907
0 0.9 0.288426 0.0229167 0.0310185
1 0.9 0.284491 0.0229167 0.0287037
1 0.4 0.714815 0.00833333 0.0259259
1 0.905208 0.286574 0.0145833 0.0282407
1 0.0526042 0.0428241 0.015625 0.0287037
1 0.0580729 0.0459491 0.0141927 0.0240741
0 0.304167 0.123582 0.110937 0.098206
0 0.289844 0.116869 0.0890625 0.107465
1 0.397396 0.710185 0.0125 0.0240741
1 0.346615 0.130787 0.0234375 0.0236111
1 0.892708 0.285185 0.0145833 0.0277778
0 0.895312 0.291667 0.0145833 0.0231481
0 0.795833 0.40463 0.0375 0.0583333
1 0.436719 0.0245081 0.0286458 0.0475116
0 0.39375 0.702778 0.00989583 0.0240741
0 0.311458 0.133796 0.09375 0.0708333
0 0.294271 0.125579 0.0458333 0.0761574
1 0.894792 0.273843 0.0229167 0.0217593
0 0.4 0.712963 0.00833333 0.0185185
0 0.461198 0.47037 0.00885417 0.0342593
0 0.451042 0.47963 0.00729167 0.0277778
0 0.3375 0.130556 0.0416667 0.0305556
0 0.339063 0.133333 0.0333333 0.0305556
1 0.452604 0.474074 0.009375 0.0314815
1 0.394792 0.7 0.0114583 0.0259259
1 0.269531 0.0728009 0.0114583 0.0171296
=======
>>>>>>> eec1531f690f822f052659bede932c48623278fb
0 0.413021 0.341204 0.0333333 0.087037
0 0.501042 0.30625 0.0364583 0.0981481
0 0.52487 0.427778 0.0398437 0.103704
0 0.663542 0.548148 0.0708333 0.0907407
0 0.436458 0.0253979 0.028125 0.0501302
0 0.428125 0.459259 0.0385417 0.105556
1 0.460677 0.47037 0.0104167 0.0333333
1 0.895312 0.291667 0.0145833 0.0231481
0 0.347135 0.131366 0.0229167 0.0236111
3 0.371354 0.948148 0.0760417 0.087037
1 0.393229 0.703704 0.009375 0.0240741
1 0.450521 0.477778 0.00833333 0.0296296
0 0.371354 0.948148 0.0760417 0.087037
1 0.346875 0.13125 0.0229167 0.0236111
1 0.891667 0.274074 0.0145833 0.0157407
1 0.436458 0.0253762 0.0270833 0.0497106
0 0.460417 0.470255 0.0104167 0.0335648
3 0.526042 0.427778 0.040625 0.102778
1 0.898958 0.287731 0.0229167 0.0319444
2 0.663542 0.548148 0.0697917 0.0898148
3 0.428125 0.459144 0.0385417 0.105787
3 0.501302 0.305556 0.0369792 0.1
2 0.501042 0.306019 0.0364583 0.100926
3 0.663021 0.548148 0.0697917 0.0907407
2 0.428125 0.459375 0.0375 0.107176
1 0.395833 0.708333 0.0125 0.0185185
1 0.413542 0.341204 0.0333333 0.0865741
0 0.873958 0.00610532 0.0145833 0.0103009
0 0.664062 0.547685 0.06875 0.0916667
0 0.526172 0.427778 0.0393229 0.10463
0 0.4125 0.341898 0.0354167 0.0875
0 0.501042 0.30625 0.0364583 0.1
0 0.428385 0.459144 0.0369792 0.103935
1 0.894792 0.291667 0.0145833 0.0222222
1 0.460417 0.470833 0.0104167 0.0351852
0 0.436458 0.0247685 0.0302083 0.049537
1 0.346875 0.130787 0.0239583 0.024537
2 0.501302 0.305324 0.0364583 0.1
1 0.393229 0.702778 0.00989583 0.0240741
0 0.646354 0.561574 0.034375 0.062963
1 0.351562 0.130903 0.0145833 0.0236111
1 0.4 0.711111 0.00833333 0.0203704
1 0.4125 0.341898 0.034375 0.087963
1 0.501042 0.30625 0.0364583 0.0990741
0 0.460677 0.47037 0.0109375 0.0351852
3 0.436458 0.0247685 0.0302083 0.049537
1 0.436979 0.0247975 0.0260417 0.0495949
0 0.346875 0.130903 0.0239583 0.0238426
0 0.428646 0.459375 0.0375 0.105324
0 0.526042 0.426852 0.040625 0.105556
0 0.413542 0.341667 0.034375 0.087963
0 0.501302 0.306944 0.0359375 0.100926
0 0.663542 0.548148 0.0708333 0.0944444
1 0.460938 0.470833 0.009375 0.0351852
0 0.371875 0.949074 0.0755208 0.0944444
1 0.891667 0.274074 0.0145833 0.0157407
1 0.895312 0.291204 0.0145833 0.0222222
0 0.436458 0.0345486 0.0260417 0.028125
0 0.435417 0.0243056 0.028125 0.0486111
1 0.796875 0.750926 0.0104167 0.0166667
1 0.791667 0.750926 0.0208333 0.0166667
1 0.451042 0.476852 0.00729167 0.0277778
1 0.547917 0.506481 0.0145833 0.0222222
1 0.393229 0.703704 0.00885417 0.0240741
1 0.395833 0.706481 0.0135417 0.0296296
0 0.286719 0.123843 0.0286458 0.0657407
1 0.00782064 0.337269 0.0107259 0.0166667
1 0.056901 0.610185 0.0110677 0.012963
1 0.4 0.714815 0.00833333 0.0203704
1 0.921875 0.0120443 0.0104167 0.0171152
1 0.0233724 0.343519 0.0139323 0.0240741
1 0.346615 0.133333 0.0229167 0.0282407
1 0.894271 0.276389 0.0208333 0.0194444
1 0.0131022 0.340741 0.0192383 0.0268519
1 0.921875 0.0171875 0.0125 0.0266204
1 0.308073 0.137731 0.0140625 0.0134259
0 0.346615 0.133102 0.0234375 0.0273148
1 0.0571615 0.614815 0.0127604 0.0203704
1 0.0599609 0.64537 0.00807292 0.0166667
1 0.343229 0.0598958 0.00625 0.0140046
1 0.922917 0.0244792 0.0104167 0.012963
1 0.051888 0.647222 0.0173177 0.0185185
1 0.341667 0.062963 0.00833333 0.019213
1 0.891667 0.269444 0.0166667 0.0268519
1 0.409375 0.974074 0.009375 0.0148148
0 0.501562 0.306481 0.0364583 0.100926
0 0.526042 0.428009 0.0416667 0.103241
0 0.663542 0.548611 0.0708333 0.0935185
0 0.428646 0.459144 0.0364583 0.103935
0 0.413281 0.340741 0.0333333 0.0888889
0 0.435677 0.024537 0.0307292 0.0490741
0 0.346875 0.13125 0.0229167 0.0231481
1 0.894792 0.291435 0.0145833 0.0231481
1 0.460938 0.469907 0.009375 0.0324074
1 0.9 0.289815 0.0229167 0.0259259
1 0.395833 0.70463 0.0135417 0.0259259
0 0.460677 0.470255 0.00989583 0.0335648
3 0.39349 0.909259 0.0322917 0.0111111
1 0.451302 0.475926 0.00677083 0.0314815
1 0.547917 0.506481 0.0145833 0.0222222
1 0.467708 0.47419 0.021875 0.044213
1 0.346615 0.131019 0.0234375 0.0236111
1 0.796875 0.750463 0.0114583 0.0148148
1 0.997917 0.0395255 0.00416667 0.0148148
1 0.890625 0.275694 0.0145833 0.0148148
0 0.467708 0.47419 0.021875 0.044213
1 0.895833 0.275231 0.0291667 0.0180556
0 0.663542 0.548148 0.0708333 0.0925926
0 0.413542 0.340741 0.034375 0.087037
0 0.501042 0.30625 0.0354167 0.102315
0 0.526953 0.427778 0.0398437 0.105556
0 0.428906 0.459722 0.0375 0.107407
1 0.895833 0.290741 0.0145833 0.0222222
0 0.435156 0.0246528 0.0317708 0.0493056
1 0.460677 0.47037 0.00989583 0.0333333
1 0.395833 0.703704 0.0145833 0.0277778
1 0.891667 0.273611 0.015625 0.0138889
0 0.347135 0.130787 0.021875 0.0231481
1 0.796875 0.75 0.0104167 0.0166667
1 0.00713704 0.337037 0.0115723 0.0157407
1 0.409375 0.974074 0.009375 0.0111111
0 0.352083 0.130324 0.0114583 0.0219907
1 0.450521 0.475926 0.00833333 0.0333333
0 0.403646 0.0264178 0.096875 0.0528356
1 0.985417 0.0857639 0.0291667 0.0298611
1 0.775 0.750926 0.00833333 0.0148148
1 0.994792 0.0841435 0.0104167 0.0284722
1 0.347135 0.131019 0.0223958 0.0243056
0 0.269792 0.0728009 0.0114583 0.0185185
0 0.847917 0.140741 0.034375 0.0731481
1 0.776563 0.748148 0.0114583 0.0203704
0 0.785417 0.411111 0.0208333 0.0472222
0 0.373437 0.949074 0.0802083 0.0925926
0 0.820833 0.355556 0.0458333 0.0861111
0 0.791146 0.408565 0.0322917 0.0537037
1 0.352083 0.130324 0.0114583 0.0219907
1 0.891667 0.287037 0.01875 0.0277778
1 0.398177 0.706481 0.0114583 0.0314815
1 0.0536458 0.0394097 0.0104167 0.0184028
0 0.439063 0.0368924 0.0239583 0.0250579
1 0.845833 0.00500579 0.0166667 0.00949074
0 0.429167 0.459722 0.0375 0.106481
0 0.501302 0.305787 0.0354167 0.100463
0 0.663542 0.549074 0.0708333 0.0907407
0 0.526563 0.426852 0.0395833 0.101852
0 0.4125 0.340278 0.0354167 0.0861111
0 0.435937 0.0243345 0.0291667 0.0485532
1 0.460677 0.469444 0.00885417 0.0342593
1 0.451042 0.475926 0.00833333 0.037037
0 0.644271 0.587037 0.00729167 0.012037
0 0.640625 0.587037 0.0104167 0.0111111
0 0.440104 0.045081 0.0104167 0.0107639
0 0.436979 0.0453704 0.0114583 0.0105324
0 0.646875 0.587037 0.00833333 0.012037
1 0.392969 0.702778 0.009375 0.0240741
1 0.895312 0.288194 0.0135417 0.0296296
0 0.44349 0.0446759 0.009375 0.0111111
0 0.650521 0.587037 0.00729167 0.012963
0 0.53125 0.475 0.00833333 0.0111111
0 0.528125 0.475 0.0104167 0.0101852
0 0.454167 0.0125072 0.0427083 0.0230179
0 0.506771 0.350463 0.009375 0.012037
0 0.420312 0.378241 0.0130208 0.0115741
0 0.430208 0.506481 0.009375 0.0111111
0 0.436458 0.506481 0.0114583 0.0111111
0 0.536458 0.474074 0.0114583 0.0111111
0 0.479688 0.00706019 0.05625 0.0120949
0 0.414323 0.378704 0.0109375 0.012037
0 0.639063 0.586111 0.01875 0.012963
0 0.371354 0.948148 0.0765625 0.0907407
0 0.654167 0.587037 0.00625 0.012963
0 0.466667 0.0274957 0.107292 0.0494068
0 0.450521 0.477315 0.00833333 0.0351852
0 0.503646 0.350463 0.0125 0.012037
0 0.446354 0.0251664 0.040625 0.0475839
0 0.445833 0.0445023 0.00729167 0.0109954
0 0.511198 0.350463 0.0104167 0.012037
1 0.341667 0.131713 0.0125 0.0240741
1 0.4 0.712963 0.00729167 0.0203704
0 0.441667 0 0.0161458 0
0 0.680208 0.54213 0.0364583 0.0768519
0 0.460938 0.469907 0.00885417 0.0324074
0 0.439583 0.506019 0.0135417 0.012037
0 0.343229 0.132292 0.015625 0.0238426
0 0.658333 0.586574 0.00625 0.012963
0 0.525 0.475 0.0125 0.0111111
0 0.534896 0.471296 0.0197917 0.0148148
0 0.436198 0.509259 0.0109375 0.00740741
0 0.446354 7.2338e-06 0.009375 1.44676e-05
0 0.539583 0.474074 0.0104167 0.0111111
0 0.440104 0.0422454 0.0177083 0.0144676
0 0.441667 0.0287616 0.0270833 0.0418981
0 0.64375 0.584259 0.0302083 0.0166667
0 0.663542 0.548611 0.0708333 0.0916667
0 0.413542 0.341204 0.034375 0.087963
0 0.526563 0.427778 0.040625 0.10463
0 0.428646 0.459259 0.0364583 0.10463
0 0.501042 0.306019 0.0359375 0.100926
1 0.460417 0.470486 0.009375 0.0349537
0 0.436458 0.0250579 0.028125 0.0496528
1 0.450521 0.477778 0.00833333 0.0296296
1 0.396354 0.70787 0.0161458 0.0324074
1 0.346354 0.131366 0.021875 0.0233796
1 0.896875 0.287037 0.0197917 0.0333333
1 0.40026 0.712037 0.009375 0.0240741
1 0.89375 0.283102 0.0208333 0.0333333
1 0.394271 0.70463 0.0125 0.0259259
1 0.895833 0.29213 0.0166667 0.0231481
0 0.450521 0.477778 0.00833333 0.0314815
1 0.892708 0.275694 0.01875 0.0185185
1 0.341667 0.131366 0.0140625 0.0215278
1 0.797396 0.749537 0.0104167 0.0157407
1 0.460417 0.481019 0.0104167 0.0555556
1 0.454427 0.475926 0.0145833 0.0333333
0 0.663542 0.549074 0.0708333 0.0907407
0 0.525521 0.427546 0.040625 0.104167
0 0.429167 0.459259 0.0364583 0.106481
0 0.413281 0.342593 0.0348958 0.0888889
0 0.501042 0.306481 0.0354167 0.101852
0 0.371875 0.950231 0.0770833 0.0921296
0 0.436458 0.0246817 0.028125 0.0493634
1 0.460677 0.470833 0.0104167 0.0342593
1 0.896875 0.29213 0.0177083 0.0222222
1 0.891667 0.274074 0.015625 0.0166667
1 0.394271 0.705093 0.009375 0.025
1 0.898958 0.286343 0.0270833 0.0337963
0 0.346875 0.130324 0.0229167 0.0240741
0 0.460677 0.471181 0.0104167 0.0335648
1 0.396875 0.709259 0.0140625 0.0268519
0 0.450781 0.477315 0.0078125 0.0296296
1 0.398958 0.712037 0.0104167 0.0203704
1 0.894792 0.288426 0.0166667 0.0314815
1 0.797917 0.749074 0.0104167 0.0148148
0 0.439583 0.0326389 0.021875 0.0328704
1 0.451042 0.477315 0.00729167 0.0314815
0 0.413281 0.341667 0.0338542 0.0875
0 0.526042 0.427546 0.0395833 0.104167
0 0.428646 0.459259 0.0359375 0.106481
0 0.663542 0.549074 0.0708333 0.0907407
0 0.501562 0.306481 0.0354167 0.099537
1 0.460417 0.470486 0.009375 0.0349537
0 0.435937 0.0242766 0.028125 0.0485532
1 0.895312 0.29213 0.0135417 0.0226852
1 0.892708 0.274074 0.0166667 0.0185185
1 0.451042 0.476389 0.00729167 0.0305556
1 0.9125 0.0171007 0.00833333 0.0213542
0 0.352083 0.128819 0.0114583 0.0199074
0 0.346875 0.128819 0.021875 0.0219907
0 0.459896 0.47037 0.009375 0.0351852
1 0.796875 0.75 0.0114583 0.0166667
1 0.917708 0.0168475 0.0208333 0.0296152
1 0.973958 0.00564236 0.0145833 0.0112847
0 0.428646 0.459144 0.0364583 0.105787
0 0.663542 0.548611 0.0708333 0.0907407
0 0.413021 0.340972 0.034375 0.0875
0 0.501042 0.306019 0.0359375 0.101852
0 0.526042 0.427778 0.040625 0.103704
0 0.435156 0.024566 0.0276042 0.0491319
1 0.460938 0.47037 0.0104167 0.0351852
1 0.895312 0.291667 0.0145833 0.0222222
1 0.892708 0.278935 0.01875 0.0268519
1 0.891667 0.273611 0.0166667 0.0166667
0 0.663542 0.548611 0.0708333 0.0907407
0 0.526042 0.428472 0.0416667 0.102315
0 0.429167 0.460648 0.0375 0.105556
0 0.413021 0.341204 0.034375 0.087963
0 0.501562 0.306481 0.0364583 0.102778
1 0.460938 0.469907 0.00989583 0.0342593
0 0.435677 0.0246238 0.028125 0.0492477
0 0.374479 0.947222 0.08125 0.0907407
1 0.895312 0.291667 0.0145833 0.0222222
1 0.892708 0.274306 0.0166667 0.0157407
1 0.340625 0.129861 0.0104167 0.0208333
0 0.346615 0.129167 0.0234375 0.0208333
1 0.886458 0.275 0.00625 0.0125
0 0.366146 0.957407 0.0666667 0.0666667
0 0.352083 0.129167 0.0114583 0.0208333
1 0.796875 0.750926 0.0104167 0.0166667
1 0.888021 0.276157 0.009375 0.012963
1 0.304948 0.140856 0.00833333 0.0166667
1 0.346875 0.12963 0.0229167 0.0217593
0 0.429167 0.459722 0.0375 0.105556
0 0.526563 0.428009 0.0395833 0.103241
0 0.413021 0.340741 0.034375 0.087037
0 0.663542 0.548148 0.0708333 0.0907407
0 0.501562 0.307176 0.0354167 0.101852
1 0.460938 0.470833 0.00989583 0.0342593
0 0.435677 0.0243924 0.0296875 0.048669
0 0.372396 0.94838 0.0760417 0.0921296
1 0.895312 0.291667 0.0135417 0.0231481
1 0.796875 0.750926 0.0104167 0.0166667
1 0.988542 0.781944 0.0104167 0.0268519
0 0.460938 0.470833 0.009375 0.0342593
0 0.345573 0.129167 0.021875 0.0203704
0 0.269792 0.0719907 0.0114583 0.0164352
0 0.434115 0.0238137 0.0385417 0.0476273
0 0.501042 0.306019 0.0354167 0.100926
0 0.663542 0.548148 0.0708333 0.0907407
0 0.525911 0.427778 0.0398437 0.102778
0 0.428646 0.459259 0.0364583 0.105556
0 0.413281 0.341204 0.034375 0.0861111
0 0.436458 0.0248264 0.0302083 0.0496528
1 0.460417 0.471412 0.0104167 0.0368056
1 0.796875 0.750926 0.0114583 0.0166667
1 0.396354 0.706481 0.0145833 0.0287037
0 0.373437 0.949074 0.0796875 0.0907407
1 0.397917 0.710185 0.0125 0.0222222
1 0.450781 0.473032 0.00833333 0.0409722
0 0.319531 0.682407 0.0265625 0.0305556
1 0.39375 0.703704 0.0104167 0.0240741
0 0.664062 0.549074 0.0708333 0.0907407
0 0.526042 0.428009 0.0395833 0.102315
0 0.501562 0.306019 0.0364583 0.100926
0 0.428646 0.459722 0.0364583 0.105556
0 0.413281 0.341204 0.034375 0.087037
0 0.436198 0.0247975 0.0296875 0.0495949
1 0.460417 0.470833 0.0104167 0.0351852
0 0.371875 0.949074 0.0765625 0.0907407
0 0.460677 0.469907 0.0104167 0.0333333
0 0.353385 0.129977 0.00989583 0.0215278
0 0.346875 0.130093 0.0229167 0.0226852
0 0.663542 0.548148 0.0708333 0.0907407
0 0.428646 0.459722 0.0375 0.105556
0 0.525911 0.428009 0.0398437 0.103241
0 0.501042 0.305556 0.0364583 0.100926
0 0.413542 0.341204 0.034375 0.0861111
0 0.435937 0.0245443 0.028125 0.0490596
1 0.460938 0.470833 0.009375 0.0342593
0 0.372135 0.948148 0.0765625 0.0907407
0 0.814583 0.878704 0.125 0.242593
1 0.895312 0.290741 0.015625 0.0240741
1 0.891667 0.274074 0.0166667 0.0148148
0 0.460677 0.470255 0.00989583 0.0335648
1 0.888021 0.275 0.009375 0.012963
0 0.346875 0.13044 0.0229167 0.0226852
0 0.872917 0.0344329 0.025 0.0686343
0 0.663542 0.548148 0.0708333 0.0907407
0 0.428906 0.459722 0.0369792 0.105556
0 0.525911 0.427546 0.0398437 0.103241
0 0.501562 0.305556 0.0364583 0.100926
0 0.413542 0.341204 0.0338542 0.087037
0 0.435417 0.0246528 0.0291667 0.0493056
1 0.460938 0.470255 0.00989583 0.0335648
1 0.895312 0.291204 0.0145833 0.0231481
1 0.797917 0.749537 0.0104167 0.0148148
1 0.893229 0.277083 0.0166667 0.0208333
1 0.886458 0.274537 0.00520833 0.0143519
1 0.895833 0.272685 0.00833333 0.0134259
0 0.663542 0.549074 0.0708333 0.0907407
0 0.526042 0.428241 0.0395833 0.101852
0 0.428906 0.459722 0.0369792 0.105556
0 0.501302 0.306481 0.0359375 0.101852
0 0.413542 0.341204 0.0333333 0.0875
0 0.435677 0.0247106 0.0286458 0.0488426
1 0.460938 0.469329 0.0104167 0.0335648
0 0.289062 0.12474 0.034375 0.0676505
0 0.345833 0.130208 0.0229167 0.0212963
0 0.460417 0.468056 0.009375 0.0296296
0 0.444531 0.0407407 0.0125 0.0185185
0 0.428646 0.459259 0.0369792 0.10463
0 0.525911 0.427778 0.0398437 0.101852
0 0.663542 0.548611 0.0708333 0.0898148
0 0.501302 0.306481 0.0359375 0.100926
0 0.413021 0.341435 0.0333333 0.0865741
0 0.435417 0.0252315 0.028125 0.049537
1 0.460677 0.47037 0.0104167 0.0351852
1 0.796875 0.749537 0.0114583 0.0157407
1 0.895312 0.29213 0.0145833 0.0222222
1 0.891667 0.273611 0.015625 0.0148148
1 0.892708 0.283796 0.0166667 0.0273148
0 0.526042 0.427778 0.0395833 0.101852
0 0.664062 0.548148 0.0708333 0.0907407
0 0.428646 0.459722 0.0369792 0.10463
0 0.413281 0.341204 0.0338542 0.087037
0 0.501042 0.306481 0.0354167 0.101852
0 0.435937 0.0250579 0.0291667 0.0501157
1 0.460417 0.47037 0.0104167 0.0351852
1 0.796875 0.749537 0.0104167 0.0148148
1 0.394531 0.703704 0.0109375 0.0259259
0 0.663542 0.548611 0.0708333 0.0898148
0 0.428906 0.459375 0.0369792 0.105324
0 0.526042 0.427315 0.0395833 0.101852
0 0.501042 0.30625 0.0359375 0.100926
0 0.413281 0.341667 0.0333333 0.0865741
0 0.436198 0.0249421 0.0291667 0.0498843
1 0.460677 0.470255 0.009375 0.0335648
0 0.286458 0.12419 0.0286458 0.0664352
0 0.346354 0.130903 0.021875 0.0210648
0 0.305208 0.14213 0.00885417 0.0185185
0 0.460417 0.469444 0.009375 0.0314815
1 0.895312 0.291667 0.0145833 0.0222222
1 0.395833 0.706481 0.0114583 0.0296296
1 0.393229 0.703704 0.009375 0.0240741
0 0.428906 0.460185 0.0364583 0.106481
0 0.664062 0.549074 0.0708333 0.0907407
0 0.526042 0.427778 0.0395833 0.102778
0 0.501562 0.306713 0.0364583 0.101852
0 0.413542 0.341667 0.0333333 0.0875
0 0.435417 0.0249711 0.028125 0.0498264
1 0.460677 0.469907 0.00989583 0.0342593
1 0.895312 0.291667 0.0145833 0.0231481
1 0.393229 0.703704 0.009375 0.0240741
1 0.89375 0.281944 0.0166667 0.0212963
1 0.891667 0.274074 0.0166667 0.0152778
0 0.346354 0.130556 0.0229167 0.0226852
1 0.399479 0.711574 0.009375 0.0231481
0 0.460677 0.46956 0.009375 0.0331019
0 0.429167 0.460185 0.0375 0.105556
0 0.526042 0.427778 0.0395833 0.101852
0 0.501042 0.306713 0.0364583 0.101852
0 0.663542 0.549074 0.0708333 0.0907407
0 0.413542 0.341898 0.0333333 0.0875
0 0.435417 0.0249421 0.028125 0.0493056
1 0.460938 0.47037 0.009375 0.0342593
1 0.895312 0.291898 0.0145833 0.0222222
1 0.891667 0.274074 0.0145833 0.0148148
1 0.220573 0.137269 0.00859375 0.0106481
0 0.663542 0.548611 0.0708333 0.0907407
0 0.526042 0.427778 0.0395833 0.101852
0 0.501562 0.306481 0.0364583 0.101852
0 0.429167 0.459722 0.0375 0.105556
0 0.413542 0.341898 0.0333333 0.087037
0 0.435937 0.0247685 0.0286458 0.049537
1 0.460938 0.469907 0.009375 0.0333333
1 0.895312 0.291667 0.0145833 0.0222222
1 0.893229 0.277778 0.015625 0.0203704
1 0.891667 0.274074 0.0145833 0.0148148
1 0.393229 0.703704 0.009375 0.0240741
0 0.460677 0.469907 0.009375 0.0324074
0 0.663542 0.548148 0.0708333 0.0907407
0 0.526042 0.427778 0.0395833 0.101852
0 0.501302 0.306481 0.0364583 0.101852
0 0.429167 0.460185 0.0375 0.106481
0 0.413542 0.341667 0.034375 0.087037
0 0.435937 0.0247685 0.028125 0.049537
1 0.460677 0.47037 0.00989583 0.0342593
0 0.460417 0.46956 0.009375 0.0331019
1 0.895312 0.291667 0.0145833 0.0226852
0 0.291146 0.123958 0.0375 0.0675926
0 0.346354 0.130324 0.0229167 0.0222222
1 0.395052 0.70463 0.0119792 0.0259259
0 0.526042 0.427778 0.0395833 0.101852
0 0.663542 0.548611 0.0708333 0.0898148
0 0.501042 0.306481 0.0364583 0.102778
0 0.428906 0.460185 0.0369792 0.105556
0 0.413281 0.341667 0.0338542 0.0875
0 0.435417 0.0249421 0.028125 0.0498843
1 0.460677 0.469907 0.00989583 0.0342593
0 0.460417 0.469444 0.009375 0.0324074
0 0.371875 0.948148 0.0760417 0.0888889
0 0.526042 0.427778 0.0395833 0.101852
0 0.663542 0.548611 0.0708333 0.0898148
0 0.501042 0.306481 0.0364583 0.102778
0 0.428906 0.460185 0.0369792 0.105556
0 0.413281 0.341667 0.0338542 0.0875
0 0.435417 0.0249711 0.028125 0.0499421
1 0.460938 0.469907 0.009375 0.0342593
0 0.460417 0.469444 0.009375 0.0324074
0 0.371875 0.948148 0.0760417 0.087037
