0 0.2875 0.327083 0.0546875 0.0949074
0 0.213802 0.0523003 0.0505208 0.0636863
0 0.840104 0.026917 0.0333333 0.0526476
0 0.0233887 0.0667824 0.045931 0.0493056
0 0.069987 0.175694 0.0658854 0.0474537
0 0.0149251 0.0267867 0.0293294 0.0408709
0 0.0496745 0.139236 0.0626302 0.0488426
0 0.284896 0.022338 0.0479167 0.0434028
0 0.0335612 0.101736 0.0560547 0.0497685
0 0.15599 0.0222801 0.0223958 0.0383102
0 0.970312 0.94537 0.0104167 0.0203704
1 0.692187 0.0443142 0.015625 0.0470197
0 0.00611979 0.00533131 0.0117188 0.0106626
0 0.675 0.265509 0.025 0.025
1 0.970312 0.94537 0.0104167 0.0203704
0 0.5375 0.441898 0.0125 0.0291667
0 0.00782878 0.01386 0.0150065 0.0230324
0 0.150521 0.0222222 0.0325521 0.0393519
0 0.00939128 0.00881076 0.0183594 0.0153646
0 0.136458 0.223611 0.0208333 0.0314815
1 0.00611979 0.00533131 0.0117188 0.0106626
0 0.10651 0.206713 0.0138021 0.0157407
0 0.340104 0.166551 0.0177083 0.0208333
1 0.689583 0.0445602 0.00833333 0.0434028
0 0.163542 0.0219618 0.0322917 0.0391782
0 0.401563 0.256944 0.0296875 0.0398148
0 0.213542 0.0520255 0.0505208 0.0638889
0 0.2875 0.327083 0.0552083 0.0953704
0 0.840104 0.0268229 0.0333333 0.0526042
0 0.0700521 0.175694 0.065625 0.0481481
0 0.0232259 0.0678819 0.0454753 0.0521991
0 0.0498047 0.138542 0.0626302 0.0467593
0 0.0149048 0.0269965 0.0291748 0.0418403
0 0.0336914 0.101591 0.0559245 0.0495949
0 0.284635 0.0221933 0.0484375 0.0439236
0 0.155469 0.021875 0.0229167 0.0388889
0 0.00617676 0.00564236 0.0118001 0.0107639
0 0.675 0.265509 0.025 0.025
0 0.5375 0.44213 0.0125 0.0296296
1 0.692187 0.0445602 0.015625 0.0471065
0 0.00691732 0.0134259 0.0131185 0.0236111
0 0.535417 0.443981 0.0145833 0.0305556
1 0.689583 0.0487269 0.0104167 0.037963
0 0.00515137 0.0183738 0.0102051 0.0303819
0 0.00872396 0.00908565 0.0166667 0.0159722
1 0.00617676 0.00564236 0.0118001 0.0107639
0 0.649479 0.353704 0.0270833 0.0259259
1 0.689583 0.0530671 0.00833333 0.028588
0 0.136198 0.223206 0.0197917 0.0322917
0 0.339844 0.166435 0.0177083 0.0217593
0 0.213802 0.0520689 0.0505208 0.0639178
0 0.2875 0.327083 0.0541667 0.0958333
0 0.840104 0.026917 0.0333333 0.0519531
0 0.0232422 0.06875 0.0455729 0.0539352
0 0.0698568 0.175463 0.0661458 0.0476852
0 0.0498372 0.139583 0.0628255 0.049537
0 0.033724 0.102344 0.055599 0.051794
0 0.284635 0.0225984 0.0484375 0.0442708
0 0.0148763 0.0264178 0.0292318 0.041956
0 0.5375 0.44213 0.0125 0.0296296
0 0.155208 0.0219618 0.0234375 0.0394097
1 0.692708 0.045081 0.015625 0.0472222
0 0.00641276 0.00497685 0.0120768 0.00989583
0 0.674479 0.265278 0.0260417 0.025
0 0.535417 0.443519 0.0135417 0.0296296
0 0.539583 0.441667 0.0104167 0.0287037
0 0.340104 0.166667 0.0177083 0.0208333
1 0.689583 0.0514034 0.00833333 0.0328414
1 0.300521 0.269444 0.00625 0.012037
1 0.538542 0.442593 0.0104167 0.0287037
1 0.284375 0.0225984 0.0489583 0.0442708
1 0.00641276 0.00497685 0.0120768 0.00989583
1 0.970312 0.942593 0.009375 0.0148148
1 0.970833 0.94537 0.0104167 0.0203704
0 0.261198 0.0135417 0.0291667 0.0256366
0 0.00499674 0.019184 0.00986328 0.0321759
0 0.401563 0.257176 0.0302083 0.0398148
0 0.00791016 0.0144604 0.0151367 0.024783
1 0.0697266 0.175463 0.0658854 0.0476852
0 0.214062 0.0521412 0.0510417 0.0640046
0 0.2875 0.327315 0.0552083 0.0962963
0 0.839583 0.0270327 0.0333333 0.0521846
0 0.0233073 0.0685185 0.0460286 0.0525463
0 0.069987 0.175347 0.0654948 0.0474537
0 0.0335612 0.101505 0.0555339 0.0502315
0 0.0498128 0.139815 0.0626139 0.05
0 0.0147786 0.0263021 0.0291667 0.0416088
0 0.283854 0.0230324 0.05 0.0454861
0 0.155469 0.0216725 0.0229167 0.0394097
0 0.538542 0.44213 0.0104167 0.0277778
1 0.692708 0.04443 0.0166667 0.0470197
0 0.0063151 0.00512876 0.011849 0.0102575
0 0.674479 0.265046 0.0260417 0.024537
0 0.678646 0.0449363 0.0947917 0.0898727
0 0.401563 0.25625 0.0291667 0.0402778
1 0.839583 0.0266493 0.0333333 0.0522569
0 0.00785319 0.00614873 0.0155762 0.0122975
1 0.284635 0.0231192 0.0489583 0.0454282
1 0.0146973 0.0264974 0.0291992 0.0413339
0 0.195573 0.521296 0.0161458 0.0481481
1 0.00579427 0.00587384 0.0111328 0.0117477
1 0.300521 0.269444 0.00625 0.012963
1 0.689583 0.0489005 0.00833333 0.0369213
0 0.340104 0.166667 0.0177083 0.0203704
0 0.195833 0.509259 0.0197917 0.0740741
0 0.394792 0.259722 0.015625 0.0342593
0 0.584375 0.721296 0.0125 0.0185185
1 0.033431 0.101505 0.0555339 0.0502315
0 0.458594 0.0803241 0.0130208 0.019213
0 0.536458 0.442361 0.0125 0.0300926
0 0.214323 0.0519097 0.0515625 0.0640046
0 0.2875 0.327315 0.0552083 0.0962963
0 0.840104 0.0268808 0.0333333 0.0527199
0 0.0231934 0.06875 0.0457357 0.0530093
0 0.0334554 0.101852 0.055485 0.0506944
0 0.0699219 0.175579 0.065625 0.0479167
0 0.0498128 0.140046 0.0626139 0.0509259
0 0.0147786 0.0266493 0.0291667 0.041956
0 0.284375 0.0231771 0.0489583 0.0457755
0 0.155469 0.0217882 0.0234375 0.0395255
1 0.692187 0.0449074 0.015625 0.0476852
0 0.538542 0.441667 0.0104167 0.0287037
0 0.00628255 0.00523727 0.0119792 0.0104745
0 0.674479 0.265278 0.0260417 0.0240741
0 0.339844 0.166667 0.0177083 0.0203704
0 0.584375 0.721296 0.0125 0.0185185
0 0.00794271 0.00636574 0.0157878 0.0127315
0 0.413281 0.254398 0.0109375 0.0180556
1 0.283594 0.0232639 0.0515625 0.0458333
0 0.401302 0.256019 0.0307292 0.0407407
1 0.0147095 0.0269097 0.0291748 0.0418981
1 0.840104 0.0266782 0.0333333 0.0524306
0 0.161979 0.0209491 0.0338542 0.0412037
0 0.458854 0.0804977 0.0135417 0.0190972
1 0.00570475 0.00627894 0.0109212 0.0125
0 0.195443 0.521759 0.0166667 0.0472222
1 0.689583 0.0543837 0.00833333 0.0275752
1 0.300521 0.269213 0.00625 0.0125
0 0.678646 0.0452546 0.0947917 0.0905093
0 0.395052 0.259722 0.0161458 0.0351852
0 0.267122 0.0189525 0.0480469 0.0379051
0 0.214323 0.0520978 0.0520833 0.06386
0 0.2875 0.327315 0.0552083 0.0962963
0 0.840104 0.0268519 0.0333333 0.052662
0 0.0233887 0.0689815 0.0461263 0.0527778
0 0.0333659 0.101736 0.0555339 0.0506944
0 0.0699382 0.175694 0.0655924 0.0481481
0 0.0498698 0.140162 0.0627604 0.0506944
0 0.0147949 0.0268808 0.0291341 0.0420718
0 0.284375 0.0233796 0.0494792 0.0456019
0 0.155469 0.0217665 0.0234375 0.0395689
1 0.692708 0.0455006 0.0166667 0.0478877
0 0.00620117 0.00540365 0.0118164 0.0108073
0 0.538542 0.441667 0.0104167 0.0277778
1 0.70625 0.0381076 0.0114583 0.0295718
0 0.340104 0.166435 0.0177083 0.0203704
1 0.283333 0.0233724 0.0520833 0.0458478
0 0.00797526 0.00706019 0.0158854 0.0141204
1 0.689583 0.0547454 0.00833333 0.0273148
0 0.674479 0.265278 0.0260417 0.024537
1 0.840104 0.0266204 0.0333333 0.0524306
1 0.0147135 0.027228 0.0291016 0.0420718
1 0.689583 0.0489005 0.0114583 0.040162
0 0.267969 0.0195602 0.0510417 0.0391204
0 0.195312 0.521759 0.0166667 0.0472222
1 0.341667 0.165509 0.0130208 0.0166667
0 0.160677 0.0209201 0.0307292 0.0412616
1 0.00572103 0.00639468 0.0109538 0.0123843
0 0.788021 0.0219907 0.0458333 0.0421296
0 0.214323 0.0521412 0.0520833 0.0638889
0 0.2875 0.327315 0.0552083 0.0962963
0 0.840104 0.0268519 0.0333333 0.052662
0 0.0234538 0.0686343 0.0460612 0.0518519
0 0.0333008 0.101649 0.0556641 0.0508681
0 0.0698568 0.175694 0.065625 0.0481481
0 0.0499349 0.140278 0.0627604 0.0513889
0 0.0148071 0.0270182 0.0291097 0.0421441
0 0.284375 0.0233724 0.0494792 0.0456163
0 0.155469 0.0216942 0.0234375 0.0394821
1 0.692708 0.0455874 0.0166667 0.0477141
0 0.00625 0.00535301 0.0119466 0.010706
0 0.340104 0.166435 0.0177083 0.0203704
1 0.70625 0.0381944 0.0114583 0.0282407
1 0.283333 0.0233507 0.0515625 0.0458912
1 0.689583 0.0552662 0.00833333 0.0262731
0 0.538542 0.441667 0.0104167 0.0277778
0 0.674479 0.265278 0.0260417 0.024537
0 0.00805664 0.007364 0.0160482 0.014728
1 0.0147095 0.0274016 0.0290446 0.0421875
1 0.840104 0.0266204 0.0333333 0.0524306
1 0.689583 0.05 0.0104167 0.0377315
0 0.267773 0.0195312 0.0509115 0.0390625
1 0.341667 0.165278 0.0125 0.0162037
0 0.0555664 0.178935 0.0373047 0.0458333
0 0.584375 0.721296 0.0125 0.0185185
0 0.2875 0.327315 0.0546875 0.0962963
0 0.840104 0.0268591 0.0333333 0.0526476
0 0.214844 0.0521412 0.0526042 0.0638889
0 0.0235026 0.0686921 0.0460286 0.0519676
0 0.0333008 0.102112 0.0557943 0.051331
0 0.0698079 0.175694 0.0655924 0.0481481
0 0.0499349 0.140278 0.0628906 0.0513889
0 0.0148153 0.0270833 0.0290934 0.0421296
0 0.284375 0.0233218 0.0489583 0.0456019
0 0.155599 0.0217014 0.0231771 0.0395833
1 0.692708 0.0456163 0.0166667 0.0476562
0 0.00644531 0.0067419 0.0123372 0.0124421
1 0.70625 0.0383102 0.0114583 0.0288194
0 0.340104 0.166435 0.0177083 0.0203704
1 0.689583 0.0549769 0.00833333 0.0270833
0 0.674479 0.265278 0.0260417 0.025
1 0.283594 0.023329 0.0510417 0.0459346
0 0.00801595 0.00789931 0.0159668 0.0157986
1 0.689583 0.0501736 0.0104167 0.0373843
0 0.266927 0.0192781 0.0489583 0.0384115
0 0.00571289 0.00525897 0.0107422 0.0105179
1 0.0146973 0.0274957 0.0290039 0.0422309
1 0.341927 0.165394 0.0125 0.0164352
1 0.840104 0.0266276 0.0333333 0.0525318
0 0.0556315 0.178472 0.0375651 0.0467593
0 0.00947266 0.0105903 0.0182617 0.01875
0 0.538542 0.441667 0.0104167 0.0268519
0 0.2875 0.327315 0.0546875 0.0962963
0 0.840104 0.0267867 0.0333333 0.0526765
0 0.214844 0.0521412 0.0526042 0.0638889
0 0.0235026 0.0686343 0.0460938 0.0518519
0 0.0332764 0.101823 0.0558431 0.0509838
0 0.0698568 0.175694 0.065625 0.0481481
0 0.0499349 0.140278 0.0628906 0.0516204
0 0.0148275 0.0271701 0.029069 0.0421875
0 0.284375 0.0232928 0.0489583 0.045544
0 0.155469 0.0217303 0.0234375 0.0396412
1 0.692708 0.0456163 0.0166667 0.0476562
0 0.00646159 0.0067853 0.0123698 0.0124711
1 0.70625 0.0385995 0.0114583 0.0299769
0 0.675 0.265278 0.025 0.024537
1 0.689583 0.0552083 0.00833333 0.0266204
0 0.340104 0.166551 0.0177083 0.0201389
0 0.00786133 0.00810185 0.0156901 0.0162037
1 0.689583 0.0504051 0.0104167 0.0368056
0 0.00574544 0.00533131 0.0107747 0.0106626
1 0.283594 0.0233145 0.0510417 0.0458478
0 0.267188 0.0197338 0.0494792 0.0391782
1 0.840104 0.0266493 0.0333333 0.0524884
0 0.00942383 0.0102286 0.0181641 0.0182002
1 0.341927 0.165394 0.0125 0.0164352
1 0.0147298 0.0275463 0.0290039 0.0422454
0 0.0556641 0.178704 0.0376302 0.0474537
0 0.2875 0.327315 0.0546875 0.0962963
0 0.840104 0.026794 0.0333333 0.052662
0 0.214844 0.0521412 0.0526042 0.0640046
0 0.0235189 0.0685185 0.0460612 0.0516204
0 0.0332682 0.101881 0.0558594 0.051331
0 0.0698568 0.175926 0.065625 0.0481481
0 0.0499349 0.140278 0.0628906 0.0513889
0 0.0148153 0.0271918 0.0290283 0.0423756
0 0.284375 0.023329 0.0489583 0.0455874
0 0.155469 0.021752 0.0234375 0.0395978
1 0.692708 0.0456597 0.0166667 0.0475694
0 0.00644531 0.00695891 0.0123372 0.0128183
0 0.675 0.265278 0.025 0.024537
1 0.70625 0.0386574 0.0114583 0.0291667
1 0.689583 0.0553241 0.00833333 0.0262731
0 0.340104 0.166667 0.0177083 0.0199074
0 0.00780436 0.0083044 0.0155762 0.0166088
0 0.00576172 0.00543981 0.0108073 0.0108796
0 0.266667 0.0196832 0.0484375 0.0388744
1 0.689062 0.0512731 0.0104167 0.034838
1 0.283594 0.023329 0.0510417 0.0459346
1 0.840104 0.0266493 0.0333333 0.0524884
0 0.00947673 0.0102865 0.0182861 0.0184896
1 0.341927 0.165509 0.0125 0.0162037
0 0.584375 0.721296 0.0125 0.0185185
0 0.0556966 0.178704 0.0376953 0.0476852
0 0.2875 0.327315 0.0552083 0.0962963
0 0.840104 0.0268446 0.0333333 0.0527922
0 0.214844 0.0521412 0.0526042 0.0641204
0 0.0235352 0.0685185 0.0460286 0.0516204
0 0.0333008 0.101968 0.0557943 0.0513889
0 0.049943 0.140278 0.0628743 0.0513889
0 0.0698568 0.175926 0.0657552 0.0481481
0 0.0148397 0.0271412 0.0289795 0.0427083
0 0.284375 0.023235 0.0489583 0.0457755
0 0.155469 0.021752 0.0234375 0.0395978
1 0.692708 0.0457176 0.0166667 0.0474537
0 0.0064209 0.00703125 0.0122559 0.0130208
0 0.675 0.265278 0.025 0.025
1 0.689583 0.0553241 0.00833333 0.0261574
0 0.340104 0.166551 0.0177083 0.0199074
1 0.70625 0.0387153 0.0114583 0.0292824
0 0.266146 0.0192419 0.046875 0.0379051
0 0.00576172 0.00548322 0.0107747 0.0109664
0 0.00789388 0.0083912 0.0157552 0.0167824
1 0.283594 0.0233507 0.0505208 0.0458912
1 0.689062 0.0514902 0.0104167 0.0340567
1 0.840104 0.0266782 0.0333333 0.0525463
0 0.196094 0.521759 0.015625 0.0472222
0 0.00963542 0.0107205 0.0186523 0.0192998
1 0.342187 0.165278 0.0119792 0.0162037
0 0.584375 0.721296 0.0125 0.0185185
0 0.2875 0.327315 0.0546875 0.0962963
0 0.840104 0.0269097 0.0333333 0.0528935
0 0.214714 0.0521412 0.0528646 0.0641204
0 0.0235352 0.0684607 0.0460286 0.0515046
0 0.0333333 0.101968 0.0558594 0.0511574
0 0.0499268 0.140162 0.0629069 0.0511574
0 0.0698568 0.175926 0.0657552 0.0481481
0 0.0148437 0.0271123 0.0289714 0.0427662
0 0.284375 0.0231771 0.0489583 0.0456597
0 0.155599 0.0217303 0.0231771 0.0396412
1 0.692708 0.0457176 0.0166667 0.0474537
0 0.00640462 0.00708912 0.0121908 0.0131366
0 0.675 0.265278 0.025 0.025
0 0.340104 0.166898 0.0177083 0.0199074
1 0.689583 0.0553819 0.00833333 0.0260417
0 0.00576172 0.00548322 0.0107422 0.0109664
0 0.266146 0.0191551 0.046875 0.0376157
1 0.283594 0.0232928 0.0505208 0.0457755
0 0.196094 0.522222 0.015625 0.0481481
0 0.00795898 0.0083478 0.0158529 0.0166956
1 0.70625 0.0384838 0.0114583 0.0293981
1 0.689062 0.0513744 0.0104167 0.0342882
0 0.584375 0.721296 0.0125 0.0185185
1 0.840104 0.0267072 0.0333333 0.0526042
1 0.342187 0.165394 0.0125 0.0164352
0 0.00973307 0.0110822 0.0188151 0.0199653
<<<<<<< HEAD
0 0.2875 0.327315 0.0546875 0.0962963
0 0.840104 0.0269097 0.0333333 0.0528935
0 0.214844 0.0521412 0.053125 0.0641204
0 0.0235352 0.0684607 0.0460286 0.0516204
0 0.0333008 0.102431 0.0559245 0.0516204
0 0.0698079 0.175926 0.0658529 0.0481481
0 0.0499268 0.140162 0.0629069 0.0511574
0 0.0148397 0.0270327 0.0289144 0.0428096
0 0.284375 0.0231554 0.0489583 0.0455874
0 0.155729 0.0217086 0.0229167 0.0396846
1 0.692708 0.0451534 0.0166667 0.0471933
0 0.675 0.265278 0.025 0.024537
0 0.00639648 0.00711806 0.0121419 0.0131944
1 0.689583 0.0553241 0.00833333 0.0261574
0 0.340104 0.166782 0.0177083 0.0199074
0 0.196094 0.522222 0.0158854 0.0481481
0 0.00576172 0.00549769 0.0107096 0.0109954
0 0.00797526 0.00823206 0.0158529 0.0164641
1 0.283594 0.0232928 0.0505208 0.0456597
0 0.266146 0.0191551 0.046875 0.0375
1 0.689062 0.0513889 0.0104167 0.034375
0 0.584375 0.721296 0.0125 0.0185185
1 0.840104 0.0267072 0.0333333 0.0526042
0 0.00983073 0.0114005 0.0190104 0.0206019
1 0.70625 0.0386285 0.0114583 0.0293403
0 0.0582357 0.177546 0.0426432 0.0467593
1 0.342187 0.165278 0.0125 0.0162037
0 0.150521 0.0217593 0.0328125 0.0399306
0 0.2875 0.327315 0.0546875 0.0962963
0 0.840104 0.0268229 0.0333333 0.0528356
0 0.214844 0.0521991 0.053125 0.0641204
0 0.0235352 0.0684607 0.0460286 0.0517361
0 0.0333008 0.102546 0.0559245 0.0518519
0 0.0499349 0.140278 0.0630208 0.0509259
0 0.0697917 0.175926 0.0658854 0.0481481
0 0.0148478 0.0269965 0.0289632 0.0428819
0 0.284375 0.0231192 0.0489583 0.0454282
0 0.155729 0.0217303 0.0229167 0.0396412
1 0.692708 0.0451389 0.0166667 0.0471065
0 0.675 0.265278 0.025 0.024537
0 0.00639648 0.00714699 0.0121419 0.0133681
1 0.689583 0.0553241 0.00833333 0.0259259
0 0.340104 0.166782 0.0177083 0.0199074
0 0.195573 0.522222 0.0164062 0.0453704
0 0.00579427 0.00552662 0.0107422 0.0110532
1 0.283854 0.023235 0.05 0.045544
0 0.00794271 0.00818866 0.0158203 0.0163773
0 0.584375 0.721296 0.0125 0.0185185
1 0.689062 0.0516782 0.0104167 0.0336806
0 0.266406 0.0195023 0.0479167 0.0378472
1 0.840104 0.0267072 0.0333333 0.0526042
0 0.00997721 0.0116247 0.0193034 0.0210793
0 0.0582031 0.177546 0.0427083 0.0467593
0 0.150521 0.0218171 0.0333333 0.0399306
0 0.175391 0.537963 0.0572917 0.0814815
0 0.2875 0.327083 0.0546875 0.0958333
0 0.214714 0.0521412 0.0528646 0.0641204
0 0.840104 0.026794 0.0333333 0.0528935
0 0.0235352 0.0686343 0.0460286 0.0518519
0 0.0332682 0.102662 0.0558594 0.0518519
0 0.0499349 0.140278 0.0630208 0.0509259
0 0.0697917 0.176042 0.0658854 0.0481481
0 0.0148478 0.0270544 0.0289632 0.0429977
0 0.284375 0.0230903 0.0489583 0.0453704
0 0.155729 0.0217882 0.0229167 0.0396412
1 0.692187 0.0450376 0.015625 0.0469618
0 0.675 0.265278 0.025 0.024537
1 0.690625 0.0483218 0.0114583 0.0402778
0 0.00583496 0.00668403 0.0110189 0.0128472
0 0.340104 0.166667 0.0177083 0.0199074
1 0.689583 0.0550926 0.00833333 0.0261574
0 0.195573 0.522222 0.0166667 0.0453704
1 0.283854 0.0232133 0.05 0.0454716
0 0.00775553 0.00805845 0.0154785 0.0161169
0 0.584375 0.721296 0.0125 0.0185185
1 0.689583 0.0517506 0.0104167 0.0333044
0 0.17513 0.537963 0.0578125 0.0814815
0 0.270768 0.0209201 0.0490885 0.0399884
0 0.0101562 0.0114873 0.0196615 0.0210648
1 0.524479 0.289352 0.00520833 0.00740741
1 0.840104 0.0267072 0.0333333 0.0526042
0 0.150521 0.021875 0.0333333 0.0398148
0 0.00537923 0.00525174 0.00997721 0.0105035
0 0.0582031 0.177662 0.0427083 0.0467593
1 0.341927 0.165278 0.0130208 0.0166667
0 0.2875 0.327083 0.0546875 0.0958333
0 0.214844 0.0521412 0.053125 0.0641204
0 0.840104 0.0268446 0.0333333 0.052908
0 0.0235352 0.06875 0.0460286 0.0520833
0 0.0333333 0.102286 0.0557292 0.0519097
0 0.0499919 0.140278 0.0630371 0.0509259
0 0.0697917 0.176157 0.0658854 0.0481481
0 0.0148478 0.027134 0.0289632 0.04307
0 0.284375 0.023083 0.0489583 0.0452691
0 0.155469 0.0218099 0.0234375 0.0395978
1 0.692187 0.045081 0.015625 0.0469907
0 0.675 0.265278 0.025 0.025
1 0.690625 0.0477431 0.0114583 0.0416667
0 0.00642904 0.00708912 0.0122721 0.0134259
1 0.689583 0.0549769 0.00833333 0.0266204
0 0.340104 0.166782 0.0177083 0.0199074
0 0.195443 0.522222 0.0166667 0.0444444
1 0.689062 0.0515046 0.0104167 0.033912
0 0.17526 0.5375 0.0578125 0.0805556
1 0.283854 0.023206 0.05 0.0453704
0 0.00581055 0.00548322 0.0108073 0.0109664
0 0.00778809 0.00810185 0.0155762 0.0162037
1 0.840104 0.0267072 0.0333333 0.0526042
0 0.0106771 0.0116319 0.0207682 0.0214699
0 0.270898 0.0212457 0.0498698 0.0404948
1 0.524479 0.289352 0.00520833 0.00740741
0 0.2875 0.327083 0.0546875 0.0958333
0 0.214844 0.0521991 0.053125 0.0642361
0 0.840104 0.0268808 0.0333333 0.0529514
0 0.0233398 0.069213 0.0457682 0.0530093
0 0.0333984 0.102546 0.0557292 0.0520833
0 0.0499919 0.140509 0.0630371 0.0509259
0 0.0698079 0.176157 0.0658529 0.0481481
0 0.0148763 0.027228 0.0289714 0.0432292
0 0.284375 0.0230613 0.0489583 0.045081
0 0.155469 0.0218171 0.0234375 0.0396991
1 0.692187 0.0450376 0.015625 0.0471933
0 0.674479 0.265278 0.0260417 0.025
0 0.00646159 0.00711806 0.0123372 0.0134259
1 0.689583 0.0548611 0.00833333 0.0268519
0 0.340104 0.166667 0.0177083 0.0199074
0 0.17526 0.537037 0.0578125 0.0796296
0 0.195312 0.522222 0.0169271 0.0444444
1 0.283854 0.0231771 0.05 0.0451968
1 0.689062 0.0510417 0.0104167 0.0349537
0 0.00583496 0.00549769 0.0108887 0.0109954
0 0.0110677 0.0118924 0.021582 0.0219329
0 0.00780436 0.00815972 0.0156087 0.0163194
1 0.840104 0.0267433 0.0333333 0.0526476
0 0.486458 0.0127894 0.00729167 0.0179398
0 0.2875 0.327083 0.0546875 0.0958333
0 0.214844 0.0521991 0.053125 0.0642361
0 0.840104 0.0270255 0.0333333 0.0528935
0 0.0233398 0.0693287 0.0457682 0.0532407
0 0.033431 0.102662 0.0556641 0.0520833
0 0.05 0.140625 0.0630208 0.0511574
0 0.0698079 0.176273 0.0658529 0.0479167
0 0.0148763 0.0273438 0.0289714 0.0432292
0 0.284375 0.023083 0.0489583 0.0450376
0 0.155469 0.0218171 0.0239583 0.0396991
1 0.692708 0.0450231 0.0166667 0.0471065
0 0.00644531 0.00706019 0.0123698 0.0133681
1 0.690625 0.0471065 0.0114583 0.0429398
0 0.675 0.265509 0.025 0.025
1 0.689583 0.0547454 0.00833333 0.0270833
0 0.17526 0.537037 0.0578125 0.0796296
0 0.340104 0.166667 0.0177083 0.0199074
0 0.00771484 0.00821759 0.0154297 0.0164352
0 0.00585938 0.00554109 0.0109375 0.0110822
1 0.283854 0.0231771 0.05 0.045081
0 0.0110352 0.011603 0.0214844 0.0214699
0 0.2875 0.327083 0.0546875 0.0958333
0 0.214714 0.0521991 0.0528646 0.0642361
0 0.840104 0.0271412 0.0333333 0.0528935
0 0.0233073 0.0693287 0.0457031 0.0532407
0 0.0499919 0.140509 0.0630371 0.0509259
0 0.0334066 0.102807 0.0557129 0.0522569
0 0.0698079 0.176273 0.0658529 0.0479167
0 0.0148722 0.0274016 0.0289795 0.0433449
0 0.283594 0.0232711 0.0484375 0.0440828
0 0.155469 0.0217882 0.0239583 0.0396412
0 0.00642904 0.00700232 0.0123698 0.0133102
0 0.675 0.265509 0.025 0.025
1 0.692708 0.045081 0.0166667 0.0469907
1 0.690625 0.0479745 0.0104167 0.041088
0 0.175391 0.536574 0.0575521 0.0777778
1 0.689583 0.0546296 0.00833333 0.0273148
0 0.00766602 0.00814526 0.015332 0.0162905
0 0.00585938 0.00555556 0.0109701 0.0111111
0 0.0108561 0.011169 0.0211263 0.0207755
0 0.669792 0.937963 0.0354167 0.0944444
1 0.284115 0.0231192 0.0494792 0.0448495
0 0.2875 0.327083 0.0546875 0.0958333
0 0.214714 0.0521412 0.0528646 0.0641204
0 0.840104 0.0271412 0.0333333 0.0528935
0 0.0233073 0.0694444 0.0457031 0.0534722
0 0.0499919 0.140625 0.0630371 0.0509259
0 0.0698568 0.176389 0.0657552 0.0479167
0 0.033431 0.102662 0.0556641 0.0523148
0 0.0148722 0.0275174 0.0289795 0.0434606
0 0.284375 0.0229818 0.0489583 0.04443
0 0.155469 0.0217665 0.0239583 0.0395689
0 0.00646159 0.00703125 0.0124674 0.0133681
0 0.675 0.265509 0.025 0.025
1 0.692708 0.0451244 0.0166667 0.0470197
1 0.690625 0.0481481 0.0104167 0.0408565
0 0.669792 0.938889 0.0354167 0.0944444
0 0.0108724 0.0109086 0.021224 0.0204282
0 0.00764974 0.00805845 0.0152995 0.0161169
0 0.175781 0.536574 0.0567708 0.0768519
0 0.00589193 0.00558449 0.0110352 0.011169
0 0.2875 0.327083 0.0546875 0.0958333
0 0.214583 0.0522135 0.0526042 0.0640914
0 0.840104 0.0271412 0.0333333 0.0530093
0 0.0233073 0.0694444 0.0457031 0.0534722
0 0.050057 0.140741 0.0631673 0.0509259
0 0.0698079 0.176389 0.0658529 0.0481481
0 0.0334554 0.102807 0.0556152 0.0522569
0 0.0149048 0.0276331 0.0289795 0.0435764
0 0.284375 0.0229745 0.0489583 0.0443287
0 0.155469 0.0218099 0.0239583 0.0394821
0 0.00651042 0.00707465 0.0125651 0.0135127
0 0.675 0.265741 0.025 0.025
1 0.692187 0.0452691 0.015625 0.0469618
0 0.669792 0.938889 0.0354167 0.0925926
0 0.0110392 0.0109086 0.0215413 0.020544
0 0.00768229 0.00815972 0.0153646 0.0163194
1 0.689583 0.0510417 0.0104167 0.0349537
0 0.176042 0.537037 0.05625 0.0759259
0 0.00592448 0.00558449 0.0111328 0.011169
0 0.2875 0.327083 0.0546875 0.0958333
0 0.214583 0.0522135 0.0526042 0.0640914
0 0.840104 0.0271918 0.0333333 0.0530237
0 0.0233073 0.0695023 0.0457031 0.053588
0 0.050057 0.140741 0.0631673 0.0509259
0 0.0698079 0.176505 0.0658529 0.0481481
0 0.0335286 0.102749 0.055599 0.0523727
0 0.0149251 0.0277199 0.0290039 0.0436343
0 0.284375 0.0230035 0.0489583 0.0442708
0 0.155729 0.0218461 0.0234375 0.039294
0 0.675 0.265741 0.025 0.025
0 0.00654297 0.00711806 0.0126628 0.0135417
0 0.0111694 0.010923 0.0218669 0.0206308
0 0.669792 0.938889 0.0354167 0.0925926
0 0.00773112 0.00824653 0.0154622 0.0164931
1 0.691667 0.0453704 0.0145833 0.0465278
0 0.2875 0.327083 0.0546875 0.0958333
0 0.214583 0.0522135 0.0526042 0.0640914
0 0.0233073 0.0695602 0.0457031 0.0534722
0 0.840104 0.027228 0.0333333 0.0530671
0 0.050057 0.140741 0.0631673 0.0509259
0 0.0697917 0.17662 0.0658854 0.0483796
0 0.0334717 0.102807 0.0557129 0.0522569
0 0.0149251 0.0278356 0.0290039 0.04375
0 0.284375 0.0229745 0.0489583 0.0440972
0 0.155859 0.021875 0.0231771 0.0392361
0 0.674479 0.265741 0.0260417 0.025
0 0.00657552 0.00716146 0.0127604 0.0136285
0 0.0113607 0.010952 0.0222982 0.0206308
0 0.0078125 0.00833333 0.015625 0.0166667
0 0.669792 0.93912 0.0354167 0.0921296
0 0.2875 0.327083 0.0546875 0.0958333
0 0.214453 0.0521991 0.0523437 0.0642361
0 0.0233073 0.0695602 0.0457031 0.0537037
0 0.0500651 0.140972 0.0632813 0.0509259
0 0.840625 0.0272642 0.0333333 0.0531105
0 0.0697917 0.176736 0.0658854 0.0486111
0 0.0335612 0.102894 0.0556641 0.0523148
0 0.0149251 0.0279225 0.0290039 0.0438079
0 0.284375 0.0229673 0.0489583 0.0438802
0 0.15599 0.0219039 0.0229167 0.0390625
0 0.674479 0.265741 0.0260417 0.025
0 0.00660807 0.00714699 0.0128581 0.0136574
0 0.0115234 0.010923 0.0226563 0.0206887
0 0.00790202 0.00833333 0.015804 0.0166667
0 0.2875 0.327083 0.0546875 0.0958333
0 0.214453 0.0521991 0.0523437 0.0642361
0 0.023291 0.0696181 0.0457357 0.053588
0 0.050057 0.140972 0.0632975 0.0511574
0 0.0697917 0.176852 0.0660156 0.0486111
0 0.0336263 0.103009 0.0556641 0.0523148
0 0.840625 0.0272859 0.0333333 0.0530671
0 0.0149373 0.0279514 0.0289795 0.04375
0 0.284375 0.0229456 0.0489583 0.0436921
0 0.15612 0.0219401 0.0229167 0.0389902
0 0.00663249 0.00708912 0.0129069 0.0135995
0 0.674479 0.265741 0.0260417 0.025
0 0.0115926 0.0108652 0.0228434 0.0206887
0 0.00796712 0.00818866 0.0159342 0.0163773
0 0.2875 0.327083 0.0546875 0.0958333
0 0.214453 0.0521412 0.0523437 0.0642361
0 0.023291 0.0695602 0.0457357 0.0537037
0 0.050057 0.140972 0.0632975 0.0511574
0 0.0697917 0.176852 0.0660156 0.0486111
0 0.0336263 0.103009 0.0556641 0.0523148
0 0.840625 0.0272859 0.0333333 0.0530671
0 0.0149373 0.0279514 0.0289795 0.04375
0 0.284375 0.0229456 0.0489583 0.0436921
0 0.15612 0.0219401 0.0229167 0.0389902
0 0.00664063 0.00708912 0.0128906 0.0135995
0 0.674479 0.265741 0.0260417 0.025
0 0.0115926 0.0108507 0.0228434 0.0206597
0 0.00796712 0.00818866 0.0159342 0.0163773
=======
>>>>>>> eec1531f690f822f052659bede932c48623278fb
0 0.2875 0.328704 0.0541667 0.0944444
0 0.216146 0.0541667 0.0541667 0.0630787
0 0.0701823 0.177315 0.0651042 0.0476852
0 0.0232422 0.0707176 0.0455729 0.0530093
0 0.0503337 0.14213 0.0636556 0.0509259
0 0.0150553 0.0287616 0.0294596 0.0412037
0 0.285677 0.0221644 0.0458333 0.0422454
0 0.0349609 0.104514 0.0542969 0.0511574
0 0.839583 0.0267289 0.03125 0.0530237
1 0.0335938 0.10298 0.056901 0.0491319
1 0.0232096 0.0711806 0.0462891 0.0525463
3 0.2875 0.328241 0.0541667 0.0953704
1 0.282552 0.022678 0.0395833 0.0409867
0 0.210026 0.00614873 0.0213542 0.0109664
1 0.0149414 0.028559 0.0295573 0.041956
2 0.286979 0.328241 0.0541667 0.0944444
1 0.839583 0.0266204 0.03125 0.0527778
0 0.00637207 0.00706019 0.0123535 0.0130787
0 0.18763 0.00989583 0.0200521 0.018287
0 0.28776 0.327778 0.0557292 0.0953704
0 0.214974 0.0523148 0.0528646 0.0657407
0 0.0151652 0.027691 0.0287842 0.0432292
0 0.0235189 0.0701968 0.0454102 0.0541667
0 0.0694173 0.17662 0.068457 0.049537
0 0.839583 0.0271991 0.03125 0.0543981
0 0.0496094 0.141435 0.0627604 0.0530093
0 0.0403971 0.134722 0.0430339 0.0648148
0 0.0550781 0.171528 0.0351562 0.037037
0 0.0615234 0.160185 0.0845052 0.081713
0 0.0330404 0.0981481 0.0580078 0.0460648
0 0.049056 0.0972222 0.026237 0.0395833
0 0.0342773 0.142361 0.0314453 0.0523148
1 0.0148275 0.0264757 0.0288737 0.0449653
0 0.278125 0.325 0.0354167 0.0907407
0 0.0148478 0.0708333 0.0285075 0.0516204
1 0.0537109 0.171065 0.0322917 0.0368056
0 0.673958 0.266898 0.0270833 0.0300926
0 0.215104 0.0525608 0.053125 0.0645544
0 0.839583 0.0265625 0.0333333 0.0528935
0 0.0236328 0.0706597 0.0457031 0.0523148
0 0.0148763 0.0293909 0.0289714 0.0419126
0 0.0489014 0.141204 0.060791 0.0523148
0 0.2875 0.328241 0.0572917 0.0990741
0 0.0325521 0.100955 0.0567708 0.0471644
0 0.0703125 0.176968 0.0652344 0.0472222
0 0.285417 0.0222512 0.0489583 0.0433449
0 0.00643717 0.00551215 0.0128743 0.00963542
1 0.508073 0.421759 0.00729167 0.0125
1 0.509115 0.422222 0.0104167 0.0148148
1 0.689583 0.0528935 0.00833333 0.0256944
0 0.00670573 0.0046441 0.0134115 0.00928819
1 0.502604 0.423611 0.0161458 0.0157407
1 0.808333 0.856481 0.0166667 0.025
1 0.0232747 0.0701389 0.0462891 0.0527778
0 0.931771 0.208449 0.0302083 0.0418981
0 0.00764974 0.000303819 0.0152995 0.000607639
0 0.2875 0.327315 0.0541667 0.0958333
0 0.0701823 0.175694 0.0653646 0.0481481
0 0.215625 0.0520978 0.0546875 0.0657118
0 0.0235026 0.0703704 0.0469401 0.0555556
0 0.0146159 0.0283492 0.0289063 0.0441117
0 0.0500326 0.141204 0.0623047 0.0537037
0 0.0476562 0.121499 0.0580729 0.0917245
0 0.0327799 0.0996528 0.0580078 0.0467593
0 0.00646159 0.00532407 0.012793 0.009375
0 0.0525391 0.155324 0.0690104 0.0837963
0 0.0313883 0.0858796 0.0613118 0.0780093
0 0.0339844 0.116088 0.0557292 0.0798611
0 0.285677 0.02364 0.0479167 0.0464699
0 0.0104126 0.00616319 0.0204508 0.0115162
1 0.00646159 0.00532407 0.012793 0.009375
0 0 0.0632523 0 0.101273
0 0.288021 0.328472 0.0557292 0.0967593
0 0.214974 0.0519676 0.0526042 0.0657407
0 0.0234701 0.0708333 0.0469401 0.0549769
0 0.0501302 0.141435 0.0622396 0.0537037
0 0.0700358 0.176273 0.0653971 0.0479167
0 0.0149373 0.0295139 0.0291097 0.0434028
0 0.839583 0.0268519 0.0333333 0.0537037
0 0.0432617 0.129282 0.0482422 0.0782407
0 0.0333415 0.101505 0.0580566 0.0476852
0 0.00685221 0.00512153 0.0137044 0.0099537
0 0.285677 0.0229167 0.0473958 0.0458333
1 0.00688477 0.00504919 0.0131185 0.00969329
0 0.257812 0.0260995 0.102604 0.0521991
1 0.0147135 0.0292535 0.0294271 0.0446181
0 0.00246582 0.0932292 0.00382487 0.0109954
0 0.120312 0.0222801 0.0947917 0.0445602
1 0.0232747 0.0706597 0.0465495 0.0540509
0 0.209896 0.00509259 0.021875 0.00983796
1 0.689583 0.0532986 0.009375 0.0246528
0 0.00311686 0.091088 0.00528971 0.0141204
1 0.839583 0.0262731 0.03125 0.0525463
0 0.288021 0.326852 0.0541667 0.0953704
0 0.214844 0.0529514 0.0520833 0.0653935
0 0.0233561 0.0711806 0.0462565 0.0550926
0 0.839583 0.0263021 0.03125 0.0522569
0 0.0147095 0.0302011 0.028654 0.0476997
0 0.0490885 0.141898 0.0609375 0.0532407
0 0.0704427 0.175116 0.0643229 0.0462963
0 0.284115 0.0229673 0.0463542 0.0438802
0 0.0344401 0.0994213 0.0539063 0.0460648
0 0.210938 0.00448495 0.0197917 0.00769676
0 0.28099 0.0373843 0.0333333 0.0140046
0 0.21862 0.0041522 0.0255208 0.00691551
0 0.0890625 0.193287 0.0270833 0.0106481
0 0.205469 0.00474537 0.028125 0.00810185
0 0.375521 0.271296 0.0630208 0.0407407
0 0.835938 0.0465856 0.0114583 0.0116898
0 0.2125 0.00449942 0.0317708 0.00824653
0 0.210938 0.0105613 0.0453125 0.0190972
0 0.25599 0.00549769 0.0192708 0.00920139
0 0.268229 0.00559896 0.0213542 0.009375
0 0.839583 0.0466435 0.00833333 0.0118056
0 0.832292 0.0464699 0.0166667 0.012037
0 0.182812 0.00368924 0.084375 0.00737847
0 0.299479 0.371759 0.0104167 0.0101852
0 0.00193685 0.0922454 0.00354818 0.0108796
0 0.0921875 0.193287 0.0127604 0.0101852
0 0.0321615 0.164005 0.00891927 0.0111111
0 0.302083 0.371528 0.00833333 0.0106481
0 0.285417 0.0133681 0.0463542 0.0260417
0 0.841667 0.0463542 0.00625 0.012037
0 0.0485352 0.0988426 0.0250651 0.0335648
0 0.105078 0.207176 0.00963542 0.0141204
0 0.302083 0.367593 0.0239583 0.0148148
0 0.289583 0.00823206 0.0385417 0.0156539
0 0.260677 0.00564236 0.025 0.0104167
0 0.367448 0.330093 0.0619792 0.0351852
0 0.298177 0.362963 0.0328125 0.0240741
0 0.0828125 0.188194 0.0403646 0.0194444
0 0.00766602 0.00627894 0.0137695 0.0101852
0 0.212109 0.00149016 0.0182292 0.00298032
0 0.0847656 0.191898 0.0320312 0.0125
0 0.103125 0.207407 0.00625 0.0141204
0 0.189583 0.00477431 0.0166667 0.00798611
0 0.0293945 0.163889 0.0156901 0.0111111
0 0.196484 0.0796296 0.0132813 0.0106481
0 0.0722819 0.185417 0.0588216 0.0236111
0 0.0643229 0.148495 0.0307292 0.0104167
0 0.214844 0.00351562 0.015625 0.00703125
0 0.30599 0.371296 0.00885417 0.0101852
0 0.0507161 0.110648 0.0205729 0.0125
0 0.03632 0.160185 0.0342611 0.0166667
0 0.0951823 0.193519 0.0119792 0.0106481
0 0.0720052 0.149421 0.0134115 0.00925926
0 0.0608073 0.144213 0.0394531 0.0185185
0 0.293229 0.370602 0.0125 0.0115741
0 0.202344 0.0799768 0.00833333 0.0101852
0 0.217448 0.000607639 0.00989583 0.00121528
1 0.338542 0.275 0.00520833 0.0101852
0 0.28776 0.327778 0.0546875 0.0953704
0 0.0145874 0.0291956 0.0290283 0.0404514
0 0.215365 0.0523148 0.0541667 0.0645833
0 0.0232585 0.0713542 0.0460612 0.0559028
0 0.0703125 0.174769 0.0648438 0.0481481
0 0.049707 0.141435 0.0621745 0.0537037
0 0.0386068 0.0968171 0.0450521 0.0408565
1 0.689583 0.0489005 0.00833333 0.0185185
0 0.285417 0.0219907 0.046875 0.043287
0 0.839583 0.0266782 0.03125 0.0533565
1 0.689583 0.0537616 0.009375 0.0298611
0 0.0541016 0.158218 0.0701823 0.0849537
1 0.690625 0.0442274 0.0104167 0.0279803
1 0.689062 0.061169 0.0104167 0.0173611
0 0.0108317 0.0836806 0.0216634 0.0305556
0 0.00637207 0.00593171 0.0127441 0.0105903
1 0.638542 0.487037 0.009375 0.0296296
0 0.2875 0.327778 0.0552083 0.0962963
0 0.0499349 0.140856 0.0627604 0.0541667
0 0.0699382 0.17662 0.065332 0.0481481
0 0.0415283 0.129427 0.0458496 0.0772569
0 0.0230143 0.0712963 0.0460286 0.0555556
0 0.839583 0.0259838 0.0322917 0.0517361
0 0.215365 0.0525463 0.0552083 0.0628472
0 0.0148275 0.0291088 0.0291992 0.0394676
0 0.0342448 0.0988426 0.0546875 0.04375
0 0.286198 0.0217086 0.0463542 0.0426939
0 0.00636393 0.00503472 0.0125977 0.0100694
0 0.211719 0.0046875 0.0223958 0.00925926
1 0.584375 0.721296 0.0125 0.0203704
0 0.208984 0.00355903 0.0367187 0.00703125
0 0.2875 0.327778 0.0541667 0.0972222
0 0.214583 0.0523727 0.0518229 0.0635417
0 0.0497721 0.141435 0.0623047 0.0518519
0 0.0232422 0.0708333 0.0464844 0.0537037
0 0.0148112 0.0283565 0.0291667 0.0440972
0 0.0704427 0.176157 0.0638021 0.0481481
0 0.839583 0.026331 0.0333333 0.052662
0 0.284896 0.0227431 0.046875 0.0454861
0 0.0340169 0.0986111 0.0533203 0.0428241
0 0.00652669 0.0051794 0.0126953 0.0103588
0 0.208854 0.00494068 0.0270833 0.00988137
0 0.039388 0.11794 0.0419271 0.0835648
0 0.2875 0.326852 0.0546875 0.0953704
0 0.0234701 0.0707755 0.0462891 0.0538194
0 0.0395264 0.122888 0.0434733 0.0917245
0 0.215885 0.0526042 0.0546875 0.0640046
0 0.840104 0.0260706 0.0322917 0.0521412
0 0.0701172 0.177431 0.0657552 0.0502315
0 0.285937 0.0221644 0.0479167 0.0443287
0 0.0147786 0.0309317 0.0288411 0.0446181
0 0.0445638 0.137269 0.0534505 0.0638889
0 0.0587077 0.141782 0.0812825 0.0555556
0 0.0341471 0.100723 0.0534505 0.0467014
0 0.00841471 0.00541088 0.0158203 0.0099537
0 0.00776367 0.00368924 0.0108724 0.00737847
0 0.0102214 0.00318287 0.00807292 0.00636574
0 0.288021 0.327778 0.0552083 0.0962963
0 0.0699219 0.176852 0.0660156 0.0472222
0 0.214974 0.0530093 0.0528646 0.0650463
0 0.0498128 0.13831 0.0626139 0.0592593
0 0.0232747 0.0701389 0.0465495 0.0537037
0 0.0144531 0.0290799 0.0285807 0.0402199
0 0.285677 0.0225694 0.046875 0.044213
0 0.839583 0.02636 0.03125 0.0520255
0 0.0337565 0.100434 0.0548828 0.0477431
0 0.214844 0.00489005 0.0463542 0.00978009
0 0.210417 0.0052662 0.021875 0.0105324
0 0.00655111 0.00516493 0.0127116 0.0103299
1 0.00644531 0.00497685 0.0126953 0.0099537
0 0.210156 0.0103877 0.0302083 0.0193287
0 0.00883789 0.00616319 0.0176758 0.00850694
1 0.0860677 0.650926 0.0127604 0.012963
0 0.221354 0.00353009 0.0700521 0.00706019
1 0.50625 0.422222 0.0046875 0.0106481
1 0.209766 0.00536748 0.01875 0.010735
0 0.2875 0.328241 0.0557292 0.0976852
0 0.215625 0.0533565 0.0541667 0.0640046
0 0.01486 0.0291016 0.0291992 0.0401765
0 0.023763 0.0704282 0.046224 0.0533565
0 0.0703125 0.176389 0.0651042 0.049537
0 0.0497477 0.142245 0.0628743 0.0530093
0 0.0448242 0.126389 0.0531901 0.0844907
0 0.839583 0.0259838 0.03125 0.0517361
0 0.285937 0.0224609 0.046875 0.0448929
0 0.0373372 0.104861 0.0478516 0.0525463
0 0.215365 0.00390625 0.0520833 0.0078125
0 0.215625 0.00548322 0.034375 0.0100694
0 0.00850016 0.00546875 0.0169189 0.009375
0 0.209505 0.00535301 0.0164062 0.0105903
0 0.275586 0.0016059 0.0665365 0.00321181
0 0.28776 0.327546 0.0541667 0.0953704
0 0.215365 0.053125 0.0541667 0.0642361
0 0.0226563 0.0716435 0.0448568 0.0539352
0 0.0700358 0.176968 0.0651367 0.0472222
0 0.0146444 0.0308377 0.0291748 0.0441117
0 0.0499349 0.141551 0.0626302 0.0520833
0 0.839583 0.0266782 0.0322917 0.0533565
0 0.286198 0.0236183 0.046875 0.0465133
0 0.0335612 0.102431 0.055013 0.049537
0 0.0452148 0.126389 0.0533203 0.0821759
0 0.210677 0.00535301 0.0213542 0.010706
0 0.00633952 0.00510706 0.0121908 0.0102141
1 0.539583 0.44213 0.00625 0.0212963
0 0.0137695 0.0052662 0.0275391 0.0105324
0 0.210026 0.0088831 0.0223958 0.0177662
0 0.91875 0.292593 0.0104167 0.00925926
0 0.28776 0.327778 0.0546875 0.0953704
0 0.215365 0.0530671 0.053125 0.0643518
0 0.0235189 0.0706019 0.0469076 0.0546296
0 0.0709473 0.176389 0.0656575 0.0476852
0 0.0503581 0.141667 0.0633464 0.0527778
0 0.0148926 0.0289858 0.0297852 0.0413339
0 0.285937 0.0221933 0.046875 0.0443866
0 0.0346354 0.0997685 0.0545573 0.0446759
0 0.839583 0.0266276 0.0322917 0.0527633
0 0.210417 0.00379774 0.0244792 0.00759549
0 0.00646159 0.00515046 0.0121419 0.010272
0 0.21263 0.00383391 0.0398437 0.00711806
0 0.00175781 0.0931713 0.00322266 0.0106481
0 0.0129069 0.00441262 0.0258138 0.00653935
0 0.033846 0.0884259 0.0573079 0.0335648
0 0.209635 0.00924479 0.0252604 0.018316
0 0.205859 0.00507812 0.0317708 0.00963542
0 0.2875 0.327315 0.0552083 0.0953704
0 0.214844 0.0522135 0.0520833 0.0657118
0 0.0230469 0.0708912 0.0455729 0.053588
0 0.070166 0.176389 0.0648763 0.0467593
0 0.0146484 0.0296007 0.0292969 0.0417245
0 0.0497965 0.14213 0.0629069 0.0541667
0 0.285417 0.0225694 0.046875 0.0451389
0 0.839583 0.026331 0.03125 0.0521991
0 0.210807 0.00520833 0.0208333 0.0104167
0 0.0336263 0.101389 0.0539714 0.0490741
0 0.210547 0.00899884 0.0231771 0.0179977
0 0.00562337 0.0056713 0.0108887 0.0105903
0 0.288021 0.327315 0.0541667 0.0953704
0 0.215365 0.052662 0.0546875 0.0650463
0 0.0231283 0.0702546 0.045931 0.0541667
0 0.0486654 0.135185 0.0599609 0.0657407
0 0.0147461 0.0279803 0.0294922 0.0411458
0 0.0696615 0.177431 0.065625 0.0451389
0 0.285417 0.0224537 0.046875 0.0444444
0 0.0345785 0.100463 0.0549316 0.0456019
0 0.207552 0.00407986 0.0359375 0.00763889
0 0.839583 0.0266493 0.0322917 0.0527199
0 0.211068 0.00509259 0.0195312 0.0101852
0 0.0400391 0.122888 0.0427083 0.0898727
0 0.0624837 0.169213 0.0781576 0.0597222
0 0.2875 0.327778 0.0541667 0.0953704
0 0.214844 0.0531395 0.0526042 0.063397
0 0.0234375 0.0706019 0.0465495 0.0537037
0 0.285156 0.0225405 0.0479167 0.0445023
0 0.0146973 0.0288773 0.0291992 0.0415509
0 0.0698568 0.178241 0.065625 0.0472222
0 0.0493815 0.141667 0.0611328 0.0518519
0 0.0338867 0.0997685 0.0544922 0.0451389
0 0.205859 0.00458623 0.0299479 0.00836227
0 0.839583 0.0269604 0.0322917 0.0527922
0 0.210156 0.00570023 0.0213542 0.0105324
0 0.00587565 0.00658275 0.011556 0.0116609
0 0.288021 0.327778 0.0552083 0.0949074
0 0.215104 0.0532263 0.053125 0.0646123
0 0.0233724 0.0700231 0.0467448 0.0525463
0 0.0497721 0.141898 0.0621745 0.0537037
0 0.285937 0.0226852 0.0479167 0.0444444
0 0.0145874 0.0288845 0.0290934 0.041305
0 0.0705078 0.176736 0.0652344 0.0462963
0 0.839583 0.0265914 0.03125 0.0524884
0 0.209896 0.00481771 0.0203125 0.00850694
0 0.00619303 0.00520833 0.0119954 0.00989583
0 0.0374023 0.0999421 0.0451172 0.0471065
0 0.0398356 0.122106 0.0432454 0.0881944
0 0.209115 0.00543981 0.03125 0.00931713
0 0.276563 0.00601852 0.025 0.0115162
0 0.2875 0.327315 0.0541667 0.0962963
0 0.214583 0.0528791 0.0520833 0.0646123
0 0.0234049 0.0701968 0.0466797 0.0540509
0 0.285417 0.0218244 0.0479167 0.0433883
0 0.0147624 0.0286169 0.0293294 0.0412616
0 0.049471 0.14213 0.0630371 0.0541667
0 0.0414714 0.127286 0.0470052 0.0838542
0 0.069987 0.177431 0.0664062 0.0481481
0 0.839583 0.0265914 0.0322917 0.0528356
0 0.0380859 0.101736 0.0464844 0.0483796
0 0.208984 0.00502025 0.0244792 0.00972222
0 0.2875 0.328009 0.0546875 0.0953704
0 0.214323 0.0529514 0.0515625 0.0646991
0 0.0234701 0.0699074 0.0469401 0.0530093
0 0.049292 0.142014 0.0626139 0.0537037
0 0.285677 0.0217882 0.0473958 0.0428819
0 0.0700358 0.176389 0.0656575 0.0472222
0 0.839583 0.026765 0.03125 0.0529514
0 0.0148153 0.0288122 0.0294841 0.0416811
0 0.0423258 0.123495 0.0486816 0.0912037
0 0.0357992 0.100231 0.0502767 0.0446759
0 0.210938 0.0051794 0.0208333 0.0101273
0 0.0307292 0.0900463 0.0547526 0.0333333
0 0.2875 0.327778 0.0541667 0.0958333
0 0.214583 0.0528935 0.0523437 0.0643518
0 0.0235352 0.0699074 0.0464844 0.0520833
0 0.049349 0.141667 0.0622396 0.0523148
0 0.0149048 0.0291088 0.0291748 0.0395833
0 0.0700358 0.176042 0.0648763 0.0481481
0 0.285677 0.0217014 0.0484375 0.0430556
0 0.0336914 0.100463 0.0556641 0.0472222
0 0.0405518 0.128704 0.0446777 0.0798611
0 0.839583 0.0273655 0.0333333 0.0538339
0 0.2875 0.328241 0.0541667 0.0962963
0 0.214714 0.0527199 0.0526042 0.0644676
0 0.0236328 0.0699074 0.0465495 0.0525463
0 0.0497721 0.141667 0.0629557 0.0537037
0 0.0148275 0.028588 0.0289388 0.0407407
0 0.285156 0.0220486 0.0479167 0.0431713
0 0.069987 0.177431 0.0660156 0.0476852
0 0.0340169 0.0997685 0.0551432 0.0460648
0 0.839583 0.027134 0.0322917 0.0536024
0 0.209375 0.00461516 0.0255208 0.00769676
0 0.28776 0.327546 0.0546875 0.0967593
0 0.214974 0.0527922 0.053125 0.0640914
0 0.0235026 0.0701968 0.0464844 0.052662
0 0.0409831 0.140972 0.0455078 0.0550926
0 0.285417 0.0218244 0.0473958 0.0433883
0 0.0148763 0.0291088 0.0291016 0.0413194
0 0.0397461 0.123958 0.0436849 0.0900463
0 0.0699382 0.177083 0.0658529 0.0490741
0 0.0375651 0.102517 0.0483073 0.0500579
0 0.839583 0.0266493 0.0322917 0.0529514
0 0.210938 0.00467303 0.0203125 0.00928819
0 0.28776 0.327778 0.0546875 0.0962963
0 0.214844 0.0529514 0.0526042 0.0646991
0 0.0236979 0.0704861 0.0470052 0.0527778
0 0.0488281 0.14213 0.0613281 0.0527778
0 0.0148926 0.0287326 0.0294596 0.0404514
0 0.0419596 0.124566 0.0478516 0.0883681
0 0.285417 0.0219907 0.0473958 0.0428241
0 0.0700521 0.176852 0.0661458 0.0486111
0 0.0376302 0.101968 0.0471354 0.0493056
0 0.00677083 0.0056713 0.0123372 0.00989583
0 0.208073 0.00441262 0.0260417 0.00859375
0 0.839583 0.0269965 0.0322917 0.0534144
0 0.2875 0.327778 0.0546875 0.0953704
0 0.214714 0.0527922 0.0526042 0.0645544
0 0.0236979 0.0703125 0.0467448 0.053125
0 0.0489258 0.141898 0.0615234 0.0532407
0 0.0424805 0.123119 0.0491536 0.0912616
0 0.0149577 0.0288845 0.0291992 0.040842
0 0.0701986 0.175926 0.065332 0.0486111
0 0.285417 0.0219039 0.0473958 0.0427662
0 0.0364258 0.102778 0.0494141 0.050463
0 0.207813 0.00416667 0.0265625 0.0068287
0 0.839583 0.0267072 0.0322917 0.0530671
0 0.2875 0.327778 0.0546875 0.0953704
0 0.214714 0.0527778 0.0526042 0.0645833
0 0.0236979 0.0703125 0.0467448 0.053125
0 0.0489502 0.141898 0.0614746 0.0532407
0 0.0424479 0.123148 0.0490885 0.0912037
0 0.0149577 0.0288845 0.0291992 0.040842
0 0.0701172 0.175926 0.0653646 0.0486111
0 0.285417 0.0219039 0.0473958 0.0427662
0 0.0364258 0.102778 0.0494141 0.050463
0 0.207813 0.00416667 0.0265625 0.0068287
0 0.839583 0.0266782 0.0322917 0.0530093
