2 0.485938 0.533333 0.0885417 0.142593
1 0.904688 0.371991 0.0177083 0.0421296
3 0.841667 0.418519 0.316667 0.375926
0 0.905208 0.371759 0.0166667 0.0425926
1 0.905208 0.366667 0.0125 0.0296296
1 0.907812 0.368056 0.0114583 0.0319444
1 0.928125 0.368981 0.0229167 0.0462963
0 0.841667 0.418519 0.316667 0.375926
1 0.089974 0.77963 0.00572917 0.00925926
0 0.831771 0.249306 0.025 0.025463
1 0.904167 0.380093 0.015625 0.0259259
3 0.485938 0.533333 0.0885417 0.142593
2 0.485938 0.533333 0.0885417 0.142593
1 0.905208 0.371991 0.0166667 0.0421296
3 0.843229 0.4125 0.313542 0.376852
0 0.878125 0.310185 0.111458 0.169444
0 0.843229 0.4125 0.313542 0.376852
1 0.927083 0.369213 0.0229167 0.0467593
0 0.904688 0.371759 0.0166667 0.0416667
1 0.908854 0.369444 0.0166667 0.0421296
1 0.839583 0.410648 0.320833 0.375926
0 0.485938 0.533796 0.0885417 0.142593
1 0.0897135 0.779167 0.00677083 0.0111111
2 0.843229 0.4125 0.313542 0.376852
3 0.485938 0.533333 0.0885417 0.142593
0 0.830729 0.249537 0.0229167 0.0240741
2 0.485938 0.533333 0.0885417 0.142593
1 0.905208 0.371759 0.0166667 0.0425926
3 0.851042 0.427778 0.297917 0.411111
0 0.877083 0.310185 0.1125 0.169444
0 0.851042 0.427778 0.297917 0.411111
3 0.849479 0.514352 0.294792 0.277778
1 0.360938 0.00509259 0.00520833 0.00989583
0 0.905208 0.371759 0.0166667 0.0430556
1 0.904167 0.367361 0.0145833 0.0351852
2 0.851042 0.427778 0.297917 0.411111
0 0.485938 0.533333 0.0885417 0.142593
1 0.851042 0.419444 0.297917 0.387037
1 0.917708 0.587037 0.01875 0.0212963
2 0.354688 0.443981 0.040625 0.0564815
3 0.485938 0.533333 0.0885417 0.142593
1 0.927083 0.369907 0.021875 0.0462963
0 0.927083 0.368981 0.0229167 0.0472222
2 0.485938 0.533333 0.0885417 0.142593
1 0.905208 0.371759 0.0166667 0.0425926
0 0.878125 0.310185 0.116667 0.168981
3 0.851042 0.452315 0.297917 0.476852
1 0.904167 0.36713 0.0145833 0.0351852
1 0.335938 0.0126664 0.0114583 0.02432
1 0.360938 0.00510706 0.00520833 0.00957755
1 0.926042 0.37037 0.0208333 0.0453704
1 0.918229 0.586111 0.0166667 0.0203704
1 0.786458 0.0104745 0.00520833 0.0183449
1 0.78125 0.0194155 0.00416667 0.0191551
0 0.905208 0.371528 0.0166667 0.0425926
2 0.851042 0.452315 0.297917 0.476852
0 0.485938 0.533333 0.0885417 0.142593
0 0.851042 0.452315 0.297917 0.476852
2 0.485938 0.533333 0.0885417 0.142593
1 0.905208 0.371759 0.0166667 0.0425926
0 0.878646 0.310185 0.116667 0.169444
3 0.850781 0.429109 0.298438 0.432523
1 0.360677 0.00509259 0.0046875 0.00928819
1 0.335938 0.0126085 0.0114583 0.0240885
1 0.904167 0.366667 0.0145833 0.0342593
1 0.927083 0.369444 0.0229167 0.0467593
0 0.850781 0.429109 0.298438 0.432523
1 0.917708 0.587037 0.0166667 0.0203704
2 0.850781 0.429109 0.298438 0.432523
0 0.905208 0.371528 0.0166667 0.0425926
1 0.910937 0.372685 0.0229167 0.0435185
1 0.850781 0.429109 0.298438 0.432523
2 0.485938 0.533333 0.0885417 0.142593
1 0.905208 0.371759 0.0166667 0.0425926
0 0.878125 0.310185 0.116667 0.169444
1 0.360417 0.00510706 0.00520833 0.00923032
1 0.335938 0.0125579 0.0114583 0.0239583
1 0.904167 0.365741 0.0145833 0.0333333
1 0.927083 0.369676 0.0229167 0.0462963
3 0.850521 0.442998 0.298958 0.458449
0 0.485938 0.533333 0.0885417 0.142593
1 0.917708 0.587037 0.0166667 0.0203704
0 0.905208 0.371759 0.0166667 0.0425926
2 0.485938 0.533333 0.0885417 0.142593
1 0.905208 0.371759 0.0166667 0.0425926
0 0.878646 0.310185 0.117708 0.17037
1 0.360417 0.00509259 0.00520833 0.00925926
1 0.904167 0.364815 0.0145833 0.0314815
1 0.335938 0.0125868 0.0114583 0.0240741
1 0.927083 0.369676 0.021875 0.0462963
0 0.485938 0.533333 0.0885417 0.142593
0 0.904688 0.371296 0.0166667 0.0435185
2 0.485938 0.533333 0.0885417 0.142593
1 0.904688 0.371759 0.0166667 0.0425926
0 0.878125 0.309954 0.117708 0.169907
1 0.360417 0.00512153 0.00520833 0.00925926
1 0.904167 0.364583 0.0145833 0.0305556
1 0.335938 0.0126157 0.0114583 0.0240741
1 0.927083 0.369676 0.021875 0.0462963
0 0.485938 0.533333 0.0885417 0.142593
0 0.904688 0.371296 0.0166667 0.0435185
2 0.485938 0.533333 0.0885417 0.142593
1 0.904688 0.371759 0.0166667 0.0425926
0 0.878125 0.309954 0.116667 0.169907
1 0.360417 0.005136 0.00520833 0.00914352
1 0.904167 0.364352 0.0145833 0.0296296
1 0.335938 0.0126447 0.0114583 0.0240162
1 0.927083 0.369676 0.021875 0.0462963
0 0.904688 0.371296 0.0166667 0.0435185
0 0.485938 0.533333 0.0885417 0.142593
2 0.485938 0.533333 0.0885417 0.142593
1 0.904688 0.371759 0.0166667 0.0425926
0 0.877083 0.309722 0.116667 0.17037
1 0.360417 0.00515046 0.00520833 0.00914352
1 0.904167 0.363889 0.0145833 0.0287037
1 0.927083 0.369676 0.021875 0.0458333
1 0.335938 0.0125868 0.0109375 0.0241319
0 0.904688 0.371296 0.0166667 0.0435185
0 0.485938 0.533333 0.0885417 0.142593
1 0.904688 0.371759 0.0166667 0.0425926
2 0.485938 0.533333 0.0885417 0.142593
0 0.877083 0.309722 0.115625 0.17037
1 0.360417 0.00516493 0.00520833 0.00920139
1 0.904688 0.363426 0.0145833 0.0277778
1 0.927083 0.369907 0.021875 0.0453704
1 0.335938 0.0125579 0.0109375 0.0240741
0 0.904688 0.371528 0.0166667 0.0430556
1 0.833333 0.248843 0.0291667 0.024537
0 0.485938 0.533333 0.0885417 0.142593
1 0.361458 0.00539641 0.0078125 0.00975116
1 0.904688 0.371759 0.0166667 0.0425926
2 0.485938 0.533333 0.0885417 0.142593
0 0.877083 0.309954 0.115625 0.169907
1 0.360417 0.00515046 0.00520833 0.00920139
1 0.904688 0.363426 0.0145833 0.0277778
0 0.485938 0.533333 0.0885417 0.142593
1 0.833333 0.248843 0.0291667 0.024537
0 0.904688 0.371528 0.0166667 0.0430556
1 0.335938 0.0115162 0.0104167 0.0230324
1 0.927083 0.369907 0.021875 0.0453704
0 0.751042 0.0566985 0.110417 0.110677
<<<<<<< HEAD
1 0.904688 0.371759 0.0166667 0.0425926
2 0.485938 0.533333 0.0885417 0.142593
1 0.360417 0.005136 0.00520833 0.00923032
1 0.904688 0.363426 0.0145833 0.0277778
0 0.877083 0.310185 0.116667 0.17037
1 0.833333 0.248611 0.0291667 0.0240741
0 0.485938 0.533333 0.0885417 0.142593
0 0.904688 0.371528 0.0166667 0.0430556
1 0.335938 0.0114873 0.0104167 0.0229745
1 0.927083 0.369907 0.021875 0.0453704
1 0.361458 0.00538194 0.0078125 0.00978009
0 0.360417 0.005136 0.00520833 0.00923032
0 0.751562 0.0564815 0.110417 0.109722
1 0.303125 0.0552662 0.00520833 0.0125
2 0.485938 0.533333 0.0885417 0.142593
1 0.904688 0.371759 0.0166667 0.0430556
1 0.360417 0.005136 0.00520833 0.00923032
1 0.904688 0.363426 0.0145833 0.0277778
0 0.877083 0.310185 0.116667 0.17037
1 0.833333 0.248843 0.0291667 0.0240741
0 0.904688 0.371759 0.0166667 0.0435185
0 0.360417 0.005136 0.00520833 0.00923032
1 0.927083 0.369907 0.021875 0.0453704
1 0.303125 0.0553241 0.00520833 0.0125
1 0.361458 0.00535301 0.0078125 0.00978009
0 0.485938 0.533333 0.0885417 0.142593
1 0.904688 0.371759 0.0166667 0.0425926
2 0.485938 0.533333 0.0885417 0.142593
1 0.360417 0.00515046 0.00520833 0.00928819
1 0.904688 0.36412 0.0145833 0.0291667
0 0.877083 0.310185 0.116667 0.17037
1 0.833333 0.248611 0.0291667 0.0240741
0 0.360417 0.00515046 0.00520833 0.00928819
0 0.904688 0.371528 0.0166667 0.0430556
1 0.927083 0.369907 0.021875 0.0449074
1 0.303125 0.0552662 0.00520833 0.0123843
1 0.361458 0.00538194 0.0078125 0.00983796
1 0.904167 0.377778 0.0145833 0.0324074
1 0.904688 0.371759 0.0166667 0.0425926
2 0.485938 0.533333 0.0885417 0.142593
1 0.360417 0.00515046 0.00520833 0.009375
1 0.904688 0.36412 0.0145833 0.0291667
0 0.876562 0.310185 0.114583 0.171296
1 0.833333 0.248611 0.0291667 0.0240741
0 0.360417 0.00515046 0.00520833 0.009375
1 0.904167 0.378241 0.0145833 0.0314815
1 0.303125 0.0552083 0.00520833 0.0123843
0 0.904688 0.371528 0.0166667 0.0430556
1 0.361458 0.00538194 0.0078125 0.00992477
2 0.485938 0.533333 0.0885417 0.142593
1 0.905208 0.371759 0.0166667 0.0425926
1 0.360417 0.0051794 0.00520833 0.00943287
1 0.904688 0.364352 0.0145833 0.0287037
0 0.877083 0.310185 0.114583 0.171296
1 0.833854 0.248611 0.0291667 0.0240741
1 0.904167 0.378241 0.0145833 0.0314815
0 0.360417 0.0051794 0.00520833 0.00943287
2 0.485938 0.533333 0.0885417 0.142593
1 0.904688 0.371759 0.0177083 0.0425926
1 0.360417 0.00515046 0.00520833 0.00949074
1 0.904688 0.363889 0.0145833 0.0282407
0 0.877083 0.310185 0.114583 0.171296
1 0.904167 0.378241 0.0145833 0.0314815
1 0.833854 0.248611 0.0291667 0.0240741
2 0.485938 0.533333 0.0885417 0.142593
1 0.904688 0.371991 0.0177083 0.0425926
1 0.360417 0.00515046 0.00520833 0.00949074
1 0.904167 0.363426 0.0145833 0.0273148
1 0.904167 0.378704 0.0145833 0.0310185
0 0.877083 0.310417 0.115625 0.170833
2 0.485677 0.533333 0.0880208 0.142593
1 0.905208 0.371991 0.0166667 0.0425926
1 0.360417 0.00515046 0.00520833 0.00954861
1 0.904167 0.363194 0.0145833 0.0268519
1 0.904167 0.378704 0.0145833 0.0305556
2 0.485938 0.533333 0.0885417 0.143519
1 0.904688 0.371991 0.0177083 0.0425926
1 0.360417 0.00515046 0.00520833 0.00960648
1 0.904167 0.363194 0.0135417 0.0268519
1 0.904167 0.379167 0.0145833 0.0305556
2 0.485938 0.533333 0.0885417 0.142593
1 0.904688 0.372222 0.0177083 0.0425926
1 0.360417 0.00516493 0.00520833 0.00966435
1 0.904167 0.363426 0.0135417 0.0273148
1 0.903646 0.37963 0.0145833 0.0296296
2 0.485938 0.533333 0.0885417 0.142593
1 0.904688 0.372222 0.0177083 0.0425926
1 0.360417 0.00516493 0.00520833 0.00969329
1 0.904167 0.363426 0.0135417 0.0277778
1 0.903646 0.37963 0.0145833 0.0296296
2 0.485938 0.533333 0.0885417 0.142593
1 0.904688 0.372222 0.0177083 0.0425926
1 0.360417 0.00515046 0.00520833 0.00972222
1 0.904167 0.363889 0.0135417 0.0287037
1 0.903646 0.380093 0.0145833 0.0287037
2 0.485938 0.533333 0.0885417 0.142593
1 0.904688 0.372222 0.0177083 0.0425926
1 0.904167 0.364352 0.0135417 0.0296296
1 0.360417 0.005136 0.00520833 0.00975116
1 0.903646 0.380093 0.0145833 0.0287037
2 0.485938 0.533333 0.0885417 0.142593
1 0.904688 0.372222 0.0177083 0.0425926
1 0.904167 0.364352 0.0135417 0.0296296
1 0.360417 0.00512153 0.00520833 0.00978009
1 0.903646 0.380093 0.0145833 0.0287037
=======
>>>>>>> eec1531f690f822f052659bede932c48623278fb
2 0.485938 0.533796 0.0885417 0.143519
1 0.904167 0.359259 0.0145833 0.0185185
1 0.904167 0.385648 0.015625 0.0157407
0 0.74375 0.0168403 0.084375 0.0327546
1 0.335677 0.0111762 0.00989583 0.0212818
0 0.354688 0.444907 0.0395833 0.0564815
1 0.873958 0.230324 0.0208333 0.00925926
1 0.905208 0.37037 0.015625 0.0388889
1 0.360938 0.00538194 0.00520833 0.00978009
2 0.486458 0.497222 0.0895833 0.0703704
0 0.873958 0.230324 0.0208333 0.00925926
0 0.705208 0.00172164 0.0104167 0.00344329
3 0.486979 0.533333 0.0864583 0.142593
0 0.738021 0 0.0760417 0
1 0.826042 0.25 0.0145833 0.0157407
1 0.909375 0.38287 0.025 0.0212963
0 0.360938 0.00538194 0.00520833 0.00978009
1 0.901042 0.38912 0.009375 0.0101852
1 0.829687 0.247917 0.0208333 0.0199074
2 0.485938 0.532407 0.0895833 0.142593
1 0.905208 0.371759 0.0166667 0.0421296
2 0.466667 0.533333 0.05 0.142593
1 0.879167 0.231019 0.0104167 0.00833333
2 0.486198 0.496296 0.0869792 0.0694444
1 0.299219 0.0584491 0.0145833 0.0178241
1 0.905208 0.358796 0.0145833 0.0171296
1 0.911458 0.370833 0.0291667 0.0435185
2 0.486979 0.53287 0.0885417 0.142593
1 0.904688 0.371065 0.0166667 0.0412037
1 0.871875 0.230093 0.025 0.00972222
1 0.297917 0.0584491 0.0166667 0.0194444
1 0.786458 0.00824653 0.00520833 0.0159144
0 0.872917 0.230556 0.025 0.0111111
1 0.360938 0.00549769 0.00520833 0.0105903
1 0.796875 0.0340278 0.00833333 0.0304398
1 0.270312 0.0439236 0.00677083 0.0122685
0 0.905208 0.371528 0.0166667 0.0412037
1 0.338542 0.0142361 0.0182292 0.0275463
1 0.8 0.0369502 0.0125 0.0289931
1 0.269271 0.0405093 0.00729167 0.0195602
1 0.876562 0.231944 0.0291667 0.0148148
1 0.830208 0.247222 0.025 0.0194444
2 0.485938 0.532407 0.0875 0.140741
1 0.905208 0.371528 0.0166667 0.0416667
1 0.904688 0.359722 0.0145833 0.0189815
1 0.360677 0.00523727 0.00520833 0.00960648
0 0.905208 0.371759 0.0166667 0.0416667
2 0.486979 0.496296 0.0864583 0.0685185
2 0.486458 0.533333 0.0895833 0.14537
1 0.905208 0.370833 0.0166667 0.0435185
1 0.905208 0.359954 0.0145833 0.0208333
3 0.485938 0.533333 0.0885417 0.147222
1 0.904688 0.380324 0.0166667 0.0259259
0 0.485938 0.533333 0.0885417 0.147222
2 0.485938 0.533333 0.0875 0.142593
1 0.905208 0.36713 0.0166667 0.0342593
1 0.905208 0.38125 0.0166667 0.0203704
1 0.905208 0.386806 0.0166667 0.0106481
0 0.905208 0.366667 0.015625 0.0333333
1 0.360677 0.00529514 0.0046875 0.00972222
0 0.867708 0.305556 0.0791667 0.162037
2 0.485677 0.533796 0.0890625 0.142593
1 0.215625 0.737037 0.0135417 0.0148148
1 0.213021 0.739815 0.01875 0.0203704
1 0.905208 0.371065 0.0145833 0.0435185
1 0.215755 0.731944 0.0135417 0.0203704
1 0.257682 0.7125 0.00598958 0.00925926
1 0.303125 0.40463 0.0177083 0.0361111
3 0.354688 0.444444 0.040625 0.0574074
1 0.361458 0.00562789 0.00729167 0.0112558
2 0.486198 0.533333 0.0880208 0.142593
1 0.360938 0.00516493 0.00625 0.0101562
1 0.905208 0.363426 0.015625 0.025
0 0.354688 0.444213 0.0416667 0.0569444
3 0.354688 0.443981 0.040625 0.0574074
0 0.905208 0.36713 0.015625 0.0324074
1 0.334375 0.00480324 0.00833333 0.00954861
2 0.485417 0.533333 0.0895833 0.142593
1 0.360938 0.0046875 0.00625 0.00931713
1 0.335417 0.0117043 0.0104167 0.0234086
1 0.361198 0.00873843 0.00729167 0.0170139
0 0.360677 0.00426794 0.00572917 0.00853588
2 0.485677 0.532407 0.0880208 0.140741
1 0.360677 0.00474537 0.00572917 0.00853588
1 0.905208 0.37037 0.0166667 0.0407407
2 0.485938 0.533333 0.0875 0.142593
1 0.905208 0.371528 0.0145833 0.0421296
1 0.360677 0.00512153 0.00572917 0.00969329
1 0.213932 0.739815 0.0161458 0.0185185
2 0.485417 0.533333 0.0885417 0.142593
1 0.905208 0.371296 0.015625 0.0435185
1 0.360417 0.00474537 0.00520833 0.00949074
0 0.360417 0.00474537 0.00520833 0.00949074
0 0.905208 0.371528 0.0166667 0.0430556
2 0.354688 0.44375 0.040625 0.0587963
0 0.35 0.0037037 0.090625 0.00740741
1 0.2125 0.739815 0.0177083 0.0203704
2 0.486198 0.533333 0.0880208 0.140741
1 0.905208 0.371759 0.015625 0.0425926
1 0.360677 0.0046875 0.00520833 0.00902778
3 0.354688 0.444907 0.040625 0.0555556
0 0.355208 0.44537 0.0395833 0.0583333
0 0.485938 0.532407 0.0885417 0.142593
3 0.486458 0.53287 0.0885417 0.142593
2 0.354688 0.444676 0.040625 0.0560185
3 0.90625 0.371296 0.0145833 0.0416667
2 0.486198 0.534259 0.0890625 0.142593
1 0.905208 0.371759 0.015625 0.0425926
1 0.360938 0.00481771 0.00520833 0.00865162
0 0.360938 0.00500579 0.00625 0.009375
1 0.334375 0.00564236 0.00625 0.00969329
1 0.825 0.249537 0.0145833 0.0152778
1 0.359375 0.00507812 0.00885417 0.00917245
2 0.485417 0.532407 0.0885417 0.142593
1 0.360677 0.00475984 0.00520833 0.00882523
1 0.335156 0.0106192 0.00833333 0.0200231
2 0.485417 0.533333 0.0885417 0.142593
1 0.905208 0.37037 0.0145833 0.0407407
1 0.360938 0.00491898 0.00520833 0.00925926
1 0.334896 0.00734954 0.00625 0.0131366
2 0.485938 0.533333 0.0875 0.144444
1 0.905208 0.3625 0.0145833 0.0240741
1 0.905208 0.368519 0.015625 0.037963
1 0.360417 0.00538194 0.00625 0.00989583
2 0.485938 0.533333 0.0885417 0.142593
1 0.360417 0.00489005 0.00625 0.00931713
1 0.334375 0.0052662 0.00729167 0.00925926
1 0.905208 0.363657 0.0145833 0.0287037
2 0.360677 0.00529514 0.00572917 0.00957755
0 0.360677 0.00529514 0.00572917 0.00957755
1 0.903125 0.360185 0.0125 0.0203704
2 0.485677 0.533333 0.0880208 0.142593
1 0.905208 0.37037 0.0145833 0.0416667
2 0.104557 0.866204 0.158594 0.267593
1 0.360938 0.00486111 0.00520833 0.00966435
1 0.905208 0.3625 0.0145833 0.025
2 0.485938 0.533333 0.0885417 0.142593
1 0.905208 0.369444 0.015625 0.037963
1 0.360938 0.00500579 0.00520833 0.009375
0 0.360677 0.00520833 0.00625 0.0100116
2 0.485938 0.533333 0.0885417 0.142593
1 0.905208 0.371759 0.015625 0.0425926
1 0.360938 0.00507812 0.00520833 0.00911458
2 0.104818 0.878704 0.160677 0.242593
0 0.360938 0.00546875 0.00520833 0.00943287
2 0.485938 0.53287 0.0875 0.142593
1 0.905208 0.371528 0.015625 0.0430556
1 0.360938 0.00565683 0.00625 0.00928819
2 0.485938 0.533333 0.0885417 0.142593
1 0.905208 0.371296 0.015625 0.0416667
1 0.360938 0.00506366 0.00625 0.00925926
2 0.485938 0.533333 0.0885417 0.142593
1 0.905208 0.369444 0.015625 0.0384259
1 0.360938 0.00519387 0.00625 0.00899884
2 0.485938 0.533333 0.0885417 0.143519
1 0.905208 0.371296 0.015625 0.0425926
1 0.360677 0.00530961 0.00625 0.00923032
2 0.485938 0.533333 0.0885417 0.143519
1 0.905208 0.371296 0.015625 0.0425926
1 0.360677 0.00529514 0.00625 0.00920139
