0 0.563281 0.399306 0.028125 0.0638889
0 0.442578 0.955556 0.04375 0.0888889
0 0.617188 0.31875 0.0203125 0.0430556
0 0.610937 0.199653 0.0203125 0.0479167
0 0.142383 0.295486 0.0488281 0.0319444
0 0.923437 0.00898437 0.01875 0.0179687
0 0.254297 0.938889 0.0492188 0.105556
1 0.957812 0.463889 0.015625 0.025
0 0.659375 0.359028 0.0101562 0.0145833
1 0.102734 0.872222 0.0142578 0.0375
1 0.139941 0.794444 0.0193359 0.0194444
0 0.260547 0.938889 0.0351562 0.0930556
1 0.0989258 0.865278 0.0232422 0.0527778
1 0.14082 0.794444 0.0148437 0.0166667
1 0.930469 0.466667 0.009375 0.0166667
0 0.982031 0.0177517 0.01875 0.0344618
0 0.157813 0.195833 0.00800781 0.0270833
1 0.659375 0.359028 0.0101562 0.0145833
0 0.353906 0.273611 0.0132813 0.0208333
0 0.972656 0.00967882 0.015625 0.0193576
0 0.0074707 0.151215 0.0101562 0.0239583
0 0.992188 0.0223958 0.0125 0.0447917
0 0.988281 0.0256944 0.0171875 0.0428819
0 0.659766 0.400694 0.0109375 0.0166667
1 0.957031 0.465972 0.01875 0.0305556
1 0.682422 0.248611 0.0132813 0.0284722
0 0.99375 0.0413628 0.0125 0.021441
1 0.443359 0.0470486 0.0101562 0.0243056
0 0.173242 0.194444 0.0257812 0.0305556
0 0.91875 0.00993924 0.028125 0.0198785
0 0.979688 0.0151042 0.03125 0.0302083
0 0.173535 0.188194 0.0208984 0.0368056
1 0.0961914 0.870139 0.0289063 0.0416667
0 0.465625 0.973611 0.021875 0.0527778
0 0.992188 0.0134983 0.015625 0.0269965
1 0.303516 0.867361 0.0109375 0.0125
0 0.667578 0.372222 0.0109375 0.0263889
1 0.958594 0.459375 0.01875 0.0347222
1 0.659766 0.400694 0.0109375 0.0166667
1 0.667578 0.372222 0.0109375 0.0263889
1 0.953125 0.463194 0.025 0.0291667
0 0.159961 0.191319 0.0128906 0.0336806
1 0.344531 0.4 0.00820312 0.0208333
0 0.425781 0.951389 0.0796875 0.0972222
1 0.570312 0.996181 0.009375 0.00763889
0 0.663672 0.365625 0.0179687 0.0277778
0 0.00517578 0.0187934 0.00830078 0.0162326
1 0.130664 0.797917 0.0320312 0.0208333
0 0.611328 0.194097 0.025 0.0625
0 0.915625 0.0397569 0.0109375 0.0196181
1 0.353906 0.273611 0.0132813 0.0208333
0 0.914062 0.0337674 0.009375 0.0178819
0 0.619531 0.31875 0.028125 0.0444444
0 0.682422 0.248611 0.0132813 0.0284722
1 0.0412598 0.825694 0.0325195 0.0236111
0 0.178076 0.194444 0.0149414 0.0229167
0 0.925 0.00562066 0.021875 0.0112413
0 0.0318848 0.130903 0.0102539 0.0201389
1 0.260547 0.938889 0.0351562 0.0930556
0 0.443359 0.0470486 0.0101562 0.0243056
1 0.945312 0.469444 0.0375 0.0277778
0 0.611328 0.278819 0.015625 0.0520833
1 0.157813 0.195833 0.00800781 0.0270833
0 0.00620117 0.141233 0.00830078 0.0387153
1 0.0941406 0.864583 0.03125 0.0541667
1 0.610156 0.199132 0.0203125 0.0486111
0 0.932813 0.0506076 0.015625 0.0276042
0 0.246289 0.963889 0.0339844 0.0583333
1 0.684375 0.249653 0.0125 0.0288194
1 0.0875977 0.434028 0.00859375 0.0180556
1 0.960938 0.454167 0.0203125 0.0319444
0 0.959375 0.00681424 0.009375 0.0136285
0 0.615625 0.254514 0.01875 0.15
0 0.626953 0.315278 0.0421875 0.0444444
1 0.617188 0.31875 0.0203125 0.0430556
0 0.942187 0.00807292 0.0171875 0.0161458
1 0.10166 0.873611 0.0265625 0.0361111
1 0.494922 0.263542 0.0078125 0.0173611
1 0.6875 0.244444 0.015625 0.0284722
1 0.253516 0.941667 0.0472656 0.102778
0 0.9625 0.0779514 0.009375 0.0194444
1 0.992188 0.0134983 0.015625 0.0269965
0 0.923437 0.0124349 0.021875 0.0248698
1 0.106836 0.85 0.0382813 0.0666667
1 0.68125 0.253819 0.0140625 0.0319444
0 0.91875 0.0093316 0.028125 0.0186632
1 0.900781 0.449306 0.0171875 0.0208333
0 0.6625 0.370486 0.015625 0.0319444
0 0.989062 0.0393229 0.021875 0.0243056
0 0.550781 0.400347 0.0546875 0.0694444
1 0.972656 0.00967882 0.015625 0.0193576
1 0.988281 0.0256944 0.0171875 0.0428819
1 0.6625 0.385417 0.0109375 0.0208333
0 0.6625 0.385417 0.0109375 0.0208333
1 0.442969 0.0590061 0.0109375 0.0465712
0 0.761719 0.154557 0.0171875 0.0603299
0 0.575 0.394444 0.05625 0.0625
0 0.0160156 0.155903 0.00966797 0.0138889
1 0.434766 0.043533 0.0117188 0.0275174
1 0.982031 0.0177517 0.01875 0.0344618
1 0.329688 0.41875 0.009375 0.0208333
0 0.957812 0.463889 0.015625 0.025
1 0.0318848 0.130903 0.0102539 0.0201389
1 0.173535 0.188194 0.0208984 0.0368056
1 0.929688 0.425694 0.0171875 0.0180556
0 0.878906 0.998611 0.220313 0.00277778
0 0.351172 0.271875 0.0195312 0.0208333
0 0.303516 0.867361 0.0109375 0.0125
0 0.914062 0.0223524 0.021875 0.0334201
0 0.439063 1 0.046875 0
0 0.800195 0.998611 0.252734 0.00277778
1 0.24375 0.968056 0.0289063 0.05
1 0.333203 0.139062 0.0101562 0.0190972
0 0.442578 1 0.0492188 0
1 0.99375 0.0413628 0.0125 0.021441
0 0.9125 0.0391493 0.015625 0.0210069
1 0.428516 0.217535 0.0117188 0.0180556
0 0.684375 0.249653 0.0125 0.0288194
1 0.691016 0.22691 0.0101562 0.0239583
0 0.661328 0.353819 0.0117188 0.0277778
0 0.842188 0.997917 0.251563 0.00416667
0 0.75625 0.998611 0.20625 0.00277778
1 0.563281 0.399306 0.028125 0.0638889
1 0.300977 0.868056 0.0171875 0.0125
1 0.933594 0.435417 0.0265625 0.025
1 0.992188 0.0223958 0.0125 0.0447917
1 0.272656 0.919444 0.0195312 0.05
1 0.914062 0.0337674 0.009375 0.0178819
1 0.663672 0.365625 0.0179687 0.0277778
1 0.442187 0.95625 0.0414063 0.0875
1 0.0337402 0.128993 0.0118164 0.0267361
0 0.6 0.309549 0.0515625 0.0614583
2 0.0412598 0.825694 0.0325195 0.0236111
0 0.808594 0.0483073 0.009375 0.015191
0 0.936328 0.999653 0.127344 0.000694444
0 0.564844 0.350694 0.0382813 0.157639
1 0.954687 0.447917 0.03125 0.0458333
0 0.903906 0.0204753 0.034375 0.0389106
0 0.246094 0.996528 0.0703125 0.00694444
0 0.324414 1 0.202734 0
0 0.0337402 0.128993 0.0118164 0.0267361
0 0.600781 0.211458 0.046875 0.0722222
1 0.129883 0.831944 0.0578125 0.0791667
0 0.79082 0.584028 0.418359 0.831944
0 0.442969 0.0590061 0.0109375 0.0465712
0 0.480469 0.261458 0.0140625 0.0194444
2 0.590625 0.525 0.246875 0.744444
0 0.965625 0.0817708 0.015625 0.0204861
0 0.511719 1 0.148438 0
1 0.48125 0.179514 0.00703125 0.0145833
0 0.490234 1 0.133594 0
1 0.124023 0.794444 0.0511719 0.0305556
3 0.0415039 0.827778 0.0369141 0.025
1 0.438281 0.0508247 0.0125 0.0466146
0 0.977344 0.0316732 0.04375 0.0569661
1 0.141992 0.294792 0.0503906 0.0302083
1 0.6625 0.370486 0.015625 0.0319444
1 0.14082 0.753472 0.0263672 0.0638889
2 0.0959961 0.206944 0.191992 0.413889
0 0.932813 0.131597 0.134375 0.263194
2 0.528516 0.629167 0.282031 0.741667
2 0.661719 0.650087 0.328125 0.673437
0 0.428516 0.217535 0.0117188 0.0180556
0 0.142383 0.286806 0.0507812 0.0458333
1 0.925 0.425347 0.01875 0.0159722
1 0.156836 0.734722 0.0148437 0.0305556
1 0.761719 0.153993 0.0171875 0.0586806
0 0.563281 0.399306 0.028125 0.0638889
0 0.442578 0.955556 0.04375 0.0888889
0 0.617188 0.31875 0.0203125 0.0430556
0 0.610937 0.199653 0.0203125 0.0482639
0 0.142383 0.295486 0.0488281 0.0319444
0 0.923437 0.00898437 0.01875 0.0179687
0 0.254297 0.938889 0.0492188 0.105556
1 0.957812 0.463889 0.015625 0.025
0 0.659375 0.359028 0.0101562 0.0145833
1 0.102734 0.872222 0.0142578 0.0388889
1 0.139941 0.794444 0.0193359 0.0194444
0 0.260156 0.938889 0.0359375 0.0944444
1 0.0988281 0.865278 0.0234375 0.0527778
1 0.14082 0.794444 0.0148437 0.0166667
1 0.930469 0.466667 0.009375 0.0166667
0 0.982031 0.0177843 0.01875 0.0345703
0 0.157813 0.195833 0.00800781 0.0270833
1 0.659375 0.359028 0.0101562 0.0145833
0 0.353906 0.273611 0.0132813 0.0208333
0 0.972656 0.00972222 0.015625 0.0194444
0 0.0074707 0.151345 0.0101562 0.0236979
0 0.992188 0.0223524 0.0125 0.0447049
0 0.988281 0.0256076 0.0171875 0.0428819
0 0.659375 0.400694 0.0109375 0.0166667
1 0.957031 0.465972 0.01875 0.0305556
1 0.682813 0.248611 0.0140625 0.0284722
0 0.99375 0.0414063 0.0125 0.0215278
1 0.443359 0.0471354 0.0101562 0.0241319
0 0.17334 0.194444 0.0255859 0.0305556
0 0.979688 0.0151476 0.03125 0.0302951
0 0.173535 0.188194 0.0208984 0.0368056
0 0.91875 0.00993924 0.028125 0.0198785
1 0.0961914 0.870139 0.0289063 0.0416667
0 0.465625 0.973611 0.021875 0.0527778
0 0.992188 0.0135417 0.015625 0.0270833
1 0.303516 0.867361 0.0109375 0.0125
0 0.667578 0.372222 0.0109375 0.0263889
1 0.958594 0.459375 0.01875 0.0347222
1 0.659375 0.400694 0.0109375 0.0166667
1 0.667578 0.372222 0.0109375 0.0263889
1 0.953125 0.463194 0.025 0.0291667
0 0.159961 0.191319 0.0128906 0.0336806
1 0.344531 0.4 0.00820312 0.0208333
0 0.425781 0.950694 0.0796875 0.0972222
1 0.570312 0.996181 0.009375 0.00763889
1 0.130859 0.798611 0.0320312 0.0222222
0 0.663672 0.365625 0.0179687 0.0277778
0 0.00517578 0.0188368 0.00830078 0.0161458
0 0.611328 0.194271 0.025 0.0628472
1 0.353906 0.273611 0.0132813 0.0208333
0 0.915625 0.0397569 0.0109375 0.0196181
0 0.914062 0.0337674 0.009375 0.0178819
1 0.0412598 0.825694 0.0325195 0.0236111
0 0.682813 0.248611 0.0140625 0.0284722
0 0.178076 0.194444 0.0149414 0.0229167
0 0.0319336 0.130903 0.0103516 0.0201389
0 0.925 0.00564236 0.021875 0.0112847
1 0.260156 0.938889 0.0359375 0.0944444
0 0.443359 0.0471354 0.0101562 0.0241319
1 0.945312 0.469444 0.0375 0.0277778
1 0.157813 0.195833 0.00800781 0.0270833
0 0.611328 0.278646 0.015625 0.0517361
1 0.0941406 0.864583 0.03125 0.0541667
0 0.00620117 0.141233 0.00830078 0.0387153
1 0.610547 0.199132 0.0195312 0.0486111
0 0.932813 0.050651 0.0140625 0.027691
0 0.246289 0.963889 0.0339844 0.0583333
1 0.0875977 0.434028 0.00859375 0.0180556
1 0.960938 0.454167 0.0203125 0.0326389
0 0.959375 0.00679253 0.009375 0.0135851
0 0.615625 0.254514 0.01875 0.15
0 0.626953 0.315278 0.0421875 0.0444444
1 0.617188 0.31875 0.0203125 0.0430556
1 0.10166 0.873611 0.0265625 0.0361111
0 0.942187 0.00802951 0.0171875 0.016059
1 0.494922 0.263542 0.0078125 0.0173611
1 0.253516 0.941667 0.0472656 0.102778
1 0.6875 0.244444 0.015625 0.0284722
1 0.992188 0.0135417 0.015625 0.0270833
0 0.9625 0.0779514 0.009375 0.0194444
0 0.923437 0.0124349 0.021875 0.0248698
1 0.106836 0.85 0.0382813 0.0666667
1 0.68125 0.253819 0.0140625 0.0319444
0 0.91875 0.0093099 0.028125 0.0186198
1 0.900781 0.449306 0.0171875 0.0208333
0 0.6625 0.370486 0.015625 0.0319444
0 0.989062 0.0392361 0.021875 0.0244792
0 0.550781 0.400347 0.0546875 0.0694444
1 0.972656 0.00972222 0.015625 0.0194444
1 0.988281 0.0256076 0.0171875 0.0428819
1 0.442969 0.0591146 0.0109375 0.0467014
1 0.6625 0.385417 0.0109375 0.0208333
0 0.6625 0.385417 0.0109375 0.0208333
0 0.761719 0.154557 0.0171875 0.0603299
0 0.575 0.394444 0.05625 0.0625
0 0.0160156 0.155903 0.00976562 0.0138889
1 0.434766 0.0435764 0.0117188 0.0276042
1 0.982031 0.0177843 0.01875 0.0345703
1 0.329688 0.41875 0.009375 0.0208333
0 0.957812 0.463889 0.015625 0.025
1 0.173535 0.188194 0.0208984 0.0368056
1 0.0319336 0.130903 0.0103516 0.0201389
1 0.929688 0.425694 0.0171875 0.0180556
0 0.878125 0.998611 0.221875 0.00277778
0 0.351367 0.271875 0.0195312 0.0208333
0 0.303516 0.867361 0.0109375 0.0125
0 0.439453 1 0.046875 0
0 0.799219 0.998611 0.253125 0.00277778
0 0.914062 0.0223524 0.021875 0.0334201
1 0.24375 0.968056 0.0289063 0.05
0 0.442578 1 0.0492188 0
1 0.333203 0.139062 0.0101562 0.0190972
1 0.99375 0.0414063 0.0125 0.0215278
0 0.9125 0.0391493 0.015625 0.0210069
1 0.428516 0.217535 0.0117188 0.0180556
1 0.691016 0.22691 0.0101562 0.0239583
0 0.75625 0.998611 0.20625 0.00277778
0 0.842383 0.997917 0.252734 0.00416667
1 0.563281 0.399306 0.028125 0.0638889
0 0.661328 0.353819 0.0117188 0.0277778
1 0.934375 0.435417 0.025 0.0243056
1 0.300977 0.868056 0.0171875 0.0125
1 0.992188 0.0223524 0.0125 0.0447049
1 0.272656 0.919444 0.0195312 0.05
1 0.914062 0.0337674 0.009375 0.0178819
1 0.0336914 0.128993 0.0119141 0.0267361
1 0.442187 0.95625 0.0414063 0.0875
2 0.0412598 0.825694 0.0325195 0.0236111
1 0.663672 0.365625 0.0179687 0.0277778
0 0.6 0.309375 0.0515625 0.0611111
0 0.936328 0.999653 0.127344 0.000694444
0 0.564844 0.350694 0.0382813 0.157639
0 0.808594 0.0483507 0.009375 0.0152778
1 0.954687 0.447917 0.03125 0.0458333
0 0.0336914 0.128993 0.0119141 0.0267361
0 0.324414 1 0.202734 0
0 0.903906 0.020497 0.034375 0.0390408
1 0.12998 0.831944 0.0576172 0.0791667
0 0.246094 0.996528 0.0703125 0.00694444
0 0.600781 0.211458 0.046875 0.0722222
0 0.442969 0.0591146 0.0109375 0.0467014
0 0.791016 0.583333 0.417969 0.833333
0 0.480469 0.261458 0.0140625 0.0194444
2 0.590625 0.524306 0.246875 0.745833
1 0.124023 0.794444 0.0511719 0.0305556
3 0.0414063 0.827778 0.0362305 0.025
0 0.511719 1 0.148438 0
0 0.965625 0.0817708 0.015625 0.0204861
0 0.490234 1 0.133594 0
1 0.48125 0.179514 0.00703125 0.0145833
1 0.141992 0.294792 0.0503906 0.0302083
1 0.438281 0.0509983 0.0132813 0.0469618
1 0.14082 0.754167 0.0265625 0.0638889
0 0.977344 0.0316406 0.04375 0.0572049
1 0.6625 0.370486 0.015625 0.0319444
2 0.0958984 0.206944 0.191797 0.413889
0 0.932813 0.131771 0.134375 0.263542
2 0.528125 0.627431 0.28125 0.745139
2 0.660937 0.648958 0.328125 0.675694
1 0.925 0.425347 0.01875 0.0159722
1 0.156836 0.734722 0.0146484 0.0305556
0 0.428516 0.217535 0.0117188 0.0180556
0 0.142383 0.286806 0.0507812 0.0458333
1 0.761719 0.153993 0.0171875 0.0586806
