0 0.138086 0.147396 0.203516 0.0961806
0 0.0638184 0.142361 0.0610352 0.0895833
1 0.84375 0.510417 0.009375 0.0416667
1 0.842969 0.500694 0.009375 0.0291667
1 0.844531 0.522917 0.0109375 0.025
0 0.167383 0.145833 0.1375 0.0913194
0 0.84375 0.510417 0.009375 0.0416667
0 0.434375 0.449306 0.040625 0.0180556
1 0.191016 0.439236 0.0078125 0.0173611
1 0.690625 0.469444 0.009375 0.0145833
0 0.135547 0.127431 0.202344 0.136111
0 0.0953369 0.952431 0.188232 0.0951389
0 0.18833 0.951389 0.368652 0.0972222
1 0.256445 0.441667 0.00546875 0.0125
1 0.188867 0.433333 0.00976562 0.0166667
0 0.427344 0.448611 0.025 0.0166667
0 0.163281 0.43125 0.0117188 0.0166667
1 0.842188 0.513542 0.0125 0.0388889
1 0.217773 0.146181 0.0289063 0.0829861
0 0.221484 0.145486 0.0414063 0.0892361
0 0.188867 0.433333 0.00976562 0.0166667
0 0.134961 0.952778 0.269922 0.0944444
0 0.842969 0.500694 0.009375 0.0291667
0 0.136914 0.168576 0.207422 0.154861
1 0.0962891 0.428472 0.009375 0.0166667
1 0.163281 0.43125 0.0117188 0.0166667
1 0.35293 0.445139 0.009375 0.0152778
0 0.690625 0.469444 0.009375 0.0145833
1 0.320508 0.442708 0.00585938 0.0131944
0 0.842188 0.513542 0.0125 0.0388889
1 0.687109 0.473611 0.00859375 0.0166667
1 0.685938 0.471875 0.0109375 0.0152778
1 0.222656 0.147049 0.0398437 0.0875
1 0.656641 0.465278 0.00625 0.0111111
0 0.844531 0.522917 0.0109375 0.025
0 0.98125 0.488889 0.00625 0.0138889
0 0.687109 0.473611 0.00859375 0.0166667
1 0.98125 0.488889 0.00625 0.0138889
0 0.0567871 0.950694 0.111621 0.0916667
0 0.00756836 0.890278 0.0112305 0.0222222
1 0.385938 0.449306 0.0109375 0.0194444
0 0.137598 0.248785 0.211523 0.319097
0 0.576563 1 0.170312 0
1 0.0660156 0.142882 0.0667969 0.0958333
1 0.942187 0.4875 0.0078125 0.0138889
0 0.191016 0.439236 0.0078125 0.0173611
0 0.320508 0.442708 0.00585938 0.0131944
0 0.530078 1 0.170312 0
1 0.407813 0.424306 0.0078125 0.0111111
0 0.453906 0.449653 0.0078125 0.0173611
0 0.656641 0.465278 0.00625 0.0111111
0 0.685938 0.471875 0.0109375 0.0152778
0 0.498828 1 0.158594 0
0 0.35293 0.445139 0.009375 0.0152778
0 0.469531 0.450694 0.034375 0.01875
0 0.0570313 0.140104 0.0449219 0.0836806
0 0.256445 0.441667 0.00546875 0.0125
0 0.143555 0.292708 0.248047 0.400694
1 0.15957 0.429861 0.00917969 0.0173611
1 0.427344 0.448611 0.025 0.0166667
0 0.0962891 0.428472 0.009375 0.0166667
0 0.317773 0.356944 0.580078 0.563194
1 0.191016 0.432639 0.00859375 0.0236111
1 0.223047 0.442361 0.009375 0.0125
0 0.41709 1 0.14082 0
1 0.388281 0.45 0.0125 0.0194444
0 0.442969 1 0.142188 0
1 0.227734 0.442361 0.0109375 0.0138889
0 0.628516 1 0.185156 0
0 0.385938 0.449306 0.0109375 0.0194444
0 0.180664 0.940972 0.361328 0.118056
1 0.225781 0.14375 0.0285156 0.0784722
1 0.135547 0.145486 0.202344 0.0958333
0 0.344922 1 0.146094 0
1 0.684375 0.486806 0.009375 0.0111111
0 0.185156 0.910417 0.370313 0.179167
0 0.371484 1 0.151562 0
0 0.221484 0.303646 0.403125 0.458681
0 0.792969 0.992361 0.348437 0.0152778
1 0.0303711 0.421875 0.0078125 0.0125
1 0.187305 0.439583 0.0144531 0.0152778
0 0.298438 0.998264 0.153125 0.00347222
0 0.942187 0.4875 0.0078125 0.0138889
0 0.755469 0.996875 0.221875 0.00625
0 0.480469 0.461458 0.598437 0.211111
0 0.939062 1 0.121875 0
0 0.16123 0.226345 0.273633 0.259115
1 0.840625 0.510417 0.01875 0.0402778
0 0.284766 0.995486 0.194531 0.00902778
0 0.532031 0.482639 0.604688 0.179167
0 0.728516 0.471528 0.0101562 0.0152778
0 0.132715 0.110937 0.242383 0.221875
0 0.694531 0.504861 0.528125 0.220833
0 0.321875 0.144444 0.592969 0.121181
0 0.6625 0.999306 0.215625 0.00138889
0 0.762109 0.474306 0.0125 0.0194444
0 0.180664 0.124653 0.316797 0.249306
0 0.42959 1 0.201758 0
0 0.465625 1 0.195312 0
1 0.16416 0.147049 0.155664 0.0892361
0 0.242969 0.952083 0.240234 0.0958333
0 0.388281 0.45 0.0125 0.0194444
0 0.953516 0.968056 0.0929687 0.0638889
0 0.388281 0.440278 0.01875 0.0263889
0 0.28125 0.909722 0.5625 0.180556
0 0.364062 0.440278 0.633594 0.255556
0 0.619434 0.498958 0.568945 0.163194
0 0.603906 1 0.203125 0
0 0.261914 0.379514 0.493359 0.4
0 0.229492 0.174653 0.400391 0.349306
1 0.166797 0.438889 0.0101562 0.0152778
0 0.252539 0.991667 0.273047 0.0166667
0 0.764453 0.51875 0.471094 0.211111
3 0.179248 0.147569 0.127441 0.0885417
1 0.159082 0.437847 0.00839844 0.01875
0 0.180273 0.347569 0.337891 0.470139
0 0.45625 0.502778 0.548437 0.208333
1 0.128418 0.428472 0.00917969 0.0152778
2 0.138281 0.236762 0.221094 0.351476
0 0.322266 0.261415 0.595312 0.340365
0 0.78457 0.284722 0.430859 0.569444
1 0.292188 0.443056 0.0101562 0.0125
0 0.00795898 0.913194 0.0125 0.0138889
3 0.138086 0.169271 0.212891 0.154861
0 0.250391 0.922222 0.500781 0.155556
2 0.480469 0.461458 0.598437 0.211111
0 0.138086 0.147396 0.203516 0.0961806
0 0.0638184 0.142274 0.0610352 0.0894097
1 0.84375 0.510417 0.009375 0.0416667
1 0.842969 0.500694 0.009375 0.0291667
1 0.844531 0.522917 0.0109375 0.025
0 0.16748 0.14579 0.137305 0.091059
0 0.84375 0.510417 0.009375 0.0416667
0 0.434375 0.449306 0.040625 0.0180556
1 0.191016 0.439236 0.0078125 0.0173611
1 0.690625 0.469444 0.009375 0.0145833
0 0.188232 0.951389 0.368066 0.0972222
0 0.0952881 0.952431 0.187939 0.0951389
0 0.135547 0.127431 0.202344 0.136111
1 0.256445 0.441667 0.00546875 0.0125
1 0.188867 0.433333 0.00976562 0.0166667
0 0.427344 0.448958 0.025 0.0166667
1 0.842188 0.513542 0.0125 0.0388889
0 0.163281 0.43125 0.0117188 0.0166667
1 0.217773 0.146181 0.0289063 0.0829861
0 0.133594 0.952778 0.267188 0.0944444
0 0.221484 0.145486 0.0414063 0.0892361
0 0.188867 0.433333 0.00976562 0.0166667
0 0.842969 0.500694 0.009375 0.0291667
0 0.136914 0.168403 0.207422 0.154861
1 0.0962891 0.428472 0.009375 0.0173611
1 0.163281 0.43125 0.0117188 0.0166667
1 0.35293 0.445139 0.009375 0.0152778
0 0.690625 0.469444 0.009375 0.0145833
1 0.320508 0.442708 0.00585938 0.0131944
0 0.842188 0.513542 0.0125 0.0388889
1 0.687109 0.473611 0.00859375 0.0166667
1 0.685938 0.471875 0.0109375 0.0152778
1 0.222656 0.147049 0.0398437 0.0875
1 0.656641 0.465278 0.00625 0.0111111
0 0.844531 0.522917 0.0109375 0.025
0 0.98125 0.488889 0.00625 0.0138889
1 0.98125 0.488889 0.00625 0.0138889
0 0.687109 0.473611 0.00859375 0.0166667
0 0.0567383 0.950694 0.111523 0.0916667
0 0.00756836 0.890278 0.0111816 0.0222222
1 0.385938 0.449306 0.0109375 0.0194444
0 0.1375 0.248958 0.211719 0.319444
0 0.576563 1 0.170312 0
1 0.0660156 0.142882 0.0667969 0.0958333
1 0.942187 0.4875 0.0078125 0.0138889
0 0.191016 0.439236 0.0078125 0.0173611
0 0.530469 1 0.170312 0
1 0.407813 0.424306 0.0078125 0.0111111
0 0.320508 0.442708 0.00585938 0.0131944
0 0.454297 0.449653 0.00859375 0.0173611
0 0.656641 0.465278 0.00625 0.0111111
0 0.685938 0.471875 0.0109375 0.0152778
0 0.498828 1 0.158594 0
0 0.469531 0.450694 0.034375 0.01875
0 0.35293 0.445139 0.009375 0.0152778
0 0.0570801 0.140104 0.0450195 0.0836806
0 0.256445 0.441667 0.00546875 0.0125
0 0.143555 0.292708 0.248047 0.400694
1 0.15957 0.429861 0.00917969 0.0173611
1 0.427344 0.448958 0.025 0.0166667
0 0.0962891 0.428472 0.009375 0.0173611
0 0.317773 0.357292 0.580078 0.563889
1 0.191016 0.432639 0.00859375 0.0236111
0 0.417578 1 0.141406 0
1 0.388281 0.45 0.0125 0.0194444
0 0.442871 1 0.142383 0
1 0.223047 0.442361 0.009375 0.0125
0 0.628906 1 0.185937 0
1 0.227734 0.442361 0.0113281 0.0138889
0 0.180859 0.940972 0.361719 0.118056
0 0.344922 1 0.146094 0
1 0.135547 0.145486 0.202344 0.0958333
1 0.225781 0.14375 0.0285156 0.0784722
0 0.385938 0.449306 0.0109375 0.0194444
1 0.684375 0.486806 0.009375 0.0111111
0 0.185352 0.911111 0.370703 0.177778
0 0.371094 1 0.151562 0
0 0.22207 0.303993 0.404297 0.460069
0 0.793555 0.992361 0.347266 0.0152778
1 0.0304688 0.421875 0.0078125 0.0125
0 0.298438 0.998264 0.153125 0.00347222
1 0.187305 0.439583 0.0144531 0.0152778
0 0.942187 0.4875 0.0078125 0.0138889
0 0.939062 1 0.121875 0
0 0.755469 0.996875 0.221875 0.00625
0 0.480469 0.4625 0.598437 0.208333
0 0.161133 0.226085 0.273828 0.258941
1 0.840625 0.510417 0.01875 0.0402778
0 0.285156 0.995486 0.195312 0.00902778
0 0.532129 0.483333 0.604492 0.176389
0 0.132617 0.111111 0.242578 0.222222
0 0.694922 0.504861 0.528906 0.220833
0 0.728516 0.471528 0.0101562 0.0152778
0 0.6625 0.999306 0.217187 0.00138889
0 0.321875 0.144358 0.592969 0.121007
0 0.42959 1 0.201758 0
0 0.180664 0.124826 0.316797 0.249653
0 0.762109 0.474306 0.0132813 0.0194444
0 0.465625 1 0.195312 0
0 0.243555 0.952083 0.239453 0.0958333
1 0.16416 0.147266 0.155664 0.0894965
0 0.953516 0.968056 0.0929687 0.0638889
0 0.281836 0.911111 0.563672 0.177778
0 0.364648 0.440278 0.633203 0.254861
0 0.388281 0.45 0.0125 0.0194444
0 0.603906 1 0.203125 0
0 0.387891 0.440278 0.01875 0.0270833
0 0.619629 0.498958 0.570117 0.161806
0 0.262305 0.379167 0.494141 0.4
0 0.252539 0.991667 0.273047 0.0166667
0 0.229687 0.175 0.400781 0.35
1 0.166797 0.438889 0.0101562 0.0152778
0 0.764453 0.51875 0.471094 0.211111
3 0.179102 0.147396 0.127734 0.0885417
1 0.159082 0.437847 0.00839844 0.01875
0 0.457031 0.502778 0.55 0.208333
0 0.180469 0.347222 0.338281 0.470833
1 0.128418 0.428472 0.00917969 0.0152778
2 0.138281 0.236762 0.221094 0.351476
0 0.322266 0.261285 0.595312 0.340625
0 0.783984 0.285069 0.432031 0.570139
1 0.292188 0.443403 0.0101562 0.0125
3 0.137988 0.169054 0.213086 0.154253
0 0.00795898 0.913194 0.0125 0.0138889
0 0.251172 0.922917 0.502344 0.154167
2 0.480469 0.4625 0.598437 0.208333
