0 0.247266 0.614236 0.0890625 0.0604167
0 0.100415 0.203299 0.0874512 0.0791667
0 0.271289 0.723611 0.08125 0.0638889
0 0.50625 0.172396 0.08125 0.0649306
0 0.451562 0.617361 0.0765625 0.0569444
0 0.598437 0.596528 0.075 0.0541667
0 0.971875 0.641667 0.05 0.0472222
0 0.93125 0.564931 0.059375 0.0493056
0 0.814062 0.382292 0.0625 0.0472222
0 0.859375 0.657639 0.065625 0.0555556
0 0.630078 0.478819 0.0679687 0.0520833
0 0.0155273 0.601736 0.0310547 0.0701389
0 0.817187 0.579167 0.059375 0.0555556
0 0.658203 0.688194 0.0578125 0.05
0 0.934375 0.463889 0.0546875 0.0472222
0 0.660156 0.695833 0.0625 0.0694444
0 0.942187 0.929167 0.115625 0.138889
0 0.951563 0.509028 0.0390625 0.0222222
0 0.00495605 0.663889 0.00991211 0.0222222
0 0.961719 0.928472 0.0765625 0.116667
0 0.00678711 0.732639 0.0128906 0.0680556
1 0.96875 0.404167 0.0125 0.0236111
1 0.778906 0.920833 0.0140625 0.025
1 0.778125 0.923611 0.0171875 0.025
1 0.106055 0.462847 0.0152344 0.0229167
1 0.951563 0.509028 0.0390625 0.0222222
0 0.992969 0.180035 0.0125 0.0194444
1 0.93125 0.566667 0.059375 0.0513889
1 0.741406 0.107813 0.009375 0.021875
0 0.0142334 0.556597 0.0284668 0.0243056
0 0.521875 0.190104 0.110937 0.114236
1 0.237891 0.726389 0.015625 0.0611111
1 0.716797 0.0472222 0.009375 0.0213542
1 0.268359 0.726389 0.0742188 0.0611111
1 0.295508 0.111198 0.0078125 0.0131944
1 0.779492 0.920833 0.0191406 0.0194444
1 0.992969 0.180035 0.0125 0.0194444
1 0.431641 0.242361 0.009375 0.0166667
1 0.845312 0.0701389 0.009375 0.0197917
1 0.657031 0.687674 0.0554687 0.046875
0 0.989062 0.179861 0.021875 0.0201389
0 0.0154541 0.574306 0.0309082 0.0680556
0 0.00646973 0.918056 0.0120605 0.0388889
0 0.9375 0.958333 0.053125 0.075
1 0.709766 0.0452257 0.0140625 0.0182292
2 0.926562 0.0162218 0.04375 0.0307509
0 0.96875 0.940278 0.0625 0.0916667
0 0.77793 0.530556 0.0410156 0.0194444
0 0.93125 0.577083 0.059375 0.0708333
1 0.659375 0.694444 0.059375 0.0638889
1 0.692969 0.0421441 0.009375 0.0158854
0 0.952344 0.507639 0.05 0.0236111
1 0.820312 0.579514 0.065625 0.0631944
0 0.972656 0.655556 0.0546875 0.0847222
0 0.521875 0.170139 0.110937 0.0652778
0 0.96875 0.404167 0.0125 0.0236111
0 0.939062 0.46875 0.0625 0.0625
1 0.964844 0.402778 0.021875 0.0236111
1 0.00495605 0.663889 0.00991211 0.0222222
1 0.857813 0.657639 0.0625 0.0555556
0 0.00683594 0.647222 0.0136719 0.0472222
1 0.244922 0.665278 0.0851562 0.0305556
0 0.985937 0.506597 0.028125 0.0256944
1 0.247266 0.727083 0.0328125 0.0638889
1 0.792188 0.160243 0.009375 0.0163194
1 0.446094 0.617708 0.065625 0.0590278
1 0.932813 0.464236 0.05 0.0465278
0 0.452344 0.596528 0.08125 0.1
1 0.710547 0.0395833 0.0164062 0.0232639
0 0.0243164 0.602778 0.046875 0.0666667
1 0.77793 0.530556 0.0410156 0.0194444
0 0.94375 0.947917 0.09375 0.0958333
0 0.778125 0.528472 0.0390625 0.0277778
0 0.248633 0.601736 0.0925781 0.0868056
1 0.989062 0.179861 0.021875 0.0201389
0 0.00615234 0.778472 0.00878906 0.0263889
1 0.630469 0.479861 0.0695312 0.05625
1 0.100415 0.203299 0.0874512 0.0791667
1 0.69375 0.0373264 0.0203125 0.0227431
2 0.915625 0.019401 0.06875 0.0388021
0 0.928125 0.953472 0.078125 0.0847222
0 0.0162109 0.630903 0.028418 0.129861
1 0.733203 0.581944 0.01875 0.0375
0 0.935938 0.963889 0.0421875 0.0638889
1 0.600781 0.480556 0.0164062 0.0513889
1 0.736328 0.108854 0.0132813 0.0208333
1 0.929688 0.572917 0.059375 0.0701389
0 0.0055542 0.685417 0.0111084 0.0305556
0 0.505859 0.148568 0.084375 0.109115
1 0.0156006 0.601389 0.0312012 0.0708333
0 0.0160156 0.614931 0.0320312 0.134028
1 0.730078 0.0684028 0.0101562 0.0166667
0 0.957812 0.135677 0.0125 0.0210069
1 0.70625 0.0907118 0.009375 0.0147569
1 0.742969 0.0934028 0.0078125 0.0197917
2 0.919531 0.0252604 0.059375 0.0459201
0 0.988281 0.551389 0.01875 0.0305556
0 0.992188 0.548958 0.0125 0.0340278
1 0.8 0.965972 0.021875 0.0333333
1 0.952344 0.507639 0.05 0.0236111
1 0.00646973 0.918056 0.0120605 0.0388889
2 0.923437 0.0331163 0.05625 0.0476562
1 0.896875 0.515972 0.0171875 0.0208333
0 0.939062 0.479514 0.06875 0.0798611
1 0.00615234 0.778472 0.00878906 0.0263889
0 0.017627 0.569792 0.0341797 0.138194
0 0.822656 0.601736 0.0734375 0.0729167
0 0.939844 0.976389 0.046875 0.0430556
1 0.248633 0.613194 0.0863281 0.0625
0 0.116211 0.9625 0.0453125 0.0388889
0 0.973437 0.689583 0.053125 0.144444
1 0.984375 0.334722 0.0109375 0.0125
0 0.0105469 0.706944 0.0196289 0.105556
0 0.994531 0.152778 0.0109375 0.0371528
1 0.835938 0.647917 0.096875 0.108333
1 0.957812 0.135677 0.0125 0.0210069
1 0.598437 0.595486 0.0734375 0.0541667
0 0.924219 0.0173611 0.05 0.0341146
0 0.00876465 0.893056 0.0163574 0.0277778
1 0.214844 0.660417 0.0226563 0.0402778
1 0.890625 0.113281 0.009375 0.0166667
1 0.99375 0.139583 0.009375 0.0298611
1 0.50625 0.172396 0.08125 0.0649306
0 0.779492 0.920833 0.0191406 0.0194444
0 0.106055 0.462847 0.0152344 0.0229167
1 0.771094 0.925 0.0375 0.0305556
1 0.732031 0.0887153 0.009375 0.0142361
0 0.295508 0.111198 0.0078125 0.0131944
0 0.971875 0.156597 0.053125 0.065625
0 0.992578 0.538889 0.0148437 0.0222222
0 0.599609 0.6125 0.08125 0.0930556
0 0.99375 0.139583 0.009375 0.0298611
1 0.776563 0.528472 0.0453125 0.0291667
0 0.851562 0.576389 0.132812 0.0527778
1 0.71875 0.156597 0.0109375 0.0166667
0 0.957031 0.911111 0.0859375 0.138889
0 0.741406 0.107813 0.009375 0.021875
1 0.744531 0.0710069 0.009375 0.0177083
2 0.925781 0.0445312 0.046875 0.0286458
0 0.84707 0.926389 0.302734 0.147222
1 0.103613 0.463194 0.0224609 0.0277778
0 0.8125 0.973611 0.05625 0.0472222
1 0.757812 0.567361 0.159375 0.102778
3 0.926562 0.0162218 0.04375 0.0307509
0 0.000415039 0.606944 0.000830078 0.145833
1 0.00654297 0.731944 0.0113281 0.0694444
0 0.709766 0.0452257 0.0140625 0.0182292
0 0.992188 0.824306 0.015625 0.0263889
0 0.661719 0.709722 0.0671875 0.0972222
0 0.228516 0.613194 0.0523437 0.0583333
0 0.247266 0.614236 0.0890625 0.0604167
0 0.100415 0.203299 0.0874512 0.0791667
0 0.271289 0.723611 0.08125 0.0638889
0 0.50625 0.172396 0.08125 0.0649306
0 0.451562 0.617361 0.0765625 0.0569444
0 0.598437 0.596528 0.075 0.0541667
0 0.971875 0.641667 0.05 0.0472222
0 0.93125 0.565278 0.059375 0.0486111
0 0.814062 0.382292 0.0625 0.0472222
0 0.859375 0.657639 0.065625 0.0555556
0 0.630078 0.478819 0.0679687 0.0520833
0 0.0155273 0.601389 0.0310547 0.0708333
0 0.817187 0.579167 0.059375 0.0555556
0 0.658203 0.688194 0.0578125 0.05
0 0.934375 0.463889 0.0546875 0.0472222
0 0.660156 0.695833 0.0625 0.0694444
0 0.942187 0.929167 0.115625 0.138889
0 0.951563 0.509375 0.0390625 0.0229167
0 0.00495605 0.663889 0.00991211 0.0222222
0 0.961719 0.928472 0.0765625 0.116667
0 0.00678711 0.733333 0.0128418 0.0694444
1 0.96875 0.404167 0.0125 0.0236111
1 0.778906 0.920833 0.0140625 0.025
1 0.778125 0.923611 0.0171875 0.025
1 0.106055 0.462847 0.0152344 0.0229167
1 0.951563 0.509375 0.0390625 0.0229167
0 0.992969 0.179861 0.0125 0.0194444
1 0.93125 0.566667 0.059375 0.0513889
1 0.741406 0.107813 0.009375 0.021875
0 0.0142578 0.556597 0.0285156 0.0243056
1 0.237891 0.726389 0.015625 0.0611111
0 0.521875 0.190104 0.110937 0.114236
1 0.716797 0.0472222 0.009375 0.0213542
1 0.268359 0.726389 0.0742188 0.0611111
1 0.295508 0.111285 0.0078125 0.0131944
1 0.779492 0.920833 0.0191406 0.0194444
1 0.992969 0.179861 0.0125 0.0194444
1 0.845312 0.0701389 0.009375 0.0197917
1 0.431641 0.242361 0.009375 0.0166667
1 0.657031 0.688194 0.0554687 0.0472222
0 0.989062 0.179861 0.021875 0.0201389
0 0.0154785 0.574653 0.030957 0.06875
0 0.00649414 0.918056 0.0121094 0.0388889
0 0.9375 0.958333 0.053125 0.075
1 0.709766 0.0452257 0.0140625 0.0184028
2 0.926562 0.016276 0.04375 0.0309028
0 0.96875 0.940278 0.0625 0.0916667
0 0.778125 0.530556 0.0421875 0.0194444
0 0.93125 0.577083 0.059375 0.0708333
1 0.659375 0.694444 0.059375 0.0638889
1 0.692969 0.0421441 0.009375 0.0158854
0 0.953125 0.507639 0.05 0.0236111
1 0.820312 0.579514 0.065625 0.0631944
0 0.972656 0.655556 0.0546875 0.0847222
0 0.521875 0.170139 0.110937 0.0652778
0 0.96875 0.404167 0.0125 0.0236111
1 0.964844 0.402778 0.021875 0.0236111
0 0.939062 0.46875 0.0625 0.0625
1 0.00495605 0.663889 0.00991211 0.0222222
1 0.857813 0.657639 0.0625 0.0555556
1 0.244922 0.665278 0.0851562 0.0305556
0 0.00686035 0.646875 0.0137207 0.0479167
0 0.985937 0.506597 0.028125 0.0256944
1 0.24707 0.727083 0.0328125 0.0638889
1 0.446094 0.617708 0.065625 0.0590278
1 0.792188 0.160417 0.009375 0.0166667
1 0.932813 0.464236 0.05 0.0465278
0 0.452344 0.596528 0.08125 0.1
1 0.710547 0.0395833 0.0164062 0.0232639
0 0.024292 0.602778 0.0469238 0.0666667
1 0.778125 0.530556 0.0421875 0.0194444
0 0.94375 0.947917 0.0953125 0.0958333
0 0.778125 0.528472 0.0390625 0.0277778
0 0.248633 0.602083 0.0925781 0.0861111
1 0.989062 0.179861 0.021875 0.0201389
1 0.630469 0.479861 0.0695312 0.05625
0 0.00612793 0.778472 0.00883789 0.0263889
1 0.100415 0.203299 0.0874512 0.0791667
1 0.69375 0.0373264 0.0203125 0.0227431
0 0.928125 0.953472 0.078125 0.0847222
2 0.915625 0.019401 0.06875 0.0388021
0 0.0162109 0.630903 0.028418 0.129861
0 0.935938 0.963889 0.0421875 0.0638889
1 0.733203 0.581944 0.01875 0.0375
1 0.600781 0.480556 0.0164062 0.0513889
1 0.736328 0.108854 0.0132813 0.0208333
1 0.929688 0.572917 0.059375 0.0701389
0 0.505859 0.148568 0.084375 0.109115
0 0.00554199 0.685417 0.011084 0.0305556
1 0.0156006 0.601389 0.0312012 0.0708333
0 0.0160156 0.614583 0.0320312 0.133333
0 0.957812 0.135677 0.0125 0.0210069
1 0.730078 0.0684028 0.0101562 0.0166667
1 0.70625 0.0907118 0.009375 0.0147569
1 0.742969 0.093316 0.0078125 0.0199653
2 0.919531 0.0251302 0.059375 0.0457465
1 0.8 0.965972 0.021875 0.0333333
0 0.988281 0.551389 0.01875 0.0305556
0 0.992188 0.549306 0.0125 0.0347222
1 0.953125 0.507639 0.05 0.0236111
1 0.00649414 0.918056 0.0121094 0.0388889
2 0.922656 0.0328885 0.0578125 0.0479384
1 0.896875 0.515972 0.0171875 0.0208333
0 0.939062 0.479514 0.06875 0.0798611
1 0.00612793 0.778472 0.00883789 0.0263889
0 0.0176025 0.570139 0.0341309 0.1375
1 0.248633 0.613194 0.0863281 0.0625
0 0.939844 0.976389 0.046875 0.0430556
0 0.822656 0.602083 0.0734375 0.0722222
0 0.116211 0.9625 0.0453125 0.0388889
0 0.973437 0.689583 0.053125 0.144444
1 0.984375 0.334722 0.0109375 0.0125
1 0.957812 0.135677 0.0125 0.0210069
0 0.994531 0.152604 0.0109375 0.0371528
1 0.835938 0.647917 0.096875 0.106944
0 0.924219 0.0174045 0.05 0.0342014
0 0.0106445 0.706944 0.0197266 0.105556
1 0.598437 0.595486 0.0734375 0.0541667
1 0.99375 0.139583 0.009375 0.0298611
1 0.890625 0.113281 0.009375 0.0166667
1 0.214844 0.660417 0.0226563 0.0402778
0 0.00878906 0.893056 0.0164062 0.0277778
1 0.50625 0.172396 0.08125 0.0649306
0 0.779492 0.920833 0.0191406 0.0194444
1 0.771094 0.925694 0.0375 0.0319444
0 0.106055 0.462847 0.0152344 0.0229167
1 0.732031 0.0888021 0.009375 0.0142361
0 0.295508 0.111285 0.0078125 0.0131944
0 0.971875 0.156641 0.0546875 0.0658854
0 0.992578 0.538889 0.0148437 0.0222222
0 0.599609 0.6125 0.08125 0.0930556
0 0.851562 0.576389 0.132812 0.0527778
0 0.99375 0.139583 0.009375 0.0298611
1 0.776758 0.528472 0.0464844 0.0291667
0 0.957031 0.911111 0.0859375 0.138889
1 0.71875 0.156424 0.0109375 0.0166667
1 0.744531 0.0710069 0.00859375 0.0177083
0 0.84707 0.926389 0.302734 0.147222
0 0.741406 0.107813 0.009375 0.021875
2 0.925781 0.0442708 0.046875 0.0288194
1 0.103613 0.463194 0.0224609 0.0277778
0 0.8125 0.973611 0.05625 0.0472222
3 0.926562 0.016276 0.04375 0.0309028
0 0.000415039 0.606944 0.000830078 0.145833
1 0.757031 0.567361 0.160938 0.103472
1 0.00649414 0.731944 0.0113281 0.0694444
0 0.661719 0.709722 0.0671875 0.0972222
0 0.992188 0.824306 0.015625 0.0263889
0 0.709766 0.0452257 0.0140625 0.0184028
