0 0.884375 0.315799 0.0734375 0.0864583
0 0.867188 0.626389 0.053125 0.0638889
0 0.255078 0.019184 0.0203125 0.0373264
1 0.238086 0.757639 0.015625 0.0208333
0 0.238281 0.756944 0.0148437 0.0222222
0 0.397656 0.979167 0.0203125 0.0361111
1 0.951563 0.0689236 0.015625 0.0246528
1 0.405469 0.462847 0.00859375 0.0173611
0 0.878125 0.986806 0.0390625 0.0263889
1 0.459766 0.152257 0.0101562 0.028125
0 0.398828 0.972222 0.0304688 0.0527778
1 0.238086 0.754167 0.0121094 0.025
1 0.344531 0.868056 0.00625 0.0138889
0 0.238086 0.754167 0.0121094 0.025
1 0.458984 0.172569 0.009375 0.0347222
0 0.405469 0.462847 0.00859375 0.0173611
1 0.255469 0.600694 0.0109375 0.0152778
0 0.459766 0.152257 0.0101562 0.028125
0 0.405469 0.971528 0.053125 0.0527778
0 0.458984 0.172569 0.009375 0.0347222
1 0.459375 0.141753 0.0109375 0.0269097
0 0.459375 0.141753 0.0109375 0.0269097
1 0.878125 0.986806 0.0390625 0.0263889
0 0.0218018 0.042372 0.0436035 0.076888
0 0.0749023 1 0.148242 0
1 0.320898 0.582292 0.0125 0.0152778
0 0.255469 0.0194444 0.03125 0.0388889
0 0.259375 0.0190104 0.0324219 0.0380208
1 0.292969 0.934722 0.0078125 0.0166667
0 0.000683594 0.900694 0.00136719 0.198611
0 0.251172 0.0219184 0.0335938 0.0368056
1 0.884375 0.316667 0.06875 0.0819444
1 0.458984 0.161111 0.0101562 0.0340278
0 0.107422 0.0977431 0.214844 0.195486
1 0.953125 0.0596354 0.015625 0.0394097
1 0.866406 0.626389 0.0515625 0.0673611
0 0.526953 1 0.172656 0
0 0.392969 0.983333 0.0304688 0.0305556
0 0.573828 1 0.207031 0
0 0.0453125 0.0528646 0.090625 0.100521
0 0.86875 0.327778 0.040625 0.0631944
0 0.00117188 0.688889 0.00234375 0.290278
0 0.255469 0.600694 0.0109375 0.0152778
0 0.630469 1 0.225 0
0 0.951563 0.0689236 0.015625 0.0246528
0 0.0269043 0.786111 0.0342773 0.0333333
0 0.344531 0.868056 0.00625 0.0138889
0 0.0635742 0.0614583 0.127148 0.117014
0 0.00610352 0.0201823 0.012207 0.0384549
0 0.784375 1 0.179688 0
0 0.0132813 0.779167 0.0228516 0.0333333
1 0.420703 0.781944 0.0132813 0.025
1 0.99375 0.134201 0.0125 0.0277778
2 0.838281 0.467014 0.323438 0.563194
2 0.850391 0.571181 0.299219 0.465972
0 0.99375 0.134201 0.0125 0.0277778
0 0.14502 0.7375 0.290039 0.525
0 0.272852 0.0195747 0.0257812 0.0389757
0 0.193359 0.705382 0.386719 0.589236
0 0.182617 0.74184 0.365234 0.516319
0 0.0142578 0.0398003 0.0285156 0.0551215
0 0.292969 0.934722 0.0078125 0.0166667
0 0.0882813 1 0.176563 0
2 0.869727 0.631597 0.260547 0.39375
2 0.900781 0.667361 0.198437 0.404167
0 0.049707 0.667361 0.0994141 0.665278
0 0.886719 0.285764 0.078125 0.15
0 0.884375 0.315799 0.0734375 0.0864583
0 0.867188 0.626389 0.053125 0.0638889
0 0.255078 0.0191732 0.0203125 0.0373481
1 0.238086 0.757639 0.015625 0.0208333
0 0.238281 0.756944 0.0148437 0.0222222
0 0.397656 0.979167 0.0203125 0.0361111
1 0.951563 0.0688368 0.015625 0.0244792
1 0.405469 0.462847 0.00859375 0.0173611
0 0.878125 0.986806 0.0390625 0.0263889
1 0.459766 0.152127 0.0101562 0.0283854
0 0.399219 0.972222 0.03125 0.0527778
1 0.238086 0.754167 0.0121094 0.025
1 0.344531 0.868056 0.00625 0.0138889
0 0.238086 0.754167 0.0121094 0.025
1 0.458984 0.172569 0.009375 0.0347222
0 0.405469 0.462847 0.00859375 0.0173611
1 0.255469 0.600694 0.0109375 0.0152778
0 0.459766 0.152127 0.0101562 0.0283854
0 0.458984 0.172569 0.009375 0.0347222
0 0.405469 0.971528 0.053125 0.0527778
1 0.459375 0.141753 0.0109375 0.0269097
0 0.459375 0.141753 0.0109375 0.0269097
0 0.0218506 0.0424045 0.0437012 0.0769965
1 0.878125 0.986806 0.0390625 0.0263889
0 0.0748047 1 0.148047 0
1 0.320898 0.582292 0.0125 0.0152778
0 0.255469 0.0194444 0.03125 0.0388889
0 0.259375 0.0190321 0.0324219 0.0380642
1 0.292969 0.934722 0.0078125 0.0166667
0 0.000683594 0.900694 0.00136719 0.198611
0 0.251172 0.0219184 0.0335938 0.0367187
1 0.884375 0.316667 0.06875 0.0819444
1 0.458984 0.161285 0.0101562 0.0340278
0 0.10752 0.0977431 0.215039 0.195486
1 0.953125 0.0595486 0.015625 0.0394097
1 0.866406 0.626389 0.0515625 0.0673611
0 0.526953 1 0.172656 0
0 0.573828 1 0.207031 0
0 0.392969 0.983333 0.0304688 0.0305556
0 0.0453613 0.052908 0.0907227 0.100434
0 0.869531 0.327778 0.040625 0.0631944
0 0.00118408 0.688889 0.00236816 0.290278
0 0.630469 1 0.225 0
0 0.255469 0.600694 0.0109375 0.0152778
0 0.951563 0.0688368 0.015625 0.0244792
0 0.0269043 0.786111 0.034375 0.0333333
0 0.344531 0.868056 0.00625 0.0138889
0 0.0636719 0.0616102 0.127344 0.117057
0 0.784375 1 0.179688 0
0 0.00612793 0.0202257 0.0122559 0.0385417
0 0.0134521 0.779861 0.0231934 0.0333333
1 0.99375 0.134201 0.0125 0.0277778
1 0.420703 0.781944 0.0132813 0.0263889
2 0.838281 0.467014 0.323438 0.563194
2 0.850391 0.571528 0.299219 0.465278
0 0.99375 0.134201 0.0125 0.0277778
0 0.144727 0.7375 0.289453 0.525
0 0.272656 0.0196181 0.0257812 0.0389757
0 0.182227 0.741319 0.364453 0.517361
0 0.193359 0.705556 0.386719 0.588889
0 0.0882813 1 0.176563 0
0 0.0142578 0.0398003 0.0285156 0.0551215
0 0.292969 0.934722 0.0078125 0.0166667
2 0.869531 0.63125 0.260938 0.393056
0 0.0496094 0.667361 0.0992187 0.665278
2 0.900781 0.667361 0.198437 0.404167
0 0.886719 0.285937 0.078125 0.149653
0 0.111523 0.683333 0.223047 0.633333
