0 0.846094 0.760417 0.107813 0.0777778
0 0.732813 0.870833 0.209375 0.127778
0 0.703125 0.872917 0.159375 0.113889
1 0.848437 0.511111 0.015625 0.0444444
0 0.685156 0.867361 0.123438 0.101389
1 0.847656 0.499653 0.0125 0.0256944
0 0.800195 0.883333 0.0808594 0.108333
0 0.701563 0.873611 0.126563 0.0944444
1 0.850781 0.516667 0.0140625 0.0416667
1 0.6875 0.474306 0.00859375 0.0208333
1 0.685156 0.472222 0.0109375 0.0166667
1 0.730078 0.470139 0.0078125 0.0152778
0 0.189258 0.431944 0.00820312 0.0152778
1 0.352734 0.445833 0.009375 0.0125
0 0.0977539 0.956944 0.191211 0.0861111
1 0.689453 0.474653 0.0109375 0.0222222
0 0.6875 0.474306 0.00859375 0.0208333
0 0.194727 0.954861 0.377734 0.0902778
0 0.807813 0.850694 0.0625 0.0361111
0 0.8125 0.894444 0.05625 0.0833333
1 0.320117 0.430903 0.00625 0.0208333
1 0.845312 0.515278 0.01875 0.0416667
1 0.319727 0.438194 0.00664063 0.0194444
1 0.944531 0.490278 0.0109375 0.0152778
0 0.352734 0.445833 0.009375 0.0125
1 0.189258 0.431944 0.00820312 0.0152778
1 0.453906 0.450694 0.009375 0.0194444
0 0.435547 0.449653 0.0429688 0.0215278
1 0.766406 0.473611 0.009375 0.0180556
0 0.319727 0.438194 0.00664063 0.0194444
0 0.159766 0.43125 0.0230469 0.0138889
0 0.453906 0.450694 0.009375 0.0194444
0 0.848437 0.511111 0.015625 0.0444444
1 0.190625 0.438194 0.00859375 0.0194444
0 0.846875 0.74375 0.110937 0.111111
0 0.446875 0.45 0.021875 0.0201389
1 0.686328 0.480208 0.0125 0.0291667
1 0.85 0.759722 0.10625 0.075
0 0.320117 0.430903 0.00625 0.0208333
0 0.074707 0.959028 0.138281 0.0819444
0 0.730078 0.470139 0.0078125 0.0152778
1 0.689062 0.481944 0.0117188 0.0333333
0 0.655078 0.863889 0.0617188 0.0958333
0 0.728906 0.854167 0.235938 0.0930556
1 0.799219 0.884722 0.084375 0.105556
0 0.825 0.901389 0.03125 0.0666667
1 0.383984 0.459722 0.0109375 0.0180556
1 0.407031 0.425694 0.0078125 0.0125
1 0.19082 0.429861 0.00898437 0.0194444
0 0.81875 0.898611 0.0421875 0.0722222
0 0.340234 1 0.139844 0
0 0.0106201 0.421528 0.0209961 0.0125
0 0.735156 0.902778 0.21875 0.194444
0 0.363867 1 0.137891 0
1 0.221484 0.443403 0.00742187 0.0125
1 0.284375 0.44375 0.0109375 0.0104167
0 0.284375 0.44375 0.0109375 0.0104167
1 0.384375 0.451736 0.0109375 0.0180556
1 0.807813 0.850694 0.0625 0.0361111
1 0.871094 0.758333 0.0625 0.0666667
0 0.12168 0.428472 0.00859375 0.0152778
0 0.847656 0.499653 0.0125 0.0256944
0 0.377734 1 0.190625 0
0 0.464844 1 0.134375 0
1 0.834375 0.490972 0.009375 0.0138889
0 0.153906 0.430903 0.0105469 0.01875
0 0.850781 0.516667 0.0140625 0.0416667
0 0.287695 0.435069 0.00976562 0.0145833
1 0.738281 0.833333 0.0265625 0.0305556
1 0.775 0.882639 0.121875 0.1125
0 0.305469 0.997917 0.171875 0.00416667
1 0.169336 0.646528 0.00742187 0.0138889
0 0.408984 1 0.1375 0
0 0.221875 0.927778 0.43125 0.144444
1 0.287695 0.435069 0.00976562 0.0145833
0 0.190625 0.438194 0.00859375 0.0194444
0 0.0929687 0.427083 0.009375 0.0138889
1 0.590625 0.464931 0.0109375 0.0125
1 0.732813 0.850694 0.0546875 0.0666667
0 0.685156 0.472222 0.0109375 0.0166667
2 0.731641 0.904861 0.217969 0.190278
0 0.437891 1 0.142969 0
1 0.763281 0.473611 0.009375 0.0222222
0 0.186523 0.9375 0.373047 0.125
0 0.221484 0.443403 0.00742187 0.0125
0 0.199219 0.888889 0.398438 0.222222
0 0.315234 0.435069 0.0117188 0.0180556
0 0.19082 0.429861 0.00898437 0.0194444
1 0.845312 0.469444 0.009375 0.0152778
0 0.763281 0.473611 0.009375 0.0222222
1 0.851562 0.515972 0.03125 0.05
0 0.798633 0.897917 0.358984 0.155556
0 0.432031 0.437847 0.598437 0.239583
0 0.810156 0.913194 0.379687 0.173611
0 0.00717773 0.894444 0.0135742 0.0277778
0 0.416797 1 0.207813 0
0 0.766406 0.473611 0.009375 0.0180556
1 0.734766 0.878472 0.196094 0.116667
0 0.286523 0.890278 0.573047 0.219444
2 0.729688 0.877778 0.225 0.15
2 0.798633 0.897917 0.358984 0.155556
0 0.280273 0.995486 0.229297 0.00902778
0 0.528906 0.470139 0.592188 0.195833
0 0.241211 0.992014 0.300391 0.0159722
0 0.524609 1 0.175 0
0 0.846094 0.760417 0.107813 0.0777778
0 0.732813 0.870833 0.209375 0.127778
0 0.703516 0.872917 0.160156 0.113889
1 0.848437 0.511111 0.015625 0.0444444
0 0.685156 0.867361 0.123438 0.101389
1 0.847656 0.499653 0.0125 0.0256944
0 0.8 0.883333 0.08125 0.108333
0 0.701563 0.873611 0.126563 0.0944444
1 0.850781 0.516667 0.0140625 0.0416667
1 0.6875 0.474306 0.00859375 0.0208333
1 0.685156 0.472222 0.0109375 0.0166667
1 0.730078 0.470139 0.0078125 0.0152778
0 0.189258 0.431944 0.00820312 0.0152778
1 0.352734 0.445833 0.009375 0.0125
0 0.0974853 0.956944 0.190576 0.0861111
1 0.689453 0.474653 0.0109375 0.0222222
0 0.6875 0.474306 0.00859375 0.0208333
0 0.194727 0.954861 0.377734 0.0902778
0 0.807813 0.850694 0.0625 0.0361111
0 0.8125 0.894444 0.05625 0.0833333
1 0.319922 0.43125 0.00625 0.0208333
1 0.845312 0.515278 0.01875 0.0416667
1 0.319727 0.438194 0.00664063 0.0194444
1 0.944531 0.489931 0.0109375 0.0152778
0 0.352734 0.445833 0.009375 0.0125
1 0.189258 0.431944 0.00820312 0.0152778
1 0.453906 0.450694 0.009375 0.0194444
0 0.435547 0.449653 0.0429688 0.0215278
1 0.766406 0.473611 0.009375 0.0180556
0 0.319727 0.438194 0.00664063 0.0194444
0 0.159766 0.43125 0.0230469 0.0138889
0 0.453906 0.450694 0.009375 0.0194444
0 0.848437 0.511111 0.015625 0.0444444
1 0.190625 0.438194 0.00859375 0.0194444
0 0.846875 0.74375 0.110937 0.111111
0 0.0745605 0.959028 0.137988 0.0819444
1 0.85 0.759722 0.10625 0.075
0 0.446875 0.45 0.021875 0.0201389
1 0.686328 0.480208 0.0125 0.0291667
0 0.319922 0.43125 0.00625 0.0208333
0 0.730078 0.470139 0.0078125 0.0152778
1 0.689062 0.481944 0.0117188 0.0333333
0 0.655078 0.863889 0.0617188 0.0958333
0 0.728516 0.854167 0.236719 0.0930556
1 0.798242 0.884722 0.0847656 0.105556
0 0.825 0.901389 0.03125 0.0666667
1 0.383984 0.459722 0.0109375 0.0180556
1 0.407031 0.425694 0.0078125 0.0125
1 0.19082 0.429861 0.00898437 0.0194444
0 0.81875 0.898611 0.0421875 0.0722222
0 0.340234 1 0.139844 0
0 0.0106201 0.421528 0.0210449 0.0125
0 0.735156 0.902778 0.21875 0.194444
0 0.364062 1 0.138281 0
1 0.221484 0.443056 0.00742187 0.0125
1 0.284375 0.44375 0.0109375 0.0104167
1 0.384375 0.451736 0.0109375 0.0180556
1 0.807813 0.850694 0.0625 0.0361111
0 0.12168 0.428472 0.00859375 0.0152778
0 0.284375 0.44375 0.0109375 0.0104167
1 0.871094 0.758333 0.0625 0.0666667
0 0.378027 1 0.19082 0
0 0.464844 1 0.134375 0
0 0.847656 0.499653 0.0125 0.0256944
1 0.834375 0.490972 0.009375 0.0138889
0 0.153906 0.430903 0.0105469 0.01875
0 0.850781 0.516667 0.0140625 0.0416667
0 0.287695 0.435069 0.00976562 0.0145833
1 0.738281 0.833333 0.0265625 0.0305556
1 0.774609 0.882639 0.122656 0.1125
0 0.305469 0.997917 0.171875 0.00416667
0 0.409473 1 0.137305 0
1 0.169336 0.646528 0.00742187 0.0138889
1 0.287695 0.435069 0.00976562 0.0145833
0 0.22207 0.928125 0.431641 0.14375
0 0.190625 0.438194 0.00859375 0.0194444
1 0.590625 0.464931 0.0109375 0.0125
0 0.0929687 0.427083 0.009375 0.0138889
1 0.732813 0.851389 0.0554687 0.0666667
0 0.685156 0.472222 0.0109375 0.0166667
0 0.437891 1 0.142969 0
2 0.731641 0.904861 0.217969 0.190278
0 0.186621 0.938194 0.373242 0.123611
1 0.763281 0.473611 0.0101562 0.0222222
0 0.199609 0.889583 0.399219 0.220833
0 0.221484 0.443056 0.00742187 0.0125
0 0.19082 0.429861 0.00898437 0.0194444
1 0.845312 0.469444 0.009375 0.0152778
0 0.315039 0.435069 0.0117188 0.0180556
1 0.851562 0.515972 0.03125 0.05
0 0.798633 0.897917 0.358984 0.155556
0 0.763281 0.473611 0.0101562 0.0222222
0 0.432422 0.438108 0.599219 0.239063
0 0.416797 1 0.207813 0
0 0.810156 0.913194 0.379687 0.173611
0 0.00725098 0.894444 0.0135742 0.0277778
0 0.766406 0.473611 0.009375 0.0180556
1 0.734766 0.878472 0.196094 0.116667
0 0.280469 0.995139 0.228906 0.00972222
0 0.287109 0.890972 0.574219 0.218056
0 0.529297 0.471181 0.592969 0.19375
2 0.729688 0.877083 0.225 0.15
2 0.798633 0.897917 0.358984 0.155556
0 0.241797 0.992014 0.299219 0.0159722
0 0.524219 1 0.175 0
0 0.057019 0.959722 0.0904541 0.0805556
