0 0.423828 0.665278 0.197656 0.211111
1 0.380469 0.024056 0.0179687 0.039388
1 0.871094 0.945833 0.0296875 0.0569444
1 0.992969 0.190972 0.0140625 0.0277778
1 0.844531 0.876389 0.0203125 0.0416667
1 0.864062 0.940972 0.021875 0.0388889
1 0.973437 0.221528 0.021875 0.0267361
1 0.532031 0.911111 0.0140625 0.0277778
1 0.83125 0.879167 0.015625 0.0472222
1 0.652344 0.535764 0.01875 0.0375
1 0.478906 0.0507378 0.0171875 0.0230035
1 0.871875 0.958333 0.028125 0.0833333
0 0.444922 0.647222 0.154687 0.1875
1 0.732031 0.249306 0.0171875 0.0256944
1 0.542969 0.913889 0.015625 0.0277778
1 0.957031 0.388889 0.015625 0.0277778
1 0.537109 0.549653 0.028125 0.0361111
1 0.65 0.546528 0.025 0.0569444
1 0.99375 0.396528 0.009375 0.0347222
1 0.928125 0.472222 0.046875 0.0875
1 0.890625 0.784722 0.015625 0.0416667
1 0.846094 0.898611 0.0328125 0.0833333
1 0.994531 0.390972 0.0109375 0.0340278
1 0.710938 0.220139 0.0203125 0.0277778
1 0.514844 0.954167 0.0140625 0.0361111
1 0.832031 0.891667 0.0171875 0.0694444
1 0.367969 0.0677083 0.0179687 0.0269097
1 0.946875 0.688194 0.015625 0.0333333
1 0.916406 0.7125 0.015625 0.0305556
1 0.374902 0.0241428 0.0267578 0.0404297
1 0.817187 0.886111 0.025 0.0722222
1 0.384375 0.0208333 0.025 0.0416667
1 0.790625 0.932639 0.015625 0.0263889
1 0.909375 0.7125 0.028125 0.0305556
1 0.156836 0.0697917 0.0142578 0.0243056
1 0.769531 0.827778 0.0171875 0.0472222
1 0.378906 0.0295139 0.0171875 0.0333333
1 0.379297 0.0230035 0.025 0.0402778
1 0.783594 0.938889 0.0171875 0.0305556
1 0.130273 0.876389 0.0257812 0.025
1 0.864062 0.961111 0.025 0.0736111
2 0.939844 0.604861 0.075 0.0888889
1 0.909375 0.465972 0.015625 0.0597222
1 0.932031 0.498611 0.0390625 0.0402778
1 0.846875 0.908333 0.028125 0.0791667
1 0.951563 0.675347 0.01875 0.0381944
1 0.734375 0.253472 0.0234375 0.0340278
1 0.85 0.888194 0.03125 0.0652778
1 0.68125 0.597222 0.0125 0.0319444
1 0.871094 0.930556 0.028125 0.0694444
1 0.371484 0.0150608 0.0226563 0.0301215
1 0.942187 0.625694 0.059375 0.0527778
1 0.86875 0.897222 0.01875 0.0472222
1 0.507812 0.972222 0.01875 0.0472222
0 0.491504 0.660069 0.282617 0.217361
1 0.94375 0.420139 0.009375 0.0194444
1 0.797656 0.407292 0.03125 0.0375
1 0.810156 0.883333 0.0296875 0.0708333
1 0.517187 0.597917 0.015625 0.0284722
1 0.560156 0.893056 0.01875 0.0361111
1 0.939844 0.604861 0.075 0.0888889
1 0.904688 0.813889 0.015625 0.0555556
1 0.965625 0.168229 0.028125 0.0315972
1 0.907031 0.448611 0.0125 0.0347222
1 0.946875 0.680556 0.01875 0.0402778
1 0.782031 0.829167 0.0421875 0.0680556
1 0.795313 0.857639 0.01875 0.0513889
1 0.202734 0.0192817 0.0203125 0.0343533
1 0.903906 0.823611 0.015625 0.0458333
0 0.447266 0.685417 0.236719 0.266667
0 0.417285 0.623264 0.0966797 0.115972
1 0.8625 0.444444 0.025 0.0333333
1 0.196484 0.0204427 0.0148437 0.0278646
1 0.280859 0.0904514 0.0199219 0.0246528
1 0.814844 0.891667 0.03125 0.0791667
1 0.740234 0.257292 0.0148437 0.0368056
0 0.422266 0.642014 0.104687 0.149306
1 0.907812 0.793056 0.01875 0.0611111
1 0.792188 0.349306 0.01875 0.0319444
1 0.373437 0.0315104 0.028125 0.0369792
1 0.534766 0.904167 0.0195312 0.0416667
1 0.510938 0.963889 0.0203125 0.0555556
1 0.853906 0.670833 0.0125 0.0291667
1 0.540625 0.923611 0.0359375 0.0611111
1 0.823438 0.454167 0.0171875 0.0291667
1 0.857031 0.961111 0.0234375 0.0777778
1 0.79375 0.34375 0.015625 0.0270833
1 0.876562 0.923611 0.01875 0.0472222
1 0.770312 0.833333 0.0203125 0.0555556
1 0.557422 0.919444 0.0289063 0.0527778
1 0.89375 0.652083 0.01875 0.0361111
1 0.821875 0.457639 0.01875 0.0319444
1 0.646875 0.553125 0.0296875 0.0555556
1 0.990625 0.389583 0.015625 0.0263889
1 0.511719 0.970139 0.015625 0.0541667
3 0.939062 0.60625 0.0765625 0.0909722
1 0.926562 0.638542 0.034375 0.0340278
0 0.130273 0.876389 0.0257812 0.025
1 0.785937 0.973611 0.021875 0.05
1 0.991406 0.131076 0.0171875 0.0244792
1 0.967969 0.670833 0.015625 0.0375
1 0.54375 0.900694 0.0359375 0.0527778
1 0.917188 0.736111 0.01875 0.0333333
1 0.775 0.838889 0.028125 0.0583333
1 0.532422 0.926389 0.0164062 0.0527778
1 0.854688 0.9 0.053125 0.0833333
1 0.790625 0.833333 0.0359375 0.0791667
1 0.4625 0.692361 0.1125 0.118056
1 0.859375 0.929167 0.05625 0.125
1 0.910937 0.483333 0.01875 0.0430556
1 0.801562 0.834722 0.0359375 0.0708333
1 0.9125 0.759722 0.025 0.05
1 0.767969 0.818056 0.0171875 0.05
1 0.889063 0.784722 0.021875 0.0375
1 0.0130859 0.0107422 0.0222656 0.0214844
1 0.889063 0.381944 0.025 0.0333333
1 0.757031 0.276736 0.015625 0.0291667
1 0.935938 0.383681 0.028125 0.0298611
1 0.885938 0.211458 0.025 0.0326389
1 0.911719 0.738889 0.0265625 0.0472222
1 0.7875 0.825 0.034375 0.0625
1 0.567187 0.895139 0.021875 0.0291667
1 0.478516 0.0534722 0.0195312 0.0302083
1 0.91875 0.798611 0.015625 0.0388889
1 0.282422 0.00562066 0.0140625 0.0112413
1 0.829687 0.457639 0.0234375 0.03125
1 0.55 0.925694 0.053125 0.0708333
0 0.000146484 0.914236 0.000292969 0.171528
1 0.782617 0.958333 0.0191406 0.0583333
1 0.973437 0.208854 0.053125 0.046875
1 0.192969 0.143229 0.0359375 0.0447917
1 0.878125 0.895833 0.01875 0.0361111
1 0.364844 0.0661458 0.025 0.0276042
1 0.992188 0.218403 0.0125 0.03125
1 0.14375 0.0428819 0.0167969 0.0170139
1 0.753125 0.974306 0.0234375 0.0486111
1 0.950781 0.386806 0.0234375 0.0333333
1 0.878125 0.329167 0.046875 0.0604167
1 0.00839844 0.0127821 0.0130859 0.0255642
1 0.992188 0.297396 0.015625 0.0295139
1 0.534375 0.959722 0.0234375 0.0666667
1 0.890625 0.217361 0.0375 0.04375
1 0.945312 0.695139 0.01875 0.0472222
1 0.770312 0.422917 0.0171875 0.0263889
1 0.832812 0.520139 0.015625 0.0291667
1 0.992188 0.169141 0.015625 0.052691
1 0.810156 0.938889 0.0265625 0.0472222
1 0.791406 0.852778 0.0578125 0.116667
1 0.148145 0.0734375 0.0314453 0.0272569
1 0.569141 0.9125 0.025 0.0527778
1 0.363672 0.020855 0.03125 0.0417101
1 0.807813 0.473264 0.015625 0.05625
1 0.792188 0.374653 0.01875 0.0319444
1 0.825781 0.642014 0.0203125 0.0395833
1 0.79375 0.83125 0.053125 0.0736111
0 0.717188 0.376389 0.0398437 0.09375
1 0.909375 0.8 0.05625 0.122222
1 0.7875 0.966667 0.021875 0.0638889
1 0.546094 0.927778 0.0203125 0.05
1 0.524219 0.913889 0.0234375 0.0416667
1 0.515625 0.945139 0.0140625 0.0319444
1 0.951563 0.622222 0.053125 0.05
1 0.940625 0.673611 0.03125 0.0388889
1 0.894531 0.972222 0.03125 0.0555556
1 0.158789 0.0046875 0.015625 0.009375
0 0.00556641 0.291667 0.00668945 0.0256944
1 0.895312 0.709722 0.021875 0.0305556
1 0.8 0.892361 0.021875 0.0763889
1 0.170117 0.0282986 0.0128906 0.0208333
1 0.514063 0.968056 0.021875 0.0611111
1 0.077832 0.979861 0.0150391 0.0291667
1 0.983594 0.180208 0.01875 0.0486111
1 0.870313 0.670139 0.015625 0.0444444
1 0.649219 0.540625 0.0296875 0.0486111
1 0.864844 0.917361 0.04375 0.165278
1 0.904688 0.836111 0.0125 0.0361111
1 0.849219 0.964583 0.03125 0.0708333
0 0.010498 0.0108507 0.0166016 0.0217014
1 0.939062 0.147917 0.025 0.0298611
1 0.495313 0.956944 0.015625 0.0486111
1 0.128906 0.876389 0.0316406 0.0333333
1 0.882031 0.355556 0.021875 0.025
1 0.959375 0.604861 0.034375 0.0625
1 0.928906 0.602778 0.09375 0.1
0 0.00839844 0.0127821 0.0130859 0.0255642
1 0.785937 0.938889 0.0265625 0.113889
1 0.891406 0.777778 0.0171875 0.0527778
1 0.909375 0.0738715 0.021875 0.0362847
1 0.717969 0.377083 0.040625 0.0930556
1 0.947656 0.759028 0.0265625 0.0430556
1 0.871875 0.627083 0.0140625 0.0263889
1 0.361523 0.0170573 0.0308594 0.0341146
1 0.483594 0.632639 0.065625 0.104167
1 0.81875 0.372917 0.034375 0.0416667
1 0.882031 0.375694 0.021875 0.0263889
1 0.821875 0.630208 0.015625 0.0555556
1 0.9 0.809722 0.025 0.0666667
0 0.992969 0.190972 0.0140625 0.0277778
1 0.422266 0.642014 0.104687 0.149306
1 0.790625 0.820833 0.028125 0.0527778
0 0.0107178 0.60625 0.0179199 0.0631944
1 0.511719 0.597222 0.028125 0.0361111
1 0.85625 0.627083 0.0125 0.025
1 0.810938 0.461111 0.01875 0.0430556
1 0.93125 0.513542 0.0390625 0.0736111
1 0.939062 0.144184 0.028125 0.0265625
1 0.430469 0.553472 0.0203125 0.0243056
0 0.926562 0.472222 0.05 0.0847222
1 0.533203 0.973611 0.0210938 0.05
0 0.00539551 0.307465 0.00727539 0.053125
0 0.367969 0.0677083 0.0179687 0.0269097
1 0.775195 0.451736 0.0152344 0.0347222
1 0.989062 0.134809 0.021875 0.0303819
1 0.929688 0.495486 0.04375 0.0583333
1 0.798437 0.9125 0.01875 0.05
1 0.782812 0.359722 0.025 0.0347222
0 0.797656 0.407292 0.03125 0.0375
1 0.532031 0.548611 0.0367187 0.0395833
1 0.815625 0.602431 0.0125 0.0361111
1 0.948438 0.738889 0.025 0.0444444
1 0.841406 0.597222 0.0140625 0.0263889
1 0.921875 0.863889 0.0203125 0.0305556
1 0.749609 0.203819 0.0375 0.0493056
1 0.90625 0.919444 0.01875 0.0444444
1 0.951563 0.394097 0.021875 0.0340278
1 0.96875 0.338889 0.0125 0.0319444
1 0.742188 0.711806 0.0203125 0.0444444
0 0.000622559 0.88125 0.00124512 0.2375
0 0.111523 0.516667 0.0267578 0.1
1 0.417285 0.623264 0.0966797 0.115972
1 0.7125 0.216319 0.0273438 0.0319444
1 0.957812 0.205903 0.015625 0.0333333
1 0.946875 0.773611 0.025 0.0416667
1 0.95625 0.356944 0.015625 0.0361111
1 0.494141 0.00590278 0.015625 0.0118056
1 0.803125 0.868056 0.071875 0.147222
1 0.885938 0.651736 0.025 0.0402778
1 0.976562 0.176389 0.046875 0.0381944
1 0.895312 0.652778 0.025 0.0388889
1 0.915625 0.756944 0.025 0.0583333
1 0.919531 0.786806 0.0203125 0.0527778
1 0.779688 0.404861 0.0671875 0.0569444
1 0.96875 0.214583 0.046875 0.0378472
1 0.346484 0.0106771 0.0160156 0.0213542
1 0.530469 0.952778 0.0710938 0.0944444
1 0.637891 0.549306 0.0273438 0.0597222
1 0.557031 0.890278 0.0664062 0.0722222
1 0.16543 0.0671658 0.0199219 0.0295573
1 0.668359 0.491319 0.0171875 0.0277778
1 0.917188 0.701389 0.015625 0.0388889
1 0.890625 0.417361 0.01875 0.0305556
1 0.543359 0.947222 0.0273438 0.0638889
1 0.960938 0.391667 0.025 0.0333333
1 0.787305 0.414583 0.0410156 0.0388889
1 0.878125 0.970486 0.028125 0.0590278
1 0.728125 0.250521 0.0226563 0.0267361
1 0.553125 0.941667 0.034375 0.0680556
1 0.832031 0.893056 0.075 0.188889
1 0.885938 0.961806 0.05 0.075
1 0.170312 0.0383681 0.0171875 0.0232639
1 0.735547 0.384028 0.0804688 0.110417
1 0.959375 0.627778 0.0375 0.0430556
1 0.817187 0.938889 0.028125 0.0916667
1 0.608203 0.756944 0.0125 0.025
1 0.372656 0.0675564 0.0273438 0.0339844
1 0.717578 0.600694 0.0117188 0.0333333
1 0.929688 0.489931 0.053125 0.127778
1 0.206641 0.0156033 0.0210938 0.0312066
1 0.833594 0.422917 0.028125 0.0423611
1 0.509766 0.243229 0.01875 0.0447917
1 0.703125 0.5875 0.0125 0.025
1 0.492969 0.915972 0.0148437 0.0305556
1 0.900781 0.9125 0.0265625 0.0472222
0 0.974219 0.220833 0.0203125 0.025
1 0.825 0.319965 0.03125 0.0392361
1 0.163867 0.00538194 0.0230469 0.0107639
1 0.910156 0.813889 0.065625 0.101389
1 0.845312 0.6375 0.021875 0.0333333
1 0.924219 0.822222 0.0375 0.0888889
1 0.539062 0.556944 0.0359375 0.0555556
1 0.047998 0.00794271 0.021582 0.0158854
1 0.0230225 0.0104601 0.0362793 0.0209201
1 0.651953 0.531944 0.0210938 0.0513889
1 0.903125 0.602083 0.015625 0.0486111
1 0.832812 0.46875 0.025 0.0541667
1 0.935938 0.693056 0.01875 0.0402778
1 0.543359 0.884028 0.0367187 0.075
1 0.216406 0.0110894 0.01875 0.0221788
1 0.672656 0.597917 0.0140625 0.025
0 0.940625 0.605208 0.071875 0.0909722
1 0.982813 0.203125 0.03125 0.0361111
1 0.708594 0.356944 0.021875 0.0659722
1 0.596875 0.910417 0.021875 0.0569444
1 0.840625 0.527778 0.028125 0.0361111
1 0.917188 0.670486 0.01875 0.0270833
1 0.920313 0.377083 0.04375 0.0277778
1 0.772656 0.959722 0.0203125 0.0555556
1 0.288477 0.00607639 0.0234375 0.0121528
1 0.00556641 0.291667 0.00668945 0.0256944
1 0.9625 0.220486 0.01875 0.0298611
0 0.423828 0.665278 0.197656 0.211111
1 0.380469 0.0240885 0.0179687 0.0393229
1 0.871094 0.945833 0.0296875 0.0569444
1 0.992969 0.190972 0.0140625 0.0277778
1 0.844531 0.875694 0.0203125 0.0402778
1 0.864062 0.940972 0.021875 0.0388889
1 0.973437 0.221528 0.021875 0.0263889
1 0.532031 0.911111 0.0140625 0.0277778
1 0.83125 0.879167 0.015625 0.0472222
1 0.652344 0.536111 0.01875 0.0375
1 0.478906 0.0507378 0.0171875 0.0230035
0 0.444922 0.647222 0.154687 0.1875
1 0.871875 0.958333 0.028125 0.0833333
1 0.732031 0.249306 0.0171875 0.0253472
1 0.542969 0.913889 0.015625 0.0277778
1 0.537109 0.549653 0.028125 0.0361111
1 0.957031 0.388889 0.015625 0.0277778
1 0.65 0.546528 0.025 0.0569444
1 0.99375 0.396528 0.009375 0.0347222
1 0.928125 0.472222 0.046875 0.0875
1 0.890625 0.784028 0.015625 0.0416667
1 0.846094 0.898611 0.0328125 0.0833333
1 0.994531 0.390972 0.0109375 0.0340278
1 0.710938 0.220139 0.0203125 0.0277778
1 0.514844 0.954167 0.0140625 0.0361111
1 0.832031 0.891667 0.0171875 0.0694444
1 0.367969 0.0677083 0.0179687 0.0269097
1 0.946875 0.688194 0.015625 0.0333333
1 0.916406 0.7125 0.015625 0.0305556
1 0.374902 0.0241319 0.0267578 0.0403646
1 0.817187 0.886111 0.025 0.0722222
1 0.384375 0.0208333 0.025 0.0416667
1 0.790625 0.932639 0.015625 0.0263889
1 0.909375 0.7125 0.028125 0.0305556
1 0.156836 0.0697917 0.0142578 0.0243056
1 0.378906 0.0294271 0.0171875 0.0333333
1 0.769531 0.827778 0.0171875 0.0472222
1 0.379297 0.0230035 0.025 0.0401042
1 0.783594 0.938889 0.0171875 0.0305556
1 0.130273 0.876389 0.0257812 0.025
2 0.939844 0.604861 0.075 0.0888889
1 0.864062 0.961111 0.025 0.0736111
1 0.909375 0.465972 0.015625 0.0597222
1 0.932031 0.498611 0.0390625 0.0402778
1 0.846875 0.908333 0.028125 0.0791667
1 0.951563 0.675347 0.01875 0.0381944
1 0.68125 0.597222 0.0125 0.0319444
1 0.734375 0.253472 0.0234375 0.0340278
1 0.85 0.888194 0.03125 0.0652778
1 0.871094 0.930556 0.028125 0.0694444
1 0.371484 0.0150608 0.0226563 0.0301215
1 0.942187 0.625694 0.059375 0.0527778
1 0.507812 0.972222 0.01875 0.0472222
1 0.86875 0.897222 0.01875 0.0472222
0 0.491309 0.660069 0.281445 0.217361
1 0.797656 0.407292 0.03125 0.0375
1 0.517187 0.597917 0.015625 0.0291667
1 0.94375 0.420139 0.009375 0.0194444
1 0.810156 0.883333 0.0296875 0.0708333
1 0.560156 0.893056 0.01875 0.0361111
1 0.939844 0.604861 0.075 0.0888889
1 0.904688 0.813889 0.015625 0.0555556
1 0.965625 0.168229 0.028125 0.0315972
1 0.907031 0.448611 0.0125 0.0347222
1 0.946875 0.680556 0.01875 0.0402778
1 0.782031 0.829167 0.0421875 0.0680556
1 0.903906 0.823611 0.015625 0.0458333
1 0.795313 0.857639 0.01875 0.0513889
0 0.446777 0.684896 0.236133 0.266319
1 0.202734 0.01926 0.0203125 0.0342231
0 0.417285 0.623264 0.0966797 0.115972
1 0.8625 0.444444 0.025 0.0333333
1 0.280859 0.0904514 0.0199219 0.0246528
1 0.196484 0.0204861 0.0148437 0.0277778
1 0.740234 0.257292 0.0148437 0.0368056
1 0.814844 0.891667 0.03125 0.0791667
0 0.422559 0.642361 0.104883 0.148611
1 0.792188 0.349306 0.01875 0.0319444
1 0.907812 0.793056 0.01875 0.0597222
1 0.373437 0.0315104 0.028125 0.0371528
1 0.534766 0.904167 0.0195312 0.0416667
1 0.510938 0.963889 0.0203125 0.0555556
1 0.540625 0.923611 0.0359375 0.0611111
1 0.853906 0.670833 0.0125 0.0291667
1 0.823438 0.454167 0.0171875 0.0291667
1 0.79375 0.34375 0.015625 0.0263889
1 0.857031 0.961111 0.0234375 0.0777778
1 0.876562 0.923611 0.01875 0.0472222
1 0.557422 0.919444 0.0289063 0.0527778
1 0.89375 0.652083 0.01875 0.0361111
1 0.821875 0.457639 0.01875 0.0319444
1 0.770312 0.833333 0.0203125 0.0555556
1 0.646875 0.552778 0.0296875 0.0555556
1 0.511719 0.970139 0.015625 0.0541667
3 0.939062 0.60625 0.0765625 0.0909722
1 0.990625 0.389583 0.015625 0.0263889
1 0.926562 0.638542 0.034375 0.0340278
0 0.130273 0.876389 0.0257812 0.025
1 0.785937 0.973611 0.021875 0.05
1 0.54375 0.900694 0.0359375 0.0527778
1 0.967969 0.670833 0.015625 0.0375
1 0.991406 0.131076 0.0171875 0.0243056
1 0.917188 0.736111 0.01875 0.0333333
1 0.532422 0.926389 0.0164062 0.0527778
1 0.775 0.838889 0.028125 0.0583333
1 0.854688 0.9 0.0515625 0.0847222
1 0.4625 0.692361 0.1125 0.118056
1 0.790625 0.833333 0.0359375 0.0791667
1 0.859375 0.929167 0.05625 0.125
1 0.910937 0.483681 0.01875 0.0423611
1 0.801562 0.834722 0.0359375 0.0694444
1 0.9125 0.759722 0.025 0.05
1 0.767969 0.818056 0.0171875 0.05
1 0.889063 0.784722 0.021875 0.0375
1 0.0130859 0.0107639 0.0222656 0.0215278
1 0.757031 0.276736 0.015625 0.0291667
1 0.889063 0.381597 0.025 0.0333333
1 0.935938 0.383681 0.028125 0.0298611
1 0.567187 0.895139 0.021875 0.0291667
1 0.7875 0.824306 0.034375 0.0625
1 0.885938 0.211458 0.025 0.0326389
1 0.911719 0.738889 0.0265625 0.0472222
1 0.478516 0.0534722 0.0195312 0.0302083
1 0.91875 0.798611 0.015625 0.0375
1 0.282422 0.00564236 0.0140625 0.0112847
1 0.829687 0.457639 0.0234375 0.03125
1 0.55 0.925694 0.053125 0.0708333
1 0.782617 0.958333 0.0191406 0.0583333
1 0.192969 0.143229 0.0359375 0.0447917
1 0.973437 0.209028 0.053125 0.0465278
0 0.000146484 0.914236 0.000292969 0.171528
1 0.364844 0.0661458 0.025 0.0276042
1 0.992188 0.218403 0.0125 0.03125
1 0.878125 0.895833 0.01875 0.0361111
1 0.14375 0.0428819 0.0167969 0.0170139
1 0.753125 0.974306 0.0234375 0.0486111
1 0.950781 0.386806 0.0234375 0.0333333
1 0.878125 0.329253 0.046875 0.0609375
1 0.00839844 0.0128038 0.0130859 0.0256076
1 0.992188 0.297222 0.015625 0.0291667
1 0.534375 0.959722 0.0234375 0.0666667
1 0.832812 0.520486 0.015625 0.0298611
1 0.890625 0.217361 0.0375 0.04375
1 0.770312 0.422917 0.0171875 0.0263889
1 0.945312 0.695139 0.01875 0.0472222
1 0.791406 0.852778 0.0578125 0.116667
1 0.148145 0.0734375 0.0314453 0.0274306
1 0.992188 0.169271 0.015625 0.0524306
1 0.810156 0.938889 0.0265625 0.0472222
1 0.569141 0.9125 0.025 0.0527778
1 0.363672 0.0208767 0.03125 0.0417535
1 0.807813 0.473264 0.015625 0.05625
1 0.792188 0.374653 0.01875 0.0319444
1 0.825781 0.642014 0.0203125 0.0395833
1 0.79375 0.83125 0.053125 0.0736111
1 0.909375 0.8 0.05625 0.122222
0 0.717188 0.376389 0.0398437 0.0930556
1 0.546094 0.927778 0.0203125 0.05
1 0.7875 0.966667 0.021875 0.0638889
1 0.524219 0.913889 0.0234375 0.0416667
1 0.515625 0.945139 0.0140625 0.0319444
1 0.951563 0.622222 0.053125 0.05
1 0.894531 0.972222 0.03125 0.0555556
1 0.158789 0.0046875 0.015625 0.009375
1 0.940625 0.673611 0.03125 0.0388889
1 0.514063 0.968056 0.021875 0.0611111
1 0.895312 0.709722 0.021875 0.0305556
0 0.00556641 0.291493 0.00668945 0.0253472
1 0.8 0.892361 0.021875 0.0763889
1 0.077832 0.979861 0.0150391 0.0291667
1 0.170117 0.0282552 0.0128906 0.0207465
1 0.982813 0.180208 0.01875 0.0486111
1 0.870313 0.670139 0.015625 0.0444444
1 0.864062 0.917361 0.04375 0.165278
1 0.904688 0.836111 0.0125 0.0361111
1 0.939062 0.147917 0.025 0.0298611
1 0.495313 0.956944 0.015625 0.0472222
1 0.849219 0.964583 0.03125 0.0708333
1 0.128906 0.876389 0.0316406 0.0333333
0 0.010498 0.0108507 0.0166016 0.0217014
1 0.928906 0.602778 0.09375 0.1
1 0.882031 0.355208 0.021875 0.0243056
1 0.959375 0.604861 0.034375 0.0625
1 0.785937 0.938889 0.0265625 0.113889
1 0.891406 0.777778 0.0171875 0.0527778
0 0.00839844 0.0128038 0.0130859 0.0256076
1 0.909375 0.0737847 0.021875 0.0361111
1 0.717969 0.377083 0.040625 0.0930556
1 0.871875 0.627083 0.0140625 0.0263889
1 0.483594 0.632639 0.065625 0.104167
1 0.361523 0.0170356 0.0308594 0.0340712
1 0.947656 0.759028 0.0265625 0.0430556
1 0.821875 0.630556 0.015625 0.0555556
1 0.81875 0.372917 0.034375 0.0416667
1 0.882031 0.375694 0.021875 0.0263889
1 0.9 0.809722 0.025 0.0666667
0 0.992969 0.190972 0.0140625 0.0277778
1 0.422559 0.642361 0.104883 0.148611
1 0.511719 0.597222 0.028125 0.0361111
1 0.85625 0.627083 0.0125 0.025
0 0.0107422 0.60625 0.0178711 0.0631944
1 0.93125 0.513542 0.0390625 0.0736111
1 0.810938 0.461111 0.01875 0.0430556
1 0.939062 0.144184 0.028125 0.0265625
0 0.926562 0.472222 0.05 0.0847222
1 0.430469 0.553472 0.0203125 0.0243056
1 0.533594 0.974306 0.0203125 0.05
0 0.367969 0.0677083 0.0179687 0.0269097
0 0.00539551 0.307292 0.00727539 0.0534722
1 0.989062 0.134809 0.021875 0.0303819
1 0.775195 0.451389 0.0152344 0.0347222
1 0.929688 0.495486 0.04375 0.0583333
1 0.532031 0.548611 0.0367187 0.0395833
0 0.797656 0.407292 0.03125 0.0375
1 0.782812 0.359722 0.025 0.0347222
1 0.815625 0.602778 0.0125 0.0361111
1 0.798437 0.9125 0.01875 0.05
1 0.749609 0.203819 0.0375 0.0493056
1 0.841406 0.597222 0.0140625 0.0263889
1 0.948438 0.738889 0.025 0.0444444
1 0.921875 0.863889 0.0203125 0.0305556
1 0.90625 0.919444 0.01875 0.0444444
1 0.951563 0.394097 0.021875 0.0340278
1 0.96875 0.338889 0.0125 0.0319444
0 0.111523 0.516319 0.0267578 0.1
1 0.742188 0.711806 0.0203125 0.0444444
1 0.7125 0.216319 0.0273438 0.0319444
0 0.000634766 0.88125 0.00126953 0.2375
1 0.417285 0.623264 0.0966797 0.115972
1 0.957812 0.205903 0.015625 0.0333333
1 0.95625 0.356944 0.015625 0.0361111
1 0.946875 0.773611 0.025 0.0416667
1 0.494141 0.00594618 0.015625 0.0118924
1 0.976562 0.176563 0.046875 0.0381944
1 0.96875 0.214583 0.046875 0.0375
1 0.80293 0.868056 0.0722656 0.147222
1 0.885938 0.652083 0.025 0.0402778
1 0.895312 0.652778 0.025 0.0388889
1 0.915625 0.756944 0.025 0.0583333
1 0.530469 0.952778 0.0710938 0.0944444
1 0.779688 0.404861 0.0671875 0.0569444
1 0.6375 0.549306 0.0273438 0.0597222
1 0.919531 0.786806 0.0203125 0.0527778
1 0.346484 0.0106771 0.0160156 0.0213542
1 0.557031 0.890278 0.0664062 0.0722222
1 0.16543 0.0672743 0.0199219 0.0295139
1 0.668359 0.491319 0.0171875 0.0277778
1 0.917188 0.701389 0.015625 0.0388889
1 0.54375 0.947222 0.0265625 0.0638889
1 0.890625 0.417361 0.01875 0.0305556
1 0.960938 0.391667 0.025 0.0333333
1 0.787305 0.414583 0.0410156 0.0388889
1 0.878125 0.970486 0.028125 0.0590278
1 0.553516 0.941667 0.0335938 0.0680556
1 0.728125 0.250521 0.0226563 0.0267361
1 0.832031 0.893056 0.075 0.188889
1 0.608203 0.756944 0.0125 0.025
1 0.885938 0.961806 0.05 0.075
1 0.735547 0.384028 0.0804688 0.110417
1 0.817187 0.938889 0.028125 0.0916667
1 0.959375 0.627778 0.0375 0.0430556
1 0.170312 0.0384115 0.0171875 0.0231771
1 0.372656 0.0676215 0.0273438 0.0338542
1 0.717578 0.600694 0.0117188 0.0333333
1 0.929688 0.490278 0.053125 0.127778
1 0.510156 0.243056 0.01875 0.0444444
1 0.703125 0.5875 0.0125 0.025
1 0.206641 0.0155816 0.0210938 0.0311632
1 0.833594 0.422917 0.028125 0.0423611
1 0.492969 0.915972 0.0148437 0.0305556
1 0.900781 0.9125 0.0265625 0.0472222
0 0.974219 0.220833 0.0203125 0.025
1 0.825 0.319792 0.03125 0.0395833
1 0.910156 0.813889 0.065625 0.101389
1 0.539062 0.556944 0.0359375 0.0555556
1 0.845312 0.6375 0.021875 0.0333333
1 0.924219 0.822222 0.0375 0.0888889
1 0.163867 0.00540365 0.0230469 0.0108073
1 0.0230469 0.0104818 0.0363281 0.0209635
1 0.0479492 0.00796441 0.0216797 0.0159288
1 0.651953 0.531944 0.0210938 0.0513889
1 0.903125 0.602431 0.015625 0.0486111
1 0.672656 0.597917 0.0140625 0.025
1 0.543359 0.884028 0.0367187 0.075
0 0.940625 0.605208 0.071875 0.0909722
1 0.982813 0.203125 0.03125 0.0361111
1 0.832812 0.46875 0.025 0.0541667
1 0.935938 0.693056 0.01875 0.0402778
1 0.596875 0.910417 0.021875 0.0569444
1 0.708594 0.357292 0.021875 0.0666667
1 0.840625 0.527778 0.028125 0.0361111
1 0.216406 0.0111111 0.01875 0.0222222
1 0.00556641 0.291493 0.00668945 0.0253472
1 0.920313 0.377083 0.04375 0.0277778
1 0.917188 0.670486 0.01875 0.0270833
1 0.773047 0.959722 0.0195312 0.0555556
1 0.288477 0.00607639 0.0234375 0.0121528
1 0.9625 0.220486 0.01875 0.0298611
0 0.99375 0.396528 0.009375 0.0347222
1 0.566016 0.925 0.0296875 0.0611111
