0 0.498437 0.465625 0.0265625 0.0909722
1 0.86875 0.451389 0.015625 0.0319444
1 0.86875 0.45625 0.0171875 0.0388889
0 0.808008 0.402083 0.140234 0.177778
1 0.433594 0.311111 0.0203125 0.0416667
1 0.433203 0.304167 0.0179687 0.0347222
0 0.0413086 0.971181 0.0789063 0.0576389
1 0.817187 0.395139 0.078125 0.0555556
1 0.807617 0.427778 0.100391 0.127083
1 0.433594 0.318056 0.021875 0.0548611
1 0.865625 0.453819 0.0234375 0.0368056
0 0.0304199 0.979167 0.0587891 0.0416667
1 0.852344 0.460417 0.0515625 0.0444444
1 0.832812 0.388889 0.04375 0.0458333
0 0.142212 0.999306 0.178857 0.00138889
0 0.807617 0.427778 0.100391 0.127083
1 0.808594 0.398264 0.096875 0.0645833
0 0.25 0.999653 0.171094 0.000694444
0 0.299414 0.999306 0.175391 0.00138889
0 0.00698242 0.225347 0.00996094 0.0326389
1 0.771875 0.392708 0.015625 0.025
1 0.875 0.4625 0.028125 0.0513889
1 0.928125 0.503125 0.040625 0.05625
0 0.326953 1 0.175 0
0 0.928906 0.5 0.0375 0.0527778
0 0.175391 0.999306 0.16875 0.00138889
0 0.435059 0.999653 0.175195 0.000694444
1 0.767969 0.327691 0.0703125 0.0460069
1 0.771875 0.3875 0.01875 0.0305556
1 0.989844 0.197917 0.0203125 0.0236111
0 0.808594 0.398264 0.096875 0.0645833
0 0.211719 0.999653 0.173828 0.000694444
0 0.875781 0.688194 0.209375 0.5375
1 0.774219 0.387153 0.021875 0.0368056
1 0.741406 0.339583 0.0148437 0.0333333
0 0.371484 0.999306 0.185156 0.00138889
1 0.939062 0.0212782 0.015625 0.0267144
1 0.157813 0.0160156 0.009375 0.025
0 0.499219 0.999306 0.176563 0.00138889
1 0.808594 0.400608 0.140625 0.17934
1 0.872656 0.45625 0.025 0.04375
1 0.93125 0.0205838 0.028125 0.029145
1 0.435156 0.329514 0.025 0.0805556
1 0.845312 0.00431858 0.0109375 0.00863715
1 0.86875 0.48125 0.025 0.0861111
0 0.000878906 0.883333 0.00175781 0.233333
0 0.507812 0.403472 0.0109375 0.0277778
1 0.507812 0.403472 0.0109375 0.0277778
1 0.832812 0.336806 0.021875 0.0298611
0 0.0612305 0.967361 0.121289 0.0652778
0 0.0722656 0.958333 0.132031 0.0819444
0 0.000634766 0.838889 0.00126953 0.305556
0 0.00698242 0.232465 0.00976562 0.0440972
1 0.835938 0.395486 0.0609375 0.0590278
1 0.851562 0.468056 0.05625 0.0597222
0 0.000415039 0.582986 0.000830078 0.300694
0 0.00644531 0.647222 0.00898437 0.0375
0 0.000415039 0.778472 0.000830078 0.306944
1 0.746094 0.342708 0.021875 0.0340278
0 0.000463867 0.783333 0.000927734 0.433333
0 0.511719 0.684028 0.0890625 0.606944
0 0.00703125 0.619444 0.00957031 0.0319444
0 0.150977 0.582639 0.300391 0.3875
0 0.164648 0.636806 0.295312 0.327778
0 0.472656 0.468056 0.0125 0.0715278
0 0.507031 0.647222 0.0828125 0.470833
1 0.853125 0.422222 0.03125 0.0291667
1 0.517187 0.606944 0.0125 0.0222222
0 0.000927734 0.667708 0.00185547 0.303472
0 0.514453 0.466667 0.0242187 0.0902778
0 0.86875 0.451389 0.015625 0.0319444
1 0.876562 0.485417 0.0375 0.1
1 0.0162598 0.988194 0.0280273 0.0236111
1 0.773438 0.355556 0.0796875 0.0763889
1 0.775781 0.391319 0.0265625 0.0375
1 0.799219 0.402778 0.117188 0.0888889
1 0.826563 0.405556 0.0734375 0.08125
0 0.432813 0.306944 0.01875 0.0388889
1 0.851562 0.494444 0.059375 0.0875
1 0.794531 0.368837 0.117188 0.106771
0 0.00605469 0.659028 0.00869141 0.0472222
0 1 0.393403 0 0.265972
0 0.170508 0.755729 0.242188 0.471875
0 0.0919922 1 0.183984 0
1 0.08125 0.396875 0.0185547 0.0201389
0 0.873242 0.601389 0.244141 0.277778
0 0.767578 0.335069 0.0679687 0.0486111
1 0.913281 0.0195204 0.0609375 0.0347439
0 0.000390625 0.5125 0.00078125 0.295833
1 0.76875 0.341667 0.06875 0.0493056
0 0.89375 0.66684 0.20625 0.666319
0 0.472266 0.457292 0.0132813 0.0701389
1 0.871875 0.504861 0.053125 0.075
0 0.738281 0.363542 0.24375 0.280556
1 0.83125 0.445486 0.0984375 0.0930556
1 0.158594 0.00863715 0.0111328 0.0172743
1 0.832031 0.0184028 0.0125 0.0268229
0 0.817187 0.395139 0.078125 0.0555556
0 1 0.359375 0 0.302083
1 0.821094 0.438194 0.115625 0.146528
0 0.82793 0.451389 0.184766 0.213889
2 0.926562 0.504861 0.04375 0.0604167
1 0.00698242 0.225347 0.00996094 0.0326389
0 0.764844 0.921528 0.103125 0.156944
0 0.91875 0.722396 0.153125 0.530208
0 0.65 1 0.192969 0
0 0.000805664 0.621528 0.00161133 0.465278
0 0.730078 0.362847 0.297656 0.222917
0 0.961719 0.959028 0.0765625 0.0819444
0 0.80293 0.278993 0.184766 0.426042
0 0.940625 0.511806 0.0765625 0.0743056
1 0.516406 0.61875 0.015625 0.0347222
1 0.0282227 0.984375 0.0525391 0.03125
1 0.873242 0.601389 0.244141 0.277778
0 0.00644531 0.676736 0.009375 0.0881944
0 0.851562 0.677778 0.290625 0.644444
1 0.895312 0.504167 0.0953125 0.0833333
0 0.217187 0.703299 0.434375 0.593403
0 0.000366211 0.354514 0.000732422 0.286806
1 0.0413086 0.971181 0.0789063 0.0576389
0 0.887305 0.663889 0.225391 0.672222
0 0.865625 0.548611 0.25 0.383333
1 0.853125 0.00449219 0.01875 0.00898437
0 0.820312 0.522917 0.153125 0.429167
1 0.82793 0.451389 0.184766 0.213889
1 0.484375 0.426736 0.0101562 0.0208333
0 0.971875 0.710938 0.05625 0.578125
0 0.000317383 0.445747 0.000634766 0.300174
0 0.793164 0.413194 0.413672 0.826389
0 0.706641 0.38125 0.366406 0.211806
0 0.814844 0.746875 0.351562 0.50625
0 0.498437 0.465625 0.0265625 0.0909722
1 0.86875 0.451389 0.015625 0.0319444
1 0.86875 0.45625 0.0171875 0.0395833
0 0.808008 0.402083 0.140234 0.177778
1 0.433594 0.311111 0.0203125 0.0416667
1 0.433203 0.304167 0.0179687 0.0347222
0 0.0412109 0.971181 0.0787109 0.0576389
1 0.817187 0.394444 0.078125 0.0555556
1 0.807617 0.427778 0.100391 0.127083
1 0.433594 0.318056 0.021875 0.0548611
1 0.865625 0.453819 0.0234375 0.0368056
0 0.0304199 0.979167 0.0587891 0.0416667
1 0.851562 0.460417 0.053125 0.0444444
1 0.832812 0.388889 0.04375 0.0458333
0 0.142212 0.999306 0.178857 0.00138889
0 0.807617 0.427778 0.100391 0.127083
1 0.808594 0.398264 0.096875 0.0645833
0 0.250049 0.999653 0.170996 0.000694444
0 0.299414 0.999306 0.175391 0.00138889
1 0.771875 0.392708 0.015625 0.025
0 0.00698242 0.225347 0.00996094 0.0322917
1 0.875 0.4625 0.028125 0.0513889
0 0.326953 1 0.175 0
1 0.928125 0.503125 0.040625 0.05625
0 0.175391 0.999306 0.16875 0.00138889
0 0.928906 0.5 0.0375 0.0520833
0 0.435059 0.999306 0.175195 0.00138889
1 0.767969 0.327691 0.0703125 0.0460069
1 0.771875 0.3875 0.0171875 0.0305556
1 0.989844 0.197917 0.0203125 0.0236111
0 0.808594 0.398264 0.096875 0.0645833
0 0.211719 0.999653 0.173828 0.000694444
0 0.874805 0.688194 0.209766 0.5375
1 0.774219 0.387153 0.021875 0.0368056
1 0.741406 0.339583 0.0148437 0.0333333
0 0.371289 0.999306 0.185547 0.00138889
1 0.939062 0.021224 0.015625 0.0268229
1 0.15791 0.0159831 0.009375 0.0249783
0 0.499219 0.999306 0.176563 0.00138889
1 0.808594 0.400608 0.140625 0.17934
1 0.872656 0.45625 0.025 0.04375
1 0.93125 0.0205838 0.028125 0.029145
1 0.435156 0.329514 0.025 0.0805556
1 0.845312 0.00429688 0.0109375 0.00859375
1 0.86875 0.48125 0.025 0.0861111
0 0.000878906 0.883333 0.00175781 0.233333
0 0.507812 0.403472 0.0101562 0.0277778
1 0.507812 0.403472 0.0101562 0.0277778
1 0.832812 0.336806 0.021875 0.0298611
0 0.0611328 0.967361 0.121289 0.0652778
0 0.0722656 0.958333 0.132031 0.0833333
0 0.000646973 0.838889 0.00129395 0.305556
1 0.835938 0.395486 0.0609375 0.0590278
0 0.000415039 0.582986 0.000830078 0.300694
0 0.00703125 0.232465 0.00976562 0.0440972
0 0.000415039 0.777604 0.000830078 0.305903
1 0.746094 0.342708 0.021875 0.0340278
0 0.0064209 0.647222 0.00898437 0.0375
0 0.511719 0.684028 0.0890625 0.606944
0 0.000488281 0.783507 0.000976562 0.432986
0 0.150977 0.582639 0.300391 0.3875
0 0.00703125 0.619444 0.00957031 0.0319444
0 0.164746 0.636111 0.295508 0.327778
0 0.472656 0.468056 0.0125 0.0715278
1 0.853125 0.422222 0.03125 0.0291667
1 0.517187 0.606944 0.0125 0.0222222
0 0.000927734 0.668056 0.00185547 0.302778
0 0.514453 0.466667 0.0242187 0.0902778
0 0.86875 0.451389 0.015625 0.0319444
1 0.876562 0.485417 0.0375 0.1
1 0.773438 0.355556 0.0796875 0.0763889
1 0.0162354 0.988194 0.0280762 0.0236111
1 0.775781 0.391319 0.0265625 0.0375
1 0.799219 0.402778 0.117188 0.0881944
1 0.826563 0.405556 0.0734375 0.08125
1 0.851562 0.494444 0.059375 0.0881944
0 0.432813 0.306944 0.01875 0.0388889
1 0.794531 0.369097 0.117188 0.106944
0 1 0.393403 0 0.265972
0 0.00605469 0.658681 0.00859375 0.0479167
0 0.17041 0.755556 0.242383 0.472222
0 0.0918945 1 0.183789 0
1 0.0813477 0.396875 0.0185547 0.0201389
0 0.505469 0.629167 0.084375 0.444444
0 0.460547 1 0.177344 0
0 0.873242 0.601389 0.244141 0.277778
0 0.767578 0.335069 0.0679687 0.0486111
1 0.913281 0.0195204 0.0609375 0.0347439
0 0.000402832 0.5125 0.000805664 0.295139
1 0.76875 0.341667 0.06875 0.0493056
0 0.892969 0.667014 0.20625 0.665972
0 0.472266 0.457292 0.0132813 0.0701389
1 0.871875 0.504861 0.053125 0.075
1 0.83125 0.445833 0.0984375 0.0930556
0 0.7375 0.363542 0.245312 0.280556
1 0.832031 0.0183919 0.0125 0.0269314
1 0.158594 0.00861545 0.0111328 0.0172309
0 0.817187 0.394444 0.078125 0.0555556
0 1 0.359375 0 0.302083
1 0.821094 0.438194 0.115625 0.146528
0 0.82793 0.451389 0.184766 0.213889
1 0.00698242 0.225347 0.00996094 0.0322917
2 0.926562 0.504861 0.04375 0.0611111
0 0.764844 0.921528 0.103125 0.156944
0 0.65 1 0.19375 0
0 0.91875 0.722396 0.154687 0.530208
0 0.000805664 0.621528 0.00161133 0.465278
0 0.728906 0.362847 0.3 0.222917
0 0.803125 0.280035 0.184375 0.423958
0 0.961719 0.959028 0.0765625 0.0819444
1 0.516406 0.61875 0.015625 0.0347222
1 0.0282227 0.984375 0.0525391 0.03125
0 0.940625 0.511806 0.0765625 0.0736111
1 0.873242 0.601389 0.244141 0.277778
1 0.895312 0.503819 0.096875 0.0833333
0 0.851367 0.677604 0.291016 0.644792
0 0.00649414 0.676736 0.009375 0.0881944
0 0.217187 0.702778 0.434375 0.594444
1 0.0412109 0.971181 0.0787109 0.0576389
0 0.000366211 0.354514 0.000732422 0.286806
0 0.886719 0.663715 0.226562 0.672569
0 0.865625 0.548611 0.25 0.383333
1 0.82793 0.451389 0.184766 0.213889
0 0.820312 0.522917 0.153125 0.429167
1 0.484375 0.426736 0.0101562 0.0208333
1 0.853125 0.00453559 0.01875 0.00907118
0 0.000317383 0.446181 0.000634766 0.3
0 0.971484 0.710764 0.0570313 0.578472
0 0.793164 0.4125 0.413672 0.825
0 0.814844 0.747569 0.351562 0.504861
