1 0.218945 0.552083 0.040625 0.0347222
1 0.748047 0.465972 0.021875 0.0333333
1 0.539844 0.691493 0.01875 0.028125
1 0.88125 0.454514 0.025 0.0361111
1 0.37959 0.519444 0.0220703 0.0319444
1 0.642969 0.543056 0.015625 0.0375
1 0.61875 0.686806 0.0210938 0.0375
1 0.859375 0.509722 0.021875 0.0361111
1 0.772266 0.383333 0.0257812 0.0305556
1 0.470313 0.505903 0.0226563 0.0368056
1 0.535937 0.623958 0.0273438 0.0347222
1 0.698828 0.516667 0.0257812 0.0333333
1 0.780469 0.511806 0.028125 0.0333333
1 0.896875 0.379167 0.021875 0.0305556
1 0.449219 0.422569 0.025 0.0479167
1 0.5875 0.533333 0.021875 0.0319444
1 0.357031 0.390972 0.03125 0.0340278
1 0.733203 0.563889 0.0203125 0.0375
1 0.469531 0.786111 0.0265625 0.0444444
1 0.992969 0.428819 0.0140625 0.0208333
1 0.582812 0.436111 0.015625 0.0375
1 0.683594 0.441667 0.0234375 0.0333333
1 0.846094 0.516667 0.0265625 0.0388889
1 0.519141 0.573611 0.015625 0.0319444
1 0.516406 0.427431 0.0148437 0.0326389
1 0.54375 0.545833 0.0203125 0.0395833
1 0.989062 0.432639 0.021875 0.0277778
1 0.839063 0.5125 0.021875 0.0277778
1 0.482422 0.591667 0.015625 0.0388889
1 0.227344 0.6375 0.0515625 0.0444444
1 0.588281 0.530556 0.0179687 0.0305556
1 0.467578 0.785417 0.0328125 0.0347222
1 0.474219 0.548611 0.025 0.0347222
1 0.661719 0.479861 0.0164062 0.025
1 0.485938 0.463889 0.025 0.0319444
1 0.592188 0.352778 0.0171875 0.0319444
1 0.882812 0.390278 0.028125 0.0361111
1 0.625781 0.448958 0.0234375 0.0361111
1 0.642187 0.610764 0.0195312 0.0298611
1 0.658984 0.482292 0.0226563 0.0326389
1 0.695312 0.517708 0.0265625 0.0270833
1 0.450781 0.8375 0.0234375 0.0388889
1 0.489844 0.648958 0.0257812 0.0319444
1 0.622656 0.685417 0.028125 0.0402778
1 0.641406 0.615278 0.0203125 0.0333333
1 0.351562 0.389583 0.021875 0.0319444
1 0.736719 0.463889 0.025 0.0305556
1 0.846094 0.522222 0.021875 0.0375
1 0.444531 0.800694 0.0125 0.0236111
1 0.76875 0.388889 0.028125 0.0402778
1 0.584766 0.642708 0.0195312 0.0277778
1 0.473437 0.50625 0.0265625 0.0430556
1 0.656641 0.802778 0.0203125 0.0333333
1 0.378027 0.524653 0.0251953 0.0409722
1 0.728906 0.56875 0.03125 0.0347222
1 0.774219 0.511806 0.040625 0.0361111
1 0.217578 0.644444 0.0679687 0.0625
1 0.485938 0.665972 0.0234375 0.0333333
1 0.219922 0.637847 0.0398437 0.0479167
1 0.892187 0.382639 0.028125 0.0347222
1 0.588281 0.483681 0.0171875 0.0354167
1 0.696094 0.520139 0.03125 0.0361111
1 0.5875 0.477083 0.0140625 0.0208333
1 0.488281 0.653472 0.0273438 0.0430556
1 0.509375 0.430556 0.0289063 0.0305556
1 0.848437 0.515278 0.0375 0.0340278
1 0.588672 0.644444 0.0265625 0.0319444
1 0.9875 0.452778 0.025 0.0666667
1 0.476562 0.589583 0.028125 0.0458333
1 0.76875 0.521528 0.05 0.0555556
1 0.584766 0.433333 0.0148437 0.0305556
1 0.489062 0.664583 0.03125 0.0347222
1 0.649219 0.805556 0.0328125 0.0361111
1 0.678906 0.445139 0.0296875 0.0340278
1 0.706641 0.571528 0.034375 0.0430556
1 0.539844 0.697917 0.021875 0.0402778
1 0.625781 0.455903 0.025 0.0354167
1 0.6625 0.484028 0.021875 0.0291667
1 0.54375 0.496528 0.021875 0.0361111
1 0.635156 0.60625 0.028125 0.0263889
1 0.546094 0.504167 0.025 0.0333333
1 0.480469 0.500694 0.0296875 0.04375
1 0.639844 0.546528 0.0242187 0.0458333
1 0.51875 0.4875 0.028125 0.0541667
1 0.478125 0.546875 0.028125 0.0354167
1 0.513281 0.526389 0.0304688 0.0513889
1 0.521875 0.478472 0.0234375 0.0388889
1 0.692969 0.524306 0.0296875 0.0402778
1 0.71875 0.570139 0.05 0.0354167
1 0.658594 0.477778 0.01875 0.0347222
1 0.698438 0.572917 0.0234375 0.0416667
1 0.665625 0.475 0.021875 0.0388889
1 0.720703 0.570486 0.0351562 0.0402778
1 0.749219 0.460764 0.021875 0.0402778
1 0.394531 0.524306 0.0320312 0.0333333
1 0.993359 0.310243 0.0132813 0.0288194
1 0.358984 0.424306 0.0359375 0.0361111
1 0.744922 0.469792 0.0210938 0.0284722
1 0.889844 0.385069 0.0359375 0.0423611
1 0.589063 0.514583 0.0203125 0.0291667
1 0.85 0.520139 0.028125 0.0388889
1 0.853125 0.449653 0.0203125 0.0409722
1 0.342969 0.444097 0.0664062 0.144444
1 0.532812 0.490278 0.025 0.0513889
1 0.219531 0.559722 0.0445312 0.0486111
1 0.648438 0.486806 0.0328125 0.03125
1 0.586719 0.377083 0.0203125 0.0361111
1 0.625781 0.678472 0.0296875 0.0319444
1 0.989062 0.442014 0.021875 0.0465278
1 0.458984 0.836111 0.0445312 0.0388889
1 0.548047 0.498958 0.0289063 0.0340278
1 0.433594 0.601389 0.015625 0.0291667
1 0.376563 0.534722 0.0289063 0.0638889
1 0.540234 0.603125 0.0226563 0.0208333
1 0.226562 0.654167 0.0554687 0.0847222
1 0.639844 0.556944 0.0234375 0.0354167
1 0.589453 0.368056 0.0203125 0.0534722
1 0.641406 0.532639 0.0203125 0.0298611
1 0.511719 0.533333 0.0289063 0.0458333
1 0.539062 0.546181 0.028125 0.0423611
1 0.515625 0.534028 0.028125 0.0402778
1 0.53125 0.483681 0.0390625 0.0381944
1 0.400781 0.526389 0.0226563 0.0347222
1 0.53125 0.578472 0.0195312 0.0291667
1 0.386328 0.522569 0.0367187 0.0319444
1 0.536719 0.55625 0.0328125 0.0361111
1 0.860937 0.503125 0.01875 0.0368056
1 0.216406 0.554167 0.0476562 0.0430556
1 0.590234 0.357639 0.0210938 0.0409722
1 0.617969 0.690972 0.025 0.0444444
1 0.55 0.504167 0.0234375 0.0291667
1 0.214062 0.65625 0.0769531 0.0916667
1 0.984375 0.330903 0.01875 0.0208333
1 0.485156 0.595486 0.0234375 0.0444444
1 0.357031 0.417708 0.0421875 0.0743056
1 0.648438 0.615278 0.03125 0.0361111
1 0.588672 0.540625 0.0203125 0.0381944
1 0.519531 0.560417 0.015625 0.03125
1 0.850781 0.447917 0.0171875 0.0333333
1 0.475 0.582986 0.0296875 0.0513889
1 0.480859 0.609028 0.01875 0.05
1 0.585938 0.540278 0.025 0.0486111
1 0.546484 0.542014 0.0226563 0.0430556
1 0.444922 0.429167 0.0304688 0.0583333
1 0.542578 0.577083 0.01875 0.0291667
1 0.635938 0.802778 0.0140625 0.0263889
1 0.582031 0.396181 0.0195312 0.0229167
1 0.539844 0.531944 0.0328125 0.0416667
1 0.514063 0.502778 0.0296875 0.0805556
1 0.471094 0.755556 0.021875 0.0305556
1 0.507812 0.708333 0.0109375 0.0277778
1 0.640625 0.572917 0.01875 0.0236111
1 0.623047 0.616667 0.0179687 0.0305556
1 0.730469 0.590625 0.03125 0.0708333
1 0.483594 0.470139 0.025 0.0388889
1 0.590625 0.634722 0.021875 0.0305556
1 0.707812 0.566667 0.028125 0.0430556
1 0.45625 0.601736 0.065625 0.0423611
1 0.751562 0.534722 0.0203125 0.0402778
1 0.736328 0.602083 0.0195312 0.0277778
1 0.637109 0.493403 0.0195312 0.0305556
1 0.49375 0.653472 0.0320312 0.0402778
1 0.358203 0.425 0.0375 0.0513889
1 0.514063 0.432639 0.0203125 0.0354167
1 0.699219 0.564583 0.0234375 0.0388889
1 0.633594 0.825 0.065625 0.075
1 0.490625 0.454167 0.0351562 0.0472222
1 0.5875 0.516667 0.021875 0.0409722
1 0.870313 0.457639 0.04375 0.0486111
0 0.853125 0.112066 0.01875 0.0182292
1 0.585156 0.128559 0.0125 0.0189236
1 0.983203 0.453819 0.0335938 0.0715278
0 0.633984 0.826389 0.0703125 0.0875
1 0.446094 0.752083 0.015625 0.0277778
1 0.216992 0.680729 0.0722656 0.138542
1 0.635938 0.577083 0.0265625 0.0222222
1 0.329688 0.457986 0.0402344 0.105556
1 0.842188 0.520833 0.028125 0.0444444
0 0.632031 0.802778 0.071875 0.0388889
1 0.514063 0.479167 0.03125 0.0520833
1 0.884375 0.446875 0.034375 0.0319444
1 0.934375 0.335417 0.015625 0.0208333
1 0.596094 0.662847 0.0140625 0.0166667
1 0.484375 0.546528 0.0375 0.0347222
1 0.838281 0.34375 0.0109375 0.0166667
1 0.438672 0.598611 0.0265625 0.05
1 0.544141 0.479861 0.021875 0.0361111
1 0.323828 0.472917 0.028125 0.075
1 0.728906 0.616667 0.0328125 0.0486111
1 0.76875 0.534722 0.053125 0.0777778
1 0.488672 0.496875 0.0320312 0.0548611
1 0.579687 0.436111 0.0234375 0.0416667
1 0.641406 0.51875 0.0210938 0.0361111
1 0.645312 0.54375 0.025 0.0416667
1 0.371094 0.570139 0.0703125 0.136111
1 0.449219 0.847222 0.0203125 0.0555556
1 0.502344 0.515278 0.04375 0.0743056
1 0.726172 0.469444 0.0195312 0.025
1 0.672656 0.449306 0.0359375 0.0472222
1 0.994531 0.294097 0.0109375 0.0190972
1 0.849219 0.467361 0.0171875 0.0375
1 0.54375 0.698438 0.0328125 0.0475694
1 0.542969 0.720833 0.021875 0.0722222
1 0.637109 0.504861 0.0203125 0.0381944
1 0.596875 0.352778 0.0234375 0.0347222
1 0.642187 0.114063 0.009375 0.021875
1 0.534375 0.713889 0.03125 0.0680556
1 0.480078 0.135243 0.009375 0.0243056
1 0.749219 0.426736 0.0203125 0.0298611
1 0.496875 0.540278 0.0421875 0.0444444
1 0.472656 0.772222 0.0234375 0.0555556
1 0.525 0.482292 0.0265625 0.0402778
1 0.469922 0.564583 0.0375 0.0458333
1 0.848437 0.496528 0.021875 0.0319444
1 0.453125 0.847222 0.0242187 0.0569444
1 0.673828 0.522569 0.0421875 0.0229167
1 0.628125 0.607639 0.021875 0.025
1 0.210986 0.614583 0.0749023 0.105556
1 0.212891 0.597569 0.0625 0.128472
1 0.480469 0.467361 0.0296875 0.0472222
1 0.989844 0.326736 0.0203125 0.0236111
1 0.746094 0.478819 0.0234375 0.0277778
1 0.520312 0.565972 0.03125 0.0215278
1 0.588281 0.647222 0.0328125 0.0326389
1 0.679688 0.467361 0.0335938 0.0416667
1 0.54375 0.744444 0.0140625 0.0333333
1 0.483594 0.671875 0.028125 0.0409722
1 0.514844 0.573611 0.025 0.0388889
1 0.985937 0.461806 0.028125 0.0611111
0 0.54375 0.545833 0.0203125 0.0395833
1 0.527344 0.710938 0.0453125 0.0753472
1 0.528125 0.510764 0.0453125 0.0722222
0 0.582812 0.436111 0.015625 0.0375
1 0.896875 0.386111 0.025 0.0375
1 0.745313 0.545833 0.0984375 0.101389
1 0.197461 0.699826 0.0324219 0.105903
1 0.623047 0.445486 0.0304688 0.0375
1 0.459375 0.838889 0.040625 0.0555556
1 0.586328 0.477083 0.0164062 0.0291667
1 0.632812 0.8125 0.0703125 0.0555556
1 0.464844 0.523611 0.0351562 0.0722222
1 0.614062 0.683333 0.0257812 0.0416667
0 0.535937 0.623958 0.0273438 0.0347222
1 0.224414 0.629514 0.05625 0.0520833
1 0.595312 0.347569 0.021875 0.03125
1 0.536719 0.610764 0.0265625 0.0347222
0 0.642578 0.545139 0.0179687 0.0388889
1 0.577344 0.545833 0.03125 0.0597222
1 0.608203 0.578472 0.00859375 0.0208333
1 0.689062 0.485417 0.0296875 0.0652778
1 0.485156 0.587847 0.028125 0.0423611
1 0.326562 0.151215 0.0148437 0.0184028
0 0.847656 0.111458 0.0125 0.015625
1 0.369141 0.521181 0.0429688 0.0333333
1 0.754687 0.417014 0.025 0.0402778
1 0.478125 0.601736 0.034375 0.0368056
1 0.4625 0.698438 0.0617188 0.0642361
1 0.459375 0.631944 0.0734375 0.104167
1 0.955469 0.535417 0.015625 0.0326389
0 0.993359 0.310243 0.0132813 0.0288194
1 0.609375 0.629167 0.0195312 0.0361111
1 0.439063 0.613889 0.0226563 0.0319444
1 0.189844 0.65625 0.028125 0.0486111
1 0.323828 0.149653 0.0152344 0.021875
1 0.588672 0.129427 0.0132813 0.0173611
1 0.488672 0.636111 0.03125 0.05
1 0.871094 0.470486 0.04375 0.0465278
1 0.446875 0.715278 0.0234375 0.0583333
1 0.7125 0.5125 0.028125 0.0375
1 0.2125 0.575694 0.053125 0.0819444
1 0.487109 0.567361 0.0382813 0.0416667
1 0.834375 0.352083 0.009375 0.0125
1 0.495313 0.709028 0.0234375 0.0388889
1 0.471094 0.745833 0.0203125 0.0416667
1 0.207813 0.645139 0.0648438 0.0819444
1 0.617188 0.474306 0.0265625 0.0277778
1 0.459375 0.589583 0.059375 0.0763889
1 0.530469 0.633333 0.0359375 0.0569444
1 0.433984 0.659028 0.025 0.05
1 0.588281 0.6375 0.025 0.0333333
1 0.725781 0.474653 0.059375 0.0527778
1 0.750781 0.522917 0.021875 0.0472222
1 0.684766 0.465278 0.0335938 0.0416667
1 0.4625 0.654861 0.0703125 0.0652778
0 0.00874023 0.174306 0.0166504 0.0184028
1 0.46875 0.561111 0.03125 0.0694444
1 0.532422 0.720833 0.040625 0.075
1 0.7125 0.563889 0.0632813 0.0472222
1 0.4625 0.820833 0.040625 0.0638889
1 0.535937 0.638194 0.0296875 0.0576389
1 0.570312 0.53125 0.0421875 0.0361111
1 0.739844 0.451389 0.0414063 0.05625
1 0.747656 0.540972 0.078125 0.0840278
1 0.198633 0.681944 0.0386719 0.118056
1 0.610547 0.6875 0.0421875 0.0444444
1 0.405469 0.381944 0.0125 0.0180556
1 0.71875 0.589236 0.0546875 0.0791667
1 0.401563 0.524306 0.0375 0.0388889
0 0.632812 0.8125 0.0703125 0.0555556
0 0.892187 0.382639 0.028125 0.0347222
1 0.218945 0.552083 0.040625 0.0347222
1 0.748047 0.465972 0.021875 0.0333333
1 0.539844 0.691493 0.01875 0.028125
1 0.88125 0.454514 0.025 0.0361111
1 0.642969 0.543056 0.015625 0.0375
1 0.37959 0.519444 0.0220703 0.0319444
1 0.61875 0.686806 0.0210938 0.0375
1 0.859375 0.509722 0.021875 0.0361111
1 0.772266 0.383333 0.0257812 0.0305556
1 0.470313 0.50625 0.0226563 0.0375
1 0.535937 0.623958 0.0273438 0.0347222
1 0.698828 0.516667 0.0257812 0.0333333
1 0.780469 0.511806 0.028125 0.0333333
1 0.896875 0.379167 0.021875 0.0305556
1 0.449219 0.422569 0.025 0.0479167
1 0.5875 0.533333 0.021875 0.0319444
1 0.357031 0.390972 0.03125 0.0340278
1 0.733203 0.563889 0.0203125 0.0375
1 0.469531 0.786111 0.0265625 0.0444444
1 0.992969 0.428819 0.0140625 0.0208333
1 0.582812 0.436111 0.015625 0.0375
1 0.846094 0.516667 0.0265625 0.0388889
1 0.519141 0.573611 0.015625 0.0319444
1 0.683594 0.441667 0.0234375 0.0333333
1 0.516406 0.427431 0.0148437 0.0326389
1 0.54375 0.545833 0.0203125 0.0395833
1 0.989062 0.432639 0.021875 0.0277778
1 0.839063 0.5125 0.021875 0.0277778
1 0.482422 0.591667 0.015625 0.0388889
1 0.227344 0.6375 0.0515625 0.0444444
1 0.588281 0.530556 0.0179687 0.0305556
1 0.661719 0.479861 0.0164062 0.025
1 0.467187 0.785417 0.0328125 0.0347222
1 0.474219 0.548611 0.025 0.0347222
1 0.485938 0.463889 0.025 0.0319444
1 0.592188 0.352778 0.0171875 0.0319444
1 0.882812 0.390278 0.028125 0.0361111
1 0.625781 0.448958 0.0234375 0.0361111
1 0.642187 0.610764 0.0195312 0.0298611
1 0.658984 0.482292 0.0226563 0.0326389
1 0.695312 0.517708 0.0265625 0.0270833
1 0.450781 0.8375 0.0234375 0.0388889
1 0.489844 0.648958 0.0265625 0.0319444
1 0.622656 0.685417 0.028125 0.0402778
1 0.641406 0.615278 0.0203125 0.0333333
1 0.351562 0.389583 0.021875 0.0319444
1 0.736719 0.463889 0.025 0.0305556
1 0.846094 0.522222 0.021875 0.0375
1 0.444531 0.800694 0.0125 0.0236111
1 0.76875 0.388889 0.028125 0.0402778
1 0.584766 0.642708 0.0195312 0.0277778
1 0.473437 0.50625 0.0265625 0.0430556
1 0.656641 0.802778 0.0203125 0.0333333
1 0.728516 0.56875 0.0320312 0.0347222
1 0.378027 0.525 0.0251953 0.0416667
1 0.774219 0.511806 0.040625 0.0361111
1 0.217578 0.644444 0.0679687 0.0625
1 0.485938 0.665972 0.0234375 0.0333333
1 0.892187 0.382986 0.028125 0.0347222
1 0.588281 0.484028 0.0171875 0.0361111
1 0.219922 0.637847 0.0398437 0.0479167
1 0.696094 0.520139 0.03125 0.0361111
1 0.5875 0.477083 0.0140625 0.0208333
1 0.488281 0.653472 0.0273438 0.0430556
1 0.509375 0.430556 0.0289063 0.0305556
1 0.848437 0.515278 0.0375 0.0340278
1 0.588672 0.644444 0.0265625 0.0319444
1 0.9875 0.452778 0.025 0.0666667
1 0.476562 0.589583 0.028125 0.0458333
1 0.76875 0.521528 0.05 0.05625
1 0.584766 0.433333 0.0148437 0.0305556
1 0.489062 0.664583 0.03125 0.0347222
1 0.678906 0.445139 0.0296875 0.0340278
1 0.649219 0.805556 0.0328125 0.0361111
1 0.706641 0.571528 0.034375 0.0430556
1 0.625781 0.455903 0.025 0.0354167
1 0.539844 0.697917 0.021875 0.0402778
1 0.6625 0.484028 0.021875 0.0291667
1 0.54375 0.496528 0.021875 0.0361111
1 0.635156 0.606597 0.028125 0.0263889
1 0.546094 0.504167 0.025 0.0333333
1 0.480469 0.500694 0.0296875 0.04375
1 0.639844 0.546528 0.0242187 0.0458333
1 0.51875 0.487847 0.028125 0.0548611
1 0.513281 0.526389 0.0296875 0.0513889
1 0.478125 0.546875 0.028125 0.0354167
1 0.521875 0.478472 0.0234375 0.0388889
1 0.692969 0.524306 0.0296875 0.0402778
1 0.71875 0.570139 0.05 0.0354167
1 0.658984 0.477778 0.0195312 0.0347222
1 0.698438 0.572917 0.0234375 0.0416667
1 0.665625 0.475 0.021875 0.0388889
1 0.749219 0.461111 0.021875 0.0402778
1 0.720703 0.570486 0.0351562 0.0402778
1 0.394531 0.524306 0.0320312 0.0333333
1 0.993359 0.310243 0.0132813 0.0288194
1 0.744922 0.469444 0.0210938 0.0291667
1 0.889844 0.385069 0.0359375 0.0423611
1 0.358984 0.424306 0.0359375 0.0361111
1 0.589063 0.514583 0.0203125 0.0291667
1 0.85 0.520139 0.028125 0.0388889
1 0.342969 0.444097 0.0664062 0.144444
1 0.853125 0.449653 0.0203125 0.0409722
1 0.532812 0.490278 0.025 0.0513889
1 0.219531 0.559722 0.0445312 0.0486111
1 0.648438 0.486806 0.0328125 0.03125
1 0.586719 0.377083 0.0203125 0.0361111
1 0.989062 0.442361 0.021875 0.0472222
1 0.625781 0.678472 0.0296875 0.0319444
1 0.458984 0.836111 0.0445312 0.0388889
1 0.548047 0.498958 0.0289063 0.0340278
1 0.433594 0.601389 0.015625 0.0291667
1 0.376563 0.534722 0.0289063 0.0638889
1 0.540234 0.603125 0.0226563 0.0208333
1 0.589453 0.368056 0.0203125 0.0541667
1 0.639844 0.556944 0.0234375 0.0354167
1 0.226367 0.654167 0.0558594 0.0847222
1 0.641406 0.532639 0.0203125 0.0298611
1 0.511719 0.533333 0.0289063 0.0458333
1 0.539062 0.546528 0.028125 0.0430556
1 0.515625 0.534028 0.028125 0.0402778
1 0.53125 0.483681 0.0390625 0.0381944
1 0.400781 0.526389 0.0226563 0.0347222
1 0.53125 0.578125 0.0195312 0.0298611
1 0.536719 0.55625 0.0328125 0.0361111
1 0.386328 0.522222 0.0367187 0.0319444
1 0.860937 0.503472 0.01875 0.0375
1 0.216406 0.554167 0.0476562 0.0430556
1 0.590234 0.357639 0.0210938 0.0409722
1 0.55 0.504167 0.0234375 0.0291667
1 0.617578 0.690972 0.0257812 0.0444444
1 0.214062 0.65625 0.0769531 0.0916667
1 0.984375 0.330903 0.01875 0.0208333
1 0.485156 0.595486 0.0234375 0.0444444
1 0.356641 0.418056 0.0429688 0.075
1 0.648438 0.615278 0.03125 0.0361111
1 0.588672 0.540625 0.0203125 0.0381944
1 0.519531 0.560417 0.015625 0.03125
1 0.850781 0.447917 0.0171875 0.0333333
1 0.475 0.582986 0.0296875 0.0513889
1 0.480859 0.609028 0.01875 0.05
1 0.585938 0.540278 0.025 0.0486111
1 0.546484 0.542014 0.0226563 0.0430556
1 0.444922 0.429167 0.0304688 0.0583333
1 0.542578 0.577083 0.01875 0.0291667
1 0.582031 0.396181 0.0195312 0.0229167
1 0.635938 0.802778 0.0140625 0.0263889
1 0.539844 0.531944 0.0328125 0.0416667
1 0.514063 0.502778 0.0296875 0.0805556
1 0.471094 0.755556 0.021875 0.0305556
1 0.507812 0.708333 0.0109375 0.0277778
1 0.640625 0.572917 0.01875 0.0236111
1 0.623047 0.616667 0.0179687 0.0305556
1 0.730078 0.590278 0.0320312 0.0708333
1 0.590625 0.634722 0.021875 0.0305556
1 0.483594 0.470139 0.025 0.0388889
1 0.707812 0.566667 0.028125 0.0430556
1 0.45625 0.601389 0.065625 0.0430556
1 0.751562 0.534722 0.0203125 0.0402778
1 0.736328 0.602083 0.0195312 0.0277778
1 0.637109 0.493403 0.0195312 0.0305556
1 0.49375 0.653472 0.0320312 0.0402778
1 0.358203 0.425 0.0375 0.0520833
1 0.514063 0.432639 0.0203125 0.0354167
1 0.699219 0.564583 0.0234375 0.0388889
1 0.633594 0.825 0.065625 0.075
1 0.536719 0.541667 0.0328125 0.0458333
1 0.490625 0.454167 0.034375 0.0472222
1 0.5875 0.516667 0.021875 0.0409722
1 0.870313 0.457986 0.04375 0.0493056
1 0.585156 0.128472 0.0125 0.0190972
1 0.983203 0.453819 0.0335938 0.0715278
0 0.853125 0.111979 0.01875 0.0180556
0 0.633984 0.826389 0.0703125 0.0888889
1 0.446094 0.752083 0.0164062 0.0277778
1 0.216797 0.680729 0.0726563 0.138542
1 0.635938 0.577083 0.0265625 0.0222222
1 0.842188 0.520833 0.028125 0.0444444
1 0.329883 0.457639 0.040625 0.105556
0 0.632031 0.802778 0.071875 0.0388889
1 0.514063 0.479167 0.03125 0.0520833
1 0.884375 0.447222 0.034375 0.0319444
1 0.934375 0.335417 0.015625 0.0208333
1 0.596094 0.662847 0.0140625 0.0166667
1 0.838281 0.34375 0.0109375 0.0166667
1 0.484375 0.546528 0.0375 0.0347222
1 0.544141 0.479861 0.021875 0.0361111
1 0.439063 0.598264 0.0265625 0.05
1 0.728906 0.616667 0.0328125 0.0486111
1 0.323828 0.472917 0.028125 0.075
1 0.76875 0.534722 0.053125 0.0777778
1 0.488672 0.497222 0.0320312 0.0555556
1 0.579687 0.436111 0.0234375 0.0416667
1 0.641406 0.51875 0.0210938 0.0361111
1 0.645312 0.54375 0.025 0.0416667
1 0.371094 0.570139 0.0703125 0.136111
1 0.449219 0.847222 0.0203125 0.0555556
1 0.502344 0.515278 0.04375 0.0743056
1 0.994141 0.294097 0.0117188 0.0194444
1 0.672656 0.449306 0.0359375 0.0472222
1 0.726172 0.469444 0.0195312 0.025
1 0.54375 0.698438 0.0328125 0.0475694
1 0.637109 0.504861 0.0203125 0.0388889
1 0.542969 0.720833 0.021875 0.0722222
1 0.596875 0.352778 0.0234375 0.0347222
1 0.849219 0.467361 0.0171875 0.0375
1 0.534375 0.713889 0.03125 0.0694444
1 0.642187 0.114149 0.009375 0.021875
1 0.480078 0.13533 0.009375 0.0244792
1 0.496875 0.540278 0.0421875 0.0444444
1 0.749219 0.426736 0.0203125 0.0298611
1 0.472656 0.772222 0.0234375 0.0555556
1 0.525 0.482292 0.0265625 0.0402778
1 0.469531 0.564583 0.0375 0.0458333
1 0.848437 0.496875 0.021875 0.0326389
1 0.453125 0.847222 0.0242187 0.0569444
1 0.673828 0.522569 0.0421875 0.0229167
1 0.628125 0.607639 0.021875 0.025
1 0.210742 0.614583 0.0746094 0.105556
1 0.989844 0.326736 0.0203125 0.0236111
1 0.746094 0.478819 0.0234375 0.0277778
1 0.480469 0.467361 0.0296875 0.0472222
1 0.212891 0.597569 0.0625 0.128472
1 0.520312 0.565972 0.03125 0.0215278
1 0.588281 0.647222 0.0328125 0.0326389
1 0.679688 0.467361 0.0335938 0.0416667
1 0.54375 0.744444 0.0140625 0.0333333
1 0.483594 0.671875 0.028125 0.0409722
1 0.985937 0.461806 0.028125 0.0611111
1 0.514844 0.573611 0.025 0.0388889
1 0.527344 0.710938 0.0453125 0.0753472
0 0.54375 0.545833 0.0203125 0.0395833
1 0.528125 0.510764 0.0453125 0.0722222
1 0.896875 0.386111 0.025 0.0375
0 0.582812 0.436111 0.015625 0.0375
1 0.744922 0.545833 0.0992187 0.101389
1 0.623047 0.445486 0.0304688 0.0375
1 0.197461 0.699826 0.0324219 0.105903
1 0.586719 0.477083 0.015625 0.0291667
1 0.459375 0.838889 0.040625 0.0555556
1 0.464844 0.523611 0.0351562 0.0722222
1 0.632812 0.8125 0.0703125 0.0555556
1 0.614062 0.683333 0.0265625 0.0416667
0 0.535937 0.623958 0.0273438 0.0347222
1 0.536719 0.610764 0.0265625 0.0347222
1 0.595312 0.347569 0.021875 0.03125
1 0.224219 0.629514 0.05625 0.0520833
0 0.642578 0.545139 0.0179687 0.0388889
1 0.577344 0.545833 0.03125 0.0597222
1 0.326562 0.151215 0.0148437 0.0184028
1 0.608203 0.578472 0.00859375 0.0201389
1 0.689062 0.485417 0.0296875 0.0652778
1 0.485156 0.587847 0.028125 0.0423611
1 0.369141 0.521181 0.0429688 0.0333333
0 0.847656 0.111458 0.0125 0.015625
1 0.754687 0.417014 0.025 0.0402778
1 0.478125 0.601736 0.034375 0.0368056
1 0.4625 0.697917 0.0617188 0.0652778
1 0.459375 0.63125 0.0734375 0.105556
1 0.955469 0.535417 0.015625 0.0326389
1 0.609375 0.629167 0.0195312 0.0368056
0 0.993359 0.310243 0.0132813 0.0288194
1 0.439063 0.613889 0.0226563 0.0319444
1 0.323828 0.149653 0.0152344 0.021875
1 0.189648 0.65625 0.028125 0.0486111
1 0.588672 0.129514 0.0132813 0.0173611
1 0.488672 0.636111 0.03125 0.05
1 0.871094 0.470486 0.04375 0.0465278
1 0.446875 0.715278 0.0234375 0.0583333
1 0.7125 0.5125 0.0289063 0.0375
1 0.2125 0.575694 0.053125 0.0819444
1 0.487109 0.567361 0.0382813 0.0416667
1 0.834375 0.352083 0.009375 0.0125
1 0.495313 0.709028 0.0234375 0.0388889
1 0.207617 0.645139 0.0644531 0.0819444
1 0.471094 0.745833 0.0203125 0.0416667
1 0.617188 0.474306 0.0265625 0.0277778
1 0.459375 0.589583 0.059375 0.0763889
1 0.530469 0.633333 0.0359375 0.0569444
1 0.725781 0.474653 0.059375 0.0527778
1 0.433984 0.659028 0.025 0.05
1 0.588281 0.6375 0.025 0.0333333
1 0.684766 0.465278 0.0335938 0.0416667
1 0.750781 0.522917 0.021875 0.0472222
1 0.4625 0.654861 0.0703125 0.0652778
1 0.46875 0.561111 0.03125 0.0694444
1 0.532031 0.720833 0.040625 0.075
0 0.00874023 0.174306 0.0166016 0.01875
1 0.7125 0.563889 0.0632813 0.0472222
1 0.535937 0.638194 0.0296875 0.0583333
1 0.4625 0.820833 0.040625 0.0638889
1 0.739844 0.451389 0.0414063 0.05625
1 0.570312 0.53125 0.0421875 0.0361111
1 0.610547 0.6875 0.0421875 0.0444444
1 0.747266 0.540972 0.0789063 0.0840278
1 0.405469 0.381944 0.0125 0.0180556
1 0.71875 0.589236 0.0546875 0.0791667
1 0.198633 0.682118 0.0386719 0.119097
1 0.401172 0.524306 0.0382813 0.0388889
0 0.632812 0.8125 0.0703125 0.0555556
