0 0.410156 0.790278 0.0140625 0.0555556
0 0.417969 0.39375 0.015625 0.0604167
0 0.394531 0.528472 0.0148437 0.0555556
0 0.454688 0.9 0.015625 0.05
0 0.434375 0.791667 0.0164062 0.0513889
0 0.432422 0.597569 0.015625 0.0534722
0 0.4625 0.502083 0.015625 0.0513889
0 0.519922 0.303993 0.0148437 0.0607639
0 0.547656 0.108247 0.0148437 0.0536458
0 0.394531 0.211285 0.0125 0.0600694
0 0.443359 0.172049 0.0140625 0.0565972
0 0.540625 0.564583 0.0171875 0.0611111
0 0.457812 0.6375 0.0132813 0.0486111
0 0.469531 0.142882 0.0125 0.0461806
0 0.514844 0.838889 0.0171875 0.0513889
0 0.494141 0.6375 0.015625 0.0541667
0 0.402344 0.209896 0.0140625 0.0618056
0 0.789258 0.6125 0.187109 0.2625
0 0.825781 0.615972 0.264062 0.270833
0 0.395312 0.213194 0.0210938 0.0659722
0 0.456641 0.709722 0.00703125 0.0138889
1 0.158398 0.0466146 0.0101562 0.0194444
0 0.396484 0.209201 0.0148437 0.0684028
0 0.397656 0.528472 0.0203125 0.0569444
0 0.376953 0.126476 0.0484375 0.252951
1 0.204102 0.10434 0.00976562 0.01875
0 0.437891 0.597917 0.0164062 0.0541667
0 0.458594 0.634722 0.01875 0.0513889
1 0.105469 0.115885 0.00917969 0.0189236
1 0.370703 0.465972 0.00859375 0.0152778
0 0.368359 0.848611 0.009375 0.0472222
1 0.0941406 0.113281 0.009375 0.0182292
0 0.368945 0.980556 0.00703125 0.0319444
0 0.379687 0.331597 0.00859375 0.0534722
1 0.803125 0.603819 0.01875 0.0305556
1 0.280078 0.110243 0.00976562 0.0194444
1 0.280859 0.258681 0.00859375 0.0270833
0 0.369336 0.840278 0.00976562 0.0638889
0 0.478906 0.690278 0.0109375 0.025
0 0.370703 0.465972 0.00859375 0.0152778
1 0.220703 0.0232639 0.0078125 0.0217014
1 0.218359 0.0677083 0.0078125 0.0135417
1 0.979688 0.592361 0.021875 0.0486111
0 0.0065918 0.0694444 0.00849609 0.0177083
0 0.367969 0.967361 0.0101562 0.0583333
0 0.369922 0.808333 0.00859375 0.0722222
0 0.36875 0.665972 0.0105469 0.0152778
0 0.00610352 0.198264 0.0101562 0.0208333
1 0.832812 0.493056 0.021875 0.0166667
0 0.489453 0.305556 0.0164062 0.025
1 0.161133 0.0375 0.00898437 0.0177083
1 0.257031 0.247569 0.00859375 0.0180556
1 0.974219 0.600347 0.025 0.0430556
0 0.370313 0.793056 0.00859375 0.0486111
1 0.145703 0.115799 0.00976562 0.0180556
0 0.366992 0.939583 0.0113281 0.1125
0 0.383594 0.0971354 0.0132813 0.0956597
1 0.246484 0.11684 0.00859375 0.0177083
1 0.144922 0.0237847 0.00625 0.0157986
1 0.31875 0.288194 0.0117188 0.0208333
1 0.131641 0.0918403 0.00664063 0.0159722
1 0.310352 0.289236 0.0113281 0.0180556
0 0.00744629 0.0854167 0.009375 0.0215278
0 0.457031 0.663889 0.0125 0.101389
0 0.0941406 0.113281 0.009375 0.0182292
1 0.269531 0.176389 0.00820312 0.0194444
0 0.382031 0.0218316 0.0125 0.0436632
1 0.274414 0.109549 0.0152344 0.0204861
0 0.220703 0.0232639 0.0078125 0.0217014
1 0.307031 0.959028 0.0101562 0.0125
0 0.490625 0.301215 0.0171875 0.0288194
1 0.255469 0.0852431 0.00859375 0.0171875
0 0.486719 0.311458 0.0125 0.0180556
0 0.369727 0.722917 0.0136719 0.104167
0 0.366406 0.861806 0.0109375 0.0319444
0 0.378906 0.336892 0.0101562 0.0706597
1 0.1875 0.0750868 0.0101562 0.0203125
0 0.371875 0.482639 0.0101562 0.0444444
1 0.8 0.604514 0.0234375 0.0340278
1 0.982813 0.663889 0.0265625 0.0291667
1 0.145117 0.0930556 0.009375 0.0190972
1 0.267188 0.0428819 0.009375 0.0177083
1 0.107715 0.0442708 0.00703125 0.0152778
0 0.521094 0.304167 0.021875 0.0618056
0 0.481641 0.706944 0.009375 0.0208333
0 0.158398 0.0466146 0.0101562 0.0194444
0 0.377344 0.399653 0.0117188 0.0791667
1 0.984375 0.593056 0.03125 0.0569444
1 0.0798828 0.0222222 0.00761719 0.0175347
1 0.183984 0.0725694 0.0101562 0.01875
1 0.103516 0.0827257 0.00996094 0.0208333
1 0.29375 0.180208 0.0078125 0.0208333
1 0.24668 0.313368 0.0105469 0.0163194
0 0.105469 0.115885 0.00917969 0.0189236
0 0.345703 0.970833 0.00859375 0.0583333
0 0.00888672 0.13125 0.0113281 0.0208333
1 0.239648 0.0360243 0.0101562 0.0198785
1 0.284766 0.0628255 0.0117188 0.0167101
0 0.414844 0.391667 0.0203125 0.0666667
0 0.280859 0.258681 0.00859375 0.0270833
1 0.58125 0.886111 0.0078125 0.0166667
1 0.547656 0.108247 0.0148437 0.0536458
1 0.456641 0.709722 0.00703125 0.0138889
0 0.594922 0.0642578 0.00625 0.0246094
0 0.364844 0.877778 0.0117188 0.0138889
1 0.436719 0.995139 0.0171875 0.00972222
0 0.055957 0.177431 0.0158203 0.0194444
0 0.513281 0.858333 0.021875 0.0944444
1 0.971875 0.665278 0.01875 0.0375
1 0.98125 0.654167 0.034375 0.0340278
0 0.372656 0.509722 0.0117188 0.0902778
1 0.982813 0.646181 0.034375 0.0333333
0 0.403906 0.866667 0.0078125 0.0166667
1 0.242578 0.040842 0.00859375 0.0233507
0 0.0798828 0.0222222 0.00761719 0.0175347
1 0.294922 0.198437 0.00859375 0.0284722
0 0.364844 0.943056 0.0179687 0.113889
0 0.404687 0.0198025 0.0078125 0.0392144
1 0.260352 0.0450521 0.0117188 0.0150174
1 0.263672 0.0363715 0.0101562 0.0182292
1 0.976562 0.597222 0.0265625 0.0527778
1 0.839063 0.494444 0.028125 0.0222222
0 0.463281 0.637153 0.0195312 0.0486111
0 0.280078 0.110243 0.00976562 0.0194444
1 0.0700195 0.0860243 0.0109375 0.0196181
1 0.0686035 0.202778 0.0135742 0.0152778
0 0.420703 0.394444 0.0226563 0.0625
1 0.864844 0.494444 0.015625 0.0222222
0 0.396094 0.865278 0.009375 0.0180556
0 0.457422 0.652778 0.0148437 0.0819444
0 0.370313 0.644444 0.0117188 0.0520833
1 0.0615234 0.209375 0.0136719 0.0194444
0 0.366406 0.826389 0.0164062 0.108333
1 0.196289 0.0872396 0.0128906 0.0267361
0 0.593359 0.263542 0.009375 0.0229167
0 0.305469 0.980556 0.0132813 0.0277778
1 0.055957 0.177431 0.0158203 0.0194444
0 0.00646973 0.221528 0.00996094 0.0222222
1 0.292578 0.311979 0.0105469 0.0190972
1 0.95625 0.576389 0.0125 0.0305556
1 0.263086 0.0791667 0.009375 0.0152778
0 0.0686035 0.202778 0.0135742 0.0152778
0 0.442187 0.599653 0.0117188 0.0534722
1 0.15625 0.113889 0.00585938 0.0161458
1 0.0461426 0.178993 0.0104492 0.0135417
1 0.305469 0.980556 0.0132813 0.0277778
1 0.14668 0.0365017 0.0105469 0.0318576
1 0.0567383 0.220139 0.0125 0.0180556
1 0.220898 0.0398872 0.00820312 0.0209201
0 0.0567383 0.220139 0.0125 0.0180556
1 0.4625 0.502083 0.015625 0.0513889
1 0.36875 0.665972 0.0105469 0.0152778
1 0.246875 0.288889 0.0117188 0.0180556
0 0.482812 0.327865 0.00625 0.0192708
0 0.307031 0.959028 0.0101562 0.0125
1 0.021582 0.129514 0.0115234 0.0184028
0 0.37168 0.638889 0.0121094 0.0597222
1 0.00744629 0.0854167 0.009375 0.0215278
1 0.291016 0.0610894 0.0109375 0.0215712
1 0.284766 0.256076 0.0140625 0.021875
1 0.954687 0.688194 0.015625 0.0430556
1 0.801562 0.613542 0.0203125 0.0319444
1 0.0445312 0.0429688 0.00605469 0.0148437
1 0.19043 0.0723958 0.0101562 0.0211806
1 0.594922 0.0642578 0.00625 0.0246094
1 0.0869141 0.155556 0.0136719 0.0152778
1 0.0629883 0.0791667 0.0101562 0.0204861
1 0.204492 0.0212565 0.0078125 0.0241536
1 0.321094 0.113715 0.0101562 0.0180556
1 0.200195 0.10816 0.01875 0.021875
1 0.0939453 0.0171875 0.00722656 0.0228299
1 0.974219 0.637153 0.05 0.117361
0 0.00705566 0.184722 0.0119141 0.021875
1 0.979688 0.615625 0.03125 0.0277778
0 0.204102 0.10434 0.00976562 0.01875
1 0.263672 0.298611 0.009375 0.0211806
1 0.20332 0.0990451 0.0132813 0.0256944
1 0.593359 0.263542 0.009375 0.0229167
0 0.29375 0.180208 0.0078125 0.0208333
1 0.494141 0.6375 0.015625 0.0541667
0 0.435156 0.595833 0.021875 0.0659722
1 0.0584473 0.06875 0.009375 0.0173611
1 0.289844 0.340278 0.0117188 0.0263889
0 0.385547 0.347569 0.040625 0.204861
0 0.144922 0.0237847 0.00625 0.0157986
0 0.145703 0.115799 0.00976562 0.0180556
1 0.205078 0.138542 0.0078125 0.0225694
1 0.957812 0.674306 0.0203125 0.0472222
1 0.213281 0.0779514 0.0101562 0.0204861
1 0.269141 0.0935764 0.0078125 0.0194444
0 0.436719 0.995139 0.0171875 0.00972222
1 0.037793 0.167708 0.0103516 0.0180556
0 0.459375 0.901389 0.0242187 0.0527778
1 0.309375 0.316667 0.0101562 0.0208333
1 0.859375 0.496528 0.025 0.0263889
0 0.367969 0.659375 0.015625 0.0229167
1 0.0065918 0.0694444 0.00849609 0.0177083
1 0.368945 0.980556 0.00703125 0.0319444
0 0.021582 0.129514 0.0115234 0.0184028
1 0.289453 0.173611 0.0101562 0.0243056
0 0.378809 0.301736 0.0111328 0.0923611
0 0.310352 0.289236 0.0113281 0.0180556
1 0.288281 0.301736 0.0109375 0.0194444
0 0.0725586 0.0229167 0.0101562 0.0164931
0 0.0700195 0.0860243 0.0109375 0.0196181
0 0.596094 0.0472222 0.0078125 0.0284722
0 0.404687 0.108485 0.0117188 0.153168
1 0.489453 0.305556 0.0164062 0.025
1 0.964063 0.59375 0.025 0.0444444
0 0.292578 0.311979 0.0105469 0.0190972
0 0.369141 0.708333 0.0132813 0.0763889
0 0.392969 0.501389 0.0203125 0.101389
1 0.12207 0.090191 0.0105469 0.0171875
1 0.270312 0.139931 0.00859375 0.0208333
1 0.294336 0.217361 0.009375 0.0215278
0 0.00625 0.015549 0.00742187 0.0248047
0 0.380469 0.528819 0.0125 0.0659722
1 0.05625 0.240972 0.0130859 0.0184028
0 0.466797 0.150347 0.0171875 0.0597222
1 0.0381836 0.120486 0.00976562 0.021875
1 0.188281 0.121181 0.00976562 0.0182292
0 0.0611328 0.208681 0.0185547 0.0229167
1 0.0611328 0.208681 0.0185547 0.0229167
0 0.453906 0.161285 0.00859375 0.0451389
0 0.411328 0.119444 0.0382813 0.238889
1 0.0725586 0.0229167 0.0101562 0.0164931
0 0.204492 0.0212565 0.0078125 0.0241536
0 0.0461426 0.178993 0.0104492 0.0135417
0 0.00571289 0.282465 0.00751953 0.0288194
0 0.592188 0.286285 0.0078125 0.0590278
1 0.307031 0.929861 0.0101562 0.0194444
0 0.401563 0.211979 0.0273438 0.0663194
0 0.257031 0.247569 0.00859375 0.0180556
1 0.120312 0.0618924 0.0105469 0.0166667
1 0.271289 0.19375 0.0105469 0.0284722
1 0.284766 0.954861 0.009375 0.0138889
1 0.971094 0.684722 0.0171875 0.0583333
0 0.435547 0.7875 0.0171875 0.0666667
0 0.463672 0.29375 0.0125 0.0170139
1 0.828906 0.495139 0.028125 0.0208333
1 0.95625 0.561806 0.0125 0.0236111
1 0.55625 0.293056 0.0078125 0.0125
1 0.103418 0.0743056 0.0113281 0.0302083
0 0.218359 0.0677083 0.0078125 0.0135417
1 0.0583008 0.134549 0.0115234 0.0225694
0 0.404687 0.469444 0.00859375 0.0513889
1 0.26875 0.979167 0.0078125 0.0222222
1 0.403906 0.866667 0.0078125 0.0166667
0 0.379297 0.434028 0.00859375 0.0472222
0 0.407031 0.456944 0.009375 0.0361111
0 0.131641 0.0918403 0.00664063 0.0159722
0 0.371875 0.442708 0.009375 0.0416667
1 0.971875 0.634028 0.053125 0.159722
0 0.274414 0.109549 0.0152344 0.0204861
0 0.345313 0.956944 0.00703125 0.0833333
0 0.0128906 0.124913 0.0126953 0.0220486
0 0.385547 0.529167 0.0140625 0.0611111
1 0.0582031 0.0467014 0.00742187 0.0159722
1 0.785937 0.601736 0.0265625 0.0375
0 0.591797 0.303472 0.00859375 0.0854167
0 0.552734 0.107726 0.0265625 0.0555556
1 0.817969 0.599306 0.0140625 0.0333333
1 0.394531 0.528472 0.0140625 0.05625
0 0.00708008 0.158333 0.00957031 0.0180556
0 0.0110352 0.0800347 0.012207 0.0190972
1 0.291992 0.050434 0.00820312 0.0197917
1 0.181445 0.0826389 0.0128906 0.0319444
1 0.975 0.605556 0.0484375 0.0798611
1 0.320703 0.0167535 0.00898437 0.0226563
0 0.485938 0.687326 0.0226563 0.0225694
1 0.469531 0.142882 0.0125 0.0461806
0 0.436328 0.794444 0.0203125 0.0611111
0 0.840234 0.675 0.319531 0.445833
0 0.58125 0.886111 0.0078125 0.0166667
1 0.0327148 0.157813 0.0132813 0.0163194
0 0.00583496 0.243403 0.00727539 0.01875
1 0.090625 0.118576 0.0136719 0.021875
1 0.22207 0.161458 0.0105469 0.0180556
1 0.265625 0.170139 0.0117188 0.0208333
0 0.385547 0.659722 0.0140625 0.0208333
1 0.0128906 0.124913 0.0126953 0.0220486
1 0.210156 0.0708333 0.0125 0.0180556
1 0.0900391 0.154167 0.0121094 0.0180556
1 0.540625 0.563889 0.0164062 0.0638889
1 0.985937 0.659028 0.0265625 0.0319444
1 0.16416 0.0496962 0.0119141 0.0231771
0 0.383594 0.112869 0.0125 0.141623
1 0.256445 0.263889 0.00898437 0.025
1 0.309375 0.247396 0.00976562 0.0177083
1 0.433594 0.597569 0.0171875 0.0541667
1 0.00610352 0.198264 0.0101562 0.0208333
0 0.48125 0.143403 0.0109375 0.0458333
1 0.807813 0.514583 0.015625 0.0263889
0 0.370703 0.498611 0.025 0.0861111
1 0.129688 0.0282986 0.0078125 0.0244792
1 0.141211 0.0322049 0.0140625 0.0208333
1 0.128711 0.0386285 0.00859375 0.0255208
0 0.594141 0.0838542 0.00625 0.0539931
0 0.31875 0.288194 0.0117188 0.0208333
0 0.374609 0.295139 0.0148437 0.0756944
0 0.410156 0.790278 0.0140625 0.0555556
0 0.417969 0.39375 0.015625 0.0604167
0 0.394531 0.528472 0.0148437 0.0555556
0 0.454688 0.9 0.015625 0.05
0 0.434375 0.791667 0.0164062 0.0513889
0 0.432422 0.597917 0.015625 0.0541667
0 0.4625 0.502083 0.015625 0.0513889
0 0.519922 0.303993 0.0148437 0.0607639
0 0.547656 0.108247 0.0148437 0.0536458
0 0.394531 0.211285 0.0125 0.0600694
0 0.443359 0.172049 0.0140625 0.0565972
0 0.540625 0.564583 0.0171875 0.0611111
0 0.457812 0.6375 0.0132813 0.0486111
0 0.469531 0.142882 0.0125 0.0461806
0 0.514844 0.838889 0.0171875 0.0513889
0 0.494141 0.6375 0.015625 0.0548611
0 0.402344 0.209896 0.0140625 0.0618056
0 0.435156 0.597222 0.021875 0.0541667
0 0.789258 0.6125 0.187109 0.2625
0 0.403906 0.209028 0.009375 0.0618056
0 0.825781 0.615972 0.264062 0.270833
0 0.395312 0.213194 0.0210938 0.0659722
0 0.456641 0.709028 0.00703125 0.0125
1 0.158398 0.0467014 0.0101562 0.0194444
0 0.396484 0.209375 0.0148437 0.0680556
0 0.397656 0.528472 0.0203125 0.0569444
0 0.376953 0.126476 0.0484375 0.252951
1 0.204102 0.10434 0.00976562 0.01875
0 0.458594 0.634375 0.01875 0.0513889
1 0.105469 0.115885 0.00917969 0.0189236
1 0.370703 0.465972 0.00859375 0.0152778
0 0.368359 0.848611 0.009375 0.0472222
1 0.0941406 0.113281 0.009375 0.0182292
0 0.368945 0.980556 0.00703125 0.0319444
0 0.379687 0.331597 0.00859375 0.0527778
1 0.803125 0.603819 0.01875 0.0305556
1 0.280078 0.11033 0.00976562 0.0196181
1 0.280859 0.258681 0.00859375 0.0270833
0 0.369141 0.840278 0.009375 0.0638889
0 0.478906 0.689583 0.0109375 0.025
0 0.370703 0.465972 0.00859375 0.0152778
1 0.220703 0.0233507 0.0078125 0.0217014
1 0.218359 0.0677951 0.0078125 0.0137153
1 0.979688 0.592361 0.021875 0.0486111
0 0.367969 0.967361 0.0101562 0.0583333
0 0.00656738 0.0694444 0.00854492 0.0177083
0 0.369922 0.808333 0.00859375 0.0722222
0 0.36875 0.665972 0.0105469 0.0152778
0 0.00610352 0.198264 0.0102051 0.0208333
1 0.832812 0.493056 0.021875 0.0166667
0 0.489453 0.305556 0.0164062 0.025
1 0.161133 0.0375 0.00898437 0.0177083
1 0.257031 0.247569 0.00859375 0.0180556
1 0.974219 0.600347 0.025 0.0430556
0 0.370313 0.793056 0.00859375 0.0472222
1 0.145703 0.115799 0.00976562 0.0180556
0 0.366992 0.939583 0.0113281 0.1125
0 0.383594 0.0971354 0.0132813 0.0956597
1 0.144922 0.0237847 0.00625 0.0157986
1 0.246484 0.11684 0.00859375 0.0177083
1 0.31875 0.288194 0.0117188 0.0208333
1 0.131543 0.0918403 0.00664063 0.0159722
1 0.310352 0.289236 0.0113281 0.0180556
0 0.0074707 0.0854167 0.009375 0.0215278
0 0.457031 0.663889 0.0125 0.102778
0 0.0941406 0.113281 0.009375 0.0182292
1 0.269531 0.176563 0.00820312 0.0194444
0 0.382031 0.0218316 0.0125 0.0436632
1 0.274414 0.109549 0.0152344 0.0204861
0 0.220703 0.0233507 0.0078125 0.0217014
1 0.307031 0.959028 0.0101562 0.0125
1 0.255469 0.0852431 0.00859375 0.0171875
0 0.490625 0.301215 0.0171875 0.0288194
0 0.486719 0.311632 0.0125 0.0180556
0 0.369727 0.722917 0.0136719 0.104167
0 0.366406 0.861806 0.0109375 0.0319444
1 0.1875 0.0750868 0.0101562 0.0203125
0 0.378906 0.336892 0.0101562 0.0706597
0 0.371875 0.482639 0.0101562 0.0444444
1 0.8 0.604514 0.0234375 0.0340278
1 0.982813 0.663542 0.0265625 0.0298611
1 0.145117 0.0930556 0.009375 0.0192708
1 0.107715 0.0443576 0.00703125 0.0152778
1 0.267188 0.0429688 0.009375 0.0176215
0 0.521094 0.304167 0.021875 0.0618056
0 0.481641 0.706944 0.009375 0.0208333
0 0.377344 0.4 0.0117188 0.0791667
0 0.158398 0.0467014 0.0101562 0.0194444
1 0.984375 0.593056 0.03125 0.0569444
1 0.183984 0.0725694 0.0101562 0.0189236
1 0.0798828 0.0221788 0.00761719 0.0174479
1 0.103516 0.0827257 0.0101562 0.0208333
1 0.29375 0.180208 0.0078125 0.0204861
1 0.24668 0.313368 0.0105469 0.0163194
0 0.105469 0.115885 0.00917969 0.0189236
0 0.345703 0.970833 0.00859375 0.0583333
1 0.239648 0.0360243 0.0101562 0.0198785
1 0.284766 0.062934 0.0109375 0.0166667
0 0.00891113 0.13125 0.0113281 0.0208333
0 0.414844 0.391667 0.0203125 0.0666667
0 0.280859 0.258681 0.00859375 0.0270833
1 0.58125 0.886111 0.0078125 0.0166667
1 0.547656 0.108247 0.0148437 0.0536458
1 0.456641 0.709028 0.00703125 0.0125
0 0.594922 0.0642578 0.00625 0.0246094
0 0.365039 0.877778 0.0117188 0.0138889
1 0.436719 0.995139 0.0171875 0.00972222
0 0.513672 0.858333 0.0210938 0.0944444
0 0.055957 0.177431 0.0158203 0.0194444
1 0.971875 0.664931 0.01875 0.0381944
1 0.98125 0.654167 0.034375 0.0340278
0 0.372656 0.509722 0.0117188 0.0902778
1 0.982813 0.646181 0.034375 0.0333333
1 0.242578 0.0408854 0.00859375 0.0232639
0 0.403906 0.866667 0.0078125 0.0166667
1 0.294922 0.198437 0.00859375 0.0284722
0 0.365039 0.943056 0.0175781 0.1125
0 0.0798828 0.0221788 0.00761719 0.0174479
1 0.260352 0.0450521 0.0117188 0.0151042
1 0.263672 0.0364583 0.0101562 0.018316
0 0.404687 0.0198025 0.0078125 0.0392144
1 0.839063 0.494444 0.028125 0.0222222
1 0.976562 0.597222 0.0265625 0.0527778
0 0.463281 0.637153 0.0195312 0.0486111
1 0.0700195 0.0859375 0.0107422 0.0197917
0 0.280078 0.11033 0.00976562 0.0196181
1 0.0686035 0.202778 0.0135742 0.0152778
0 0.420703 0.394444 0.0226563 0.0625
1 0.864844 0.494444 0.015625 0.0222222
0 0.396094 0.865278 0.009375 0.0180556
0 0.457422 0.652778 0.0148437 0.0819444
0 0.370313 0.644444 0.0117188 0.0520833
1 0.0614746 0.209375 0.0136719 0.0194444
0 0.366406 0.826389 0.0164062 0.108333
1 0.196289 0.0872396 0.0128906 0.0267361
0 0.593359 0.263542 0.009375 0.0229167
1 0.055957 0.177431 0.0158203 0.0194444
0 0.305469 0.980556 0.0132813 0.0277778
1 0.263086 0.0791667 0.009375 0.0152778
1 0.292578 0.312153 0.0105469 0.01875
0 0.00649414 0.221528 0.00996094 0.0222222
1 0.95625 0.576389 0.0125 0.0305556
0 0.0686035 0.202778 0.0135742 0.0152778
1 0.15625 0.113889 0.00585938 0.0161458
0 0.442187 0.599653 0.0117188 0.0534722
1 0.0567383 0.219965 0.0125 0.0184028
1 0.14668 0.0365017 0.0105469 0.0318576
1 0.220898 0.0399306 0.00820312 0.0209201
1 0.0461914 0.178993 0.0103516 0.0135417
1 0.305469 0.980556 0.0132813 0.0277778
0 0.0567383 0.219965 0.0125 0.0184028
1 0.246875 0.288889 0.0117188 0.0180556
1 0.4625 0.502083 0.015625 0.0513889
1 0.36875 0.665972 0.0105469 0.0152778
0 0.307031 0.959028 0.0101562 0.0125
1 0.0216064 0.129514 0.0115723 0.0184028
0 0.482812 0.328125 0.00625 0.01875
1 0.0074707 0.0854167 0.009375 0.0215278
0 0.37168 0.638889 0.0121094 0.0597222
1 0.291016 0.0610894 0.0109375 0.0215712
1 0.284766 0.255903 0.0140625 0.0222222
1 0.0445312 0.0429688 0.00605469 0.0147569
1 0.801562 0.613194 0.0203125 0.0319444
1 0.954687 0.688194 0.015625 0.0430556
1 0.19043 0.0723958 0.0101562 0.0211806
1 0.0629883 0.0791667 0.0101562 0.0204861
1 0.204492 0.0212674 0.0078125 0.0241319
1 0.594922 0.0642578 0.00625 0.0246094
1 0.321094 0.113715 0.0101562 0.0180556
1 0.0869141 0.155556 0.0136719 0.0149306
1 0.0939453 0.0171875 0.00722656 0.0228299
1 0.200391 0.10816 0.01875 0.021875
1 0.974219 0.6375 0.05 0.118056
0 0.00708008 0.184722 0.0119141 0.0222222
1 0.979688 0.615972 0.03125 0.0277778
1 0.263672 0.298611 0.009375 0.0211806
0 0.204102 0.10434 0.00976562 0.01875
1 0.20332 0.0990451 0.0132813 0.0256944
1 0.593359 0.263542 0.009375 0.0229167
1 0.0584473 0.0688368 0.009375 0.0171875
0 0.29375 0.180208 0.0078125 0.0204861
1 0.289844 0.340278 0.0117188 0.0263889
1 0.494141 0.6375 0.015625 0.0548611
0 0.385547 0.347569 0.040625 0.204861
1 0.205078 0.138542 0.0078125 0.0225694
0 0.144922 0.0237847 0.00625 0.0157986
0 0.145703 0.115799 0.00976562 0.0180556
1 0.213281 0.0779514 0.0101562 0.0204861
1 0.957812 0.673958 0.0203125 0.0479167
1 0.269141 0.0935764 0.0078125 0.0194444
1 0.0378906 0.167708 0.0103516 0.0180556
0 0.459375 0.901389 0.0242187 0.0527778
0 0.436719 0.995139 0.0171875 0.00972222
1 0.309375 0.316667 0.0101562 0.0208333
1 0.859375 0.496528 0.025 0.0263889
1 0.00656738 0.0694444 0.00854492 0.0177083
1 0.368945 0.980556 0.00703125 0.0319444
0 0.367969 0.659375 0.015625 0.0229167
0 0.0216064 0.129514 0.0115723 0.0184028
1 0.289453 0.173611 0.0101562 0.0243056
0 0.310352 0.289236 0.0113281 0.0180556
0 0.378809 0.302083 0.0111328 0.0923611
1 0.288477 0.301736 0.0109375 0.0190972
0 0.0700195 0.0859375 0.0107422 0.0197917
0 0.0725586 0.0228733 0.0101562 0.0164062
0 0.596094 0.0471788 0.0078125 0.028559
0 0.292578 0.312153 0.0105469 0.01875
1 0.489453 0.305556 0.0164062 0.025
0 0.404687 0.108507 0.0117188 0.153125
1 0.964063 0.59375 0.025 0.0444444
1 0.12207 0.090191 0.0105469 0.0170139
0 0.369141 0.709028 0.0132813 0.0763889
0 0.392969 0.501389 0.0203125 0.101389
1 0.270312 0.139931 0.00859375 0.0204861
1 0.294336 0.217361 0.009375 0.0215278
0 0.00625 0.0154948 0.00742187 0.0248264
0 0.380469 0.528819 0.0125 0.0659722
1 0.05625 0.240972 0.0130859 0.0184028
1 0.0381836 0.120486 0.00976562 0.0217014
0 0.466797 0.150391 0.0171875 0.0596354
1 0.188281 0.121181 0.00976562 0.0180556
1 0.0611328 0.208681 0.0185547 0.0229167
0 0.453906 0.161285 0.00859375 0.0451389
0 0.411328 0.119444 0.0382813 0.238889
0 0.0611328 0.208681 0.0185547 0.0229167
1 0.0725586 0.0228733 0.0101562 0.0164062
0 0.204492 0.0212674 0.0078125 0.0241319
0 0.592188 0.286285 0.0078125 0.0590278
0 0.0461914 0.178993 0.0103516 0.0135417
0 0.00571289 0.282292 0.00751953 0.0291667
1 0.307031 0.929861 0.0101562 0.0194444
0 0.401563 0.212153 0.0273438 0.0659722
1 0.120312 0.0618273 0.0105469 0.0166233
0 0.257031 0.247569 0.00859375 0.0180556
1 0.284766 0.954861 0.009375 0.0138889
0 0.463672 0.29375 0.0125 0.0170139
0 0.435547 0.7875 0.0171875 0.0666667
1 0.271289 0.19375 0.0105469 0.0284722
1 0.55625 0.293056 0.0078125 0.0125
1 0.971094 0.684722 0.0171875 0.0583333
1 0.828906 0.495139 0.028125 0.0208333
0 0.404687 0.469444 0.00859375 0.0513889
1 0.95625 0.561806 0.0125 0.0236111
1 0.103418 0.0743056 0.0113281 0.0302083
1 0.26875 0.979167 0.0078125 0.0222222
1 0.0583984 0.134549 0.0115234 0.0225694
0 0.218359 0.0677951 0.0078125 0.0137153
1 0.403906 0.866667 0.0078125 0.0166667
0 0.379297 0.434028 0.00859375 0.0472222
0 0.407031 0.456944 0.009375 0.0361111
0 0.131543 0.0918403 0.00664063 0.0159722
0 0.371875 0.442708 0.009375 0.0416667
0 0.274414 0.109549 0.0152344 0.0204861
0 0.385156 0.529167 0.0140625 0.0611111
0 0.345313 0.956944 0.00703125 0.0833333
0 0.0128906 0.124913 0.0126953 0.0220486
1 0.971875 0.634375 0.053125 0.160417
1 0.0582031 0.0467014 0.00742187 0.0159722
0 0.591797 0.303299 0.00859375 0.0850694
1 0.785937 0.601736 0.0265625 0.0375
0 0.552734 0.107639 0.0265625 0.0555556
1 0.817969 0.599306 0.0140625 0.0333333
1 0.394531 0.528472 0.0140625 0.05625
0 0.011084 0.0799479 0.0121094 0.0190972
1 0.181445 0.0826389 0.0128906 0.0319444
1 0.291992 0.050434 0.00820312 0.0197917
1 0.320898 0.0167969 0.00898437 0.0226563
1 0.975 0.605556 0.0484375 0.0805556
0 0.00708008 0.158333 0.00957031 0.0180556
1 0.469531 0.142882 0.0125 0.0461806
0 0.485938 0.687326 0.0226563 0.0225694
0 0.840234 0.674653 0.319531 0.445139
0 0.436328 0.794444 0.0203125 0.0611111
0 0.58125 0.886111 0.0078125 0.0166667
1 0.090625 0.118576 0.0136719 0.021875
1 0.0327148 0.157813 0.0132813 0.0163194
1 0.0128906 0.124913 0.0126953 0.0220486
1 0.22207 0.161458 0.0105469 0.0180556
1 0.265625 0.169965 0.0117188 0.0211806
0 0.385547 0.659722 0.0140625 0.0208333
1 0.210156 0.0708333 0.0125 0.0180556
0 0.00585938 0.243403 0.00732422 0.01875
1 0.0900391 0.154167 0.0121094 0.0180556
1 0.540625 0.563889 0.0171875 0.0638889
1 0.164062 0.0496528 0.0121094 0.0232639
1 0.985937 0.659028 0.0265625 0.0319444
1 0.256641 0.263889 0.00859375 0.025
0 0.383594 0.112999 0.0125 0.142057
1 0.00610352 0.198264 0.0102051 0.0208333
1 0.433594 0.597569 0.0171875 0.0541667
1 0.309375 0.247396 0.00976562 0.0177083
1 0.129688 0.0282986 0.00761719 0.0243924
0 0.48125 0.143403 0.0109375 0.0458333
1 0.807813 0.514583 0.015625 0.0263889
1 0.141211 0.0322049 0.0140625 0.0208333
0 0.370703 0.498611 0.025 0.0861111
1 0.128711 0.0386285 0.00859375 0.0255208
0 0.284766 0.062934 0.0109375 0.0166667
0 0.31875 0.288194 0.0117188 0.0208333
0 0.374609 0.295139 0.0148437 0.0756944
