0 0.201758 0.256944 0.0269531 0.0861111
0 0.208398 0.480556 0.0246094 0.1
0 0.573438 0.649306 0.021875 0.0930556
0 0.425781 0.772222 0.0203125 0.0916667
0 0.532812 0.554167 0.021875 0.1
0 0.208203 0.651389 0.0273438 0.111111
0 0.445312 0.221701 0.021875 0.090625
0 0.181445 0.0359375 0.0320312 0.071875
0 0.202734 0.980556 0.0265625 0.0361111
0 0.695703 0.509722 0.103125 0.351389
0 0.14043 0.035026 0.01875 0.0700521
0 0.325586 0.541667 0.0988281 0.356944
0 0.632031 0.886111 0.00625 0.0388889
0 0.157324 0.0358507 0.0164062 0.0717014
1 0.0302734 0.131684 0.00996094 0.0149306
1 0.10918 0.354167 0.0148437 0.025
0 0.136719 0.0244792 0.0164062 0.0489583
1 0.0477051 0.071875 0.0138672 0.0170139
1 0.109863 0.2875 0.0121094 0.0236111
1 0.0520508 0.0710938 0.0157227 0.0173611
1 0.701172 0.115104 0.0132813 0.0166667
0 0.362891 0.0895833 0.0164062 0.0194444
1 0.698438 0.116319 0.0125 0.0170139
0 0.362109 0.798611 0.00703125 0.0305556
1 0.378125 0.12717 0.00859375 0.0258681
1 0.364062 0.147917 0.0132813 0.021875
0 0.378125 0.12717 0.00859375 0.0258681
1 0.372656 0.135417 0.015625 0.0322917
0 0.381641 0.127257 0.015625 0.025
0 0.698438 0.116319 0.0125 0.0170139
1 0.0409668 0.0738715 0.0134766 0.0171875
0 0.364062 0.147917 0.0132813 0.021875
0 0.7875 0.457292 0.214062 0.729861
1 0.362891 0.0902778 0.0179687 0.0204861
1 0.632031 0.886111 0.00625 0.0388889
1 0.0357422 0.124826 0.0103516 0.0163194
1 0.707812 0.0593533 0.0125 0.0240017
0 0.805469 0.482986 0.21875 0.965972
0 0.764844 0.495139 0.235938 0.9875
1 0.0197021 0.180729 0.0184082 0.0243056
1 0.353516 0.219965 0.0117188 0.0204861
0 0.579687 0.648611 0.0359375 0.0916667
0 0.230859 0.018967 0.0101562 0.0346354
0 0.514063 0.077691 0.009375 0.025
0 0.634375 0.881944 0.0109375 0.0388889
0 0.372656 0.135417 0.015625 0.0322917
0 0.749219 0.580903 0.228125 0.754861
1 0.0577148 0.0436198 0.0100586 0.0157118
0 0.834375 0.348958 0.178125 0.667361
1 0.0993164 0.0637153 0.0171875 0.0293403
1 0.892187 0.604167 0.0125 0.0305556
0 0.0477051 0.071875 0.0138672 0.0170139
0 0.75625 0.433941 0.225 0.54184
1 0.282227 0.843056 0.0121094 0.0166667
1 0.362109 0.798611 0.00703125 0.0305556
1 0.829687 0.982639 0.0109375 0.0347222
0 0.109863 0.2875 0.0121094 0.0236111
1 0.707812 0.690278 0.0125 0.0222222
0 0.516797 0.071875 0.0078125 0.034375
1 0.964063 0.0264757 0.0125 0.0331597
0 0.701172 0.115104 0.0132813 0.0166667
0 0.361328 0.804167 0.0109375 0.0347222
1 0.644531 0.131076 0.0046875 0.0192708
1 0.207617 0.654167 0.0257812 0.119444
1 0.0526855 0.0739583 0.0270508 0.0190972
1 0.111523 0.359028 0.0214844 0.0305556
0 0.246094 0.018316 0.00976562 0.0364583
0 0.0302734 0.131684 0.00996094 0.0149306
0 0.10918 0.354167 0.0148437 0.025
0 0.551953 0.638542 0.0601562 0.128472
1 0.0312988 0.16875 0.0213867 0.0180556
1 0.202734 0.982639 0.0257812 0.0347222
1 0.645312 0.0725694 0.00625 0.0204861
1 0.276953 0.930556 0.0160156 0.0194444
0 0.964063 0.0264757 0.0125 0.0331597
1 0.0202637 0.0447917 0.00908203 0.0140625
0 0.829883 0.369444 0.218359 0.738889
1 0.108789 0.352778 0.021875 0.0347222
0 0.863867 0.5 0.253516 1
0 0.282227 0.843056 0.0121094 0.0166667
0 0.781055 0.359028 0.291016 0.718056
1 0.0568359 0.242708 0.0175781 0.0201389
1 0.255078 0.401042 0.00703125 0.0173611
1 0.129883 0.372917 0.0128906 0.025
1 0.101562 0.0667535 0.0191406 0.0246528
0 0.516406 0.0817708 0.0078125 0.0322917
0 0.892187 0.604167 0.0125 0.0305556
0 0.335352 0.592708 0.0933594 0.814583
0 0.829687 0.982639 0.0109375 0.0347222
0 0.410937 0.766667 0.0140625 0.0736111
0 0.255078 0.401042 0.00703125 0.0173611
0 0.364062 0.805556 0.0101562 0.0375
0 0.422266 0.773611 0.0296875 0.0930556
1 0.0109863 0.181944 0.0166504 0.0222222
0 0.518359 0.0442274 0.00859375 0.0372396
0 0.724219 0.599306 0.179688 0.565278
1 0.136719 0.0244792 0.0164062 0.0489583
1 0.634375 0.881944 0.0109375 0.0388889
1 0.632031 0.709722 0.009375 0.0125
0 0.0109863 0.181944 0.0166504 0.0222222
0 0.200781 1 0.0335938 0
1 0.361328 0.804167 0.0109375 0.0347222
0 0.510938 0.209375 0.009375 0.03125
1 0.108008 0.293056 0.0167969 0.0333333
0 0.231055 0.0295247 0.0128906 0.0553602
0 0.707812 0.0593533 0.0125 0.0240017
1 0.0467773 0.0852431 0.0144531 0.0152778
1 0.445703 0.220833 0.021875 0.0916667
1 0.707031 0.708333 0.0125 0.0319444
0 0.433594 0.769444 0.03125 0.0916667
0 0.0197021 0.180729 0.0184082 0.0243056
0 0.0202637 0.0447917 0.00908203 0.0140625
1 0.0148437 0.192188 0.0182129 0.0215278
0 0.221875 0.582639 0.05 0.252778
0 0.653125 0.674306 0.0101562 0.0208333
1 0.381641 0.127257 0.015625 0.025
0 0.0520508 0.0710938 0.0157227 0.0173611
1 0.167285 0.421528 0.00742187 0.0180556
1 0.0132813 0.170833 0.0116211 0.0222222
0 0.96875 0.0219184 0.015625 0.0329861
1 0.514063 0.077691 0.009375 0.025
1 0.0228516 0.162847 0.0164062 0.0201389
1 0.102148 0.347222 0.0257812 0.0340278
1 0.616016 0.0161024 0.00859375 0.0172743
1 0.119922 0.126302 0.0101562 0.0232639
0 0.463281 0.218403 0.0171875 0.0916667
0 0.353516 0.219965 0.0117188 0.0204861
0 0.101562 0.0667535 0.0191406 0.0246528
0 0.199023 0.65 0.0480469 0.118056
1 0.364062 0.805556 0.0101562 0.0375
0 0.276953 0.930556 0.0160156 0.0194444
1 0.0278198 0.159028 0.0113525 0.0208333
0 0.645312 0.0725694 0.00625 0.0204861
0 0.362891 0.0863715 0.0148437 0.0270833
1 0.201367 0.256424 0.0265625 0.0878472
1 0.426562 0.770833 0.0203125 0.0902778
0 0.437109 0.767361 0.0265625 0.0805556
0 0.505859 0.426389 0.009375 0.0375
0 0.765234 0.38125 0.374219 0.7625
0 0.170117 0.033724 0.04375 0.0674479
1 0.230859 0.018967 0.0101562 0.0346354
1 0.110742 0.2875 0.0177734 0.0263889
1 0.708984 0.0717014 0.021875 0.0380208
0 0.20332 0.943056 0.0355469 0.111111
0 0.772656 0.636458 0.314063 0.727083
1 0.14043 0.035026 0.01875 0.0700521
1 0.0108643 0.195139 0.0158691 0.0215278
0 0.707812 0.690278 0.0125 0.0222222
0 0.299219 0.675868 0.150781 0.648264
0 0.197266 0.254514 0.0371094 0.0972222
1 0.362109 0.143924 0.015625 0.028125
0 0.00874023 0.938889 0.0116211 0.0388889
0 0.0409668 0.0738715 0.0134766 0.0171875
0 0.79375 0.5 0.4125 1
0 0.632031 0.709722 0.009375 0.0125
0 0.0993164 0.0637153 0.0171875 0.0293403
1 0.64375 0.183507 0.00625 0.0208333
0 0.278125 0.600694 0.203125 0.798611
1 0.0500488 0.242535 0.0181641 0.0201389
0 0.510156 0.205208 0.0109375 0.0326389
1 0.0251465 0.177083 0.0155273 0.0204861
0 0.370898 0.129167 0.0261719 0.0354167
0 0.467187 0.193056 0.0109375 0.0427083
1 0.667578 0.0163954 0.00859375 0.0253689
1 0.0321289 0.00386285 0.00820312 0.00772569
0 0.452734 0.222049 0.0382813 0.0961806
1 0.374219 0.121354 0.0148437 0.040625
0 0.510156 0.214236 0.009375 0.0375
0 0.717188 0.514497 0.170312 0.402951
1 0.163477 0.142795 0.0144531 0.0401042
0 0.246875 0.0280382 0.0125 0.0550347
1 0.0966797 0.0522569 0.0136719 0.0262153
1 0.722656 0.112847 0.0109375 0.01875
1 0.621094 0.350694 0.0078125 0.0166667
0 0.136426 0.0180556 0.0152344 0.0361111
0 0.192139 1 0.0868164 0
1 0.895312 0.046441 0.009375 0.0133681
0 0.635938 0.464931 0.0109375 0.0229167
0 0.707031 0.708333 0.0125 0.0319444
0 0.0719727 0.473611 0.143945 0.947222
0 0.0624023 0.503472 0.124805 0.993056
0 0.848047 0.501389 0.303906 0.997222
0 0.644531 0.131076 0.0046875 0.0192708
0 0.507812 0.330208 0.00703125 0.01875
1 0.211133 0.650347 0.0199219 0.111806
1 0.0526855 0.0445312 0.0413086 0.0416667
1 0.106836 0.346181 0.0183594 0.0368056
0 0.326172 0.669097 0.096875 0.661806
0 0.715625 0.656944 0.226562 0.686111
1 0.0385254 0.0447917 0.0311523 0.0434028
0 0.782031 0.697222 0.376563 0.605556
0 0.866797 0.705556 0.266406 0.588889
1 0.889063 0.607639 0.0109375 0.0333333
2 0.0719727 0.473611 0.143945 0.947222
1 0.0334961 0.0892361 0.00996094 0.0125
0 0.458594 0.21875 0.0296875 0.0982639
2 0.79043 0.5 0.247266 1
1 0.208203 0.481944 0.0242187 0.101389
1 0.160645 0.139583 0.0158203 0.034375
1 0.645312 0.0818576 0.00625 0.0272569
2 0.0624023 0.503472 0.124805 0.993056
2 0.7875 0.457292 0.214062 0.729861
2 0.270654 0.342361 0.260254 0.684722
0 0.4125 0.770833 0.01875 0.0861111
1 0.510938 0.209375 0.009375 0.03125
1 0.964844 0.0365451 0.015625 0.0234375
0 0.167871 0.226215 0.0136719 0.0586806
1 0.653125 0.674306 0.0101562 0.0208333
0 0.519922 0.0277018 0.009375 0.0480686
1 0.971094 0.980556 0.0078125 0.0277778
0 0.896875 0.601736 0.20625 0.796528
0 0.325781 0.466667 0.1125 0.933333
1 0.96875 0.0219184 0.015625 0.0329861
1 0.716406 0.6875 0.0257812 0.0222222
1 0.79375 0.530208 0.009375 0.01875
0 0.157617 0.087066 0.0162109 0.0317708
2 0.829883 0.369444 0.218359 0.738889
0 0.0108643 0.195139 0.0158691 0.0215278
0 0.505469 0.439236 0.0078125 0.0263889
2 0.0409668 0.0738715 0.0134766 0.0171875
1 0.0259644 0.134896 0.0183838 0.0170139
0 0.513281 0.118142 0.009375 0.0399306
0 0.208203 0.685417 0.0480469 0.6125
2 0.7625 0.535069 0.239063 0.929861
1 0.95625 0.260764 0.009375 0.0274306
2 0.713281 0.15816 0.301562 0.316319
0 0.201758 0.256944 0.0269531 0.0861111
0 0.208398 0.480556 0.0246094 0.100694
0 0.573438 0.649653 0.021875 0.0923611
0 0.425781 0.772222 0.0203125 0.0916667
0 0.532812 0.554167 0.021875 0.1
0 0.208203 0.651389 0.0273438 0.111111
0 0.445312 0.221701 0.021875 0.090625
0 0.181445 0.0359809 0.0324219 0.0719618
0 0.202734 0.980556 0.0265625 0.0361111
0 0.695703 0.509722 0.103125 0.351389
0 0.14043 0.035026 0.01875 0.0700521
0 0.325586 0.541667 0.0988281 0.356944
0 0.632031 0.886111 0.00625 0.0388889
0 0.157324 0.0358507 0.0164062 0.0717014
1 0.0302734 0.131771 0.00996094 0.0149306
1 0.10918 0.354167 0.0150391 0.025
0 0.136719 0.0243924 0.0164062 0.0487847
1 0.0477539 0.071875 0.0138672 0.0170139
1 0.109863 0.2875 0.0121094 0.0232639
1 0.0520508 0.0710938 0.015625 0.0173611
1 0.701172 0.115104 0.0132813 0.0166667
0 0.362891 0.0895833 0.0164062 0.0194444
1 0.698438 0.116319 0.0125 0.0171875
1 0.378125 0.12717 0.00859375 0.0258681
0 0.362109 0.798611 0.00703125 0.0305556
1 0.364062 0.147917 0.0132813 0.021875
1 0.372656 0.135417 0.015625 0.0322917
0 0.378125 0.12717 0.00859375 0.0258681
0 0.381641 0.127257 0.015625 0.025
0 0.698438 0.116319 0.0125 0.0171875
1 0.0409668 0.0739583 0.0134766 0.0170139
1 0.362891 0.090191 0.0179687 0.0203125
0 0.364062 0.147917 0.0132813 0.021875
1 0.632031 0.886111 0.00625 0.0388889
1 0.0357422 0.124826 0.0103516 0.0163194
0 0.787695 0.457986 0.215234 0.732639
1 0.707812 0.0595269 0.0125 0.0240017
0 0.805469 0.482986 0.21875 0.965972
1 0.0197021 0.180729 0.0184082 0.0243056
0 0.764844 0.495139 0.235938 0.986111
0 0.579687 0.648611 0.0359375 0.0916667
1 0.353516 0.220139 0.0117188 0.0201389
0 0.230664 0.018967 0.0101562 0.0346354
0 0.634375 0.881944 0.0109375 0.0388889
0 0.514063 0.0776042 0.009375 0.025
0 0.372656 0.135417 0.015625 0.0322917
0 0.749219 0.58125 0.228125 0.754167
1 0.0577148 0.0435764 0.0100586 0.015625
0 0.834375 0.348698 0.178125 0.667882
1 0.0992187 0.0637153 0.0171875 0.0295139
1 0.892187 0.604167 0.0125 0.0305556
0 0.0477539 0.071875 0.0138672 0.0170139
0 0.75625 0.433941 0.225 0.54184
1 0.282227 0.843056 0.0121094 0.0166667
1 0.362109 0.798611 0.00703125 0.0305556
1 0.829687 0.982639 0.0109375 0.0347222
0 0.109863 0.2875 0.0121094 0.0232639
1 0.707812 0.690278 0.0125 0.0222222
0 0.516797 0.071875 0.0078125 0.034375
1 0.964063 0.0264323 0.0125 0.0333333
0 0.701172 0.115104 0.0132813 0.0166667
1 0.644531 0.131076 0.0046875 0.0192708
0 0.361328 0.804167 0.0109375 0.0347222
1 0.207422 0.654167 0.0257812 0.119444
1 0.0526855 0.0738715 0.0270508 0.0190972
1 0.111426 0.359028 0.0214844 0.0305556
0 0.246094 0.01824 0.00976562 0.0364366
0 0.0302734 0.131771 0.00996094 0.0149306
0 0.10918 0.354167 0.0150391 0.025
0 0.551953 0.638542 0.0601562 0.128472
1 0.0312988 0.168576 0.0213867 0.0177083
1 0.202734 0.982639 0.0257812 0.0347222
1 0.645312 0.0725694 0.00625 0.0204861
1 0.276953 0.930556 0.0160156 0.0194444
1 0.0202148 0.0447917 0.00908203 0.0140625
0 0.964063 0.0264323 0.0125 0.0333333
0 0.828906 0.369444 0.217187 0.738889
1 0.108887 0.352778 0.0220703 0.0347222
0 0.864062 0.5 0.253125 1
0 0.781055 0.359028 0.291016 0.718056
0 0.282227 0.843056 0.0121094 0.0166667
1 0.255273 0.401042 0.00703125 0.0173611
1 0.0568848 0.242708 0.0176758 0.0201389
1 0.129883 0.372917 0.0128906 0.025
1 0.101562 0.0667535 0.0191406 0.0244792
0 0.516406 0.0817708 0.0078125 0.0322917
0 0.335156 0.593056 0.09375 0.813889
0 0.892187 0.604167 0.0125 0.0305556
0 0.410937 0.766667 0.0140625 0.0722222
0 0.829687 0.982639 0.0109375 0.0347222
0 0.255273 0.401042 0.00703125 0.0173611
0 0.422266 0.773611 0.0296875 0.0930556
0 0.364062 0.805556 0.0101562 0.0375
1 0.0109863 0.181944 0.0166016 0.0222222
0 0.724219 0.599392 0.179688 0.565104
0 0.518359 0.0442274 0.00859375 0.0372396
1 0.634375 0.881944 0.0109375 0.0388889
1 0.136719 0.0243924 0.0164062 0.0487847
1 0.632031 0.709722 0.009375 0.0125
0 0.200781 1 0.0335938 0
0 0.0109863 0.181944 0.0166016 0.0222222
1 0.361328 0.804167 0.0109375 0.0347222
0 0.510938 0.209201 0.009375 0.0309028
1 0.10791 0.293056 0.0166016 0.0333333
0 0.707812 0.0595269 0.0125 0.0240017
1 0.0467773 0.0852431 0.0145508 0.0152778
0 0.231055 0.0295573 0.0128906 0.0552951
1 0.707031 0.708333 0.0125 0.0319444
1 0.445703 0.220833 0.021875 0.0916667
0 0.433594 0.769444 0.03125 0.0916667
0 0.0197021 0.180729 0.0184082 0.0243056
0 0.0202148 0.0447917 0.00908203 0.0140625
1 0.0148926 0.192188 0.0181641 0.0215278
0 0.221875 0.582986 0.05 0.252083
1 0.167187 0.421528 0.00742187 0.0180556
0 0.653125 0.674306 0.0101562 0.0208333
1 0.381641 0.127257 0.015625 0.025
1 0.0132813 0.171007 0.0116211 0.0222222
0 0.0520508 0.0710938 0.015625 0.0173611
1 0.514063 0.0776042 0.009375 0.025
0 0.96875 0.0219184 0.015625 0.0328993
1 0.0228516 0.162847 0.0164062 0.0201389
1 0.102148 0.347222 0.0257812 0.0340278
1 0.119922 0.126389 0.0101562 0.0232639
0 0.463281 0.218403 0.0171875 0.0916667
1 0.616016 0.0161567 0.00859375 0.0173394
0 0.353516 0.220139 0.0117188 0.0201389
0 0.199023 0.65 0.0480469 0.118056
0 0.276953 0.930556 0.0160156 0.0194444
0 0.101562 0.0667535 0.0191406 0.0244792
1 0.364062 0.805556 0.0101562 0.0375
1 0.0278809 0.159028 0.0113281 0.0208333
0 0.362891 0.0864583 0.0148437 0.0270833
1 0.201367 0.256424 0.0265625 0.0878472
0 0.645312 0.0725694 0.00625 0.0204861
1 0.426562 0.770833 0.0203125 0.0916667
0 0.4375 0.767361 0.0265625 0.0805556
0 0.505859 0.426389 0.009375 0.0375
1 0.709375 0.0716146 0.021875 0.0380208
0 0.765234 0.380903 0.374219 0.761806
1 0.110742 0.2875 0.0177734 0.0263889
1 0.230664 0.018967 0.0101562 0.0346354
0 0.20332 0.943056 0.0355469 0.109722
0 0.772656 0.636806 0.314063 0.726389
0 0.170117 0.033724 0.04375 0.0674479
1 0.14043 0.035026 0.01875 0.0700521
0 0.707812 0.690278 0.0125 0.0222222
0 0.298828 0.676042 0.150781 0.647917
1 0.0108887 0.194965 0.0158203 0.0215278
0 0.197266 0.254514 0.0367187 0.0972222
1 0.362109 0.143924 0.015625 0.028125
0 0.0409668 0.0739583 0.0134766 0.0170139
0 0.632031 0.709722 0.009375 0.0125
0 0.00874023 0.938889 0.0116211 0.0388889
0 0.793164 0.5 0.413672 1
1 0.64375 0.183681 0.00625 0.0208333
0 0.0992187 0.0637153 0.0171875 0.0295139
0 0.278125 0.600694 0.203125 0.798611
1 0.0500488 0.242535 0.0181641 0.0201389
0 0.371094 0.129167 0.0257812 0.0354167
0 0.510156 0.204861 0.0109375 0.0326389
1 0.0251465 0.177083 0.0155273 0.0204861
0 0.467187 0.193056 0.0109375 0.0427083
0 0.452734 0.222049 0.0382813 0.0961806
1 0.374219 0.121441 0.0148437 0.040625
1 0.667578 0.0164062 0.00859375 0.025434
1 0.0321289 0.00386285 0.00820312 0.00772569
1 0.163477 0.142708 0.0144531 0.0399306
0 0.717188 0.514583 0.16875 0.402778
1 0.722656 0.112847 0.0109375 0.01875
0 0.510156 0.214236 0.009375 0.0375
1 0.621094 0.350694 0.0078125 0.0166667
0 0.246875 0.0280816 0.0125 0.0551215
1 0.0966797 0.0522569 0.0134766 0.0262153
0 0.192188 1 0.0871094 0
1 0.895312 0.0463976 0.009375 0.0132813
0 0.635938 0.464931 0.0109375 0.0229167
0 0.136426 0.0180556 0.0152344 0.0361111
0 0.0719727 0.473611 0.143945 0.947222
0 0.0623535 0.503819 0.124707 0.992361
0 0.848047 0.501389 0.303906 0.997222
0 0.707031 0.708333 0.0125 0.0319444
0 0.644531 0.131076 0.0046875 0.0192708
0 0.507812 0.330208 0.00703125 0.01875
1 0.210938 0.650347 0.0203125 0.111806
1 0.106836 0.346181 0.0183594 0.0368056
1 0.0526855 0.0445312 0.0415039 0.0416667
0 0.326172 0.669444 0.096875 0.661111
0 0.715625 0.656597 0.226562 0.686806
1 0.0384888 0.0447917 0.0312256 0.0434028
0 0.781445 0.697569 0.377734 0.604861
0 0.865234 0.705208 0.269531 0.589583
2 0.0719727 0.473611 0.143945 0.947222
1 0.0334961 0.0893229 0.00996094 0.0125
1 0.889063 0.607639 0.0109375 0.0333333
0 0.458594 0.21875 0.0296875 0.0982639
2 0.79043 0.5 0.247266 1
1 0.160547 0.139583 0.015625 0.034375
1 0.208203 0.481944 0.0242187 0.101389
1 0.645312 0.0819444 0.00625 0.0270833
2 0.0623535 0.503819 0.124707 0.992361
2 0.787695 0.457986 0.215234 0.732639
2 0.270703 0.342361 0.260156 0.684722
1 0.653125 0.674306 0.0101562 0.0208333
0 0.4125 0.770833 0.01875 0.0861111
1 0.964844 0.0365451 0.015625 0.0235243
0 0.167871 0.226215 0.0136719 0.0586806
1 0.510938 0.209201 0.009375 0.0309028
0 0.519922 0.027691 0.009375 0.0480903
0 0.897266 0.602083 0.205469 0.795833
1 0.971094 0.980556 0.0078125 0.0277778
1 0.96875 0.0219184 0.015625 0.0328993
1 0.716406 0.6875 0.0257812 0.0222222
0 0.325781 0.465972 0.1125 0.931944
1 0.79375 0.530208 0.009375 0.01875
0 0.157617 0.087066 0.0164062 0.0319444
2 0.828906 0.369444 0.217187 0.738889
0 0.505469 0.439236 0.0078125 0.0263889
2 0.0409668 0.0739583 0.0134766 0.0170139
1 0.0259644 0.134809 0.0183838 0.0170139
0 0.208203 0.685417 0.0484375 0.6125
2 0.712891 0.158247 0.300781 0.316493
2 0.7625 0.535764 0.239063 0.928472
