0 0.220703 0.702083 0.0820312 0.0736111
0 0.251367 0.582639 0.0886719 0.075
0 0.553125 0.480556 0.075 0.0791667
0 0.775781 0.159549 0.065625 0.0621528
0 0.0904297 0.618056 0.0824219 0.0569444
0 0.467187 0.375694 0.078125 0.0694444
0 0.417188 0.577431 0.078125 0.0854167
0 0.590625 0.114323 0.0710938 0.0543403
0 0.857031 0.236806 0.075 0.0736111
0 0.777344 0.429861 0.0625 0.0833333
0 0.645312 0.554514 0.0585938 0.0590278
0 0.952344 0.385764 0.0609375 0.0680556
0 0.0269653 0.733333 0.0507568 0.0638889
0 0.928125 0.976389 0.05 0.0472222
0 0.882812 0.340365 0.065625 0.0678819
0 0.992969 0.91875 0.0140625 0.0625
0 0.922656 0.921528 0.084375 0.15
1 0.882812 0.344444 0.0640625 0.05625
0 0.039148 0.734722 0.0763916 0.0722222
0 0.992188 0.913194 0.015625 0.075
0 0.875781 0.344097 0.05 0.0506944
0 0.909375 0.918056 0.11875 0.15
0 0.954687 0.271528 0.090625 0.121528
1 0.992969 0.91875 0.0140625 0.0625
0 0.990625 0.606944 0.01875 0.0305556
0 0.99375 0.60625 0.0125 0.0291667
0 0.00744629 0.015115 0.0148926 0.0232422
0 0.975781 0.791667 0.0484375 0.140278
0 0.848437 0.238889 0.059375 0.0635417
0 0.945312 0.963194 0.0859375 0.0694444
0 0.883594 0.352865 0.065625 0.0817708
0 0.990234 0.918056 0.0195312 0.0861111
0 0.978516 0.809722 0.0429688 0.102778
0 0.992578 0.842361 0.0148437 0.0430556
0 0.00830078 0.574653 0.0164062 0.01875
0 0.979688 0.828472 0.040625 0.0638889
1 0.99375 0.60625 0.0125 0.0291667
0 0.0890381 0.602431 0.0840332 0.0923611
0 0.9875 0.612153 0.025 0.0409722
0 0.471094 0.983333 0.0273438 0.0333333
1 0.394531 0.405556 0.0140625 0.0222222
0 0.0807617 0.0148655 0.0166016 0.0297309
1 0.942969 0.736111 0.0125 0.0277778
1 0.0807617 0.0148655 0.0166016 0.0297309
0 0.992969 0.858333 0.0140625 0.0305556
0 0.942187 0.91875 0.103125 0.148611
1 0.928125 0.310764 0.0203125 0.0319444
0 0.954297 0.25 0.0914062 0.0916667
1 0.0218262 0.061263 0.0121094 0.0198351
1 0.883594 0.352865 0.065625 0.0817708
1 0.775781 0.159896 0.0640625 0.0590278
0 0.445312 0.981597 0.0804688 0.0368056
1 0.777344 0.431944 0.0625 0.0847222
0 0.935156 0.9 0.06875 0.1
0 0.0765625 0.0110677 0.0201172 0.0221354
1 0.252344 0.580556 0.0871094 0.0694444
1 0.084375 0.619444 0.0714844 0.0618056
1 0.18418 0.706944 0.0121094 0.05
0 0.928125 0.310764 0.0203125 0.0319444
0 0.934375 0.915278 0.075 0.126389
1 0.417188 0.579167 0.0765625 0.0861111
1 0.423828 0.0429688 0.0140625 0.01875
0 0.0145996 0.0141493 0.0291992 0.0256944
1 0.990625 0.606944 0.01875 0.0305556
1 0.865625 0.345139 0.0515625 0.0506944
1 0.989844 0.9125 0.0203125 0.0805556
0 0.0163818 0.574306 0.0327637 0.0208333
0 0.964844 0.931944 0.0703125 0.130556
1 0.555469 0.35625 0.0109375 0.0347222
0 0.24375 0.590278 0.0714844 0.0604167
0 0.0218262 0.061263 0.0121094 0.0198351
1 0.869531 0.756944 0.015625 0.0194444
0 0.93125 1 0.046875 0
1 0.185937 0.715278 0.0148437 0.05
0 0.647266 0.591319 0.0648438 0.136111
0 0.252344 0.553125 0.0914062 0.136806
0 0.429688 0.583333 0.0984375 0.106944
1 0.0271362 0.0609592 0.0170166 0.0204427
1 0.873438 0.352431 0.046875 0.0694444
1 0.645312 0.556944 0.0578125 0.0569444
0 0.867188 0.345226 0.096875 0.0762153
1 0.00424805 0.658333 0.00849609 0.0583333
0 0.975 0.822222 0.05 0.0763889
1 0.55625 0.312153 0.0109375 0.0236111
1 0.971094 0.686111 0.01875 0.0291667
1 0.928125 0.976389 0.05 0.0472222
1 0.951563 0.387153 0.0609375 0.0694444
1 0.586719 0.115625 0.065625 0.0555556
1 0.0584961 0.872222 0.0130859 0.0194444
0 0.917188 0.941667 0.071875 0.105556
0 0.980078 0.622917 0.0398437 0.0652778
0 0.00424805 0.658333 0.00849609 0.0583333
0 0.780469 0.197179 0.075 0.137587
1 0.0469727 0.891667 0.0140625 0.0277778
0 0.00893555 0.00920139 0.0172852 0.0184028
0 0.00837402 0.561458 0.016748 0.0222222
0 0.496875 0.979514 0.0453125 0.0409722
1 0.050293 0.611111 0.0207031 0.0465278
0 0.901563 0.976389 0.040625 0.0444444
0 0.988672 0.228819 0.0226563 0.0347222
0 0.860937 0.024566 0.0265625 0.0194444
1 0.0765625 0.0110677 0.0201172 0.0221354
0 0.0135254 0.571875 0.0249023 0.0284722
1 0.0269653 0.734722 0.0523193 0.0666667
1 0.46875 0.683333 0.0101562 0.0236111
0 0.0338867 0.775694 0.0634766 0.151389
0 0.842188 0.810417 0.05625 0.0708333
1 0.221484 0.702083 0.0828125 0.0722222
1 0.434766 0.379167 0.0132813 0.0527778
0 0.935938 1 0.053125 0
0 0.00859375 0.0455729 0.0163086 0.0204861
1 0.992188 0.913194 0.015625 0.075
0 0.985937 0.230903 0.028125 0.0423611
0 0.65625 0.948611 0.0179687 0.101389
0 0.394531 0.405556 0.0140625 0.0222222
1 0.0546387 0.884722 0.0219727 0.0375
0 0.423828 0.0429688 0.0140625 0.01875
1 0.00744629 0.015115 0.0148926 0.0232422
0 0.747656 1 0.151562 0
0 0.434766 0.379167 0.0132813 0.0527778
1 0.51875 0.0169162 0.0109375 0.0212023
0 0.985937 0.938194 0.028125 0.123611
1 0.98125 0.130035 0.00625 0.0184028
0 0.261328 0.576389 0.0699219 0.0638889
0 0.590234 0.148438 0.071875 0.127431
1 0.857813 0.236806 0.0734375 0.0722222
0 0.965625 0.801389 0.06875 0.144444
0 0.00930176 0.849306 0.0173828 0.0375
0 0.233398 0.665278 0.106641 0.138889
1 0.233789 0.69566 0.0523437 0.0614583
0 0.95625 0.642361 0.0875 0.115278
0 0.990625 0.945833 0.01875 0.105556
0 0.913281 0.257986 0.173438 0.129167
1 0.036145 0.883333 0.0661865 0.0527778
0 0.648438 0.565625 0.0671875 0.0868056
0 0.18418 0.706944 0.0121094 0.05
0 0.557813 0.469444 0.0859375 0.104167
0 0.113672 0.613889 0.0382813 0.0548611
1 0.976562 0.688194 0.0125 0.0291667
0 0.951953 0.253819 0.0960938 0.059375
0 0.415625 0.561111 0.078125 0.120833
1 0.9875 0.612153 0.025 0.0409722
0 0.878906 0.302778 0.075 0.140278
0 0.88125 0.322222 0.0734375 0.104167
0 0.938281 0.280903 0.03125 0.0423611
1 0.553125 0.480556 0.075 0.0791667
1 0.0435547 0.0152778 0.0172852 0.0282986
1 0.555469 0.347569 0.0125 0.0493056
0 0.840625 0.241146 0.046875 0.05625
1 0.878125 0.752778 0.015625 0.025
0 0.0649414 1 0.0753906 0
1 0.583594 0.0484375 0.0140625 0.0263889
0 0.0435547 0.0152778 0.0172852 0.0282986
0 0.381641 0.981944 0.053125 0.0333333
0 0.810938 0.8625 0.134375 0.186111
0 0.0516724 1 0.0800537 0
0 0.0678711 0.615972 0.127539 0.0597222
0 0.942969 0.736111 0.0125 0.0277778
1 0.00830078 0.574653 0.0164062 0.01875
0 0.049707 0.0338108 0.0994141 0.0601562
0 0.922656 0.282639 0.154687 0.152083
0 0.923437 0.895833 0.084375 0.1
0 0.367578 0.982639 0.0882813 0.0347222
0 0.824219 0.233507 0.0140625 0.0427083
0 0.440625 0.971528 0.0921875 0.0430556
0 0.0765381 0.0157118 0.0250488 0.0314236
0 0.561719 0.486458 0.09375 0.09375
0 0.219141 0.685417 0.0875 0.113889
0 0.220703 0.702083 0.0820312 0.0736111
0 0.251367 0.582639 0.0886719 0.075
0 0.553125 0.480556 0.075 0.0791667
0 0.775781 0.159549 0.065625 0.0621528
0 0.0904297 0.618056 0.0824219 0.0569444
0 0.467187 0.375694 0.078125 0.06875
0 0.417188 0.577431 0.078125 0.0854167
0 0.590625 0.114323 0.0710938 0.0543403
0 0.857031 0.236806 0.075 0.0736111
0 0.777344 0.429861 0.0625 0.0833333
0 0.645312 0.554514 0.0585938 0.0590278
0 0.952344 0.385764 0.0609375 0.0680556
0 0.0269653 0.733333 0.0507568 0.0638889
0 0.928125 0.976389 0.05 0.0472222
0 0.882812 0.340365 0.065625 0.0678819
0 0.992969 0.91875 0.0140625 0.0625
0 0.922656 0.922222 0.084375 0.15
1 0.882812 0.344444 0.0640625 0.05625
0 0.039148 0.734722 0.0763916 0.0722222
0 0.992188 0.913194 0.015625 0.075
0 0.876562 0.344097 0.05 0.0506944
0 0.909375 0.918056 0.11875 0.15
0 0.954687 0.271528 0.090625 0.121528
1 0.992969 0.91875 0.0140625 0.0625
0 0.990625 0.606944 0.01875 0.03125
0 0.99375 0.60625 0.0125 0.0291667
0 0.00744629 0.0151042 0.0148926 0.0231771
0 0.975781 0.791667 0.0484375 0.138889
0 0.848437 0.238889 0.059375 0.0635417
0 0.945312 0.963194 0.0859375 0.0694444
0 0.883594 0.352865 0.065625 0.0817708
0 0.990234 0.918056 0.0195312 0.0861111
0 0.978516 0.809722 0.0429688 0.102778
0 0.00830078 0.574653 0.0164062 0.01875
0 0.992578 0.841667 0.0148437 0.0444444
0 0.979688 0.827778 0.040625 0.0638889
1 0.99375 0.60625 0.0125 0.0291667
0 0.0890381 0.602431 0.0840332 0.0923611
0 0.471094 0.983333 0.0273438 0.0333333
0 0.9875 0.612153 0.025 0.0409722
1 0.394531 0.405556 0.0140625 0.0222222
0 0.080835 0.0148872 0.0164551 0.0297743
1 0.080835 0.0148872 0.0164551 0.0297743
1 0.942969 0.736111 0.0125 0.0277778
0 0.992969 0.858333 0.0140625 0.0305556
0 0.942187 0.91875 0.103125 0.148611
1 0.928125 0.310764 0.0203125 0.0319444
0 0.954297 0.250347 0.0914062 0.0923611
1 0.0218262 0.0611979 0.012207 0.0199653
1 0.883594 0.352865 0.065625 0.0817708
1 0.775781 0.159896 0.0640625 0.0590278
0 0.445312 0.981597 0.0804688 0.0368056
1 0.777344 0.431944 0.0625 0.0847222
0 0.935156 0.9 0.06875 0.1
1 0.252344 0.580556 0.0871094 0.0694444
0 0.0765625 0.0110894 0.0201172 0.0221788
1 0.084375 0.619444 0.0714844 0.0618056
1 0.18418 0.706944 0.0121094 0.05
0 0.928125 0.310764 0.0203125 0.0319444
0 0.934375 0.915278 0.075 0.126389
1 0.417188 0.579167 0.0765625 0.0861111
1 0.423828 0.0430122 0.0140625 0.01875
0 0.014624 0.0141385 0.029248 0.0257161
1 0.990625 0.606944 0.01875 0.03125
1 0.865625 0.345139 0.0515625 0.0506944
1 0.555469 0.35625 0.0109375 0.0347222
1 0.989844 0.9125 0.0203125 0.0805556
0 0.0163818 0.574306 0.0327637 0.0208333
0 0.964453 0.931944 0.0710938 0.130556
0 0.24375 0.590278 0.071875 0.0611111
0 0.0218262 0.0611979 0.012207 0.0199653
0 0.93125 1 0.046875 0
1 0.869531 0.756944 0.015625 0.0194444
1 0.185937 0.715278 0.0148437 0.05
0 0.252344 0.553125 0.0914062 0.136806
0 0.647266 0.591319 0.0648438 0.136111
0 0.429688 0.583333 0.0984375 0.106944
1 0.0270996 0.0609592 0.0170898 0.0204427
1 0.873438 0.352691 0.046875 0.0696181
0 0.867188 0.345226 0.096875 0.0762153
1 0.645312 0.556944 0.0578125 0.0569444
1 0.00424805 0.658333 0.00849609 0.0583333
0 0.975 0.822222 0.05 0.0777778
1 0.55625 0.312153 0.0109375 0.0236111
1 0.951563 0.387153 0.0609375 0.0694444
1 0.928125 0.976389 0.05 0.0472222
1 0.971094 0.686111 0.01875 0.0291667
1 0.0584961 0.872222 0.0130859 0.0194444
1 0.586719 0.115625 0.065625 0.0555556
0 0.917188 0.941667 0.071875 0.105556
0 0.980078 0.622917 0.0398437 0.0652778
0 0.00424805 0.658333 0.00849609 0.0583333
0 0.780469 0.197179 0.075 0.137587
1 0.0469727 0.891667 0.0140625 0.0277778
0 0.00836182 0.561458 0.0167236 0.0222222
0 0.00891113 0.00920139 0.017334 0.0184028
0 0.497656 0.979514 0.046875 0.0409722
1 0.050293 0.611111 0.0207031 0.0465278
0 0.901563 0.976389 0.040625 0.0444444
0 0.988672 0.228819 0.0226563 0.0347222
0 0.0134277 0.571875 0.0248047 0.0284722
0 0.860937 0.024566 0.0265625 0.0194444
1 0.0765625 0.0110894 0.0201172 0.0221788
1 0.0269653 0.734722 0.0523193 0.0666667
0 0.0338379 0.775 0.0633789 0.15
1 0.46875 0.683333 0.0101562 0.0236111
0 0.842188 0.811111 0.05625 0.0722222
0 0.935938 1 0.053125 0
1 0.434766 0.379167 0.0132813 0.0527778
1 0.221484 0.702083 0.0828125 0.0722222
0 0.00856934 0.0455729 0.0163086 0.0204861
0 0.986328 0.230903 0.0273438 0.0423611
1 0.992188 0.913194 0.015625 0.075
1 0.0546387 0.884722 0.0220703 0.0375
0 0.65625 0.948611 0.0179687 0.1
1 0.00744629 0.0151042 0.0148926 0.0231771
0 0.747656 1 0.151562 0
0 0.394531 0.405556 0.0140625 0.0222222
1 0.98125 0.129948 0.00625 0.0184028
0 0.434766 0.379167 0.0132813 0.0527778
0 0.985937 0.938194 0.028125 0.123611
0 0.423828 0.0430122 0.0140625 0.01875
1 0.51875 0.0169705 0.0109375 0.0212674
0 0.261328 0.576389 0.0699219 0.0638889
0 0.590234 0.148438 0.071875 0.127431
1 0.857813 0.236806 0.0734375 0.0722222
0 0.965625 0.801389 0.06875 0.144444
1 0.233789 0.69566 0.0523437 0.0614583
0 0.00930176 0.849306 0.0173828 0.0375
0 0.233398 0.665278 0.106641 0.138889
0 0.913281 0.257639 0.173438 0.129167
0 0.990234 0.945833 0.0195312 0.105556
1 0.0361206 0.883333 0.06604 0.0527778
0 0.95625 0.642361 0.0875 0.115278
0 0.648438 0.565625 0.0671875 0.0868056
0 0.113672 0.613889 0.0382813 0.0548611
0 0.18418 0.706944 0.0121094 0.05
0 0.557813 0.469097 0.0859375 0.104861
0 0.951563 0.253819 0.096875 0.0597222
1 0.976562 0.688194 0.0125 0.0291667
0 0.88125 0.322222 0.0734375 0.104167
0 0.878906 0.303299 0.075 0.139236
1 0.555469 0.347569 0.0125 0.0493056
0 0.415625 0.561111 0.078125 0.120833
1 0.553125 0.480556 0.075 0.0791667
1 0.9875 0.612153 0.025 0.0409722
0 0.938281 0.281076 0.03125 0.0423611
1 0.878906 0.752778 0.0171875 0.025
0 0.0649414 1 0.0755859 0
0 0.840625 0.241146 0.046875 0.05625
1 0.04375 0.0153212 0.0177734 0.0283854
0 0.810938 0.8625 0.134375 0.186111
1 0.583594 0.0484809 0.0140625 0.0264757
0 0.381641 0.981944 0.053125 0.0333333
0 0.0516602 1 0.0800781 0
1 0.00830078 0.574653 0.0164062 0.01875
0 0.0678711 0.615972 0.127734 0.0597222
0 0.04375 0.0153212 0.0177734 0.0283854
0 0.922656 0.282639 0.154687 0.152083
0 0.922656 0.895833 0.084375 0.1
0 0.049707 0.0338976 0.0994141 0.0599826
0 0.942969 0.736111 0.0125 0.0277778
0 0.441016 0.971528 0.0914062 0.0430556
0 0.367188 0.982639 0.0890625 0.0347222
0 0.824219 0.233507 0.0140625 0.0427083
0 0.446875 1 0.117188 0
0 0.951563 0.336806 0.078125 0.168056
0 0.561719 0.486458 0.09375 0.09375
0 0.219141 0.685417 0.0875 0.113889
0 0.0764648 0.0157118 0.0251953 0.0314236
1 0.848437 0.238889 0.059375 0.0635417
