0 0.0405273 0.138368 0.0300781 0.0520833
0 0.0263672 0.221528 0.0324219 0.0444444
0 0.636719 0.180903 0.0265625 0.0652778
0 0.93125 0.0290365 0.0359375 0.0374132
0 0.553516 0.0609158 0.01875 0.0486545
0 0.138867 0.0768229 0.0203125 0.0321181
0 0.677734 0.475 0.0179687 0.0541667
1 0.344531 0.7375 0.0132813 0.025
0 0.691016 0.990972 0.0210938 0.0180556
1 0.349609 0.845833 0.021875 0.0236111
0 0.0787109 0.232118 0.0128906 0.0277778
1 0.268359 0.718056 0.0140625 0.025
1 0.269141 0.8 0.0117188 0.0194444
1 0.280859 0.827083 0.015625 0.0194444
1 0.346484 0.913889 0.0242187 0.025
1 0.246875 0.727778 0.0105469 0.0305556
1 0.295312 0.745833 0.0140625 0.025
1 0.326758 0.640625 0.0160156 0.0208333
1 0.354102 0.844444 0.0226563 0.0277778
1 0.746875 0.154861 0.0109375 0.0204861
1 0.342578 0.923611 0.0179687 0.0236111
1 0.339648 0.595833 0.0191406 0.0305556
0 0.305469 0.44375 0.0078125 0.0180556
1 0.302344 0.780556 0.0132813 0.0222222
1 0.351562 0.919444 0.0203125 0.0347222
1 0.297656 0.706944 0.0226563 0.0222222
1 0.239453 0.795139 0.0179687 0.0236111
1 0.381152 0.618403 0.0126953 0.0229167
1 0.296484 0.78125 0.01875 0.0263889
1 0.3875 0.655903 0.015625 0.0215278
1 0.341992 0.930556 0.0203125 0.0333333
1 0.357812 0.876389 0.0148437 0.0222222
1 0.291602 0.7 0.0128906 0.0194444
1 0.266016 0.728472 0.0148437 0.0388889
1 0.356836 0.880556 0.0164062 0.0305556
1 0.341406 0.875 0.0164062 0.0222222
1 0.305469 0.44375 0.0078125 0.0180556
1 0.264844 0.740278 0.0101562 0.0222222
1 0.239844 0.79375 0.0117188 0.0208333
1 0.302734 0.851389 0.0148437 0.0305556
1 0.29043 0.67934 0.0132813 0.0246528
1 0.309375 0.667361 0.0140625 0.0375
1 0.354492 0.822222 0.0199219 0.025
1 0.338281 0.933333 0.0164062 0.0263889
1 0.305273 0.70625 0.0125 0.0208333
0 0.432031 0.016428 0.0078125 0.0328559
1 0.282813 0.713889 0.00898437 0.0222222
1 0.291211 0.744444 0.0164062 0.0166667
1 0.279492 0.730556 0.0113281 0.025
0 0.555469 0.0434028 0.0171875 0.084375
1 0.341797 0.742361 0.0132813 0.0222222
1 0.342187 0.786111 0.0140625 0.0194444
1 0.753906 0.154687 0.0140625 0.0253472
1 0.395312 0.623611 0.0109375 0.0236111
0 0.567187 0.0393663 0.015625 0.0688368
1 0.345703 0.878472 0.0265625 0.0333333
1 0.217383 0.833333 0.0191406 0.0166667
1 0.258594 0.732639 0.0125 0.0291667
1 0.35293 0.926389 0.0167969 0.0333333
1 0.739062 0.209201 0.009375 0.0243056
1 0.354883 0.833333 0.0230469 0.0180556
0 0.566406 0.0271701 0.0140625 0.0543403
1 0.34707 0.885417 0.0273438 0.0347222
1 0.280078 0.828472 0.0226563 0.0222222
1 0.343555 0.779167 0.0175781 0.0277778
1 0.215625 0.799306 0.0210938 0.0180556
1 0.432031 0.016428 0.0078125 0.0328559
1 0.276563 0.825 0.0226563 0.0166667
1 0.343359 0.752083 0.015625 0.0222222
1 0.288281 0.7875 0.0148437 0.0166667
1 0.346484 0.795139 0.0164062 0.0208333
1 0.319922 0.153125 0.0148437 0.0201389
1 0.337891 0.872222 0.0164062 0.0194444
0 0.501562 0.210069 0.0109375 0.0444444
1 0.261328 0.851389 0.0128906 0.0194444
0 0.502344 0.215625 0.0109375 0.0513889
1 0.389062 0.6625 0.0195312 0.0319444
1 0.183594 0.313542 0.0101562 0.0145833
1 0.732813 0.0729167 0.00859375 0.0192708
1 0.308594 0.652431 0.0109375 0.0256944
0 0.235547 0.00581597 0.0109375 0.0116319
1 0.282813 0.796528 0.0132813 0.0222222
1 0.236719 0.354167 0.0125 0.0180556
1 0.382031 0.604861 0.0140625 0.0277778
1 0.221094 0.829167 0.0214844 0.0180556
1 0.0412109 0.889583 0.0220703 0.0291667
1 0.040332 0.8875 0.0148437 0.0291667
1 0.945312 0.265278 0.0078125 0.0180556
1 0.356641 0.995139 0.0132813 0.00972222
1 0.757031 0.107813 0.0117188 0.0225694
1 0.739062 0.114583 0.0140625 0.021875
1 0.740625 0.210069 0.0109375 0.0263889
0 0.183594 0.313542 0.0101562 0.0145833
1 0.267969 0.833333 0.0171875 0.0166667
1 0.736719 0.115625 0.0140625 0.01875
1 0.347852 0.5875 0.0160156 0.0444444
1 0.112891 0.838889 0.0699219 0.0305556
1 0.385938 0.660417 0.015625 0.0319444
1 0.312695 0.656597 0.0132813 0.0243056
0 0.551953 0.0460069 0.0234375 0.0805556
1 0.393359 0.644444 0.015625 0.0208333
1 0.210156 0.866667 0.0164062 0.025
1 0.312891 0.672222 0.0179687 0.0277778
1 0.39375 0.597222 0.0125 0.0222222
0 0.572266 0.0422743 0.0296875 0.0845486
1 0.354297 0.579861 0.0171875 0.0347222
1 0.338672 0.883333 0.0171875 0.0305556
0 0.108789 0.0631076 0.00859375 0.0152778
1 0.260938 0.725694 0.0179687 0.0347222
1 0.0835937 0.872222 0.0203125 0.0194444
1 0.386328 0.611111 0.0171875 0.0180556
1 0.804688 0.6 0.009375 0.0152778
0 0.319922 0.153125 0.0148437 0.0201389
1 0.353516 0.802083 0.0203125 0.0291667
1 0.351562 0.920833 0.0296875 0.025
1 0.264062 0.851389 0.0144531 0.0222222
1 0.35293 0.786111 0.03125 0.0222222
1 0.817187 0.645833 0.0125 0.0277778
1 0.235547 0.00581597 0.0109375 0.0116319
1 0.303906 0.7 0.0257812 0.0166667
0 0.0763672 0.231076 0.0169922 0.0288194
1 0.0786133 0.234722 0.0134766 0.0263889
1 0.211719 0.825 0.0171875 0.0125
1 0.216211 0.867361 0.0261719 0.0263889
1 0.294141 0.794444 0.0203125 0.0208333
1 0.226953 0.8375 0.0140625 0.025
1 0.445703 0.0184028 0.00703125 0.0368056
0 0.55 0.0563368 0.0296875 0.0598958
1 0.286719 0.786111 0.0152344 0.0305556
1 0.213281 0.801389 0.0226563 0.0166667
0 0.445703 0.0184028 0.00703125 0.0368056
1 0.896875 0.645833 0.0125 0.0208333
0 0.499219 0.201215 0.0125 0.0302083
1 0.300391 0.855556 0.015625 0.0305556
1 0.357227 0.592361 0.0148437 0.0333333
1 0.385938 0.580903 0.0125 0.0236111
0 0.85625 0.0592014 0.0125 0.0227431
0 0.0668945 0.488194 0.0205078 0.0326389
1 0.36875 0.595139 0.0101562 0.0222222
1 0.682422 0.0236545 0.009375 0.0268229
1 0.288281 0.675694 0.0152344 0.0222222
1 0.690625 0.990972 0.021875 0.0180556
1 0.0857422 0.878472 0.0279297 0.0263889
1 0.879687 0.5625 0.0125 0.0194444
1 0.280273 0.832639 0.0148437 0.0277778
1 0.339648 0.738889 0.0195312 0.025
0 0.0357422 0.139583 0.0298828 0.0600694
1 0.356055 0.778472 0.0148437 0.025
0 0.24043 0.00588108 0.0175781 0.0117622
1 0.26543 0.793056 0.0136719 0.0208333
1 0.237305 0.349306 0.0078125 0.01875
0 0.673047 0.476042 0.0242187 0.0548611
1 0.0845703 0.470833 0.0101562 0.0152778
1 0.264453 0.856944 0.0132813 0.025
1 0.013916 0.909722 0.0155273 0.025
1 0.370703 0.546528 0.0117188 0.0291667
1 0.289062 0.68125 0.0167969 0.025
1 0.347461 0.713889 0.0117188 0.0277778
0 0.295312 0.745833 0.0140625 0.025
1 0.246875 0.748611 0.0117188 0.025
0 0.239453 0.795139 0.0179687 0.0236111
1 0.339453 0.915278 0.01875 0.0277778
0 0.690625 0.988194 0.0234375 0.0236111
0 0.280859 0.827083 0.015625 0.0194444
1 0.226953 0.865278 0.0148437 0.025
1 0.349219 0.836111 0.0304688 0.0194444
1 0.308203 0.677951 0.0148437 0.0329861
1 0.132031 0.831944 0.0119141 0.0222222
1 0.324609 0.634375 0.0171875 0.03125
1 0.907812 0.706944 0.0109375 0.0222222
1 0.222266 0.835417 0.0242187 0.0277778
1 0.14375 0.839583 0.0144531 0.025
1 0.0104004 0.909028 0.0138672 0.0222222
1 0.736719 0.117361 0.00625 0.0239583
0 0.339648 0.595833 0.0191406 0.0305556
0 0.269141 0.8 0.0117188 0.0194444
1 0.681641 0.0402778 0.009375 0.0210069
0 0.732813 0.0729167 0.00859375 0.0192708
1 0.686328 0.030816 0.0109375 0.028125
1 0.262109 0.855556 0.0148437 0.0277778
0 0.349609 0.845833 0.021875 0.0236111
0 0.746875 0.154861 0.0109375 0.0204861
1 0.0569336 0.397917 0.00800781 0.0208333
0 0.669531 0.539583 0.00625 0.0291667
0 0.0459961 0.134896 0.0414063 0.0482639
1 0.385547 0.56875 0.0195312 0.0305556
1 0.385938 0.653819 0.01875 0.0277778
1 0.339844 0.598611 0.0140625 0.0319444
1 0.338867 0.777778 0.0191406 0.0222222
1 0.499219 0.201215 0.0125 0.0302083
1 0.501562 0.210069 0.0109375 0.0444444
0 0.891406 0.0157878 0.01875 0.0304036
0 0.516406 0.0273438 0.0078125 0.0302951
1 0.783594 0.196875 0.009375 0.0152778
1 0.130664 0.838889 0.0136719 0.025
0 0.883594 0.00720486 0.009375 0.0144097
1 0.35293 0.215451 0.0117188 0.0194444
1 0.36875 0.584722 0.009375 0.0326389
0 0.300781 0.44375 0.0171875 0.0194444
0 0.236719 0.354167 0.0125 0.0180556
1 0.757031 0.174306 0.009375 0.01875
1 0.569531 0.198785 0.00625 0.01875
1 0.307227 0.784722 0.01875 0.025
0 0.246875 0.486111 0.0101562 0.0166667
0 0.175195 0.398958 0.0210938 0.0159722
1 0.232617 0.834028 0.0238281 0.0194444
0 0.863281 0.0611111 0.0234375 0.0274306
1 0.174023 0.804167 0.0222656 0.0180556
1 0.0673828 0.48125 0.0177734 0.0277778
1 0.494531 0.0289063 0.00625 0.0224826
0 0.834375 0.0411458 0.0125 0.0177083
1 0.189844 0.314063 0.0164062 0.0152778
1 0.879687 0.568403 0.015625 0.0222222
1 0.391797 0.582639 0.015625 0.025
1 0.381641 0.542361 0.0109375 0.0298611
0 0.753906 0.154687 0.0140625 0.0253472
1 0.394531 0.515972 0.0109375 0.0152778
1 0.207031 0.7125 0.0125 0.0222222
1 0.354297 0.763889 0.0132813 0.0277778
1 0.178711 0.801389 0.0203125 0.0166667
1 0.0320801 0.470833 0.00996094 0.0152778
0 0.305273 0.70625 0.0125 0.0208333
1 0.692187 0.0187934 0.0078125 0.0306424
1 0.215625 0.794444 0.01875 0.0208333
0 0.237305 0.349306 0.0078125 0.01875
1 0.347656 0.740278 0.0214844 0.0333333
0 0.309375 0.667361 0.0140625 0.0375
1 0.0363403 0.911111 0.0306396 0.0333333
0 0.995313 0.00839844 0.009375 0.0167969
1 0.0693359 0.373958 0.0117188 0.0229167
0 0.647266 0.3125 0.0101562 0.0291667
1 0.372656 0.943056 0.0234375 0.0444444
1 0.446094 0.0141493 0.00703125 0.0282986
1 0.289844 0.745833 0.0234375 0.0277778
1 0.0389648 0.905556 0.0224609 0.0333333
1 0.516406 0.0273438 0.0078125 0.0302951
0 0.296484 0.78125 0.01875 0.0263889
1 0.370117 0.955556 0.0199219 0.0305556
1 0.0851562 0.476389 0.009375 0.0208333
0 0.246875 0.727778 0.0105469 0.0305556
1 0.261133 0.750694 0.0152344 0.0166667
1 0.222266 0.83125 0.0234375 0.0236111
1 0.360547 0.877778 0.0191406 0.0305556
0 0.494531 0.0289063 0.00625 0.0224826
0 0.575781 0.0567708 0.028125 0.113542
0 0.945312 0.265278 0.0078125 0.0180556
1 0.287109 0.827778 0.0296875 0.0194444
0 0.547656 0.047309 0.0328125 0.0866319
0 0.879687 0.5625 0.0125 0.0194444
0 0.344531 0.7375 0.0132813 0.025
0 0.446094 0.0141493 0.00703125 0.0282986
1 0.503125 0.236632 0.009375 0.0197917
1 0.303906 0.795139 0.0152344 0.0194444
1 0.121069 0.873611 0.0965332 0.05
0 0.561719 0.0342882 0.015625 0.0685764
1 0.0588867 0.382292 0.009375 0.0222222
1 0.908594 0.953472 0.0125 0.0208333
0 0.215625 0.799306 0.0210938 0.0180556
0 0.381152 0.618403 0.0126953 0.0229167
1 0.175195 0.398958 0.0210938 0.0159722
0 0.341992 0.930556 0.0203125 0.0333333
0 0.578906 0.055816 0.040625 0.111632
0 0.5 0.213889 0.0140625 0.05
0 0.681641 0.0402778 0.009375 0.0210069
1 0.557422 0.657986 0.0078125 0.0340278
1 0.0900391 0.870833 0.0191406 0.0194444
0 0.558594 0.133333 0.009375 0.0243056
1 0.889063 0.605208 0.015625 0.01875
1 0.365234 0.778472 0.0164062 0.025
1 0.351172 0.706944 0.0144531 0.0291667
0 0.302344 0.780556 0.0132813 0.0222222
1 0.886719 0.609722 0.009375 0.0222222
1 0.267188 0.711111 0.0164062 0.0333333
1 0.384375 0.555208 0.0125 0.0326389
0 0.739062 0.114583 0.0140625 0.021875
1 0.108789 0.0631076 0.00859375 0.0152778
1 0.669531 0.547569 0.00625 0.0319444
0 0.736719 0.115625 0.0140625 0.01875
0 0.467187 0.025651 0.00625 0.0302951
0 0.910937 0.0245768 0.0171875 0.0277561
1 0.265234 0.747222 0.0132813 0.0222222
0 0.984375 0.109722 0.025 0.0388889
0 0.288086 0.292188 0.0230469 0.0263889
0 0.371484 0.543403 0.0109375 0.0270833
1 0.885938 0.605556 0.0140625 0.0194444
0 0.00551758 0.291319 0.00869141 0.0263889
1 0.333594 0.246875 0.0078125 0.0104167
0 0.326758 0.640625 0.0160156 0.0208333
1 0.300781 0.44375 0.0171875 0.0194444
0 0.56875 0.0421766 0.0203125 0.0831814
1 0.563281 0.339583 0.0078125 0.0277778
1 0.307813 0.834722 0.0195312 0.0222222
0 0.297656 0.706944 0.0226563 0.0222222
1 0.432031 0.0238281 0.009375 0.0476562
1 0.514844 0.0304688 0.0109375 0.0380208
0 0.0854492 0.227431 0.0279297 0.0392361
0 0.682031 0.0635634 0.009375 0.0253038
1 0.502344 0.215625 0.0109375 0.0513889
1 0.24043 0.00588108 0.0175781 0.0117622
0 0.189844 0.314063 0.0164062 0.0152778
0 0.0405273 0.138368 0.0300781 0.0520833
0 0.026355 0.221528 0.0324463 0.0444444
0 0.636719 0.180903 0.0265625 0.0652778
0 0.93125 0.0290365 0.0359375 0.0374132
0 0.553516 0.0609158 0.01875 0.0486545
0 0.138867 0.0769097 0.0203125 0.0319444
0 0.677734 0.475 0.0179687 0.0541667
1 0.344531 0.7375 0.0132813 0.025
0 0.691016 0.990972 0.0210938 0.0180556
1 0.349609 0.845833 0.021875 0.0236111
0 0.0787109 0.232118 0.0128906 0.0277778
1 0.268359 0.718056 0.0140625 0.025
1 0.280859 0.827083 0.015625 0.0194444
1 0.269141 0.8 0.0117188 0.0194444
1 0.346484 0.913889 0.0242187 0.025
1 0.246875 0.727778 0.0105469 0.0305556
1 0.295312 0.746528 0.0140625 0.0263889
1 0.326758 0.640625 0.0160156 0.0208333
1 0.354102 0.844444 0.0226563 0.0277778
1 0.342578 0.923611 0.0179687 0.0236111
1 0.746875 0.154861 0.0109375 0.0208333
1 0.339844 0.595833 0.0195312 0.0305556
0 0.305273 0.44375 0.0078125 0.0180556
1 0.302344 0.780556 0.0132813 0.0222222
1 0.351562 0.919444 0.0203125 0.0347222
1 0.297656 0.706944 0.0226563 0.0222222
1 0.239453 0.795139 0.0179687 0.0236111
1 0.381152 0.618403 0.0126953 0.0229167
1 0.296484 0.78125 0.01875 0.0263889
1 0.3875 0.655556 0.015625 0.0222222
1 0.341992 0.930556 0.0203125 0.0333333
1 0.357812 0.876389 0.0148437 0.0222222
1 0.291602 0.7 0.0128906 0.0194444
1 0.26582 0.728472 0.0148437 0.0388889
1 0.356836 0.880556 0.0164062 0.0305556
1 0.341406 0.875 0.0164062 0.0222222
1 0.305273 0.44375 0.0078125 0.0180556
1 0.264844 0.740278 0.0101562 0.0222222
1 0.239844 0.79375 0.0117188 0.0208333
1 0.302734 0.851389 0.0148437 0.0305556
1 0.29043 0.67934 0.0132813 0.0246528
1 0.354492 0.822222 0.0199219 0.025
1 0.309375 0.667361 0.0140625 0.0375
1 0.305273 0.70625 0.0125 0.0208333
1 0.338477 0.933333 0.0167969 0.0263889
0 0.432031 0.0164062 0.0078125 0.0328125
1 0.282813 0.713889 0.00898437 0.0222222
1 0.291211 0.744444 0.0164062 0.0166667
1 0.279492 0.730556 0.0113281 0.025
1 0.341797 0.742361 0.0132813 0.0222222
0 0.555469 0.0434136 0.0171875 0.0843533
1 0.342187 0.786111 0.0140625 0.0194444
1 0.753906 0.154687 0.0140625 0.0253472
1 0.395312 0.623958 0.0109375 0.0236111
1 0.217578 0.833333 0.0195312 0.0166667
1 0.345703 0.878472 0.0265625 0.0333333
0 0.567187 0.0393338 0.015625 0.0689019
1 0.258594 0.732639 0.0125 0.0291667
1 0.35293 0.926389 0.0167969 0.0333333
1 0.739062 0.209028 0.009375 0.0243056
1 0.354883 0.833333 0.0230469 0.0180556
0 0.566406 0.0271267 0.0140625 0.0542535
1 0.34707 0.885417 0.0273438 0.0347222
1 0.280078 0.828472 0.0226563 0.0222222
1 0.343555 0.779167 0.0175781 0.0277778
1 0.215625 0.799306 0.0210938 0.0180556
1 0.432031 0.0164062 0.0078125 0.0328125
1 0.276563 0.825 0.0226563 0.0166667
1 0.343359 0.752083 0.015625 0.0222222
1 0.288281 0.7875 0.0148437 0.0166667
1 0.346484 0.795139 0.0164062 0.0208333
1 0.319922 0.153125 0.0148437 0.0201389
1 0.337891 0.872222 0.0164062 0.0194444
1 0.261328 0.851389 0.0128906 0.0194444
0 0.501562 0.210069 0.0109375 0.0444444
0 0.502344 0.215625 0.0109375 0.0513889
1 0.389062 0.6625 0.0195312 0.0319444
1 0.183594 0.313368 0.0101562 0.0145833
1 0.732813 0.0729167 0.00859375 0.0192708
1 0.308594 0.652431 0.0109375 0.0256944
0 0.235547 0.00583767 0.0109375 0.0116753
1 0.236719 0.354167 0.0125 0.0180556
1 0.282813 0.796528 0.0132813 0.0222222
1 0.382031 0.604861 0.0140625 0.0277778
1 0.221094 0.829167 0.0214844 0.0180556
1 0.0412109 0.889583 0.0220703 0.0291667
1 0.040332 0.8875 0.0148437 0.0291667
1 0.945312 0.265278 0.0078125 0.0180556
1 0.356641 0.995139 0.0132813 0.00972222
1 0.757031 0.107813 0.0117188 0.0225694
1 0.738672 0.114583 0.0140625 0.021875
1 0.740625 0.210069 0.0109375 0.0263889
1 0.267969 0.833333 0.0171875 0.0166667
0 0.183594 0.313368 0.0101562 0.0145833
1 0.112891 0.838889 0.0695312 0.0305556
1 0.736719 0.115799 0.0140625 0.01875
1 0.347852 0.5875 0.0160156 0.0444444
1 0.385938 0.660417 0.015625 0.0319444
0 0.552344 0.0459961 0.0234375 0.0805773
1 0.312695 0.656944 0.0132813 0.0236111
1 0.393359 0.644444 0.015625 0.0208333
1 0.210156 0.866667 0.0164062 0.025
1 0.312891 0.672222 0.0179687 0.0277778
1 0.39375 0.597222 0.0125 0.0222222
0 0.572656 0.0423177 0.0296875 0.0846354
1 0.338672 0.883333 0.0171875 0.0305556
1 0.354297 0.580208 0.0171875 0.0354167
0 0.108789 0.0629991 0.00859375 0.0153212
1 0.260938 0.725694 0.0179687 0.0347222
1 0.0836914 0.872222 0.0203125 0.0194444
1 0.386328 0.611111 0.0171875 0.0180556
1 0.804688 0.6 0.009375 0.0152778
0 0.319922 0.153125 0.0148437 0.0201389
1 0.353516 0.802083 0.0203125 0.0291667
1 0.351562 0.920833 0.0296875 0.025
1 0.264062 0.851389 0.0144531 0.0222222
1 0.35293 0.786111 0.03125 0.0222222
1 0.235547 0.00583767 0.0109375 0.0116753
1 0.303906 0.7 0.0257812 0.0166667
1 0.216016 0.867361 0.0257812 0.0263889
1 0.817187 0.645833 0.0125 0.0277778
1 0.211719 0.825 0.0171875 0.0125
1 0.0786133 0.234722 0.0134766 0.0263889
1 0.294141 0.794444 0.0203125 0.0208333
0 0.0763672 0.231076 0.0169922 0.0288194
1 0.226953 0.8375 0.0140625 0.025
1 0.445703 0.0184245 0.00703125 0.036849
0 0.550391 0.0562717 0.0304688 0.060026
1 0.896875 0.645833 0.0125 0.0208333
1 0.286719 0.786111 0.0152344 0.0291667
1 0.213281 0.801389 0.0226563 0.0166667
0 0.445703 0.0184245 0.00703125 0.036849
0 0.499219 0.201042 0.0125 0.0298611
1 0.300391 0.855556 0.015625 0.0305556
1 0.357227 0.592361 0.0148437 0.0333333
1 0.385938 0.58125 0.0125 0.0236111
1 0.36875 0.595139 0.0101562 0.0222222
1 0.682422 0.0237088 0.009375 0.026888
0 0.85625 0.0592014 0.0125 0.0227431
0 0.0668457 0.488194 0.0206055 0.0326389
1 0.288281 0.675694 0.0152344 0.0222222
1 0.0856445 0.878472 0.0277344 0.0263889
1 0.879687 0.5625 0.0125 0.0194444
1 0.690625 0.990972 0.021875 0.0180556
1 0.339648 0.738889 0.0195312 0.025
1 0.280078 0.832639 0.0148437 0.0277778
1 0.356055 0.778472 0.0148437 0.025
0 0.0357422 0.139583 0.0298828 0.0600694
0 0.240234 0.00588108 0.0171875 0.0117622
1 0.26543 0.793056 0.0136719 0.0208333
1 0.237305 0.349306 0.0078125 0.01875
0 0.673047 0.476042 0.0242187 0.0548611
1 0.0845703 0.470833 0.0101562 0.0152778
1 0.264453 0.856944 0.0132813 0.025
1 0.013916 0.909028 0.0155273 0.0263889
1 0.370898 0.546528 0.0121094 0.0291667
1 0.289062 0.68125 0.0167969 0.025
1 0.347461 0.713889 0.0117188 0.0277778
1 0.246875 0.748611 0.0117188 0.025
0 0.295312 0.746528 0.0140625 0.0263889
0 0.239453 0.795139 0.0179687 0.0236111
1 0.339453 0.915278 0.01875 0.0277778
1 0.226953 0.865278 0.0148437 0.025
0 0.690625 0.988194 0.0234375 0.0236111
0 0.280859 0.827083 0.015625 0.0194444
1 0.349219 0.836111 0.0304688 0.0194444
1 0.132031 0.831944 0.0119141 0.0222222
1 0.222266 0.835417 0.0242187 0.0277778
1 0.324609 0.634375 0.0171875 0.03125
1 0.308203 0.677951 0.0148437 0.0329861
1 0.907812 0.706944 0.0109375 0.0222222
1 0.14375 0.839583 0.0144531 0.025
1 0.0104492 0.909028 0.0139648 0.0222222
1 0.736719 0.117188 0.00625 0.0239583
1 0.681641 0.0402778 0.009375 0.0210069
0 0.339844 0.595833 0.0195312 0.0305556
0 0.269141 0.8 0.0117188 0.0194444
1 0.262109 0.855556 0.0148437 0.0277778
1 0.686328 0.0309028 0.0109375 0.0279514
0 0.732813 0.0729167 0.00859375 0.0192708
0 0.349609 0.845833 0.021875 0.0236111
1 0.0569336 0.397917 0.00800781 0.0208333
0 0.746875 0.154861 0.0109375 0.0208333
0 0.669531 0.539583 0.00625 0.0291667
1 0.385547 0.56875 0.0195312 0.0305556
0 0.0459473 0.134896 0.0415039 0.0482639
1 0.385938 0.653819 0.01875 0.0277778
1 0.339844 0.598611 0.0140625 0.0319444
1 0.338867 0.777778 0.0191406 0.0222222
1 0.499219 0.201042 0.0125 0.0298611
1 0.501562 0.210069 0.0109375 0.0444444
1 0.130664 0.838889 0.0136719 0.025
1 0.783594 0.196875 0.009375 0.0152778
1 0.36875 0.584722 0.009375 0.0326389
0 0.891406 0.0157986 0.01875 0.0304688
1 0.35293 0.215451 0.0117188 0.0194444
0 0.300781 0.44375 0.0171875 0.0194444
0 0.883594 0.00720486 0.009375 0.0144097
0 0.516406 0.0273438 0.0078125 0.0302951
0 0.236719 0.354167 0.0125 0.0180556
1 0.757031 0.174306 0.009375 0.01875
1 0.569531 0.198611 0.00625 0.01875
1 0.307227 0.784722 0.01875 0.025
1 0.174023 0.804167 0.0222656 0.0180556
1 0.232422 0.834028 0.0242187 0.0194444
0 0.246875 0.486111 0.0101562 0.0166667
0 0.863281 0.0611111 0.0234375 0.0274306
1 0.0673828 0.48125 0.0177734 0.0277778
0 0.175439 0.398958 0.0209961 0.0159722
0 0.834375 0.0411458 0.0125 0.0177083
1 0.189844 0.313889 0.0167969 0.0152778
1 0.879687 0.568056 0.015625 0.0222222
1 0.391406 0.582639 0.015625 0.025
1 0.494531 0.0289063 0.00625 0.0225694
1 0.207031 0.7125 0.0125 0.0222222
1 0.381641 0.542361 0.0109375 0.0298611
1 0.394531 0.515972 0.0109375 0.0152778
0 0.753906 0.154687 0.0140625 0.0253472
1 0.354297 0.763889 0.0132813 0.0277778
1 0.178711 0.801389 0.0203125 0.0166667
1 0.0320801 0.470833 0.00996094 0.0152778
1 0.215625 0.794444 0.01875 0.0208333
1 0.347656 0.740278 0.021875 0.0347222
0 0.305273 0.70625 0.0125 0.0208333
1 0.692187 0.0187934 0.0078125 0.0306424
0 0.237305 0.349306 0.0078125 0.01875
1 0.338477 0.591667 0.0175781 0.0375
1 0.0362305 0.911111 0.0307617 0.0333333
0 0.309375 0.667361 0.0140625 0.0375
1 0.372656 0.943056 0.0234375 0.0444444
1 0.0693359 0.373958 0.0117188 0.0229167
0 0.995313 0.00839844 0.009375 0.0167969
1 0.446094 0.0141493 0.00703125 0.0282986
0 0.647266 0.3125 0.0101562 0.0291667
1 0.289844 0.745833 0.0234375 0.0277778
1 0.0389648 0.905556 0.0225586 0.0333333
1 0.261133 0.750694 0.0152344 0.0166667
1 0.370117 0.955556 0.0199219 0.0305556
1 0.0851562 0.476389 0.009375 0.0208333
0 0.296484 0.78125 0.01875 0.0263889
1 0.222266 0.83125 0.0234375 0.0236111
1 0.516406 0.0273438 0.0078125 0.0302951
0 0.246875 0.727778 0.0105469 0.0305556
1 0.360547 0.877778 0.0191406 0.0305556
0 0.575781 0.056684 0.028125 0.113368
0 0.547656 0.047309 0.0328125 0.0866319
1 0.287109 0.827778 0.0300781 0.0194444
0 0.945312 0.265278 0.0078125 0.0180556
0 0.494531 0.0289063 0.00625 0.0225694
0 0.879687 0.5625 0.0125 0.0194444
1 0.303906 0.795833 0.015625 0.0194444
1 0.121069 0.873611 0.0965332 0.05
1 0.503125 0.236632 0.009375 0.0197917
0 0.344531 0.7375 0.0132813 0.025
0 0.446094 0.0141493 0.00703125 0.0282986
0 0.561719 0.0343316 0.015625 0.0686632
1 0.0588867 0.382292 0.009375 0.0222222
1 0.908594 0.953472 0.0125 0.0208333
1 0.175439 0.398958 0.0209961 0.0159722
0 0.381152 0.618403 0.0126953 0.0229167
0 0.215625 0.799306 0.0210938 0.0180556
0 0.578906 0.0557292 0.040625 0.111458
0 0.341992 0.930556 0.0203125 0.0333333
0 0.681641 0.0402778 0.009375 0.0210069
0 0.5 0.213889 0.0140625 0.05
1 0.0900391 0.870833 0.0191406 0.0194444
1 0.889063 0.605208 0.015625 0.01875
1 0.557422 0.657986 0.0078125 0.0340278
0 0.558594 0.133333 0.009375 0.0243056
1 0.365234 0.778472 0.0164062 0.025
1 0.351172 0.706944 0.0144531 0.0291667
1 0.886719 0.609375 0.009375 0.0229167
1 0.267188 0.711111 0.0164062 0.0333333
1 0.384375 0.554861 0.0125 0.0319444
1 0.108789 0.0629991 0.00859375 0.0153212
1 0.669531 0.547569 0.00625 0.0319444
0 0.302344 0.780556 0.0132813 0.0222222
0 0.738672 0.114583 0.0140625 0.021875
0 0.467187 0.0256944 0.00625 0.0302083
1 0.265234 0.747222 0.0132813 0.0222222
0 0.736719 0.115799 0.0140625 0.01875
0 0.910937 0.024566 0.0171875 0.0277778
1 0.885938 0.605556 0.0140625 0.0194444
0 0.984375 0.109809 0.025 0.0388889
0 0.288086 0.292188 0.0230469 0.0263889
1 0.333594 0.246875 0.0078125 0.0104167
0 0.00546875 0.291493 0.00878906 0.0263889
1 0.300781 0.44375 0.0171875 0.0194444
0 0.371484 0.543403 0.0109375 0.0270833
0 0.326758 0.640625 0.0160156 0.0208333
0 0.56875 0.0421984 0.0203125 0.0833116
1 0.563281 0.339583 0.0078125 0.0277778
1 0.307813 0.834722 0.0195312 0.0222222
1 0.432031 0.0238281 0.009375 0.0476562
0 0.297656 0.706944 0.0226563 0.0222222
0 0.0854492 0.227431 0.0279297 0.0395833
1 0.514844 0.0305556 0.0109375 0.0381944
1 0.240234 0.00588108 0.0171875 0.0117622
1 0.502344 0.215625 0.0109375 0.0513889
1 0.310156 0.744444 0.025 0.0208333
