0 0.536315 0.47966 0.0811298 0.244823
1 0.535145 0.47892 0.0780094 0.234467
1 0.509792 0.548077 0.0179422 0.0872781
1 0.509792 0.507766 0.0234028 0.158284
1 0.515252 0.483728 0.033544 0.224852
0 0.539045 0.546967 0.0733289 0.112426
0 0.000609449 0.892752 0.0012189 0.214497
0 0.533194 0.512204 0.099072 0.343195
0 0.633047 0.783284 0.0975118 0.418639
0 0.99965 0.511095 0.000699103 0.335059
0 0 0.917899 0 0.164201
1 0.538265 0.544379 0.0748891 0.116124
0 0.99965 0.593935 0.000699103 0.31213
0 1 0.409394 0 0.329882
1 0.556207 0.538092 0.0358843 0.109467
0 1 0.669379 0 0.244083
0 1 0.304179 0 0.35318
0 0.000877606 0.858728 0.00175521 0.275148
1 0.512522 0.561391 0.0187223 0.0724852
0 1 0.850592 0 0.273669
0 0.535925 0.637204 0.0842502 0.718195
0 0.00140173 0.728365 0.00280346 0.543269
1 0.568299 0.482249 0.0226228 0.183432
0 1 0.723373 0 0.220414
0 0.99965 0.803254 0.000699103 0.335799
0 0.535145 0.461631 0.0920511 0.46875
1 0.515252 0.547707 0.0280834 0.102811
1 0.118769 0.889053 0.00702085 0.0236686
0 0.778339 0.772559 0.440363 0.454882
0 0.390827 0.704882 0.41267 0.578402
0 0.311063 0.767382 0.622125 0.465237
0 0 0.343935 0 0.307692
0 0.814378 0.650148 0.371244 0.699704
0 1 0.901997 0 0.196006
0 0.536705 0.47966 0.0811298 0.244823
1 0.535145 0.47929 0.0780094 0.233728
1 0.509792 0.548077 0.0179422 0.0872781
1 0.509792 0.507397 0.0234028 0.158284
0 0.526564 0.47892 0.0624075 0.227071
1 0.515252 0.483728 0.033544 0.224852
0 0.539045 0.546598 0.0733289 0.112426
0 0.000633827 0.892752 0.00126765 0.214497
0 0.533194 0.511834 0.099072 0.343195
0 0.99965 0.511095 0.000699103 0.33432
0 0.633047 0.783284 0.0975118 0.418639
1 0.538265 0.544379 0.0748891 0.116124
0 0 0.917899 0 0.164201
0 0.99965 0.593935 0.000699103 0.310651
1 0.556207 0.538462 0.0358843 0.109467
0 1 0.409763 0 0.328402
0 0.99926 0.643861 0.00147921 0.301036
0 1 0.693972 0 0.236317
0 1 0.304734 0 0.351331
0 0.000877606 0.858728 0.00175521 0.275148
1 0.512522 0.561391 0.0187223 0.0724852
0 1 0.850592 0 0.272189
0 0.535925 0.636834 0.0842502 0.718935
0 0.00141392 0.728365 0.00282784 0.543269
1 0.568299 0.482249 0.0226228 0.183432
0 0.99965 0.803254 0.000699103 0.33432
1 0.118769 0.889053 0.00702085 0.0236686
1 0.515252 0.547707 0.0280834 0.102811
0 0.535145 0.460706 0.0920511 0.475037
0 0.777754 0.773299 0.441533 0.453402
0 0.390827 0.704327 0.41189 0.579512
0 0.310868 0.767382 0.621735 0.465237
0 0 0.343935 0 0.306953
0 0.813403 0.65024 0.373194 0.699519
0 1 0.902367 0 0.195266
