0 0.339063 0.260764 0.0289063 0.0201389
0 0.982813 0.24375 0.034375 0.0680556
0 0.739062 0.531597 0.0265625 0.0423611
0 0.211523 0.630556 0.0277344 0.0333333
0 0.721094 0.354167 0.0296875 0.0208333
0 0.908594 0.0671875 0.01875 0.0348958
0 0.860156 0.360417 0.028125 0.0180556
0 0.127441 0.697222 0.0322266 0.0388889
0 0.415625 0.597569 0.0359375 0.0222222
0 0.948438 0.152821 0.025 0.0478299
0 0.421094 0.243056 0.028125 0.0180556
0 0.96875 0.286285 0.0390625 0.0600694
0 0.796875 0.321875 0.0125 0.0430556
0 0.329297 0.323264 0.0539063 0.0263889
0 0.610937 0.326997 0.0328125 0.0196181
0 0.724219 0.695833 0.040625 0.0194444
0 0.0838135 0.269444 0.0222168 0.0173611
0 0.716016 0.354167 0.0234375 0.0180556
0 0.558594 0.695833 0.034375 0.0194444
0 0.137305 0.510069 0.0183594 0.0416667
0 0.927344 0.160764 0.0203125 0.0427083
0 0.559375 0.476736 0.01875 0.0229167
0 0.704687 0.804861 0.01875 0.0125
0 0.451562 0.460417 0.0359375 0.0222222
0 0.724609 0.352431 0.0210938 0.0180556
0 0.0421875 0.516667 0.0189453 0.0194444
0 0.505469 0.608333 0.0296875 0.0208333
0 0.121094 0.390972 0.0113281 0.0347222
0 0.995313 0.336806 0.009375 0.0194444
0 0.857813 0.0642578 0.025 0.0471788
0 0.596094 0.446528 0.0203125 0.0166667
0 0.91875 0.203125 0.021875 0.04375
0 0.197266 0.266667 0.0261719 0.0194444
0 0.842188 0.0150608 0.015625 0.0301215
0 0.89375 0.202951 0.021875 0.0420139
0 0.960156 0.29375 0.0421875 0.0541667
0 0.539062 0.148611 0.025 0.034375
0 0.139062 0.519444 0.0179687 0.0333333
0 0.686719 0.2 0.021875 0.0138889
0 0.205469 0.266667 0.009375 0.0180556
0 0.88125 0.128385 0.025 0.0439236
0 0.857813 0.123438 0.021875 0.0376736
0 0.521484 0.287326 0.0320312 0.0204861
0 0.985937 0.688889 0.021875 0.0138889
0 0.183203 0.166493 0.0132813 0.0354167
0 0.666797 0.60625 0.009375 0.0138889
0 0.204688 0.571875 0.015625 0.01875
0 0.895312 0.73125 0.0125 0.00972222
0 0.167383 0.385764 0.00898437 0.0201389
0 0.924219 0.170312 0.021875 0.0319444
0 0.182812 0.499306 0.0132813 0.0243056
0 0.134277 0.501389 0.0119141 0.0270833
0 0.835938 0.913889 0.034375 0.0194444
0 0.839063 0.015842 0.021875 0.031684
0 0.85 0.9125 0.0171875 0.0194444
0 0.872656 0.125868 0.028125 0.0444444
0 0.965625 0.0188802 0.0109375 0.0317708
0 0.914062 0.904167 0.021875 0.0222222
0 0.602344 0.198611 0.0765625 0.0368056
0 0.290625 0.114931 0.0101562 0.0185764
0 0.570312 0.294444 0.0640625 0.0229167
0 0.166211 0.195139 0.05 0.101389
0 0.695703 0.199653 0.040625 0.0163194
0 0.950781 0.297569 0.0296875 0.0447917
0 0.0847656 0.660069 0.0117188 0.0194444
0 0.719922 0.350694 0.0242187 0.0180556
0 0.99375 0.361111 0.0125 0.0333333
0 0.608594 0.329514 0.0390625 0.0194444
0 0.0847656 0.657292 0.009375 0.01875
0 0.242188 0.182465 0.0132813 0.0201389
0 0.0753662 0.269792 0.0148926 0.0166667
0 0.139648 0.513194 0.0195312 0.0416667
0 0.282813 0.531944 0.0117188 0.0138889
0 0.403125 0.380208 0.0140625 0.0131944
0 0.461719 0.237847 0.0359375 0.0236111
0 0.889063 0.197396 0.021875 0.0472222
0 0.888281 0.19566 0.0171875 0.0357639
0 0.870313 0.125174 0.04375 0.0364583
0 0.220313 0.110851 0.00703125 0.0107639
0 0.398047 0.537847 0.0179687 0.0152778
0 0.886719 0.1875 0.0140625 0.0256944
1 0.0248779 0.986806 0.0217285 0.0263889
0 0.915625 0.733333 0.009375 0.0138889
0 0.38125 0.381944 0.009375 0.0138889
0 0.99375 0.368403 0.0125 0.0284722
0 0.826563 0.172743 0.021875 0.0444444
0 0.160645 0.204688 0.0353516 0.0708333
0 0.244531 0.154167 0.0101562 0.0135417
0 0.994531 0.718056 0.0109375 0.0166667
0 0.629297 0.825 0.0125 0.0125
0 0.00566406 0.689583 0.0100098 0.0194444
0 0.2875 0.113802 0.015625 0.0154514
0 0.778906 0.199479 0.0109375 0.015625
0 0.130469 0.462153 0.00585938 0.0229167
0 0.145508 0.354514 0.00664063 0.0229167
0 0.8 0.321528 0.015625 0.0444444
0 0.594531 0.228125 0.0445312 0.0194444
0 0.184375 0.81875 0.0117188 0.0222222
0 0.597656 0.444444 0.021875 0.0166667
0 0.729297 0.169792 0.102344 0.04375
0 0.901563 0.203125 0.015625 0.0430556
0 0.320703 0.627778 0.021875 0.0166667
0 0.00498047 0.533333 0.00800781 0.0138889
0 0.130469 0.309375 0.00625 0.0208333
0 0.99375 0.180556 0.0125 0.0284722
0 0.203711 0.568056 0.0207031 0.0152778
0 0.305078 0.384722 0.0117188 0.0173611
0 0.811719 0.465972 0.015625 0.03125
1 0.0208984 0.986458 0.0304688 0.0270833
0 0.942187 0.0670139 0.0109375 0.0222222
0 0.459375 0.826389 0.0148437 0.0166667
0 0.604297 0.265625 0.0140625 0.0131944
0 0.63125 0.9375 0.04375 0.0361111
0 0.256641 0.0899306 0.0148437 0.0166667
0 0.721094 0.940972 0.01875 0.0236111
0 0.00632324 0.398611 0.00908203 0.0152778
0 0.35625 0.136285 0.00898437 0.0246528
0 0.871875 0.911806 0.015625 0.0180556
0 0.928906 0.15803 0.025 0.0519965
0 0.518359 0.543403 0.0320312 0.0243056
0 0.419531 0.379514 0.0078125 0.0111111
0 0.582812 0.11276 0.0125 0.0178819
0 0.925 0.156597 0.01875 0.0489583
0 0.457422 0.377778 0.009375 0.0111111
0 0.909375 0.732639 0.0203125 0.0125
0 0.515625 0.543403 0.040625 0.0277778
0 0.355859 0.109375 0.009375 0.0392361
0 0.18125 0.164583 0.0171875 0.0420139
0 0.720312 0.95 0.0171875 0.0222222
0 0.416016 0.448958 0.0109375 0.0138889
0 0.81875 0.197917 0.00625 0.0243056
0 0.970312 0.290451 0.0515625 0.0670139
0 0.221094 0.797222 0.0109375 0.0166667
0 0.698438 0.197743 0.0421875 0.015625
0 0.665625 0.609375 0.0109375 0.0152778
0 0.596484 0.400694 0.0179687 0.0118056
0 0.14668 0.332639 0.00761719 0.025
0 0.323438 0.638194 0.0265625 0.0263889
0 0.975 0.438889 0.0234375 0.0354167
0 0.0395508 0.386111 0.0132813 0.0180556
0 0.0339844 0.384722 0.0101562 0.0152778
0 0.305078 0.519097 0.0101562 0.0194444
0 0.283008 0.154861 0.00976562 0.0159722
0 0.179297 0.469444 0.0171875 0.0194444
0 0.721094 0.911111 0.0203125 0.0111111
0 0.331055 0.138542 0.0136719 0.0333333
0 0.679297 0.268229 0.0695312 0.0253472
0 0.980469 0.430556 0.0265625 0.0479167
0 0.482422 0.228125 0.0117188 0.015625
0 0.0461914 0.385417 0.00966797 0.0173611
0 0.571094 0.402431 0.0125 0.0104167
0 0.467187 0.825694 0.015625 0.0166667
0 0.744531 0.913194 0.01875 0.0138889
0 0.330078 0.17309 0.00859375 0.0170139
0 0.963281 0.0183594 0.0171875 0.034375
0 0.914062 0.898611 0.025 0.025
0 0.730469 0.9125 0.0265625 0.0138889
0 0.667969 0.397917 0.028125 0.0152778
0 0.401953 0.5375 0.0140625 0.0152778
0 0.504687 0.24375 0.0164062 0.0340278
0 0.828125 0.196528 0.01875 0.0215278
0 0.358984 0.383333 0.0121094 0.0159722
0 0.131934 0.85 0.0169922 0.0388889
0 0.418359 0.25 0.0195312 0.0170139
0 0.34082 0.103819 0.0164062 0.0215278
0 0.547266 0.404861 0.0164062 0.0118056
0 0.22793 0.798611 0.0203125 0.0194444
0 0.188281 0.26684 0.015625 0.0201389
1 0.0697754 0.934722 0.0125977 0.0194444
1 0.995313 0.336806 0.009375 0.0194444
0 0.988672 0.177778 0.0226563 0.0385417
0 0.992969 0.199306 0.0140625 0.025
0 0.0974609 0.398264 0.00976562 0.0166667
0 0.910156 0.0699653 0.025 0.0407986
0 0.196484 0.446875 0.0132813 0.0118056
0 0.884375 0.890972 0.0125 0.0111111
0 0.171289 0.190321 0.0339844 0.100608
0 0.946094 0.157335 0.03125 0.0429688
0 0.592969 0.447917 0.0257812 0.0152778
0 0.757812 0.938194 0.0125 0.0125
0 0.330469 0.146354 0.0136719 0.0489583
0 0.822656 0.016276 0.0125 0.0315104
0 0.705078 0.266667 0.0125 0.0152778
0 0.83125 0.913889 0.0265625 0.0166667
0 0.291797 0.155556 0.00625 0.01875
0 0.95625 0.235069 0.015625 0.0368056
0 0.68125 0.239236 0.0765625 0.0305556
0 0.582812 0.264931 0.0171875 0.0131944
0 0.807813 0.422222 0.009375 0.0194444
0 0.29043 0.53125 0.0140625 0.0166667
0 0.206641 0.0435764 0.00625 0.0131944
0 0.323633 0.63125 0.0285156 0.025
0 0.973437 0.43125 0.03125 0.0444444
0 0.776563 0.2 0.0171875 0.0152778
0 0.594531 0.438194 0.0203125 0.0194444
0 0.0190186 0.985764 0.0338379 0.0284722
0 0.470313 0.268576 0.009375 0.0142361
0 0.804688 0.620833 0.0078125 0.0180556
0 0.477344 0.264757 0.0171875 0.0145833
1 0.0847656 0.660069 0.0117188 0.0194444
0 0.169043 0.528125 0.0103516 0.0173611
0 0.299023 0.384722 0.0207031 0.0180556
0 0.285937 0.523611 0.0128906 0.0173611
0 0.435156 0.379514 0.0125 0.0118056
0 0.735937 0.95 0.0164062 0.0194444
0 0.344531 0.0603299 0.0117188 0.0185764
0 0.129883 0.328472 0.00664063 0.0284722
0 0.583594 0.469792 0.009375 0.0131944
0 0.354883 0.630208 0.0261719 0.0215278
0 0.3375 0.104948 0.0195312 0.0201389
0 0.436328 0.195486 0.0234375 0.0253472
0 0.625781 0.826389 0.0164062 0.0138889
0 0.791406 0.933333 0.0140625 0.0138889
0 0.740625 0.95 0.01875 0.0166667
0 0.786719 0.965972 0.0109375 0.0111111
0 0.233789 0.384028 0.00859375 0.0166667
0 0.144824 0.15816 0.0136719 0.028125
0 0.909375 0.0615451 0.01875 0.0373264
0 0.992188 0.0725694 0.0125 0.0305556
0 0.730469 0.938889 0.009375 0.0166667
0 0.356641 0.0959201 0.00742187 0.0177083
0 0.66875 0.11059 0.0125 0.0229167
0 0.323438 0.384028 0.0132813 0.0180556
0 0.932813 0.0654297 0.01875 0.0344184
0 0.00693359 0.820139 0.00898437 0.0194444
0 0.164453 0.384028 0.0101562 0.0208333
0 0.168945 0.511806 0.0117188 0.0229167
0 0.953125 0.108594 0.021875 0.0354167
0 0.202344 0.572569 0.021875 0.01875
0 0.169531 0.0521267 0.0148437 0.022309
0 0.344336 0.383681 0.0117188 0.0159722
0 0.17168 0.465278 0.0230469 0.0166667
0 0.45625 0.155556 0.0140625 0.0125
0 0.717188 0.982639 0.0125 0.0152778
0 0.779883 0.242882 0.0121094 0.0322917
0 0.339844 0.63125 0.05625 0.0263889
0 0.99375 0.402778 0.0125 0.025
0 0.144238 0.38125 0.00664063 0.0263889
0 0.989844 0.0741319 0.0125 0.0239583
0 0.94375 0.084375 0.009375 0.0222222
0 0.244922 0.7125 0.0125 0.0194444
0 0.53125 0.546528 0.0171875 0.025
0 0.13125 0.869444 0.0203125 0.0277778
0 0.982813 0.286806 0.034375 0.0548611
0 0.197656 0.260417 0.0273438 0.0201389
0 0.304688 0.524653 0.0109375 0.0229167
0 0.257812 0.0168403 0.0585938 0.0255208
0 0.522266 0.545139 0.0304688 0.0263889
0 0.848437 0.0168837 0.025 0.0324653
0 0.00600586 0.554514 0.00878906 0.0125
0 0.9625 0.428472 0.0171875 0.0402778
0 0.653906 0.235764 0.0171875 0.01875
0 0.909375 0.406597 0.0125 0.0215278
0 0.809375 0.129514 0.0109375 0.0354167
0 0.782031 0.9125 0.009375 0.0138889
0 0.909375 0.0255208 0.0125 0.0307292
0 0.0595703 0.386806 0.0126953 0.0208333
0 0.180273 0.894444 0.0140625 0.025
0 0.716797 0.196701 0.0132813 0.0142361
0 0.0865234 0.564236 0.00742187 0.0145833
0 0.00576172 0.153299 0.0078125 0.0166667
0 0.283594 0.0128255 0.009375 0.025651
0 0.354102 0.538194 0.0117188 0.0180556
0 0.2125 0.619792 0.0265625 0.0479167
0 0.901563 0.891667 0.046875 0.0166667
0 0.185547 0.502778 0.0199219 0.0256944
0 0.985156 0.218229 0.0296875 0.0517361
0 0.552734 0.416667 0.0171875 0.0180556
0 0.573438 0.226389 0.015625 0.0159722
0 0.220703 0.155208 0.00859375 0.0166667
0 0.81875 0.374653 0.00625 0.0194444
0 0.992188 0.426389 0.0125 0.0506944
0 0.687109 0.231597 0.0742188 0.0236111
0 0.757031 0.913889 0.0265625 0.0166667
0 0.289453 0.115799 0.0101562 0.0215278
0 0.99375 0.555903 0.009375 0.0243056
0 0.304688 0.522222 0.01875 0.0166667
0 0.250781 0.713889 0.0242187 0.0194444
0 0.255859 0.152127 0.00859375 0.0165799
0 0.202344 0.260764 0.0242187 0.01875
0 0.920313 0.157292 0.025 0.0479167
0 0.338672 0.384722 0.0285156 0.0194444
0 0.99375 0.723611 0.0125 0.0194444
0 0.946875 0.0197049 0.009375 0.0328993
0 0.947656 0.104948 0.0171875 0.034375
0 0.778125 0.266493 0.015625 0.0100694
0 0.0866211 0.661806 0.0164062 0.0208333
0 0.984375 0.163368 0.03125 0.05
0 0.263281 0.0890625 0.025 0.0208333
0 0.723437 0.167014 0.0875 0.0315972
0 0.667969 0.166493 0.0234375 0.0222222
0 0.169043 0.0562717 0.0158203 0.0266927
0 0.992188 0.160764 0.015625 0.03125
0 0.975781 0.434028 0.04375 0.0472222
0 0.307813 0.149479 0.0078125 0.0284722
0 0.746875 0.163889 0.0625 0.0347222
0 0.776367 0.267361 0.0160156 0.00902778
0 0.271094 0.383333 0.00898437 0.0152778
0 0.601562 0.20434 0.08125 0.0302083
0 0.989844 0.342969 0.01875 0.0446181
0 0.339063 0.260938 0.0289063 0.0204861
0 0.982813 0.24375 0.034375 0.0680556
0 0.739062 0.531597 0.0265625 0.0423611
0 0.211523 0.630556 0.0277344 0.0333333
0 0.721094 0.354167 0.0296875 0.0208333
0 0.908594 0.0672092 0.01875 0.035026
0 0.860156 0.360417 0.028125 0.0180556
0 0.127441 0.697222 0.0322266 0.0388889
0 0.415625 0.597569 0.0359375 0.0222222
0 0.948438 0.152821 0.025 0.0478299
0 0.421094 0.243056 0.028125 0.0180556
0 0.96875 0.286458 0.0390625 0.0597222
0 0.796875 0.321875 0.0125 0.0430556
0 0.329492 0.323264 0.0539063 0.0263889
0 0.610937 0.326997 0.0328125 0.0196181
0 0.724219 0.695833 0.040625 0.0194444
0 0.0838135 0.269444 0.0222168 0.0173611
0 0.716016 0.354167 0.0234375 0.0180556
0 0.558594 0.695833 0.034375 0.0194444
0 0.137305 0.510069 0.0183594 0.0416667
0 0.927344 0.160764 0.0203125 0.0427083
0 0.559375 0.476736 0.01875 0.0229167
0 0.704687 0.804167 0.01875 0.0111111
0 0.451562 0.460417 0.0359375 0.0222222
0 0.724609 0.352083 0.0210938 0.0180556
0 0.0421875 0.516667 0.0189453 0.0194444
0 0.505469 0.608333 0.0296875 0.0208333
0 0.121094 0.390972 0.0113281 0.0347222
0 0.995313 0.336806 0.009375 0.0194444
0 0.857813 0.0642578 0.025 0.0471788
0 0.596094 0.446528 0.0203125 0.0166667
0 0.91875 0.203125 0.021875 0.04375
0 0.197266 0.266667 0.0261719 0.0194444
0 0.842188 0.0150608 0.015625 0.0301215
0 0.89375 0.202951 0.021875 0.0420139
0 0.960156 0.293924 0.0421875 0.0538194
0 0.539062 0.148611 0.025 0.034375
0 0.139062 0.519792 0.0179687 0.0333333
0 0.686719 0.199826 0.021875 0.0135417
0 0.205469 0.266667 0.009375 0.0180556
0 0.88125 0.128385 0.025 0.0439236
0 0.857813 0.123351 0.021875 0.0376736
0 0.521484 0.287326 0.0320312 0.0204861
0 0.985937 0.688889 0.021875 0.0138889
0 0.183203 0.166667 0.0132813 0.0354167
0 0.666797 0.60625 0.009375 0.0138889
0 0.204688 0.571875 0.015625 0.01875
0 0.895312 0.73125 0.0125 0.00972222
0 0.167383 0.385764 0.00898437 0.0201389
0 0.924219 0.170312 0.021875 0.0319444
0 0.182812 0.499306 0.0132813 0.0243056
0 0.134277 0.501389 0.0119141 0.0270833
0 0.835938 0.913889 0.034375 0.0194444
0 0.839063 0.0158203 0.0203125 0.0316406
0 0.85 0.9125 0.0171875 0.0194444
0 0.872656 0.125868 0.028125 0.0444444
0 0.965625 0.0188802 0.0109375 0.0317708
0 0.914062 0.904861 0.021875 0.0222222
0 0.602344 0.198611 0.0765625 0.0368056
0 0.290625 0.114931 0.0101562 0.0185764
0 0.570312 0.294444 0.0640625 0.0229167
0 0.166211 0.195139 0.05 0.101389
0 0.695703 0.199653 0.040625 0.0163194
0 0.950781 0.297569 0.0296875 0.0444444
0 0.0847656 0.660069 0.0117188 0.0194444
0 0.719922 0.350694 0.0242187 0.0180556
0 0.99375 0.361111 0.0125 0.0333333
0 0.608594 0.329514 0.0390625 0.0194444
0 0.0847656 0.657292 0.00917969 0.01875
0 0.242188 0.182292 0.0132813 0.0201389
0 0.0753662 0.269792 0.0148926 0.0166667
0 0.139648 0.513194 0.0197266 0.0416667
0 0.282813 0.531944 0.0117188 0.0138889
0 0.403125 0.380208 0.0140625 0.0131944
0 0.461719 0.237847 0.0359375 0.0236111
0 0.889063 0.197396 0.021875 0.0472222
0 0.888281 0.19566 0.0171875 0.0357639
0 0.870313 0.125087 0.04375 0.0364583
0 0.220313 0.110937 0.00703125 0.0107639
0 0.398047 0.537847 0.0179687 0.0152778
1 0.0248535 0.986806 0.0217773 0.0263889
0 0.886719 0.1875 0.0140625 0.0256944
0 0.915625 0.733333 0.009375 0.0138889
0 0.38125 0.381944 0.009375 0.0138889
0 0.99375 0.368403 0.0125 0.0284722
0 0.826563 0.172743 0.021875 0.0444444
0 0.160547 0.204861 0.0351562 0.0701389
0 0.244531 0.154167 0.0101562 0.0135417
0 0.994531 0.718056 0.0109375 0.0166667
0 0.629297 0.825 0.0125 0.0125
0 0.00566406 0.689583 0.0100586 0.0194444
0 0.2875 0.113802 0.015625 0.0154514
0 0.778906 0.199479 0.0109375 0.015625
0 0.130469 0.461806 0.00585938 0.0222222
0 0.145508 0.354514 0.00664063 0.0229167
0 0.8 0.321528 0.015625 0.0444444
0 0.594531 0.228125 0.0445312 0.0194444
0 0.184375 0.81875 0.0117188 0.0222222
0 0.597656 0.444444 0.021875 0.0166667
0 0.729297 0.169792 0.102344 0.04375
0 0.901563 0.203125 0.015625 0.0430556
0 0.320703 0.628125 0.021875 0.0173611
0 0.00493164 0.533333 0.00805664 0.0138889
0 0.130469 0.309375 0.00625 0.0208333
0 0.99375 0.180556 0.0125 0.0284722
0 0.203711 0.568056 0.0207031 0.0152778
0 0.811719 0.465972 0.015625 0.03125
0 0.305078 0.384722 0.0117188 0.0180556
1 0.0209229 0.986458 0.0305176 0.0270833
0 0.942187 0.0670139 0.009375 0.0222222
0 0.604297 0.265625 0.0140625 0.0131944
0 0.459375 0.826389 0.0148437 0.0166667
0 0.703125 0.804167 0.0203125 0.0138889
0 0.256641 0.0899306 0.0148437 0.0166667
0 0.63125 0.9375 0.04375 0.0361111
0 0.35625 0.136285 0.00898437 0.0246528
0 0.721094 0.940972 0.01875 0.0236111
0 0.00634766 0.398611 0.00908203 0.0152778
0 0.871875 0.911806 0.015625 0.0180556
0 0.928906 0.157986 0.025 0.0520833
0 0.518359 0.543403 0.0320312 0.0243056
0 0.925 0.156597 0.01875 0.0489583
0 0.183789 0.161285 0.0132813 0.0420139
0 0.419531 0.379514 0.0078125 0.0111111
0 0.582812 0.112847 0.0125 0.0180556
0 0.457422 0.377778 0.009375 0.0111111
0 0.909375 0.732639 0.0203125 0.0125
0 0.515625 0.543403 0.040625 0.0277778
0 0.355859 0.109375 0.00898437 0.0392361
0 0.181445 0.16441 0.0167969 0.0416667
0 0.970312 0.290625 0.0515625 0.0666667
0 0.416016 0.448958 0.0109375 0.0138889
0 0.720312 0.95 0.0171875 0.0222222
0 0.81875 0.197917 0.00625 0.0243056
0 0.221094 0.797222 0.0109375 0.0166667
0 0.665625 0.609722 0.0109375 0.0152778
0 0.698438 0.197569 0.0421875 0.0159722
0 0.596484 0.400694 0.0179687 0.0118056
0 0.14668 0.332639 0.00761719 0.025
0 0.323633 0.638194 0.0261719 0.0263889
0 0.975 0.438889 0.0234375 0.0361111
0 0.039502 0.386111 0.0131836 0.0180556
0 0.305078 0.519097 0.0101562 0.0194444
0 0.283008 0.154861 0.00976562 0.0159722
0 0.0339844 0.384722 0.0101562 0.0152778
0 0.179297 0.469444 0.0171875 0.0194444
0 0.331055 0.138542 0.0136719 0.0333333
0 0.679297 0.268229 0.0695312 0.0253472
0 0.721094 0.911111 0.0203125 0.0111111
0 0.980469 0.430556 0.0265625 0.0479167
0 0.482422 0.228125 0.0117188 0.0159722
0 0.571094 0.402431 0.0125 0.0104167
0 0.0461914 0.385417 0.00976562 0.0173611
0 0.467187 0.825694 0.015625 0.0166667
0 0.963281 0.0183594 0.0171875 0.0344618
0 0.330078 0.172917 0.00859375 0.0173611
0 0.744531 0.913194 0.01875 0.0138889
0 0.914062 0.898611 0.025 0.025
0 0.730469 0.9125 0.0265625 0.0138889
0 0.667969 0.397917 0.028125 0.0152778
0 0.401953 0.5375 0.0140625 0.0152778
0 0.504687 0.24375 0.0164062 0.0340278
0 0.828125 0.196528 0.01875 0.0215278
0 0.358984 0.383333 0.0117188 0.0159722
0 0.132031 0.85 0.0171875 0.0388889
0 0.418359 0.25 0.0195312 0.0173611
0 0.547266 0.404861 0.0164062 0.0125
0 0.34082 0.103819 0.0164062 0.0215278
0 0.228125 0.798611 0.0203125 0.0194444
0 0.188281 0.267014 0.015625 0.0201389
1 0.995313 0.336806 0.009375 0.0194444
1 0.0697754 0.934722 0.0125977 0.0194444
0 0.988672 0.177778 0.0226563 0.0385417
0 0.992969 0.199653 0.0140625 0.025
0 0.910156 0.0699653 0.025 0.0407986
0 0.0974609 0.398264 0.00976562 0.0166667
0 0.196484 0.446875 0.0132813 0.0118056
0 0.884375 0.890972 0.0125 0.0111111
0 0.171289 0.190321 0.0339844 0.100608
0 0.946094 0.157465 0.03125 0.0430556
0 0.592969 0.447917 0.0257812 0.0152778
0 0.757812 0.938194 0.0125 0.0125
0 0.330469 0.146354 0.0136719 0.0489583
0 0.822656 0.016276 0.0125 0.0315972
0 0.705078 0.266667 0.0125 0.0152778
0 0.83125 0.913889 0.0265625 0.0166667
0 0.95625 0.235069 0.015625 0.0368056
0 0.291797 0.155556 0.00625 0.01875
0 0.681641 0.239236 0.0765625 0.0305556
0 0.807813 0.422222 0.009375 0.0194444
0 0.582812 0.264931 0.0171875 0.0131944
0 0.29043 0.53125 0.0140625 0.0166667
0 0.206641 0.0435764 0.00625 0.0131944
0 0.323438 0.63125 0.028125 0.025
0 0.973437 0.43125 0.03125 0.0451389
0 0.776563 0.200174 0.0171875 0.015625
0 0.594531 0.438194 0.0203125 0.0194444
0 0.019043 0.985764 0.0337891 0.0284722
0 0.470313 0.268576 0.009375 0.0142361
0 0.804688 0.620833 0.0078125 0.0180556
0 0.477344 0.264757 0.0171875 0.0145833
0 0.169043 0.528125 0.0103516 0.0173611
1 0.0847656 0.660069 0.0117188 0.0194444
0 0.299023 0.384722 0.0207031 0.0180556
0 0.735937 0.95 0.015625 0.0194444
0 0.285937 0.523611 0.0128906 0.0173611
0 0.435156 0.379514 0.0125 0.0118056
0 0.344336 0.0604384 0.0121094 0.0187066
0 0.583594 0.469792 0.009375 0.0131944
0 0.355078 0.630208 0.0257812 0.0215278
0 0.3375 0.104948 0.0195312 0.0201389
0 0.129883 0.328472 0.00664063 0.0284722
0 0.740625 0.95 0.01875 0.0166667
0 0.436328 0.195486 0.0234375 0.025
0 0.625781 0.826389 0.0164062 0.0138889
0 0.786719 0.965972 0.0109375 0.0111111
0 0.791406 0.933333 0.0140625 0.0138889
0 0.909375 0.0615451 0.01875 0.0373264
0 0.144824 0.15816 0.0136719 0.028125
0 0.992188 0.0725694 0.0125 0.0305556
0 0.356641 0.0960069 0.00742187 0.0177083
0 0.233594 0.384028 0.00859375 0.0166667
0 0.66875 0.11059 0.0125 0.0229167
0 0.730469 0.939583 0.009375 0.0180556
0 0.932813 0.0654297 0.01875 0.0344184
0 0.323438 0.384028 0.0132813 0.0180556
0 0.164453 0.384028 0.0101562 0.0208333
0 0.168945 0.511806 0.0117188 0.0229167
0 0.00693359 0.820139 0.00898437 0.0194444
0 0.953125 0.108594 0.021875 0.0354167
0 0.202344 0.572569 0.021875 0.01875
0 0.169531 0.0521267 0.0148437 0.022309
0 0.344141 0.383681 0.0117188 0.0159722
0 0.17168 0.465278 0.0230469 0.0166667
0 0.717188 0.982639 0.0125 0.0152778
0 0.45625 0.155556 0.0140625 0.0125
0 0.778906 0.242882 0.0125 0.0322917
0 0.339844 0.63125 0.05625 0.0263889
0 0.99375 0.402778 0.0125 0.025
0 0.144238 0.38125 0.00664063 0.0263889
0 0.989844 0.0741319 0.0125 0.0239583
0 0.94375 0.084375 0.009375 0.0222222
0 0.53125 0.546528 0.0171875 0.025
0 0.982813 0.286806 0.034375 0.0548611
0 0.244922 0.7125 0.0125 0.0194444
0 0.13125 0.869444 0.0203125 0.0277778
0 0.197656 0.260417 0.0273438 0.0201389
0 0.257812 0.0168403 0.0585938 0.0256076
0 0.304688 0.524653 0.0109375 0.0229167
0 0.522266 0.545139 0.0304688 0.0263889
0 0.848437 0.0168837 0.025 0.0324653
0 0.00598145 0.554514 0.00874023 0.0125
0 0.9625 0.428472 0.0171875 0.0402778
0 0.653906 0.235764 0.0179687 0.01875
0 0.909375 0.406597 0.0125 0.0215278
0 0.782031 0.9125 0.009375 0.0138889
0 0.909375 0.0255208 0.0125 0.0307292
0 0.180273 0.894444 0.0140625 0.025
0 0.0595703 0.386806 0.0126953 0.0208333
0 0.809375 0.129514 0.0109375 0.0354167
0 0.0865234 0.564236 0.00742187 0.0145833
0 0.716797 0.196701 0.0132813 0.0142361
0 0.283594 0.0128255 0.009375 0.025651
0 0.00576172 0.153299 0.0078125 0.0166667
0 0.2125 0.619792 0.0265625 0.0479167
0 0.354102 0.538194 0.0117188 0.0180556
0 0.185547 0.502778 0.0195312 0.0256944
0 0.985156 0.218403 0.0296875 0.0520833
0 0.901563 0.891667 0.046875 0.0166667
0 0.552734 0.416667 0.0171875 0.0180556
0 0.220703 0.155208 0.00859375 0.0166667
0 0.81875 0.374653 0.00625 0.0194444
0 0.992188 0.426389 0.0125 0.0506944
0 0.687109 0.231597 0.0742188 0.0236111
0 0.573438 0.226389 0.015625 0.0163194
0 0.99375 0.555903 0.009375 0.0243056
0 0.757031 0.913889 0.0265625 0.0166667
0 0.289453 0.115712 0.0101562 0.0217014
0 0.304688 0.522222 0.01875 0.0166667
0 0.255859 0.152083 0.00859375 0.0163194
0 0.920313 0.157292 0.025 0.0479167
0 0.202344 0.260764 0.0242187 0.0184028
0 0.250781 0.713889 0.0242187 0.0194444
0 0.338672 0.384722 0.0285156 0.0194444
0 0.946875 0.0197049 0.009375 0.0328993
0 0.99375 0.723611 0.0125 0.0194444
0 0.948438 0.104861 0.015625 0.034375
0 0.778125 0.266493 0.015625 0.0100694
0 0.0867188 0.661806 0.0164062 0.0208333
0 0.984375 0.163368 0.03125 0.0496528
0 0.667969 0.166493 0.0234375 0.0222222
0 0.723437 0.167014 0.0875 0.0315972
0 0.263281 0.0890625 0.025 0.0208333
0 0.992188 0.160764 0.015625 0.03125
0 0.975781 0.434028 0.04375 0.0472222
0 0.169043 0.0562717 0.0158203 0.0266927
0 0.776367 0.267361 0.0160156 0.00902778
0 0.746875 0.163889 0.0625 0.0347222
0 0.307813 0.149479 0.0078125 0.0284722
0 0.601562 0.20434 0.08125 0.0302083
