0 0.234814 0.494792 0.142871 0.136806
0 0.578125 0.495139 0.0820312 0.0583333
0 0.385547 0.0987847 0.0460938 0.0420139
1 0.854688 0.669097 0.0125 0.0229167
1 0.012793 0.421181 0.0171387 0.0354167
1 0.0379395 0.426736 0.0176758 0.0402778
1 0.455469 0.337847 0.009375 0.0201389
1 0.879687 0.627083 0.0171875 0.0319444
1 0.433594 0.206944 0.0125 0.021875
1 0.0461914 0.335417 0.0134766 0.0194444
1 0.0376953 0.426389 0.0136719 0.0347222
0 0.347998 0.499306 0.369629 0.166667
1 0.895312 0.626389 0.0140625 0.0298611
1 0.367578 0.182639 0.0113281 0.0204861
1 0.172461 0.538194 0.0300781 0.0430556
1 0.187158 0.476042 0.0327148 0.0527778
1 0.48125 0.215972 0.0117188 0.0236111
1 0.569531 0.396528 0.0140625 0.0222222
1 0.876562 0.627431 0.021875 0.0298611
1 0.105273 0.683333 0.0144531 0.0208333
1 0.435937 0.209722 0.0125 0.0277778
1 0.182031 0.470139 0.0222656 0.0583333
1 0.617578 0.38125 0.009375 0.0277778
1 0.850781 0.668056 0.01875 0.0222222
1 0.385156 0.0979167 0.0445312 0.0376736
1 0.0404297 0.410417 0.0142578 0.0291667
1 0.889063 0.626736 0.0359375 0.0395833
1 0.234961 0.493056 0.126172 0.115278
1 0.832812 0.620833 0.015625 0.0236111
1 0.108398 0.674653 0.0230469 0.03125
1 0.532422 0.271875 0.0101562 0.0229167
1 0.178564 0.547222 0.0202148 0.0458333
1 0.0533203 0.332986 0.022168 0.0243056
0 0.0125488 0.421181 0.0179687 0.0340278
1 0.219336 0.426389 0.0347656 0.0236111
1 0.180273 0.456944 0.01875 0.0340278
1 0.168555 0.546528 0.0214844 0.0409722
1 0.191455 0.471528 0.0428711 0.0625
1 0.892969 0.886111 0.021875 0.0277778
1 0.211719 0.425 0.0390625 0.0222222
1 0.48125 0.211458 0.0125 0.0270833
1 0.903125 0.629861 0.021875 0.0361111
1 0.0135498 0.425 0.0138184 0.0347222
1 0.440234 0.218229 0.015625 0.0253472
1 0.342187 0.163889 0.0128906 0.0211806
1 0.112207 0.669792 0.0242187 0.0326389
0 0.000756836 0.898958 0.00151367 0.202083
1 0.577344 0.496528 0.084375 0.0625
1 0.870313 0.200694 0.015625 0.0274306
1 0.0625488 0.390972 0.0141602 0.0236111
1 0.209375 0.477083 0.0804688 0.0875
1 0.885156 0.883333 0.0234375 0.025
1 0.435937 0.212153 0.01875 0.0326389
1 0.20293 0.472222 0.0675781 0.0729167
1 0.90625 0.201042 0.0140625 0.0215278
0 0.854688 0.669097 0.0125 0.0229167
1 0.496875 0.241319 0.0109375 0.0180556
1 0.279297 0.463542 0.028125 0.0298611
0 0.191016 0.477083 0.0394531 0.0520833
1 0.888281 0.883333 0.0328125 0.0319444
1 0.254297 0.496528 0.10625 0.0902778
1 0.596484 0.381597 0.00859375 0.0222222
1 0.970312 0.630556 0.015625 0.0243056
1 0.191602 0.460417 0.0378906 0.0430556
1 0.117285 0.686111 0.0234375 0.0222222
1 0.8375 0.622222 0.01875 0.0229167
1 0.504687 0.244444 0.009375 0.0215278
1 0.233008 0.491667 0.119141 0.0847222
1 0.106348 0.653125 0.021875 0.0381944
1 0.85625 0.650694 0.015625 0.0236111
0 0.0135498 0.425 0.0138184 0.0347222
1 0.164062 0.487153 0.0175781 0.0333333
1 0.176758 0.520486 0.0238281 0.0284722
1 0.596875 0.669792 0.0109375 0.0173611
1 0.64375 0.383681 0.0140625 0.0333333
1 0.160059 0.487847 0.0158203 0.0333333
1 0.197656 0.425 0.0242187 0.0222222
1 0.855469 0.674306 0.0140625 0.0333333
1 0.204883 0.458333 0.0726563 0.0597222
0 0.00045166 0.783681 0.00090332 0.432639
1 0.858594 0.627083 0.015625 0.025
1 0.465625 0.260069 0.009375 0.0298611
1 0.896875 0.630556 0.015625 0.0375
0 0.420215 0.491319 0.517383 0.123611
1 0.546094 0.380556 0.009375 0.0208333
1 0.338281 0.167361 0.0125 0.0253472
0 0.410547 0.480556 0.480469 0.191667
1 0.516406 0.387847 0.0101562 0.0277778
1 0.251172 0.623611 0.0226563 0.0263889
1 0.341797 0.173785 0.0132813 0.028125
1 0.919531 0.220139 0.0109375 0.0180556
1 0.617188 0.388194 0.0101562 0.0375
1 0.615625 0.264236 0.0109375 0.0222222
1 0.574219 0.39375 0.01875 0.0277778
0 0.0368164 0.43125 0.0171875 0.0368056
0 0.234961 0.535764 0.157813 0.231944
1 0.333984 0.175174 0.0160156 0.0263889
1 0.0625 0.398611 0.0164062 0.0243056
0 0.578125 0.521875 0.0859375 0.135417
0 0.0376953 0.426389 0.0136719 0.0347222
0 0.195312 0.471181 0.0484375 0.0666667
0 0.239648 0.488194 0.186328 0.155556
1 0.853125 0.657292 0.034375 0.0298611
1 0.0749756 0.659028 0.0172363 0.025
0 0.346143 0.536806 0.370996 0.229167
0 0.445215 1 0.223633 0
0 0.0928711 1 0.167773 0
1 0.103711 0.670139 0.0230469 0.0347222
1 0.81875 0.620833 0.0125 0.025
0 0.071875 0.999653 0.14375 0.000694444
1 0.479688 0.212847 0.0210938 0.0256944
0 0.406934 1 0.218945 0
1 0.508984 0.388194 0.0148437 0.0291667
1 0.736719 0.654167 0.009375 0.0222222
1 0.170898 0.522222 0.0246094 0.0291667
0 0.352148 0.492361 0.407422 0.113889
1 0.165234 0.536111 0.0214844 0.0319444
1 0.457031 0.376389 0.009375 0.0173611
1 0.84375 0.65625 0.03125 0.0319444
0 0.351562 1 0.192188 0
1 0.0124756 0.427431 0.0180176 0.0430556
1 0.607031 0.39375 0.0109375 0.025
1 0.517578 0.390278 0.0125 0.0305556
0 0.879687 0.627083 0.0171875 0.0319444
1 0.232812 0.506597 0.144141 0.152778
1 0.882812 0.2875 0.11875 0.108333
0 0.485938 1 0.232812 0
1 0.932031 0.64375 0.0140625 0.0326389
1 0.880469 0.150391 0.0171875 0.0158854
1 0.463281 0.254167 0.0125 0.0340278
0 0.000976562 0.858333 0.00195312 0.283333
0 0.178711 1 0.278906 0
1 0.17832 0.460417 0.0226563 0.0430556
1 0.451562 0.339583 0.0203125 0.025
1 0.337695 0.167361 0.0207031 0.0277778
1 0.757812 0.605556 0.0101562 0.0215278
1 0.102246 0.66875 0.113867 0.0777778
1 0.254687 0.484028 0.0792969 0.0743056
1 0.465625 0.254514 0.0101562 0.0302083
1 0.6375 0.386806 0.0140625 0.0333333
1 0.05 0.340625 0.0648438 0.0319444
1 0.905469 0.634722 0.0859375 0.0597222
0 0.269531 1 0.254687 0
1 0.0523437 0.338889 0.0476562 0.0298611
0 0.73125 0.999306 0.2 0.00138889
1 0.514844 0.388542 0.01875 0.0340278
1 0.482031 0.265625 0.00859375 0.0222222
1 0.932031 0.264236 0.0171875 0.0256944
2 0.385156 0.0986111 0.0460938 0.0409722
1 0.266406 0.149306 0.0171875 0.0288194
1 0.10332 0.676389 0.0222656 0.0375
1 0.557813 0.238368 0.0101562 0.0194444
1 0.214648 0.434375 0.0523437 0.0395833
1 0.5625 0.399653 0.0171875 0.0222222
1 0.610156 0.385417 0.01875 0.0361111
1 0.901563 0.247917 0.025 0.0263889
1 0.895312 0.883333 0.0375 0.0333333
0 0.173633 0.999653 0.189063 0.000694444
1 0.670703 0.290278 0.0109375 0.0173611
1 0.205664 0.439583 0.0722656 0.0409722
0 0.268164 0.548611 0.208594 0.251389
1 0.177539 0.470833 0.0234375 0.0555556
1 0.580469 0.3875 0.0078125 0.0291667
1 0.827344 0.622222 0.0453125 0.0347222
0 0.184424 0.602083 0.281152 0.340278
1 0.81875 0.450694 0.0125 0.0222222
1 0.161426 0.513889 0.0164062 0.025
1 0.112109 0.660417 0.0253906 0.0458333
0 0.455469 0.337847 0.009375 0.0201389
1 0.546094 0.393056 0.0101562 0.0277778
1 0.278516 0.472917 0.0429688 0.0472222
1 0.638281 0.386806 0.01875 0.0416667
1 0.194336 0.541667 0.0769531 0.0597222
1 0.360156 0.752778 0.01875 0.0361111
0 0.216797 0.490278 0.178125 0.115278
0 0.00119629 0.446181 0.00239258 0.455556
1 0.159961 0.476389 0.0179687 0.0472222
1 0.929688 0.285417 0.025 0.0291667
1 0.263281 0.141667 0.0171875 0.0229167
1 0.065625 0.397917 0.0138672 0.0263889
0 0.433594 0.206944 0.0125 0.021875
0 0.578516 0.462847 0.0851562 0.120139
1 0.0466797 0.410069 0.0416016 0.0604167
1 0.495313 0.229687 0.0125 0.0256944
0 0.553906 0.999653 0.246875 0.000694444
1 0.932813 0.637153 0.0171875 0.0388889
0 0.6875 0.999306 0.20625 0.00138889
0 0.172461 0.538194 0.0300781 0.0430556
1 0.874219 0.200347 0.0234375 0.0284722
1 0.00571289 0.306597 0.00693359 0.0277778
1 0.0391602 0.334722 0.0222656 0.0180556
1 0.180908 0.545139 0.0420898 0.0611111
1 0.607813 0.642014 0.0109375 0.0180556
0 0.210352 1 0.190234 0
0 0.422656 0.531944 0.517187 0.290278
1 0.0554199 0.417361 0.0291992 0.0513889
1 0.910937 0.636806 0.121875 0.0625
1 0.455469 0.348264 0.0125 0.0409722
0 0.314648 1 0.197266 0
1 0.908594 0.635417 0.0375 0.0444444
1 0.616406 0.3875 0.01875 0.0402778
1 0.131836 0.203472 0.0125 0.0263889
2 0.421484 0.485069 0.503125 0.145139
0 0.473437 0.482639 0.321094 0.176389
1 0.86875 0.188715 0.015625 0.0315972
0 0.371094 0.596528 0.457812 0.359722
0 0.000732422 0.758333 0.00146484 0.295833
0 0.000476074 0.601042 0.000952148 0.314583
1 0.205127 0.521181 0.103027 0.0840278
0 0.771094 0.998611 0.232812 0.00277778
0 0.762109 0.554861 0.467969 0.1125
1 0.592578 0.493403 0.05 0.0576389
0 0.763281 0.636806 0.46875 0.140278
0 0.213721 0.548958 0.227246 0.284028
1 0.820312 0.6625 0.0078125 0.0166667
0 0.246875 0.498611 0.117188 0.10625
1 0.916406 0.210069 0.01875 0.0305556
1 0.0540527 0.729167 0.0143555 0.025
1 0.908594 0.27691 0.170312 0.135069
0 0.424219 0.553125 0.407813 0.264583
1 0.156348 0.445833 0.0150391 0.0291667
0 0.0461914 0.335417 0.0134766 0.0194444
1 0.559766 0.495833 0.0429688 0.0625
1 0.457031 0.206597 0.009375 0.0229167
1 0.364258 0.183333 0.0203125 0.0256944
1 0.120312 0.706944 0.0115234 0.0222222
1 0.903125 0.64375 0.153125 0.0652778
1 0.960156 0.640278 0.0265625 0.0375
0 0.638672 0.999306 0.294531 0.00138889
1 0.266016 0.144618 0.01875 0.0284722
0 0.876562 0.627431 0.021875 0.0298611
1 0.99375 0.692361 0.0125 0.0208333
0 0.435937 0.209722 0.0125 0.0277778
0 0.000683594 0.557726 0.00136719 0.505382
1 0.917188 0.229514 0.1625 0.102083
0 0.490234 0.5375 0.375781 0.276389
1 0.459375 0.222917 0.0625 0.0569444
3 0.386035 0.0980903 0.0466797 0.0434028
0 0.00078125 0.665972 0.0015625 0.304167
1 0.861719 0.670833 0.0265625 0.025
1 0.0660156 0.375694 0.0134766 0.0180556
1 0.964063 0.6375 0.0296875 0.0375
0 0.758594 0.438889 0.46875 0.213889
0 0.530469 0.5 0.179688 0.108333
0 0.47959 0.585417 0.629883 0.383333
1 0.892187 0.879167 0.021875 0.0333333
0 0.526563 1 0.18125 0
1 0.978125 0.63125 0.034375 0.0277778
0 0.000756836 0.707292 0.00151367 0.585417
0 0.48125 0.215972 0.0117188 0.0236111
1 0.268945 0.497222 0.0738281 0.0777778
1 0.37666 0.185764 0.0201172 0.0291667
0 0.136133 0.999653 0.201953 0.000694444
1 0.496875 0.261806 0.0109375 0.0333333
0 0.000463867 0.534722 0.000927734 0.320833
0 0.769141 0.6875 0.460156 0.202778
1 0.703906 0.312153 0.015625 0.0236111
1 0.38584 0.104948 0.0470703 0.0605903
0 0.474609 0.477083 0.307031 0.127778
0 0.558203 1 0.178906 0
1 0.0536133 0.428472 0.0548828 0.0402778
1 0.635938 0.390972 0.0109375 0.0319444
1 0.571094 0.390972 0.015625 0.0319444
1 0.932813 0.836111 0.128125 0.127778
0 0.760156 0.513889 0.473437 0.175
1 0.475781 0.220486 0.021875 0.0277778
1 0.85625 0.179514 0.015625 0.0201389
1 0.653516 0.381944 0.0101562 0.0347222
0 0.82207 0.999306 0.249609 0.00138889
1 0.529688 0.394792 0.0109375 0.025
1 0.606641 0.493056 0.0265625 0.0513889
1 0.614062 0.257292 0.0171875 0.0430556
0 0.483594 0.650694 0.525781 0.25
1 0.505469 0.265278 0.009375 0.0222222
0 0.772266 0.579167 0.455469 0.119444
0 0.550781 0.558681 0.3375 0.236806
1 0.124219 0.689062 0.03125 0.0246528
1 0.628516 0.221181 0.0125 0.0270833
0 0.000305176 0.384722 0.000610352 0.301389
1 0.25625 0.573264 0.090625 0.06875
0 0.166699 0.490278 0.27832 0.130556
0 0.231201 0.519444 0.149316 0.151389
0 0.408594 0.711111 0.760938 0.283333
0 0.0352295 0.607986 0.070459 0.784028
1 0.181055 0.567361 0.0164062 0.0479167
1 0.85 0.652778 0.0203125 0.0277778
0 0.815625 0.722917 0.367188 0.193056
0 0.752344 0.373524 0.44375 0.312674
1 0.19082 0.432292 0.0367187 0.0402778
1 0.808594 0.625 0.0125 0.0222222
1 0.567969 0.334722 0.0109375 0.0222222
1 0.0577148 0.333681 0.0361328 0.0298611
1 0.441406 0.375 0.0109375 0.0208333
0 0.0218506 0.503125 0.0437012 0.99375
0 0.816406 0.648958 0.367188 0.202083
1 0.482812 0.246528 0.0101562 0.0402778
2 0.408594 0.489583 0.417188 0.179167
1 0.198047 0.510417 0.0703125 0.0916667
0 0.231836 0.151736 0.459766 0.232639
1 0.0313477 0.378819 0.0117188 0.0173611
0 0.234814 0.494792 0.142871 0.136806
0 0.578125 0.495139 0.0820312 0.0583333
0 0.385547 0.0987847 0.0460938 0.0420139
1 0.854688 0.669097 0.0125 0.0229167
1 0.012793 0.421181 0.0170898 0.0354167
1 0.0379395 0.426736 0.0176758 0.0402778
1 0.455469 0.337847 0.009375 0.0201389
1 0.879687 0.627083 0.0171875 0.0319444
1 0.433594 0.206944 0.0125 0.0222222
1 0.0461914 0.335417 0.0134766 0.0194444
1 0.0376953 0.426736 0.0136719 0.0340278
0 0.347998 0.499306 0.369629 0.166667
1 0.895312 0.626389 0.0140625 0.0305556
1 0.367578 0.182639 0.0113281 0.0208333
1 0.172461 0.538194 0.0300781 0.0430556
1 0.187158 0.476042 0.0327148 0.0527778
1 0.48125 0.215972 0.0117188 0.0236111
1 0.569531 0.396528 0.0140625 0.0222222
1 0.876562 0.627431 0.021875 0.0298611
1 0.105273 0.683507 0.0144531 0.021875
1 0.435937 0.209722 0.0125 0.0277778
1 0.182031 0.470486 0.0222656 0.0590278
1 0.617578 0.380903 0.009375 0.0277778
1 0.850781 0.668056 0.01875 0.0222222
1 0.385156 0.0979167 0.0445312 0.0378472
1 0.0404785 0.410417 0.0143555 0.0291667
1 0.889063 0.626736 0.0375 0.0395833
1 0.234961 0.493056 0.126172 0.115278
1 0.832812 0.620833 0.015625 0.0236111
1 0.108398 0.674653 0.0230469 0.03125
1 0.532422 0.271875 0.0101562 0.0229167
1 0.178516 0.547222 0.0203125 0.0458333
1 0.0532715 0.332986 0.022168 0.0243056
0 0.0125488 0.421181 0.0179687 0.0340278
1 0.219531 0.426389 0.0351562 0.0236111
1 0.180273 0.456944 0.01875 0.0347222
1 0.168555 0.546528 0.0210938 0.0416667
1 0.191455 0.471528 0.0428711 0.0625
1 0.892969 0.886111 0.021875 0.0277778
1 0.211719 0.425 0.0390625 0.0222222
1 0.48125 0.211285 0.0125 0.0267361
1 0.0135254 0.425 0.0137695 0.0347222
1 0.902344 0.629861 0.021875 0.0361111
1 0.440234 0.218229 0.015625 0.0253472
1 0.342187 0.163889 0.0128906 0.0211806
1 0.112109 0.670139 0.0242187 0.0319444
0 0.000756836 0.898958 0.00151367 0.202083
1 0.577344 0.496528 0.084375 0.0625
1 0.0625488 0.390972 0.0141602 0.0236111
1 0.870313 0.200694 0.015625 0.0274306
1 0.209375 0.477083 0.0804688 0.0875
1 0.885156 0.883333 0.0234375 0.025
1 0.435937 0.212153 0.01875 0.0326389
1 0.20293 0.472222 0.0675781 0.0729167
1 0.90625 0.201042 0.0140625 0.0215278
1 0.199561 0.466667 0.0563477 0.0611111
1 0.496875 0.241146 0.0109375 0.0180556
1 0.889063 0.883333 0.034375 0.0319444
1 0.279297 0.463542 0.028125 0.0298611
0 0.854688 0.669097 0.0125 0.0229167
0 0.191016 0.477083 0.0394531 0.0527778
1 0.596875 0.381597 0.009375 0.0222222
1 0.254297 0.496528 0.10625 0.0902778
1 0.191602 0.460417 0.0378906 0.0430556
1 0.970312 0.630556 0.015625 0.0243056
1 0.504687 0.244444 0.009375 0.0215278
1 0.117285 0.685938 0.0234375 0.0225694
1 0.8375 0.622222 0.01875 0.0229167
1 0.232764 0.491667 0.118848 0.0847222
1 0.10625 0.653472 0.021875 0.0375
1 0.85625 0.650694 0.015625 0.0236111
0 0.0135254 0.425 0.0137695 0.0347222
1 0.164062 0.487153 0.0175781 0.0333333
1 0.176758 0.520486 0.0238281 0.0284722
1 0.596875 0.669792 0.0109375 0.0173611
1 0.64375 0.383681 0.0140625 0.0333333
1 0.159961 0.487847 0.0160156 0.0333333
1 0.197656 0.425 0.0242187 0.0222222
1 0.204639 0.458333 0.0727539 0.0597222
1 0.855469 0.674306 0.0140625 0.0333333
0 0.000476074 0.783854 0.000952148 0.432292
1 0.465625 0.260069 0.009375 0.0298611
1 0.858594 0.627083 0.015625 0.025
0 0.420312 0.491319 0.517187 0.123611
1 0.546094 0.380556 0.009375 0.0208333
1 0.338281 0.167361 0.0125 0.0253472
1 0.896875 0.630556 0.015625 0.0375
0 0.410547 0.480208 0.480469 0.190972
1 0.516406 0.387847 0.0101562 0.0277778
1 0.251172 0.622917 0.0226563 0.0263889
1 0.341602 0.173958 0.0136719 0.0284722
1 0.919531 0.220139 0.0109375 0.0180556
1 0.615625 0.264236 0.0109375 0.0222222
1 0.617188 0.388194 0.0101562 0.0375
1 0.574219 0.39375 0.01875 0.0277778
0 0.386035 0.509028 0.44668 0.197222
1 0.333984 0.175174 0.0160156 0.0263889
0 0.0368164 0.43125 0.0171875 0.0368056
0 0.234961 0.535764 0.157813 0.231944
1 0.0625 0.398611 0.0164062 0.0243056
0 0.578125 0.521875 0.0859375 0.135417
0 0.0376953 0.426736 0.0136719 0.0340278
0 0.239648 0.488194 0.186328 0.155556
0 0.195361 0.470833 0.0483398 0.0666667
1 0.853125 0.657292 0.034375 0.0298611
1 0.0749756 0.659028 0.0172363 0.025
0 0.346289 0.536806 0.371484 0.229167
0 0.445215 1 0.223633 0
0 0.092749 1 0.167627 0
1 0.103711 0.670139 0.0230469 0.0347222
0 0.071875 0.999653 0.14375 0.000694444
1 0.479688 0.212847 0.0210938 0.0256944
1 0.81875 0.620833 0.0125 0.025
0 0.407422 1 0.219531 0
1 0.508984 0.388194 0.0148437 0.0291667
0 0.351953 0.492708 0.407031 0.113194
1 0.170898 0.522222 0.0246094 0.0291667
1 0.736719 0.654167 0.009375 0.0222222
1 0.457031 0.376389 0.009375 0.0173611
1 0.0124756 0.427431 0.0180176 0.0430556
1 0.165234 0.536111 0.0214844 0.0319444
1 0.84375 0.65625 0.03125 0.0319444
0 0.351562 1 0.192188 0
1 0.607031 0.39375 0.0109375 0.025
1 0.232764 0.506597 0.143848 0.152778
1 0.517578 0.390278 0.0125 0.0305556
0 0.879687 0.627083 0.0171875 0.0319444
1 0.882812 0.2875 0.11875 0.108333
0 0.485938 1 0.232812 0
1 0.463281 0.253993 0.0117188 0.0336806
1 0.932031 0.64375 0.0140625 0.0326389
1 0.880469 0.150391 0.0171875 0.0158854
0 0.000976562 0.858681 0.00195312 0.282639
0 0.178711 1 0.278516 0
1 0.337695 0.167361 0.0207031 0.0277778
1 0.17832 0.460417 0.0226563 0.04375
1 0.451562 0.339583 0.0203125 0.025
1 0.102051 0.66875 0.114063 0.0777778
1 0.0498901 0.340625 0.0642822 0.0319444
1 0.90625 0.634722 0.0875 0.0597222
1 0.254687 0.484028 0.0789063 0.0736111
0 0.269336 1 0.255078 0
1 0.465625 0.254514 0.0101562 0.0302083
1 0.0523437 0.338889 0.0472656 0.0298611
1 0.6375 0.386806 0.0140625 0.0333333
1 0.757812 0.605556 0.0101562 0.0215278
0 0.730859 0.999306 0.200781 0.00138889
1 0.482031 0.265625 0.00859375 0.0222222
1 0.514844 0.388542 0.01875 0.0340278
1 0.932031 0.264236 0.0171875 0.0256944
2 0.385156 0.0986111 0.0460938 0.0409722
1 0.266406 0.149306 0.0171875 0.0288194
1 0.557813 0.238542 0.0101562 0.0194444
1 0.10332 0.676389 0.0222656 0.0375
1 0.5625 0.399653 0.0171875 0.0222222
1 0.895312 0.883333 0.0375 0.0333333
1 0.214844 0.434375 0.0523437 0.0395833
1 0.901563 0.247917 0.025 0.0263889
1 0.610156 0.385417 0.01875 0.0361111
0 0.173633 0.999653 0.189453 0.000694444
1 0.205811 0.439583 0.0719727 0.0409722
1 0.670703 0.290278 0.0109375 0.0173611
0 0.267773 0.548611 0.208203 0.251389
1 0.177539 0.470833 0.0234375 0.0555556
1 0.580469 0.3875 0.0078125 0.0291667
0 0.18418 0.602083 0.28125 0.340278
1 0.81875 0.450694 0.0125 0.0222222
1 0.278711 0.472569 0.0425781 0.0465278
1 0.161523 0.513889 0.0164062 0.025
1 0.112012 0.660417 0.0253906 0.0458333
0 0.455469 0.337847 0.009375 0.0201389
1 0.827344 0.622917 0.046875 0.0361111
1 0.546094 0.393056 0.0101562 0.0277778
1 0.638281 0.386806 0.01875 0.0416667
1 0.194336 0.541667 0.0769531 0.0597222
0 0.216602 0.490278 0.178906 0.115278
1 0.159961 0.476389 0.0181641 0.0472222
1 0.065625 0.397917 0.0138672 0.0263889
1 0.263086 0.141667 0.0171875 0.0232639
1 0.360156 0.752778 0.01875 0.0361111
0 0.0012207 0.446181 0.00244141 0.454861
1 0.929688 0.285417 0.025 0.0291667
0 0.433594 0.206944 0.0125 0.0222222
1 0.0467773 0.410069 0.0416992 0.0604167
0 0.578516 0.462847 0.0851562 0.120139
0 0.553906 0.999653 0.246875 0.000694444
1 0.495313 0.229687 0.0125 0.0256944
0 0.6875 0.999306 0.20625 0.00138889
0 0.172461 0.538194 0.0300781 0.0430556
1 0.932813 0.6375 0.0171875 0.0388889
1 0.00571289 0.306424 0.00693359 0.0274306
1 0.874219 0.200347 0.0234375 0.0284722
1 0.0390625 0.334722 0.0222656 0.0180556
0 0.210352 1 0.190234 0
1 0.180859 0.545139 0.0417969 0.0611111
1 0.607813 0.642014 0.0109375 0.0180556
0 0.422266 0.532292 0.517187 0.289583
1 0.0554199 0.417361 0.0291992 0.0513889
1 0.910937 0.637153 0.123438 0.0631944
1 0.455469 0.348264 0.0125 0.0409722
0 0.314648 1 0.197266 0
1 0.908594 0.635417 0.0375 0.0444444
1 0.616016 0.387847 0.01875 0.0395833
2 0.421484 0.485069 0.502344 0.145139
0 0.473437 0.482639 0.321094 0.176389
1 0.131836 0.203472 0.0125 0.0263889
0 0.370703 0.596528 0.457812 0.359722
0 0.000732422 0.758333 0.00146484 0.294444
1 0.86875 0.188715 0.015625 0.0315972
1 0.205273 0.521181 0.103516 0.0847222
0 0.000476074 0.601389 0.000952148 0.313889
0 0.770703 0.998611 0.233594 0.00277778
1 0.592188 0.493403 0.05 0.0576389
0 0.762109 0.555208 0.467969 0.1125
0 0.763281 0.636806 0.46875 0.138889
0 0.213281 0.549306 0.227734 0.283333
1 0.0540527 0.729167 0.0142578 0.025
1 0.916406 0.210069 0.01875 0.0305556
1 0.156348 0.445833 0.0150391 0.0291667
0 0.424219 0.553125 0.407813 0.264583
1 0.909375 0.276736 0.171875 0.136111
1 0.820312 0.6625 0.0078125 0.0166667
1 0.560156 0.495833 0.04375 0.0625
0 0.246875 0.498611 0.117188 0.10625
1 0.457031 0.206597 0.009375 0.0229167
1 0.364258 0.183333 0.0203125 0.0256944
0 0.0461914 0.335417 0.0134766 0.0194444
1 0.903125 0.644097 0.153125 0.0652778
0 0.638281 0.999306 0.295312 0.00138889
1 0.960156 0.640278 0.0265625 0.0375
1 0.120312 0.706944 0.0115234 0.0222222
1 0.266016 0.144618 0.01875 0.0284722
0 0.435937 0.209722 0.0125 0.0277778
1 0.917188 0.229687 0.1625 0.102083
1 0.99375 0.692361 0.0125 0.0208333
0 0.490527 0.536806 0.375195 0.276389
1 0.458984 0.222917 0.0625 0.05625
0 0.876562 0.627431 0.021875 0.0298611
0 0.000683594 0.557726 0.00136719 0.503993
3 0.386035 0.0980903 0.0466797 0.0434028
1 0.0660156 0.375694 0.0134766 0.0180556
0 0.00078125 0.666319 0.0015625 0.303472
0 0.529688 0.5 0.179688 0.108333
1 0.861719 0.670833 0.0265625 0.025
0 0.758594 0.438889 0.46875 0.213889
1 0.964063 0.6375 0.0296875 0.0375
0 0.47959 0.585417 0.629883 0.383333
0 0.526953 1 0.182031 0
1 0.892187 0.879167 0.021875 0.0333333
1 0.978125 0.63125 0.034375 0.0284722
0 0.48125 0.215972 0.0117188 0.0236111
0 0.000756836 0.707118 0.00151367 0.585764
1 0.268945 0.497222 0.0734375 0.0784722
0 0.136133 0.999653 0.201953 0.000694444
1 0.37666 0.185764 0.0201172 0.0291667
1 0.496875 0.261806 0.0109375 0.0336806
1 0.38584 0.105035 0.0470703 0.0604167
0 0.000463867 0.534722 0.000927734 0.320833
0 0.769141 0.687326 0.460156 0.203125
0 0.558203 1 0.178906 0
0 0.474316 0.477431 0.307617 0.127778
1 0.0536133 0.428472 0.0546875 0.0402778
1 0.703906 0.312153 0.015625 0.0236111
1 0.932813 0.836111 0.128125 0.127778
1 0.570703 0.390972 0.015625 0.0319444
1 0.635938 0.390972 0.0109375 0.0319444
1 0.475781 0.220486 0.021875 0.0277778
0 0.760156 0.513889 0.473437 0.175
0 0.821094 0.999306 0.25 0.00138889
1 0.653516 0.381944 0.0101562 0.0347222
1 0.529688 0.394792 0.0109375 0.025
1 0.85625 0.179514 0.015625 0.0201389
1 0.606641 0.493056 0.0265625 0.0513889
0 0.483594 0.651042 0.525 0.249306
1 0.505469 0.265278 0.009375 0.0222222
1 0.614062 0.257292 0.0171875 0.0430556
0 0.772266 0.578819 0.455469 0.11875
0 0.550391 0.558681 0.338281 0.236806
1 0.628516 0.221181 0.0125 0.0270833
1 0.124414 0.689062 0.03125 0.0246528
1 0.256445 0.573264 0.0898438 0.0680556
0 0.000305176 0.384722 0.000610352 0.301389
0 0.166504 0.489931 0.278711 0.13125
0 0.408594 0.710938 0.760938 0.283681
0 0.231055 0.519444 0.149219 0.151389
0 0.0349365 0.607639 0.069873 0.784722
1 0.181055 0.567361 0.0164062 0.0479167
0 0.816406 0.722917 0.367188 0.193056
1 0.19082 0.432292 0.0367187 0.0402778
1 0.85 0.652778 0.0203125 0.0277778
1 0.057666 0.333681 0.0360352 0.0298611
0 0.752734 0.373003 0.444531 0.312326
1 0.567969 0.334722 0.0109375 0.0222222
1 0.441406 0.375 0.0109375 0.0208333
1 0.808594 0.625 0.0125 0.0222222
0 0.816406 0.648611 0.367188 0.2
0 0.0220703 0.503125 0.0441406 0.99375
1 0.482812 0.246528 0.0101562 0.0402778
1 0.198047 0.510417 0.0703125 0.0916667
2 0.408691 0.489583 0.416992 0.179167
