0 0.784375 0.118403 0.03125 0.0600694
0 0.599609 0.586806 0.03125 0.0416667
0 0.355469 0.474306 0.0257812 0.0416667
0 0.455859 0.607986 0.0273438 0.0333333
0 0.14707 0.221007 0.0265625 0.0368056
0 0.152148 0.222222 0.0316406 0.0361111
0 0.454688 0.612847 0.0304688 0.0430556
0 0.342187 0.496528 0.0257812 0.0479167
0 0.161328 0.223785 0.0191406 0.0329861
1 0.046875 0.458681 0.00888672 0.0194444
0 0.351953 0.476389 0.0335938 0.0444444
0 0.347656 0.489583 0.0351562 0.0458333
0 0.00595703 0.115625 0.0119141 0.0222222
0 0.0098877 0.073112 0.0177246 0.0374566
0 0.341016 0.502083 0.0230469 0.0388889
0 0.130078 0.265972 0.0253906 0.0253472
0 0.00487061 0.12934 0.00974121 0.0229167
1 0.899219 0.370139 0.0171875 0.0243056
0 0.00686035 0.177083 0.0102539 0.0138889
0 0.00583496 0.2625 0.00820312 0.025
0 0.0167725 0.0765625 0.0163574 0.0326389
0 0.0188965 0.0831597 0.012793 0.0211806
0 0.166016 0.232118 0.0136719 0.0315972
0 0.141895 0.218576 0.0242187 0.0319444
0 0.00571289 0.616667 0.00644531 0.0277778
0 0.00458984 0.149479 0.00917969 0.034375
0 0.0127441 0.0763021 0.0193359 0.0293403
1 0.870313 0.330903 0.015625 0.0173611
1 0.9 0.365625 0.01875 0.0236111
0 0.00576172 0.223611 0.00849609 0.0138889
0 0.0100098 0.120139 0.0162598 0.0225694
0 0.635156 0.729861 0.0117188 0.0194444
0 0.454297 0.0736111 0.0117188 0.0225694
1 0.00571289 0.616667 0.00644531 0.0277778
0 0.046875 0.458681 0.00888672 0.0194444
0 0.142676 0.173958 0.0123047 0.0208333
0 0.174902 0.137674 0.0193359 0.0253472
0 0.157422 0.289931 0.0191406 0.0197917
0 0.45625 0.084375 0.009375 0.0225694
0 0.349219 0.477778 0.0382813 0.0555556
0 0.35332 0.482639 0.0285156 0.0652778
0 0.108594 0.111892 0.0367187 0.0269097
0 0.514844 0.197396 0.0125 0.0177083
0 0.00605469 0.605556 0.00825195 0.0423611
0 0.417969 0.0649306 0.0078125 0.0173611
0 0.741016 0.493056 0.0132813 0.0222222
0 0.00524902 0.331597 0.00761719 0.0222222
0 0.108594 0.120139 0.0402344 0.0350694
1 0.0188965 0.0831597 0.012793 0.0211806
0 0.163574 0.207986 0.0185547 0.0291667
0 0.590234 0.589931 0.0484375 0.0416667
0 0.660937 0.832639 0.0210938 0.0361111
0 0.0127441 0.261806 0.0239258 0.0291667
0 0.154492 0.180556 0.021875 0.0256944
1 0.417969 0.0649306 0.0078125 0.0173611
0 0.527344 0.923611 0.0328125 0.0347222
0 0.520312 0.919444 0.0203125 0.0263889
0 0.0154785 0.123264 0.0282227 0.0256944
0 0.134766 0.262153 0.0351562 0.0326389
0 0 0.913194 0 0.173611
0 0.0476562 0.453472 0.0101562 0.0208333
1 0.817187 0.625 0.009375 0.0138889
0 0.0598633 0.184028 0.0140625 0.0166667
0 0.178516 0.138976 0.0277344 0.0269097
0 0.101758 0.107899 0.0314453 0.0253472
1 0.514844 0.197396 0.0125 0.0177083
0 0.133594 0.250347 0.03125 0.0451389
1 0.0476562 0.453472 0.0101562 0.0208333
0 0.0587891 0.19375 0.0162109 0.0194444
1 0.0423828 0.529167 0.012793 0.0263889
0 0.0110107 0.16875 0.0183105 0.0263889
0 0.014209 0.175694 0.0261719 0.0152778
0 0.745313 0.0899306 0.009375 0.0177083
0 0.0935547 0.151736 0.0261719 0.0222222
0 0.175 0.246875 0.0269531 0.0333333
0 0.0101562 0.259375 0.0155273 0.0256944
0 0.20957 0.181944 0.0105469 0.025
0 0.0059082 0.292708 0.00810547 0.0263889
1 0.846094 0.667361 0.0109375 0.0194444
0 0.899219 0.370139 0.0171875 0.0243056
1 0.904688 0.331337 0.0140625 0.0248264
0 0.131641 0.170139 0.0195312 0.0215278
0 0.00571289 0.250347 0.00869141 0.0208333
1 0.416016 0.734722 0.009375 0.0166667
0 0.876562 0.245833 0.03125 0.05625
0 0.599219 0.581944 0.034375 0.0555556
0 0.0260742 0.0885417 0.0277344 0.0263889
0 0.923437 0.959722 0.14375 0.0805556
0 0.00566406 0.308681 0.00820312 0.0291667
0 0.0894287 0.117188 0.0789551 0.0302083
0 0.00615234 0.199306 0.00927734 0.0256944
1 0.355078 0.472917 0.0265625 0.0416667
0 0.801562 1 0.18125 0
0 0.64375 0.984028 0.021875 0.0319444
1 0.888281 0.493403 0.0203125 0.0215278
0 0.0843994 0.150174 0.0245605 0.0222222
0 0.0709961 0.445486 0.00839844 0.0145833
0 0.014209 0.117101 0.025293 0.0279514
0 0.196484 0.168359 0.0316406 0.0500868
1 0.830469 0.65 0.0109375 0.0180556
0 0.732422 0.982639 0.040625 0.0333333
0 0.679297 0.309028 0.0078125 0.0152778
1 0.0415039 0.524306 0.0185547 0.0263889
0 0.463281 0.589236 0.0296875 0.0388889
0 0.611328 0.548611 0.0570313 0.115278
0 0.0587402 0.155729 0.0131836 0.0253472
1 0.110547 0.374653 0.0105469 0.0138889
1 0.14707 0.221007 0.0265625 0.0368056
1 0.829687 0.662153 0.0125 0.0236111
0 0.982031 0.135937 0.0359375 0.0322917
0 0.789062 0.118576 0.0421875 0.0659722
1 0.152148 0.222222 0.0316406 0.0361111
1 0.520312 0.919444 0.0203125 0.0263889
0 0 0.754861 0 0.297222
1 0.00605469 0.605556 0.00825195 0.0423611
0 0.186328 0.198958 0.0210938 0.0236111
0 0.13418 0.104948 0.0171875 0.0239583
0 0.00720215 0.355208 0.00966797 0.0284722
1 0.64375 0.984028 0.021875 0.0319444
1 0.101758 0.107899 0.0314453 0.0253472
1 0.0557129 0.516667 0.0108398 0.0236111
0 0.839844 0.999306 0.195312 0.00138889
0 0.876562 0.999653 0.192188 0.000694444
0 0.174805 0.166667 0.0820312 0.0559028
2 0.795313 0.143837 0.325 0.287674
0 0.416016 0.734722 0.009375 0.0166667
0 0.134961 0.173958 0.0730469 0.0684028
0 0.901563 0.662153 0.192188 0.675694
0 0.201758 0.328472 0.141797 0.119444
1 0.45625 0.084375 0.009375 0.0225694
0 0.923437 0.664236 0.153125 0.671528
0 0.163867 0.305903 0.0359375 0.0423611
0 0.9 0.365625 0.01875 0.0236111
0 0.890625 0.259028 0.046875 0.0486111
1 0.599219 0.586806 0.0320312 0.0423611
0 0.870313 0.330903 0.015625 0.0173611
0 0.901563 0.966667 0.096875 0.0666667
0 0.207031 0.102778 0.0117188 0.0340278
0 0.523438 0.919444 0.028125 0.0277778
2 0.800781 0.151562 0.323438 0.303125
1 0.75625 0.241667 0.0078125 0.0222222
0 0.78125 0.0631727 0.015625 0.0295573
2 0.347607 0.32717 0.385254 0.328993
0 0.784375 0.118403 0.03125 0.0600694
0 0.599609 0.586806 0.03125 0.0416667
0 0.355469 0.474306 0.0257812 0.0416667
0 0.455859 0.607986 0.0273438 0.0333333
0 0.14707 0.221007 0.0265625 0.0368056
0 0.152148 0.222222 0.0316406 0.0361111
0 0.454688 0.612847 0.0304688 0.0430556
0 0.342187 0.496528 0.0257812 0.0472222
0 0.161426 0.223611 0.0189453 0.0333333
1 0.046875 0.458681 0.00888672 0.0194444
0 0.351953 0.476389 0.0335938 0.0444444
0 0.347656 0.489583 0.0351562 0.0458333
0 0.00595703 0.115712 0.0119141 0.0223958
0 0.00991211 0.073112 0.0177734 0.0374566
0 0.341016 0.502083 0.0230469 0.0388889
0 0.130078 0.265972 0.0253906 0.0253472
0 0.00488281 0.12934 0.00976562 0.0229167
1 0.899219 0.370139 0.0171875 0.0243056
0 0.00686035 0.177083 0.0102539 0.0138889
0 0.00581055 0.262674 0.00820312 0.0246528
0 0.016748 0.0765625 0.0164062 0.0326389
0 0.0188965 0.0831597 0.012793 0.0211806
0 0.166016 0.232118 0.0136719 0.0315972
0 0.141895 0.218576 0.0242187 0.0319444
0 0.00571289 0.616667 0.00644531 0.0277778
0 0.00458984 0.149479 0.00917969 0.034375
0 0.0127441 0.0763021 0.0193359 0.0293403
1 0.870313 0.330903 0.015625 0.0173611
1 0.9 0.365625 0.01875 0.0236111
0 0.0057373 0.223611 0.00849609 0.0138889
0 0.00996094 0.120139 0.0162109 0.0225694
0 0.635156 0.729861 0.0117188 0.0194444
0 0.454297 0.0736111 0.0117188 0.0225694
1 0.00571289 0.616667 0.00644531 0.0277778
0 0.046875 0.458681 0.00888672 0.0194444
0 0.142676 0.173958 0.0123047 0.0208333
0 0.157422 0.289931 0.0191406 0.0197917
0 0.174902 0.137674 0.0193359 0.0253472
0 0.45625 0.084375 0.009375 0.0225694
0 0.349219 0.477778 0.0382813 0.0555556
0 0.35332 0.482292 0.0285156 0.0652778
0 0.108594 0.111892 0.0367187 0.0269097
0 0.514844 0.197396 0.0125 0.0177083
0 0.00605469 0.605556 0.00830078 0.0423611
0 0.418359 0.0648438 0.00859375 0.0173611
0 0.741016 0.493056 0.0132813 0.0222222
0 0.00522461 0.331597 0.00761719 0.0222222
0 0.108594 0.120139 0.0402344 0.0350694
1 0.0188965 0.0831597 0.012793 0.0211806
0 0.163477 0.207986 0.01875 0.0291667
0 0.590234 0.589931 0.0484375 0.0416667
0 0.154492 0.180556 0.021875 0.0256944
0 0.0127441 0.261806 0.0239258 0.0291667
0 0.660937 0.832639 0.0210938 0.0361111
1 0.418359 0.0648438 0.00859375 0.0173611
0 0.527344 0.923611 0.0328125 0.0347222
0 0.520312 0.919444 0.0203125 0.025
0 0.0154785 0.123264 0.0282227 0.0256944
0 0.134766 0.262153 0.0351562 0.0326389
0 0 0.913889 0 0.172222
0 0.0476562 0.453472 0.0101562 0.0208333
0 0.0598633 0.184028 0.0140625 0.0163194
1 0.817187 0.625 0.009375 0.0138889
0 0.101758 0.107899 0.0314453 0.0255208
0 0.178516 0.138976 0.0277344 0.0269097
0 0.133691 0.250347 0.03125 0.0451389
1 0.0476562 0.453472 0.0101562 0.0208333
1 0.514844 0.197396 0.0125 0.0177083
1 0.0423828 0.529167 0.012793 0.0263889
0 0.0587891 0.19375 0.0162109 0.0194444
0 0.0110352 0.16875 0.0183594 0.0267361
0 0.0142578 0.175694 0.0261719 0.0152778
0 0.0935547 0.15178 0.0259766 0.0221354
0 0.175 0.246875 0.0269531 0.0333333
0 0.745313 0.0899306 0.009375 0.0177083
0 0.20957 0.182118 0.0105469 0.025
0 0.0101562 0.259375 0.0155273 0.0256944
0 0.0059082 0.292708 0.00810547 0.0263889
1 0.904688 0.331337 0.0140625 0.0248264
0 0.899219 0.370139 0.0171875 0.0243056
1 0.846094 0.667361 0.0109375 0.0194444
0 0.131641 0.170139 0.0195312 0.0215278
1 0.416016 0.734722 0.009375 0.0166667
0 0.00571289 0.250347 0.00878906 0.0208333
0 0.876562 0.245833 0.03125 0.0559028
0 0.599219 0.581944 0.034375 0.0555556
0 0.026062 0.0885417 0.0277588 0.0263889
0 0.923437 0.959722 0.14375 0.0805556
0 0.0897461 0.117188 0.0783203 0.0298611
0 0.00566406 0.308681 0.00820312 0.0291667
0 0.801562 1 0.18125 0
0 0.00615234 0.199306 0.009375 0.0256944
1 0.355078 0.472917 0.0265625 0.0416667
1 0.888281 0.493403 0.0203125 0.0215278
0 0.084375 0.150174 0.0246094 0.0222222
0 0.64375 0.984028 0.021875 0.0319444
0 0.0709961 0.445486 0.00839844 0.0145833
0 0.014209 0.117101 0.0251953 0.0279514
0 0.196484 0.168359 0.03125 0.0500868
1 0.830469 0.65 0.0109375 0.0180556
0 0.732422 0.982639 0.040625 0.0333333
1 0.0415527 0.524306 0.0186523 0.0263889
0 0.679297 0.309028 0.0078125 0.0149306
0 0.0587402 0.155729 0.0131836 0.0253472
0 0.611719 0.548611 0.0578125 0.115278
0 0.463281 0.589583 0.0296875 0.0388889
1 0.14707 0.221007 0.0265625 0.0368056
1 0.110547 0.374653 0.0105469 0.0138889
1 0.829687 0.662153 0.0125 0.0236111
0 0.982031 0.135937 0.0359375 0.0322917
1 0.152148 0.222222 0.0316406 0.0361111
1 0.520312 0.919444 0.0203125 0.025
1 0.00605469 0.605556 0.00830078 0.0423611
0 0 0.755729 0 0.296875
0 0.13418 0.104861 0.0171875 0.0239583
0 0.186328 0.198958 0.0210938 0.0236111
0 0.00720215 0.355208 0.0097168 0.0284722
1 0.64375 0.984028 0.021875 0.0319444
1 0.101758 0.107899 0.0314453 0.0255208
0 0.839844 0.999306 0.195312 0.00138889
1 0.0557617 0.516667 0.0109375 0.0236111
0 0.876562 0.999653 0.192188 0.000694444
2 0.795313 0.14375 0.325 0.2875
0 0.134961 0.174002 0.0734375 0.0686632
0 0.174805 0.166667 0.0824219 0.0559028
0 0.201904 0.328472 0.142285 0.119444
0 0.416016 0.734722 0.009375 0.0166667
0 0.901563 0.662153 0.190625 0.675694
0 0.163867 0.305903 0.0359375 0.0423611
1 0.599219 0.586806 0.0320312 0.0423611
0 0.923437 0.664583 0.153125 0.670833
1 0.45625 0.084375 0.009375 0.0225694
0 0.890625 0.259028 0.046875 0.0486111
0 0.9 0.365625 0.01875 0.0236111
0 0.901563 0.966667 0.096875 0.0666667
0 0.523438 0.919444 0.028125 0.0277778
2 0.800781 0.151562 0.323438 0.303125
1 0.75625 0.241667 0.0078125 0.0222222
0 0.870313 0.330903 0.015625 0.0173611
0 0.207031 0.102778 0.0117188 0.0340278
