0 0.464063 0.490972 0.0664062 0.0472222
0 0.185937 0.161111 0.0390625 0.0319444
1 0.0333984 0.986806 0.0130859 0.0263889
0 0.989062 0.135764 0.021875 0.05
0 0.0504883 0.460417 0.0996094 0.1
1 0.940625 0.509028 0.0140625 0.0222222
1 0.0257812 0.446181 0.0382813 0.0326389
1 0.896094 0.282639 0.0296875 0.0277778
1 0.932031 0.271528 0.0140625 0.0222222
1 0.0106201 0.485417 0.0192383 0.0333333
1 0.011084 0.465625 0.0211914 0.0368056
1 0.185937 0.161806 0.0386719 0.0319444
1 0.0491211 0.450694 0.0957031 0.0638889
1 0.884375 0.515625 0.034375 0.0326389
1 0.0373047 0.984375 0.0238281 0.03125
1 0.05 0.459722 0.1 0.0979167
1 0.0246582 0.466667 0.0479492 0.0631944
0 0.987891 0.163021 0.0242187 0.107292
1 0.0150635 0.484028 0.029541 0.0319444
1 0.0128906 0.451389 0.0243164 0.0375
1 0.925781 0.270139 0.025 0.0263889
1 0.0213135 0.451389 0.0421387 0.0402778
1 0.938281 0.507986 0.01875 0.0215278
1 0.0190186 0.467708 0.0377441 0.0541667
0 0.99375 0.275694 0.0125 0.0986111
1 0.23457 0.360764 0.00976562 0.01875
1 0.920313 0.00349392 0.015625 0.00698785
0 0.895312 0.282292 0.028125 0.0270833
1 0.896875 0.492361 0.0203125 0.0263889
1 0.0233887 0.986458 0.0335938 0.0270833
1 0.796875 0.915972 0.009375 0.0180556
1 0.939844 0.5125 0.0140625 0.0291667
1 0.883594 0.802778 0.0109375 0.0194444
1 0.0912109 0.425 0.0201172 0.0277778
0 0.0106201 0.485417 0.0192383 0.0333333
1 0.0297852 0.431597 0.0429688 0.0340278
1 0.900781 0.487847 0.0203125 0.0277778
1 0.904688 0.454167 0.015625 0.0333333
1 0.0823975 0.425694 0.0375488 0.0291667
1 0.903125 0.280903 0.046875 0.0319444
1 0.935156 0.488889 0.0203125 0.0291667
1 0.939062 0.495139 0.01875 0.0291667
0 0.011084 0.465625 0.0211914 0.0368056
1 0.989062 0.135764 0.021875 0.05
0 0.884375 0.515625 0.034375 0.0326389
1 0.890625 0.829167 0.034375 0.025
1 0.993359 0.277431 0.0132813 0.101389
1 0.464063 0.490972 0.0671875 0.0472222
1 0.566797 0.642361 0.0109375 0.0201389
0 0.0520996 0.425347 0.100098 0.163194
1 0.0349609 0.980556 0.0239258 0.0388889
1 0.18667 0.16454 0.0430664 0.041059
0 0.465625 0.538889 0.0648438 0.0361111
1 0.00961914 0.432639 0.0166016 0.0416667
0 0.0508301 0.486806 0.0987305 0.155556
1 0.910937 0.267014 0.0578125 0.0388889
0 0.463672 0.4625 0.0710938 0.102778
1 0.995313 0.277083 0.009375 0.0993056
0 0.0150635 0.484028 0.029541 0.0319444
1 0.9 0.2875 0.0375 0.0333333
1 0.0074707 0.518403 0.0126953 0.0520833
1 0.932031 0.275694 0.0171875 0.0305556
1 0.0555786 0.439583 0.0923584 0.0611111
1 0.0901367 0.432292 0.0208984 0.0388889
1 0.942969 0.475694 0.028125 0.0388889
0 0.0491211 0.450694 0.0957031 0.0638889
1 0.979688 0.716667 0.015625 0.0208333
1 0.017627 0.988889 0.0316406 0.0222222
1 0.900781 0.805556 0.021875 0.0263889
1 0.879687 0.04375 0.0125 0.0190972
1 0.307617 0.312153 0.0121094 0.0215278
1 0.0520996 0.425347 0.100098 0.163194
1 0.917969 0.489583 0.0625 0.0569444
1 0.909375 0.286111 0.059375 0.0395833
1 0.890625 0.507639 0.04375 0.0361111
1 0.22832 0.252951 0.015625 0.0239583
1 0.921094 0.252257 0.015625 0.0236111
0 0.156836 0.463889 0.312109 0.119444
0 0.0128906 0.451389 0.0243164 0.0375
1 0.0336914 0.975347 0.0181641 0.0493056
1 0.0508301 0.486806 0.0987305 0.155556
1 0.760938 0.312847 0.0125 0.0222222
1 0.45625 0.58125 0.0101562 0.0166667
1 0.89375 0.818056 0.028125 0.0361111
1 0.763672 0.3125 0.0125 0.0229167
1 0.896875 0.806944 0.028125 0.0277778
1 0.883008 0.766667 0.218359 0.125
3 0.186328 0.161458 0.040625 0.03125
0 0.27207 0.421528 0.541797 0.214583
1 0.93125 0.475 0.021875 0.0347222
0 0.441406 0.490625 0.114844 0.0548611
1 0.692969 0.0413194 0.0140625 0.0196181
1 0.0299316 1 0.0287109 0
1 0.90625 0.644792 0.03125 0.0291667
0 0.0190186 0.467708 0.0377441 0.0541667
2 0.186328 0.161458 0.040625 0.03125
1 0.696875 0.841667 0.0234375 0.0333333
1 0.885938 0.492014 0.0453125 0.075
1 0.186719 0.172569 0.0417969 0.0611111
1 0.903125 0.467361 0.01875 0.0555556
1 0.265234 0.26441 0.0105469 0.0243056
1 0.953125 0.46875 0.0125 0.0291667
1 0.88125 0.740278 0.223438 0.127778
1 0.25625 0.260764 0.0554687 0.0395833
1 0.886719 0.821528 0.021875 0.0402778
0 0.932031 0.271528 0.0140625 0.0222222
0 0.27207 0.472222 0.533984 0.226389
0 0.996094 0.140712 0.0078125 0.0755208
0 0.425391 0.999306 0.161719 0.00138889
0 0.95 0.754167 0.078125 0.0638889
0 0.0213135 0.451389 0.0421387 0.0402778
0 0.0333008 0.988194 0.0126953 0.0236111
0 0.527344 0.999306 0.173438 0.00138889
0 0.000805664 0.275347 0.00161133 0.299306
1 0.0407227 0.974306 0.0251953 0.0513889
0 0.605469 0.999306 0.189063 0.00138889
1 0.8875 0.777083 0.01875 0.0208333
1 0.0431641 0.530556 0.0401367 0.0347222
1 0.915625 0.764583 0.153125 0.1375
0 0.188281 0.998611 0.262891 0.00277778
1 0.946875 0.511111 0.028125 0.025
1 0.95 0.759028 0.078125 0.0541667
1 0.0203613 1 0.0407227 0
0 0.478906 0.999306 0.175 0.00138889
0 0.0483887 0.267014 0.0967773 0.534028
1 0.900781 0.459028 0.021875 0.0451389
1 0.70625 0.0682292 0.0132813 0.015625
0 0.0257812 0.446181 0.0382813 0.0326389
1 0.892969 0.773611 0.028125 0.0236111
1 0.928125 0.259722 0.0203125 0.040625
0 0.352539 0.998611 0.201953 0.00277778
1 0.925 0.472222 0.01875 0.0333333
1 0.883594 0.514931 0.0359375 0.0472222
0 0.315967 0.4875 0.379004 0.201389
0 0.0246582 0.466667 0.0479492 0.0631944
1 0.237109 0.361111 0.015625 0.0194444
1 0.908594 0.484028 0.0765625 0.0791667
0 0.940625 0.738889 0.1 0.0972222
0 0.233594 0.403472 0.467187 0.277083
0 0.384473 0.479861 0.22793 0.147222
0 0.463672 0.00354818 0.264844 0.00709635
1 0.924219 0.781944 0.126563 0.138889
0 0.313867 0.43125 0.411328 0.2125
0 0.270703 0.570833 0.515625 0.255556
0 0.695312 0.72066 0.551562 0.280903
1 0.466016 0.552778 0.0539063 0.0166667
0 0.226562 0.586806 0.453125 0.826389
1 0.932813 0.271181 0.025 0.0274306
1 0.964063 0.770833 0.04375 0.0333333
1 0.915625 0.00372179 0.0234375 0.00744358
1 0.0658203 0.464583 0.0675781 0.0972222
0 0.324414 0.5375 0.381641 0.3
1 0.0489746 0.982986 0.0498047 0.0340278
0 0.308398 0.997917 0.204297 0.00416667
0 0.653906 0.999306 0.195312 0.00138889
1 0.044043 0.981944 0.0376953 0.0361111
2 0.557031 0.131337 0.726562 0.262674
1 0.0392578 1 0.0785156 0
0 0.590234 0.717361 0.425781 0.266667
0 0.881055 0.723611 0.222266 0.152778
0 0.273047 0.514236 0.533594 0.350694
1 0.00678711 0.533681 0.0104492 0.0756944
0 0.855469 0.672222 0.171875 0.105556
2 0.548828 0.317014 0.750781 0.634028
0 0.189453 0.472222 0.378906 0.152778
0 0.776758 0.726389 0.446484 0.259722
0 0.220703 0.996875 0.300781 0.00625
0 0.362109 0.503819 0.367969 0.339583
1 0.923437 0.00379774 0.021875 0.00759549
1 0.967969 0.897222 0.0625 0.205556
0 0.351953 0.447917 0.304688 0.180556
2 0.590234 0.717361 0.425781 0.266667
3 0.695312 0.72066 0.551562 0.280903
2 0.27207 0.421528 0.541797 0.214583
1 0.283203 0.28316 0.0109375 0.0180556
1 0.99375 0.593056 0.0125 0.0222222
0 0.925781 0.270139 0.025 0.0263889
1 0.991406 0.244097 0.0171875 0.173611
0 0.7125 0.723611 0.560938 0.413889
0 0.419922 0.0225694 0.389844 0.0451389
0 0.0513184 0.482292 0.102637 0.964583
0 0.566016 0.126215 0.671094 0.252431
1 0.00751953 0.4125 0.0116211 0.0486111
0 0.2875 0.710938 0.551562 0.130903
2 0.69375 0.736806 0.603125 0.243056
0 0.570215 0.244792 0.67207 0.440278
0 0.28125 0.657986 0.551562 0.234028
0 0.853906 0.722917 0.279687 0.198611
1 0.942187 0.734722 0.10625 0.108333
0 0.00102539 0.336111 0.00205078 0.316667
0 0.991406 0.244097 0.0171875 0.173611
0 0.346484 0.0225694 0.392188 0.0451389
0 0.58125 0.282813 0.71875 0.565625
0 0.226172 0.511719 0.452344 0.555729
3 0.557031 0.131337 0.726562 0.262674
0 0.464063 0.490972 0.0664062 0.0472222
0 0.185937 0.161111 0.0390625 0.0319444
1 0.0333984 0.986806 0.0130859 0.0263889
0 0.989062 0.135764 0.021875 0.05
0 0.0505371 0.460764 0.099707 0.1
1 0.940625 0.509028 0.015625 0.0222222
1 0.0256348 0.446528 0.0387695 0.0333333
1 0.896094 0.282639 0.0296875 0.0277778
1 0.932031 0.271701 0.0140625 0.021875
1 0.0106689 0.485417 0.0193359 0.0333333
1 0.011084 0.465625 0.0212891 0.0368056
1 0.185937 0.161806 0.0386719 0.0319444
1 0.0490723 0.450694 0.0958008 0.0638889
1 0.884375 0.515625 0.034375 0.0326389
1 0.0373047 0.984028 0.0238281 0.0319444
1 0.05 0.459722 0.1 0.0979167
1 0.0246826 0.466667 0.0480957 0.0631944
0 0.987891 0.163021 0.0242187 0.107292
1 0.0150879 0.484375 0.0295898 0.0319444
1 0.0129883 0.451389 0.0244141 0.0381944
1 0.925781 0.270139 0.025 0.0263889
1 0.0213379 0.451389 0.0421875 0.0402778
1 0.0190186 0.467708 0.0377441 0.0541667
0 0.99375 0.275694 0.0125 0.0986111
1 0.920313 0.00349392 0.015625 0.00698785
1 0.23457 0.361111 0.00976562 0.0180556
1 0.896875 0.492361 0.0203125 0.0263889
0 0.895312 0.282292 0.028125 0.0270833
1 0.0233887 0.986458 0.0335938 0.0270833
1 0.796875 0.915972 0.009375 0.0180556
1 0.883594 0.802083 0.0109375 0.0208333
1 0.0912109 0.425 0.0203125 0.0277778
0 0.0106689 0.485417 0.0193359 0.0333333
1 0.900781 0.487847 0.0203125 0.0277778
1 0.0298706 0.431597 0.0435791 0.0340278
1 0.904688 0.454514 0.015625 0.0333333
1 0.0821289 0.425694 0.0382813 0.0291667
1 0.903125 0.280903 0.046875 0.0319444
1 0.935156 0.488889 0.0203125 0.0291667
1 0.939062 0.495139 0.01875 0.0284722
1 0.993359 0.277431 0.0132813 0.101389
0 0.011084 0.465625 0.0212891 0.0368056
1 0.989062 0.135764 0.021875 0.05
1 0.890625 0.829167 0.034375 0.0263889
1 0.464063 0.490972 0.0671875 0.0472222
1 0.566797 0.642361 0.0109375 0.0201389
0 0.884375 0.515625 0.034375 0.0326389
0 0.0521484 0.425347 0.100195 0.163194
1 0.0349487 0.980556 0.0238525 0.0388889
0 0.465625 0.538889 0.0648438 0.0361111
1 0.00966797 0.432639 0.0166016 0.0416667
1 0.910937 0.267014 0.0578125 0.0388889
0 0.0508667 0.486806 0.0986572 0.155556
0 0.463672 0.4625 0.0710938 0.102778
1 0.995313 0.277083 0.009375 0.0993056
0 0.0150879 0.484375 0.0295898 0.0319444
1 0.9 0.2875 0.0375 0.0333333
1 0.0074707 0.518403 0.0127441 0.0520833
1 0.932031 0.275694 0.0171875 0.0305556
1 0.0555786 0.439583 0.0923584 0.0618056
1 0.0901367 0.432292 0.0208984 0.0388889
1 0.942969 0.475694 0.028125 0.0388889
0 0.0490723 0.450694 0.0958008 0.0638889
1 0.979688 0.716667 0.015625 0.0208333
1 0.0176758 0.988889 0.0318359 0.0222222
1 0.900781 0.805556 0.021875 0.0263889
1 0.879687 0.0437934 0.0125 0.0190972
1 0.307617 0.312153 0.0121094 0.0215278
1 0.909375 0.286111 0.059375 0.0392361
1 0.0521484 0.425347 0.100195 0.163194
1 0.917969 0.489583 0.0625 0.0569444
1 0.890625 0.507639 0.04375 0.0361111
1 0.921094 0.252257 0.015625 0.0236111
0 0.156641 0.463889 0.311719 0.119444
1 0.22832 0.252951 0.015625 0.0239583
0 0.0129883 0.451389 0.0244141 0.0381944
1 0.0508667 0.486806 0.0986572 0.155556
1 0.0336914 0.975347 0.0181641 0.0493056
1 0.760938 0.312847 0.0125 0.0222222
1 0.45625 0.58125 0.0101562 0.0166667
1 0.763672 0.3125 0.0125 0.0229167
1 0.89375 0.817361 0.028125 0.0361111
1 0.896875 0.806944 0.028125 0.0277778
1 0.883008 0.766667 0.218359 0.125
3 0.186328 0.161458 0.040625 0.03125
0 0.441406 0.490278 0.114844 0.0555556
0 0.271875 0.421528 0.541406 0.214583
1 0.93125 0.475 0.021875 0.0347222
1 0.0299316 1 0.0288086 0
1 0.90625 0.644444 0.0328125 0.0291667
2 0.186328 0.161458 0.040625 0.03125
1 0.692969 0.0413194 0.0140625 0.0196181
0 0.0190186 0.467708 0.0377441 0.0541667
1 0.696875 0.841667 0.0234375 0.0333333
1 0.885938 0.492014 0.0453125 0.075
1 0.903125 0.467014 0.01875 0.0548611
1 0.186719 0.172569 0.0417969 0.0611111
1 0.953125 0.46875 0.0125 0.0291667
1 0.88125 0.740278 0.223438 0.127778
1 0.265234 0.264583 0.0105469 0.0243056
1 0.886719 0.821528 0.021875 0.0402778
1 0.255859 0.260764 0.059375 0.0409722
0 0.932031 0.271701 0.0140625 0.021875
0 0.27168 0.472222 0.533203 0.226389
0 0.996094 0.140799 0.0078125 0.0756944
0 0.425 0.999306 0.161719 0.00138889
0 0.95 0.754167 0.078125 0.0638889
0 0.527344 0.999653 0.173438 0.000694444
0 0.0213379 0.451389 0.0421875 0.0402778
0 0.0333008 0.988194 0.0126953 0.0236111
0 0.000793457 0.275391 0.00158691 0.299219
0 0.605469 0.999306 0.189063 0.00138889
1 0.0407227 0.974306 0.0251953 0.0513889
1 0.8875 0.777083 0.01875 0.0208333
1 0.0430786 0.530556 0.0400146 0.0347222
1 0.915625 0.765278 0.153125 0.136111
1 0.946875 0.511111 0.028125 0.025
1 0.95 0.759028 0.078125 0.0541667
0 0.188672 0.998611 0.263281 0.00277778
1 0.0203125 1 0.040625 0
0 0.478516 0.999306 0.175 0.00138889
1 0.900781 0.459028 0.021875 0.0451389
0 0.0483887 0.267188 0.0967773 0.534375
1 0.928125 0.259722 0.0203125 0.0409722
0 0.0256348 0.446528 0.0387695 0.0333333
0 0.352539 0.998611 0.201172 0.00277778
1 0.70625 0.0682292 0.0132813 0.0154514
1 0.892969 0.773611 0.028125 0.0236111
1 0.925 0.472222 0.01875 0.0333333
1 0.883594 0.514931 0.0359375 0.0472222
0 0.0246826 0.466667 0.0480957 0.0631944
0 0.315967 0.4875 0.379004 0.202083
1 0.908594 0.484028 0.0765625 0.0791667
1 0.237109 0.361111 0.015625 0.0201389
0 0.940625 0.738889 0.1 0.0972222
0 0.383691 0.479514 0.229492 0.146528
0 0.233398 0.404167 0.466797 0.275694
0 0.463672 0.00355903 0.264844 0.00711806
1 0.932813 0.271181 0.025 0.0274306
0 0.313672 0.43125 0.410937 0.2125
1 0.924219 0.781944 0.126563 0.138889
0 0.270703 0.570833 0.514844 0.255556
0 0.695312 0.720833 0.548437 0.280556
1 0.466016 0.552778 0.0539063 0.0166667
0 0.226758 0.587153 0.453516 0.825694
1 0.0658203 0.464583 0.0675781 0.0972222
1 0.964063 0.770833 0.04375 0.0333333
1 0.915625 0.00371094 0.0234375 0.00742187
0 0.308203 0.997917 0.203906 0.00416667
0 0.653906 0.999306 0.195312 0.00138889
0 0.324561 0.5375 0.381348 0.3
1 0.0489746 0.982986 0.0498047 0.0340278
1 0.044043 0.981944 0.0376953 0.0361111
2 0.557031 0.131597 0.726562 0.263194
1 0.039209 1 0.078418 0
0 0.273047 0.513889 0.533594 0.351389
0 0.589844 0.716493 0.423438 0.267014
1 0.00678711 0.533333 0.0104492 0.0763889
2 0.548535 0.317361 0.749805 0.634722
0 0.881055 0.723437 0.222266 0.153125
0 0.855469 0.672222 0.171875 0.105556
0 0.189453 0.472222 0.378906 0.152778
0 0.221045 0.997222 0.302441 0.00555556
0 0.776367 0.726389 0.444141 0.259722
0 0.361914 0.503819 0.366797 0.339583
0 0.351953 0.447917 0.303906 0.180556
1 0.923437 0.00379774 0.021875 0.00759549
1 0.967969 0.897222 0.0625 0.205556
1 0.99375 0.593056 0.0125 0.0222222
3 0.695312 0.720833 0.548437 0.280556
2 0.589844 0.716493 0.423438 0.267014
1 0.991406 0.244792 0.0171875 0.172222
2 0.271875 0.421528 0.541406 0.214583
0 0.712891 0.723611 0.560156 0.4125
0 0.925781 0.270139 0.025 0.0263889
0 0.419531 0.0225694 0.389844 0.0451389
0 0.565625 0.126302 0.670313 0.252604
1 0.942187 0.734722 0.10625 0.108333
0 0.0513184 0.481944 0.102637 0.963889
0 0.287109 0.710938 0.550781 0.130903
1 0.283203 0.283333 0.0109375 0.0180556
0 0.280664 0.657639 0.551172 0.234722
1 0.00751953 0.4125 0.0117188 0.0486111
0 0.570312 0.245139 0.671875 0.441667
0 0.853906 0.722222 0.279687 0.198611
2 0.69375 0.736806 0.603125 0.243056
0 0.991406 0.244792 0.0171875 0.172222
0 0.0010376 0.336111 0.0020752 0.316667
0 0.346484 0.0224826 0.392188 0.0449653
0 0.581641 0.28316 0.717969 0.566319
1 0.989062 0.154818 0.021875 0.0924479
0 0.226172 0.511458 0.452344 0.554861
3 0.557031 0.131597 0.726562 0.263194
