0 0.208594 0.654514 0.0398437 0.0270833
0 0.405469 0.394097 0.040625 0.0319444
0 0.7 0.599306 0.040625 0.0305556
0 0.798437 0.394444 0.04375 0.0333333
0 0.298047 0.717361 0.040625 0.0291667
0 0.384766 0.333941 0.0359375 0.0265625
0 0.598047 0.394792 0.0421875 0.0340278
0 0.0665039 0.325608 0.0416016 0.0307292
0 0.417188 0.277083 0.0421875 0.0298611
0 0.736719 0.659722 0.040625 0.0340278
0 0.979688 0.457639 0.040625 0.0333333
0 0.627734 0.464236 0.0421875 0.0298611
0 0.325977 0.455556 0.0433594 0.0291667
0 0.166016 0.390972 0.0410156 0.0305556
0 0.0749023 0.324306 0.059375 0.0333333
0 0.0145508 0.243229 0.0110352 0.0135417
0 0.366797 0.245486 0.0125 0.0145833
0 0.119922 0.244271 0.00976562 0.0118056
1 0.0474609 0.242708 0.00917969 0.0125
0 0.153418 0.24375 0.009375 0.0125
0 0.700391 0.604514 0.04375 0.0402778
0 0.190625 0.24375 0.0109375 0.0121528
0 0.294531 0.246181 0.00859375 0.0125
0 0.260156 0.244618 0.009375 0.0131944
1 0.260156 0.244618 0.009375 0.0131944
1 0.0839844 0.242708 0.00859375 0.0118056
1 0.294531 0.246181 0.00859375 0.0125
0 0.0128906 0.243056 0.0154785 0.0173611
1 0.223438 0.245139 0.0109375 0.0131944
0 0.223438 0.245139 0.0109375 0.0131944
0 0.295117 0.625 0.00664063 0.0125
0 0.0474609 0.242708 0.00917969 0.0125
1 0.330859 0.246875 0.0078125 0.0135417
0 0.330859 0.246875 0.0078125 0.0135417
0 0.174219 0.388194 0.0578125 0.0333333
0 0.0824463 0.620833 0.0390137 0.0166667
0 0.00842285 0.152951 0.0146973 0.0149306
1 0.119922 0.244271 0.00976562 0.0118056
0 0.608984 0.393056 0.06875 0.0395833
1 0.190625 0.24375 0.0109375 0.0121528
0 0.280664 0.624653 0.00976562 0.0125
0 0.0839844 0.242708 0.00859375 0.0118056
0 0.403906 0.327691 0.0851562 0.0390625
1 0.0145508 0.243229 0.0110352 0.0135417
1 0.153418 0.24375 0.009375 0.0125
0 0.501562 0.625694 0.025 0.0152778
0 0.634375 0.625694 0.0078125 0.0125
0 0.0890625 0.421181 0.0429688 0.0194444
0 0.366406 0.624653 0.0390625 0.0145833
0 0.0163574 0.621181 0.0105469 0.0138889
1 0.366797 0.245486 0.0125 0.0145833
0 0.919531 0.627778 0.009375 0.0152778
0 0.642969 0.625694 0.025 0.0138889
0 0.967969 0.627778 0.0109375 0.0166667
0 0.398438 0.245139 0.0109375 0.0125
0 0.220703 0.623958 0.046875 0.0152778
0 0.18418 0.826389 0.01875 0.0138889
0 0.340625 0.452778 0.0789063 0.0361111
0 0.634766 0.514583 0.0140625 0.0194444
1 0.634375 0.625694 0.0078125 0.0125
0 0.413281 0.310937 0.05625 0.0322917
0 0.633984 0.4625 0.0578125 0.0319444
0 0.225586 0.245312 0.0140625 0.0138889
0 0.792969 0.626389 0.0296875 0.0138889
0 0.0757812 0.321354 0.0738281 0.0357639
0 0.031543 0.621875 0.00625 0.0138889
1 0.280664 0.624653 0.00976562 0.0125
0 0.123242 0.0830729 0.244922 0.155382
0 0.620313 0.529167 0.0164062 0.0194444
1 0.634766 0.514583 0.0140625 0.0194444
0 0.00844727 0.141319 0.0150391 0.0201389
0 0.935938 0.628819 0.04375 0.01875
0 0.126367 0.932639 0.250391 0.134722
0 0.507812 0.625694 0.0390625 0.0159722
0 0.410937 0.393056 0.0546875 0.0347222
0 0.459473 0.518403 0.379492 0.113889
0 0.164746 0.827778 0.0556641 0.0222222
0 0.798437 0.403472 0.04375 0.0444444
1 0.295117 0.625 0.00664063 0.0125
0 0.769141 0.157292 0.00703125 0.0166667
0 0.0072998 0.532639 0.0115723 0.0138889
0 0.243555 0.624306 0.0105469 0.0111111
1 0.769141 0.157292 0.00703125 0.0166667
0 0.00610352 0.55625 0.00996094 0.0111111
0 0.084375 0.736111 0.0333984 0.0166667
0 0.79375 0.0467448 0.0140625 0.0292535
1 0.244531 0.886111 0.00820312 0.0166667
1 0.0163574 0.621181 0.0105469 0.0138889
0 0.0127441 0.151389 0.0249023 0.0177083
0 0.00727539 0.984028 0.0115234 0.025
0 0.78125 0.0453993 0.0078125 0.0173611
1 0.031543 0.621875 0.00625 0.0138889
0 0.7 0.594444 0.04375 0.0347222
1 0.0128906 0.243056 0.0154785 0.0173611
1 0.225586 0.245312 0.0140625 0.0138889
1 0.919531 0.627778 0.009375 0.0152778
0 0.985937 0.627778 0.015625 0.0166667
1 0.640625 0.514583 0.0109375 0.0180556
0 0.2625 0.245139 0.0144531 0.0138889
0 0.580469 0.536111 0.08125 0.0277778
0 0.214844 0.628125 0.0289063 0.0201389
0 0.640625 0.514583 0.0109375 0.0180556
0 0.0139404 0.805556 0.0241699 0.0194444
0 0.331055 0.625 0.00820312 0.0125
2 0.298438 0.718056 0.040625 0.0305556
0 0.721875 0.659722 0.0734375 0.0416667
1 0.639844 0.552778 0.0109375 0.0152778
1 0.325781 0.45625 0.0429688 0.0291667
0 0.639844 0.552778 0.0109375 0.0152778
0 0.61875 0.995833 0.251563 0.00833333
0 0.262109 0.680382 0.128906 0.100347
1 0.620313 0.0469184 0.0078125 0.0197049
0 0.567969 0.995833 0.2375 0.00833333
0 0.459375 0.996875 0.201562 0.00625
0 0.835156 0.936806 0.31875 0.126389
2 0.875781 0.190972 0.248437 0.381944
0 0.622656 0.514931 0.025 0.0201389
2 0.863477 0.661111 0.273047 0.441667
0 0.963281 0.628125 0.0203125 0.0180556
0 0.326367 0.45 0.0472656 0.0375
0 0.41875 0.271875 0.046875 0.0375
2 0.864258 0.329861 0.271484 0.445833
0 0.474902 0.495833 0.34082 0.165278
0 0.425391 0.509722 0.410937 0.152778
2 0.860937 0.75434 0.278125 0.446875
1 0.832812 0.040625 0.00625 0.0201389
1 0.839063 0.0383681 0.0125 0.0253472
2 0.856445 0.394097 0.287109 0.435417
2 0.869531 0.592361 0.25625 0.383333
0 0.414453 0.253125 0.0421875 0.0277778
0 0.208594 0.654514 0.0398437 0.0270833
0 0.405469 0.394097 0.040625 0.0319444
0 0.7 0.599306 0.040625 0.0305556
0 0.798437 0.394444 0.04375 0.0333333
0 0.298047 0.717361 0.040625 0.0291667
0 0.384766 0.333941 0.0359375 0.0265625
0 0.598047 0.394792 0.0421875 0.0340278
0 0.0665039 0.325608 0.0416016 0.0307292
0 0.417188 0.27691 0.0421875 0.0298611
0 0.736719 0.659722 0.040625 0.0340278
0 0.979688 0.457639 0.040625 0.0333333
0 0.627734 0.464236 0.0421875 0.0298611
0 0.325977 0.455556 0.0433594 0.0291667
0 0.166016 0.390972 0.0410156 0.0305556
0 0.0748535 0.324306 0.0594727 0.0333333
0 0.0145508 0.243056 0.0110352 0.0131944
0 0.366797 0.245486 0.0125 0.0145833
0 0.119922 0.244097 0.00976562 0.0118056
1 0.0474609 0.242708 0.00917969 0.0125
0 0.153418 0.24375 0.009375 0.0125
0 0.700391 0.604514 0.04375 0.0402778
0 0.190625 0.24375 0.0109375 0.0121528
0 0.294531 0.246181 0.00859375 0.0125
0 0.260156 0.244792 0.009375 0.0131944
1 0.260156 0.244792 0.009375 0.0131944
1 0.294531 0.246181 0.00859375 0.0125
0 0.0128906 0.243056 0.0154785 0.0173611
1 0.0838867 0.242708 0.00859375 0.0114583
1 0.223438 0.244965 0.0109375 0.0131944
0 0.223438 0.244965 0.0109375 0.0131944
0 0.295117 0.625 0.00664063 0.0125
0 0.0474609 0.242708 0.00917969 0.0125
1 0.330859 0.246875 0.0078125 0.0135417
0 0.330859 0.246875 0.0078125 0.0135417
0 0.174219 0.388194 0.0578125 0.0333333
0 0.0825195 0.620833 0.0388672 0.0166667
1 0.119922 0.244097 0.00976562 0.0118056
0 0.00842285 0.153125 0.0147949 0.0145833
0 0.608984 0.393056 0.06875 0.0395833
1 0.190625 0.24375 0.0109375 0.0121528
0 0.280664 0.624306 0.00976562 0.0125
0 0.0838867 0.242708 0.00859375 0.0114583
0 0.403906 0.327691 0.0851562 0.0390625
1 0.0145508 0.243056 0.0110352 0.0131944
1 0.153418 0.24375 0.009375 0.0125
0 0.501562 0.625694 0.025 0.0152778
0 0.633984 0.625694 0.00859375 0.0125
0 0.0891602 0.421528 0.0429688 0.0194444
1 0.366797 0.245486 0.0125 0.0145833
0 0.366406 0.624653 0.0390625 0.0145833
0 0.0163574 0.621181 0.0105469 0.0138889
0 0.642969 0.625694 0.025 0.0145833
0 0.919531 0.627778 0.009375 0.0152778
0 0.967969 0.627778 0.0109375 0.0166667
0 0.398438 0.245139 0.0109375 0.0125
0 0.220703 0.623958 0.046875 0.0152778
0 0.340625 0.452778 0.0789063 0.0361111
0 0.634766 0.514583 0.0140625 0.0194444
0 0.18418 0.826389 0.01875 0.0138889
1 0.633984 0.625694 0.00859375 0.0125
0 0.413281 0.310764 0.05625 0.0326389
0 0.633984 0.4625 0.0578125 0.0319444
0 0.225586 0.245312 0.0140625 0.0138889
0 0.792969 0.626389 0.0296875 0.0138889
0 0.0757568 0.321528 0.073877 0.0354167
0 0.031543 0.621875 0.00625 0.0138889
1 0.280664 0.624306 0.00976562 0.0125
0 0.123242 0.0830729 0.244922 0.155382
0 0.620313 0.529167 0.0164062 0.0194444
1 0.634766 0.514583 0.0140625 0.0194444
0 0.00849609 0.141319 0.0150391 0.0201389
0 0.126172 0.932639 0.25 0.134722
0 0.935938 0.628819 0.04375 0.01875
0 0.507812 0.625694 0.0390625 0.0159722
0 0.459375 0.518056 0.379687 0.113889
0 0.410937 0.393056 0.0546875 0.0347222
0 0.164746 0.827778 0.0556641 0.0222222
0 0.769141 0.157292 0.00703125 0.0166667
0 0.798437 0.403472 0.04375 0.0444444
1 0.295117 0.625 0.00664063 0.0125
0 0.00732422 0.532639 0.0116211 0.0138889
1 0.769141 0.157292 0.00703125 0.0166667
0 0.243555 0.624306 0.0105469 0.0111111
0 0.00610352 0.55625 0.00996094 0.0111111
0 0.084375 0.736111 0.0335938 0.0166667
0 0.79375 0.0467882 0.0140625 0.0291667
1 0.244531 0.886111 0.00820312 0.0166667
1 0.0163574 0.621181 0.0105469 0.0138889
0 0.0127441 0.151389 0.0248047 0.0177083
0 0.00727539 0.984028 0.0115234 0.025
0 0.78125 0.0454861 0.0078125 0.0173611
1 0.031543 0.621875 0.00625 0.0138889
1 0.0128906 0.243056 0.0154785 0.0173611
1 0.225586 0.245312 0.0140625 0.0138889
0 0.985937 0.627778 0.015625 0.0166667
1 0.919531 0.627778 0.009375 0.0152778
1 0.640625 0.514583 0.0109375 0.0180556
0 0.580078 0.536111 0.0820312 0.0277778
0 0.214844 0.628125 0.0289063 0.0201389
0 0.2625 0.245139 0.0144531 0.0138889
0 0.640625 0.514583 0.0109375 0.0180556
0 0.0139648 0.805556 0.0242187 0.0194444
0 0.331055 0.625 0.00820312 0.0125
2 0.298438 0.718056 0.040625 0.0305556
0 0.721875 0.659722 0.0734375 0.0416667
1 0.639844 0.552778 0.0109375 0.0152778
1 0.325781 0.45625 0.0429688 0.0291667
0 0.639844 0.552778 0.0109375 0.0152778
0 0.61875 0.995833 0.25 0.00833333
0 0.262109 0.680382 0.128906 0.100347
0 0.567969 0.995833 0.2375 0.00833333
1 0.620313 0.046875 0.0078125 0.0197917
0 0.459375 0.996875 0.201562 0.00625
0 0.834375 0.936806 0.320312 0.126389
2 0.875781 0.190972 0.248437 0.381944
0 0.622656 0.514931 0.025 0.0201389
2 0.863477 0.661111 0.273047 0.441667
0 0.41875 0.271701 0.046875 0.0375
0 0.326367 0.45 0.0472656 0.0375
0 0.474609 0.495833 0.342187 0.165278
2 0.864062 0.329948 0.271875 0.44566
0 0.963281 0.628125 0.0203125 0.0180556
1 0.832812 0.0406684 0.00625 0.0200521
1 0.839063 0.0382813 0.0125 0.0252604
0 0.425391 0.509722 0.410937 0.152778
2 0.860937 0.754167 0.278125 0.445833
2 0.856641 0.394097 0.286719 0.435417
2 0.869531 0.592361 0.25625 0.383333
0 0.414453 0.253125 0.0421875 0.0277778
0 0.489062 0.995833 0.228125 0.00833333
