0 0.198047 0.383681 0.03125 0.0236111
0 0.698438 0.688889 0.021875 0.0652778
0 0.620703 0.411111 0.0164062 0.0652778
0 0.716797 0.827778 0.0210938 0.0888889
0 0.0978516 0.345833 0.0347656 0.0263889
0 0.0761719 0.498958 0.0371094 0.0277778
0 0.721094 0.547222 0.0164062 0.0569444
0 0.422656 0.345139 0.0328125 0.0222222
0 0.751953 0.986111 0.0210938 0.0222222
0 0.0092041 0.294965 0.0156738 0.0173611
0 0.815625 0.443056 0.009375 0.0222222
0 0.0101562 0.295486 0.0110352 0.0166667
0 0.194141 0.183681 0.00859375 0.0166667
0 0.10166 0.291319 0.0150391 0.0145833
0 0.0390625 0.6 0.015625 0.0194444
1 0.291602 0.840278 0.0113281 0.0194444
0 0.0360352 0.601389 0.0123047 0.0166667
1 0.289062 0.836111 0.0117188 0.0194444
0 0.814062 0.441667 0.009375 0.0263889
0 0.680469 0.420139 0.00625 0.0305556
0 0.507812 0.207986 0.0101562 0.0361111
1 0.53125 0.640972 0.0078125 0.025
0 0.0131836 0.294792 0.0137207 0.0166667
1 0.985156 0.475694 0.009375 0.0180556
0 0.985156 0.475694 0.009375 0.0180556
0 0.508594 0.0947917 0.00859375 0.0302083
1 0.0360352 0.601389 0.0123047 0.0166667
0 0.772656 0.0831597 0.0109375 0.0340278
0 0.510156 0.561111 0.0125 0.0166667
0 0.0277344 0.53125 0.0163086 0.0125
1 0.507031 0.213021 0.009375 0.0322917
0 0.507031 0.213021 0.009375 0.0322917
1 0.1 0.290972 0.0144531 0.0131944
0 0.495703 0.709722 0.0171875 0.0611111
1 0.408594 0.493403 0.0078125 0.0138889
0 0.759766 0.115451 0.0101562 0.0229167
0 0.816406 0.452778 0.0109375 0.0375
1 0.401563 0.7625 0.0109375 0.025
1 0.339844 0.702083 0.0109375 0.0222222
1 0.433594 0.502083 0.0101562 0.0222222
0 0.509375 0.538194 0.0125 0.0402778
1 0.432813 0.17309 0.0078125 0.0197917
1 0.0390625 0.6 0.015625 0.0194444
0 0.0375977 0.602778 0.0103516 0.0236111
1 0.85625 0.642361 0.0125 0.0125
1 0.399219 0.709722 0.0140625 0.0194444
0 0.408594 0.493403 0.0078125 0.0138889
1 0.401563 0.708333 0.0109375 0.0194444
1 0.507812 0.207986 0.0101562 0.0361111
1 0.508594 0.0947917 0.00859375 0.0302083
1 0.532031 0.600694 0.0078125 0.0194444
1 0.884375 0.61875 0.0125 0.0180556
1 0.404297 0.9125 0.0125 0.0222222
1 0.297852 0.75625 0.00976562 0.025
0 0.767969 0.112153 0.0078125 0.021875
0 0.507812 0.102951 0.0078125 0.04375
0 0.53125 0.640972 0.0078125 0.025
1 0.0092041 0.294965 0.0156738 0.0173611
0 0.769922 0.221528 0.00859375 0.0375
1 0.0375977 0.602778 0.0103516 0.0236111
0 0.79375 0.447917 0.0078125 0.0263889
0 0.434375 0.498264 0.0109375 0.0208333
0 0.0265137 0.530903 0.0199219 0.0159722
1 0.532031 0.626736 0.00703125 0.0270833
1 0.434375 0.498264 0.0109375 0.0208333
1 0.344531 0.69375 0.0121094 0.0152778
0 0.00734863 0.273264 0.0130371 0.0208333
1 0.984375 0.479167 0.009375 0.0256944
0 0.509375 0.208333 0.009375 0.0347222
0 0.760156 0.130903 0.0101562 0.0222222
1 0.0101562 0.295486 0.0110352 0.0166667
1 0.751953 0.986111 0.0210938 0.0222222
0 0.510156 0.563194 0.009375 0.0194444
0 0.508984 0.318403 0.0101562 0.0673611
0 0.921875 0.174306 0.015625 0.0243056
1 0.857813 0.690104 0.0125 0.0309028
1 0.510156 0.561111 0.0125 0.0166667
0 0.857813 0.690104 0.0125 0.0309028
0 0.76875 0.207292 0.009375 0.0333333
1 0.814062 0.441667 0.009375 0.0263889
0 0.077832 0.49375 0.0376953 0.0347222
1 0.430078 0.598611 0.00703125 0.0125
1 0.680469 0.420139 0.00625 0.0305556
1 0.857813 0.663889 0.0109375 0.025
0 0.532031 0.600694 0.0078125 0.0194444
0 0.692578 0.690104 0.0273438 0.0670139
0 0.83125 0.553472 0.0109375 0.0152778
0 0.751562 0.0200521 0.0125 0.0401042
1 0.815625 0.443056 0.009375 0.0222222
1 0.303906 0.75625 0.0171875 0.0277778
1 0.0828125 0.065625 0.00820312 0.00972222
0 0.532031 0.626736 0.00703125 0.0270833
0 0.817969 0.666667 0.0109375 0.0527778
0 0.00910645 0.424306 0.017334 0.0125
0 0.0828125 0.065625 0.00820312 0.00972222
0 0.819531 0.688889 0.0109375 0.0402778
1 0.496094 0.708333 0.0203125 0.0555556
0 0.171094 0.18559 0.00820312 0.01875
0 0.702344 0.820833 0.05 0.0916667
1 0.4125 0.169271 0.0078125 0.0173611
1 0.509375 0.208333 0.009375 0.0347222
0 0.928125 0.17309 0.0125 0.0184028
1 0.288477 0.839583 0.0164062 0.025
1 0.867969 0.509028 0.009375 0.0125
0 0.884375 0.61875 0.0125 0.0180556
1 0.507812 0.102951 0.0078125 0.04375
1 0.141016 0.0161458 0.00742187 0.0182292
1 0.0131836 0.294792 0.0137207 0.0166667
1 0.0692383 0.115451 0.00996094 0.015625
0 0.015918 0.528472 0.0292969 0.0208333
0 0.775 0.0826389 0.0171875 0.0328125
1 0.152246 0.510069 0.0107422 0.0166667
1 0.772656 0.0831597 0.0109375 0.0340278
1 0.510156 0.563194 0.009375 0.0194444
0 0.770312 0.236458 0.00859375 0.0375
1 0.435156 0.169444 0.0101562 0.0166667
1 0.492969 0.132639 0.009375 0.0171875
1 0.422656 0.558333 0.0109375 0.0111111
1 0.833594 0.0208333 0.0078125 0.0159722
0 0.749219 0.0190755 0.0125 0.038151
0 0.867969 0.509028 0.009375 0.0125
0 0.817187 0.646875 0.009375 0.0277778
0 0.751562 0.0348524 0.0140625 0.0697049
0 0.683203 0.807639 0.0078125 0.0444444
0 0.107227 0.090625 0.00703125 0.0107639
0 0.0227539 0.557639 0.0109375 0.0125
1 0.194141 0.183681 0.00859375 0.0166667
0 0.00942383 0.488194 0.0174316 0.0138889
0 0.432813 0.17309 0.0078125 0.0197917
0 0.766406 0.168576 0.0109375 0.05
1 0.696875 0.403472 0.00859375 0.0215278
0 0.794531 0.466319 0.0078125 0.0256944
0 0.433594 0.502083 0.0101562 0.0222222
0 0.291602 0.840278 0.0113281 0.0194444
0 0.757031 0.0849826 0.0078125 0.0279514
0 0.697656 0.66875 0.01875 0.104167
1 0.0545898 0.799306 0.00839844 0.0263889
0 0.133594 0.0708333 0.00742187 0.0170139
1 0.883594 0.655556 0.0140625 0.01875
1 0.5875 0.528819 0.0078125 0.0263889
0 0.188281 0.184896 0.0226563 0.01875
1 0.957812 0.694444 0.0125 0.0194444
0 0.510938 0.539236 0.0125 0.0506944
0 0.784375 0.165929 0.009375 0.053559
0 0.395703 0.113368 0.0078125 0.015625
0 0.757031 0.763889 0.00625 0.0319444
1 0.970312 0.804861 0.021875 0.0291667
1 0.767969 0.112153 0.0078125 0.021875
0 0.430078 0.598611 0.00703125 0.0125
1 0.511719 0.650694 0.0140625 0.0305556
0 0.303906 0.75625 0.0171875 0.0277778
1 0.342578 0.708333 0.0171875 0.0361111
0 0.821094 0.700694 0.009375 0.0347222
1 0.0277344 0.53125 0.0163086 0.0125
0 0.5875 0.528819 0.0078125 0.0263889
0 0.289062 0.836111 0.0117188 0.0194444
1 0.496094 0.663889 0.0117188 0.0194444
0 0.790625 0.176736 0.009375 0.0340278
0 0.0163086 0.525 0.0272461 0.0194444
0 0.717969 0.548611 0.025 0.0583333
1 0.50625 0.665625 0.009375 0.0229167
1 0.7625 0.119184 0.009375 0.0220486
0 0.753906 0.0575521 0.0140625 0.0767361
1 0.409766 0.177431 0.00859375 0.0177083
0 0.857813 0.629167 0.0125 0.025
0 0.857813 0.663889 0.0109375 0.025
1 0.809375 0.623264 0.009375 0.0180556
1 0.721094 0.547917 0.015625 0.0569444
0 0.532031 0.58125 0.0078125 0.0236111
0 0.807031 0.579167 0.009375 0.0319444
1 0.497266 0.648958 0.009375 0.0208333
0 0.732031 0.96875 0.00625 0.0333333
0 0.833594 0.0208333 0.0078125 0.0159722
0 0.880469 0.041059 0.0078125 0.0178819
1 0.645312 0.7125 0.00703125 0.0263889
1 0.720312 0.759028 0.00625 0.0222222
0 0.639453 0.027181 0.0109375 0.0498047
1 0.400781 0.913194 0.015625 0.0208333
0 0.795313 0.484722 0.00625 0.0263889
0 0.792188 0.428819 0.009375 0.0305556
1 0.704687 0.487153 0.00625 0.025
1 0.795313 0.00368924 0.00625 0.00737847
0 0.683594 0.815972 0.009375 0.0569444
0 0.984375 0.479167 0.009375 0.0256944
0 0.297852 0.75625 0.00976562 0.025
0 0.610156 0.401389 0.0109375 0.0763889
0 0.0171875 0.663194 0.0124023 0.0229167
1 0.138477 0.0292101 0.00820312 0.022309
1 0.258594 0.511806 0.015625 0.0125
0 0.873438 0.5625 0.0125 0.0180556
1 0.428906 0.557986 0.0109375 0.0118056
0 0.496094 0.663889 0.0117188 0.0194444
0 0.258594 0.511806 0.015625 0.0125
1 0.414062 0.0331597 0.0125 0.0251736
0 0.783594 0.157465 0.009375 0.0618056
0 0.64375 0.0321181 0.009375 0.0642361
0 0.76875 0.621528 0.00703125 0.0215278
0 0.728516 0.546875 0.0328125 0.0590278
0 0.539062 0.0206597 0.0125 0.0394097
0 0.489062 0.577778 0.025 0.01875
0 0.78125 0.112326 0.0078125 0.0232639
0 0.420312 0.0437066 0.015625 0.0320312
0 0.7625 0.119184 0.009375 0.0220486
0 0.720312 0.759028 0.00625 0.0222222
0 0.85625 0.642361 0.0125 0.0125
0 0.708203 0.0173177 0.009375 0.0346354
0 0.696875 0.403472 0.00859375 0.0215278
0 0.809375 0.623264 0.009375 0.0180556
1 0.399609 0.765278 0.0140625 0.0305556
1 0.959375 0.698611 0.0125 0.025
0 0.860937 0.699306 0.015625 0.0513889
1 0.584375 0.534028 0.0078125 0.0263889
0 0.4125 0.169271 0.0078125 0.0173611
0 0.689844 0.917361 0.025 0.163889
0 0.815625 0.426389 0.0125 0.0138889
0 0.714063 0.559028 0.0171875 0.0444444
1 0.330859 0.663194 0.0078125 0.0152778
1 0.880469 0.041059 0.0078125 0.0178819
1 0.420312 0.534028 0.0101562 0.0131944
0 0.84375 0.661806 0.009375 0.0194444
1 0.971875 0.798611 0.03125 0.0319444
0 0.0450195 0.600347 0.0294922 0.0243056
0 0.0545898 0.799306 0.00839844 0.0263889
0 0.755859 1 0.0304688 0
0 0.141016 0.0161458 0.00742187 0.0182292
0 0.422656 0.558333 0.0109375 0.0111111
1 0.83125 0.553472 0.0109375 0.0152778
0 0.399609 0.7625 0.0132813 0.025
0 0.692969 0.967014 0.015625 0.0659722
0 0.68125 0.434028 0.0078125 0.0395833
0 0.75 0.0290365 0.0148437 0.0580729
1 0.864062 0.657292 0.028125 0.0256944
0 0.344531 0.69375 0.0121094 0.0152778
1 0.819531 0.688889 0.0109375 0.0402778
1 0.857813 0.629167 0.0125 0.025
1 0.977344 0.804861 0.0359375 0.0305556
1 0.308008 0.748611 0.0152344 0.0222222
1 0.127637 0.508333 0.00957031 0.0159722
0 0.509375 0.569444 0.0117188 0.0291667
0 0.00522461 0.690278 0.00810547 0.0194444
1 0.821875 0.552778 0.009375 0.0166667
1 0.389062 0.522917 0.0125 0.0125
0 0.642969 0.0266493 0.0078125 0.0532986
0 0.399219 0.709722 0.0140625 0.0194444
1 0.0227539 0.557639 0.0109375 0.0125
1 0.821094 0.700694 0.009375 0.0347222
1 0.149219 0.509722 0.0132813 0.0166667
0 0.733594 0.977778 0.0078125 0.0402778
0 0.814062 0.444097 0.015625 0.0277778
0 0.492969 0.132639 0.009375 0.0171875
0 0.127637 0.508333 0.00957031 0.0159722
0 0.339844 0.702083 0.0109375 0.0222222
1 0.113867 0.0341146 0.00976562 0.0178819
1 0.17832 0.615625 0.0101562 0.0173611
0 0.783594 0.379167 0.0078125 0.0208333
0 0.632031 0.412153 0.0421875 0.0694444
0 0.110937 0.579861 0.0119141 0.0125
0 0.497266 0.648958 0.009375 0.0208333
1 0.860937 0.699306 0.015625 0.0513889
0 0.0276855 0.555556 0.015332 0.0138889
1 0.53125 0.661111 0.0078125 0.0319444
1 0.113477 0.0776042 0.00898437 0.01875
1 0.759766 0.115451 0.0101562 0.0229167
1 0.509375 0.569444 0.0117188 0.0291667
1 0.532031 0.58125 0.0078125 0.0236111
1 0.503125 0.708333 0.0359375 0.0555556
1 0.815625 0.65625 0.0125 0.0444444
1 0.439063 0.566667 0.0125 0.0111111
1 0.884375 0.615278 0.015625 0.0222222
1 0.817187 0.646875 0.009375 0.0277778
0 0.138477 0.0292101 0.00820312 0.022309
0 0.409766 0.177431 0.00859375 0.0177083
0 0.152246 0.510069 0.0107422 0.0166667
1 0.98125 0.553472 0.0125 0.0125
0 0.864844 0.698611 0.0140625 0.0486111
2 0.849805 0.298958 0.300391 0.527778
0 0.00712891 0.515972 0.0122559 0.0138889
0 0.807813 0.593056 0.009375 0.0333333
0 0.766406 0.708333 0.009375 0.0444444
0 0.508594 0.316319 0.0148437 0.0729167
1 0.50625 0.646528 0.009375 0.025
1 0.295117 0.865972 0.00898437 0.0125
0 0.782812 0.965972 0.009375 0.0375
0 0.7875 0.167014 0.0125 0.0409722
0 0.120117 0.579861 0.0269531 0.0125
0 0.510938 0.0861111 0.0078125 0.0270833
1 0.816406 0.452778 0.0109375 0.0375
1 0.285742 0.831944 0.0113281 0.0222222
2 0.846484 0.229861 0.307031 0.459722
0 0.93125 0.169444 0.01875 0.01875
0 0.745313 0.623611 0.0078125 0.01875
0 0.970312 0.804861 0.021875 0.0291667
0 0.680859 0.415972 0.0078125 0.0361111
1 0.859375 0.468056 0.009375 0.00833333
0 0.757422 0.984722 0.0273438 0.0277778
1 0.414062 0.523264 0.0109375 0.0159722
0 0.764063 0.130556 0.0140625 0.0236111
0 0.53125 0.661111 0.0078125 0.0319444
1 0.335156 0.7125 0.009375 0.0222222
0 0.113867 0.0341146 0.00976562 0.0178819
0 0.197852 0.383681 0.03125 0.0236111
0 0.698438 0.689062 0.021875 0.0663194
0 0.620703 0.411111 0.0164062 0.0652778
0 0.716797 0.827778 0.0210938 0.0888889
0 0.0978516 0.345833 0.0347656 0.0263889
0 0.0761719 0.498958 0.0371094 0.0277778
0 0.721094 0.547222 0.015625 0.0569444
0 0.422656 0.345139 0.0328125 0.0222222
0 0.751953 0.986111 0.0210938 0.0222222
0 0.0092041 0.295139 0.0156738 0.0173611
0 0.815625 0.443056 0.009375 0.0222222
0 0.0101562 0.295486 0.0111328 0.0166667
0 0.194141 0.183681 0.00859375 0.0166667
0 0.10166 0.291319 0.0150391 0.0145833
0 0.0390625 0.6 0.015625 0.0194444
1 0.291602 0.840278 0.0113281 0.0194444
0 0.0360352 0.601389 0.0123047 0.0166667
1 0.289062 0.836111 0.0117188 0.0194444
0 0.814062 0.441667 0.009375 0.0263889
0 0.680469 0.420139 0.00625 0.0305556
0 0.507812 0.207986 0.0101562 0.0357639
1 0.53125 0.640972 0.0078125 0.025
0 0.0132324 0.294792 0.0136719 0.0166667
1 0.985156 0.475347 0.009375 0.01875
0 0.508594 0.0947917 0.00859375 0.0302083
0 0.985156 0.475347 0.009375 0.01875
1 0.0360352 0.601389 0.0123047 0.0166667
0 0.772656 0.0831597 0.0109375 0.0338542
0 0.510156 0.561111 0.0125 0.0166667
0 0.0277344 0.53125 0.0163086 0.0125
1 0.507031 0.213021 0.009375 0.0322917
0 0.507031 0.213021 0.009375 0.0322917
1 0.1 0.290972 0.0144531 0.0131944
0 0.495703 0.709722 0.0171875 0.0611111
1 0.408594 0.493403 0.00703125 0.0138889
0 0.759766 0.115451 0.0101562 0.0229167
1 0.401563 0.7625 0.0109375 0.025
0 0.816406 0.452778 0.0109375 0.0381944
1 0.340039 0.702083 0.0113281 0.0222222
1 0.433594 0.502083 0.0101562 0.0222222
1 0.432813 0.17309 0.0078125 0.0197917
0 0.509375 0.538194 0.0125 0.0402778
1 0.0390625 0.6 0.015625 0.0194444
0 0.0375488 0.602778 0.0103516 0.0236111
1 0.399219 0.709722 0.0140625 0.0194444
1 0.85625 0.642361 0.0125 0.0125
1 0.401563 0.708333 0.0109375 0.0194444
0 0.408594 0.493403 0.00703125 0.0138889
1 0.507812 0.207986 0.0101562 0.0357639
1 0.508594 0.0947917 0.00859375 0.0302083
1 0.532031 0.600694 0.0078125 0.01875
1 0.884375 0.61875 0.0125 0.0180556
1 0.404297 0.9125 0.0125 0.0222222
1 0.297656 0.75625 0.009375 0.025
0 0.507812 0.102951 0.0078125 0.04375
0 0.767969 0.112153 0.0078125 0.021875
0 0.53125 0.640972 0.0078125 0.025
1 0.0092041 0.295139 0.0156738 0.0173611
0 0.769922 0.221528 0.00859375 0.0375
1 0.0375488 0.602778 0.0103516 0.0236111
0 0.79375 0.447917 0.0078125 0.0263889
1 0.532031 0.627083 0.00703125 0.0263889
0 0.434375 0.498264 0.0109375 0.0208333
0 0.0264648 0.530903 0.0199219 0.0159722
1 0.344531 0.69375 0.0121094 0.0152778
1 0.434375 0.498264 0.0109375 0.0208333
0 0.00734863 0.273264 0.0130371 0.0204861
1 0.984375 0.479167 0.009375 0.0256944
0 0.509375 0.208333 0.009375 0.034375
1 0.0101562 0.295486 0.0111328 0.0166667
0 0.760156 0.130903 0.0101562 0.0222222
1 0.751953 0.986111 0.0210938 0.0222222
0 0.510156 0.563194 0.00859375 0.0194444
0 0.508984 0.318403 0.0101562 0.0673611
0 0.921875 0.174306 0.015625 0.0243056
1 0.510156 0.561111 0.0125 0.0166667
1 0.857813 0.689583 0.0125 0.0319444
0 0.76875 0.207292 0.00859375 0.0333333
0 0.857813 0.689583 0.0125 0.0319444
1 0.814062 0.441667 0.009375 0.0263889
1 0.430078 0.598611 0.00703125 0.0125
1 0.680469 0.420139 0.00625 0.0305556
0 0.077832 0.49375 0.0376953 0.0347222
1 0.857813 0.663889 0.0109375 0.025
0 0.532031 0.600694 0.0078125 0.01875
0 0.692578 0.690104 0.0273438 0.0670139
0 0.751562 0.0200521 0.0125 0.0401042
1 0.815625 0.443056 0.009375 0.0222222
0 0.83125 0.553472 0.0109375 0.0152778
1 0.303906 0.75625 0.0171875 0.0277778
1 0.0828125 0.065625 0.00820312 0.00972222
0 0.532031 0.627083 0.00703125 0.0263889
0 0.817969 0.666667 0.0109375 0.0527778
0 0.0828125 0.065625 0.00820312 0.00972222
1 0.496094 0.708333 0.0203125 0.0555556
0 0.00908203 0.424306 0.0171875 0.0125
0 0.819531 0.688889 0.0109375 0.0402778
0 0.171094 0.18559 0.00820312 0.01875
0 0.702344 0.820833 0.05 0.0916667
1 0.509375 0.208333 0.009375 0.034375
1 0.4125 0.169271 0.0078125 0.0173611
0 0.928125 0.172917 0.0125 0.01875
1 0.288477 0.839583 0.0164062 0.025
1 0.507812 0.102951 0.0078125 0.04375
1 0.867969 0.509028 0.009375 0.0125
0 0.884375 0.61875 0.0125 0.0180556
1 0.141016 0.0161892 0.00742187 0.0181424
1 0.0132324 0.294792 0.0136719 0.0166667
1 0.0692383 0.115451 0.00976562 0.015625
0 0.0157959 0.528125 0.0291504 0.0208333
0 0.775 0.0826389 0.0171875 0.0328125
1 0.152246 0.510069 0.0107422 0.0166667
1 0.772656 0.0831597 0.0109375 0.0338542
1 0.510156 0.563194 0.00859375 0.0194444
0 0.770312 0.236285 0.00859375 0.0375
1 0.435156 0.169444 0.0101562 0.0166667
1 0.422656 0.558333 0.0109375 0.0111111
1 0.492969 0.132639 0.009375 0.0170139
1 0.833594 0.0208333 0.0078125 0.0159722
0 0.749219 0.0190538 0.0125 0.0381076
0 0.867969 0.509028 0.009375 0.0125
0 0.817187 0.646875 0.009375 0.0277778
0 0.683203 0.807639 0.0078125 0.0444444
0 0.751562 0.0348524 0.0140625 0.0697049
1 0.194141 0.183681 0.00859375 0.0166667
0 0.00939941 0.488194 0.0174316 0.0138889
0 0.107227 0.090625 0.00703125 0.0107639
0 0.766406 0.16875 0.0109375 0.05
0 0.432813 0.17309 0.0078125 0.0197917
1 0.696875 0.403472 0.00859375 0.0208333
0 0.0227539 0.557639 0.0109375 0.0125
0 0.291602 0.840278 0.0113281 0.0194444
0 0.433594 0.502083 0.0101562 0.0222222
0 0.794531 0.465972 0.0078125 0.025
0 0.757031 0.0848958 0.0078125 0.0277778
0 0.697656 0.66875 0.01875 0.105556
0 0.133691 0.0708333 0.00761719 0.0170139
1 0.0545898 0.799306 0.00839844 0.0263889
1 0.883594 0.655556 0.0140625 0.01875
1 0.5875 0.528819 0.0078125 0.0263889
1 0.957812 0.694444 0.0125 0.0194444
0 0.188281 0.184896 0.0226563 0.01875
0 0.784375 0.165799 0.009375 0.0538194
0 0.510938 0.539583 0.0125 0.0513889
0 0.395703 0.113368 0.0078125 0.015625
1 0.767969 0.112153 0.0078125 0.021875
0 0.757031 0.763889 0.00625 0.0319444
1 0.970312 0.804861 0.021875 0.0291667
1 0.511719 0.650694 0.0140625 0.0305556
0 0.430078 0.598611 0.00703125 0.0125
0 0.303906 0.75625 0.0171875 0.0277778
1 0.342578 0.708333 0.0171875 0.0361111
0 0.821094 0.700694 0.009375 0.0347222
0 0.289062 0.836111 0.0117188 0.0194444
0 0.5875 0.528819 0.0078125 0.0263889
1 0.0277344 0.53125 0.0163086 0.0125
1 0.496094 0.663889 0.0117188 0.0194444
0 0.790625 0.176736 0.009375 0.0340278
0 0.0162354 0.525 0.0270996 0.0194444
0 0.717969 0.548611 0.025 0.0583333
1 0.50625 0.665625 0.009375 0.0229167
1 0.7625 0.119097 0.009375 0.0220486
1 0.409766 0.177431 0.00859375 0.0177083
0 0.753906 0.0578125 0.0140625 0.0760417
0 0.857813 0.629167 0.0125 0.025
0 0.857813 0.663889 0.0109375 0.025
1 0.809375 0.623264 0.009375 0.0180556
1 0.721094 0.547917 0.015625 0.0569444
1 0.497266 0.648958 0.009375 0.0208333
0 0.732031 0.96875 0.00625 0.0333333
0 0.807031 0.579514 0.009375 0.0319444
0 0.532031 0.58125 0.0078125 0.0236111
1 0.720312 0.759028 0.00625 0.0222222
1 0.400781 0.913194 0.015625 0.0208333
0 0.833594 0.0208333 0.0078125 0.0159722
1 0.645312 0.7125 0.00703125 0.0263889
0 0.879687 0.041059 0.009375 0.0178819
0 0.639453 0.0272135 0.0109375 0.0497396
0 0.792188 0.428819 0.009375 0.0305556
0 0.795313 0.484722 0.00625 0.0263889
1 0.704687 0.487153 0.00625 0.025
0 0.683594 0.815972 0.009375 0.0569444
0 0.610156 0.401389 0.0101562 0.0763889
1 0.795313 0.00368924 0.00625 0.00737847
0 0.0171875 0.663194 0.0124023 0.0229167
0 0.297656 0.75625 0.009375 0.025
0 0.984375 0.479167 0.009375 0.0256944
1 0.428906 0.557986 0.0109375 0.0118056
1 0.138477 0.0292535 0.00820312 0.0222222
1 0.258398 0.511806 0.0160156 0.0125
0 0.258398 0.511806 0.0160156 0.0125
0 0.496094 0.663889 0.0117188 0.0194444
1 0.414062 0.0332031 0.0125 0.0250868
0 0.873438 0.5625 0.0125 0.0180556
0 0.783594 0.157465 0.009375 0.0618056
0 0.728516 0.546528 0.0328125 0.0597222
0 0.76875 0.621528 0.00703125 0.0215278
0 0.539062 0.0207031 0.0125 0.0394965
0 0.64375 0.0321615 0.009375 0.0643229
0 0.78125 0.112413 0.0078125 0.0230903
0 0.489062 0.577778 0.025 0.01875
0 0.420312 0.04375 0.015625 0.0319444
0 0.7625 0.119097 0.009375 0.0220486
0 0.696875 0.403472 0.00859375 0.0208333
0 0.720312 0.759028 0.00625 0.0222222
0 0.85625 0.642361 0.0125 0.0125
1 0.399609 0.765278 0.0140625 0.0305556
0 0.708203 0.017296 0.009375 0.034592
1 0.959375 0.698611 0.0125 0.025
0 0.4125 0.169271 0.0078125 0.0173611
1 0.584375 0.534028 0.0078125 0.0263889
0 0.809375 0.623264 0.009375 0.0180556
0 0.860937 0.699306 0.015625 0.0513889
1 0.330859 0.663194 0.0078125 0.0152778
0 0.815625 0.426736 0.0125 0.0138889
0 0.689844 0.917361 0.0257812 0.163889
0 0.714063 0.559028 0.0171875 0.0444444
1 0.420312 0.534028 0.0101562 0.0131944
1 0.879687 0.041059 0.009375 0.0178819
0 0.84375 0.661806 0.009375 0.0194444
1 0.971875 0.798611 0.03125 0.0319444
0 0.0545898 0.799306 0.00839844 0.0263889
0 0.0450195 0.600347 0.0294922 0.0243056
0 0.399609 0.7625 0.0132813 0.025
0 0.755859 1 0.0304688 0
0 0.68125 0.434028 0.0078125 0.0402778
0 0.422656 0.558333 0.0109375 0.0111111
0 0.141016 0.0161892 0.00742187 0.0181424
1 0.83125 0.553472 0.0109375 0.0152778
0 0.692969 0.967014 0.015625 0.0659722
0 0.75 0.0289931 0.0148437 0.0579861
1 0.864062 0.657292 0.028125 0.0256944
0 0.344531 0.69375 0.0121094 0.0152778
1 0.819531 0.688889 0.0109375 0.0402778
1 0.857813 0.629167 0.0125 0.025
1 0.977344 0.804861 0.0359375 0.0305556
1 0.127637 0.508333 0.00957031 0.0159722
1 0.308008 0.748611 0.0152344 0.0222222
0 0.399219 0.709722 0.0140625 0.0194444
0 0.509375 0.569444 0.0117188 0.0291667
0 0.00522461 0.690278 0.00810547 0.0194444
1 0.821875 0.552778 0.009375 0.0166667
1 0.389062 0.522917 0.0125 0.0131944
1 0.821094 0.700694 0.009375 0.0347222
0 0.814062 0.444097 0.015625 0.0277778
0 0.733594 0.977778 0.0078125 0.0402778
1 0.149219 0.509722 0.0132813 0.0166667
1 0.113867 0.0341146 0.00976562 0.0178819
0 0.642969 0.0266493 0.0078125 0.0532986
0 0.127637 0.508333 0.00957031 0.0159722
0 0.340039 0.702083 0.0113281 0.0222222
0 0.492969 0.132639 0.009375 0.0170139
1 0.0227539 0.557639 0.0109375 0.0125
0 0.632031 0.412153 0.0421875 0.0694444
1 0.17832 0.615625 0.0101562 0.0173611
0 0.783594 0.379167 0.0078125 0.0208333
1 0.53125 0.661111 0.0078125 0.0319444
1 0.503125 0.708333 0.0359375 0.0555556
1 0.509375 0.569444 0.0117188 0.0291667
1 0.113477 0.0776042 0.00898437 0.01875
1 0.759766 0.115451 0.0101562 0.0229167
0 0.110937 0.579861 0.0121094 0.0125
0 0.497266 0.648958 0.009375 0.0208333
1 0.860937 0.699306 0.015625 0.0513889
0 0.0277222 0.555556 0.0152588 0.0138889
1 0.439063 0.566667 0.0125 0.0111111
1 0.815625 0.65625 0.0125 0.0444444
0 0.409766 0.177431 0.00859375 0.0177083
1 0.532031 0.58125 0.0078125 0.0236111
1 0.817187 0.646875 0.009375 0.0277778
1 0.884375 0.615278 0.015625 0.0222222
0 0.152246 0.510069 0.0107422 0.0166667
1 0.98125 0.553472 0.0125 0.0125
0 0.138477 0.0292535 0.00820312 0.0222222
0 0.864844 0.698611 0.0140625 0.0486111
2 0.849805 0.298958 0.300391 0.527778
0 0.00712891 0.515972 0.0123047 0.0138889
1 0.295117 0.865972 0.00898437 0.0125
0 0.782812 0.965278 0.009375 0.0361111
1 0.50625 0.646528 0.009375 0.025
0 0.766406 0.708333 0.009375 0.0444444
0 0.7875 0.167014 0.0125 0.0409722
0 0.508594 0.316319 0.0148437 0.0729167
0 0.807813 0.593056 0.009375 0.0340278
0 0.510938 0.0861111 0.00859375 0.0270833
1 0.285742 0.831944 0.0113281 0.0222222
0 0.120117 0.579861 0.0269531 0.0125
1 0.816406 0.452778 0.0109375 0.0381944
2 0.846484 0.229861 0.307031 0.459722
0 0.745313 0.623611 0.0078125 0.01875
0 0.93125 0.169444 0.01875 0.01875
0 0.680859 0.415972 0.0078125 0.0361111
0 0.757422 0.984722 0.0273438 0.0277778
0 0.113867 0.0341146 0.00976562 0.0178819
0 0.970312 0.804861 0.021875 0.0291667
1 0.414062 0.523264 0.0109375 0.0159722
0 0.764063 0.130556 0.0140625 0.0236111
1 0.93125 0.169444 0.01875 0.01875
1 0.535937 0.651389 0.015625 0.0333333
1 0.859375 0.468056 0.009375 0.00833333
