0 0.406641 0.751389 0.0140625 0.0527778
0 0.442187 0.0820312 0.015625 0.0546875
0 0.559375 0.209028 0.0132813 0.0583333
0 0.439063 0.240972 0.0179687 0.0513889
0 0.400781 0.574306 0.0164062 0.0527778
0 0.454297 0.611806 0.0148437 0.05625
0 0.696875 0.622569 0.2 0.247917
0 0.432031 0.641667 0.0140625 0.05
0 0.534375 0.977778 0.0125 0.0416667
0 0.463672 0.0828993 0.015625 0.0513889
0 0.413281 0.303819 0.015625 0.0548611
0 0.557031 0.786806 0.0125 0.0458333
0 0.4625 0.386806 0.0132813 0.0513889
1 0.0396973 0.508333 0.0175781 0.025
0 0.453125 0.979861 0.0140625 0.0375
0 0.482422 0.0459201 0.0078125 0.0213542
0 0.432813 0.986111 0.0125 0.0277778
0 0.377246 0.0774306 0.0330078 0.154861
0 0.410156 0.751389 0.0234375 0.0555556
1 0.0361328 0.509028 0.0242187 0.0277778
1 0.145898 0.0289497 0.00742187 0.0215278
0 0.376953 0.101194 0.0132813 0.101085
1 0.107227 0.636458 0.0140625 0.025
0 0.536328 0.977778 0.0195312 0.0430556
0 0.370703 0.599306 0.0125 0.0527778
1 0.432813 0.986111 0.0125 0.0277778
1 0.0378906 0.446875 0.0179687 0.0215278
0 0.453906 0.979167 0.0203125 0.0361111
1 0.10957 0.633681 0.015625 0.0270833
1 0.096582 0.531944 0.0171875 0.0263889
0 0.00759277 0.174132 0.0120605 0.021875
0 0.586719 0.170139 0.009375 0.0197917
1 0.267578 0.21875 0.0109375 0.0305556
0 0.378906 0.231424 0.00625 0.0451389
1 0.113672 0.629514 0.0207031 0.0284722
0 0.582812 0.579861 0.00859375 0.0222222
1 0.0520508 0.511111 0.0191406 0.0270833
0 0.369922 0.579167 0.0125 0.01875
1 0.265625 0.211458 0.0121094 0.0270833
1 0.109375 0.241667 0.00976562 0.0173611
0 0.48125 0.425694 0.009375 0.0152778
1 0.233203 0.207292 0.0105469 0.0232639
0 0.374023 0.0769965 0.0207031 0.153993
1 0.146387 0.0367622 0.009375 0.0293403
0 0.376953 0.11467 0.015625 0.0800347
0 0.379687 0.237153 0.00625 0.0416667
1 0.61875 0.551736 0.0132813 0.0298611
1 0.453125 0.979861 0.0140625 0.0375
1 0.704687 0.756944 0.015625 0.0305556
0 0.357422 0.0255425 0.0078125 0.0510851
1 0.240625 0.601389 0.0164062 0.025
0 0.378516 0.0648003 0.0109375 0.129601
1 0.243359 0.619444 0.0210938 0.0166667
0 0.377246 0.128038 0.0142578 0.0539931
1 0.369531 0.374306 0.009375 0.0152778
1 0.48125 0.425694 0.009375 0.0152778
0 0.374023 0.130729 0.0136719 0.05
0 0.384375 0.805556 0.009375 0.0611111
1 0.0581055 0.224306 0.0100586 0.0204861
0 0.394922 0.356944 0.00703125 0.01875
1 0.369922 0.579167 0.0125 0.01875
1 0.0830078 0.578819 0.0136719 0.0152778
1 0.0192383 0.510417 0.0173828 0.025
1 0.582812 0.579861 0.00859375 0.0222222
0 0.357031 0.0368056 0.0078125 0.0736111
0 0.304688 0.509028 0.08125 0.0493056
1 0.163672 0.0374132 0.00957031 0.0217014
0 0.3875 0.806944 0.0125 0.0638889
1 0.241406 0.0198351 0.00859375 0.0190104
0 0.591797 0.0848958 0.025 0.169792
1 0.23125 0.241319 0.0109375 0.0201389
1 0.287891 0.299479 0.0105469 0.0246528
0 0.0857422 0.263889 0.0175781 0.0194444
1 0.00947266 0.509028 0.0179687 0.0236111
1 0.135352 0.180729 0.0160156 0.0270833
1 0.319922 0.248611 0.00898437 0.0180556
1 0.267188 0.238889 0.0101562 0.0173611
1 0.0835937 0.645486 0.0144531 0.0277778
1 0.452344 0.981944 0.01875 0.0361111
1 0.119238 0.413194 0.015625 0.0305556
1 0.215625 0.244097 0.0101562 0.0243056
1 0.0090332 0.536458 0.0140625 0.0208333
1 0.03125 0.2875 0.0124023 0.0180556
1 0.607031 0.537847 0.0109375 0.0145833
0 0.375391 0.099566 0.0179687 0.111285
0 0.39375 0.0967882 0.0078125 0.102951
1 0.271289 0.211458 0.0167969 0.0284722
1 0.283203 0.55625 0.0125 0.0138889
1 0.207813 0.241319 0.0109375 0.0229167
0 0.458594 0.415972 0.009375 0.0180556
1 0.710547 0.736111 0.01875 0.0166667
1 0.0698242 0.296528 0.0126953 0.0211806
1 0.152148 0.621528 0.0242187 0.0291667
0 0.00544434 0.0160156 0.00830078 0.0241319
0 0.267578 0.21875 0.0109375 0.0305556
1 0.0857422 0.263889 0.0175781 0.0194444
1 0.716406 0.734722 0.0171875 0.0194444
1 0.231836 0.313715 0.00546875 0.0163194
1 0.1125 0.634028 0.0248047 0.0319444
0 0.0220215 0.286806 0.0249023 0.0243056
0 0.364453 0.7875 0.0117188 0.025
0 0.583203 0.205035 0.0109375 0.0729167
1 0.133984 0.192188 0.0160156 0.03125
1 0.609375 0.552778 0.015625 0.0347222
0 0.0195557 0.202778 0.00859375 0.0163194
1 0.0880859 0.645139 0.0136719 0.0305556
0 0.364844 0.899306 0.0195312 0.198611
0 0.369531 0.374306 0.009375 0.0152778
1 0.119141 0.407292 0.0160156 0.0256944
1 0.214844 0.203125 0.0105469 0.0288194
1 0.219531 0.286111 0.00742187 0.0180556
0 0.379687 0.0260417 0.00859375 0.0520833
0 0.371484 0.155208 0.0078125 0.0121528
1 0.238281 0.603125 0.0167969 0.0270833
0 0.451562 0.615625 0.01875 0.0631944
1 0.0941406 0.0916667 0.009375 0.0173611
1 0.212891 0.206597 0.0117188 0.0256944
0 0.36875 0.916667 0.00859375 0.0861111
0 0.145898 0.0289497 0.00742187 0.0215278
0 0.390234 0.804167 0.0109375 0.0611111
0 0.584375 0.179514 0.0109375 0.0302083
0 0.582812 0.590972 0.009375 0.0402778
0 0.371094 0.623264 0.0125 0.0979167
0 0.369141 0.811111 0.00703125 0.0555556
1 0.239063 0.0294271 0.00820312 0.0253472
1 0.19707 0.240625 0.0117188 0.0201389
1 0.170117 0.229861 0.0113281 0.0229167
1 0.238477 0.61875 0.0183594 0.0152778
1 0.166602 0.046441 0.00898437 0.01875
0 0.233203 0.207292 0.0105469 0.0232639
0 0.543359 0.977778 0.034375 0.0444444
1 0.132031 0.113194 0.0101562 0.0197917
1 0.00842285 0.548611 0.0121582 0.0236111
0 0.00600586 0.286806 0.00830078 0.0239583
1 0.489062 0.423264 0.015625 0.0138889
1 0.220313 0.334375 0.0109375 0.0263889
0 0.00593262 0.224653 0.0081543 0.0180556
1 0.137305 0.178646 0.0160156 0.0298611
1 0.0383301 0.210417 0.0114258 0.0215278
1 0.366602 0.776389 0.009375 0.0152778
1 0.0960938 0.547222 0.0191406 0.025
1 0.0353516 0.513889 0.0689453 0.0319444
1 0.142969 0.25 0.00898437 0.0215278
1 0.0195557 0.202778 0.00859375 0.0163194
1 0.0304688 0.603125 0.0138672 0.0215278
1 0.195703 0.0681424 0.0101562 0.0199653
1 0.754297 0.596528 0.0179687 0.0284722
1 0.281641 0.215625 0.0140625 0.0277778
0 0.592969 0.081684 0.015625 0.160938
0 0.03125 0.2875 0.0124023 0.0180556
0 0.369531 0.361111 0.00703125 0.0236111
0 0.609375 0.552778 0.015625 0.0347222
1 0.195703 0.203299 0.0101562 0.025
1 0.4625 0.384722 0.015625 0.0513889
1 0.0438477 0.179514 0.0103516 0.0159722
1 0.036084 0.300174 0.012207 0.0190972
0 0.6875 0.599306 0.220313 0.348611
0 0.371875 0.178472 0.00859375 0.0427083
1 0.232422 0.219271 0.0109375 0.0333333
1 0.400781 0.574306 0.0164062 0.0527778
1 0.282813 0.210417 0.0175781 0.0243056
1 0.132617 0.0392361 0.00859375 0.0232639
1 0.181641 0.090625 0.0109375 0.0161458
1 0.179688 0.0639757 0.0113281 0.0241319
1 0.0704102 0.305729 0.0119141 0.0204861
0 0.00822754 0.203819 0.0120605 0.0253472
0 0.481641 0.0808811 0.0078125 0.0535156
0 0.00661621 0.1125 0.00693359 0.0145833
0 0.0581055 0.224306 0.0100586 0.0204861
1 0.0343262 0.51875 0.0628906 0.025
1 0.194336 0.46875 0.0113281 0.0125
1 0.213281 0.125 0.0109375 0.0243056
1 0.0609375 0.213889 0.0107422 0.0236111
1 0.0418457 0.315972 0.00927734 0.0201389
0 0.37168 0.54375 0.0105469 0.0513889
1 0.0875 0.257118 0.0125 0.0180556
1 0.150781 0.637153 0.0230469 0.0229167
0 0.367188 0.934722 0.0109375 0.105556
1 0.236328 0.208681 0.0128906 0.025
0 0.109375 0.241667 0.00976562 0.0173611
1 0.628125 0.659375 0.0203125 0.0451389
1 0.236719 0.252083 0.0109375 0.0215278
0 0.00910645 0.0639757 0.011377 0.0178819
1 0.211133 0.203472 0.0148437 0.0291667
1 0.250781 0.620486 0.0257812 0.0152778
1 0.369531 0.361111 0.00703125 0.0236111
0 0.00766602 0.397569 0.0114258 0.0243056
1 0.280664 0.209028 0.0152344 0.0256944
0 0.691406 0.665278 0.210938 0.345833
1 0.169727 0.235069 0.0117188 0.0253472
0 0.365234 0.883333 0.025 0.230556
1 0.0841797 0.0928819 0.0113281 0.0177083
0 0.0698242 0.296528 0.0126953 0.0211806
1 0.0122803 0.494097 0.0205566 0.0215278
0 0.00568848 0.242361 0.00766602 0.0190972
1 0.137793 0.194097 0.0154297 0.0319444
0 0.435937 0.288194 0.0234375 0.0854167
0 0.367969 0.610069 0.0195312 0.0833333
1 0.0116699 0.533333 0.0178711 0.0166667
0 0.553125 0.786806 0.0203125 0.0472222
1 0.196289 0.317014 0.00976562 0.0229167
0 0.0830078 0.578819 0.0136719 0.0152778
0 0.394141 0.0813368 0.0078125 0.162674
0 0.00947266 0.509028 0.0179687 0.0236111
1 0.0653809 0.3 0.0134766 0.0201389
0 0.0101074 0.170833 0.0120117 0.0243056
0 0.146387 0.0367622 0.009375 0.0293403
1 0.0101074 0.170833 0.0120117 0.0243056
1 0.432031 0.641667 0.0140625 0.05
0 0.434375 0.635069 0.0234375 0.0645833
1 0.0599609 0.490625 0.0162109 0.0138889
1 0.0325195 0.529167 0.0220703 0.0166667
1 0.213281 0.251389 0.0109375 0.0256944
1 0.458594 0.415972 0.009375 0.0180556
1 0.0759766 0.528472 0.0287109 0.0201389
1 0.0871094 0.65 0.0101562 0.0236111
0 0.23125 0.241319 0.0109375 0.0201389
1 0.305859 0.824306 0.0078125 0.0166667
0 0.607813 0.660069 0.0140625 0.0520833
0 0.663672 0.599306 0.269531 0.284722
1 0.267188 0.489931 0.0109375 0.0201389
1 0.116895 0.244792 0.0101562 0.0194444
1 0.25625 0.471528 0.0125 0.0166667
1 0.224023 0.55625 0.0152344 0.0138889
1 0.263672 0.169444 0.0132813 0.0208333
1 0.249219 0.602778 0.0351562 0.0305556
1 0.0600586 0.4875 0.120117 0.0458333
0 0.0117188 0.175694 0.0207031 0.0225694
0 0.378125 0.210764 0.009375 0.0826389
0 0.689844 0.71684 0.229687 0.519097
1 0.27168 0.13776 0.0105469 0.0178819
0 0.376953 0.880556 0.046875 0.233333
1 0.0574219 0.529514 0.0210938 0.0152778
0 0.0557617 0.492361 0.109961 0.0604167
1 0.106055 0.353472 0.0113281 0.0138889
1 0.386328 0.798611 0.0125 0.0611111
1 0.133008 0.0305556 0.00820312 0.0241319
0 0.0210449 0.266319 0.0207031 0.0236111
1 0.076001 0.515972 0.0288574 0.0208333
0 0.366602 0.776389 0.009375 0.0152778
1 0.24375 0.205556 0.0121094 0.0204861
1 0.299219 0.265278 0.0148437 0.0225694
1 0.14043 0.0328125 0.0132813 0.0246528
1 0.137305 0.171007 0.0109375 0.0222222
0 0.214844 0.203125 0.0105469 0.0288194
1 0.621094 0.544792 0.01875 0.0256944
0 0.152148 0.622569 0.0238281 0.0277778
1 0.394922 0.356944 0.00703125 0.01875
1 0.482422 0.0459201 0.0078125 0.0213542
0 0.277539 0.511111 0.138672 0.0881944
1 0.10332 0.403472 0.0117188 0.0180556
1 0.0222656 0.604167 0.0183594 0.0194444
1 0.217969 0.0904514 0.00859375 0.0170139
1 0.64375 0.655556 0.015625 0.0444444
1 0.607031 0.6875 0.0125 0.00833333
1 0.144727 0.290278 0.009375 0.0180556
0 0.0368164 0.446181 0.0205078 0.0208333
0 0.386328 0.798611 0.0125 0.0611111
1 0.0884766 0.29809 0.0121094 0.0190972
0 0.586719 0.0871311 0.0203125 0.168099
1 0.0666992 0.484722 0.0115234 0.0166667
1 0.630469 0.540972 0.0125 0.0236111
1 0.406641 0.751389 0.0140625 0.0527778
0 0.484375 0.0399306 0.0125 0.0256944
0 0.585938 0.201736 0.0164062 0.0673611
1 0.2875 0.253819 0.0109375 0.0173611
1 0.0440918 0.529514 0.0186523 0.0208333
0 0.232422 0.219271 0.0109375 0.0333333
0 0.377734 0.333941 0.009375 0.0626736
0 0.582812 0.616667 0.00859375 0.0840278
1 0.364453 0.7875 0.0117188 0.025
0 0.00883789 0.272049 0.0136719 0.0260417
0 0.0090332 0.536458 0.0140625 0.0208333
1 0.269531 0.44375 0.021875 0.0208333
1 0.0976562 0.519097 0.0175781 0.0201389
0 0.0193359 0.0609375 0.0126953 0.0173611
0 0.271289 0.211458 0.0167969 0.0284722
1 0.239063 0.607986 0.0148437 0.0277778
0 0.448047 0.982639 0.0195312 0.0347222
0 0.179688 0.0639757 0.0113281 0.0241319
0 0.373242 0.0543403 0.0144531 0.108681
0 0.00664063 0.134549 0.00869141 0.0177083
1 0.303125 0.266319 0.0101562 0.0243056
0 0.369531 0.870833 0.0078125 0.0611111
0 0.365625 0.969444 0.0125 0.05
0 0.261328 0.443056 0.0304688 0.0215278
1 0.0283081 0.273958 0.0119385 0.0291667
1 0.108301 0.0474826 0.00996094 0.0175347
0 0.367383 0.808333 0.00859375 0.0527778
0 0.550391 0.974306 0.040625 0.0430556
0 0.207813 0.241319 0.0109375 0.0229167
1 0.00759277 0.174132 0.0120605 0.021875
0 0.135352 0.180729 0.0160156 0.0270833
1 0.283984 0.288889 0.009375 0.0173611
0 0.357812 0.0740451 0.0109375 0.14809
0 0.370703 0.39375 0.0109375 0.0472222
1 0.371484 0.155208 0.0078125 0.0121528
0 0.380469 0.347222 0.0078125 0.0465278
1 0.0978516 0.400347 0.0113281 0.0145833
0 0.592969 0.0634549 0.0109375 0.124826
0 0.406641 0.751389 0.0140625 0.0527778
0 0.442187 0.0820312 0.015625 0.0546875
0 0.559375 0.209028 0.0132813 0.0583333
0 0.439063 0.240972 0.0179687 0.0513889
0 0.400781 0.574306 0.0164062 0.0527778
0 0.454297 0.611806 0.0148437 0.05625
0 0.696875 0.622569 0.2 0.247917
0 0.431641 0.641667 0.0132813 0.05
0 0.463672 0.0829861 0.015625 0.0513889
0 0.534375 0.977778 0.0125 0.0416667
0 0.413281 0.303819 0.015625 0.0548611
0 0.557031 0.786806 0.0125 0.0458333
0 0.4625 0.386806 0.0132813 0.0513889
1 0.0397461 0.508333 0.0175781 0.025
0 0.453125 0.979861 0.0140625 0.0375
0 0.482422 0.0458767 0.0078125 0.021441
0 0.432813 0.986111 0.0125 0.0277778
0 0.377246 0.0774306 0.0330078 0.154861
0 0.410156 0.751389 0.0234375 0.0555556
1 0.0361328 0.509028 0.0242187 0.0277778
1 0.145898 0.0289931 0.00742187 0.0215278
0 0.376953 0.101194 0.0132813 0.101085
1 0.107227 0.636458 0.0140625 0.025
0 0.536328 0.977778 0.0195312 0.0430556
0 0.370703 0.599306 0.0125 0.0527778
1 0.432813 0.986111 0.0125 0.0277778
1 0.0378906 0.446875 0.0179687 0.0215278
0 0.453906 0.979167 0.0203125 0.0361111
1 0.096582 0.531944 0.0171875 0.0263889
1 0.10957 0.633681 0.0158203 0.0270833
0 0.00759277 0.173958 0.0120605 0.0215278
0 0.586719 0.170139 0.0101562 0.0197917
1 0.267578 0.21875 0.0109375 0.0305556
0 0.378906 0.231424 0.00625 0.0451389
1 0.113672 0.629514 0.0207031 0.0284722
0 0.582812 0.579861 0.00859375 0.0222222
1 0.052002 0.511111 0.0192383 0.0270833
0 0.369922 0.579167 0.0125 0.01875
1 0.265625 0.211458 0.0121094 0.0267361
1 0.109375 0.241667 0.00976562 0.0173611
0 0.48125 0.425347 0.009375 0.0152778
1 0.233203 0.207292 0.0101562 0.0232639
0 0.374023 0.0769965 0.0207031 0.153993
1 0.146387 0.0368056 0.009375 0.0293403
0 0.376953 0.11467 0.015625 0.0800347
1 0.453125 0.979861 0.0140625 0.0375
0 0.379687 0.237153 0.00625 0.0416667
1 0.61875 0.551736 0.0132813 0.0298611
1 0.704687 0.756944 0.015625 0.0305556
0 0.357422 0.0255642 0.0078125 0.0511285
1 0.240625 0.601389 0.0164062 0.025
0 0.378516 0.0647569 0.0109375 0.129514
1 0.48125 0.425347 0.009375 0.0152778
1 0.243359 0.619444 0.0210938 0.0166667
0 0.377246 0.127951 0.0142578 0.0541667
1 0.369531 0.374306 0.00898437 0.0152778
0 0.374023 0.130729 0.0136719 0.05
0 0.384375 0.805556 0.009375 0.0611111
1 0.0580566 0.224306 0.0100586 0.0201389
0 0.394922 0.356944 0.00703125 0.01875
1 0.369922 0.579167 0.0125 0.01875
1 0.0830078 0.578819 0.0136719 0.0152778
1 0.0193359 0.510417 0.0173828 0.025
1 0.582812 0.579861 0.00859375 0.0222222
0 0.357031 0.0368056 0.0078125 0.0736111
0 0.304688 0.509028 0.08125 0.0493056
0 0.591797 0.0848958 0.025 0.169792
0 0.3875 0.806944 0.0125 0.0638889
1 0.163672 0.0373698 0.00957031 0.0217882
1 0.241406 0.0198893 0.00859375 0.0190755
1 0.23125 0.241319 0.0109375 0.0201389
1 0.287891 0.299479 0.0105469 0.0246528
1 0.00947266 0.509028 0.0179687 0.0236111
1 0.135352 0.180903 0.0160156 0.0270833
0 0.0857422 0.263889 0.0175781 0.0194444
1 0.319922 0.248611 0.00898437 0.0180556
1 0.267188 0.238889 0.0101562 0.0173611
1 0.0835937 0.645486 0.0144531 0.0277778
1 0.452344 0.981944 0.01875 0.0361111
1 0.119141 0.413194 0.015625 0.0305556
1 0.215625 0.244097 0.0101562 0.0243056
1 0.03125 0.287326 0.0123047 0.0180556
1 0.00905762 0.536458 0.0140625 0.0208333
1 0.607031 0.537847 0.0109375 0.0145833
1 0.283203 0.55625 0.0125 0.0138889
1 0.271289 0.211458 0.0167969 0.0284722
0 0.375391 0.0994792 0.0179687 0.111458
0 0.39375 0.0967882 0.0078125 0.102951
1 0.207813 0.241319 0.0109375 0.0229167
0 0.458594 0.415972 0.009375 0.0180556
1 0.0698242 0.296528 0.0126953 0.0211806
1 0.710547 0.736111 0.01875 0.0166667
1 0.152148 0.621528 0.0242187 0.0291667
0 0.267578 0.21875 0.0109375 0.0305556
0 0.00544434 0.016059 0.00830078 0.0241319
1 0.0857422 0.263889 0.0175781 0.0194444
1 0.231836 0.313715 0.00546875 0.0163194
1 0.716406 0.734722 0.0171875 0.0194444
1 0.1125 0.634028 0.0246094 0.0326389
0 0.0220703 0.286806 0.0249023 0.0243056
1 0.134082 0.192361 0.0162109 0.03125
0 0.364453 0.7875 0.0117188 0.025
0 0.583203 0.205035 0.0109375 0.0729167
0 0.0195312 0.202778 0.00859375 0.0163194
1 0.609375 0.552778 0.015625 0.0347222
1 0.0880859 0.645139 0.0136719 0.0305556
0 0.364648 0.899306 0.0195312 0.198611
1 0.219531 0.286111 0.00742187 0.0180556
1 0.119141 0.407292 0.0160156 0.0256944
0 0.369531 0.374306 0.00898437 0.0152778
1 0.214844 0.203125 0.0105469 0.0291667
0 0.379687 0.0260417 0.00859375 0.0520833
0 0.371484 0.155208 0.0078125 0.0121528
1 0.238281 0.603125 0.0167969 0.0270833
1 0.212891 0.206597 0.0117188 0.0256944
1 0.0941406 0.0916667 0.009375 0.0175347
0 0.451562 0.615625 0.01875 0.0631944
0 0.36875 0.916667 0.00859375 0.0861111
0 0.371094 0.623611 0.0125 0.0986111
0 0.145898 0.0289931 0.00742187 0.0215278
0 0.584375 0.179514 0.0101562 0.0302083
0 0.582812 0.590972 0.009375 0.0402778
0 0.390234 0.804167 0.0109375 0.0611111
1 0.19707 0.240799 0.0117188 0.0204861
0 0.369141 0.811111 0.00742187 0.0555556
1 0.132031 0.113194 0.0101562 0.0197917
0 0.233203 0.207292 0.0101562 0.0232639
1 0.170117 0.229861 0.0113281 0.0229167
1 0.239063 0.0294705 0.00820312 0.0255208
1 0.238477 0.61875 0.0183594 0.0152778
1 0.166602 0.046441 0.00898437 0.0189236
0 0.543359 0.977778 0.034375 0.0444444
1 0.489062 0.423264 0.015625 0.0138889
1 0.00842285 0.548611 0.0121582 0.0236111
0 0.00600586 0.286806 0.00830078 0.0239583
1 0.220313 0.334375 0.0109375 0.0263889
1 0.137305 0.178646 0.0160156 0.0298611
1 0.0382813 0.210417 0.0115234 0.0215278
0 0.00593262 0.224479 0.0081543 0.0184028
1 0.366602 0.776389 0.009375 0.0152778
1 0.0960938 0.547222 0.0191406 0.025
1 0.0352539 0.513889 0.0688477 0.0319444
1 0.142969 0.25 0.00898437 0.0215278
1 0.0195312 0.202778 0.00859375 0.0163194
1 0.0304688 0.603125 0.0138672 0.0215278
1 0.195703 0.0680556 0.0101562 0.0197917
1 0.754297 0.596528 0.0179687 0.0284722
0 0.592969 0.0817057 0.015625 0.160894
1 0.281641 0.215451 0.0140625 0.0277778
0 0.03125 0.287326 0.0123047 0.0180556
1 0.195703 0.203299 0.0101562 0.025
1 0.4625 0.384722 0.015625 0.0513889
0 0.609375 0.552778 0.015625 0.0347222
0 0.369531 0.361111 0.00703125 0.0236111
1 0.0361328 0.300174 0.012207 0.0190972
1 0.0438477 0.179514 0.0103516 0.0159722
0 0.687109 0.599306 0.221094 0.348611
0 0.371875 0.178472 0.00859375 0.0427083
1 0.232422 0.219271 0.0109375 0.0333333
1 0.181641 0.090625 0.0109375 0.0159722
1 0.400781 0.574306 0.0164062 0.0527778
1 0.282813 0.210417 0.0171875 0.0243056
1 0.179688 0.0639757 0.0113281 0.0241319
1 0.0704102 0.305729 0.0119141 0.0204861
1 0.132617 0.0391927 0.00859375 0.0231771
0 0.0580566 0.224306 0.0100586 0.0201389
0 0.481641 0.0809896 0.0078125 0.0536458
0 0.00825195 0.203819 0.0121094 0.025
1 0.0342651 0.51875 0.0627197 0.025
0 0.00661621 0.1125 0.00698242 0.0147569
1 0.194336 0.46875 0.0113281 0.0125
1 0.213281 0.125087 0.0109375 0.0241319
1 0.0609375 0.213889 0.0107422 0.0236111
1 0.0418457 0.315972 0.00927734 0.0201389
0 0.37168 0.54375 0.0105469 0.0513889
1 0.0875 0.257118 0.0125 0.0180556
1 0.150977 0.637153 0.0230469 0.0229167
1 0.236328 0.208681 0.0128906 0.025
0 0.109375 0.241667 0.00976562 0.0173611
1 0.628125 0.659375 0.0203125 0.0451389
0 0.367188 0.934722 0.0109375 0.105556
1 0.236719 0.25191 0.0109375 0.0215278
1 0.211133 0.203472 0.0148437 0.0291667
1 0.280664 0.209028 0.0152344 0.0256944
0 0.00915527 0.0639757 0.0114258 0.0178819
1 0.250781 0.620486 0.0257812 0.0152778
1 0.369531 0.361111 0.00703125 0.0236111
0 0.00771484 0.397569 0.0114258 0.0243056
1 0.169727 0.235069 0.0117188 0.0253472
0 0.691797 0.664583 0.210156 0.344444
0 0.365234 0.883333 0.025 0.230556
1 0.0841797 0.0928819 0.0113281 0.0178819
0 0.0698242 0.296528 0.0126953 0.0211806
1 0.0123047 0.494097 0.0205078 0.0215278
1 0.137793 0.194097 0.0154297 0.0319444
0 0.00571289 0.242361 0.00771484 0.0190972
1 0.196094 0.317014 0.0101562 0.0229167
0 0.0830078 0.578819 0.0136719 0.0152778
0 0.435937 0.288194 0.0234375 0.0854167
1 0.0117188 0.533333 0.0178711 0.0166667
0 0.553125 0.786806 0.0203125 0.0472222
0 0.367969 0.610417 0.0195312 0.0840278
0 0.394141 0.0813368 0.0078125 0.162674
1 0.0654297 0.299653 0.0134766 0.0201389
0 0.00947266 0.509028 0.0179687 0.0236111
0 0.0101074 0.170833 0.0120117 0.0243056
1 0.0101074 0.170833 0.0120117 0.0243056
0 0.146387 0.0368056 0.009375 0.0293403
1 0.431641 0.641667 0.0132813 0.05
0 0.434375 0.634722 0.0234375 0.0652778
1 0.213086 0.251389 0.0113281 0.0256944
1 0.0599609 0.490625 0.0162109 0.0138889
1 0.0325684 0.529167 0.0220703 0.0166667
1 0.458594 0.415972 0.009375 0.0180556
1 0.0758789 0.528472 0.0285156 0.0201389
1 0.0871094 0.65 0.0101562 0.0236111
0 0.23125 0.241319 0.0109375 0.0201389
1 0.305859 0.824306 0.0078125 0.0166667
0 0.607813 0.660069 0.0140625 0.0520833
1 0.116895 0.244792 0.0101562 0.0194444
1 0.267188 0.489931 0.0109375 0.0201389
0 0.663281 0.599653 0.270312 0.284028
1 0.25625 0.471528 0.0125 0.0166667
1 0.249219 0.602778 0.0351562 0.0305556
1 0.263672 0.169444 0.0132813 0.0208333
1 0.0597656 0.4875 0.119531 0.0458333
0 0.376953 0.880556 0.046875 0.233333
1 0.27168 0.137847 0.0105469 0.0177083
0 0.0117188 0.175694 0.0207031 0.0229167
0 0.378125 0.210764 0.009375 0.0826389
1 0.224023 0.55625 0.0152344 0.0138889
0 0.689844 0.715972 0.229687 0.519444
1 0.0574219 0.529861 0.0210938 0.0152778
1 0.386328 0.798611 0.0125 0.0611111
1 0.106055 0.353472 0.0113281 0.0138889
0 0.0557617 0.492361 0.10957 0.0597222
1 0.133008 0.0305556 0.00820312 0.0241319
1 0.076001 0.515972 0.0288574 0.0208333
0 0.0210938 0.266319 0.0207031 0.0236111
0 0.366602 0.776389 0.009375 0.0152778
1 0.137305 0.171007 0.0109375 0.0222222
1 0.140332 0.0328559 0.0132813 0.0244792
1 0.24375 0.205556 0.0121094 0.0201389
0 0.214844 0.203125 0.0105469 0.0291667
1 0.299023 0.265278 0.0148437 0.0225694
1 0.394922 0.356944 0.00703125 0.01875
1 0.482422 0.0458767 0.0078125 0.021441
1 0.621094 0.544792 0.01875 0.0256944
1 0.0223145 0.604167 0.0183594 0.0194444
0 0.152148 0.622569 0.0238281 0.0277778
1 0.103223 0.403472 0.0119141 0.0180556
1 0.64375 0.655556 0.015625 0.0444444
1 0.217969 0.0904514 0.00859375 0.0170139
1 0.144727 0.290278 0.009375 0.0180556
0 0.277539 0.511111 0.138672 0.0881944
1 0.607031 0.6875 0.0125 0.00833333
0 0.386328 0.798611 0.0125 0.0611111
1 0.0884766 0.29809 0.0121094 0.0190972
0 0.0368164 0.446181 0.0205078 0.0208333
0 0.586719 0.0871311 0.0203125 0.168099
1 0.0666992 0.484722 0.0115234 0.0166667
1 0.406641 0.751389 0.0140625 0.0527778
0 0.484375 0.0399306 0.0125 0.0256944
0 0.585938 0.201736 0.0164062 0.0673611
1 0.0440918 0.529514 0.0186523 0.0208333
1 0.630469 0.540972 0.0125 0.0236111
1 0.2875 0.253819 0.0109375 0.0173611
0 0.232422 0.219271 0.0109375 0.0333333
0 0.377734 0.333941 0.009375 0.0626736
0 0.582812 0.616667 0.00859375 0.0847222
1 0.364453 0.7875 0.0117188 0.025
1 0.269531 0.443403 0.021875 0.0208333
1 0.0976562 0.519097 0.0177734 0.0201389
0 0.271289 0.211458 0.0167969 0.0284722
0 0.0193359 0.0610243 0.0126953 0.0173611
0 0.00883789 0.272049 0.0137695 0.0260417
1 0.239063 0.607986 0.0152344 0.0277778
0 0.00905762 0.536458 0.0140625 0.0208333
0 0.448438 0.982639 0.01875 0.0347222
0 0.179688 0.0639757 0.0113281 0.0241319
0 0.373242 0.0542535 0.0144531 0.108507
0 0.369531 0.870833 0.0078125 0.0611111
0 0.00664063 0.134549 0.00869141 0.0178819
1 0.303125 0.266319 0.0101562 0.0243056
0 0.365625 0.969444 0.0125 0.05
1 0.0283081 0.273785 0.0119385 0.0288194
1 0.108301 0.0474826 0.00996094 0.0175347
0 0.367188 0.808333 0.00859375 0.0527778
0 0.261328 0.443056 0.0304688 0.0222222
0 0.550391 0.974306 0.040625 0.0430556
0 0.135352 0.180903 0.0160156 0.0270833
1 0.00759277 0.173958 0.0120605 0.0215278
0 0.207813 0.241319 0.0109375 0.0229167
1 0.283984 0.288889 0.009375 0.0173611
0 0.357812 0.0739583 0.0109375 0.147917
0 0.370703 0.394097 0.0109375 0.0472222
1 0.371484 0.155208 0.0078125 0.0121528
1 0.0978516 0.400347 0.0113281 0.0145833
0 0.592969 0.0633681 0.0109375 0.124653
1 0.0469727 0.243924 0.0169922 0.0145833
