1 0.566406 0.508333 0.0328125 0.0590278
1 0.307422 0.180208 0.01875 0.0440972
1 0.194531 0.112674 0.015625 0.0430556
1 0.394531 0.490972 0.0171875 0.0333333
1 0.592969 0.276736 0.0164062 0.0361111
1 0.191602 0.180035 0.0261719 0.0819444
1 0.383203 0.688194 0.0914062 0.2375
1 0.582031 0.45625 0.0359375 0.0583333
1 0.675781 0.657292 0.0359375 0.0590278
1 0.607031 0.641667 0.065625 0.195833
1 0.316016 0.189236 0.0164062 0.0447917
1 0.156152 0.178819 0.0142578 0.0413194
1 0.179736 0.111632 0.0170898 0.0364583
1 0.423438 0.487153 0.021875 0.0354167
1 0.532031 0.0168511 0.015625 0.0329644
1 0.310937 0.184028 0.0253906 0.0479167
1 0.193945 0.118663 0.01875 0.0588542
1 0.350391 0.9 0.108594 0.183333
1 0.44375 0.6 0.034375 0.0666667
1 0.586719 0.302431 0.0296875 0.0833333
1 0.268164 0.0385417 0.0128906 0.0243056
1 0.407813 0.588889 0.053125 0.101389
1 0.737109 0.580556 0.03125 0.0736111
1 0.525781 0.471528 0.0296875 0.0972222
1 0.578906 0.316146 0.025 0.0579861
1 0.482031 0.711111 0.04375 0.0986111
1 0.291211 0.0695964 0.01875 0.0312934
1 0.572656 0.311111 0.0234375 0.0520833
1 0.671094 0.597222 0.021875 0.075
1 0.111035 0.210938 0.0351562 0.0510417
1 0.570312 0.5 0.0328125 0.05
1 0.839844 0.852778 0.0265625 0.0444444
1 0.477344 0.731944 0.0828125 0.0666667
1 0.425391 0.486111 0.0164062 0.0319444
1 0.592188 0.281771 0.0195312 0.0444444
1 0.40625 0.488194 0.0328125 0.0416667
1 0.545313 0.304861 0.0195312 0.0506944
1 0.268164 0.0389323 0.0175781 0.0290799
1 0.551562 0.295486 0.01875 0.0479167
1 0.476172 0.712674 0.0796875 0.102431
1 0.548437 0.294792 0.0171875 0.0451389
1 0.453125 0.738194 0.034375 0.0541667
1 0.566406 0.554167 0.028125 0.0305556
1 0.484375 0.252257 0.0117188 0.0381944
1 0.380859 0.648958 0.0835937 0.154861
1 0.480078 0.699306 0.0359375 0.0763889
1 0.483594 0.74566 0.0921875 0.164236
1 0.68125 0.642361 0.046875 0.123611
1 0.13584 0.106424 0.0517578 0.0458333
1 0.156836 0.168576 0.0140625 0.0440972
1 0.817187 0.981944 0.01875 0.0361111
1 0.193945 0.0210178 0.0183594 0.0388672
1 0.735937 0.425694 0.0484375 0.166667
1 0.420703 0.549306 0.0492188 0.165278
1 0.197656 0.702778 0.0140625 0.0361111
1 0.476562 0.740278 0.078125 0.0916667
1 0.166992 0.182118 0.0355469 0.0892361
1 0.93125 0.307986 0.01875 0.028125
1 0.58125 0.302431 0.0421875 0.08125
1 0.815625 0.933333 0.015625 0.0527778
1 0.118164 0.213889 0.0566406 0.0659722
1 0.421094 0.592361 0.0828125 0.113889
1 0.605469 0.463889 0.01875 0.0472222
1 0.410156 0.495833 0.046875 0.0611111
1 0.74375 0.755556 0.0265625 0.0416667
1 0.558594 0.306597 0.025 0.0548611
1 0.685547 0.66875 0.0570313 0.0805556
1 0.572656 0.306944 0.01875 0.0520833
0 0.735937 0.425694 0.0484375 0.166667
1 0.817187 0.929167 0.015625 0.0361111
1 0.518359 0.316319 0.0703125 0.0756944
1 0.448438 0.612847 0.0460938 0.0868056
1 0.169531 0.176042 0.0226563 0.0881944
1 0.404687 0.479167 0.0171875 0.0472222
1 0.447656 0.793056 0.0421875 0.075
1 0.202734 0.315278 0.0257812 0.0534722
1 0.160352 0.196181 0.0228516 0.0645833
1 0.194531 0.104861 0.0164062 0.0559028
1 0.206641 0.772222 0.0171875 0.025
1 0.567187 0.526389 0.0296875 0.0875
1 0.185156 0.030599 0.0734375 0.0585938
1 0.456641 0.617361 0.0617188 0.0986111
1 0.289258 0.0669271 0.0207031 0.0302083
1 0.14082 0.217014 0.0203125 0.06875
1 0.880469 0.0506944 0.0203125 0.0317708
1 0.740625 0.595139 0.040625 0.1
1 0.344922 0.109115 0.0101562 0.0237847
1 0.188281 0.168924 0.0351562 0.130903
1 0.191992 0.859722 0.0128906 0.0388889
1 0.289258 0.151693 0.0121094 0.0424479
1 0.417969 0.519097 0.034375 0.100694
1 0.601562 0.648611 0.0515625 0.173611
1 0.345508 0.157292 0.0125 0.028125
1 0.792188 0.973611 0.0375 0.0444444
1 0.174414 0.0852214 0.0222656 0.061849
1 0.705469 0.625694 0.0953125 0.15
1 0.496875 0.714583 0.0796875 0.1125
1 0.675 0.624653 0.034375 0.129861
1 0.706641 0.582639 0.025 0.0333333
1 0.177148 0.0748264 0.01875 0.0460069
1 0.684375 0.4875 0.0195312 0.0277778
1 0.157031 0.705556 0.0128906 0.0388889
1 0.140625 0.0654297 0.0246094 0.0385851
1 0.362891 0.875 0.0859375 0.138889
1 0.363281 0.63125 0.05 0.118056
1 0.569531 0.499306 0.0328125 0.0791667
1 0.677734 0.672917 0.0421875 0.0944444
1 0.117773 0.198958 0.0257812 0.06875
1 0.785742 0.973611 0.0222656 0.0347222
1 0.205273 0.0253906 0.0414063 0.0507812
1 0.268359 0.0302951 0.0148437 0.0388021
1 0.587891 0.596528 0.0296875 0.0361111
1 0.345313 0.201736 0.0125 0.0315972
1 0.472656 0.786806 0.0945313 0.0944444
1 0.136133 0.198264 0.0546875 0.0993056
1 0.31875 0.0264648 0.0117188 0.0357856
1 0.93125 0.269097 0.0171875 0.0291667
1 0.176563 0.107726 0.0210938 0.0427083
1 0.842188 0.847222 0.028125 0.05
1 0.120215 0.193359 0.0636719 0.103559
1 0.634766 0.686111 0.015625 0.0416667
1 0.455078 0.399306 0.0101562 0.0236111
1 0.672656 0.586806 0.021875 0.0597222
1 0.412891 0.523264 0.04375 0.113194
1 0.158691 0.203819 0.0263672 0.0923611
1 0.173633 0.071875 0.0234375 0.0465278
1 0.289062 0.139323 0.0125 0.0383681
1 0.7375 0.642014 0.0476562 0.161806
0 0.350977 0.899306 0.109766 0.184722
1 0.741406 0.628472 0.0375 0.122222
1 0.220313 0.268056 0.0164062 0.0347222
1 0.356641 0.582292 0.0265625 0.0333333
3 0.136914 0.160243 0.0964844 0.162847
1 0.200391 0.199653 0.0179687 0.0465278
1 0.185156 0.124826 0.0269531 0.0524306
1 0.345313 0.133681 0.0117188 0.0225694
1 0.671875 0.572917 0.021875 0.0486111
1 0.161914 0.0200087 0.0257812 0.0388021
1 0.932813 0.17691 0.0125 0.0329861
1 0.799219 0.9625 0.059375 0.075
1 0.597656 0.278472 0.0265625 0.04375
1 0.180469 0.0204753 0.0285156 0.0382161
1 0.178467 0.0957465 0.0172852 0.0614583
1 0.132227 0.175738 0.0945313 0.134635
1 0.358984 0.619792 0.0421875 0.102083
1 0.603906 0.555556 0.0171875 0.0277778
1 0.475781 0.698611 0.0539063 0.108333
1 0.283984 0.0503038 0.0289063 0.0552951
1 0.221094 0.244097 0.0140625 0.0430556
1 0.728906 0.6 0.0609375 0.109722
1 0.199609 0.709722 0.0171875 0.05
1 0.248047 0.0150174 0.0140625 0.0300347
1 0.147656 0.0888889 0.0417969 0.0619792
1 0.301758 0.178472 0.0238281 0.0444444
1 0.292578 0.0777778 0.0144531 0.0295139
1 0.526172 0.457639 0.0320312 0.133333
1 0.130957 0.14184 0.0880859 0.117014
1 0.158789 0.698611 0.0134766 0.0305556
1 0.757031 0.530903 0.0203125 0.0368056
1 0.571875 0.307292 0.0421875 0.075
1 0.2 0.702083 0.0160156 0.0388889
1 0.853125 0.913889 0.0140625 0.0305556
1 0.580469 0.321528 0.04375 0.119444
1 0.592969 0.559722 0.0234375 0.0333333
1 0.169238 0.310243 0.0416016 0.120486
1 0.198047 0.773611 0.0230469 0.025
1 0.716406 0.629514 0.053125 0.122917
1 0.761719 0.0571398 0.0140625 0.0371094
1 0.3375 0.933333 0.0820312 0.122222
1 0.166504 0.0209201 0.0369141 0.0404514
1 0.932813 0.159375 0.0140625 0.0229167
1 0.674609 0.564931 0.0179687 0.0291667
1 0.583203 0.461111 0.0453125 0.0631944
1 0.0048584 0.754167 0.00947266 0.0166667
1 0.498437 0.503125 0.0859375 0.282639
1 0.809375 0.979167 0.034375 0.0416667
1 0.210156 0.271181 0.0289063 0.0583333
1 0.692578 0.644444 0.0710938 0.147222
1 0.475781 0.768056 0.0945313 0.125
1 0.635547 0.059809 0.0132813 0.0368056
1 0.932031 0.30434 0.015625 0.0277778
1 0.281641 0.047309 0.0289063 0.0380208
1 0.188867 0.321354 0.0542969 0.0739583
1 0.817187 0.958333 0.01875 0.0805556
1 0.180859 0.0850911 0.0597656 0.0825955
1 0.635156 0.677778 0.015625 0.05
1 0.739062 0.674653 0.0359375 0.0993056
1 0.398047 0.483333 0.0242187 0.0486111
1 0.203125 0.188542 0.0265625 0.065625
1 0.17793 0.0495226 0.01875 0.0292535
1 0.202539 0.233507 0.0132813 0.0420139
1 0.100781 0.148568 0.0289063 0.0480035
1 0.318555 0.248437 0.0132813 0.0513889
1 0.457812 0.733333 0.0421875 0.0583333
1 0.575781 0.563542 0.046875 0.0444444
1 0.459375 0.64375 0.06875 0.145833
1 0.169238 0.773611 0.0158203 0.0236111
1 0.317578 0.0612847 0.0125 0.0368056
1 0.928906 0.30816 0.021875 0.0322917
1 0.135547 0.0551215 0.0144531 0.0296875
1 0.525781 0.452778 0.028125 0.0798611
1 0.145313 0.0978299 0.0386719 0.0477431
1 0.850781 0.977083 0.0328125 0.0458333
1 0.194141 0.0848958 0.0191406 0.06875
1 0.197656 0.732639 0.0179687 0.0972222
1 0.695312 0.489583 0.0375 0.0277778
1 0.582031 0.371181 0.04375 0.213889
1 0.444922 0.822917 0.0570313 0.129167
1 0.159766 0.235764 0.0216797 0.053125
1 0.446094 0.624306 0.06875 0.104861
1 0.318359 0.0465278 0.0125 0.0420139
1 0.93125 0.29566 0.01875 0.0333333
1 0.144141 0.0965278 0.0597656 0.0649306
1 0.528906 0.313715 0.05625 0.078125
1 0.5 0.520486 0.0835937 0.450694
1 0.528906 0.0196615 0.021875 0.0393229
1 0.6 0.604861 0.053125 0.119444
1 0.564062 0.309722 0.0328125 0.0659722
1 0.125586 0.110937 0.0753906 0.0586806
1 0.127539 0.147222 0.0808594 0.0666667
1 0.354297 0.609028 0.0328125 0.0736111
1 0.716406 0.638889 0.09375 0.1875
1 0.602344 0.633333 0.0875 0.195833
1 0.455469 0.356944 0.0109375 0.0319444
1 0.391406 0.490972 0.0234375 0.0361111
1 0.526563 0.497917 0.0289063 0.104167
1 0.426562 0.480208 0.0171875 0.0409722
1 0.495313 0.338889 0.021875 0.0291667
1 0.578906 0.328472 0.028125 0.0805556
1 0.253516 0.0169054 0.0210938 0.0338108
1 0.686719 0.477083 0.0515625 0.0486111
1 0.596094 0.287847 0.0328125 0.0590278
1 0.148242 0.073763 0.0410156 0.0566406
1 0.533984 0.0184028 0.021875 0.0341146
1 0.485156 0.777083 0.065625 0.101389
1 0.173633 0.0489583 0.0230469 0.0270833
1 0.766797 0.507639 0.0140625 0.01875
1 0.85 0.919444 0.01875 0.0388889
1 0.551953 0.286458 0.0195312 0.0458333
1 0.451562 0.602778 0.0492188 0.0666667
1 0.353125 0.597222 0.0289063 0.0638889
1 0.205469 0.306597 0.0265625 0.075
1 0.214453 0.282986 0.0273438 0.0489583
1 0.832812 0.95 0.071875 0.0944444
1 0.203516 0.244792 0.0148437 0.0409722
1 0.315039 0.0701606 0.0203125 0.0509983
1 0.854688 0.950694 0.025 0.0319444
1 0.56875 0.45 0.04375 0.115278
1 0.268555 0.180208 0.0167969 0.0222222
1 0.639063 0.665278 0.0234375 0.0833333
1 0.585938 0.28316 0.0359375 0.0625
1 0.763672 0.0605035 0.0132813 0.0286458
1 0.761719 0.0349826 0.0109375 0.0520833
1 0.394922 0.494097 0.0210938 0.0458333
1 0.608594 0.0492188 0.009375 0.0329861
1 0.726562 0.620139 0.071875 0.152778
1 0.110937 0.201389 0.0380859 0.0673611
1 0.288672 0.0586806 0.0210938 0.0493056
1 0.183789 0.326476 0.0683594 0.0956597
1 0.437891 0.798611 0.05625 0.0833333
1 0.761719 0.0490451 0.0140625 0.0432292
1 0.742578 0.744444 0.0382813 0.0680556
1 0.199023 0.809722 0.0363281 0.0986111
1 0.317187 0.0414497 0.0171875 0.0653646
1 0.279297 0.123785 0.0289063 0.0517361
1 0.619531 0.63125 0.09375 0.184722
1 0.195312 0.251042 0.0226563 0.0548611
1 0.346484 0.446875 0.0125 0.0277778
1 0.739062 0.688194 0.0398437 0.075
1 0.878125 0.0530382 0.0234375 0.0420139
1 0.641406 0.620833 0.0984375 0.148611
1 0.195312 0.0378472 0.0210938 0.0633681
1 0.757422 0.607639 0.0789063 0.115278
1 0.930469 0.0101345 0.0140625 0.0202691
1 0.929688 0.0415799 0.01875 0.0263889
1 0.93125 0.0822917 0.015625 0.0319444
1 0.785742 0.967361 0.0222656 0.0305556
1 0.635156 0.208681 0.0109375 0.0263889
1 0.210938 0.318924 0.034375 0.053125
1 0.457031 0.796528 0.0609375 0.0875
1 0.345703 0.188889 0.0132813 0.0375
1 0.567969 0.344792 0.0546875 0.15
1 0.316992 0.214236 0.0152344 0.0895833
1 0.186719 0.257986 0.0257812 0.0833333
1 0.34375 0.0662326 0.009375 0.0182292
1 0.773438 0.98125 0.028125 0.0375
1 0.359766 0.588889 0.0265625 0.0444444
1 0.219922 0.693056 0.0125 0.0305556
1 0.801562 0.976389 0.05 0.0472222
1 0.161914 0.278125 0.0261719 0.0972222
1 0.636328 0.692361 0.0179687 0.0444444
1 0.607813 0.0205295 0.0078125 0.0332465
1 0.870313 0.108333 0.015625 0.0236111
1 0.879687 0.0443576 0.025 0.0414931
1 0.174609 0.159071 0.0242187 0.103385
1 0.200781 0.021072 0.0335938 0.0421441
1 0.199414 0.103472 0.0222656 0.0559028
1 0.179102 0.22934 0.0644531 0.284375
1 0.344922 0.0934028 0.0101562 0.0317708
1 0.732813 0.6875 0.028125 0.0708333
1 0.566406 0.508333 0.0328125 0.0590278
1 0.307422 0.180208 0.0183594 0.04375
1 0.194531 0.11276 0.015625 0.0430556
1 0.394531 0.490972 0.0171875 0.0333333
1 0.592969 0.276736 0.0164062 0.0361111
1 0.191797 0.180035 0.0257812 0.0819444
1 0.383203 0.6875 0.0914062 0.2375
1 0.582031 0.45625 0.0359375 0.0583333
1 0.675781 0.657639 0.0359375 0.0583333
1 0.607031 0.641667 0.065625 0.195833
1 0.316016 0.189236 0.0164062 0.0447917
1 0.156152 0.178819 0.0142578 0.0416667
1 0.179736 0.111632 0.0170898 0.0364583
1 0.423438 0.487153 0.021875 0.0354167
1 0.532031 0.0168837 0.015625 0.0329861
1 0.310937 0.184201 0.0253906 0.0475694
1 0.193945 0.118663 0.01875 0.0588542
1 0.350391 0.9 0.108594 0.183333
1 0.44375 0.6 0.034375 0.0666667
1 0.586719 0.302257 0.0296875 0.0836806
1 0.268164 0.0385417 0.0128906 0.0243056
1 0.407813 0.588889 0.053125 0.101389
1 0.737109 0.580556 0.03125 0.0736111
1 0.525781 0.471181 0.0296875 0.0972222
1 0.578906 0.316146 0.025 0.0579861
1 0.482031 0.711111 0.04375 0.0986111
1 0.291211 0.0695964 0.01875 0.0312934
1 0.671094 0.597222 0.021875 0.075
1 0.572656 0.311111 0.0234375 0.0520833
1 0.111035 0.210938 0.0351562 0.0510417
1 0.570312 0.500347 0.0328125 0.0506944
1 0.839844 0.852778 0.0265625 0.0444444
1 0.477344 0.731944 0.0828125 0.0666667
1 0.425391 0.486111 0.0164062 0.0319444
1 0.592188 0.281597 0.0195312 0.0444444
1 0.40625 0.488194 0.0328125 0.0416667
1 0.545313 0.304861 0.0195312 0.0506944
1 0.268164 0.0389323 0.0175781 0.0290799
1 0.551562 0.295486 0.01875 0.0479167
1 0.476172 0.712674 0.0796875 0.102431
1 0.548437 0.294792 0.0171875 0.0451389
1 0.453125 0.738194 0.034375 0.0541667
1 0.566406 0.554167 0.028125 0.0305556
1 0.484375 0.252431 0.0117188 0.0381944
1 0.380859 0.648958 0.0835937 0.154861
1 0.480078 0.699306 0.0359375 0.0763889
1 0.483594 0.74566 0.0921875 0.164236
1 0.68125 0.642361 0.046875 0.123611
1 0.13584 0.106424 0.0517578 0.0458333
1 0.156836 0.16875 0.0140625 0.0444444
1 0.735937 0.425694 0.0484375 0.166667
1 0.817187 0.981944 0.01875 0.0361111
1 0.193945 0.0210503 0.0183594 0.0389757
1 0.197656 0.702778 0.0140625 0.0361111
1 0.420703 0.549306 0.0492188 0.165278
1 0.476172 0.740972 0.0773437 0.0930556
1 0.166992 0.182118 0.0355469 0.0892361
1 0.93125 0.307986 0.01875 0.028125
1 0.118066 0.213889 0.0566406 0.0659722
1 0.58125 0.302431 0.0421875 0.08125
1 0.815625 0.934028 0.0171875 0.0527778
1 0.421094 0.592361 0.0828125 0.113889
1 0.410156 0.496181 0.046875 0.0618056
1 0.605469 0.463889 0.01875 0.0472222
1 0.743359 0.755556 0.0265625 0.0416667
1 0.558594 0.306771 0.025 0.0545139
1 0.685547 0.66875 0.0570313 0.0805556
1 0.518359 0.316319 0.0703125 0.0756944
0 0.735937 0.425694 0.0484375 0.166667
1 0.572656 0.306944 0.01875 0.0520833
1 0.817187 0.929167 0.015625 0.0361111
1 0.169531 0.176042 0.0226563 0.0881944
1 0.448438 0.613194 0.0460938 0.0875
1 0.447656 0.793056 0.0421875 0.075
1 0.404687 0.479514 0.0171875 0.0472222
1 0.202734 0.315278 0.0257812 0.0534722
1 0.160352 0.196181 0.0230469 0.0645833
1 0.194531 0.104861 0.0164062 0.0559028
1 0.206641 0.772222 0.0171875 0.025
1 0.567187 0.526389 0.0296875 0.0875
1 0.185156 0.030599 0.0734375 0.0585938
1 0.456641 0.617361 0.0617188 0.0986111
1 0.14082 0.217014 0.0203125 0.06875
1 0.880469 0.050651 0.0203125 0.031684
1 0.188672 0.169097 0.0347656 0.130556
1 0.740625 0.595139 0.040625 0.1
1 0.344922 0.109028 0.0101562 0.0236111
1 0.191992 0.859722 0.0128906 0.0388889
1 0.417969 0.519097 0.034375 0.100694
1 0.289258 0.151693 0.0121094 0.0424479
1 0.601562 0.648611 0.0515625 0.173611
1 0.345508 0.157292 0.0125 0.028125
1 0.792188 0.973611 0.0375 0.0444444
1 0.174414 0.0852214 0.0222656 0.061849
1 0.705469 0.625694 0.0953125 0.15
1 0.496875 0.715278 0.0796875 0.1125
1 0.675 0.624653 0.034375 0.129861
1 0.177148 0.0749132 0.01875 0.0460069
1 0.706641 0.582639 0.025 0.0333333
1 0.157031 0.704861 0.0128906 0.0375
1 0.684375 0.4875 0.0195312 0.0277778
1 0.140625 0.0654514 0.0246094 0.0387153
1 0.362891 0.875 0.0859375 0.138889
1 0.569531 0.499306 0.0328125 0.0791667
1 0.117773 0.198785 0.0255859 0.0684028
1 0.363281 0.63125 0.05 0.118056
1 0.678125 0.672917 0.0421875 0.0944444
1 0.785742 0.973611 0.0222656 0.0347222
1 0.205469 0.0253906 0.0414063 0.0507812
1 0.268359 0.0302951 0.0148437 0.0387153
1 0.587891 0.596528 0.0296875 0.0361111
1 0.345313 0.201736 0.0125 0.0315972
1 0.472656 0.786806 0.0945313 0.0944444
1 0.136133 0.198264 0.0546875 0.0993056
1 0.31875 0.0265191 0.0117188 0.0360243
1 0.93125 0.269097 0.0171875 0.0291667
1 0.176563 0.107813 0.0210938 0.0427083
1 0.842188 0.847222 0.028125 0.0513889
1 0.120312 0.193403 0.0636719 0.103472
1 0.634766 0.686111 0.015625 0.0416667
1 0.455078 0.399306 0.0101562 0.0236111
1 0.672656 0.586806 0.021875 0.0597222
1 0.412891 0.523264 0.04375 0.113194
1 0.158789 0.203646 0.0265625 0.0923611
1 0.173633 0.0718533 0.0234375 0.0465712
1 0.289062 0.139236 0.0125 0.0381944
0 0.350977 0.899306 0.109766 0.184722
1 0.7375 0.642014 0.0484375 0.161806
1 0.741406 0.629167 0.0375 0.122222
1 0.220313 0.268056 0.0164062 0.0347222
1 0.200586 0.199653 0.0179687 0.0465278
1 0.185156 0.124826 0.0269531 0.0524306
1 0.356641 0.582292 0.0265625 0.0333333
3 0.136719 0.160026 0.0960938 0.162587
1 0.671875 0.572917 0.021875 0.0486111
1 0.161914 0.0200087 0.0257812 0.0388021
1 0.345313 0.133681 0.0117188 0.0225694
1 0.452344 0.604861 0.053125 0.0694444
1 0.932813 0.177083 0.0125 0.0326389
1 0.799219 0.9625 0.059375 0.075
1 0.180469 0.0204861 0.0285156 0.0382813
1 0.178467 0.0957465 0.0172852 0.0614583
1 0.597656 0.278472 0.0273438 0.04375
1 0.132227 0.175694 0.0945313 0.134722
1 0.358984 0.619792 0.0421875 0.102083
1 0.604297 0.555556 0.0171875 0.0277778
1 0.283984 0.0503038 0.0289063 0.0552951
1 0.475781 0.698438 0.0546875 0.108681
1 0.221094 0.244097 0.0140625 0.0430556
1 0.728906 0.6 0.0609375 0.109722
1 0.199609 0.709722 0.0171875 0.05
1 0.147656 0.0888889 0.0417969 0.0619792
1 0.292578 0.077691 0.0148437 0.0296875
1 0.301758 0.178646 0.0238281 0.0440972
1 0.130957 0.142014 0.0880859 0.117708
1 0.248047 0.0150174 0.0140625 0.0300347
1 0.526563 0.457986 0.0328125 0.132639
1 0.158789 0.698611 0.0134766 0.0305556
1 0.757031 0.530903 0.0203125 0.0368056
1 0.2 0.702083 0.0160156 0.0388889
1 0.571875 0.307292 0.0421875 0.075
1 0.853125 0.913889 0.0140625 0.0305556
1 0.580859 0.321875 0.04375 0.120139
1 0.592969 0.559722 0.0234375 0.0333333
1 0.169238 0.310243 0.0416016 0.120486
1 0.716406 0.629514 0.053125 0.122917
1 0.198047 0.773611 0.0234375 0.025
1 0.761719 0.0572049 0.0140625 0.0369792
1 0.3375 0.933333 0.0820312 0.122222
1 0.166504 0.0209201 0.0369141 0.0404514
1 0.201953 0.030816 0.0390625 0.0583333
1 0.932813 0.159375 0.0140625 0.0229167
1 0.00483398 0.754167 0.00947266 0.0166667
1 0.674609 0.564931 0.0179687 0.0291667
1 0.583203 0.461111 0.0453125 0.0631944
1 0.498437 0.503819 0.0859375 0.28125
1 0.809375 0.979167 0.034375 0.0416667
1 0.475781 0.768056 0.0953125 0.125
1 0.692969 0.644444 0.071875 0.147222
1 0.932031 0.304167 0.015625 0.0277778
1 0.210156 0.271181 0.0289063 0.0590278
1 0.281641 0.047309 0.0289063 0.0381944
1 0.635547 0.059809 0.0132813 0.0368056
1 0.180859 0.0850694 0.0601562 0.0826389
1 0.188672 0.321528 0.0546875 0.0743056
1 0.817187 0.958333 0.01875 0.0805556
1 0.635156 0.677778 0.015625 0.05
1 0.739062 0.674306 0.0359375 0.1
1 0.398047 0.483333 0.0242187 0.0486111
1 0.203125 0.188542 0.0265625 0.0659722
1 0.17793 0.0494792 0.01875 0.0291667
1 0.100684 0.148611 0.0289063 0.0482639
1 0.202539 0.233681 0.0132813 0.0423611
1 0.318555 0.248611 0.0132813 0.0513889
1 0.457812 0.733333 0.0421875 0.0583333
1 0.575781 0.563542 0.046875 0.0444444
1 0.459375 0.643403 0.06875 0.145139
1 0.169238 0.773611 0.0158203 0.0236111
1 0.317578 0.061263 0.0125 0.036849
1 0.135645 0.0551215 0.0146484 0.0296875
1 0.928906 0.30816 0.021875 0.0322917
1 0.525781 0.452778 0.028125 0.0798611
1 0.850781 0.977083 0.0328125 0.0458333
1 0.145215 0.0977431 0.0388672 0.0479167
1 0.194141 0.0850694 0.0195312 0.0690972
1 0.197656 0.732639 0.0179687 0.0972222
1 0.695312 0.489583 0.0375 0.0277778
1 0.444922 0.822917 0.0570313 0.129167
1 0.582031 0.371181 0.04375 0.213889
1 0.445703 0.624306 0.0695312 0.104861
1 0.144043 0.0966146 0.0603516 0.0651042
1 0.159766 0.235764 0.0216797 0.0534722
1 0.318359 0.046441 0.0125 0.0421875
1 0.528906 0.313715 0.0570313 0.078125
1 0.93125 0.295486 0.01875 0.0333333
1 0.528906 0.0196615 0.021875 0.0393229
1 0.5 0.520833 0.0835937 0.45
1 0.6 0.604861 0.053125 0.119444
1 0.564062 0.309722 0.0328125 0.0659722
1 0.125586 0.110937 0.0753906 0.0586806
1 0.127539 0.147396 0.0808594 0.0666667
1 0.354297 0.609028 0.0328125 0.0736111
1 0.715625 0.638889 0.09375 0.1875
1 0.455469 0.356944 0.0109375 0.0319444
1 0.602344 0.633333 0.0875 0.195833
1 0.495313 0.338889 0.021875 0.0291667
1 0.426562 0.480208 0.0171875 0.0409722
1 0.526563 0.497917 0.0289063 0.103472
1 0.578906 0.328472 0.028125 0.0805556
1 0.391406 0.490972 0.0234375 0.0361111
1 0.253516 0.0169271 0.0210938 0.0338542
1 0.596094 0.288021 0.0328125 0.0590278
1 0.686719 0.477083 0.0515625 0.0486111
1 0.533984 0.0183919 0.021875 0.0340495
1 0.148242 0.073763 0.0410156 0.0566406
1 0.485156 0.777083 0.065625 0.101389
1 0.173633 0.0489583 0.0230469 0.0270833
1 0.766797 0.507639 0.0140625 0.01875
1 0.85 0.919444 0.01875 0.0388889
1 0.551953 0.286458 0.0195312 0.0458333
1 0.353125 0.597222 0.0289063 0.0638889
1 0.205469 0.306597 0.0265625 0.075
1 0.214453 0.282986 0.0273438 0.0489583
1 0.203516 0.244792 0.0148437 0.0409722
1 0.832812 0.95 0.071875 0.0944444
1 0.315039 0.0700521 0.0203125 0.0512153
1 0.854688 0.950694 0.025 0.0319444
1 0.56875 0.45 0.04375 0.115278
1 0.585938 0.282986 0.0359375 0.0625
1 0.268555 0.180208 0.0167969 0.0222222
1 0.763672 0.0605686 0.0132813 0.0285156
1 0.639063 0.665278 0.0234375 0.0833333
1 0.110937 0.201389 0.0380859 0.0673611
1 0.288672 0.0586806 0.0210938 0.0493056
1 0.394922 0.494097 0.0210938 0.0458333
1 0.608594 0.0492188 0.009375 0.0329861
1 0.183789 0.326476 0.0683594 0.0956597
1 0.726562 0.620486 0.071875 0.153472
1 0.761719 0.0349826 0.0109375 0.0519097
1 0.742578 0.744444 0.0382813 0.0666667
1 0.199219 0.809722 0.0367187 0.1
1 0.437891 0.798611 0.05625 0.0833333
1 0.317187 0.0414931 0.0171875 0.065625
1 0.761719 0.0489583 0.0140625 0.0432292
1 0.619531 0.63125 0.09375 0.184722
1 0.195312 0.251042 0.0226563 0.0552083
1 0.278906 0.123785 0.0296875 0.0520833
1 0.739062 0.688194 0.0398437 0.075
1 0.346484 0.446875 0.0125 0.0277778
1 0.878125 0.0530382 0.0234375 0.0420139
1 0.641016 0.620833 0.0992187 0.148611
1 0.195312 0.0378472 0.0210938 0.0635417
1 0.930469 0.0101345 0.0140625 0.0202691
1 0.757812 0.607639 0.0796875 0.115278
1 0.929688 0.0415799 0.01875 0.0263889
1 0.93125 0.0822917 0.015625 0.0322917
1 0.457031 0.796528 0.0609375 0.0875
1 0.210938 0.318924 0.034375 0.053125
1 0.345703 0.188889 0.0132813 0.0375
1 0.635156 0.208681 0.0109375 0.0263889
1 0.567969 0.345139 0.0546875 0.15
1 0.773438 0.98125 0.028125 0.0375
1 0.186719 0.257639 0.0261719 0.0847222
1 0.316992 0.214236 0.0152344 0.0895833
1 0.219922 0.693056 0.0125 0.0291667
1 0.34375 0.0663194 0.009375 0.0184028
1 0.359766 0.589236 0.0265625 0.0451389
1 0.801562 0.976389 0.05 0.0472222
1 0.161914 0.278125 0.0261719 0.0972222
1 0.607813 0.0205295 0.0078125 0.0334201
1 0.879687 0.0443142 0.025 0.0412326
1 0.870313 0.108333 0.015625 0.0236111
1 0.174609 0.159028 0.0242187 0.103472
1 0.636328 0.692361 0.0179687 0.0444444
1 0.179102 0.22934 0.0644531 0.284375
1 0.200781 0.0210938 0.0335938 0.0421875
1 0.199414 0.103385 0.0226563 0.0560764
1 0.344922 0.0934028 0.0101562 0.0319444
1 0.732813 0.6875 0.028125 0.0708333
1 0.204883 0.736111 0.0316406 0.0958333
