0 0.923437 0.478125 0.1125 0.148611
0 0.704687 0.659028 0.114063 0.136111
0 0.490234 0.752778 0.119531 0.122222
0 0.329297 0.818056 0.103125 0.1
0 0.0720215 0.863889 0.110645 0.0916667
1 0.807813 0.779167 0.015625 0.0361111
1 0.796094 0.784028 0.0140625 0.0375
1 0.810938 0.414931 0.0140625 0.0305556
1 0.85625 0.378472 0.009375 0.0263889
1 0.795313 0.7875 0.01875 0.0430556
0 0.982813 0.929167 0.034375 0.0402778
0 0.988672 0.927083 0.0226563 0.0402778
1 0.453125 0.447569 0.0171875 0.0298611
1 0.805469 0.784722 0.015625 0.0388889
1 0.814062 0.411806 0.015625 0.0319444
1 0.671094 0.525694 0.009375 0.0291667
0 0.692187 0.976389 0.0179687 0.0416667
1 0.803125 0.781944 0.021875 0.0333333
1 0.507812 0.3375 0.01875 0.0236111
0 0.810938 0.414931 0.0140625 0.0305556
0 0.489062 0.785417 0.123438 0.183333
0 0.992188 0.250868 0.0125 0.0274306
1 0.799219 0.784722 0.0265625 0.0388889
1 0.759766 0.843056 0.0132813 0.0305556
1 0.979688 0.582639 0.009375 0.0194444
0 0.796094 0.784028 0.0140625 0.0375
1 0.946875 0.294097 0.0125 0.025
0 0.982813 0.888194 0.034375 0.118056
1 0.992188 0.250868 0.0125 0.0274306
0 0.945312 0.933333 0.08125 0.127778
0 0.915625 0.497222 0.090625 0.115278
0 0.795313 0.7875 0.01875 0.0430556
1 0.988672 0.927083 0.0226563 0.0402778
0 0.803125 0.781944 0.021875 0.0333333
0 0.328125 0.834028 0.104687 0.140278
1 0.7625 0.384722 0.009375 0.0277778
1 0.532812 0.326736 0.01875 0.0298611
0 0.9125 0.465972 0.084375 0.1
0 0.707812 0.943056 0.05625 0.108333
0 0.85625 0.378472 0.009375 0.0263889
0 0.932813 0.966667 0.0328125 0.0555556
0 0.928906 0.970833 0.0328125 0.0513889
1 0.328906 0.818056 0.103906 0.0972222
1 0.328125 0.910417 0.0160156 0.0236111
1 0.691406 0.975 0.0203125 0.0472222
0 0.699219 0.637153 0.103125 0.09375
1 0.511328 0.332986 0.0242187 0.0298611
0 0.799219 0.784722 0.0265625 0.0388889
1 0.0789063 0.860417 0.0992187 0.0916667
0 0.983203 0.911111 0.0335938 0.0777778
1 0.764453 0.453472 0.0132813 0.03125
1 0.505469 0.335417 0.028125 0.0340278
0 0.453125 0.447569 0.0171875 0.0298611
1 0.452734 0.445139 0.0234375 0.0375
0 0.807813 0.779167 0.015625 0.0361111
1 0.792188 0.791667 0.025 0.0555556
1 0.325391 0.9125 0.0171875 0.025
1 0.452344 0.458681 0.021875 0.0527778
1 0.633984 0.795833 0.0109375 0.0361111
1 0.983203 0.928472 0.0335938 0.0444444
0 0.732813 0.934722 0.075 0.125
1 0.452734 0.451389 0.0203125 0.0375
0 0.978906 0.934722 0.028125 0.0555556
1 0.978906 0.934722 0.028125 0.0555556
0 0.8125 0.413194 0.01875 0.03125
0 0.739844 0.944444 0.0539063 0.102778
0 0.705078 0.697222 0.113281 0.211111
1 0.819531 0.380556 0.009375 0.0194444
0 0.747656 0.723611 0.0203125 0.0444444
1 0.896875 0.338889 0.0125 0.0291667
1 0.808594 0.777778 0.021875 0.0430556
0 0.544141 0.598264 0.0773437 0.0826389
1 0.544531 0.319792 0.0125 0.0305556
0 0.759766 0.843056 0.0132813 0.0305556
0 0.725781 0.911111 0.0953125 0.172222
1 0.0693359 0.579861 0.0162109 0.0291667
1 0.707812 0.659722 0.10625 0.138889
0 0.979688 0.582639 0.009375 0.0194444
0 0.507812 0.3375 0.01875 0.0236111
1 0.764844 0.381944 0.015625 0.0263889
0 0.0730469 0.829167 0.109961 0.166667
1 0.760938 0.382986 0.0125 0.0229167
0 0.689062 0.638889 0.078125 0.0833333
0 0.990625 0.255556 0.015625 0.0388889
1 0.367773 0.797222 0.0214844 0.0569444
1 0.925781 0.48125 0.110937 0.148611
1 0.970312 0.534722 0.015625 0.0222222
0 0.072168 0.888194 0.112305 0.154167
1 0.7625 0.84375 0.0164062 0.0305556
0 0.959375 0.453125 0.040625 0.0888889
0 0.760938 0.85 0.034375 0.0722222
1 0.00605469 0.773611 0.00693359 0.0194444
1 0.537891 0.32283 0.0179687 0.0321181
1 0.717969 0.489931 0.009375 0.025
0 0.638281 0.789583 0.0257812 0.0402778
1 0.851562 0.380208 0.021875 0.0340278
1 0.578906 0.596528 0.009375 0.0222222
0 0.805469 0.784722 0.015625 0.0388889
1 0.810938 0.419444 0.01875 0.0416667
1 0.990625 0.255556 0.015625 0.0388889
0 0.671094 0.525694 0.009375 0.0291667
1 0.954687 0.434028 0.034375 0.0520833
0 0.925781 0.506944 0.1125 0.209722
0 0.505469 0.335417 0.028125 0.0340278
0 0.0641113 0.863889 0.128223 0.113889
1 0.796875 0.798611 0.021875 0.0611111
1 0.901563 0.338542 0.0125 0.0284722
0 0.483984 0.732639 0.0984375 0.0722222
0 0.950781 0.915278 0.0984375 0.163889
0 0.329688 0.779167 0.103125 0.172222
0 0.725781 0.9125 0.01875 0.0416667
0 0.0103271 0.490278 0.0191895 0.0152778
1 0.553125 0.318056 0.0109375 0.0277778
1 0.450781 0.472917 0.0234375 0.0777778
0 0.74375 0.878472 0.0484375 0.101389
1 0.761719 0.45625 0.0148437 0.0347222
1 0.760938 0.85 0.034375 0.0722222
0 0.890625 0.473611 0.0359375 0.0340278
0 0.633984 0.795833 0.0109375 0.0361111
1 0.503906 0.337153 0.0257812 0.0243056
0 0.375098 0.758333 0.449805 0.127778
0 0.978125 0.881944 0.04375 0.113889
0 0.792188 0.791667 0.025 0.0555556
0 0.386621 0.758333 0.336133 0.102778
0 0.970312 0.534722 0.015625 0.0222222
1 0.747656 0.723611 0.0203125 0.0444444
1 0.958594 0.457639 0.04375 0.0979167
1 0.490234 0.754861 0.117188 0.120833
0 0.859375 0.819444 0.140625 0.158333
0 0.413184 0.761111 0.292383 0.147222
1 0.0814453 0.134028 0.0101562 0.01875
1 0.553125 0.322917 0.0125 0.0347222
0 0.34707 0.759722 0.605859 0.15
1 0.660547 0.925 0.015625 0.0333333
0 0.325391 0.9125 0.0171875 0.025
0 0.998047 0.492014 0.00390625 0.241667
1 0.108594 0.845833 0.0347656 0.0611111
0 0.321289 0.775 0.570703 0.222222
0 0.218945 0.355208 0.437891 0.710417
0 0.703125 0.754167 0.0390625 0.0611111
0 0.250195 0.791667 0.500391 0.197222
0 0.391797 0.765972 0.31875 0.194444
0 0.946875 0.294097 0.0125 0.025
1 0.744531 0.631597 0.0296875 0.0770833
1 0.953125 0.427083 0.034375 0.0388889
1 0.505078 0.341667 0.025 0.0333333
0 0.289844 0.558333 0.579687 0.391667
0 0.452734 0.445139 0.0234375 0.0375
0 0.535547 0.763889 0.511719 0.108333
0 0.982813 0.886111 0.034375 0.155556
1 0.896094 0.34375 0.015625 0.0402778
0 0.923437 0.478125 0.1125 0.148611
0 0.704687 0.659028 0.114063 0.136111
0 0.490234 0.752778 0.119531 0.122222
0 0.329297 0.818056 0.103125 0.1
0 0.0719727 0.863889 0.110547 0.0916667
1 0.807813 0.779167 0.015625 0.0361111
1 0.796094 0.784028 0.0140625 0.0375
1 0.810938 0.414931 0.0140625 0.0305556
1 0.85625 0.378472 0.009375 0.0263889
1 0.795313 0.7875 0.01875 0.0430556
0 0.982813 0.929167 0.034375 0.0402778
0 0.988672 0.927083 0.0226563 0.0402778
1 0.453125 0.447222 0.0171875 0.0305556
1 0.805469 0.784722 0.015625 0.0388889
1 0.814062 0.411806 0.015625 0.0319444
1 0.671094 0.525694 0.009375 0.0291667
0 0.692187 0.976389 0.0179687 0.0416667
1 0.803125 0.781944 0.021875 0.0333333
1 0.507812 0.3375 0.01875 0.0236111
0 0.810938 0.414931 0.0140625 0.0305556
0 0.489062 0.785417 0.123438 0.183333
0 0.992969 0.250868 0.0125 0.0274306
1 0.799219 0.784722 0.0265625 0.0388889
1 0.759766 0.843056 0.0132813 0.0305556
1 0.979688 0.582639 0.009375 0.0194444
1 0.946875 0.294097 0.0125 0.025
0 0.796094 0.784028 0.0140625 0.0375
0 0.982813 0.888194 0.034375 0.118056
1 0.992969 0.250868 0.0125 0.0274306
0 0.946094 0.933333 0.08125 0.127778
0 0.915625 0.497222 0.090625 0.115278
0 0.795313 0.7875 0.01875 0.0430556
0 0.803125 0.781944 0.021875 0.0333333
1 0.988672 0.927083 0.0226563 0.0402778
0 0.328125 0.834028 0.104687 0.140278
1 0.7625 0.384722 0.009375 0.0277778
1 0.532812 0.326736 0.01875 0.0298611
0 0.9125 0.465972 0.084375 0.1
0 0.707812 0.943056 0.05625 0.108333
0 0.85625 0.378472 0.009375 0.0263889
0 0.932813 0.966667 0.0328125 0.0555556
0 0.928906 0.970833 0.0328125 0.0513889
1 0.328906 0.818056 0.103906 0.0972222
1 0.328125 0.910417 0.0160156 0.0236111
1 0.691406 0.975 0.0203125 0.0472222
0 0.699219 0.637153 0.103125 0.09375
1 0.511719 0.332986 0.0234375 0.0298611
0 0.799219 0.784722 0.0265625 0.0388889
1 0.0789063 0.860417 0.0992187 0.0916667
0 0.983203 0.911111 0.0335938 0.0777778
1 0.764453 0.453472 0.0132813 0.03125
1 0.505469 0.335764 0.028125 0.0340278
0 0.453125 0.447222 0.0171875 0.0305556
1 0.452734 0.445139 0.0234375 0.0375
0 0.807813 0.779167 0.015625 0.0361111
1 0.792188 0.791667 0.025 0.0555556
1 0.325391 0.9125 0.0171875 0.025
1 0.452344 0.458681 0.021875 0.0527778
1 0.633984 0.795833 0.0109375 0.0361111
1 0.983203 0.928472 0.0335938 0.0444444
0 0.732813 0.934722 0.075 0.125
1 0.452734 0.451389 0.0203125 0.0375
0 0.978906 0.934722 0.028125 0.0555556
1 0.978906 0.934722 0.028125 0.0555556
0 0.8125 0.413194 0.01875 0.03125
0 0.739844 0.944444 0.0539063 0.102778
0 0.705078 0.697222 0.113281 0.211111
1 0.819531 0.380556 0.009375 0.0194444
0 0.747656 0.723611 0.0203125 0.0444444
1 0.896875 0.338889 0.0125 0.0291667
1 0.808594 0.777778 0.021875 0.0430556
0 0.544141 0.598264 0.0773437 0.0826389
1 0.544922 0.319792 0.0125 0.0305556
0 0.759766 0.843056 0.0132813 0.0305556
0 0.725781 0.911111 0.0953125 0.172222
1 0.0693848 0.579861 0.0161133 0.0291667
1 0.707812 0.659722 0.10625 0.138889
0 0.979688 0.582639 0.009375 0.0194444
0 0.0730469 0.829861 0.109961 0.165278
1 0.765234 0.381944 0.0164062 0.0263889
0 0.689062 0.638889 0.078125 0.0833333
0 0.507812 0.3375 0.01875 0.0236111
0 0.990625 0.255556 0.015625 0.0388889
1 0.760938 0.382986 0.0125 0.0229167
1 0.367969 0.797222 0.021875 0.0583333
1 0.925781 0.48125 0.110937 0.148611
1 0.970312 0.534722 0.015625 0.0222222
0 0.959375 0.453125 0.040625 0.0888889
1 0.7625 0.84375 0.0164062 0.0305556
0 0.072168 0.8875 0.112305 0.152778
0 0.760938 0.848611 0.0328125 0.0694444
1 0.00600586 0.773611 0.00693359 0.0194444
1 0.537891 0.323264 0.0179687 0.0326389
1 0.717969 0.490278 0.009375 0.025
0 0.638281 0.789583 0.0257812 0.0402778
1 0.851562 0.380208 0.021875 0.0340278
1 0.578906 0.596528 0.009375 0.0222222
1 0.810938 0.419444 0.01875 0.0416667
0 0.805469 0.784722 0.015625 0.0388889
1 0.990625 0.255556 0.015625 0.0388889
1 0.954687 0.434028 0.034375 0.0527778
0 0.671094 0.525694 0.009375 0.0291667
0 0.925781 0.506944 0.1125 0.209028
0 0.505469 0.335764 0.028125 0.0340278
0 0.0641113 0.863889 0.128223 0.113889
1 0.796875 0.798611 0.021875 0.0611111
0 0.483984 0.732639 0.0984375 0.0722222
0 0.950781 0.915278 0.0984375 0.163889
1 0.901563 0.338194 0.0125 0.0291667
0 0.329492 0.779167 0.103516 0.172222
0 0.725781 0.9125 0.01875 0.0416667
1 0.553125 0.318056 0.0109375 0.0277778
0 0.0104004 0.490278 0.0193359 0.0152778
0 0.74375 0.878472 0.0484375 0.101389
1 0.450781 0.472917 0.0234375 0.0777778
1 0.761719 0.45625 0.0148437 0.0347222
1 0.760938 0.848611 0.0328125 0.0694444
0 0.890625 0.473611 0.0359375 0.0340278
1 0.503906 0.337153 0.0257812 0.0243056
0 0.633984 0.795833 0.0109375 0.0361111
0 0.374805 0.758333 0.449609 0.127778
0 0.978125 0.881944 0.04375 0.113889
0 0.792188 0.791667 0.025 0.0555556
1 0.747656 0.723611 0.0203125 0.0444444
0 0.386328 0.758333 0.336719 0.102778
0 0.970312 0.534722 0.015625 0.0222222
1 0.958594 0.457639 0.04375 0.0979167
1 0.490234 0.754861 0.117188 0.120833
0 0.859375 0.819444 0.140625 0.158333
0 0.413184 0.761111 0.292383 0.147222
1 0.0814453 0.133941 0.0101562 0.01875
1 0.553125 0.322917 0.0125 0.0347222
0 0.34707 0.759722 0.605078 0.15
1 0.660547 0.925 0.015625 0.0333333
0 0.325391 0.9125 0.0171875 0.025
0 0.998047 0.492014 0.00390625 0.241667
1 0.108594 0.845833 0.0347656 0.0611111
0 0.703125 0.754167 0.0390625 0.0611111
0 0.32168 0.775 0.570703 0.222222
0 0.219141 0.354861 0.438281 0.709722
0 0.25 0.791667 0.5 0.195833
0 0.391406 0.765972 0.319531 0.194444
0 0.946875 0.294097 0.0125 0.025
1 0.744531 0.631597 0.0296875 0.0770833
1 0.953125 0.427083 0.034375 0.0395833
1 0.505078 0.341667 0.025 0.0333333
0 0.290625 0.556597 0.58125 0.385417
0 0.452734 0.445139 0.0234375 0.0375
0 0.535547 0.763889 0.511719 0.108333
1 0.896094 0.34375 0.015625 0.0402778
0 0.982813 0.886111 0.034375 0.155556
