0 0.129297 0.809722 0.133594 0.177778
0 0.357422 0.496528 0.136719 0.205556
0 0.0150879 0.963889 0.0301758 0.0722222
0 0.00810547 0.581944 0.0162109 0.0805556
0 0.540625 0.202604 0.103125 0.157292
1 0.130273 0.153819 0.0105469 0.0222222
0 0.959375 0.0284722 0.078125 0.0569444
1 0.152539 0.606944 0.01875 0.0340278
1 0.149219 0.606944 0.0171875 0.0333333
0 0.98125 0.229167 0.021875 0.0347222
0 0.105371 0.813889 0.0882813 0.141667
1 0.8 0.976389 0.0234375 0.0277778
1 0.369922 0.370833 0.0140625 0.0208333
1 0.00726318 0.334375 0.0145264 0.01875
0 0.314063 0.0238281 0.0195312 0.0359375
1 0.314063 0.0238281 0.0195312 0.0359375
1 0.619922 0.472917 0.0242187 0.0236111
0 0.985937 0.230903 0.028125 0.0354167
1 0.684375 0.365972 0.0195312 0.0361111
1 0.669922 0.371528 0.0140625 0.0236111
1 0.229297 0.0129774 0.0292969 0.0241319
1 0.888281 0.941667 0.03125 0.025
0 0.978906 0.282292 0.0421875 0.0559028
0 0.926562 0.203819 0.015625 0.0232639
1 0.519531 0.0199219 0.00859375 0.0170139
1 0.614453 0.472917 0.0242187 0.0236111
1 0.392578 0.0217448 0.0132813 0.0297743
1 0.146289 0.128993 0.0144531 0.0236111
0 0.9875 0.334028 0.025 0.0263889
0 0.00726318 0.334375 0.0145264 0.01875
1 0.224414 0.472917 0.0152344 0.0375
1 0.183594 0.245312 0.0167969 0.0194444
0 0.888281 0.267708 0.223438 0.171528
2 0.959375 0.0260851 0.078125 0.0521701
1 0.00800781 0.581597 0.0160156 0.0833333
1 0.319336 0.598611 0.0125 0.0180556
1 0.167578 0.102778 0.0115234 0.0256944
0 0.329688 0.511806 0.0851562 0.160417
0 0.0289063 0.9625 0.0578125 0.0666667
0 0.820312 0.198611 0.01875 0.0256944
1 0.678125 0.364583 0.0296875 0.0361111
0 0.959375 0.0622396 0.08125 0.124479
0 0.0207031 1 0.0414063 0
0 0.0155029 0.959722 0.0310059 0.075
1 0.932813 0.945833 0.134375 0.0833333
1 0.507812 0.0473524 0.0078125 0.0188368
1 0.0146484 0.963542 0.0292969 0.0729167
1 0.152539 0.130208 0.015625 0.0260417
1 0.623438 0.474653 0.0234375 0.0277778
0 0.00843506 0.95625 0.0168701 0.0875
0 0.979688 0.274653 0.0390625 0.0416667
0 0.526563 0.182292 0.075 0.121875
1 0.610156 0.485764 0.01875 0.0166667
1 0.882812 0.95 0.021875 0.0222222
0 0.832031 0.162326 0.01875 0.0267361
1 0.614844 0.477083 0.025 0.0166667
0 0.100415 0.790972 0.0769043 0.1
0 0.653125 0.205165 0.3375 0.163281
1 0.171973 0.0975694 0.0189453 0.0302083
0 0.976562 0.328819 0.046875 0.0395833
0 0.978125 0.292361 0.04375 0.0756944
0 0.934375 0.945833 0.13125 0.0805556
0 0.974219 0.229167 0.015625 0.0298611
0 0.12002 0.826389 0.112305 0.15
1 0.131445 0.753472 0.0107422 0.025
1 0.740625 0.897222 0.0421875 0.0388889
0 0.516797 0.174262 0.0554687 0.10217
0 0.229297 0.0129774 0.0292969 0.0241319
0 0.130273 0.153819 0.0105469 0.0222222
0 0.792383 0.136806 0.0371094 0.0246528
0 0.977344 0.310417 0.0453125 0.0597222
1 0.571094 0.0431424 0.0101562 0.0180556
0 0.946875 0.210243 0.05625 0.0388889
0 0.0166992 0.970139 0.0321289 0.0597222
1 0.896875 0.945139 0.053125 0.0388889
0 0.0120361 0.959028 0.0240723 0.0819444
0 0.978906 0.315799 0.0421875 0.0454861
0 0.00874023 0.586806 0.0174805 0.136111
0 0.499121 0.112153 0.264258 0.224306
0 0.85 0.235764 0.296875 0.222917
1 0.158984 0.114757 0.0125 0.0237847
0 0.344141 0.526389 0.107031 0.146528
1 0.173438 0.0924479 0.0222656 0.0338542
1 0.61875 0.478819 0.0265625 0.0298611
0 0.940625 0.217361 0.05 0.0402778
0 0.614844 0.477083 0.025 0.0166667
0 0.826758 0.222396 0.346484 0.16875
1 0.542188 0.104167 0.0125 0.0298611
0 0.871094 0.184549 0.0140625 0.0243056
1 0.237305 0.156597 0.0164062 0.0288194
1 0.492188 0.0769097 0.0125 0.0324653
1 0.629297 0.479861 0.021875 0.0319444
0 0.833984 0.279687 0.332031 0.211458
1 0.0120605 0.334722 0.0241211 0.0236111
1 0.146484 0.122222 0.0144531 0.0302083
1 0.493359 0.793056 0.0164062 0.0416667
1 0.68125 0.358333 0.03125 0.0458333
0 0.00809326 0.537153 0.0161865 0.186806
1 0.541406 0.204123 0.104687 0.150087
1 0.890625 0.9875 0.028125 0.025
0 0.166992 0.983333 0.0179687 0.0305556
0 0.835938 0.163194 0.025 0.0305556
0 0.785937 0.13967 0.0265625 0.0272569
1 0.9 0.957639 0.2 0.0680556
1 0.357031 0.443056 0.0109375 0.0263889
0 0.326172 0.497917 0.0765625 0.117361
0 0.879687 0.232986 0.234375 0.184028
1 0.0296997 0.395833 0.0579834 0.0513889
1 0.820312 0.198611 0.01875 0.0256944
0 0.825 0.201215 0.028125 0.0302083
0 0.876562 0.185764 0.025 0.03125
0 0.619922 0.472917 0.0242187 0.0236111
1 0.892969 0.940278 0.214062 0.101389
1 0.369531 0.364236 0.015625 0.0284722
1 0.169336 0.770139 0.0488281 0.0944444
1 0.354492 0.496528 0.132422 0.202778
0 0.923437 0.204514 0.0140625 0.0208333
1 0.376563 0.371181 0.0171875 0.0277778
0 0.946875 0.292361 0.10625 0.111111
1 0.144531 0.151085 0.0113281 0.0318576
1 0.153711 0.609722 0.028125 0.0388889
1 0.751953 0.888194 0.0695312 0.0791667
0 0.00623779 0.411458 0.0124756 0.0569444
1 0.12832 0.813889 0.129297 0.163889
0 0.679297 0.168099 0.367969 0.202691
1 0.0401367 0.384028 0.024707 0.0291667
0 0.912891 0.176042 0.174219 0.30625
1 0.605859 0.352778 0.0078125 0.0222222
1 0.166016 0.984028 0.01875 0.0319444
2 0.826758 0.222396 0.346484 0.16875
0 0.0155762 0.963889 0.0311523 0.0722222
0 0.930469 0.217014 0.021875 0.0236111
0 0.764844 0.547569 0.470313 0.195833
0 0.183594 0.245312 0.0167969 0.0194444
1 0.886719 0.983333 0.0265625 0.0305556
0 0.0296997 0.395833 0.0579834 0.0513889
1 0.98125 0.229167 0.021875 0.0347222
0 0.682031 0.14184 0.534375 0.283681
0 0.392578 0.0217448 0.0132813 0.0297743
1 0.0167969 0.309375 0.0168945 0.0284722
0 0.799609 0.224002 0.400781 0.231858
0 0.659375 0.134462 0.382812 0.224826
0 0.739844 0.202431 0.520312 0.254167
0 0.786719 0.596181 0.426562 0.290972
1 0.00625 0.379861 0.0118164 0.0236111
1 0.917188 0.976389 0.034375 0.0277778
0 0.894531 0.263194 0.210938 0.266667
0 0.972656 0.317361 0.0546875 0.0652778
2 0.879687 0.232986 0.234375 0.184028
0 0.155078 0.984028 0.0417969 0.0319444
0 0.513672 0.14184 0.323438 0.269444
0 0.844531 0.932986 0.298438 0.134028
1 0.234961 0.158507 0.0167969 0.0305556
0 0.0987305 0.32717 0.192773 0.181771
0 0.839063 0.167535 0.0328125 0.0375
1 0.991406 0.44375 0.0171875 0.0270833
1 0.320312 0.0244792 0.0335938 0.0380208
1 0.00842285 0.354861 0.0163086 0.0326389
0 0.149219 0.606944 0.0171875 0.0333333
1 0.172852 0.761111 0.0398437 0.075
0 0.883594 0.167708 0.226562 0.297917
1 0.127734 0.153125 0.0207031 0.0274306
0 0.932813 0.253125 0.05 0.0590278
0 0.0113525 0.5875 0.0227051 0.0944444
1 0.544922 0.465972 0.01875 0.0111111
0 0 0.926389 0 0.147222
2 0.883594 0.167708 0.226562 0.297917
0 0.891797 0.36033 0.216406 0.307118
0 0.821875 0.163021 0.015625 0.0239583
2 0.958594 0.0627604 0.08125 0.125521
0 0.9 0.148264 0.19375 0.296528
0 0.807813 0.243924 0.384375 0.333681
1 0.89375 0.948611 0.0421875 0.0361111
0 0.496973 0.0539063 0.263867 0.107813
0 0.845312 0.171528 0.053125 0.04375
1 0.186523 0.244097 0.021875 0.0208333
2 0.73125 0.188151 0.510938 0.261198
0 0.796289 0.511458 0.407422 0.127083
0 0.806836 0.151042 0.386328 0.302083
0 0.868555 0.791146 0.253516 0.417708
2 0.819727 0.176563 0.360547 0.282292
0 0.414453 1 0.178906 0
0 0.973437 0.255208 0.053125 0.0388889
0 1 0.657986 0 0.25625
0 0.934375 0.162153 0.13125 0.324306
0 0.876562 0.196528 0.01875 0.0208333
0 0.625781 1 0.188281 0
0 0.83125 0.168056 0.01875 0.0284722
0 0.00970459 0.413889 0.0194092 0.0611111
1 0.149023 0.612847 0.0332031 0.0715278
0 1 0.615625 0 0.246528
1 0.803125 0.946528 0.046875 0.0861111
0 1 0.703472 0 0.252778
0 0.766797 0.110069 0.466406 0.220139
3 0.649219 0.668056 0.651563 0.347222
0 0.754297 0.482726 0.491406 0.490104
0 0.794531 0.720486 0.407813 0.559028
1 0.559766 0.0710069 0.0117188 0.0194444
2 0.61875 0.140799 0.540625 0.281597
2 0.725391 0.143056 0.496094 0.260417
0 0.576563 1 0.171875 0
0 0.841602 0.140972 0.316797 0.281944
2 0.775 0.709549 0.45 0.558681
0 0.678125 1 0.18125 0
1 0.74375 0.203472 0.015625 0.0277778
0 0.129297 0.809722 0.133594 0.177778
0 0.357422 0.496528 0.136719 0.205556
0 0.0150879 0.963889 0.0301758 0.0722222
0 0.00810547 0.582292 0.0162109 0.08125
0 0.540625 0.202604 0.103125 0.157292
1 0.130273 0.153646 0.0105469 0.0222222
0 0.959375 0.0284722 0.078125 0.0569444
1 0.152539 0.606944 0.01875 0.0340278
1 0.149219 0.606944 0.0169922 0.0333333
0 0.98125 0.22934 0.0234375 0.0347222
0 0.105371 0.813194 0.0882813 0.143056
1 0.8 0.976389 0.0234375 0.0277778
1 0.369922 0.370833 0.0140625 0.0208333
1 0.0072876 0.334375 0.0145752 0.01875
0 0.314063 0.0238281 0.0195312 0.0359375
1 0.314063 0.0238281 0.0195312 0.0359375
1 0.619922 0.472917 0.0242187 0.0236111
0 0.985937 0.230729 0.028125 0.0357639
1 0.684375 0.365972 0.0195312 0.0361111
1 0.670313 0.371528 0.0140625 0.0236111
1 0.229297 0.0129774 0.0292969 0.0241319
0 0.978906 0.282292 0.0421875 0.05625
1 0.888281 0.941667 0.03125 0.025
0 0.926562 0.203819 0.015625 0.0232639
1 0.519531 0.0199219 0.00859375 0.0170139
1 0.614453 0.472917 0.0242187 0.0236111
1 0.392578 0.021799 0.0132813 0.0298394
1 0.146289 0.129167 0.0144531 0.0236111
0 0.9875 0.334028 0.025 0.0263889
0 0.0072876 0.334375 0.0145752 0.01875
1 0.224414 0.472917 0.0152344 0.0375
1 0.183594 0.245312 0.0167969 0.0194444
0 0.888281 0.267708 0.223438 0.171528
2 0.959375 0.0261285 0.078125 0.0522569
1 0.00800781 0.581597 0.0160156 0.0833333
1 0.319336 0.598958 0.0125 0.0173611
0 0.329688 0.511806 0.0851562 0.159722
1 0.167578 0.102691 0.0115234 0.0258681
0 0.0289551 0.9625 0.0579102 0.0666667
1 0.678125 0.364236 0.0296875 0.0368056
0 0.820312 0.198785 0.01875 0.0260417
0 0.959375 0.0621528 0.08125 0.124306
1 0.932813 0.945833 0.134375 0.0833333
0 0.020752 1 0.0415039 0
0 0.0155029 0.959722 0.0310059 0.075
1 0.507812 0.0473958 0.0078125 0.01875
1 0.0146484 0.963542 0.0292969 0.0729167
1 0.623438 0.474653 0.0234375 0.0277778
1 0.152637 0.130208 0.0154297 0.0256944
0 0.00842285 0.95625 0.0168457 0.0875
0 0.979688 0.274653 0.0390625 0.0416667
0 0.526563 0.182335 0.075 0.122135
1 0.610156 0.485764 0.01875 0.0166667
1 0.882812 0.95 0.021875 0.0222222
1 0.614844 0.477083 0.025 0.0166667
0 0.100415 0.790972 0.0769043 0.1
0 0.832031 0.1625 0.01875 0.0270833
0 0.653125 0.205208 0.3375 0.163194
0 0.978125 0.292361 0.04375 0.0756944
0 0.976562 0.328819 0.046875 0.0395833
1 0.171973 0.0977431 0.0189453 0.0302083
0 0.934375 0.945833 0.13125 0.0805556
0 0.974219 0.22934 0.015625 0.0302083
0 0.120093 0.826389 0.112158 0.15
1 0.131445 0.753472 0.0107422 0.025
1 0.740625 0.897917 0.0421875 0.0388889
0 0.516797 0.174262 0.0554687 0.10217
0 0.229297 0.0129774 0.0292969 0.0241319
0 0.977344 0.310243 0.0453125 0.0600694
0 0.130273 0.153646 0.0105469 0.0222222
0 0.792383 0.136806 0.0371094 0.0246528
0 0.0166992 0.970833 0.0321289 0.0583333
1 0.571094 0.0431424 0.0101562 0.0180556
0 0.946875 0.210243 0.05625 0.0388889
0 0.0119995 0.959028 0.023999 0.0819444
1 0.896875 0.945833 0.053125 0.0388889
0 0.978906 0.315625 0.0421875 0.0458333
0 0.00874023 0.586806 0.0174805 0.136111
0 0.499121 0.11224 0.264258 0.224479
0 0.85 0.235764 0.296875 0.222917
1 0.61875 0.478819 0.0265625 0.0298611
0 0.344141 0.526389 0.107031 0.146528
1 0.173438 0.0923611 0.0222656 0.0340278
1 0.158984 0.114757 0.0125 0.0237847
0 0.614844 0.477083 0.025 0.0166667
0 0.826758 0.222613 0.346484 0.168663
0 0.940625 0.217361 0.05 0.0402778
1 0.542188 0.104253 0.0125 0.0298611
0 0.871094 0.184722 0.0140625 0.0243056
1 0.237305 0.156424 0.0164062 0.0288194
1 0.629297 0.479861 0.021875 0.0319444
0 0.833984 0.279861 0.332031 0.211806
1 0.492188 0.0769097 0.0125 0.0324653
1 0.0120483 0.334722 0.0240967 0.0236111
1 0.68125 0.358333 0.03125 0.0458333
1 0.146484 0.122222 0.0144531 0.0302083
0 0.00810547 0.537153 0.0162109 0.186806
1 0.493359 0.793056 0.0164062 0.0416667
0 0.166992 0.983333 0.0179687 0.0305556
1 0.541406 0.204167 0.103906 0.15
1 0.890625 0.9875 0.028125 0.025
1 0.900781 0.957639 0.198437 0.0680556
0 0.785937 0.13967 0.0265625 0.0272569
0 0.835938 0.163194 0.025 0.0305556
0 0.326172 0.497917 0.0765625 0.116667
1 0.357031 0.443056 0.0109375 0.0263889
1 0.0296753 0.395833 0.0578369 0.0513889
0 0.879687 0.23303 0.234375 0.183941
1 0.820312 0.198785 0.01875 0.0260417
0 0.825 0.201042 0.028125 0.0305556
0 0.876562 0.185764 0.025 0.03125
0 0.619922 0.472917 0.0242187 0.0236111
1 0.892969 0.940278 0.214062 0.101389
1 0.369531 0.364236 0.015625 0.0284722
1 0.169336 0.770139 0.0488281 0.0944444
1 0.376563 0.371181 0.0171875 0.0277778
0 0.946875 0.292535 0.10625 0.110764
1 0.354492 0.496875 0.132422 0.203472
0 0.923437 0.204514 0.0140625 0.0208333
1 0.751953 0.888194 0.0695312 0.0791667
1 0.153711 0.609722 0.028125 0.0388889
0 0.00625 0.411458 0.0125 0.0569444
1 0.128418 0.813889 0.129492 0.163889
1 0.144531 0.151085 0.0113281 0.0318576
0 0.679297 0.168359 0.367969 0.202865
1 0.0401367 0.384028 0.0248047 0.0291667
0 0.912891 0.176042 0.174219 0.30625
1 0.166016 0.984028 0.01875 0.0319444
1 0.605859 0.352778 0.0078125 0.0222222
2 0.826758 0.222613 0.346484 0.168663
0 0.015625 0.964583 0.03125 0.0708333
1 0.98125 0.22934 0.0234375 0.0347222
0 0.930469 0.217014 0.021875 0.0236111
0 0.0296753 0.395833 0.0578369 0.0513889
0 0.764844 0.546528 0.470313 0.194444
1 0.886719 0.983333 0.0265625 0.0305556
0 0.183594 0.245312 0.0167969 0.0194444
0 0.392578 0.021799 0.0132813 0.0298394
0 0.682813 0.141753 0.532812 0.283507
0 0.799609 0.224132 0.400781 0.231597
1 0.0167969 0.309375 0.0168945 0.0284722
0 0.659375 0.134549 0.382812 0.224653
0 0.739844 0.202734 0.520312 0.254253
0 0.786719 0.594792 0.426562 0.288194
0 0.15498 0.984028 0.0419922 0.0319444
1 0.917188 0.976389 0.034375 0.0291667
1 0.00627441 0.379861 0.0118164 0.0236111
0 0.894141 0.263194 0.211719 0.266667
0 0.972656 0.317361 0.0546875 0.0652778
2 0.879687 0.23303 0.234375 0.183941
1 0.991406 0.44375 0.0171875 0.0270833
0 0.0988037 0.326302 0.192236 0.180729
0 0.844531 0.932986 0.298438 0.134028
0 0.513281 0.14184 0.321875 0.269444
1 0.234961 0.15829 0.0167969 0.0306424
0 0.839063 0.167708 0.0328125 0.0375
0 0.0113525 0.5875 0.0227051 0.0944444
1 0.172949 0.761111 0.0396484 0.075
0 0.149219 0.606944 0.0169922 0.0333333
1 0.320312 0.0244792 0.0335938 0.0380208
1 0.00844727 0.354861 0.0163086 0.0326389
0 0.883594 0.167708 0.226562 0.297917
0 0.932813 0.253125 0.05 0.0590278
0 0 0.926389 0 0.147222
1 0.127734 0.153125 0.0207031 0.0274306
2 0.883594 0.167708 0.226562 0.297917
0 0.891406 0.36033 0.217187 0.307118
1 0.544922 0.465972 0.01875 0.0111111
2 0.958594 0.0626302 0.08125 0.12526
0 0.9 0.148351 0.19375 0.296701
0 0.807813 0.243707 0.384375 0.33342
0 0.821875 0.163021 0.015625 0.0239583
1 0.89375 0.948611 0.0421875 0.0361111
0 0.496973 0.0539063 0.263867 0.107813
2 0.73125 0.188238 0.510938 0.261024
0 0.845312 0.171528 0.053125 0.04375
1 0.186523 0.244097 0.021875 0.0208333
0 0.806836 0.150955 0.386328 0.30191
0 0.796289 0.511111 0.407422 0.126389
0 0.868555 0.791146 0.253516 0.417708
2 0.819727 0.176432 0.360547 0.282552
0 0.414453 1 0.178906 0
0 0.625781 1 0.189063 0
0 0.973437 0.254861 0.053125 0.0388889
0 1 0.657986 0 0.25625
0 0.934375 0.162153 0.13125 0.324306
0 0.876562 0.196528 0.01875 0.0208333
0 1 0.615278 0 0.245833
0 0.83125 0.168056 0.01875 0.0284722
1 0.149023 0.613194 0.0332031 0.0722222
1 0.803125 0.945833 0.046875 0.0861111
0 0.767187 0.110069 0.465625 0.220139
3 0.649609 0.668056 0.650781 0.347222
0 1 0.703472 0 0.252778
0 0.754297 0.482986 0.491406 0.488194
0 0.00970459 0.413889 0.0194092 0.0611111
0 0.79375 0.720486 0.409375 0.559028
1 0.559766 0.0710069 0.0117188 0.0194444
0 0.576563 1 0.171875 0
2 0.618359 0.140712 0.539844 0.281424
0 0.841602 0.140972 0.316797 0.281944
2 0.725391 0.143056 0.496094 0.260417
2 0.775 0.709722 0.45 0.558333
0 0.678125 1 0.18125 0
1 0.74375 0.203472 0.015625 0.0277778
