0 0.562891 0.496875 0.0796875 0.0583333
0 0.35 0.109462 0.0453125 0.0371528
0 0.201367 0.488194 0.135547 0.147222
1 0.402344 0.223785 0.0210938 0.0309028
1 0.155957 0.476389 0.0371094 0.0625
1 0.442187 0.220833 0.009375 0.0208333
1 0.0302734 0.335069 0.0154297 0.0229167
0 0.24375 0.490278 0.227344 0.161111
1 0.152148 0.477083 0.0289063 0.05
1 0.0221191 0.336806 0.0103516 0.0194444
1 0.150195 0.54375 0.0207031 0.0486111
0 0.8375 0.292708 0.103125 0.0979167
1 0.932813 0.456944 0.0125 0.0236111
1 0.145313 0.543056 0.0230469 0.0472222
1 0.331836 0.194792 0.0152344 0.0194444
1 0.821875 0.217361 0.01875 0.0239583
1 0.232812 0.157465 0.0152344 0.0246528
1 0.133398 0.531597 0.0109375 0.0256944
1 0.0158203 0.425347 0.0166016 0.0333333
1 0.349414 0.110069 0.0433594 0.0364583
1 0.15791 0.496528 0.0408203 0.05
1 0.158398 0.467708 0.0398437 0.0673611
1 0.232422 0.428125 0.0167969 0.0229167
0 0.349609 0.114583 0.0484375 0.0496528
1 0.405469 0.219792 0.0203125 0.0326389
1 0.201367 0.483681 0.134766 0.115972
1 0.459375 0.246528 0.0109375 0.0166667
1 0.439844 0.217882 0.0125 0.0260417
1 0.559375 0.5 0.071875 0.0541667
1 0.242773 0.436806 0.0265625 0.0375
1 0.230469 0.435417 0.0214844 0.0361111
1 0.168164 0.473958 0.0667969 0.0798611
1 0.835938 0.293403 0.103125 0.101389
1 0.0108398 0.439931 0.0157227 0.0263889
1 0.846875 0.267361 0.034375 0.0298611
1 0.416797 0.341319 0.0101562 0.0215278
1 0.0408203 0.273785 0.0146484 0.0194444
1 0.0474609 0.532639 0.0135742 0.0201389
0 0.000292969 0.911111 0.000585938 0.177778
0 0.0108398 0.439931 0.0157227 0.0263889
1 0.803125 0.663194 0.0125 0.0222222
1 0.223438 0.477431 0.0882813 0.128472
1 0.398438 0.235069 0.0265625 0.0340278
0 0.307373 0.484375 0.355566 0.15625
1 0.84375 0.625 0.009375 0.0277778
1 0.157422 0.461806 0.0351562 0.0527778
1 0.150879 0.502083 0.0302734 0.0541667
1 0.241797 0.428472 0.0210938 0.0263889
1 0.798437 0.663542 0.015625 0.0215278
1 0.0263672 0.341319 0.0364258 0.0291667
1 0.945312 0.425 0.009375 0.0152778
1 0.334766 0.198958 0.025 0.0270833
1 0.105664 0.211111 0.0140625 0.0284722
0 0.219531 0.479167 0.0972656 0.130556
1 0.0140137 0.432639 0.0208984 0.0375
1 0.162695 0.495833 0.0539063 0.0986111
1 0.972656 0.0166884 0.0546875 0.0333767
1 0.345313 0.224132 0.0117188 0.0204861
1 0.381641 0.246701 0.0117188 0.0204861
1 0.0376953 0.272743 0.0192383 0.0180556
1 0.0171387 0.417361 0.0174805 0.0430556
1 0.396484 0.216667 0.0382813 0.0458333
1 0.399219 0.216667 0.0203125 0.0375
1 0.404687 0.232292 0.0203125 0.0305556
0 0.00045166 0.770833 0.00090332 0.458333
1 0.96875 0.176563 0.0125 0.0170139
1 0.830469 0.625 0.025 0.0319444
0 0.399219 0.458333 0.540625 0.198611
1 0.0379028 0.3375 0.0320068 0.0277778
1 0.410937 0.222049 0.021875 0.03125
1 0.877344 0.296354 0.01875 0.021875
1 0.846875 0.295312 0.08125 0.0458333
0 0.413672 1 0.250781 0
1 0.823438 0.626042 0.015625 0.0277778
0 0.000842285 0.869444 0.00168457 0.261111
1 0.875 0.302083 0.021875 0.025
1 0.349609 0.114583 0.0484375 0.0496528
0 0.350391 1 0.228906 0
0 0.162891 1 0.234375 0
1 0.165234 0.511111 0.0703125 0.123611
1 0.163379 0.546528 0.0369141 0.0611111
1 0.0351562 0.398264 0.0175781 0.0256944
1 0.414062 0.342361 0.0109375 0.0263889
1 0.8625 0.308333 0.0484375 0.0375
1 0.8125 0.327431 0.034375 0.0340278
0 0.261719 0.467014 0.26875 0.192361
1 0.804688 0.330208 0.021875 0.0243056
1 0.464844 0.248264 0.0140625 0.0184028
1 0.835938 0.269444 0.046875 0.0388889
1 0.839844 0.3125 0.0921875 0.0604167
0 0.208984 1 0.187891 0
0 0.477344 0.999653 0.258594 0.000694444
0 0.183398 0.475 0.167969 0.177778
1 0.0294434 0.398611 0.0482422 0.0555556
1 0.224609 0.440972 0.040625 0.0486111
0 0.397754 0.460069 0.418555 0.175
0 0.0221191 0.336806 0.0103516 0.0194444
1 0.0342773 0.351736 0.0193359 0.0229167
0 0.15918 0.478472 0.0445312 0.0625
1 0.189502 0.505556 0.150684 0.133333
0 0.103613 1 0.192773 0
1 0.148047 0.477083 0.0601562 0.0770833
1 0.439063 0.221181 0.0203125 0.0277778
0 0.561719 0.467361 0.08125 0.116667
0 0.3 1 0.228125 0
1 0.402344 0.219792 0.025 0.0430556
0 0.45166 0.479861 0.301367 0.166667
0 0.241602 1 0.291016 0
1 0.104883 0.215278 0.0152344 0.0326389
1 0.9625 0.00690104 0.04375 0.0138021
1 0.807813 0.625694 0.021875 0.0277778
1 0.597656 0.390278 0.0140625 0.0305556
0 0.0158203 0.425347 0.0166016 0.0333333
1 0.239844 0.446528 0.0519531 0.0597222
0 0.0141602 0.429167 0.0223633 0.0444444
1 0.17832 0.48125 0.19375 0.1125
0 0.156445 0.482639 0.0375 0.0513889
1 0.707812 0.605556 0.0125 0.0236111
0 0.0713867 0.999653 0.141211 0.000694444
1 0.331836 0.189583 0.0179687 0.0284722
1 0.35 0.209375 0.0984375 0.0795139
1 0.0403809 0.277431 0.0172852 0.0256944
1 0.923437 0.222396 0.115625 0.0857639
1 0.0132324 0.432639 0.0133789 0.0375
1 0.042334 0.359028 0.0141602 0.0180556
1 0.9375 0.457639 0.025 0.0305556
0 0.00065918 0.711111 0.00131836 0.311111
0 0.464941 0.526736 0.274805 0.147222
1 0.823438 0.269792 0.021875 0.0326389
1 0.201221 0.506944 0.13584 0.173611
1 0.0412598 0.371181 0.0130859 0.0215278
1 0.785937 0.622569 0.01875 0.025
1 0.971094 0.0359809 0.0578125 0.0719618
0 0.541406 0.498958 0.11875 0.0701389
0 0.567187 0.999306 0.3 0.00138889
1 0.845312 0.252083 0.021875 0.0232639
0 0.646094 0.999306 0.21875 0.00138889
1 0.025293 0.345139 0.0173828 0.0305556
1 0.820312 0.212847 0.01875 0.0298611
0 0.000708008 0.622222 0.00141602 0.313889
0 0.199023 0.51875 0.233203 0.316667
1 0.78418 0.620139 0.0191406 0.0222222
0 0.442187 0.220833 0.009375 0.0208333
1 0.185937 0.55 0.0324219 0.0444444
0 0.0132324 0.432639 0.0133789 0.0375
1 0.234766 0.161806 0.021875 0.0340278
1 0.852344 0.273438 0.065625 0.0392361
0 0.000537109 0.826389 0.00107422 0.320833
0 0.274414 0.515972 0.301172 0.316667
0 0.692187 1 0.226562 0
1 0.128906 0.427083 0.0144531 0.0277778
0 0.00065918 0.651736 0.00131836 0.570139
1 0.140625 0.543056 0.0257812 0.0506944
1 0.224414 0.165972 0.0347656 0.0375
1 0.0491211 0.531944 0.0178711 0.0236111
1 0.202734 0.534028 0.133594 0.0833333
1 0.171289 0.418403 0.0300781 0.0256944
0 0.563281 0.530556 0.078125 0.147917
0 0.000463867 0.554861 0.000927734 0.523611
2 0.399219 0.458333 0.540625 0.198611
1 0.954687 0.676389 0.05625 0.0347222
0 0.000488281 0.560069 0.000976562 0.325694
1 0.532422 0.578472 0.0179687 0.0263889
0 0.358203 0.473698 0.45625 0.409549
0 0.347656 0.605556 0.523438 0.329167
0 0.9375 1 0.125 0
0 0.776563 0.230035 0.365625 0.218403
1 0.796875 0.329948 0.015625 0.0220486
1 0.942969 0.226562 0.075 0.0711806
1 0.227539 0.433333 0.0335938 0.0375
0 0.541016 1 0.184375 0
1 0.885938 0.223611 0.192188 0.1
1 0.992969 0.0675347 0.0140625 0.0244792
0 0.971875 0.0182726 0.05625 0.0365451
1 0.248437 0.429861 0.0316406 0.0291667
1 0.432031 0.155556 0.009375 0.0173611
0 0.587891 0.999306 0.192969 0.00138889
1 0.444531 0.234722 0.0140625 0.0368056
1 0.12832 0.444792 0.0175781 0.0354167
1 0.810156 0.651389 0.148438 0.0569444
1 0.21543 0.484028 0.165234 0.14375
0 0.263721 1 0.195996 0
1 0.432031 0.25 0.0828125 0.0444444
2 0.397754 0.460069 0.418555 0.175
1 0.835938 0.270833 0.109375 0.157639
0 0.179346 0.435764 0.178809 0.229861
0 0.000585938 0.257639 0.00117188 0.473611
0 0.433496 0.522222 0.35332 0.318056
1 0.417285 0.250347 0.19668 0.0923611
0 0.783398 0.266493 0.433203 0.271875
0 0.441016 0.628472 0.635938 0.297222
1 0.953125 0.678993 0.0625 0.0475694
1 0.944531 0.214583 0.065625 0.0583333
1 0.21875 0.171528 0.025 0.0368056
1 0.601562 0.391667 0.01875 0.0277778
0 0.110156 0.639583 0.220313 0.720833
1 0.392969 0.230382 0.03125 0.0385417
0 0.742969 0.999306 0.215625 0.00138889
0 0.227148 0.577083 0.366016 0.370833
0 0.764063 0.657292 0.470313 0.10625
0 0.000634766 0.296354 0.00126953 0.320486
0 0.811719 0.288889 0.151562 0.124306
0 1 0.887847 0 0.224306
1 0.161133 0.422917 0.0240234 0.0277778
0 0.000585938 0.355469 0.00117188 0.312674
0 0.362891 0.483681 0.296094 0.151389
0 0.0150146 0.606597 0.0300293 0.786806
0 0.160742 0.577431 0.284766 0.361806
0 0.449609 0.678472 0.639844 0.195833
0 0.488672 0.519444 0.347656 0.302778
1 0.101758 0.215278 0.025 0.0347222
0 0.953125 0.678993 0.0625 0.0475694
1 0.199023 0.4625 0.126172 0.100694
0 0.806055 0.746007 0.284766 0.305208
1 0.336719 0.188889 0.0289063 0.0347222
0 0.14043 0.472917 0.189063 0.598611
1 0.543359 0.547917 0.0382813 0.05
0 0.764063 0.561806 0.471875 0.105556
1 0.322266 0.185764 0.0203125 0.0309028
0 0.400781 0.222917 0.021875 0.03125
1 0.430469 0.439931 0.009375 0.0152778
1 0.939062 0.450694 0.025 0.0291667
0 0.695312 0.300174 0.389062 0.166319
2 0.757812 0.442361 0.476562 0.205556
1 0.11604 0.468056 0.0929199 0.0777778
0 0.88125 1 0.19375 0
1 0.0371094 0.374306 0.0207031 0.0208333
1 0.0961914 0.215625 0.0419922 0.0392361
0 0.725781 0.327083 0.410937 0.325694
0 0.757812 0.442361 0.476562 0.205556
0 0.806445 0.999306 0.193359 0.00138889
1 0.457812 0.228819 0.0171875 0.0284722
0 0.00583496 0.672222 0.0116699 0.655556
1 0.428516 0.271528 0.0117188 0.0180556
1 0.0334473 0.386458 0.0588867 0.134722
0 0.761328 0.228993 0.467969 0.130556
2 0.433594 0.474653 0.338281 0.129861
3 0.274414 0.515972 0.301172 0.316667
0 0.788867 0.678472 0.419141 0.209722
0 0.78418 0.972222 0.353516 0.0555556
0 0.583594 0.0289063 0.35625 0.0578125
0 0.830078 0.22934 0.339844 0.148958
0 0.79375 0.793229 0.4125 0.413542
0 0.000610352 0.208333 0.0012207 0.302778
1 0.415625 0.345833 0.0132813 0.0291667
0 0.234375 0.72934 0.46875 0.541319
2 0.78418 0.747917 0.425391 0.273611
1 0.193164 0.529861 0.158203 0.176389
2 0.647754 0.198958 0.620117 0.361806
0 0.964844 0.825 0.0703125 0.177778
0 0.00107422 0.115625 0.00214844 0.23125
1 0.0493164 0.315278 0.0255859 0.0236111
2 0.758594 0.505556 0.478125 0.192361
0 0.15791 0.496528 0.0408203 0.05
1 0.853125 0.634722 0.028125 0.0472222
1 0.24375 0.490278 0.227344 0.161111
0 0.757031 0.632639 0.471875 0.134722
1 0.0251953 0.415972 0.0425781 0.0638889
0 0.478906 0.495139 0.242188 0.152778
0 0.562891 0.496875 0.0796875 0.0583333
0 0.35 0.109462 0.0453125 0.0371528
0 0.201367 0.488194 0.135547 0.147222
1 0.402344 0.223958 0.0210938 0.03125
1 0.155957 0.476389 0.0371094 0.0625
1 0.442187 0.220833 0.009375 0.0208333
1 0.0302612 0.335069 0.0154541 0.0229167
0 0.243359 0.490278 0.226562 0.161111
1 0.152148 0.476736 0.0289063 0.0506944
1 0.0221191 0.336806 0.0103516 0.0194444
1 0.150195 0.54375 0.0207031 0.0486111
0 0.8375 0.292708 0.103125 0.0979167
1 0.932813 0.456944 0.0125 0.0236111
1 0.145313 0.543056 0.0230469 0.0472222
1 0.331836 0.194792 0.0152344 0.0194444
1 0.821875 0.217361 0.01875 0.0239583
1 0.232812 0.157465 0.0152344 0.0246528
1 0.133398 0.531597 0.0109375 0.0256944
1 0.0158203 0.425347 0.0166016 0.0333333
1 0.349414 0.110069 0.0433594 0.0364583
1 0.15791 0.496528 0.0408203 0.05
1 0.158398 0.467708 0.0398437 0.0673611
1 0.232422 0.428125 0.0167969 0.0229167
0 0.349609 0.11467 0.0484375 0.0496528
1 0.405469 0.219965 0.0203125 0.0326389
1 0.201367 0.483681 0.134766 0.115972
1 0.459375 0.246528 0.0109375 0.0166667
1 0.439453 0.218056 0.0125 0.0263889
1 0.559375 0.5 0.071875 0.0541667
1 0.242773 0.436806 0.0265625 0.0375
1 0.230469 0.435417 0.0214844 0.0361111
1 0.168164 0.473958 0.0667969 0.0798611
1 0.0108887 0.439931 0.0157227 0.0263889
1 0.835938 0.293403 0.103125 0.100694
1 0.846875 0.267361 0.034375 0.0298611
1 0.416797 0.341319 0.0101562 0.0215278
1 0.0474609 0.532639 0.0136719 0.0201389
1 0.0408203 0.273785 0.0146484 0.0194444
0 0.000292969 0.911111 0.000585938 0.177778
0 0.0108887 0.439931 0.0157227 0.0263889
1 0.223438 0.477431 0.0882813 0.128472
1 0.398438 0.235069 0.0265625 0.0340278
0 0.307813 0.484722 0.35625 0.156944
1 0.803125 0.663194 0.0125 0.0222222
1 0.84375 0.625 0.009375 0.0277778
1 0.157422 0.461806 0.0351562 0.0527778
1 0.150879 0.502083 0.0302734 0.0541667
1 0.241797 0.428472 0.0210938 0.0263889
1 0.0263184 0.341319 0.0362305 0.0291667
1 0.945312 0.425 0.009375 0.0152778
1 0.798437 0.663542 0.015625 0.0215278
1 0.334766 0.199132 0.025 0.0270833
1 0.0140137 0.432639 0.0208984 0.0375
1 0.105664 0.211111 0.0140625 0.0284722
1 0.162695 0.495833 0.0539063 0.0986111
0 0.219531 0.479167 0.0972656 0.130556
1 0.345313 0.223958 0.0117188 0.0208333
1 0.381641 0.246701 0.0117188 0.0204861
1 0.972656 0.0166884 0.0546875 0.0333767
1 0.0376465 0.272569 0.0192383 0.0180556
1 0.0171387 0.417361 0.0174805 0.0430556
1 0.396484 0.216667 0.0382813 0.0458333
1 0.399219 0.216667 0.0203125 0.0375
1 0.404687 0.232292 0.0203125 0.0305556
0 0.00045166 0.770833 0.00090332 0.458333
1 0.96875 0.176563 0.0125 0.0170139
1 0.0378906 0.3375 0.0319336 0.0277778
1 0.830469 0.624653 0.025 0.0326389
0 0.398828 0.458333 0.540625 0.199306
1 0.410937 0.222049 0.021875 0.03125
1 0.877344 0.296354 0.01875 0.021875
1 0.846875 0.295312 0.08125 0.0458333
0 0.413672 1 0.250781 0
0 0.000842285 0.869444 0.00168457 0.261111
1 0.823438 0.626042 0.015625 0.0277778
1 0.875 0.302083 0.021875 0.025
1 0.349609 0.11467 0.0484375 0.0496528
0 0.35 1 0.229687 0
0 0.162891 1 0.234766 0
1 0.165234 0.511111 0.0703125 0.123611
1 0.163379 0.546528 0.0369141 0.0611111
1 0.0351562 0.398264 0.0175781 0.0256944
1 0.414062 0.342361 0.0109375 0.0263889
1 0.8625 0.308333 0.0484375 0.0375
0 0.261328 0.467361 0.267969 0.191667
1 0.8125 0.327431 0.034375 0.0340278
1 0.804688 0.330208 0.021875 0.0243056
1 0.464844 0.248264 0.0140625 0.0184028
0 0.208984 1 0.1875 0
1 0.835938 0.269444 0.046875 0.0388889
1 0.0293091 0.398611 0.0480225 0.0555556
0 0.477344 0.999306 0.259375 0.00138889
0 0.183643 0.475 0.167871 0.177083
1 0.839844 0.312326 0.0921875 0.0607639
1 0.224609 0.440972 0.040625 0.0486111
0 0.397559 0.460069 0.418945 0.175
1 0.0342773 0.351736 0.0193359 0.0229167
0 0.0221191 0.336806 0.0103516 0.0194444
1 0.189453 0.505556 0.149219 0.133333
0 0.15918 0.478472 0.0445312 0.0625
0 0.103613 1 0.192773 0
1 0.148047 0.477083 0.0601562 0.0770833
1 0.439063 0.221181 0.0203125 0.0277778
0 0.450684 0.480208 0.301758 0.166667
0 0.561719 0.467361 0.08125 0.116667
0 0.3 1 0.228125 0
1 0.402344 0.219792 0.025 0.0430556
0 0.241602 1 0.291016 0
1 0.104883 0.215278 0.0152344 0.0326389
1 0.9625 0.00687934 0.04375 0.0137587
1 0.597656 0.390278 0.0140625 0.0305556
0 0.0158203 0.425347 0.0166016 0.0333333
1 0.239844 0.446528 0.0519531 0.0597222
1 0.807813 0.625694 0.021875 0.0277778
0 0.0140137 0.432639 0.0208984 0.0375
1 0.178564 0.48125 0.193652 0.1125
0 0.156445 0.482639 0.0375 0.0513889
1 0.707812 0.605556 0.0125 0.0236111
0 0.0713867 1 0.141406 0
1 0.331836 0.189583 0.0179687 0.0284722
1 0.35 0.209375 0.0984375 0.0798611
1 0.0132324 0.432639 0.0132813 0.0375
1 0.0403809 0.277431 0.0172852 0.0256944
1 0.042334 0.359028 0.0141602 0.0180556
1 0.923437 0.222396 0.115625 0.0857639
1 0.9375 0.457639 0.025 0.0305556
0 0.00065918 0.711111 0.00131836 0.311111
0 0.464453 0.526736 0.275781 0.147222
1 0.0413086 0.371181 0.0130859 0.0215278
1 0.201221 0.506944 0.13584 0.173611
1 0.823438 0.269792 0.021875 0.0326389
0 0.541406 0.498958 0.11875 0.0701389
0 0.567187 0.999306 0.301562 0.00138889
1 0.971094 0.0359375 0.0578125 0.071875
1 0.0252808 0.345139 0.0174072 0.0305556
1 0.785937 0.622569 0.01875 0.025
0 0.645703 0.999306 0.219531 0.00138889
1 0.845312 0.252083 0.021875 0.0232639
1 0.820312 0.212847 0.01875 0.0298611
0 0.000708008 0.622222 0.00141602 0.313889
0 0.199023 0.519097 0.232812 0.315972
1 0.185937 0.55 0.0324219 0.0444444
1 0.78418 0.619792 0.0191406 0.0229167
0 0.0132324 0.432639 0.0132813 0.0375
0 0.442187 0.220833 0.009375 0.0208333
1 0.234766 0.161806 0.021875 0.0340278
0 0.000524902 0.826215 0.0010498 0.319792
1 0.852344 0.273438 0.065625 0.0392361
0 0.456348 0.477778 0.293555 0.120833
0 0.274414 0.516319 0.301172 0.315972
0 0.692187 1 0.226562 0
1 0.128906 0.426736 0.0144531 0.0284722
1 0.0491211 0.531944 0.0178711 0.0236111
1 0.140625 0.543056 0.0257812 0.0506944
0 0.000634766 0.652083 0.00126953 0.569444
1 0.224414 0.165972 0.0347656 0.0378472
1 0.202783 0.534722 0.133496 0.0819444
1 0.171289 0.418403 0.0300781 0.0256944
0 0.563281 0.530556 0.078125 0.147917
1 0.954687 0.676389 0.05625 0.0347222
2 0.398828 0.458333 0.540625 0.199306
0 0.000463867 0.554861 0.000927734 0.522222
0 0.000488281 0.560069 0.000976562 0.324306
1 0.532422 0.578125 0.0179687 0.0263889
0 0.358398 0.473611 0.456641 0.409722
0 0.347461 0.605556 0.523047 0.329167
0 0.9375 1 0.125 0
1 0.227734 0.433333 0.0335938 0.0375
0 0.541016 1 0.184375 0
0 0.776563 0.230035 0.365625 0.218403
1 0.796875 0.329948 0.015625 0.0220486
1 0.942187 0.226562 0.075 0.0711806
1 0.885938 0.223611 0.192188 0.100694
1 0.432031 0.155556 0.009375 0.0173611
1 0.992969 0.0675347 0.0140625 0.0244792
1 0.248437 0.429861 0.0320312 0.0291667
0 0.587891 0.999306 0.192969 0.00138889
0 0.971875 0.0182726 0.05625 0.0365451
1 0.444531 0.234722 0.0140625 0.0368056
1 0.12832 0.444792 0.0175781 0.0354167
0 0.263721 1 0.195996 0
1 0.431641 0.250174 0.0835937 0.0444444
1 0.215039 0.484028 0.164453 0.14375
1 0.810742 0.651389 0.150391 0.0569444
2 0.397559 0.460069 0.418945 0.175
1 0.835938 0.270833 0.109375 0.157639
1 0.953125 0.678993 0.0625 0.0475694
0 0.179297 0.435764 0.178516 0.229861
0 0.433496 0.522222 0.35332 0.318056
1 0.41709 0.250347 0.195508 0.0923611
0 0.000610352 0.257292 0.0012207 0.472917
0 0.440625 0.628125 0.635156 0.296528
0 0.783398 0.266623 0.433203 0.271615
1 0.601562 0.391667 0.0179687 0.0277778
0 0.742578 0.999306 0.216406 0.00138889
0 0.110156 0.640278 0.220313 0.719444
1 0.21875 0.171528 0.025 0.0368056
1 0.944531 0.214583 0.065625 0.0586806
0 0.227002 0.577083 0.366309 0.370833
1 0.392969 0.230382 0.03125 0.0385417
0 0.764063 0.657292 0.470313 0.10625
0 0.000634766 0.296354 0.00126953 0.319792
0 0.778906 0.999306 0.195312 0.00138889
1 0.161133 0.422917 0.0240234 0.0277778
0 0.811719 0.288889 0.151562 0.124306
0 1 0.888194 0 0.223611
0 0.000561523 0.355208 0.00112305 0.3125
0 0.160645 0.577431 0.28457 0.361806
0 0.448828 0.677778 0.638281 0.195833
0 0.362695 0.483681 0.297266 0.152083
0 0.488184 0.519444 0.34707 0.302778
0 0.0145752 0.606597 0.0291504 0.786806
0 0.953125 0.678993 0.0625 0.0475694
1 0.101758 0.215278 0.025 0.0347222
1 0.199023 0.4625 0.126172 0.1
0 0.805469 0.746007 0.285937 0.305208
1 0.336719 0.188889 0.0289063 0.0347222
0 0.14082 0.472309 0.190234 0.59566
0 0.764063 0.562153 0.471875 0.105556
1 0.543359 0.547917 0.0382813 0.05
1 0.322266 0.185764 0.0203125 0.03125
1 0.430469 0.439931 0.009375 0.0159722
1 0.939062 0.450694 0.025 0.0291667
0 0.400391 0.222917 0.0226563 0.03125
2 0.757812 0.442361 0.476562 0.205556
0 0.695312 0.300347 0.389062 0.166667
1 0.0371582 0.374306 0.0206055 0.0208333
1 0.116235 0.468056 0.0933105 0.0784722
0 0.88125 1 0.19375 0
0 0.757812 0.442361 0.476562 0.205556
1 0.0958984 0.215625 0.0425781 0.0395833
0 0.726172 0.327083 0.411719 0.325
0 0.00571289 0.672222 0.0114258 0.655556
1 0.457812 0.228819 0.0171875 0.0284722
1 0.0333862 0.386892 0.0588135 0.134549
2 0.433594 0.475 0.338281 0.129167
1 0.428516 0.271528 0.0117188 0.0180556
3 0.274414 0.516319 0.301172 0.315972
0 0.788281 0.678472 0.420312 0.209722
0 0.761328 0.228993 0.467969 0.130556
0 0.583594 0.0289063 0.35625 0.0578125
0 0.793555 0.793229 0.412891 0.413542
0 0.783594 0.972222 0.353125 0.0555556
1 0.193164 0.529514 0.157422 0.175
0 0.830078 0.22934 0.339844 0.148958
0 0.000622559 0.20816 0.00124512 0.302431
1 0.415625 0.345833 0.0132813 0.0291667
0 0.23457 0.728472 0.469141 0.543056
2 0.78457 0.747917 0.427734 0.273611
2 0.647754 0.198958 0.620117 0.361806
0 0.00109863 0.115625 0.00219727 0.23125
1 0.0493164 0.315278 0.0254883 0.0236111
2 0.758594 0.505556 0.478125 0.192361
1 0.0251831 0.415972 0.0426025 0.0638889
0 0.15791 0.496528 0.0408203 0.05
0 0.964844 0.825 0.0703125 0.177778
0 0.478906 0.495139 0.242188 0.152778
0 0.757031 0.632639 0.471875 0.134722
1 0.243359 0.490278 0.226562 0.161111
