0 0.882031 0.431597 0.05 0.0354167
0 0.146094 0.0993056 0.13125 0.0630208
0 0.5875 0.375694 0.0515625 0.0388889
0 0.486719 0.440972 0.0476562 0.0416667
0 0.0253906 0.363889 0.0488281 0.0354167
0 0.343164 0.364583 0.0660156 0.0402778
0 0.953125 0.369792 0.0546875 0.0361111
0 0.242578 0.443056 0.0640625 0.04375
0 0.122266 0.219792 0.0496094 0.0402778
0 0.122656 0.360417 0.0550781 0.0361111
0 0.734375 0.15816 0.0476562 0.0368056
0 0.7875 0.451389 0.053125 0.0347222
0 0.349609 0.432639 0.0484375 0.0388889
0 0.659375 0.441667 0.06875 0.0430556
0 0.163086 0.425 0.0472656 0.0333333
0 0.470703 0.360764 0.0476562 0.0368056
0 0.207031 0.3625 0.0484375 0.0375
0 0.68125 0.222222 0.059375 0.04375
0 0.260742 0.672917 0.0179687 0.0458333
0 0.85 0.375694 0.05 0.0361111
0 0.189844 0.715278 0.0183594 0.0611111
0 0.215039 0.364236 0.0664062 0.0402778
0 0.225781 0.675 0.0195312 0.0458333
1 0.996484 0.429861 0.00703125 0.025
1 0.996094 0.433681 0.0078125 0.0298611
0 0.996484 0.429861 0.00703125 0.025
0 0.358984 0.43125 0.0757812 0.0458333
0 0.532812 0.660417 0.046875 0.0361111
1 0.119434 0.986111 0.0125 0.0208333
0 0.689062 0.222917 0.0765625 0.0493056
0 0.791406 0.447222 0.059375 0.0333333
0 0.239063 0.671528 0.0335938 0.0402778
1 0.939062 0.876389 0.0171875 0.0305556
0 0.854688 0.376389 0.065625 0.0402778
0 0.198633 0.714583 0.0230469 0.0625
1 0.389844 0.948611 0.009375 0.0222222
1 0.429688 0.664583 0.0171875 0.0277778
0 0.431641 0.660764 0.0195312 0.025
0 0.996094 0.433681 0.0078125 0.0298611
1 0.486719 0.620486 0.0125 0.0180556
0 0.175439 0.101042 0.0733398 0.0572917
1 0.489062 0.620139 0.0132813 0.0194444
1 0.0683105 0.670833 0.0157227 0.0222222
0 0.440625 0.665278 0.0382813 0.0319444
0 0.429688 0.664583 0.0171875 0.0277778
1 0.9375 0.873611 0.01875 0.0222222
1 0.389062 0.958333 0.0101562 0.0416667
1 0.431641 0.660764 0.0195312 0.025
1 0.488281 0.614931 0.0101562 0.01875
0 0.194141 0.701389 0.0277344 0.0916667
0 0.0331055 0.368056 0.0662109 0.0444444
1 0.532422 0.659028 0.0453125 0.0361111
1 0.516406 0.659028 0.0289063 0.0361111
1 0.509766 0.655556 0.0179687 0.0305556
0 0.144531 0.0735894 0.133984 0.118099
0 0.129004 0.222569 0.0642578 0.0479167
0 0.119434 0.986111 0.0125 0.0208333
1 0.140137 0.959722 0.0134766 0.0166667
0 0.245703 0.673611 0.0226563 0.0444444
0 0.0253784 0.35625 0.0502197 0.0583333
1 0.995313 0.13342 0.009375 0.0130208
0 0.374609 0.434375 0.0414063 0.0423611
0 0.222266 0.669792 0.0398437 0.0395833
0 0.212109 0.675694 0.0308594 0.0458333
0 0.140137 0.959722 0.0134766 0.0166667
0 0.476562 0.3625 0.0648438 0.0444444
1 0.3875 0.95 0.0140625 0.025
0 0.49375 0.441667 0.065625 0.0444444
1 0.953125 0.369792 0.0546875 0.0361111
0 0.0120605 0.312847 0.0239258 0.0159722
1 0.941406 0.879167 0.025 0.0347222
0 0.130078 0.3625 0.071875 0.0416667
1 0.186914 0.966667 0.00898437 0.0138889
1 0.0623535 0.677083 0.021582 0.0347222
1 0.133398 0.971528 0.0259766 0.0277778
1 0.36543 0.102691 0.0101562 0.0201389
1 0.207422 0.3625 0.0484375 0.0361111
1 0.654297 0.439931 0.05625 0.0395833
0 0.149805 0.135091 0.128516 0.166623
1 0.104102 0.146528 0.0117188 0.0267361
0 0.747266 0.16072 0.0804688 0.0417535
1 0.189844 0.715278 0.0183594 0.0611111
1 0.430859 0.655208 0.01875 0.0229167
1 0.932813 0.0641493 0.009375 0.0130208
1 0.935156 0.046875 0.0140625 0.0175347
0 0.995313 0.13342 0.009375 0.0130208
1 0.129492 0.984722 0.0367187 0.0277778
1 0.942187 0.0457899 0.015625 0.0186632
1 0.1375 0.961111 0.0201172 0.0166667
1 0.11377 0.986111 0.0207031 0.025
0 0.20293 0.715278 0.0464844 0.0638889
1 0.486719 0.440972 0.0484375 0.0409722
0 0.00537109 0.665625 0.00927734 0.0784722
1 0.996094 0.448264 0.0078125 0.0479167
0 0.17041 0.426042 0.0669922 0.0416667
0 0.488281 0.614931 0.0101562 0.01875
0 0.0211182 0.314931 0.0419434 0.0215278
1 0.440625 0.665278 0.0382813 0.0319444
0 0.0755859 0.673611 0.135742 0.0763889
1 0.0524414 0.686806 0.0234375 0.0375
1 0.939062 0.0396701 0.015625 0.0256944
0 0.389062 0.958333 0.0101562 0.0416667
1 0.0547852 0.708333 0.0139648 0.0138889
1 0.343359 0.365278 0.0679687 0.0430556
2 0.770312 0.957639 0.134375 0.075
1 0.872656 0.604167 0.0109375 0.0166667
0 0.594531 0.377083 0.0703125 0.0402778
0 0.191016 0.685417 0.0257812 0.0611111
0 0.129492 0.984722 0.0367187 0.0277778
0 0.129883 0.979167 0.0361328 0.0347222
1 0.429297 0.938194 0.0140625 0.0180556
1 0.807031 0.595833 0.0203125 0.0194444
0 0.00664063 0.977778 0.0121094 0.0444444
1 0.260938 0.673611 0.01875 0.0444444
0 0.273047 0.673611 0.0261719 0.0444444
0 0.0868164 0.673264 0.0595703 0.0326389
0 0.1375 0.961111 0.0201172 0.0166667
0 0.00532227 0.621528 0.00966797 0.0166667
1 0.470703 0.360417 0.0484375 0.0375
0 0.136328 0.211979 0.0878906 0.053125
0 0.277344 0.677083 0.0296875 0.0458333
0 0.0683105 0.670833 0.0157227 0.0222222
0 0.133398 0.971528 0.0259766 0.0277778
0 0.104102 0.146528 0.0117188 0.0267361
0 0.775195 0.959722 0.124609 0.075
1 0.501172 0.649306 0.025 0.025
1 0.829687 0.137847 0.009375 0.0197917
0 0.0105225 0.534028 0.0187988 0.0236111
0 0.516406 0.659028 0.0289063 0.0361111
0 0.127148 0.0633681 0.160156 0.126736
1 0.349414 0.432639 0.0488281 0.0388889
1 0.786719 0.450347 0.053125 0.0368056
0 0.00651855 0.0181424 0.012793 0.0171875
1 0.129883 0.979167 0.0361328 0.0347222
0 0.175 0.722222 0.05 0.0888889
1 0.21543 0.364583 0.0664062 0.0416667
1 0.40625 0.961111 0.009375 0.0361111
2 0.939062 0.876389 0.0171875 0.0305556
0 0.0203369 0.658681 0.0138184 0.0631944
1 0.474219 0.665625 0.108594 0.0409722
1 0.0868164 0.673264 0.0595703 0.0326389
0 0.807031 0.595833 0.0203125 0.0194444
1 0.242188 0.442708 0.0613281 0.0423611
0 0.474219 0.665625 0.108594 0.0409722
1 0.503125 0.620139 0.0320312 0.0222222
0 0.0994141 0.72934 0.0998047 0.149653
0 0.0986328 0.0920139 0.0390625 0.046875
0 0.221484 0.700174 0.0304688 0.0857639
0 0.942187 0.0457899 0.015625 0.0186632
0 0.939062 0.876389 0.0171875 0.0305556
1 0.960938 0.881944 0.0625 0.0472222
1 0.129102 0.9625 0.0289063 0.0222222
1 0.389844 0.966667 0.0125 0.0569444
0 0.673437 0.88125 0.0625 0.0569444
1 0.996094 0.432639 0.0078125 0.0319444
1 0.333594 0.0934028 0.0101562 0.0177083
1 0.0333984 0.49375 0.0136719 0.0180556
0 0.0259277 0.317014 0.0518555 0.0270833
0 0.267969 0.623611 0.0238281 0.0277778
0 0.0347412 0.328819 0.0694824 0.1125
0 0.462109 1 0.116406 0
0 0.186914 0.966667 0.00898437 0.0138889
1 0.123242 0.360069 0.0546875 0.0361111
0 0.0311035 0.672569 0.0439453 0.0729167
0 0.8875 0.43125 0.065625 0.0402778
1 0.122559 0.219444 0.0496094 0.0409722
1 0.88125 0.43125 0.05 0.0375
2 0.869727 0.1875 0.260547 0.375
0 0.717969 0.951389 0.425 0.0972222
1 0.0740234 0.677083 0.0359375 0.0375
1 0.0769531 0.675694 0.143359 0.0736111
0 0.882031 0.431597 0.05 0.0354167
0 0.146094 0.0993056 0.13125 0.0630208
0 0.5875 0.375694 0.0515625 0.0388889
0 0.486719 0.440972 0.0476562 0.0416667
0 0.0253906 0.363889 0.0488281 0.0354167
0 0.343164 0.364583 0.0660156 0.0402778
0 0.242578 0.443056 0.0640625 0.04375
0 0.953125 0.369792 0.0546875 0.0361111
0 0.122266 0.219792 0.0496094 0.0402778
0 0.122656 0.360417 0.0550781 0.0361111
0 0.734375 0.15829 0.0484375 0.0368924
0 0.7875 0.451389 0.053125 0.0347222
0 0.349609 0.432639 0.0484375 0.0388889
0 0.659375 0.442014 0.06875 0.04375
0 0.163086 0.425 0.0472656 0.0333333
0 0.470703 0.360764 0.0476562 0.0368056
0 0.207031 0.3625 0.0484375 0.0375
0 0.68125 0.222222 0.059375 0.04375
0 0.260742 0.672917 0.0179687 0.0458333
0 0.85 0.375694 0.05 0.0361111
0 0.189844 0.715278 0.0183594 0.0611111
0 0.215039 0.364236 0.0664062 0.0402778
0 0.225781 0.675 0.0195312 0.0458333
1 0.996484 0.429861 0.00703125 0.025
1 0.996094 0.434028 0.0078125 0.0305556
0 0.996484 0.429861 0.00703125 0.025
0 0.358984 0.43125 0.0757812 0.0458333
0 0.532812 0.660417 0.046875 0.0361111
1 0.119434 0.986111 0.0125 0.0208333
0 0.689062 0.222917 0.0765625 0.0493056
0 0.791406 0.447222 0.059375 0.0333333
0 0.239063 0.671528 0.0335938 0.0402778
1 0.939062 0.876389 0.0171875 0.0305556
0 0.854688 0.376389 0.065625 0.0402778
0 0.198633 0.714583 0.0230469 0.0625
1 0.389453 0.948611 0.0101562 0.0222222
1 0.429688 0.664583 0.015625 0.0277778
0 0.431641 0.660417 0.0195312 0.025
0 0.996094 0.434028 0.0078125 0.0305556
1 0.486719 0.620486 0.0125 0.0180556
0 0.175439 0.101042 0.0733398 0.0572917
1 0.489062 0.620486 0.0132813 0.01875
1 0.0683105 0.670833 0.0157227 0.0222222
0 0.440625 0.665278 0.0382813 0.0319444
0 0.429688 0.664583 0.015625 0.0277778
1 0.9375 0.873611 0.01875 0.0222222
1 0.389062 0.958333 0.0109375 0.0416667
1 0.431641 0.660417 0.0195312 0.025
1 0.488281 0.615278 0.0101562 0.0180556
0 0.194141 0.701389 0.0277344 0.0916667
0 0.0330811 0.368056 0.0661621 0.0444444
1 0.532422 0.659028 0.0453125 0.0361111
1 0.516406 0.659028 0.0289063 0.0361111
0 0.144531 0.0735894 0.133984 0.118099
1 0.509766 0.655556 0.0179687 0.0305556
0 0.128906 0.222569 0.0640625 0.0479167
0 0.119434 0.986111 0.0125 0.0208333
1 0.140137 0.959722 0.0134766 0.0166667
0 0.245703 0.673611 0.0226563 0.0444444
0 0.0253784 0.35625 0.0502197 0.0583333
1 0.995313 0.13342 0.009375 0.0130208
0 0.374609 0.434375 0.0414063 0.0423611
0 0.222266 0.669792 0.0398437 0.0395833
0 0.212109 0.675694 0.0308594 0.0458333
0 0.140137 0.959722 0.0134766 0.0166667
0 0.476562 0.3625 0.0648438 0.0444444
1 0.3875 0.95 0.0140625 0.025
0 0.49375 0.441667 0.0664062 0.0444444
1 0.953125 0.369792 0.0546875 0.0361111
0 0.0120605 0.312847 0.0239258 0.0159722
1 0.941406 0.879167 0.025 0.0347222
0 0.130078 0.3625 0.071875 0.0416667
1 0.186914 0.966667 0.00898437 0.0138889
1 0.0624023 0.677083 0.0216797 0.0347222
1 0.133398 0.971528 0.0261719 0.0277778
1 0.36543 0.102691 0.0101562 0.0201389
1 0.207422 0.3625 0.0484375 0.0361111
1 0.654297 0.439931 0.05625 0.0395833
1 0.104102 0.146528 0.0117188 0.0267361
0 0.149805 0.135091 0.128516 0.166623
0 0.747266 0.16059 0.0804688 0.0420139
1 0.189844 0.715278 0.0183594 0.0611111
1 0.430859 0.655208 0.01875 0.0229167
1 0.932813 0.0640625 0.009375 0.0131944
1 0.935156 0.046875 0.0140625 0.0177083
1 0.129492 0.984722 0.0367187 0.0277778
0 0.995313 0.13342 0.009375 0.0130208
1 0.942187 0.0457899 0.015625 0.0188368
1 0.1375 0.961111 0.0203125 0.0166667
1 0.11377 0.986111 0.0207031 0.025
0 0.203125 0.715278 0.046875 0.0638889
1 0.486719 0.440972 0.0484375 0.0409722
0 0.00537109 0.665625 0.00932617 0.0784722
1 0.996094 0.448264 0.0078125 0.0479167
0 0.17041 0.426042 0.0669922 0.0416667
0 0.488281 0.615278 0.0101562 0.0180556
0 0.0211426 0.314931 0.0419922 0.0215278
1 0.440625 0.665278 0.0382813 0.0319444
0 0.0755859 0.673611 0.135547 0.0763889
1 0.0523437 0.686806 0.0236328 0.0375
1 0.939062 0.0397135 0.015625 0.0258681
0 0.389062 0.958333 0.0109375 0.0416667
1 0.0547852 0.708333 0.0139648 0.0138889
2 0.770312 0.957639 0.134375 0.075
1 0.343359 0.365278 0.0679687 0.0430556
0 0.191016 0.685938 0.0257812 0.0614583
0 0.594531 0.377083 0.0703125 0.0402778
1 0.872656 0.604167 0.0109375 0.0166667
0 0.129492 0.984722 0.0367187 0.0277778
0 0.129883 0.979167 0.0361328 0.0347222
1 0.429297 0.938194 0.0140625 0.0180556
0 0.00664063 0.977778 0.0121094 0.0444444
0 0.273047 0.673611 0.0261719 0.0444444
1 0.260938 0.673611 0.01875 0.0444444
0 0.087085 0.673264 0.0602051 0.0326389
1 0.807031 0.595833 0.0203125 0.0194444
0 0.1375 0.961111 0.0203125 0.0166667
1 0.470703 0.360417 0.0484375 0.0375
0 0.00532227 0.621528 0.00966797 0.0166667
0 0.277344 0.677083 0.0296875 0.0458333
0 0.136523 0.211979 0.0878906 0.053125
0 0.0683105 0.670833 0.0157227 0.0222222
0 0.133398 0.971528 0.0261719 0.0277778
0 0.104102 0.146528 0.0117188 0.0267361
0 0.775195 0.959722 0.124609 0.075
1 0.501172 0.649306 0.025 0.0256944
1 0.829687 0.137847 0.009375 0.0197917
0 0.516406 0.659028 0.0289063 0.0361111
0 0.127148 0.0633681 0.160156 0.126736
0 0.0105469 0.534028 0.01875 0.0243056
1 0.786719 0.450347 0.053125 0.0368056
1 0.349414 0.432639 0.0488281 0.0388889
1 0.129883 0.979167 0.0361328 0.0347222
0 0.00651855 0.0181858 0.0127441 0.0171875
0 0.175 0.722222 0.05 0.0888889
1 0.21543 0.364583 0.0664062 0.0416667
1 0.40625 0.961111 0.009375 0.0361111
2 0.939062 0.876389 0.0171875 0.0305556
0 0.0203369 0.658681 0.0138184 0.0631944
1 0.475 0.665278 0.109375 0.0416667
1 0.087085 0.673264 0.0602051 0.0326389
1 0.242188 0.442708 0.0613281 0.0423611
0 0.807031 0.595833 0.0203125 0.0194444
0 0.0995117 0.72934 0.0998047 0.149653
1 0.503125 0.620139 0.0320312 0.0229167
0 0.221484 0.700174 0.0304688 0.0857639
0 0.475 0.665278 0.109375 0.0416667
0 0.0986328 0.0920139 0.0390625 0.046875
1 0.960938 0.881944 0.0625 0.0472222
0 0.939062 0.876389 0.0171875 0.0305556
0 0.942187 0.0457899 0.015625 0.0188368
1 0.129199 0.9625 0.0291016 0.0222222
1 0.333594 0.0934028 0.0101562 0.0177083
1 0.389844 0.966667 0.0125 0.0569444
0 0.673437 0.88125 0.0625 0.0569444
1 0.996094 0.432639 0.0078125 0.0319444
0 0.0259277 0.317014 0.0518555 0.0270833
1 0.0333984 0.49375 0.0136719 0.0180556
0 0.267969 0.623611 0.0238281 0.0277778
0 0.0346191 0.328385 0.0692383 0.112674
0 0.4625 1 0.117188 0
0 0.186914 0.966667 0.00898437 0.0138889
0 0.0311646 0.672569 0.0441162 0.0729167
1 0.123242 0.360069 0.0546875 0.0361111
0 0.8875 0.43125 0.065625 0.0402778
1 0.122559 0.219444 0.0496094 0.0409722
1 0.88125 0.43125 0.05 0.0375
2 0.869922 0.187153 0.260156 0.374306
0 0.71875 0.951389 0.425 0.0972222
1 0.0769531 0.675694 0.143359 0.0736111
1 0.0742188 0.677083 0.0363281 0.0375
