0 0.249805 0.285243 0.0265625 0.0270833
0 0.773047 0.905556 0.0226563 0.0527778
0 0.1125 0.858333 0.0183594 0.0361111
0 0.688281 0.122743 0.0257812 0.0272569
0 0.0888672 0.380208 0.0214844 0.0173611
0 0.031543 0.0836806 0.0154297 0.0413194
0 0.502734 0.8125 0.0132813 0.0388889
0 0.0118164 0.286111 0.012793 0.0388889
0 0.293359 0.296007 0.0195312 0.0215278
0 0.840625 0.0554253 0.009375 0.0349826
0 0.835938 0.532639 0.0125 0.0347222
0 0.892187 0.128125 0.03125 0.0296875
0 0.454688 0.9 0.021875 0.0555556
0 0.0714355 0.705556 0.0135742 0.0388889
0 0.356445 0.148958 0.0117188 0.040625
0 0.202344 0.327865 0.0210938 0.0192708
0 0.392969 0.504167 0.009375 0.0361111
0 0.287305 0.84375 0.0136719 0.0347222
0 0.019043 0.169097 0.00976562 0.0340278
0 0.89375 0.124479 0.0296875 0.025
0 0.553125 0.159028 0.01875 0.0173611
0 0.378906 0.326302 0.009375 0.0348958
0 0.449609 0.547917 0.0132813 0.0361111
0 0.890625 0.0942708 0.01875 0.0180556
0 0.6375 0.194792 0.0203125 0.0180556
0 0.914062 0.0581597 0.021875 0.0199653
0 0.839063 0.873611 0.0125 0.0222222
0 0.4 0.452083 0.0140625 0.0326389
0 0.422266 0.625 0.009375 0.0277778
0 0.0481445 0.709722 0.0126953 0.0277778
0 0.0290039 0.425694 0.0105469 0.0326389
1 0.596094 0.665972 0.015625 0.0173611
0 0.732031 0.983333 0.0179687 0.025
0 0.832812 0.9375 0.0125 0.025
0 0.0162598 0.168056 0.0118164 0.0319444
0 0.9 0.122917 0.01875 0.0256944
0 0.417578 0.538889 0.00859375 0.0298611
0 0.4125 0.653472 0.0109375 0.0270833
1 0.422266 0.625 0.009375 0.0277778
0 0.8875 0.0943576 0.015625 0.0177083
0 0.0702148 0.704167 0.0195312 0.0388889
1 0.539062 0.988889 0.0132813 0.0222222
0 0.410937 0.653472 0.0117188 0.0236111
1 0.932813 0.512847 0.01875 0.0201389
0 0.539062 0.988194 0.0132813 0.0236111
0 0.913281 0.0548611 0.0203125 0.0234375
0 0.836719 0.925694 0.0125 0.0208333
0 0.312305 0.988194 0.0160156 0.0236111
1 0.578516 0.694444 0.015625 0.0236111
1 0.4125 0.653472 0.0109375 0.0270833
1 0.832812 0.9375 0.0125 0.025
0 0.076001 0.704167 0.013623 0.0388889
1 0.553125 0.159028 0.01875 0.0173611
0 0.7875 0.122222 0.0125 0.0184028
0 0.832812 0.945833 0.0125 0.0388889
0 0.835938 0.913889 0.0125 0.0277778
1 0.0481445 0.709722 0.0126953 0.0277778
0 0.425781 0.624306 0.0125 0.03125
1 0.312891 0.988889 0.0152344 0.0222222
1 0.6375 0.194792 0.0203125 0.0180556
1 0.732031 0.983333 0.0179687 0.025
1 0.672656 0.485417 0.0234375 0.025
0 0.839063 0.0549045 0.015625 0.0353299
0 0.596094 0.665972 0.015625 0.0173611
1 0.410937 0.653472 0.0117188 0.0236111
0 0.832812 0.965278 0.0125 0.0611111
1 0.4 0.452083 0.0140625 0.0326389
0 0.415625 0.648611 0.0140625 0.0333333
0 0.24707 0.918056 0.0148437 0.0208333
1 0.39375 0.502778 0.00859375 0.0361111
1 0.60625 0.621528 0.0078125 0.0152778
1 0.982813 0.865278 0.0125 0.0166667
0 0.270703 0.0954861 0.00703125 0.0180556
0 0.840625 0.0486979 0.0125 0.0376736
1 0.24707 0.918056 0.0148437 0.0208333
1 0.450781 0.547222 0.0132813 0.0375
1 0.567578 0.639583 0.009375 0.0180556
0 0.252539 0.286458 0.0355469 0.0284722
0 0.0431152 0.28559 0.0108398 0.0263889
0 0.552344 0.160417 0.0234375 0.0201389
0 0.0499023 0.709722 0.0142578 0.0333333
1 0.0196289 0.167361 0.00917969 0.0326389
1 0.932813 0.515972 0.0171875 0.0208333
1 0.914062 0.0581597 0.021875 0.0199653
1 0.978906 0.552083 0.0140625 0.0194444
0 0.0337891 0.0845486 0.022168 0.040625
1 0.942187 0.938889 0.015625 0.0208333
0 0.838281 0.883333 0.015625 0.0333333
1 0.112305 0.857639 0.0179687 0.0347222
0 0.578516 0.694444 0.015625 0.0236111
1 0.554688 0.464236 0.0125 0.0201389
1 0.957812 0.936111 0.0125 0.0194444
1 0.928125 0.514583 0.025 0.0208333
1 0.0290039 0.425694 0.0105469 0.0326389
1 0.773047 0.904167 0.0226563 0.0513889
0 0.279102 0.128993 0.0175781 0.0315972
0 0.839063 0.878472 0.0140625 0.0291667
1 0.720312 0.45 0.0125 0.0194444
1 0.415625 0.648611 0.0140625 0.0333333
1 0.502734 0.8125 0.0132813 0.0388889
1 0.91875 0.574306 0.009375 0.0180556
1 0.99375 0.711111 0.009375 0.0180556
1 0.598047 0.664583 0.0179687 0.0194444
0 0.672656 0.485417 0.0234375 0.025
1 0.4125 0.655556 0.0140625 0.0277778
0 0.839063 0.908333 0.0125 0.0277778
1 0.370313 0.954167 0.00664063 0.0166667
0 0.896094 0.0953125 0.025 0.0239583
1 0.425781 0.624306 0.0125 0.03125
1 0.618359 0.599306 0.009375 0.0173611
1 0.665625 0.818056 0.0109375 0.0194444
1 0.7875 0.122222 0.0125 0.0184028
1 0.784375 0.126128 0.0125 0.0175347
0 0.271094 0.105729 0.00859375 0.0246528
1 0.245312 0.922222 0.0125 0.025
0 0.249609 0.916667 0.0226563 0.0222222
1 0.839844 0.873611 0.0140625 0.0222222
0 0.0378906 0.213194 0.0115234 0.0201389
0 0.834375 0.959722 0.0125 0.0416667
0 0.412109 0.539583 0.0140625 0.0305556
1 0.607813 0.603472 0.009375 0.0194444
0 0.784375 0.126128 0.0125 0.0175347
1 0.628906 0.575 0.0101562 0.0166667
1 0.287305 0.84375 0.0136719 0.0347222
1 0.990625 0.553472 0.01875 0.0208333
0 0.445312 0.0481771 0.00859375 0.0322917
0 0.358203 0.140625 0.0125 0.0427083
0 0.807813 0.157986 0.009375 0.0173611
0 0.37666 0.326389 0.0169922 0.0368056
1 0.620703 0.0485677 0.0078125 0.018316
0 0.734375 0.975 0.0140625 0.0277778
0 0.00671387 0.0829861 0.00844727 0.0357639
1 0.703125 0.465972 0.0078125 0.0194444
1 0.967188 0.827778 0.015625 0.025
1 0.839063 0.878472 0.0140625 0.0291667
1 0.832812 0.945833 0.0125 0.0388889
0 0.0817383 0.556944 0.0193359 0.0263889
1 0.835938 0.913889 0.0125 0.0277778
1 0.992188 0.865278 0.0125 0.0180556
1 0.417578 0.538889 0.00859375 0.0298611
1 0.0162598 0.168056 0.0118164 0.0319444
1 0.754687 0.65 0.0078125 0.0180556
1 0.071582 0.705556 0.0136719 0.0388889
1 0.832812 0.965278 0.0125 0.0611111
0 0.216016 0.220833 0.0105469 0.0263889
1 0.621094 0.628125 0.0125 0.0180556
0 0.042627 0.270486 0.0105469 0.01875
1 0.653516 0.573958 0.0109375 0.0201389
0 0.03125 0.132726 0.00644531 0.0241319
0 0.80625 0.126215 0.009375 0.0305556
1 0.570312 0.513542 0.0140625 0.0173611
0 0.4125 0.655556 0.0140625 0.0277778
0 0.00671387 0.963889 0.0134277 0.0333333
0 0.928125 0.514583 0.025 0.0208333
0 0.325781 0.694444 0.0160156 0.0222222
0 0.0180176 0.978472 0.0356445 0.0430556
0 0.0307129 0.427778 0.0179687 0.0333333
1 0.580078 0.577083 0.0101562 0.0173611
1 0.55625 0.49375 0.00859375 0.0194444
1 0.582812 0.697222 0.0203125 0.0222222
1 0.1625 0.0794271 0.0103516 0.0152778
1 0.935938 0.788889 0.0125 0.0194444
1 0.839063 0.908333 0.0125 0.0277778
0 0.193359 0.172917 0.00898437 0.0211806
1 0.593359 0.659722 0.0195312 0.0180556
1 0.193359 0.172917 0.00898437 0.0211806
0 0.0391602 0.253819 0.00957031 0.025
0 0.0279785 0.16441 0.00957031 0.0378472
1 0.836719 0.925694 0.0125 0.0208333
0 0.381641 0.247569 0.00625 0.0215278
0 0.113281 0.850694 0.0207031 0.0402778
1 0.216016 0.220833 0.0105469 0.0263889
1 0.841406 0.0543403 0.009375 0.0354167
0 0.00576172 0.0796007 0.00888672 0.0335069
1 0.698438 0.46875 0.0140625 0.0194444
1 0.680078 0.773611 0.0078125 0.0152778
1 0.157129 0.0865451 0.00917969 0.0137153
0 0.0416992 0.224306 0.00917969 0.0173611
1 0.241602 0.920833 0.0125 0.0194444
0 0.0216797 0.0810764 0.025 0.0336806
1 0.578516 0.699306 0.0148437 0.0263889
1 0.596094 0.00364583 0.0078125 0.00729167
0 0.382812 0.262153 0.00625 0.0256944
0 0.0187012 0.0202691 0.00908203 0.0342882
1 0.445312 0.0481771 0.00859375 0.0322917
1 0.624609 0.580208 0.0148437 0.0145833
1 0.978125 0.832639 0.0375 0.0319444
1 0.696094 0.484028 0.0148437 0.0222222
1 0.293359 0.296007 0.0195312 0.0215278
1 0.213672 0.215278 0.0101562 0.0201389
0 0.620703 0.0485677 0.0078125 0.018316
0 0.333203 0.465625 0.0117188 0.0270833
1 0.929688 0.929167 0.05625 0.0319444
0 0.166602 0.0195312 0.009375 0.0159722
1 0.378906 0.326302 0.009375 0.0348958
1 0.21875 0.112847 0.0078125 0.0135417
1 0.913281 0.0548611 0.0203125 0.0234375
0 0.034082 0.218056 0.00976562 0.025
1 0.921875 0.529861 0.0125 0.0138889
0 0.84375 0.033941 0.009375 0.0364583
0 0.444531 0.0552083 0.009375 0.0328125
1 0.710547 0.729167 0.0148437 0.0166667
1 0.14375 0.0907118 0.009375 0.0116319
0 0.269922 0.199306 0.009375 0.01875
1 0.611719 0.611111 0.0109375 0.0194444
0 0.0130859 0.289757 0.0147461 0.0479167
0 0.710547 0.729167 0.0148437 0.0166667
0 0.932813 0.512847 0.01875 0.0201389
1 0.270703 0.0954861 0.00703125 0.0180556
1 0.835938 0.532639 0.0125 0.0347222
0 0.113379 0.879167 0.0205078 0.0388889
1 0.965625 0.934722 0.0109375 0.0166667
1 0.930469 0.526389 0.01875 0.0194444
0 0.266016 0.290278 0.0585938 0.0243056
1 0.522266 0.0447917 0.0101562 0.0148437
0 0.0078125 0.110243 0.00761719 0.0385417
1 0.982813 0.760417 0.015625 0.0166667
0 0.0419922 0.244618 0.00898437 0.0225694
0 0.80625 0.119618 0.009375 0.0227431
1 0.632031 0.510417 0.0125 0.0236111
0 0.0266724 0.0819444 0.0193115 0.0371528
0 0.982813 0.865278 0.0125 0.0166667
1 0.166602 0.0195312 0.009375 0.0159722
1 0.202734 0.329514 0.0210938 0.01875
1 0.9875 0.0777778 0.009375 0.0201389
1 0.14375 0.0623047 0.0103516 0.0135851
0 0.292188 0.298958 0.0234375 0.0270833
0 0.220313 0.620139 0.00859375 0.0194444
0 0.0268066 0.426042 0.0170898 0.0333333
1 0.589063 0.669444 0.0234375 0.0138889
0 0.967188 0.827778 0.015625 0.025
0 0.0349609 0.286458 0.0135742 0.0361111
0 0.358203 0.131597 0.009375 0.0618056
1 0.932031 0.797222 0.0140625 0.0166667
0 0.0139648 0.169097 0.0173828 0.0340278
1 0.333203 0.465625 0.0117188 0.0270833
1 0.570312 0.528472 0.0140625 0.025
1 0.249609 0.916667 0.0226563 0.0222222
1 0.96875 0.834722 0.01875 0.0305556
0 0.792188 0.0207899 0.009375 0.0260417
1 0.076001 0.704167 0.013623 0.0388889
1 0.454688 0.9 0.021875 0.0555556
1 0.994531 0.776389 0.0109375 0.0208333
0 0.112109 0.868056 0.0185547 0.0527778
1 0.119922 0.155903 0.00546875 0.0125
0 0.213672 0.215278 0.0101562 0.0201389
0 0.157129 0.0865451 0.00917969 0.0137153
0 0.382812 0.292014 0.0078125 0.0284722
0 0.370313 0.954167 0.00664063 0.0166667
0 0.775 0.901389 0.0296875 0.0527778
1 0.995313 0.826389 0.009375 0.0194444
1 0.930469 0.897222 0.065625 0.0597222
1 0.9 0.122917 0.01875 0.0256944
1 0.155762 0.776389 0.0164062 0.0236111
0 0.91875 0.574306 0.009375 0.0180556
1 0.552344 0.160417 0.0234375 0.0201389
1 0.444531 0.0552083 0.009375 0.0328125
0 0.435156 0.619444 0.0117188 0.0305556
0 0.453906 0.157813 0.009375 0.0194444
1 0.759375 0.312153 0.0117188 0.0270833
0 0.1625 0.0794271 0.0103516 0.0152778
1 0.0499023 0.709722 0.0142578 0.0333333
1 0.838281 0.883333 0.015625 0.0333333
0 0.910937 0.513194 0.01875 0.0166667
0 0.0125488 0.165104 0.0147461 0.0309028
0 0.785156 0.120052 0.0125 0.0210069
1 0.955469 0.780556 0.0125 0.0138889
0 0.080835 0.704167 0.0172363 0.0388889
0 0.392188 0.506944 0.0125 0.0430556
1 0.989062 0.702778 0.015625 0.0263889
0 0.0550781 0.70625 0.0140625 0.0375
1 0.357031 0.148438 0.0117188 0.0399306
1 0.714063 0.453125 0.0195312 0.0229167
1 0.929688 0.56875 0.025 0.0152778
1 0.0702148 0.704167 0.0195312 0.0388889
0 0.0731934 0.688194 0.0133789 0.0708333
0 0.554688 0.464236 0.0125 0.0201389
0 0.60625 0.621528 0.0078125 0.0152778
1 0.662891 0.818056 0.015625 0.0194444
0 0.9875 0.0777778 0.009375 0.0201389
0 0.14375 0.0907118 0.009375 0.0116319
1 0.381641 0.247569 0.00625 0.0215278
0 0.665625 0.818056 0.0109375 0.0194444
0 0.144727 0.0516493 0.00898437 0.0171875
1 0.382812 0.262153 0.00625 0.0256944
1 0.51875 0.157639 0.00625 0.0125
0 0.0869141 0.552778 0.025 0.0319444
0 0.978906 0.552083 0.0140625 0.0194444
0 0.29375 0.198611 0.00625 0.0180556
0 0.389453 0.502083 0.0179687 0.0375
0 0.880469 0.125 0.053125 0.0295139
1 0.0416992 0.224306 0.00917969 0.0173611
1 0.890625 0.0942708 0.01875 0.0180556
1 0.834375 0.959722 0.0125 0.0416667
0 0.0351562 0.277778 0.0132813 0.0305556
1 0.925 0.517014 0.0328125 0.0236111
1 0.792188 0.0207899 0.009375 0.0260417
0 0.857813 0.0866319 0.00625 0.0284722
1 0.688281 0.122743 0.0257812 0.0272569
0 0.607422 0.522222 0.389844 0.822222
0 0.249805 0.285243 0.0265625 0.0270833
0 0.773047 0.905556 0.0226563 0.0527778
0 0.1125 0.858333 0.0183594 0.0361111
0 0.688281 0.122743 0.0257812 0.0272569
0 0.0889648 0.380208 0.0212891 0.0173611
0 0.031543 0.0836806 0.0154297 0.0413194
0 0.502734 0.8125 0.0132813 0.0388889
0 0.0118164 0.286111 0.012793 0.0388889
0 0.293359 0.296007 0.0195312 0.0215278
0 0.840625 0.0554687 0.009375 0.0348958
0 0.835938 0.532986 0.0125 0.0347222
0 0.892187 0.128125 0.03125 0.0296875
0 0.454688 0.9 0.021875 0.0555556
0 0.0714355 0.705556 0.0135742 0.0388889
0 0.356445 0.149132 0.0117188 0.040625
0 0.202344 0.327865 0.0210938 0.0192708
0 0.392969 0.504167 0.009375 0.0361111
0 0.287305 0.844444 0.0136719 0.0361111
0 0.0190186 0.169097 0.00976562 0.0340278
0 0.553125 0.159028 0.01875 0.0173611
0 0.378906 0.326302 0.009375 0.0348958
0 0.450781 0.547222 0.0132813 0.0375
0 0.890625 0.0942708 0.01875 0.0180556
0 0.6375 0.194792 0.0203125 0.0180556
0 0.914062 0.0581814 0.021875 0.0200955
0 0.839063 0.873611 0.0125 0.0222222
0 0.4 0.452083 0.0140625 0.0326389
0 0.422266 0.625 0.009375 0.0277778
0 0.0481445 0.709722 0.0126953 0.0277778
0 0.0290039 0.425694 0.0105469 0.0326389
1 0.596094 0.665972 0.015625 0.0173611
0 0.732031 0.983333 0.0179687 0.025
0 0.832812 0.9375 0.0125 0.025
0 0.0162598 0.168229 0.0118164 0.0315972
0 0.9 0.123003 0.01875 0.0256944
0 0.417578 0.538889 0.00859375 0.0298611
0 0.4125 0.653472 0.0109375 0.0270833
1 0.422266 0.625 0.009375 0.0277778
0 0.8875 0.0943576 0.015625 0.0177083
0 0.0702148 0.704167 0.0197266 0.0388889
1 0.539062 0.988889 0.0132813 0.0222222
1 0.932813 0.513194 0.01875 0.0194444
0 0.410937 0.653472 0.0117188 0.0236111
0 0.539062 0.988194 0.0132813 0.0236111
0 0.913281 0.0548611 0.0203125 0.0234375
0 0.836719 0.925694 0.0125 0.0208333
0 0.312305 0.988194 0.0160156 0.0236111
1 0.578516 0.694444 0.015625 0.0236111
1 0.4125 0.653472 0.0109375 0.0270833
1 0.832812 0.9375 0.0125 0.025
0 0.0759766 0.704167 0.0134766 0.0388889
1 0.553125 0.159028 0.01875 0.0173611
0 0.7875 0.122222 0.0125 0.0184028
0 0.832812 0.945833 0.0125 0.0388889
0 0.835938 0.913889 0.0125 0.0277778
1 0.0481445 0.709722 0.0126953 0.0277778
0 0.425781 0.624306 0.0125 0.03125
1 0.6375 0.194792 0.0203125 0.0180556
1 0.312891 0.988889 0.0152344 0.0222222
1 0.732031 0.983333 0.0179687 0.025
1 0.672656 0.485417 0.0234375 0.025
0 0.839063 0.0549479 0.015625 0.0352431
0 0.596094 0.665972 0.015625 0.0173611
1 0.410937 0.653472 0.0117188 0.0236111
0 0.832812 0.965278 0.0125 0.0611111
1 0.4 0.452083 0.0140625 0.0326389
0 0.415625 0.648611 0.0140625 0.0333333
1 0.39375 0.502778 0.00859375 0.0361111
0 0.24707 0.918056 0.0148437 0.0208333
1 0.60625 0.621528 0.0078125 0.0152778
1 0.982813 0.864583 0.0125 0.0180556
0 0.270703 0.0954861 0.00703125 0.0180556
0 0.841406 0.0486979 0.0125 0.0376736
1 0.24707 0.918056 0.0148437 0.0208333
1 0.450781 0.547222 0.0132813 0.0375
1 0.567578 0.639583 0.009375 0.0180556
0 0.0430664 0.28559 0.0107422 0.0263889
0 0.252539 0.286458 0.0355469 0.0284722
0 0.552344 0.160417 0.0234375 0.0201389
0 0.0499023 0.709722 0.0142578 0.0333333
1 0.0196289 0.167361 0.00922852 0.0329861
1 0.978906 0.552083 0.0140625 0.0194444
1 0.914062 0.0581814 0.021875 0.0200955
0 0.0337891 0.0845486 0.022168 0.040625
1 0.942187 0.938889 0.015625 0.0208333
0 0.838281 0.883333 0.015625 0.0333333
1 0.112305 0.857639 0.0179687 0.0347222
1 0.928125 0.514583 0.025 0.0208333
1 0.554688 0.464236 0.0125 0.0201389
0 0.578516 0.694444 0.015625 0.0236111
1 0.957812 0.936111 0.0125 0.0194444
1 0.0290039 0.425694 0.0105469 0.0326389
1 0.773047 0.904167 0.0226563 0.0527778
0 0.279102 0.128993 0.0171875 0.0315972
0 0.839063 0.878472 0.0140625 0.0291667
1 0.720312 0.45 0.0125 0.0194444
1 0.91875 0.574306 0.009375 0.0180556
1 0.415625 0.648611 0.0140625 0.0333333
1 0.99375 0.711111 0.009375 0.0180556
1 0.502734 0.8125 0.0132813 0.0388889
1 0.598047 0.664583 0.0179687 0.0194444
0 0.672656 0.485417 0.0234375 0.025
1 0.4125 0.655556 0.0140625 0.0277778
1 0.370313 0.954167 0.00664063 0.0166667
1 0.425781 0.624306 0.0125 0.03125
0 0.839063 0.908333 0.0125 0.0277778
0 0.896094 0.0953125 0.025 0.0239583
1 0.618359 0.599306 0.009375 0.0166667
1 0.7875 0.122222 0.0125 0.0184028
1 0.665625 0.818056 0.0109375 0.0194444
1 0.784375 0.126128 0.0125 0.0175347
0 0.271094 0.105729 0.00859375 0.0246528
1 0.245508 0.922222 0.0125 0.025
0 0.249609 0.916667 0.0226563 0.0222222
1 0.839844 0.873611 0.0140625 0.0222222
0 0.834375 0.959722 0.0125 0.0416667
0 0.412109 0.539583 0.0140625 0.0305556
1 0.990625 0.553472 0.01875 0.0208333
1 0.607813 0.603472 0.009375 0.0194444
0 0.0378906 0.213194 0.0115234 0.0201389
1 0.287305 0.844444 0.0136719 0.0361111
0 0.784375 0.126128 0.0125 0.0175347
1 0.628906 0.575 0.0101562 0.0166667
0 0.445312 0.0481771 0.00859375 0.0322917
0 0.358398 0.140625 0.0121094 0.0427083
0 0.807813 0.157986 0.009375 0.0173611
0 0.37666 0.326389 0.0169922 0.0368056
0 0.734375 0.975 0.0140625 0.0277778
1 0.620703 0.0485677 0.0078125 0.018316
1 0.703125 0.465972 0.0078125 0.0194444
1 0.967188 0.827778 0.015625 0.025
0 0.00673828 0.0831597 0.00839844 0.0357639
1 0.839063 0.878472 0.0140625 0.0291667
1 0.832812 0.945833 0.0125 0.0388889
0 0.0817383 0.556944 0.0193359 0.0263889
1 0.835938 0.913889 0.0125 0.0277778
1 0.992188 0.865278 0.0125 0.0180556
1 0.417578 0.538889 0.00859375 0.0298611
1 0.0162598 0.168229 0.0118164 0.0315972
1 0.071582 0.705556 0.0136719 0.0388889
1 0.832812 0.965278 0.0125 0.0611111
1 0.754687 0.65 0.0078125 0.0180556
0 0.216016 0.220833 0.0105469 0.0263889
1 0.621094 0.627778 0.0125 0.0180556
0 0.0426758 0.270486 0.0105469 0.01875
1 0.653516 0.573958 0.0109375 0.0201389
0 0.03125 0.132726 0.00644531 0.0241319
1 0.576563 0.693056 0.0203125 0.025
0 0.80625 0.126302 0.009375 0.0307292
1 0.570312 0.513542 0.0140625 0.0173611
0 0.325586 0.694444 0.0160156 0.0222222
0 0.928125 0.514583 0.025 0.0208333
0 0.4125 0.655556 0.0140625 0.0277778
1 0.580078 0.577083 0.0101562 0.0173611
0 0.0307129 0.427778 0.0179687 0.0333333
0 0.00672607 0.963889 0.0134521 0.0333333
0 0.0181152 0.978472 0.0357422 0.0430556
1 0.55625 0.49375 0.00859375 0.0194444
1 0.935938 0.788889 0.0125 0.0194444
1 0.582812 0.697222 0.0203125 0.0222222
0 0.193359 0.172917 0.00898437 0.0211806
1 0.839063 0.908333 0.0125 0.0277778
1 0.1625 0.0795139 0.0103516 0.0152778
1 0.593359 0.659722 0.0195312 0.0166667
1 0.193359 0.172917 0.00898437 0.0211806
0 0.0391602 0.253819 0.00957031 0.025
1 0.836719 0.925694 0.0125 0.0208333
0 0.0280396 0.16441 0.0095459 0.0378472
0 0.381641 0.247917 0.00625 0.0215278
0 0.113281 0.850694 0.0207031 0.0402778
1 0.216016 0.220833 0.0105469 0.0263889
1 0.841406 0.0543403 0.009375 0.0354167
1 0.698438 0.46875 0.0140625 0.0194444
0 0.00576172 0.0795139 0.00878906 0.0333333
1 0.157129 0.0864583 0.00917969 0.0138889
1 0.241797 0.920833 0.0125 0.0194444
0 0.0416992 0.224306 0.00898437 0.0173611
1 0.680078 0.773611 0.0078125 0.0152778
0 0.0216797 0.0810764 0.025 0.0336806
1 0.578516 0.699306 0.0148437 0.0263889
1 0.596094 0.00364583 0.0078125 0.00729167
0 0.382812 0.262153 0.00625 0.0256944
1 0.978125 0.832639 0.0375 0.0319444
1 0.625 0.580208 0.0140625 0.0145833
0 0.0187012 0.0202365 0.00908203 0.0341797
1 0.445312 0.0481771 0.00859375 0.0322917
1 0.696094 0.484028 0.0148437 0.0222222
1 0.929688 0.929167 0.05625 0.0319444
1 0.213672 0.215278 0.0101562 0.0201389
0 0.333203 0.465625 0.0117188 0.0270833
1 0.293359 0.296007 0.0195312 0.0215278
0 0.166699 0.0195747 0.00917969 0.016059
0 0.620703 0.0485677 0.0078125 0.018316
1 0.921875 0.529861 0.0125 0.0138889
1 0.378906 0.326302 0.009375 0.0348958
1 0.21875 0.112847 0.0078125 0.0135417
1 0.913281 0.0548611 0.0203125 0.0234375
0 0.034082 0.218056 0.00976562 0.025
0 0.84375 0.0338542 0.009375 0.0362847
1 0.14375 0.0907986 0.009375 0.0118056
0 0.269922 0.199306 0.009375 0.01875
1 0.710547 0.729167 0.0148437 0.0166667
0 0.444531 0.0552083 0.009375 0.0328125
1 0.611719 0.610764 0.0109375 0.01875
0 0.0130859 0.289757 0.0147461 0.0479167
0 0.932813 0.513194 0.01875 0.0194444
1 0.835938 0.532986 0.0125 0.0347222
1 0.982813 0.760417 0.015625 0.0166667
1 0.930469 0.526389 0.01875 0.0194444
0 0.113477 0.879167 0.0207031 0.0388889
0 0.710547 0.729167 0.0148437 0.0166667
1 0.965625 0.934722 0.0109375 0.0166667
1 0.270703 0.0954861 0.00703125 0.0180556
1 0.522266 0.0447917 0.0101562 0.0148437
0 0.266016 0.290278 0.0585938 0.0243056
0 0.00783691 0.11059 0.00761719 0.0381944
0 0.0419922 0.244444 0.00898437 0.0229167
0 0.80625 0.119618 0.009375 0.0227431
1 0.631641 0.510764 0.0125 0.0229167
0 0.0266602 0.0819444 0.0193359 0.0371528
1 0.9875 0.0776042 0.009375 0.0201389
0 0.982813 0.864583 0.0125 0.0180556
1 0.166699 0.0195747 0.00917969 0.016059
1 0.202734 0.329514 0.0210938 0.01875
0 0.220313 0.620139 0.00859375 0.0194444
1 0.14375 0.0623047 0.0105469 0.0135851
0 0.292188 0.298958 0.0230469 0.0270833
1 0.932031 0.797222 0.0140625 0.0166667
0 0.0268066 0.425694 0.0170898 0.0333333
1 0.589063 0.669444 0.0234375 0.0138889
0 0.358203 0.13151 0.009375 0.0616319
0 0.0139648 0.169097 0.0173828 0.0340278
0 0.0349609 0.286458 0.0136719 0.0364583
0 0.967188 0.827778 0.015625 0.025
1 0.333203 0.465625 0.0117188 0.0270833
0 0.576563 0.693056 0.0203125 0.025
1 0.570312 0.528472 0.0140625 0.025
1 0.249609 0.916667 0.0226563 0.0222222
1 0.96875 0.834722 0.01875 0.0305556
0 0.792188 0.0207899 0.009375 0.0260417
1 0.0759766 0.704167 0.0134766 0.0388889
1 0.994531 0.776389 0.0109375 0.0208333
1 0.454688 0.9 0.021875 0.0555556
0 0.112109 0.868056 0.0185547 0.0527778
0 0.157129 0.0864583 0.00917969 0.0138889
1 0.119922 0.155903 0.00546875 0.0125
0 0.213672 0.215278 0.0101562 0.0201389
1 0.995313 0.826389 0.009375 0.0194444
0 0.382812 0.292014 0.0078125 0.0284722
1 0.929688 0.897222 0.0640625 0.0583333
0 0.370313 0.954167 0.00664063 0.0166667
0 0.775 0.901389 0.0296875 0.0527778
1 0.9 0.123003 0.01875 0.0256944
1 0.552344 0.160417 0.0234375 0.0201389
0 0.91875 0.574306 0.009375 0.0180556
1 0.155664 0.776389 0.0164062 0.0236111
0 0.1625 0.0795139 0.0103516 0.0152778
1 0.444531 0.0552083 0.009375 0.0328125
0 0.453516 0.157813 0.009375 0.0194444
1 0.759375 0.312153 0.0117188 0.0270833
0 0.435156 0.619444 0.0117188 0.0305556
1 0.0499023 0.709722 0.0142578 0.0333333
1 0.838281 0.883333 0.015625 0.0333333
0 0.910937 0.513542 0.01875 0.0173611
1 0.989062 0.702778 0.0140625 0.0263889
1 0.955469 0.780556 0.0125 0.0138889
1 0.929688 0.56875 0.025 0.0145833
0 0.785156 0.119965 0.0125 0.0208333
0 0.0125488 0.165104 0.0148437 0.0309028
0 0.0808594 0.704167 0.0171875 0.0388889
0 0.392188 0.506944 0.0125 0.0430556
1 0.714063 0.453125 0.0195312 0.0229167
0 0.0550781 0.70625 0.0142578 0.0375
1 0.0702148 0.704167 0.0197266 0.0388889
1 0.357031 0.148438 0.0117188 0.0399306
0 0.14375 0.0907986 0.009375 0.0118056
0 0.554688 0.464236 0.0125 0.0201389
0 0.0731934 0.688194 0.0133789 0.0708333
0 0.9875 0.0776042 0.009375 0.0201389
0 0.60625 0.621528 0.0078125 0.0152778
1 0.381641 0.247917 0.00625 0.0215278
1 0.662891 0.818056 0.015625 0.0194444
0 0.144727 0.0516059 0.00898437 0.0171007
1 0.382812 0.262153 0.00625 0.0256944
0 0.0869141 0.552778 0.025 0.0319444
0 0.665625 0.818056 0.0109375 0.0194444
0 0.978906 0.552083 0.0140625 0.0194444
1 0.51875 0.157639 0.00625 0.0125
0 0.29375 0.198611 0.00625 0.0180556
0 0.389453 0.502083 0.0179687 0.0375
0 0.880469 0.125 0.053125 0.0295139
1 0.0416992 0.224306 0.00898437 0.0173611
1 0.925 0.517014 0.0328125 0.0236111
1 0.890625 0.0942708 0.01875 0.0180556
1 0.834375 0.959722 0.0125 0.0416667
0 0.0351562 0.277778 0.0132813 0.0305556
1 0.792188 0.0207899 0.009375 0.0260417
1 0.190234 0.169444 0.0113281 0.0222222
1 0.688281 0.122743 0.0257812 0.0272569
0 0.857813 0.0866319 0.00625 0.0284722
