0 0.528906 0.523958 0.0796875 0.0520833
0 0.263281 0.665278 0.0472656 0.0375
0 0.0290527 0.321875 0.0488281 0.119444
0 0.400781 0.874306 0.0203125 0.0861111
0 0.332812 0.970833 0.015625 0.0527778
0 0.402344 0.966667 0.0179687 0.0583333
0 0.83125 0.128472 0.015625 0.0210069
1 0.932813 0.888194 0.015625 0.0222222
1 0.642969 0.331858 0.0101562 0.0293403
1 0.770312 0.976389 0.0078125 0.0236111
0 0.884375 0.7125 0.015625 0.0138889
0 0.889063 0.751389 0.01875 0.0388889
0 0.391406 0.0902778 0.0140625 0.0277778
0 0.0412109 0.100955 0.0824219 0.193924
0 0.0664551 0.815972 0.0172852 0.0513889
0 0.417188 0.0587023 0.0109375 0.0509983
0 0.335156 0.970833 0.021875 0.0569444
0 0.713281 0.15178 0.0140625 0.0179687
0 0.710156 0.152127 0.021875 0.0179687
1 0.671094 0.691667 0.009375 0.0222222
0 0.528906 0.775694 0.0265625 0.0208333
1 0.0826172 0.293403 0.00898437 0.01875
0 0.0830078 0.376389 0.0113281 0.0173611
0 0.692969 0.208333 0.009375 0.0180556
0 0.957031 0.646181 0.0109375 0.0152778
0 0.057666 0.0997396 0.0495117 0.196701
1 0.878906 0.889583 0.0109375 0.0222222
1 0.842969 0.755556 0.009375 0.0222222
0 0.467969 0.141667 0.009375 0.0305556
0 0.754297 0.117361 0.0078125 0.0177083
1 0.642578 0.342014 0.0132813 0.0444444
1 0.359961 0.925694 0.0128906 0.0361111
0 0.0826172 0.293403 0.00898437 0.01875
1 0.957031 0.646181 0.0109375 0.0152778
1 0.757031 0.756944 0.0117188 0.0222222
0 0.691406 0.209375 0.0109375 0.0149306
1 0.467969 0.141667 0.009375 0.0305556
1 0.730859 0.972222 0.0148437 0.0555556
0 0.63125 0.204861 0.0140625 0.0173611
0 0.0199951 0.014247 0.0399902 0.0284505
1 0.341406 0.655208 0.0191406 0.0270833
1 0.31582 0.813889 0.0101562 0.0222222
0 0.471094 0.780556 0.08125 0.0388889
1 0.308398 0.966667 0.00859375 0.0347222
1 0.641406 0.336198 0.0125 0.0414931
1 0.0830078 0.376389 0.0113281 0.0173611
1 0.932031 0.886111 0.0234375 0.025
0 0.0190918 0.00993924 0.0381836 0.0198785
1 0.391406 0.0902778 0.0140625 0.0277778
0 0.286719 0.779861 0.0226563 0.0208333
0 0.359961 0.925694 0.0128906 0.0361111
1 0.935938 0.8875 0.021875 0.025
0 0.312695 0.970833 0.0152344 0.05
0 0.0275879 0.780556 0.0530273 0.025
0 0.360938 0.965278 0.0171875 0.0361111
0 0.0690918 0.0924479 0.021582 0.184896
0 0.932813 0.888194 0.015625 0.0222222
0 0.414844 0.0744792 0.009375 0.0244792
0 0.0833984 0.301042 0.0109375 0.0354167
0 0.658594 0.201042 0.0140625 0.0194444
0 0.0645996 0.825 0.0291992 0.0722222
1 0.721094 0.911111 0.0109375 0.0180556
0 0.308398 0.966667 0.00859375 0.0347222
0 0.0252441 0.781944 0.0473633 0.0194444
0 0.178516 0.126476 0.0101562 0.0180556
0 0.0369263 0.884028 0.0720459 0.229167
1 0.0833984 0.301042 0.0109375 0.0354167
1 0.79375 0.731944 0.009375 0.0166667
1 0.905469 0.223958 0.0078125 0.0291667
0 0.671094 0.691667 0.009375 0.0222222
0 0.30957 0.973611 0.0113281 0.0472222
0 0.308203 0.865278 0.009375 0.0277778
0 0.664062 0.199653 0.0140625 0.0194444
1 0.332031 0.705556 0.0132813 0.0222222
0 0.29375 0.777778 0.0117188 0.0222222
0 0.623047 0.205556 0.0125 0.0159722
1 0.30957 0.973611 0.0113281 0.0472222
0 0.0647461 0.819444 0.0230469 0.0597222
0 0.31582 0.813889 0.0101562 0.0222222
1 0.345508 0.657986 0.0273438 0.0319444
0 0.842969 0.755556 0.009375 0.0222222
0 0.642969 0.331858 0.0101562 0.0293403
1 0.355078 0.313194 0.0117188 0.0180556
0 0.382031 0.976389 0.0203125 0.0444444
0 0.0847656 0.297222 0.0121094 0.0243056
1 0.835938 0.75 0.015625 0.0361111
0 0.735937 0.7 0.0109375 0.0222222
0 0.00751953 0.30434 0.00976562 0.0614583
1 0.338477 0.658681 0.0167969 0.0291667
1 0.182031 0.938889 0.0117188 0.0222222
1 0.872656 0.886806 0.0265625 0.0291667
1 0.857813 0.734722 0.009375 0.0111111
0 0.307422 0.85 0.00703125 0.0277778
1 0.178516 0.126476 0.0101562 0.0180556
0 0.417188 0.0206489 0.0109375 0.0316189
1 0.245312 0.174653 0.00976562 0.0194444
1 0.766406 0.730556 0.0078125 0.0138889
0 0.83125 0.335417 0.0125 0.0152778
0 0.705859 0.153819 0.028125 0.0145833
1 0.659375 0.390972 0.0109375 0.0333333
0 0.361523 0.928472 0.0128906 0.0444444
1 0.0664551 0.815972 0.0172852 0.0513889
0 0.358203 0.975 0.0210938 0.0472222
0 0.0685059 0.0215495 0.0186523 0.043099
0 0.341406 0.655208 0.0191406 0.0270833
1 0.642187 0.323958 0.0109375 0.0291667
1 0.308203 0.865278 0.009375 0.0277778
0 0.461328 0.788194 0.0695312 0.0291667
0 0.857813 0.734722 0.009375 0.0111111
1 0.884375 0.7125 0.015625 0.0138889
1 0.411719 0.123438 0.0125 0.0194444
0 0.391406 0.0777561 0.015625 0.0531684
0 0.735937 0.695139 0.0125 0.0180556
0 0.128516 0.797222 0.0296875 0.0486111
0 0.0438965 0.779167 0.0213867 0.0222222
1 0.0820312 0.336458 0.0123047 0.0125
1 0.307422 0.85 0.00703125 0.0277778
0 0.3625 0.930556 0.0171875 0.0472222
0 0.416016 0.0493924 0.0125 0.0477431
0 0.178711 0.121181 0.0117188 0.0229167
0 0.410156 0.965278 0.0335938 0.0611111
1 0.8875 0.752083 0.01875 0.0402778
1 0.414844 0.0744792 0.009375 0.0244792
0 0.757031 0.756944 0.0117188 0.0222222
1 0.725781 0.977778 0.01875 0.0444444
1 0.671875 0.740278 0.009375 0.0180556
1 0.335742 0.7 0.0121094 0.0166667
0 0.692187 0.212674 0.00859375 0.0208333
0 0.83125 0.124566 0.0171875 0.0315972
1 0.255078 0.176042 0.0144531 0.0239583
1 0.528906 0.775694 0.0265625 0.0208333
0 0.460156 0.779167 0.059375 0.0263889
1 0.713281 0.15178 0.0140625 0.0179687
0 0.124023 0.804167 0.0185547 0.0472222
0 0.828906 0.129514 0.021875 0.0211806
1 0.3625 0.930556 0.0171875 0.0472222
1 0.710156 0.152127 0.021875 0.0179687
0 0.394531 0.121354 0.0203125 0.0206597
0 0.464844 0.783333 0.0742188 0.0305556
1 0.692187 0.212674 0.00859375 0.0208333
1 0.692969 0.208333 0.009375 0.0180556
0 0.3625 0.961111 0.0171875 0.0361111
0 0.411719 0.123438 0.0125 0.0194444
0 0.8875 0.705556 0.01875 0.0194444
1 0.332812 0.970833 0.015625 0.0527778
0 0.0687988 0.0695747 0.0196289 0.139149
0 0.905469 0.223958 0.0078125 0.0291667
0 0.353711 0.964583 0.0320312 0.05
0 0.839844 0.752778 0.01875 0.0305556
1 0.670703 0.701389 0.0101562 0.0305556
0 0.0117432 0.19375 0.0196289 0.0163194
1 0.727734 0.970833 0.0203125 0.0583333
1 0.361523 0.928472 0.0128906 0.0444444
0 0.990625 0.0713542 0.01875 0.0189236
0 0.361914 0.788889 0.0128906 0.0138889
1 0.657031 0.341059 0.0109375 0.0470486
1 0.671875 0.748611 0.009375 0.025
1 0.408594 0.124479 0.015625 0.0253472
1 0.658203 0.371528 0.0140625 0.0652778
0 0.932031 0.886111 0.0234375 0.025
1 0.821875 0.745833 0.009375 0.0333333
1 0.719531 0.398958 0.0078125 0.0215278
0 0.395312 0.127257 0.0195312 0.021875
1 0.361914 0.788889 0.0128906 0.0138889
1 0.604688 0.906944 0.0234375 0.0194444
1 0.904688 0.236632 0.009375 0.0190972
0 0.119531 0.817361 0.00644531 0.0208333
1 0.362695 0.827778 0.0109375 0.0319444
1 0.0847656 0.297222 0.0121094 0.0243056
0 0.0120117 0.941667 0.0233398 0.116667
1 0.958594 0.649306 0.0125 0.0208333
0 0.34668 0.65625 0.0238281 0.0305556
0 0.935938 0.8875 0.021875 0.025
1 0.308984 0.886111 0.0117188 0.025
0 0.682031 0.156944 0.00703125 0.0118056
1 0.360156 0.797222 0.0132813 0.0138889
0 0.0816406 0.154687 0.00566406 0.0284722
1 0.417188 0.0600477 0.0101562 0.0503906
1 0.394531 0.121354 0.0203125 0.0206597
1 0.735937 0.7 0.0109375 0.0222222
0 0.825 0.296007 0.015625 0.0177083
1 0.658594 0.201042 0.0140625 0.0194444
1 0.367969 0.820833 0.0109375 0.0361111
0 0.00898437 0.313715 0.0139648 0.0690972
1 0.14541 0.195486 0.0078125 0.021875
1 0.904688 0.206771 0.009375 0.0190972
1 0.766016 0.975 0.0148437 0.0305556
0 0.0820312 0.336458 0.0123047 0.0125
1 0.469531 0.180208 0.009375 0.0225694
1 0.178711 0.121181 0.0117188 0.0229167
1 0.245703 0.938889 0.0140625 0.0166667
1 0.360938 0.822917 0.0125 0.0319444
1 0.00805664 0.990972 0.0137695 0.0180556
1 0.432813 0.201042 0.0109375 0.0194444
0 0.196875 0.0430556 0.0199219 0.0145833
1 0.829687 0.746528 0.00625 0.0319444
1 0.313281 0.911111 0.0136719 0.025
0 0.352734 1 0.0898438 0
1 0.658594 0.379861 0.0125 0.0534722
1 0.0782227 0.414931 0.009375 0.0236111
1 0.735937 0.695139 0.0125 0.0180556
1 0.368359 0.804167 0.0132813 0.0222222
1 0.519531 0.715278 0.00625 0.0138889
1 0.742188 0.754861 0.009375 0.0333333
1 0.878125 0.88125 0.0125 0.0347222
0 0.770312 0.976389 0.0078125 0.0236111
1 0.64375 0.359375 0.0164062 0.0756944
0 0.910937 0.65625 0.009375 0.0180556
1 0.83125 0.335417 0.0125 0.0152778
0 0.835938 0.75 0.015625 0.0361111
0 0.0254028 0.875 0.0493896 0.205556
0 0.688281 0.206944 0.0179687 0.0194444
0 0.0791016 0.0207899 0.00820312 0.0415799
1 0.29375 0.777778 0.0117188 0.0222222
1 0.754297 0.117361 0.0078125 0.0177083
1 0.320703 0.220486 0.0109375 0.0208333
1 0.636719 0.317708 0.0125 0.0180556
1 0.363477 0.783333 0.0140625 0.0194444
1 0.119531 0.817361 0.00644531 0.0208333
0 0.730859 0.972222 0.0132813 0.0555556
0 0.308984 0.886111 0.0117188 0.025
0 0.64375 0.203125 0.009375 0.0180556
1 0.639844 0.329861 0.01875 0.0361111
0 0.660156 0.388194 0.0125 0.0305556
0 0.528906 0.499306 0.0835937 0.0972222
1 0.314063 0.973611 0.0171875 0.05
0 0.333984 1 0.0601562 0
0 0.280469 0.781944 0.0332031 0.0263889
1 0.313672 0.814583 0.0171875 0.0236111
1 0.761719 0.740278 0.015625 0.025
0 0.619922 0.0242187 0.0078125 0.0154514
0 0.719531 0.398958 0.0078125 0.0215278
1 0.722656 0.929167 0.0109375 0.025
0 0.408594 0.124479 0.015625 0.0253472
0 0.967188 0.221875 0.009375 0.0138889
1 0.378516 0.808333 0.0140625 0.0277778
1 0.767969 0.757639 0.0078125 0.0291667
0 0.958594 0.649306 0.0125 0.0208333
1 0.392578 0.111285 0.0148437 0.0211806
0 0.0666016 0.102691 0.0289063 0.190799
0 0.387891 0.90625 0.0296875 0.147222
0 0.953125 0.427778 0.05625 0.0333333
0 0.14541 0.195486 0.0078125 0.021875
0 0.904688 0.206771 0.009375 0.0190972
1 0.821094 0.752083 0.009375 0.0458333
0 0.355078 0.313194 0.0117188 0.0180556
1 0.33418 0.7 0.0140625 0.0277778
0 0.641406 0.336198 0.0125 0.0414931
0 0.0458984 0.972917 0.0108398 0.0513889
1 0.967188 0.221875 0.009375 0.0138889
0 0.900781 0.970833 0.075 0.0583333
0 0.0816406 0.147917 0.00625 0.0371528
1 0.0695312 0.264931 0.00742187 0.0131944
0 0.0821289 0.358333 0.0146484 0.0472222
1 0.361523 0.784722 0.0152344 0.0222222
1 0.369141 0.840278 0.00703125 0.0194444
1 0.416016 0.0493924 0.0125 0.0477431
0 0.958594 0.623611 0.015625 0.0125
0 0.393066 0.9 0.0388672 0.133333
1 0.782812 0.7375 0.0125 0.0222222
0 0.364062 0.980556 0.025 0.0361111
1 0.691406 0.209375 0.0109375 0.0149306
0 0.381152 1 0.150195 0
1 0.319922 0.698611 0.0128906 0.0236111
0 0.370313 0.872222 0.0078125 0.0638889
0 0.878125 0.752778 0.0375 0.0416667
1 0.255078 0.935417 0.0101562 0.0138889
0 0.986719 0.0525174 0.0171875 0.0401042
0 0.0744141 0.917361 0.05625 0.165278
1 0.889063 0.8875 0.06875 0.0333333
0 0.642578 0.342014 0.0132813 0.0444444
1 0.395312 0.127257 0.0195312 0.021875
1 0.9375 0.881944 0.021875 0.0347222
1 0.655859 0.365365 0.0234375 0.0901042
0 0.0845703 0.349306 0.0132813 0.0326389
1 0.679688 0.643056 0.0078125 0.0152778
1 0.735937 0.706944 0.0125 0.0277778
1 0.870313 0.877778 0.0265625 0.0277778
1 0.730859 0.943056 0.0195312 0.0361111
1 0.639453 0.350694 0.0195312 0.0388889
1 0.808594 0.735417 0.0125 0.0166667
1 0.402344 0.965278 0.01875 0.0583333
1 0.599219 0.905556 0.015625 0.0222222
1 0.803125 0.395139 0.009375 0.0166667
1 0.944531 0.246181 0.0078125 0.0125
0 0.313672 0.814583 0.0171875 0.0236111
1 0.370313 0.872222 0.0078125 0.0638889
0 0.0475098 0.801389 0.0149414 0.0416667
2 0.902344 0.970139 0.071875 0.0597222
1 0.740625 0.973611 0.01875 0.0527778
1 0.732031 0.973611 0.021875 0.05
1 0.310937 0.914583 0.0148437 0.0319444
0 0.738281 0.695833 0.015625 0.0194444
0 0.871875 0.75 0.05 0.0333333
0 0.390625 0.0697049 0.015625 0.0571181
1 0.414062 0.12691 0.0125 0.0246528
0 0.443359 0.780556 0.0195312 0.0222222
0 0.383594 0.970833 0.0140625 0.0527778
1 0.284375 0.214931 0.0132813 0.04375
1 0.31875 0.0668403 0.00859375 0.0236111
0 0.528906 0.523958 0.0796875 0.0520833
0 0.263281 0.665278 0.0472656 0.0375
0 0.0290039 0.321875 0.0488281 0.119444
0 0.400781 0.874306 0.0203125 0.0861111
0 0.332812 0.970833 0.015625 0.0527778
0 0.402344 0.966667 0.0179687 0.0583333
0 0.83125 0.128385 0.015625 0.0210069
1 0.932813 0.888194 0.015625 0.0222222
1 0.642969 0.332292 0.0101562 0.0291667
1 0.769922 0.976389 0.0078125 0.0236111
0 0.884375 0.7125 0.015625 0.0138889
0 0.889063 0.751389 0.01875 0.0388889
0 0.391406 0.0902778 0.0140625 0.0277778
0 0.0412109 0.100868 0.0824219 0.194097
0 0.0664551 0.815972 0.0172852 0.0513889
0 0.417188 0.0587023 0.0109375 0.0509983
0 0.335156 0.970833 0.021875 0.0569444
0 0.713281 0.151736 0.0140625 0.0177083
0 0.710156 0.15191 0.021875 0.0180556
1 0.671094 0.691667 0.009375 0.0222222
0 0.529297 0.775694 0.0257812 0.0208333
1 0.0827148 0.293403 0.00898437 0.01875
0 0.0830078 0.376389 0.0113281 0.0173611
0 0.692969 0.208333 0.009375 0.0180556
0 0.957031 0.646181 0.0109375 0.0152778
0 0.0572266 0.0997396 0.0503906 0.196701
1 0.878906 0.890278 0.0109375 0.0222222
1 0.842969 0.755556 0.009375 0.0222222
0 0.467969 0.141667 0.009375 0.0305556
0 0.754297 0.117361 0.0078125 0.0177083
1 0.642578 0.342014 0.0132813 0.0444444
1 0.359961 0.925694 0.0128906 0.0361111
1 0.757031 0.756944 0.0117188 0.0222222
1 0.957031 0.646181 0.0109375 0.0152778
0 0.0827148 0.293403 0.00898437 0.01875
1 0.467969 0.141667 0.009375 0.0305556
0 0.691406 0.209375 0.0109375 0.0149306
1 0.730859 0.972222 0.0148437 0.0555556
0 0.0199951 0.0141927 0.0399902 0.0283854
0 0.631641 0.204861 0.0132813 0.0170139
1 0.341406 0.655208 0.0191406 0.0270833
0 0.471094 0.780556 0.08125 0.0388889
1 0.31582 0.813889 0.0101562 0.0222222
1 0.308398 0.966667 0.00859375 0.0347222
1 0.641406 0.336198 0.0125 0.0414931
1 0.0830078 0.376389 0.0113281 0.0173611
1 0.391406 0.0902778 0.0140625 0.0277778
1 0.932031 0.886111 0.0234375 0.025
0 0.0190918 0.00993924 0.0381836 0.0198785
0 0.286719 0.779861 0.0226563 0.0208333
1 0.935938 0.8875 0.021875 0.025
0 0.359961 0.925694 0.0128906 0.0361111
0 0.312695 0.970833 0.0152344 0.05
0 0.0275879 0.780556 0.0530273 0.025
0 0.360938 0.965278 0.0171875 0.0361111
0 0.0690918 0.0925347 0.021582 0.185069
0 0.932813 0.888194 0.015625 0.0222222
0 0.414844 0.0744792 0.009375 0.0243056
0 0.0834961 0.301042 0.0109375 0.0354167
0 0.658594 0.201215 0.0140625 0.0194444
0 0.0645996 0.825 0.0291992 0.0708333
1 0.721094 0.911111 0.0109375 0.0194444
0 0.308398 0.966667 0.00859375 0.0347222
0 0.0253052 0.781944 0.0474365 0.0194444
0 0.178516 0.126476 0.0101562 0.0180556
1 0.0834961 0.301042 0.0109375 0.0354167
0 0.0369263 0.884028 0.0720459 0.229167
1 0.79375 0.731944 0.009375 0.0152778
1 0.905469 0.223958 0.0078125 0.0291667
0 0.671094 0.691667 0.009375 0.0222222
0 0.308203 0.865278 0.009375 0.0277778
0 0.30957 0.973611 0.0113281 0.0472222
0 0.664453 0.199653 0.0140625 0.0194444
1 0.332031 0.705556 0.0132813 0.0222222
0 0.293945 0.777778 0.0117188 0.0222222
1 0.30957 0.973611 0.0113281 0.0472222
0 0.0647461 0.819444 0.0230469 0.0597222
0 0.622656 0.205556 0.0125 0.0159722
1 0.345508 0.657639 0.0273438 0.0319444
0 0.31582 0.813889 0.0101562 0.0222222
0 0.842969 0.755556 0.009375 0.0222222
0 0.642969 0.332292 0.0101562 0.0291667
0 0.382031 0.976389 0.0203125 0.0444444
1 0.355078 0.313194 0.0117188 0.0180556
0 0.084668 0.297222 0.0123047 0.0243056
1 0.835938 0.75 0.015625 0.0361111
0 0.735937 0.7 0.0109375 0.0222222
0 0.00751953 0.30434 0.00976562 0.0614583
1 0.338281 0.658681 0.0164062 0.0291667
1 0.182031 0.938889 0.0117188 0.0222222
1 0.872656 0.886806 0.0265625 0.0291667
0 0.307422 0.85 0.00703125 0.0277778
1 0.857813 0.734722 0.009375 0.0111111
1 0.178516 0.126476 0.0101562 0.0180556
1 0.245312 0.174653 0.00976562 0.0194444
0 0.417188 0.0207031 0.0109375 0.0315972
1 0.766406 0.730556 0.0078125 0.0138889
0 0.830469 0.335417 0.0125 0.0152778
1 0.659375 0.390972 0.0109375 0.0333333
0 0.705859 0.153819 0.028125 0.0145833
1 0.0664551 0.815972 0.0172852 0.0513889
0 0.358203 0.975 0.0210938 0.0472222
0 0.361523 0.928472 0.0128906 0.0444444
0 0.0685547 0.0215495 0.01875 0.043099
0 0.341406 0.655208 0.0191406 0.0270833
1 0.642187 0.323958 0.0109375 0.0291667
1 0.308203 0.865278 0.009375 0.0277778
0 0.461328 0.788194 0.0695312 0.0291667
1 0.884375 0.7125 0.015625 0.0138889
0 0.857813 0.734722 0.009375 0.0111111
1 0.411719 0.123438 0.0125 0.0194444
0 0.735937 0.695139 0.0125 0.0180556
0 0.391406 0.0778646 0.015625 0.053125
0 0.128516 0.797222 0.0298828 0.0486111
0 0.0437988 0.779167 0.021582 0.0222222
1 0.0820312 0.336458 0.0123047 0.0125
1 0.307422 0.85 0.00703125 0.0277778
0 0.362695 0.930556 0.0171875 0.0472222
0 0.410156 0.965278 0.0335938 0.0611111
0 0.416016 0.0495226 0.0125 0.0480035
1 0.414844 0.0744792 0.009375 0.0243056
0 0.178711 0.121094 0.0117188 0.0230903
1 0.8875 0.752083 0.01875 0.0402778
0 0.757031 0.756944 0.0117188 0.0222222
1 0.725781 0.977778 0.01875 0.0444444
1 0.671875 0.740278 0.009375 0.0180556
0 0.692187 0.212674 0.00859375 0.0208333
1 0.335742 0.7 0.0121094 0.0166667
0 0.83125 0.124479 0.0171875 0.0315972
1 0.255078 0.176042 0.0144531 0.0239583
0 0.460547 0.779167 0.0601562 0.0263889
1 0.529297 0.775694 0.0257812 0.0208333
1 0.713281 0.151736 0.0140625 0.0177083
0 0.124023 0.804167 0.01875 0.0472222
0 0.828906 0.129514 0.021875 0.0211806
1 0.710156 0.15191 0.021875 0.0180556
1 0.362695 0.930556 0.0171875 0.0472222
0 0.394531 0.121354 0.0203125 0.0206597
1 0.692969 0.208333 0.009375 0.0180556
0 0.464844 0.783333 0.0742188 0.0305556
1 0.692187 0.212674 0.00859375 0.0208333
0 0.3625 0.961111 0.0171875 0.0361111
0 0.8875 0.705556 0.01875 0.0194444
1 0.332812 0.970833 0.015625 0.0527778
0 0.411719 0.123438 0.0125 0.0194444
0 0.0687988 0.0693576 0.0196289 0.138715
0 0.905469 0.223958 0.0078125 0.0291667
0 0.353711 0.964583 0.0320312 0.05
0 0.839844 0.752778 0.01875 0.0305556
1 0.670703 0.701389 0.0101562 0.0305556
0 0.0117676 0.19375 0.0196289 0.0163194
1 0.727734 0.970833 0.0203125 0.0583333
1 0.361523 0.928472 0.0128906 0.0444444
0 0.990625 0.0713542 0.01875 0.0189236
0 0.361914 0.788889 0.0128906 0.0138889
1 0.657031 0.340625 0.0109375 0.0465278
1 0.671875 0.748611 0.009375 0.025
1 0.408594 0.124479 0.015625 0.0253472
1 0.658203 0.371528 0.0140625 0.0645833
0 0.932031 0.886111 0.0234375 0.025
1 0.821875 0.745833 0.009375 0.0333333
1 0.719531 0.398958 0.0078125 0.0215278
0 0.395312 0.127257 0.0195312 0.021875
1 0.604688 0.906944 0.0234375 0.0194444
1 0.361914 0.788889 0.0128906 0.0138889
1 0.904688 0.236632 0.009375 0.0190972
1 0.362695 0.827778 0.0109375 0.0319444
0 0.119531 0.817361 0.00625 0.0208333
1 0.084668 0.297222 0.0123047 0.0243056
0 0.0120117 0.941667 0.0233398 0.116667
1 0.958594 0.649306 0.0125 0.0201389
0 0.34668 0.65625 0.0238281 0.0305556
1 0.308984 0.886111 0.0117188 0.025
1 0.417188 0.0600694 0.0101562 0.0503472
1 0.360156 0.797222 0.0132813 0.0138889
0 0.935938 0.8875 0.021875 0.025
1 0.394531 0.121354 0.0203125 0.0206597
0 0.0816406 0.154687 0.00566406 0.0284722
0 0.682031 0.156944 0.00703125 0.0118056
1 0.735937 0.7 0.0109375 0.0222222
0 0.825 0.295833 0.015625 0.0180556
1 0.658594 0.201215 0.0140625 0.0194444
1 0.145508 0.195486 0.0078125 0.0222222
1 0.367969 0.820833 0.0109375 0.0361111
0 0.00900879 0.313542 0.0140137 0.0694444
1 0.765625 0.975 0.0140625 0.0305556
1 0.904688 0.206771 0.009375 0.0190972
0 0.0820312 0.336458 0.0123047 0.0125
1 0.469531 0.180208 0.009375 0.0229167
1 0.178711 0.121094 0.0117188 0.0230903
1 0.245703 0.938889 0.0140625 0.0166667
1 0.360938 0.822917 0.0125 0.0319444
1 0.432813 0.201042 0.0109375 0.0201389
1 0.00805664 0.990972 0.0137695 0.0180556
0 0.196875 0.0430556 0.0199219 0.0145833
1 0.313281 0.911111 0.0136719 0.0263889
0 0.352734 1 0.0898438 0
1 0.658594 0.379861 0.0125 0.0534722
1 0.829687 0.747222 0.00625 0.0333333
1 0.735937 0.695139 0.0125 0.0180556
1 0.368359 0.804167 0.0132813 0.0236111
0 0.910937 0.65625 0.009375 0.0180556
1 0.0782227 0.414931 0.009375 0.0236111
1 0.742188 0.754861 0.009375 0.0333333
0 0.769922 0.976389 0.0078125 0.0236111
1 0.878125 0.88125 0.0125 0.0347222
1 0.64375 0.359375 0.0164062 0.0756944
1 0.519531 0.714583 0.00625 0.0138889
1 0.830469 0.335417 0.0125 0.0152778
0 0.835938 0.75 0.015625 0.0361111
0 0.0253418 0.875 0.0493164 0.205556
0 0.688281 0.206944 0.0179687 0.0194444
0 0.0791016 0.0207899 0.00820312 0.0415799
1 0.754297 0.117361 0.0078125 0.0177083
1 0.320703 0.220486 0.0109375 0.0208333
1 0.293945 0.777778 0.0117188 0.0222222
1 0.636719 0.317708 0.0125 0.0180556
1 0.363477 0.783333 0.0140625 0.0194444
1 0.119531 0.817361 0.00625 0.0208333
0 0.308984 0.886111 0.0117188 0.025
0 0.730859 0.972222 0.0132813 0.0555556
0 0.333984 1 0.0609375 0
0 0.660156 0.388542 0.0125 0.0298611
0 0.528906 0.499306 0.0835937 0.0972222
1 0.639844 0.329861 0.01875 0.0361111
1 0.314063 0.973611 0.0171875 0.05
0 0.64375 0.203125 0.009375 0.0180556
1 0.313672 0.814583 0.0171875 0.0236111
0 0.280469 0.781944 0.0332031 0.0263889
0 0.619922 0.0242187 0.0078125 0.0154514
1 0.761719 0.740278 0.015625 0.025
1 0.722656 0.929167 0.0109375 0.025
0 0.967188 0.221875 0.009375 0.0138889
0 0.719531 0.398958 0.0078125 0.0215278
1 0.767969 0.757639 0.0078125 0.0291667
0 0.408594 0.124479 0.015625 0.0253472
1 0.378516 0.808333 0.0140625 0.0277778
1 0.392578 0.111285 0.0148437 0.0211806
0 0.958594 0.649306 0.0125 0.0201389
0 0.953125 0.427778 0.05625 0.0333333
0 0.0666016 0.102691 0.0289063 0.190799
0 0.387891 0.90625 0.0296875 0.147222
0 0.145508 0.195486 0.0078125 0.0222222
0 0.632812 0.204514 0.0171875 0.0201389
0 0.904688 0.206771 0.009375 0.0190972
1 0.821094 0.752083 0.009375 0.0458333
0 0.355078 0.313194 0.0117188 0.0180556
0 0.0458984 0.973611 0.0108398 0.05
1 0.33418 0.7 0.0140625 0.0277778
0 0.641406 0.336198 0.0125 0.0414931
1 0.967188 0.221875 0.009375 0.0138889
0 0.900781 0.970833 0.075 0.0583333
0 0.0821289 0.358333 0.0146484 0.0472222
1 0.416016 0.0495226 0.0125 0.0480035
0 0.0816406 0.147917 0.00625 0.0371528
1 0.361523 0.784722 0.0152344 0.0222222
1 0.369141 0.840278 0.00703125 0.0194444
1 0.0696289 0.264931 0.00742187 0.0131944
0 0.958594 0.623611 0.015625 0.0125
0 0.393066 0.9 0.0388672 0.133333
1 0.782812 0.7375 0.0125 0.0222222
0 0.381152 1 0.150195 0
1 0.691406 0.209375 0.0109375 0.0149306
0 0.364062 0.980556 0.025 0.0361111
1 0.319922 0.698611 0.0128906 0.0222222
0 0.370313 0.872222 0.0078125 0.0638889
0 0.878125 0.752778 0.0375 0.0416667
1 0.255078 0.935417 0.0101562 0.0138889
0 0.986719 0.0525608 0.0171875 0.0400174
0 0.0744141 0.918056 0.05625 0.163889
1 0.889063 0.8875 0.06875 0.0333333
1 0.395312 0.127257 0.0195312 0.021875
0 0.642578 0.342014 0.0132813 0.0444444
1 0.655859 0.365365 0.0234375 0.0901042
1 0.9375 0.881944 0.021875 0.0347222
0 0.0845703 0.349306 0.0132813 0.0326389
1 0.735937 0.706944 0.0125 0.0277778
1 0.730859 0.943056 0.0195312 0.0361111
1 0.870313 0.877778 0.0265625 0.0277778
1 0.639453 0.350694 0.0195312 0.0388889
1 0.679688 0.643056 0.0078125 0.0152778
1 0.808594 0.735417 0.0125 0.0166667
1 0.599219 0.905556 0.015625 0.0222222
1 0.402344 0.965278 0.01875 0.0583333
1 0.370313 0.872222 0.0078125 0.0638889
0 0.313672 0.814583 0.0171875 0.0236111
1 0.944531 0.246181 0.0078125 0.0125
1 0.803125 0.395139 0.009375 0.0166667
0 0.0474609 0.800694 0.0150391 0.0402778
1 0.740625 0.973611 0.0195312 0.0527778
2 0.902344 0.970139 0.071875 0.0597222
1 0.732031 0.973611 0.021875 0.05
0 0.738281 0.695833 0.015625 0.0194444
1 0.310937 0.914583 0.0148437 0.0319444
0 0.383594 0.970833 0.0140625 0.0527778
1 0.31875 0.0668403 0.00859375 0.0236111
1 0.414062 0.12691 0.0125 0.0246528
1 0.284375 0.214931 0.0132813 0.04375
0 0.443359 0.780556 0.0195312 0.0222222
0 0.871875 0.75 0.05 0.0333333
