0 0.433496 0.541667 0.150195 0.109722
0 0.811719 0.823611 0.0515625 0.0513889
1 0.734375 0.718056 0.0140625 0.0208333
0 0.685938 0.293056 0.0492188 0.106944
1 0.692969 0.171875 0.0203125 0.0388889
1 0.764844 0.410417 0.0171875 0.0277778
1 0.602734 0.0663411 0.0101562 0.0249566
1 0.653906 0.140104 0.0109375 0.0236111
1 0.453125 0.605208 0.00859375 0.0229167
1 0.89375 0.875 0.0125 0.025
1 0.971875 0.847917 0.01875 0.0319444
1 0.157422 0.983333 0.0191406 0.0333333
1 0.735547 0.722222 0.0171875 0.0277778
1 0.757812 0.488542 0.0125 0.01875
1 0.760156 0.692361 0.01875 0.0236111
1 0.878906 0.562153 0.009375 0.0208333
0 0.982813 0.220833 0.0140625 0.0190972
0 0.727344 0.0439236 0.0617188 0.0871528
1 0.763672 0.689583 0.0140625 0.0236111
1 0.991406 0.886111 0.0171875 0.0375
1 0.596094 0.0653646 0.021875 0.0321181
1 0.541406 0.554861 0.0109375 0.0180556
1 0.957031 0.822222 0.015625 0.0222222
1 0.979688 0.141059 0.0125 0.0296875
0 0.661719 0.555903 0.134375 0.0868056
0 0.979688 0.141059 0.0125 0.0296875
0 0.799219 0.197222 0.053125 0.0722222
1 0.642187 0.670833 0.0109375 0.0222222
1 0.709375 0.672222 0.0109375 0.0152778
1 0.517969 0.595833 0.0109375 0.0152778
1 0.767969 0.379167 0.01875 0.0236111
0 0.79375 0.125868 0.198437 0.242708
0 0.00869141 0.308854 0.0173828 0.0677083
1 0.145898 0.983333 0.0175781 0.0333333
1 0.759375 0.472222 0.0148437 0.0305556
1 0.166797 0.983333 0.0355469 0.0333333
1 0.276563 0.927083 0.046875 0.0569444
1 0.344922 0.527778 0.0140625 0.0354167
1 0.982813 0.220833 0.0140625 0.0190972
1 0.545313 0.909028 0.0078125 0.0208333
1 0.979688 0.147049 0.0140625 0.0427083
1 0.33125 0.5625 0.00742187 0.0194444
1 0.970312 0.856944 0.0171875 0.0277778
1 0.878906 0.513194 0.009375 0.03125
1 0.932813 0.11467 0.009375 0.0164931
1 0.180859 0.982639 0.0921875 0.0347222
1 0.528906 0.648611 0.0078125 0.0166667
1 0.696094 0.192014 0.0203125 0.0277778
1 0.957031 0.874306 0.0265625 0.0333333
0 0.711719 0.0590278 0.03125 0.0404514
1 0.538281 0.555903 0.0179687 0.0173611
1 0.31875 0.267014 0.0140625 0.0277778
0 0.547266 0.495139 0.392969 0.236111
0 0.686328 0.290104 0.0398437 0.090625
1 0.957812 0.9 0.0296875 0.0777778
1 0.133594 0.981944 0.0261719 0.0347222
1 0.967188 0.8375 0.025 0.0416667
1 0.761719 0.461458 0.0195312 0.0479167
1 0.539844 0.539236 0.0125 0.0354167
1 0.766406 0.401736 0.0140625 0.0381944
1 0.895312 0.0630425 0.009375 0.0180122
0 0.69375 0.170139 0.0210938 0.0378472
1 0.852344 0.605556 0.0109375 0.0402778
0 0.688281 0.552083 0.084375 0.0694444
0 0.979688 0.147049 0.0140625 0.0427083
1 0.940625 0.894444 0.06875 0.0791667
1 0.194336 0.980208 0.0953125 0.0395833
1 0.137988 0.436111 0.0242187 0.025
0 0.374609 0.534722 0.0320312 0.0819444
1 0.891406 0.877778 0.0140625 0.025
0 0.708594 0.058355 0.025 0.0284288
1 0.276172 0.936806 0.046875 0.0430556
1 0.760156 0.480208 0.0140625 0.01875
1 0.542188 0.823611 0.0101562 0.025
1 0.17168 0.983333 0.0496094 0.0333333
0 0.809375 0.188368 0.114063 0.112847
1 0.753906 0.132639 0.0109375 0.0222222
0 0.700391 0.209722 0.0296875 0.0284722
1 0.964844 0.848611 0.03125 0.0361111
1 0.640625 0.676389 0.015625 0.0319444
1 0.279297 0.918056 0.0539063 0.0611111
1 0.13291 0.9 0.0144531 0.0333333
1 0.854688 0.495833 0.00625 0.0194444
1 0.614062 0.859722 0.0140625 0.0222222
0 0.194336 0.980208 0.0953125 0.0395833
0 0.760156 0.692361 0.01875 0.0236111
1 0.714453 0.671528 0.0148437 0.0152778
0 0.0591797 0.130642 0.0646484 0.0498264
0 0.00600586 0.175868 0.0100586 0.0159722
1 0.591406 0.0669271 0.0125 0.0321181
0 0.98125 0.216667 0.015625 0.0215278
1 0.692969 0.246875 0.0257812 0.0208333
1 0.764063 0.452778 0.0171875 0.0375
0 0.764844 0.0567708 0.139062 0.1125
1 0.126563 0.221875 0.0152344 0.0215278
1 0.611719 0.859028 0.0140625 0.0222222
1 0.904688 0.75 0.009375 0.0166667
1 0.771094 0.15625 0.015625 0.0274306
1 0.540625 0.831944 0.0109375 0.0236111
0 0.741406 0.0503472 0.065625 0.0899306
1 0.15 0.982292 0.0210938 0.0354167
0 0.609375 0.557639 0.2375 0.108333
1 0.45 0.60625 0.0164062 0.0222222
0 0.980469 0.149479 0.01875 0.0430556
0 0.602734 0.0663411 0.0101562 0.0249566
1 0.70625 0.682639 0.009375 0.0194444
1 0.687891 0.251736 0.0265625 0.0277778
0 0.763672 0.689583 0.0140625 0.0236111
1 0.703125 0.207986 0.0234375 0.0243056
1 0.6875 0.290104 0.040625 0.101042
1 0.731641 0.464583 0.015625 0.0277778
0 0.344922 0.527778 0.0140625 0.0354167
1 0.535156 0.401389 0.0140625 0.0145833
0 0.383691 0.537153 0.0498047 0.0923611
1 0.935156 0.119618 0.009375 0.0197917
0 0.719922 0.0358073 0.0453125 0.062066
0 0.771094 0.15625 0.015625 0.0274306
0 0.734375 0.718056 0.0140625 0.0208333
0 0.773438 0.130556 0.134375 0.224306
1 0.940625 0.877778 0.071875 0.105556
0 0.653906 0.140104 0.0109375 0.0236111
0 0.548535 0.485417 0.366992 0.156944
1 0.975 0.053342 0.0171875 0.0266493
1 0.294531 0.402778 0.0132813 0.0305556
0 0.932813 0.11467 0.009375 0.0164931
1 0.758203 0.7 0.0164062 0.025
1 0.753906 0.690278 0.025 0.0166667
1 0.540625 0.401389 0.0140625 0.0180556
1 0.992188 0.731944 0.0125 0.0194444
0 0.181055 0.969444 0.120703 0.0611111
1 0.878125 0.565972 0.0125 0.0263889
0 0.741016 0.0391059 0.0429688 0.0697049
0 0.596094 0.0653646 0.021875 0.0321181
0 0.0433594 0.119097 0.0300781 0.0267361
0 0.278125 0.921528 0.0476562 0.0694444
1 0.0972656 0.934722 0.0222656 0.0416667
1 0.95 0.895833 0.0484375 0.0833333
1 0.695312 0.173611 0.028125 0.0423611
1 0.91875 0.884722 0.015625 0.0388889
1 0.539062 0.529167 0.0125 0.0319444
0 0.785156 0.248264 0.234375 0.479167
0 0.975 0.053342 0.0171875 0.0266493
0 0.687109 0.246875 0.0476562 0.136111
1 0.68125 0.331944 0.03125 0.0222222
0 0.753906 0.132639 0.0109375 0.0222222
1 0.178516 0.970139 0.120703 0.0597222
1 0.764453 0.420833 0.0140625 0.0347222
0 0.0586914 0.119965 0.0615234 0.0284722
1 0.278125 0.913889 0.0476562 0.0972222
1 0.266797 0.267014 0.0164062 0.0222222
0 0.709375 0.672222 0.0109375 0.0152778
0 0.5875 0.497917 0.264844 0.231944
1 0.310156 0.267361 0.0132813 0.0270833
1 0.944531 0.69375 0.009375 0.0138889
0 0.898438 0.317361 0.021875 0.0298611
1 0.357422 0.525694 0.009375 0.0527778
0 0.851562 0.609375 0.0125 0.0402778
1 0.911719 0.847917 0.0140625 0.0277778
1 0.656641 0.538194 0.0148437 0.0256944
1 0.453125 0.610417 0.0101562 0.0347222
1 0.959375 0.693056 0.0125 0.0138889
1 0.196045 0.972222 0.0915039 0.0555556
1 0.953125 0.886111 0.034375 0.0555556
0 0.878906 0.562153 0.009375 0.0208333
1 0.8875 0.877778 0.015625 0.0305556
1 0.268359 0.873611 0.0113281 0.0402778
0 0.89375 0.875 0.0125 0.025
1 0.293555 0.413194 0.0117188 0.025
0 0.469531 0.546528 0.225 0.127778
0 0.878906 0.513194 0.009375 0.03125
1 0.545313 0.808333 0.0101562 0.0361111
1 0.676562 0.554861 0.117188 0.0777778
1 0.985937 0.861111 0.01875 0.0277778
0 0.902344 0.321007 0.0328125 0.0454861
0 0.773438 0.0904297 0.15625 0.173307
1 0.691016 0.180903 0.0242187 0.0548611
0 0.137988 0.436111 0.0242187 0.025
1 0.85 0.611806 0.0140625 0.0361111
1 0.9625 0.743056 0.009375 0.0194444
1 0.100684 0.932639 0.0238281 0.0402778
1 0.980469 0.149479 0.01875 0.0430556
0 0.124609 0.22309 0.0167969 0.0215278
1 0.98125 0.216667 0.015625 0.0215278
1 0.0830078 0.897222 0.0664062 0.2
1 0.942969 0.891667 0.03125 0.0472222
1 0.539062 0.394444 0.015625 0.0194444
0 0.892187 0.322222 0.0125 0.0354167
1 0.65625 0.553819 0.01875 0.0381944
0 0.180859 0.982639 0.0921875 0.0347222
1 0.316016 0.259028 0.0140625 0.0291667
2 0.940625 0.894444 0.06875 0.0791667
1 0.691406 0.55625 0.0835937 0.08125
0 0.453125 0.605208 0.00859375 0.0229167
0 0.766406 0.401736 0.0140625 0.0381944
1 0.95 0.852778 0.0546875 0.0583333
1 0.637891 0.678472 0.0203125 0.0291667
0 0.895312 0.0630425 0.009375 0.0180122
1 0.0432617 0.934722 0.00820312 0.025
0 0.804688 0.152474 0.173438 0.200608
1 0.702344 0.213715 0.0257812 0.0315972
1 0.554688 0.783333 0.0140625 0.0194444
0 0.642187 0.670833 0.0109375 0.0222222
1 0.907812 0.711111 0.0125 0.0138889
0 0.545313 0.909028 0.0078125 0.0208333
1 0.00600586 0.175868 0.0100586 0.0159722
0 0.589844 0.485069 0.246875 0.172917
1 0.541797 0.8375 0.0109375 0.025
1 0.344336 0.535764 0.0210938 0.0548611
1 0.0973633 0.954167 0.0246094 0.0777778
1 0.775781 0.373611 0.015625 0.0194444
1 0.0875977 0.968056 0.0525391 0.0611111
1 0.88125 0.8875 0.0078125 0.0291667
0 0.991406 0.886111 0.0171875 0.0375
1 0.716016 0.626736 0.0117188 0.0173611
0 0.539062 0.529167 0.0125 0.0319444
1 0.765625 0.388194 0.0203125 0.0361111
1 0.410156 0.417361 0.0140625 0.0236111
0 0.767969 0.0205295 0.0171875 0.0200521
1 0.730078 0.45 0.0164062 0.0208333
1 0.644531 0.576042 0.015625 0.0180556
1 0.915625 0.847222 0.015625 0.0333333
1 0.104102 0.908333 0.0814453 0.180556
0 0.907812 0.341059 0.0375 0.0526042
1 0.50625 0.513889 0.015625 0.0298611
0 0.804688 0.130382 0.104687 0.104861
1 0.760547 0.490278 0.0203125 0.025
0 0.751562 0.0508247 0.0453125 0.0881076
1 0.879687 0.562847 0.01875 0.0215278
0 0.573047 0.54375 0.408594 0.263889
1 0.866406 0.240278 0.015625 0.0225694
1 0.532812 0.338889 0.0078125 0.0215278
2 0.95 0.895833 0.0484375 0.0833333
0 0.591406 0.0669271 0.0125 0.0321181
1 0.102246 0.85625 0.0222656 0.138889
0 0.764453 0.147396 0.0289063 0.0430556
1 0.651563 0.140451 0.0171875 0.0239583
0 0.767969 0.379167 0.01875 0.0236111
1 0.147656 0.970833 0.0570313 0.0527778
0 0.765234 0.409028 0.0171875 0.0291667
0 0.971875 0.847917 0.01875 0.0319444
1 0.792969 0.198264 0.040625 0.0729167
0 0.266797 0.267014 0.0164062 0.0222222
0 0.275391 0.931944 0.0445312 0.0444444
1 0.646875 0.606944 0.0109375 0.0215278
1 0.699219 0.689583 0.0140625 0.0152778
0 0.0354492 0.117014 0.0154297 0.0227431
1 0.700391 0.209722 0.0296875 0.0284722
1 0.9625 0.699306 0.009375 0.0166667
0 0.904688 0.75 0.009375 0.0166667
1 0.615625 0.854861 0.0203125 0.025
2 0.547559 0.492361 0.40332 0.141667
1 0.98125 0.7375 0.034375 0.0361111
1 0.892187 0.860417 0.0125 0.0458333
1 0.917188 0.875694 0.0171875 0.0569444
1 0.892187 0.322222 0.0125 0.0354167
1 0.728516 0.716667 0.0234375 0.025
1 0.695312 0.148307 0.0140625 0.0436632
1 0.0801758 0.913889 0.0195312 0.0388889
1 0.892187 0.709722 0.0078125 0.0222222
1 0.737891 0.702778 0.0140625 0.0166667
1 0.90625 0.740278 0.0109375 0.0222222
1 0.70625 0.419444 0.0203125 0.0277778
1 0.65625 0.577083 0.01875 0.0222222
1 0.358008 0.204861 0.0121094 0.025
1 0.653516 0.165799 0.0117188 0.0402778
1 0.28125 0.908333 0.0476562 0.05
0 0.907031 0.329861 0.0421875 0.0673611
1 0.0998047 0.814583 0.0164062 0.0541667
1 0.582812 0.663194 0.009375 0.0173611
1 0.7625 0.149002 0.021875 0.0346354
1 0.280078 0.269097 0.00859375 0.0215278
1 0.0354492 0.117014 0.0154297 0.0227431
1 0.553906 0.623611 0.00859375 0.0222222
1 0.354688 0.531944 0.0164062 0.0625
1 0.639063 0.672569 0.01875 0.0229167
0 0.0794678 0.129948 0.0223145 0.0310764
1 0.740625 0.731944 0.021875 0.0472222
1 0.73125 0.402083 0.009375 0.0152778
1 0.876562 0.561458 0.015625 0.0201389
1 0.156152 0.938194 0.169336 0.123611
1 0.99375 0.857639 0.0125 0.0458333
1 0.749609 0.127083 0.0179687 0.0263889
1 0.735156 0.690278 0.0171875 0.0166667
1 0.125195 0.966667 0.0222656 0.0611111
0 0.935156 0.119618 0.009375 0.0197917
1 0.116821 0.939931 0.101123 0.120139
1 0.875781 0.514583 0.0171875 0.0305556
1 0.617188 0.520833 0.04375 0.0333333
1 0.442969 0.543403 0.135937 0.10625
2 0.547266 0.495139 0.392969 0.236111
1 0.681641 0.335417 0.0335938 0.0256944
1 0.134766 0.970139 0.0324219 0.0527778
1 0.355469 0.318229 0.00859375 0.0211806
1 0.871875 0.196181 0.0296875 0.0465278
1 0.873438 0.529514 0.015625 0.0180556
1 0.180664 0.38125 0.00820312 0.0180556
0 0.7625 0.149002 0.021875 0.0346354
1 0.712109 0.625347 0.0132813 0.0145833
1 0.870313 0.229167 0.021875 0.0333333
0 0.692969 0.246875 0.0257812 0.0208333
0 0.433496 0.541667 0.150195 0.109722
0 0.811719 0.823611 0.0515625 0.0513889
1 0.734375 0.718056 0.0140625 0.0222222
0 0.685938 0.293056 0.0492188 0.106944
1 0.692969 0.171875 0.0203125 0.0388889
1 0.764844 0.410417 0.0171875 0.0277778
1 0.602734 0.0664062 0.0101562 0.025
1 0.653906 0.140104 0.0109375 0.0236111
1 0.453125 0.605208 0.00859375 0.0229167
1 0.89375 0.875 0.0125 0.025
1 0.971875 0.847917 0.01875 0.0319444
1 0.157324 0.983333 0.0189453 0.0333333
1 0.735547 0.722222 0.0171875 0.0277778
1 0.757812 0.488542 0.0125 0.01875
1 0.760156 0.692361 0.01875 0.0236111
1 0.878906 0.562153 0.009375 0.0208333
0 0.982813 0.220833 0.0140625 0.0190972
1 0.763672 0.689583 0.0140625 0.0236111
1 0.991406 0.886111 0.0171875 0.0375
0 0.727344 0.0439236 0.0617188 0.0871528
1 0.596094 0.0654297 0.021875 0.0319878
1 0.541406 0.554861 0.0109375 0.0180556
1 0.957031 0.822222 0.015625 0.0222222
1 0.979688 0.140972 0.0125 0.0295139
1 0.642187 0.670833 0.0109375 0.0222222
0 0.661719 0.555903 0.134375 0.0868056
1 0.709375 0.672222 0.0109375 0.0152778
0 0.979688 0.140972 0.0125 0.0295139
0 0.799219 0.197222 0.053125 0.0722222
1 0.517969 0.595833 0.0109375 0.0152778
1 0.767969 0.378819 0.01875 0.0229167
0 0.79375 0.126389 0.198437 0.24375
0 0.00869141 0.308854 0.0173828 0.0677083
1 0.145898 0.983333 0.0173828 0.0333333
1 0.759375 0.472569 0.0148437 0.0305556
1 0.166992 0.983333 0.0355469 0.0333333
1 0.276563 0.927083 0.046875 0.0569444
1 0.344922 0.527778 0.0140625 0.0354167
1 0.982813 0.220833 0.0140625 0.0190972
1 0.545313 0.909028 0.0078125 0.0208333
1 0.979688 0.147222 0.0140625 0.0427083
1 0.33125 0.5625 0.0078125 0.0194444
1 0.970312 0.856944 0.0171875 0.0277778
1 0.878906 0.513194 0.009375 0.0305556
1 0.932813 0.11467 0.009375 0.0164931
1 0.180859 0.982639 0.0921875 0.0347222
1 0.528906 0.648611 0.0078125 0.0166667
1 0.696094 0.192014 0.0203125 0.0277778
1 0.957031 0.874306 0.0265625 0.0333333
0 0.711719 0.0590495 0.03125 0.0405816
1 0.538281 0.55625 0.0179687 0.0166667
1 0.31875 0.267014 0.0140625 0.0277778
0 0.547266 0.495139 0.39375 0.236111
0 0.686328 0.290104 0.0398437 0.0899306
1 0.957812 0.9 0.0296875 0.0777778
1 0.967188 0.8375 0.025 0.0416667
1 0.133691 0.981944 0.0261719 0.0347222
1 0.895312 0.0630208 0.009375 0.0180556
1 0.761719 0.461806 0.0195312 0.0486111
1 0.766406 0.401736 0.0140625 0.0381944
1 0.539844 0.539236 0.0125 0.0354167
1 0.852344 0.605556 0.0109375 0.0402778
0 0.69375 0.170139 0.0210938 0.0381944
0 0.688281 0.552083 0.084375 0.0694444
0 0.979688 0.147222 0.0140625 0.0427083
1 0.940625 0.894444 0.06875 0.0791667
1 0.194336 0.980208 0.0953125 0.0395833
1 0.137988 0.436111 0.0242187 0.025
0 0.374609 0.534722 0.0328125 0.0819444
1 0.891406 0.877778 0.0140625 0.025
0 0.708594 0.0583333 0.025 0.0282986
1 0.760156 0.480208 0.0140625 0.01875
1 0.276172 0.936806 0.046875 0.0430556
1 0.542188 0.823611 0.0109375 0.025
1 0.17168 0.983333 0.0496094 0.0333333
0 0.810156 0.187109 0.11875 0.115365
1 0.753906 0.132639 0.0109375 0.0222222
0 0.700391 0.209722 0.0296875 0.0284722
1 0.964844 0.848611 0.03125 0.0361111
1 0.640625 0.676389 0.015625 0.0319444
1 0.279297 0.918056 0.0539063 0.0611111
1 0.133008 0.9 0.0144531 0.0333333
1 0.854688 0.495833 0.00625 0.0194444
1 0.614062 0.859722 0.0140625 0.0222222
0 0.194336 0.980208 0.0953125 0.0395833
1 0.714453 0.671528 0.0148437 0.0152778
0 0.760156 0.692361 0.01875 0.0236111
1 0.591406 0.0669271 0.0125 0.0322917
0 0.0591797 0.130556 0.0646484 0.05
0 0.00600586 0.175868 0.0100586 0.0159722
0 0.98125 0.216667 0.015625 0.0215278
1 0.692969 0.246875 0.0257812 0.0208333
1 0.764063 0.452778 0.0171875 0.0375
0 0.765234 0.0568576 0.139844 0.112674
1 0.126563 0.221875 0.0152344 0.021875
1 0.771094 0.15625 0.015625 0.0274306
1 0.904688 0.75 0.009375 0.0166667
1 0.611719 0.859028 0.0140625 0.0222222
1 0.540625 0.831944 0.0109375 0.0236111
0 0.741406 0.0503472 0.0671875 0.0899306
1 0.15 0.982292 0.0210938 0.0354167
0 0.609375 0.557639 0.2375 0.108333
1 0.45 0.60625 0.0164062 0.0222222
1 0.70625 0.682639 0.009375 0.0194444
0 0.980469 0.149479 0.01875 0.0430556
0 0.602734 0.0664062 0.0101562 0.025
1 0.6875 0.25191 0.0265625 0.0277778
1 0.6875 0.290104 0.040625 0.101042
1 0.703125 0.207986 0.0234375 0.0243056
0 0.763672 0.689583 0.0140625 0.0236111
1 0.731641 0.464583 0.015625 0.0277778
1 0.935156 0.119618 0.009375 0.0197917
1 0.535156 0.401389 0.0140625 0.0152778
0 0.344922 0.527778 0.0140625 0.0354167
0 0.383691 0.537153 0.0498047 0.0923611
0 0.773047 0.130035 0.135156 0.225347
0 0.719922 0.0358398 0.0453125 0.0620009
1 0.940625 0.877778 0.071875 0.105556
0 0.771094 0.15625 0.015625 0.0274306
0 0.734375 0.718056 0.0140625 0.0222222
1 0.124512 0.22309 0.0167969 0.0215278
0 0.548535 0.485417 0.366992 0.156944
0 0.653906 0.140104 0.0109375 0.0236111
1 0.975 0.053342 0.0171875 0.0266493
1 0.294531 0.402778 0.0132813 0.03125
1 0.758203 0.7 0.0164062 0.025
0 0.932813 0.11467 0.009375 0.0164931
1 0.753906 0.690278 0.025 0.0166667
1 0.540625 0.401389 0.0140625 0.0180556
1 0.132227 0.904861 0.015625 0.0430556
1 0.992188 0.731944 0.0125 0.0194444
1 0.878125 0.565972 0.0125 0.0263889
0 0.181055 0.969444 0.120703 0.0597222
0 0.741016 0.0391602 0.0429688 0.06977
0 0.0435059 0.119097 0.0304688 0.0265625
0 0.596094 0.0654297 0.021875 0.0319878
0 0.278125 0.921528 0.0476562 0.0694444
1 0.0972656 0.934722 0.0222656 0.0416667
1 0.695312 0.173611 0.028125 0.0423611
1 0.91875 0.884722 0.015625 0.0388889
1 0.539453 0.528819 0.0117188 0.0326389
0 0.785156 0.247917 0.234375 0.478472
1 0.950781 0.9 0.04375 0.075
0 0.975 0.053342 0.0171875 0.0266493
1 0.68125 0.331944 0.03125 0.0222222
0 0.687109 0.247049 0.0476562 0.136458
1 0.764453 0.420833 0.0140625 0.0347222
1 0.266797 0.267014 0.0164062 0.0222222
0 0.753906 0.132639 0.0109375 0.0222222
1 0.178516 0.970139 0.120703 0.0597222
1 0.278125 0.913889 0.0476562 0.0972222
0 0.0586914 0.120052 0.0615234 0.0282986
1 0.310156 0.267361 0.0132813 0.0270833
0 0.5875 0.497917 0.264844 0.231944
1 0.357422 0.525694 0.009375 0.0527778
1 0.944531 0.69375 0.009375 0.0138889
0 0.709375 0.672222 0.0109375 0.0152778
1 0.911719 0.847917 0.0140625 0.0277778
0 0.898438 0.317361 0.021875 0.0298611
1 0.453125 0.610417 0.0109375 0.0347222
0 0.851562 0.609375 0.0125 0.0402778
1 0.656641 0.538194 0.0148437 0.0263889
1 0.959375 0.693056 0.0125 0.0138889
1 0.196094 0.972222 0.0914062 0.0555556
1 0.953125 0.886111 0.034375 0.0555556
1 0.268359 0.873611 0.0109375 0.0388889
1 0.886719 0.877778 0.015625 0.0305556
0 0.878906 0.562153 0.009375 0.0208333
1 0.293555 0.413194 0.0117188 0.025
0 0.89375 0.875 0.0125 0.025
1 0.545313 0.808333 0.0101562 0.0361111
0 0.469531 0.546528 0.224219 0.127778
1 0.676172 0.554861 0.117188 0.0777778
0 0.878906 0.513194 0.009375 0.0305556
1 0.985937 0.861111 0.01875 0.0277778
0 0.773438 0.090625 0.15625 0.173611
0 0.902344 0.320833 0.0328125 0.0451389
1 0.85 0.611806 0.0140625 0.0361111
1 0.980469 0.149479 0.01875 0.0430556
1 0.691016 0.180903 0.0242187 0.0548611
1 0.98125 0.216667 0.015625 0.0215278
1 0.9625 0.743056 0.009375 0.0194444
0 0.137988 0.436111 0.0242187 0.025
1 0.100781 0.932639 0.0238281 0.0402778
1 0.539062 0.394444 0.015625 0.0194444
1 0.942969 0.891667 0.03125 0.0472222
1 0.0830078 0.897222 0.0666016 0.2
0 0.124512 0.22309 0.0167969 0.0215278
1 0.65625 0.553819 0.01875 0.0381944
1 0.316016 0.259028 0.0140625 0.0288194
0 0.180859 0.982639 0.0921875 0.0347222
0 0.892187 0.322222 0.0125 0.0354167
2 0.940625 0.894444 0.06875 0.0791667
1 0.691406 0.55625 0.0835937 0.08125
1 0.637891 0.678472 0.0203125 0.0291667
1 0.95 0.852778 0.0546875 0.0583333
0 0.453125 0.605208 0.00859375 0.0229167
0 0.766406 0.401736 0.0140625 0.0381944
0 0.895312 0.0630208 0.009375 0.0180556
1 0.0432617 0.934722 0.00820312 0.025
1 0.702344 0.213889 0.0257812 0.0319444
1 0.554688 0.783333 0.0140625 0.0194444
1 0.907812 0.711111 0.0125 0.0152778
1 0.00600586 0.175868 0.0100586 0.0159722
0 0.642187 0.670833 0.0109375 0.0222222
0 0.589844 0.485069 0.246875 0.172917
0 0.545313 0.909028 0.0078125 0.0208333
1 0.775781 0.373611 0.015625 0.0194444
1 0.541797 0.8375 0.0109375 0.025
1 0.344336 0.536111 0.0210938 0.0555556
1 0.0973633 0.954167 0.0246094 0.0777778
1 0.88125 0.8875 0.0078125 0.0291667
1 0.716016 0.626736 0.0117188 0.0173611
1 0.0875977 0.968056 0.0525391 0.0611111
1 0.765625 0.388194 0.0203125 0.0361111
0 0.991406 0.886111 0.0171875 0.0375
0 0.539453 0.528819 0.0117188 0.0326389
1 0.410156 0.417361 0.0140625 0.0236111
1 0.730078 0.45 0.0164062 0.0208333
1 0.644531 0.576389 0.015625 0.0180556
1 0.915625 0.847222 0.015625 0.0333333
0 0.767969 0.0205295 0.0171875 0.0200521
1 0.104077 0.908333 0.0816895 0.180556
0 0.907812 0.340885 0.0375 0.0515625
1 0.50625 0.513889 0.015625 0.0298611
1 0.866406 0.240278 0.015625 0.0229167
1 0.760547 0.490278 0.0203125 0.025
0 0.751172 0.0508247 0.0460938 0.0881076
0 0.804688 0.130382 0.104687 0.104861
1 0.532812 0.338889 0.0078125 0.0215278
1 0.879687 0.562847 0.01875 0.0215278
0 0.573047 0.54375 0.408594 0.263889
1 0.651563 0.140451 0.0171875 0.0239583
1 0.102246 0.85625 0.0222656 0.138889
1 0.792383 0.198264 0.0402344 0.0729167
0 0.591406 0.0669271 0.0125 0.0322917
0 0.764453 0.147396 0.0289063 0.0430556
1 0.147656 0.970833 0.0570313 0.0527778
0 0.767969 0.378819 0.01875 0.0229167
1 0.646875 0.606944 0.0109375 0.0215278
1 0.699219 0.689583 0.0140625 0.0152778
0 0.765234 0.409028 0.0171875 0.0291667
0 0.971875 0.847917 0.01875 0.0319444
0 0.275391 0.931944 0.0445312 0.0444444
0 0.266797 0.267014 0.0164062 0.0222222
1 0.700391 0.209722 0.0296875 0.0284722
0 0.0354492 0.117014 0.0154297 0.0229167
1 0.9625 0.699306 0.009375 0.0166667
2 0.547559 0.492361 0.40332 0.141667
0 0.904688 0.75 0.009375 0.0166667
1 0.615625 0.854861 0.0203125 0.025
1 0.892187 0.860417 0.0125 0.0458333
1 0.917188 0.876389 0.0171875 0.0555556
1 0.980469 0.738194 0.0359375 0.0361111
1 0.892187 0.322222 0.0125 0.0354167
1 0.695312 0.14822 0.0140625 0.0431424
1 0.728516 0.716667 0.0234375 0.025
1 0.892187 0.709722 0.0078125 0.0222222
1 0.90625 0.740278 0.0109375 0.0222222
1 0.737891 0.702778 0.0140625 0.0166667
1 0.0802979 0.913889 0.0194824 0.0388889
1 0.70625 0.419444 0.0203125 0.0277778
1 0.656641 0.577431 0.0195312 0.0215278
1 0.358008 0.204514 0.0121094 0.025
0 0.126563 0.221875 0.0152344 0.021875
1 0.653516 0.165799 0.0117188 0.0402778
1 0.0998047 0.814583 0.0166016 0.0541667
1 0.28125 0.908333 0.0476562 0.05
1 0.582812 0.663194 0.009375 0.0173611
1 0.7625 0.148958 0.021875 0.034375
0 0.907031 0.329861 0.0421875 0.0673611
1 0.280078 0.268924 0.00859375 0.021875
1 0.639063 0.672569 0.01875 0.0229167
1 0.354883 0.531944 0.0160156 0.0625
1 0.0354492 0.117014 0.0154297 0.0229167
1 0.553906 0.623611 0.00859375 0.0222222
1 0.740625 0.731944 0.021875 0.0472222
1 0.73125 0.402083 0.009375 0.0152778
0 0.0791016 0.129948 0.0230469 0.0310764
1 0.749609 0.127083 0.0179687 0.0263889
1 0.876562 0.561458 0.015625 0.0201389
1 0.875781 0.514583 0.0171875 0.0305556
1 0.735156 0.690278 0.0171875 0.0166667
1 0.99375 0.857639 0.0125 0.0458333
0 0.935156 0.119618 0.009375 0.0197917
1 0.15625 0.938194 0.169531 0.123611
1 0.871875 0.195833 0.0296875 0.0465278
1 0.125098 0.966667 0.0222656 0.0611111
1 0.617188 0.520833 0.04375 0.0333333
1 0.116821 0.939931 0.101123 0.120139
1 0.681641 0.335417 0.0335938 0.0256944
1 0.442969 0.543403 0.135937 0.10625
2 0.547266 0.495139 0.39375 0.236111
1 0.355469 0.318229 0.00859375 0.0211806
1 0.13457 0.970139 0.0324219 0.0527778
1 0.873438 0.529514 0.015625 0.0180556
1 0.870313 0.229167 0.021875 0.0333333
1 0.712109 0.625347 0.0132813 0.0145833
1 0.180664 0.38125 0.00820312 0.0180556
1 0.764453 0.147396 0.0289063 0.0430556
