0 0.7375 0.391059 0.05 0.178993
0 0.223828 0.686285 0.0539063 0.219097
1 0.621875 0.991319 0.0125 0.0173611
0 0.0367187 0.747222 0.0734375 0.505556
0 0.0147217 0.9375 0.0294434 0.122222
0 0.95625 0.302778 0.06875 0.605556
0 0.967969 0.532639 0.0625 0.7625
0 0.225391 0.948611 0.0890625 0.1
0 0.0257324 0.933333 0.0514648 0.133333
1 0.624219 0.990278 0.015625 0.0194444
0 0.963281 0.402431 0.0671875 0.797917
0 0.949219 0.144401 0.059375 0.287587
0 0.0273926 0.318229 0.0547852 0.636458
0 0.485156 0.776736 0.0625 0.446528
0 0.486328 0.677951 0.065625 0.638542
0 0.00839844 0.0536458 0.0138672 0.102431
1 0.0130615 0.893056 0.0252441 0.0305556
1 0.621875 0.9875 0.0140625 0.025
0 0.467969 0.256424 0.0796875 0.512847
0 0.011084 0.175174 0.0181641 0.345486
0 0.895312 0.16072 0.0625 0.316059
0 0.381152 0.239931 0.100195 0.479861
0 0.009375 0.111979 0.0145508 0.217361
0 0.016748 0.280903 0.0321289 0.561806
0 0.965625 0.688194 0.06875 0.623611
0 0.953125 0.177431 0.06875 0.354861
1 0.0134766 0.938889 0.0268555 0.122222
0 0.442578 0.253819 0.135937 0.507639
0 0.0216309 0.950694 0.0432617 0.0972222
0 0.0120361 0.894444 0.0225098 0.0305556
0 0.971094 0.619444 0.05625 0.570833
0 0.949219 0.729514 0.101562 0.540972
1 0.707812 0.988889 0.0078125 0.0222222
1 0.223828 0.686806 0.0492188 0.213889
0 0.0398437 0.650694 0.0796875 0.698611
0 0.89375 0.309375 0.071875 0.61875
0 0.938281 0.106597 0.0375 0.213194
0 0.0351562 0.981944 0.0185547 0.0361111
0 0.621875 0.991319 0.0125 0.0173611
0 0.022998 0.387847 0.0459961 0.775694
0 0.933594 0.0810764 0.0328125 0.162153
0 0.0327637 0.5 0.0655273 1
0 0.015918 0.490972 0.0318359 0.7875
0 0.0311401 0.138542 0.0611572 0.277083
0 0.954687 0.663194 0.0875 0.666667
0 0.0416016 0.810417 0.0832031 0.379167
0 0.0104736 0.323438 0.0209473 0.646875
0 0.0281982 0.490278 0.0563965 0.980556
0 0.914062 0.305208 0.1 0.610417
1 0.7375 0.390365 0.05 0.18316
0 0.48125 0.563542 0.0632813 0.379861
1 0.695703 0.409722 0.0101562 0.0888889
0 0.954687 0.503125 0.059375 0.99375
0 0.113892 0.312153 0.122998 0.624306
0 0.971875 0.503472 0.05625 0.993056
0 0.960938 0.680556 0.078125 0.638889
0 0.9625 0.554167 0.075 0.869444
0 0.396875 0.65217 0.1 0.69566
0 0.210938 0.311632 0.0773437 0.623264
0 1 0.360069 0 0.526389
0 0.0346802 0.492361 0.0632568 0.769444
0 0.00859375 0.0792535 0.0155273 0.140799
0 0.945312 0.108507 0.05625 0.217014
0 0.293164 0.313889 0.103906 0.627778
0 0.928125 0.607986 0.065625 0.754861
0 1 0.49783 0 0.523785
1 0.0351562 0.981944 0.0185547 0.0361111
0 0.944531 0.450347 0.107813 0.790972
0 0.421484 0.204167 0.171875 0.408333
0 0.93125 0.0610677 0.028125 0.122135
0 0.0311523 0.11684 0.0493164 0.227083
0 0.910156 0.377083 0.075 0.754167
1 0.553125 0.365972 0.05 0.0347222
0 0.921094 0.0207899 0.0140625 0.0358507
0 0.464063 0.112153 0.0554687 0.224306
1 0.492188 0.933333 0.0140625 0.0305556
0 0.4625 0.204167 0.103125 0.408333
0 0.474219 0.179167 0.0695312 0.358333
0 1 0.266146 0 0.499653
0 0.901563 0.103299 0.0546875 0.206597
0 0.221484 0.655556 0.0460938 0.154167
0 0.00876465 0.129688 0.0163574 0.160764
0 0.929688 0.0541233 0.01875 0.104253
0 0.914062 0.469792 0.071875 0.740972
0 0.901563 0.500347 0.065625 0.999306
1 0.616406 0.990278 0.025 0.0194444
0 0.00919189 0.460417 0.0183838 0.734722
0 0.213281 0.688889 0.0710938 0.220833
0 0.942969 0.794444 0.114063 0.411111
0 0.892187 0.12309 0.075 0.246181
1 0.494531 0.970139 0.0140625 0.0569444
0 0.487891 0.833681 0.0492188 0.332639
0 0.882031 0.0944444 0.0296875 0.188889
2 0.903906 0.510764 0.125 0.978472
0 0.0982422 0.769444 0.196484 0.461111
0 0.969141 0.132639 0.0617188 0.265278
0 0.924219 0.501389 0.0765625 0.997222
2 0.924219 0.501389 0.0765625 0.997222
2 0.901563 0.500347 0.065625 0.999306
0 0.498437 0.73125 0.0515625 0.5375
0 0.936719 0.0548177 0.0265625 0.109635
0 0.961328 0.756944 0.0773437 0.486111
0 0.0748535 0.5 0.149707 1
1 0.492969 0.420833 0.0109375 0.0486111
0 0.997656 0.570747 0.0046875 0.615451
0 0.903906 0.510764 0.125 0.978472
0 0.695703 0.409722 0.0101562 0.0888889
0 0.0261719 0.660069 0.0523437 0.679861
2 0.0377441 0.503472 0.0754883 0.993056
0 0.942187 0.500347 0.08125 0.999306
0 0.84668 0.5 0.253516 1
2 0.960156 0.5 0.0796875 1
2 0.954687 0.503125 0.059375 0.99375
0 0.460156 0.7625 0.121875 0.475
0 0.0680664 0.510764 0.136133 0.978472
2 0.84668 0.5 0.253516 1
0 0.0137695 0.0906033 0.0236328 0.166363
0 0.475781 0.773785 0.040625 0.210764
0 0.159766 0.0980035 0.0324219 0.196007
0 0.813281 0.288194 0.132812 0.575694
0 0.281641 0.999653 0.194531 0.000694444
0 0.492188 0.8125 0.06875 0.375
2 0.965625 0.501389 0.0625 0.997222
0 1 0.106858 0 0.213715
0 0.226562 0.913889 0.090625 0.161111
2 0.0336426 0.497222 0.0588867 0.994444
1 0.725 0.432639 0.0203125 0.0902778
1 0.0210938 0.775 0.0123047 0.0138889
0 0.0167236 0.633333 0.0334473 0.733333
2 0.0281982 0.490278 0.0563965 0.980556
0 0.481641 0.512153 0.0679687 0.600694
1 0.0186523 0.936806 0.0373047 0.126389
0 0.928125 0.0273438 0.0140625 0.049566
1 0.496875 0.972222 0.0132813 0.0555556
0 0.471875 0.762847 0.084375 0.474306
0 0.956641 0.5 0.0867188 1
1 0.0270996 0.938889 0.0541992 0.122222
0 0.0228027 0.493056 0.0456055 0.986111
1 0.614062 0.984722 0.0234375 0.0277778
0 0.339648 0.0809896 0.0152344 0.0942708
0 0.914844 0.117188 0.0984375 0.234375
0 0.942187 0.595833 0.109375 0.802778
1 0.484375 0.827604 0.0609375 0.344792
0 0.491016 0.0932292 0.0203125 0.186458
0 0.553125 0.366667 0.05 0.0375
0 0.0350098 0.5 0.0700195 1
0 0.0415039 0.914583 0.0830078 0.170833
2 0.383984 0.501042 0.310937 0.997917
2 0.971875 0.503472 0.05625 0.993056
2 0.928125 0.607986 0.065625 0.754861
0 0.923437 0.0494792 0.01875 0.0953125
0 0.427441 0.502431 0.160742 0.995139
0 0.315234 0.999306 0.248437 0.00138889
0 0.120288 1 0.178955 0
0 0.328906 0.502431 0.30625 0.995139
0 0.0619141 0.760417 0.112305 0.479167
0 0.0129395 0.569792 0.0258789 0.749306
0 0.624609 0.720139 0.322656 0.559722
2 0.328906 0.502431 0.30625 0.995139
2 0.960938 0.680556 0.078125 0.638889
0 0.984375 0.926389 0.03125 0.147222
1 0.592969 0.977778 0.0203125 0.0166667
2 0.0350098 0.5 0.0700195 1
2 0.942187 0.500347 0.08125 0.999306
0 0.249268 0.503125 0.388965 0.99375
0 0.961719 0.923611 0.0765625 0.152778
1 0.0395508 0.983333 0.0185547 0.0333333
0 0.94375 1 0.1125 0
2 0.744922 0.501736 0.388281 0.996528
0 0.00804443 0.197222 0.0160889 0.394444
0 0.953125 0.738194 0.09375 0.523611
1 0.0213379 0.895833 0.0227539 0.0388889
0 0.383984 0.501042 0.310937 0.997917
2 0.427441 0.502431 0.160742 0.995139
2 0.0398437 0.650694 0.0796875 0.698611
1 0.596094 0.0248372 0.0078125 0.030013
0 0.002771 0.126736 0.00554199 0.253472
2 0.838281 0.500347 0.189063 0.999306
2 0.0373047 0.725694 0.0746094 0.548611
0 0.764063 0.397569 0.110937 0.200694
0 0.467187 0.75625 0.0203125 0.176389
0 0.216406 0.780035 0.0617188 0.439931
0 0.848242 0.747569 0.303516 0.504861
2 0.0228027 0.493056 0.0456055 0.986111
0 0.341455 0.739931 0.36709 0.520139
0 0.470703 0.502083 0.184375 0.995833
1 0.724219 0.404861 0.021875 0.136111
0 0.744922 0.501736 0.388281 0.996528
0 0.508594 0.722396 0.08125 0.555208
0 0.247656 0.999653 0.132812 0.000694444
2 0.0680664 0.510764 0.136133 0.978472
0 1 0.681944 0 0.426389
1 0.00541992 0.797222 0.00864258 0.0263889
0 0.692578 0.827083 0.446094 0.345833
0 0.243555 0.690972 0.0984375 0.223611
0 0 0.0934028 0 0.186806
0 0.010498 0.0665148 0.0196289 0.130165
2 0.776758 0.546875 0.446484 0.90625
0 0.940625 0.0516927 0.01875 0.100781
1 0.48125 0.43125 0.0140625 0.0659722
0 0.721484 0.895833 0.557031 0.208333
0 0.683594 0.0835069 0.0125 0.110243
0 0.0635742 0.577778 0.127148 0.844444
1 0.49375 0.916667 0.015625 0.0333333
2 0.249268 0.503125 0.388965 0.99375
0 0.145117 0.746354 0.290234 0.507292
0 0.548437 0.705556 0.176563 0.588889
2 0.28457 0.5 0.296484 1
3 0.958594 0.509028 0.0828125 0.979167
0 0.773438 0.795139 0.421875 0.393056
0 1 0.7625 0 0.415278
0 0.544531 0.184028 0.11875 0.365278
0 0.767773 0.475347 0.464453 0.947917
0 0.873438 0.0930556 0.0296875 0.184028
1 0.605859 0.338194 0.0078125 0.0194444
0 0.373047 0.802083 0.389844 0.395833
0 0.7375 0.391059 0.05 0.178993
0 0.223633 0.686285 0.0535156 0.219097
1 0.621875 0.991319 0.0125 0.0173611
0 0.0367187 0.747222 0.0734375 0.505556
0 0.0147217 0.9375 0.0294434 0.122222
0 0.95625 0.302778 0.06875 0.605556
0 0.967969 0.531944 0.0625 0.7625
0 0.225391 0.948611 0.0890625 0.1
0 0.0257324 0.933333 0.0514648 0.133333
1 0.624219 0.990278 0.015625 0.0194444
0 0.963281 0.402083 0.0671875 0.798611
0 0.949219 0.145182 0.059375 0.288802
0 0.485156 0.778819 0.0625 0.442361
0 0.0274414 0.318229 0.0548828 0.636458
0 0.485938 0.677778 0.065625 0.6375
0 0.00839844 0.0536458 0.0137695 0.102431
1 0.0130371 0.893056 0.025293 0.0319444
1 0.621875 0.9875 0.0140625 0.025
0 0.467969 0.25625 0.0796875 0.5125
0 0.0111084 0.175 0.0182617 0.345139
0 0.381152 0.239931 0.100195 0.479861
0 0.896094 0.161111 0.0640625 0.316667
0 0.009375 0.111979 0.0145508 0.217361
0 0.0169434 0.280903 0.0324219 0.561806
0 0.965625 0.688715 0.06875 0.622569
0 0.953125 0.177431 0.06875 0.354861
1 0.013501 0.938889 0.0268066 0.122222
0 0.441406 0.253819 0.138281 0.507639
0 0.0216309 0.951389 0.0432617 0.0972222
0 0.0120361 0.894444 0.0225098 0.0305556
0 0.971875 0.617361 0.05625 0.565278
0 0.95 0.729514 0.1 0.540972
1 0.707812 0.988889 0.0078125 0.0222222
1 0.223828 0.686806 0.0492188 0.213889
0 0.0398437 0.650694 0.0796875 0.698611
0 0.89375 0.309375 0.071875 0.61875
0 0.938281 0.106597 0.0375 0.213194
0 0.0351562 0.981944 0.0186523 0.0361111
0 0.621875 0.991319 0.0125 0.0173611
0 0.0230225 0.388194 0.0460449 0.776389
0 0.0327393 0.5 0.0654785 1
0 0.933594 0.08125 0.0328125 0.1625
0 0.0158936 0.490972 0.0317871 0.786111
0 0.0312012 0.138455 0.0611328 0.27691
0 0.955469 0.663194 0.0875 0.666667
0 0.0416016 0.811111 0.0832031 0.377778
0 0.0105225 0.323438 0.0210449 0.646875
0 0.914062 0.305208 0.0984375 0.610417
0 0.0283203 0.490278 0.0566406 0.980556
0 0.48125 0.5625 0.0632813 0.377778
1 0.7375 0.390365 0.05 0.18316
1 0.695703 0.409375 0.0101562 0.0895833
0 0.954687 0.503125 0.059375 0.99375
0 0.113965 0.312153 0.122852 0.624306
0 0.971875 0.503472 0.05625 0.993056
0 0.960938 0.681076 0.078125 0.637847
0 0.9625 0.554167 0.075 0.869444
0 0.946875 0.108767 0.059375 0.21684
0 0.396875 0.65217 0.1 0.69566
0 0.210938 0.311458 0.0773437 0.622917
0 1 0.360503 0 0.526215
0 0.0347168 0.492361 0.0631836 0.769444
0 0.00859375 0.0793403 0.0155273 0.140972
0 0.293359 0.313889 0.103906 0.627778
0 0.928125 0.608333 0.065625 0.754167
0 1 0.497569 0 0.522917
1 0.0351562 0.981944 0.0186523 0.0361111
0 0.421094 0.204167 0.172656 0.408333
0 0.944531 0.450694 0.107813 0.790278
0 0.93125 0.0610677 0.028125 0.122135
0 0.910156 0.377083 0.075 0.754167
0 0.0311401 0.11684 0.0492432 0.227431
1 0.553125 0.365972 0.05 0.0347222
0 0.921094 0.0208225 0.0140625 0.0357856
0 0.464063 0.112153 0.0554687 0.224306
1 0.492188 0.933333 0.0140625 0.0305556
0 0.4625 0.204167 0.102344 0.408333
0 1 0.265972 0 0.498611
0 0.901563 0.103299 0.0546875 0.206597
0 0.474219 0.178993 0.0695312 0.357986
0 0.221484 0.655556 0.0460938 0.154167
0 0.00878906 0.129861 0.0164062 0.160417
0 0.929688 0.0541233 0.01875 0.104253
0 0.914062 0.470139 0.071875 0.740278
1 0.616406 0.990278 0.025 0.0194444
0 0.901563 0.500347 0.0671875 0.999306
0 0.00916748 0.460417 0.018335 0.734722
0 0.213281 0.688889 0.0710938 0.220833
0 0.942969 0.794444 0.114063 0.411111
0 0.892187 0.12283 0.075 0.24566
0 0.487891 0.833681 0.0492188 0.332639
1 0.494531 0.970139 0.0140625 0.0569444
0 0.882031 0.0944444 0.0296875 0.188889
2 0.903906 0.510417 0.125 0.979167
0 0.0982422 0.769271 0.196484 0.461458
0 0.969141 0.132639 0.0617188 0.265278
0 0.923437 0.501389 0.075 0.997222
2 0.923437 0.501389 0.075 0.997222
2 0.901563 0.500347 0.0671875 0.999306
0 0.498437 0.730556 0.0515625 0.538889
0 0.936719 0.0547743 0.0265625 0.109549
0 0.997656 0.570486 0.0046875 0.615972
0 0.0748535 0.5 0.149707 1
0 0.961328 0.756944 0.0773437 0.486111
1 0.492969 0.420833 0.0109375 0.0486111
0 0.903906 0.510417 0.125 0.979167
0 0.695703 0.409375 0.0101562 0.0895833
2 0.037793 0.503819 0.0755859 0.992361
0 0.0261475 0.660069 0.0522949 0.679861
0 0.941406 0.500347 0.08125 0.999306
0 0.84668 0.5 0.253516 1
2 0.960156 0.5 0.0796875 1
2 0.954687 0.503125 0.059375 0.99375
0 0.460156 0.7625 0.121875 0.475
0 0.0680664 0.510764 0.136133 0.978472
2 0.84668 0.5 0.253516 1
0 0.0138672 0.0906033 0.0237305 0.166363
0 0.475781 0.773785 0.040625 0.210764
0 0.159766 0.0980903 0.0324219 0.196181
0 0.813281 0.288194 0.132812 0.575694
0 0.281641 1 0.19375 0
0 1 0.106858 0 0.213715
0 0.226562 0.913889 0.090625 0.161111
2 0.965625 0.501042 0.0625 0.997917
2 0.0335938 0.497222 0.0587891 0.994444
1 0.0210938 0.775 0.0123047 0.0138889
1 0.725 0.432639 0.0203125 0.0909722
0 0.481641 0.5125 0.0679687 0.597222
0 0.0166992 0.633681 0.0333984 0.732639
0 0.928125 0.0273438 0.0140625 0.049566
1 0.0187012 0.936111 0.0374023 0.125
1 0.496875 0.972222 0.0132813 0.0555556
0 0.472266 0.762326 0.0835937 0.475347
0 0.956641 0.5 0.0867188 1
1 0.0270996 0.938889 0.0541992 0.122222
0 0.0229492 0.493056 0.0458984 0.986111
1 0.614062 0.984722 0.0234375 0.0277778
0 0.914062 0.117274 0.096875 0.234549
0 0.339648 0.0809896 0.0152344 0.0942708
1 0.484375 0.827778 0.0609375 0.344444
0 0.942187 0.595486 0.109375 0.802083
0 0.491016 0.0932292 0.0203125 0.186458
0 0.553125 0.366667 0.05 0.0375
0 0.0350098 0.5 0.0700195 1
2 0.385059 0.501042 0.306445 0.997917
2 0.971875 0.503472 0.05625 0.993056
0 0.0415039 0.915278 0.0830078 0.169444
2 0.928125 0.608333 0.065625 0.754167
0 0.923437 0.0494792 0.01875 0.0951389
0 0.315234 0.999306 0.247656 0.00138889
0 0.426953 0.502431 0.160938 0.995139
0 0.120312 1 0.178516 0
0 0.328711 0.502431 0.307422 0.995139
0 0.0128906 0.570139 0.0257812 0.748611
0 0.0619141 0.760417 0.112109 0.479167
0 0.624609 0.719271 0.322656 0.561458
2 0.328711 0.502431 0.307422 0.995139
0 0.984375 0.926389 0.03125 0.147222
2 0.960938 0.681076 0.078125 0.637847
2 0.0350098 0.5 0.0700195 1
1 0.592969 0.977778 0.0203125 0.0166667
2 0.941406 0.500347 0.08125 0.999306
0 0.250342 0.503125 0.386035 0.99375
0 0.961719 0.923611 0.0765625 0.152778
0 0.94375 1 0.1125 0
2 0.744922 0.501736 0.388281 0.996528
0 0.00804443 0.197222 0.0160889 0.394444
1 0.0395508 0.983333 0.018457 0.0333333
0 0.953516 0.738194 0.0929687 0.523611
0 0.385059 0.501042 0.306445 0.997917
1 0.0213379 0.895139 0.0227539 0.0388889
2 0.426953 0.502431 0.160938 0.995139
2 0.0398437 0.650694 0.0796875 0.698611
1 0.596094 0.0248264 0.0078125 0.0300347
0 0.002771 0.126649 0.00554199 0.253299
2 0.838867 0.500694 0.187891 0.998611
2 0.0372559 0.725694 0.0745117 0.548611
0 0.467187 0.75625 0.0203125 0.176389
0 0.764063 0.398003 0.110937 0.201215
0 0.216406 0.780208 0.0617188 0.439583
2 0.0229492 0.493056 0.0458984 0.986111
0 0.847266 0.747396 0.305469 0.505208
0 0.341797 0.739931 0.366406 0.520139
0 0.470313 0.502083 0.184375 0.995833
1 0.724219 0.404861 0.021875 0.136111
0 0.744922 0.501736 0.388281 0.996528
0 0.247266 0.999653 0.132031 0.000694444
0 0.508594 0.722222 0.08125 0.555556
0 1 0.681771 0 0.422569
2 0.0680664 0.510764 0.136133 0.978472
1 0.00541992 0.797222 0.00869141 0.0263889
0 0.692578 0.826563 0.446094 0.346875
0 0.24375 0.690972 0.0984375 0.223611
2 0.776758 0.546181 0.446484 0.907639
0 0 0.0934028 0 0.186806
0 0.010498 0.0665799 0.0196289 0.130208
0 0.683594 0.0833116 0.0125 0.11046
1 0.48125 0.43125 0.0140625 0.0659722
0 0.721094 0.895833 0.557813 0.208333
0 0.940625 0.0516927 0.01875 0.100781
0 0.0635254 0.577778 0.127051 0.844444
1 0.49375 0.916667 0.015625 0.0333333
0 0.144922 0.746354 0.289844 0.507292
0 0.544531 0.184028 0.11875 0.365278
0 0.547656 0.705556 0.174219 0.588889
2 0.285547 0.5 0.294531 1
2 0.250342 0.503125 0.386035 0.99375
3 0.958594 0.509028 0.0828125 0.979167
0 0.773047 0.795139 0.422656 0.393056
0 1 0.762674 0 0.413542
0 0.768359 0.475 0.463281 0.947222
0 0.873438 0.0930556 0.03125 0.184028
0 0.372852 0.801562 0.390234 0.396875
