0 0.240039 0.824306 0.0277344 0.0972222
0 0.244531 0.522222 0.0242187 0.0833333
0 0.24043 0.298785 0.0253906 0.0892361
0 0.448047 0.694444 0.0210938 0.0930556
0 0.577734 0.15191 0.01875 0.0767361
0 0.579687 0.966667 0.021875 0.0666667
0 0.239648 0.0159505 0.0253906 0.031901
0 0.464063 0.0210938 0.0203125 0.0421875
0 0.382422 0.417708 0.00625 0.0347222
1 0.683594 0.556944 0.009375 0.0194444
1 0.642969 0.110417 0.009375 0.0159722
1 0.708984 0.289236 0.0101562 0.028125
0 0.656641 0.283854 0.00859375 0.0291667
0 0.28418 0.577778 0.00820312 0.0138889
0 0.517969 0.0896701 0.0078125 0.0210069
0 0.28457 0.55 0.009375 0.0458333
0 0.960156 0.680035 0.0796875 0.639931
1 0.382422 0.417708 0.00625 0.0347222
0 0.642969 0.110417 0.009375 0.0159722
0 0.349219 0.165278 0.0929687 0.324306
0 0.235156 0.0174696 0.0371094 0.0349392
0 0.797656 0.741319 0.04375 0.517361
0 0.79375 0.770139 0.03125 0.459722
0 0.282422 0.622917 0.00585938 0.0152778
1 0.656641 0.283854 0.00859375 0.0291667
0 0.705469 0.768056 0.0546875 0.463889
1 0.709375 0.314063 0.0109375 0.0204861
0 0.694531 0.814583 0.0296875 0.370833
0 0.285156 0.513889 0.0101562 0.0263889
0 0.196484 0.0288628 0.0125 0.0510417
0 0.657031 0.277951 0.00859375 0.0270833
0 0.792969 0.882639 0.03125 0.234722
0 0.284766 0.5375 0.0109375 0.05
0 0.696875 0.790278 0.0375 0.419444
0 0.282031 0.684028 0.0078125 0.0208333
0 0.308594 0.441667 0.0078125 0.0194444
0 0.807813 0.717708 0.05625 0.564583
1 0.65625 0.663194 0.009375 0.0319444
0 0.692969 0.909028 0.025 0.181944
0 0.286328 0.523611 0.0109375 0.0361111
0 0.283594 0.49375 0.0078125 0.0236111
0 0.750781 0.774653 0.139062 0.450694
0 0.194141 0.623958 0.0101562 0.0284722
0 0.683594 0.556944 0.009375 0.0194444
1 0.677344 0.626389 0.0171875 0.0222222
0 0.282813 0.675 0.00820312 0.0277778
0 0.519531 0.0182726 0.009375 0.0326389
0 0.65625 0.663194 0.009375 0.0319444
1 0.714453 0.289931 0.0195312 0.0305556
0 0.803906 0.777083 0.0484375 0.445833
0 0.708984 0.289236 0.0101562 0.028125
1 0.708203 0.326736 0.0101562 0.0291667
0 0.691406 0.149826 0.104687 0.299653
1 0.194141 0.623958 0.0101562 0.0284722
0 0.189258 0.786111 0.0105469 0.0333333
0 0.454688 0.694618 0.0367187 0.0940972
0 0.310547 0.428125 0.0132813 0.0375
0 1 0.870833 0 0.258333
0 0.194141 0.645139 0.0101562 0.0444444
1 0.28418 0.577778 0.00820312 0.0138889
0 0.814844 0.769444 0.040625 0.458333
1 0.657031 0.277951 0.00859375 0.0270833
1 0.603906 0.777778 0.00859375 0.0333333
0 0.222266 0.823611 0.0625 0.105556
0 0.709375 0.314063 0.0109375 0.0204861
1 0.239648 0.823611 0.0273438 0.0972222
0 0.580469 0.952431 0.025 0.0951389
0 0.282813 0.648611 0.00820312 0.05
0 0.467578 0.255903 0.00703125 0.0364583
0 0.283398 0.598611 0.00664063 0.0375
1 0.308594 0.441667 0.0078125 0.0194444
0 0.351953 0.5 0.123438 1
0 0.227344 0.519444 0.05625 0.105556
1 0.239844 0.0157118 0.0257812 0.0314236
0 0.373437 0.5 0.0953125 1
0 0.195312 0.117166 0.0109375 0.136155
1 0.517969 0.0896701 0.0078125 0.0210069
0 0.282813 0.290799 0.00585938 0.01875
0 0.345117 0.467014 0.0753906 0.932639
1 0.282031 0.684028 0.0078125 0.0208333
0 0.736719 0.740972 0.107813 0.518056
0 0.224805 0.297569 0.05625 0.109028
0 0.259375 0.521528 0.0539063 0.0826389
0 0.641797 0.177821 0.0164062 0.139497
0 0.30625 0.515625 0.0078125 0.0222222
0 0.79375 0.902778 0.025 0.191667
0 1 0.804167 0 0.391667
0 1 0.919097 0 0.161806
1 0.95625 0.552083 0.009375 0.0194444
0 0.191406 0.754861 0.0101562 0.0277778
0 0.517187 0.104861 0.0078125 0.04375
0 0.999219 0.747222 0.0015625 0.5
1 0.282422 0.622917 0.00585938 0.0152778
0 0.202734 0.0242187 0.0125 0.0484375
0 0.708203 0.326736 0.0101562 0.0291667
0 0.292188 0.515625 0.0136719 0.025
0 0.691406 0.933333 0.0171875 0.131944
0 0.851562 0.773438 0.13125 0.453125
0 0.199023 0.0282118 0.0167969 0.0524306
0 0.318359 0.756597 0.0734375 0.486806
1 0.240234 0.299826 0.0253906 0.0913194
0 0.317969 0.319792 0.0128906 0.0395833
0 0.963672 0.777257 0.0726563 0.445486
0 0.8125 0.830556 0.046875 0.338889
0 0.944531 1 0.110937 0
0 0.801562 0.915278 0.0171875 0.166667
0 0.508594 0.395486 0.009375 0.0506944
0 0.194922 0.660417 0.0109375 0.0291667
0 0.233203 0.0175781 0.0453125 0.0351562
0 0.241797 0.0168186 0.0328125 0.0336372
0 0.829687 0.472222 0.009375 0.0236111
0 0.576172 0.965278 0.0320312 0.0638889
1 0.683594 0.570139 0.0117188 0.0430556
0 0.296289 0.476389 0.0105469 0.0472222
0 0.965625 0.734722 0.06875 0.530556
0 0.518359 0.0482205 0.0109375 0.0801215
1 0.716016 0.641667 0.0101562 0.0256944
1 0.194336 0.603472 0.00898437 0.0243056
0 0.841016 0.561458 0.317969 0.877083
1 0.191406 0.754861 0.0101562 0.0277778
0 0.572266 1 0.0289063 0
0 0.344531 0.214931 0.1 0.429861
0 0.194336 0.603472 0.00898437 0.0243056
1 0.579687 0.965972 0.0226563 0.0680556
0 0.349023 0.312326 0.0964844 0.624653
1 0.519531 0.0182726 0.009375 0.0326389
0 0.509375 0.385764 0.009375 0.0416667
1 0.119922 0.532639 0.0132813 0.01875
0 0.289062 0.479861 0.01875 0.0652778
0 0.285937 0.557292 0.0101562 0.0361111
0 0.789062 0.898611 0.021875 0.202778
0 0.316797 0.315278 0.015625 0.0402778
0 0.756641 0.691319 0.105469 0.617361
0 0.508594 0.412847 0.0078125 0.0541667
0 0.318555 0.574306 0.0171875 0.0222222
0 0.707422 0.796701 0.160156 0.406597
0 0.832812 0.752778 0.096875 0.494444
0 0.249609 0.822222 0.0507812 0.102778
0 0.580859 1 0.0257812 0
0 0.468359 0.021224 0.0296875 0.0419271
0 0.828906 0.484028 0.0078125 0.0319444
0 0.714063 0.463889 0.204688 0.927778
0 0.916406 0.789757 0.167187 0.420486
0 0.34082 0.318056 0.0738281 0.0465278
0 0.641406 0.11901 0.0125 0.0272569
0 0.245703 0.0163628 0.0382813 0.0327257
0 0.195703 0.0691189 0.0117188 0.113151
0 0.798242 0.5 0.403516 1
1 0.326562 0.508333 0.0125 0.0208333
0 0.885156 0.774653 0.15625 0.450694
1 0.720703 0.575 0.009375 0.0208333
0 0.282227 0.0236111 0.00664063 0.0331597
1 0.24375 0.522917 0.0257812 0.0833333
1 0.711719 0.29375 0.0125 0.0298611
2 0.345117 0.467014 0.0753906 0.932639
0 0.193945 0.290972 0.009375 0.0430556
0 0.467578 0.0224175 0.0335938 0.0448351
1 0.657031 0.657986 0.009375 0.0347222
0 0.190234 0.751389 0.0109375 0.0305556
0 0.717969 0.471528 0.334375 0.943056
0 0.958594 0.757639 0.0828125 0.484722
0 0.81875 0.575694 0.0125 0.0375
1 0.646875 0.0167643 0.009375 0.0314019
0 0.862891 0.5 0.274219 1
0 0.293945 0.557639 0.00585938 0.0291667
0 0.3125 0.429167 0.0140625 0.0416667
0 0.603906 0.777778 0.00859375 0.0333333
1 0.828906 0.484028 0.0078125 0.0319444
1 0.190234 0.751389 0.0109375 0.0305556
0 0.716016 0.641667 0.0101562 0.0256944
0 0.755078 0.572569 0.328906 0.854861
0 0.965625 0.745486 0.06875 0.509028
0 0.195312 0.445139 0.009375 0.0416667
0 0.974219 0.621528 0.0515625 0.756944
1 0.286328 0.523611 0.0109375 0.0361111
0 0.699219 0.5 0.126563 1
0 0.111523 0.41875 0.223047 0.8375
0 0.195312 0.11582 0.0125 0.176345
1 0.467578 0.255903 0.00703125 0.0364583
0 0.24375 0.756944 0.0460938 0.240278
0 0.671484 0.766319 0.0789063 0.467361
1 0.191797 0.652778 0.0125 0.0402778
0 0.85625 0.702951 0.09375 0.594097
0 0.646875 0.0167643 0.009375 0.0314019
0 0.282813 0.447917 0.00625 0.0222222
1 0.829687 0.472222 0.009375 0.0236111
2 0.291406 0.440278 0.207813 0.880556
0 0.507812 0.442361 0.00703125 0.0222222
0 0.0614746 0.5 0.122949 1
0 0.80957 0.5 0.349609 1
0 0.659375 0.567361 0.279687 0.865278
0 0.00563965 0.840278 0.00698242 0.0402778
2 0.349609 0.572222 0.120312 0.85
0 0.244531 0.305903 0.125781 0.609028
0 0.379004 0.5 0.135742 1
2 0.366211 0.5 0.0785156 1
0 0.194922 0.396181 0.0101562 0.0569444
1 0.194141 0.645139 0.0101562 0.0444444
1 0.194922 0.660417 0.0109375 0.0291667
0 0.7125 0.829687 0.0648438 0.340625
0 0.683594 0.462847 0.0921875 0.925694
1 0.196484 0.0288628 0.0125 0.0510417
0 0.9 0.76441 0.2 0.471181
1 0.714063 0.310069 0.01875 0.0225694
1 0.30625 0.515625 0.0078125 0.0222222
0 0.295312 0.48125 0.0125 0.0569444
0 0.677344 0.626389 0.0171875 0.0222222
0 0.666016 0.565972 0.183594 0.868056
0 0.820312 0.557639 0.0125 0.0305556
0 1 0.654167 0 0.518056
2 0.289844 0.392361 0.160156 0.784722
0 0.620313 0.756944 0.328125 0.486111
1 0.846875 0.983333 0.009375 0.0333333
2 0.864844 0.409375 0.270312 0.81875
2 0.81582 0.5 0.368359 1
0 0.846875 0.983333 0.009375 0.0333333
0 0.291406 0.440278 0.207813 0.880556
0 0.282422 0.332292 0.00625 0.0368056
0 0.283594 0.473611 0.00859375 0.05
0 0.19375 0.310243 0.00859375 0.0427083
0 0.341016 0.329167 0.0765625 0.0701389
0 0.965625 0.596528 0.06875 0.738889
0 0.283008 0.309375 0.00664063 0.0451389
0 0.0844727 0.497222 0.168945 0.994444
0 0.240039 0.824306 0.0277344 0.0972222
0 0.244531 0.522222 0.0242187 0.0833333
0 0.24043 0.298785 0.0253906 0.0892361
0 0.448047 0.694444 0.0210938 0.0930556
0 0.577734 0.15191 0.01875 0.0767361
0 0.579687 0.966667 0.021875 0.0666667
0 0.239648 0.0159505 0.0253906 0.031901
0 0.464063 0.0210938 0.0203125 0.0421875
0 0.382422 0.417708 0.00625 0.0347222
1 0.683594 0.556944 0.009375 0.0194444
1 0.708984 0.289236 0.0101562 0.028125
1 0.642969 0.110417 0.009375 0.0161458
0 0.656641 0.283854 0.00859375 0.0291667
0 0.28418 0.577778 0.00820312 0.0138889
0 0.517969 0.0896701 0.0078125 0.0210069
0 0.28457 0.55 0.009375 0.0458333
1 0.382422 0.417708 0.00625 0.0347222
0 0.960156 0.680208 0.0796875 0.639583
0 0.642969 0.110417 0.009375 0.0161458
0 0.349219 0.165278 0.0929687 0.324306
0 0.235156 0.0174696 0.0371094 0.0349392
0 0.797656 0.74184 0.04375 0.516319
0 0.79375 0.770486 0.03125 0.459028
0 0.282422 0.622917 0.00585938 0.0152778
1 0.656641 0.283854 0.00859375 0.0291667
0 0.705469 0.768403 0.0546875 0.463194
1 0.709375 0.314236 0.0109375 0.0201389
0 0.694531 0.815278 0.0296875 0.369444
0 0.285156 0.513889 0.0101562 0.0263889
0 0.657031 0.277951 0.00859375 0.0270833
0 0.196484 0.0288628 0.0125 0.0512153
0 0.792969 0.882639 0.03125 0.234722
0 0.696875 0.790799 0.0375 0.418403
0 0.284766 0.5375 0.0109375 0.05
0 0.282031 0.684028 0.0078125 0.0208333
0 0.308594 0.441667 0.0078125 0.0194444
0 0.807813 0.717708 0.05625 0.564583
0 0.692969 0.909028 0.025 0.181944
1 0.65625 0.663194 0.009375 0.0319444
0 0.286328 0.523611 0.0109375 0.0361111
0 0.283594 0.49375 0.0078125 0.0236111
0 0.750781 0.774479 0.139062 0.451042
0 0.683594 0.556944 0.009375 0.0194444
0 0.194141 0.623958 0.0101562 0.0284722
1 0.676953 0.626389 0.0171875 0.0222222
0 0.282813 0.675 0.00820312 0.0277778
0 0.519531 0.018316 0.009375 0.0326389
0 0.65625 0.663194 0.009375 0.0319444
0 0.803906 0.777083 0.0484375 0.445833
1 0.714453 0.289931 0.0195312 0.0309028
0 0.708984 0.289236 0.0101562 0.028125
1 0.708203 0.326736 0.0101562 0.0291667
0 0.691406 0.149826 0.104687 0.299653
1 0.194141 0.623958 0.0101562 0.0284722
0 0.189258 0.786111 0.0105469 0.0333333
0 0.454688 0.694444 0.0359375 0.0930556
0 0.310547 0.428125 0.0136719 0.0375
0 1 0.871181 0 0.257639
0 0.814844 0.769444 0.040625 0.458333
0 0.194141 0.645139 0.0101562 0.0444444
1 0.28418 0.577778 0.00820312 0.0138889
1 0.657031 0.277951 0.00859375 0.0270833
1 0.603906 0.777778 0.00859375 0.0333333
0 0.709375 0.314236 0.0109375 0.0201389
0 0.221875 0.823611 0.0625 0.105556
1 0.239648 0.823611 0.0273438 0.0972222
0 0.580469 0.952431 0.025 0.0951389
0 0.283398 0.598611 0.00664063 0.0375
0 0.282813 0.648611 0.00820312 0.05
0 0.467578 0.255903 0.00703125 0.0364583
1 0.308594 0.441667 0.0078125 0.0194444
0 0.227344 0.519444 0.05625 0.105556
0 0.351953 0.5 0.123438 1
1 0.239844 0.0157118 0.0257812 0.0314236
1 0.517969 0.0896701 0.0078125 0.0210069
0 0.373437 0.5 0.0953125 1
0 0.195312 0.117274 0.0109375 0.136285
0 0.282813 0.290799 0.00585938 0.01875
1 0.282031 0.684028 0.0078125 0.0208333
0 0.344922 0.467361 0.0757812 0.933333
0 0.79375 0.902778 0.025 0.191667
0 0.30625 0.515625 0.0078125 0.0222222
0 0.224609 0.297743 0.05625 0.108681
0 0.259375 0.521528 0.0539063 0.0826389
0 0.641797 0.177821 0.0164062 0.139497
0 1 0.804167 0 0.391667
0 1 0.919097 0 0.161806
1 0.95625 0.552083 0.009375 0.0194444
0 0.517187 0.104861 0.0078125 0.04375
0 0.191406 0.754861 0.0101562 0.0277778
0 0.999219 0.747396 0.0015625 0.499653
0 0.691406 0.933333 0.0171875 0.133333
1 0.282422 0.622917 0.00585938 0.0152778
0 0.292188 0.515625 0.0136719 0.025
0 0.202734 0.0242187 0.0125 0.0484375
0 0.708203 0.326736 0.0101562 0.0291667
0 0.318359 0.756597 0.0734375 0.486806
0 0.851562 0.773438 0.13125 0.453125
0 0.199023 0.0282552 0.0167969 0.0525174
0 0.8125 0.83125 0.046875 0.3375
1 0.240234 0.299826 0.0253906 0.0913194
0 0.317969 0.319792 0.0128906 0.0395833
0 0.963672 0.777083 0.0726563 0.445833
0 0.801562 0.915278 0.0171875 0.166667
0 0.944531 1 0.110937 0
0 0.508594 0.395486 0.009375 0.0506944
0 0.194922 0.660417 0.0109375 0.0291667
0 0.233203 0.0175781 0.0453125 0.0351562
0 0.830469 0.472222 0.0078125 0.0236111
0 0.241797 0.0168186 0.0328125 0.0336372
0 0.576172 0.965278 0.0320312 0.0638889
0 0.296289 0.476389 0.0105469 0.0472222
1 0.683594 0.570139 0.0109375 0.0430556
0 0.965625 0.734549 0.06875 0.530903
1 0.716016 0.641667 0.0101562 0.0256944
0 0.518359 0.048253 0.0109375 0.0798828
0 0.572266 1 0.0289063 0
0 0.841016 0.561111 0.317969 0.877778
0 0.344922 0.21441 0.1 0.428819
1 0.119922 0.532639 0.0132813 0.01875
1 0.194336 0.603472 0.00898437 0.0243056
0 0.289062 0.479514 0.01875 0.0652778
0 0.285937 0.557639 0.0101562 0.0361111
1 0.191406 0.754861 0.0101562 0.0277778
0 0.349023 0.312326 0.0964844 0.624653
0 0.509375 0.385764 0.009375 0.0416667
1 0.579687 0.965972 0.0226563 0.0680556
0 0.194336 0.603472 0.00898437 0.0243056
1 0.519531 0.018316 0.009375 0.0326389
0 0.789062 0.898611 0.021875 0.202778
0 0.757031 0.691319 0.104687 0.617361
0 0.316797 0.315278 0.015625 0.0402778
0 0.508594 0.412847 0.0078125 0.0548611
0 0.707031 0.796528 0.159375 0.406944
0 0.318359 0.574306 0.0171875 0.0222222
0 0.832031 0.752778 0.096875 0.494444
0 0.249609 0.822222 0.0507812 0.102778
0 0.468359 0.0212565 0.0296875 0.041862
0 0.580859 1 0.0257812 0
0 0.828906 0.484028 0.0078125 0.0319444
0 0.34082 0.318056 0.0738281 0.0465278
0 0.714063 0.463889 0.20625 0.927778
0 0.916406 0.789757 0.167187 0.420486
0 0.641406 0.118924 0.0125 0.0270833
0 0.245703 0.0163628 0.0382813 0.0327257
0 0.195703 0.0690104 0.0117188 0.113368
1 0.326562 0.508333 0.0125 0.0208333
1 0.720703 0.575 0.009375 0.0208333
0 0.885156 0.774306 0.15625 0.451389
1 0.711719 0.293924 0.0125 0.0298611
0 0.798633 0.5 0.402734 1
0 0.282031 0.0236545 0.00703125 0.0332465
1 0.24375 0.522917 0.0257812 0.0833333
1 0.657031 0.657986 0.009375 0.0347222
2 0.344922 0.467361 0.0757812 0.933333
0 0.193945 0.290972 0.009375 0.0430556
0 0.81875 0.575694 0.0125 0.0375
0 0.467578 0.0224392 0.0335938 0.0448785
0 0.717969 0.471181 0.332812 0.942361
0 0.958594 0.757986 0.0828125 0.484028
1 0.646875 0.0167535 0.009375 0.0313368
0 0.29375 0.557639 0.00546875 0.0291667
0 0.603906 0.777778 0.00859375 0.0333333
0 0.190039 0.752083 0.0113281 0.0319444
0 0.862695 0.5 0.274609 1
1 0.828906 0.484028 0.0078125 0.0319444
0 0.716016 0.641667 0.0101562 0.0256944
1 0.190039 0.752083 0.0113281 0.0319444
0 0.965625 0.745139 0.06875 0.509722
0 0.754687 0.571875 0.329688 0.85625
0 0.974219 0.621875 0.0515625 0.75625
0 0.195312 0.445139 0.009375 0.0416667
1 0.286328 0.523611 0.0109375 0.0361111
0 0.699219 0.5 0.127344 1
0 0.111523 0.418056 0.223047 0.836111
0 0.195312 0.11582 0.0125 0.175998
0 0.7375 0.6875 0.0984375 0.625
1 0.467578 0.255903 0.00703125 0.0364583
0 0.24375 0.756944 0.0460938 0.240278
0 0.671484 0.766319 0.0789063 0.467361
1 0.191797 0.652778 0.0125 0.0402778
0 0.282813 0.447917 0.00625 0.0222222
1 0.830469 0.472222 0.0078125 0.0236111
0 0.855469 0.702951 0.0953125 0.594097
0 0.646875 0.0167535 0.009375 0.0313368
0 0.507812 0.442361 0.00703125 0.0222222
2 0.291406 0.440278 0.207813 0.880556
0 0.061377 0.5 0.122754 1
0 0.80957 0.5 0.349609 1
0 0.659375 0.567014 0.279687 0.865972
2 0.349609 0.571875 0.120312 0.850694
0 0.244531 0.305556 0.126563 0.608333
2 0.366406 0.5 0.0789063 1
0 0.7125 0.830556 0.0640625 0.338889
0 0.194922 0.396181 0.0101562 0.0569444
0 0.00563965 0.840278 0.00698242 0.0402778
1 0.194922 0.660417 0.0109375 0.0291667
1 0.196484 0.0288628 0.0125 0.0512153
0 0.683594 0.462153 0.0921875 0.924306
1 0.194141 0.645139 0.0101562 0.0444444
0 0.899219 0.764236 0.201562 0.471528
1 0.30625 0.515625 0.0078125 0.0222222
0 0.820312 0.557639 0.0125 0.0305556
0 0.676953 0.626389 0.0171875 0.0222222
1 0.714063 0.310069 0.01875 0.0225694
0 0.295312 0.48125 0.0125 0.0569444
0 0.621875 0.756944 0.325 0.486111
0 0.666797 0.565972 0.182031 0.868056
0 0.846875 0.983333 0.009375 0.0333333
1 0.846875 0.983333 0.009375 0.0333333
0 1 0.654167 0 0.516667
2 0.290039 0.391667 0.160547 0.783333
2 0.864844 0.409028 0.270312 0.818056
0 0.283594 0.473611 0.00820312 0.05
2 0.81582 0.5 0.368359 1
0 0.706641 0.827083 0.00703125 0.0208333
0 0.291406 0.440278 0.207813 0.880556
0 0.282422 0.332292 0.00625 0.0368056
0 0.341016 0.328819 0.0765625 0.0701389
0 0.3125 0.408681 0.01875 0.0263889
0 0.965625 0.596528 0.06875 0.738889
0 0.19375 0.310243 0.00859375 0.0427083
0 0.283008 0.309375 0.00664063 0.0451389
0 0.0842285 0.497222 0.168457 0.994444
