0 0.536328 0.834722 0.0195312 0.0694444
0 0.678906 0.107378 0.034375 0.0421875
0 0.889063 0.189583 0.040625 0.0361111
0 0.364062 0.451389 0.034375 0.0236111
0 0.558984 0.0742188 0.015625 0.0630208
0 0.269727 0.4125 0.0308594 0.0263889
0 0.0458984 0.533681 0.0317383 0.0222222
0 0.0132813 0.563889 0.0257812 0.0208333
0 0.404297 0.414236 0.0195312 0.0236111
0 0.0136475 0.567708 0.0260254 0.0243056
0 0.680469 0.109896 0.0390625 0.0552083
0 0.00957031 0.490278 0.0183594 0.00833333
0 0.0462891 0.529167 0.0325195 0.0208333
0 0.570312 0.644444 0.009375 0.0131944
1 0.359375 0.981944 0.009375 0.0194444
0 0.363281 0.446528 0.0335938 0.0298611
0 0.00969238 0.196875 0.0168945 0.0131944
0 0.00881348 0.112326 0.0169922 0.0197917
0 0.00610352 0.624653 0.0109375 0.0145833
0 0.41875 0.668056 0.0109375 0.0125
0 0.013501 0.54375 0.0252441 0.0416667
1 0.605469 0.0607639 0.0078125 0.0210069
1 0.494531 0.244097 0.00625 0.0170139
1 0.570312 0.644444 0.009375 0.0131944
0 0.00949707 0.601389 0.0182129 0.0111111
0 0.0144531 0.540278 0.0255859 0.0569444
1 0.607422 0.049566 0.00703125 0.0211806
0 0.380859 0.675 0.05625 0.0388889
0 0.120117 0.311806 0.00625 0.0270833
0 0.602344 0.354861 0.0609375 0.0208333
0 0.014502 0.490278 0.0290039 0.00972222
0 0.359375 0.981944 0.009375 0.0194444
0 0.560938 0.0803819 0.0171875 0.0751736
0 0.233203 0.423611 0.0101562 0.0111111
1 0.882812 0.281597 0.009375 0.0194444
0 0.40625 0.390972 0.01875 0.0458333
0 0.946094 0.178125 0.107813 0.0527778
1 0.475781 0.932639 0.0265625 0.0305556
0 0.521484 0.334722 0.00703125 0.0236111
0 0.054248 0.0617188 0.00820312 0.0164931
1 0.533594 0.428472 0.0078125 0.0180556
0 0.494531 0.244097 0.00625 0.0170139
1 0.605469 0.551736 0.00625 0.0131944
1 0.536328 0.834722 0.0203125 0.0708333
0 0.0126709 0.519444 0.0247559 0.0381944
1 0.90625 0.981944 0.0125 0.0194444
1 0.680469 0.196875 0.0109375 0.0159722
0 0.00981445 0.472222 0.0187012 0.0180556
0 0.607422 0.049566 0.00703125 0.0211806
1 0.903125 0.918056 0.009375 0.0208333
1 0.404297 0.414236 0.0195312 0.0236111
0 0.533594 0.428472 0.0078125 0.0180556
1 0.521484 0.334722 0.00703125 0.0236111
0 0.00737305 0.890278 0.0131348 0.0138889
1 0.493359 0.821528 0.00703125 0.0208333
0 0.680469 0.196875 0.0109375 0.0159722
1 0.41875 0.668056 0.0109375 0.0125
0 0.605469 0.0607639 0.0078125 0.0210069
1 0.613281 0.696528 0.0078125 0.0236111
2 0.493359 0.0866319 0.10625 0.173264
0 0.688281 0.106597 0.0546875 0.0434028
0 0.0152588 0.111719 0.0305176 0.0223958
1 0.901563 0.925 0.0125 0.025
0 0.0204102 0.490278 0.0395508 0.0104167
1 0.120117 0.311806 0.00625 0.0270833
0 0.882812 0.281597 0.009375 0.0194444
1 0.482031 0.759722 0.00625 0.0194444
1 0.533984 0.438889 0.0078125 0.0291667
0 0.00795898 0.377083 0.015332 0.0111111
0 0.00598145 0.751389 0.0107422 0.0166667
1 0.558594 0.0742188 0.015625 0.0659722
0 0.0120117 0.196528 0.0227539 0.0145833
1 0.784375 0.984722 0.015625 0.0222222
0 0.371484 0.678993 0.0375 0.0420139
0 0.536328 0.849306 0.0195312 0.1
1 0.459766 0.285417 0.009375 0.01875
0 0.00576172 0.642014 0.00839844 0.0166667
1 0.467969 0.440972 0.0046875 0.0194444
1 0.784375 0.990972 0.0140625 0.0180556
0 0.405078 0.403472 0.021875 0.0486111
0 0.0459473 0.547222 0.0329102 0.0263889
0 0.533984 0.438889 0.0078125 0.0291667
0 0.386328 0.671181 0.0726563 0.0298611
1 0.361719 0.969444 0.009375 0.0166667
0 0.558594 0.0960069 0.0109375 0.0838542
0 0.0463867 0.0432292 0.0106445 0.0144097
0 0.935547 0.171007 0.128906 0.078125
1 0.898438 0.926389 0.0140625 0.0222222
0 0.0369141 0.565972 0.0506836 0.0180556
0 0.957812 0.181944 0.084375 0.0440972
0 0.605469 0.551736 0.00625 0.0131944
1 0.364844 0.980556 0.0109375 0.0222222
1 0.493359 0.0866319 0.10625 0.173264
0 0.361719 0.969444 0.009375 0.0166667
0 0.492188 0.0855035 0.10625 0.171007
0 0.110352 0.930556 0.220703 0.138889
0 0.602734 0.345486 0.0617188 0.0354167
2 0.474219 0.920139 0.104687 0.156944
0 0.0123779 0.601389 0.0246582 0.0138889
0 0.257812 0.418056 0.0570313 0.0222222
0 0.131055 0.884028 0.262109 0.231944
0 0.00649414 0.357639 0.0126953 0.0125
0 0.882812 0.190104 0.05625 0.0340278
1 0.457031 0.777083 0.009375 0.0138889
1 0.930469 0.113889 0.009375 0.0145833
0 0.521875 0.0843533 0.0875 0.165668
1 0.466016 0.490972 0.00703125 0.0194444
1 0.457812 0.707639 0.0078125 0.0166667
0 0.0203613 0.615625 0.0352539 0.0333333
0 0.0101562 0.185069 0.019043 0.0173611
0 0.00622559 0.689583 0.00766602 0.0194444
0 0.00593262 0.736111 0.0106934 0.0166667
0 0.475 0.920139 0.104687 0.159722
0 0.0260254 0.555903 0.0520508 0.0340278
0 0.995313 0.262847 0.009375 0.0208333
0 0.26875 0.40625 0.0304688 0.0388889
0 0.0147705 0.622917 0.0293457 0.0194444
0 0.575 0.646528 0.0195312 0.0166667
3 0.49375 0.0868924 0.107813 0.173785
0 0.381348 0.660417 0.0591797 0.0458333
0 0.00617676 0.713194 0.00830078 0.0208333
0 0.022876 0.984028 0.0456543 0.0319444
0 0.0289185 0.646528 0.0298584 0.0236111
1 0.054248 0.0617188 0.00820312 0.0164931
1 0.474219 0.920139 0.104687 0.156944
0 0.784375 0.984722 0.015625 0.0222222
1 0.4625 0.48125 0.0078125 0.0229167
0 0.380078 0.646528 0.0601562 0.0236111
1 0.535937 0.433333 0.00859375 0.0243056
0 0.493359 0.821528 0.00703125 0.0208333
2 0.885938 0.172569 0.221875 0.345139
0 0.3625 0.453819 0.0382813 0.0305556
0 0.0168213 0.984722 0.032959 0.0305556
1 0.791406 0.982639 0.03125 0.0263889
2 0.847656 0.4875 0.304688 0.459722
0 0.988281 0.981944 0.021875 0.0333333
0 0.00935059 0.905556 0.017334 0.0305556
2 0.426172 0.73316 0.375 0.530903
0 0.0156738 0.751389 0.0308594 0.0194444
0 0.0698242 0.628472 0.136523 0.0611111
2 0.518359 0.257118 0.184375 0.514236
2 0.854102 0.397135 0.291797 0.523785
2 0.855469 0.577083 0.289062 0.386111
2 0.424121 0.647569 0.40332 0.575694
2 0.815234 0.909028 0.369531 0.181944
2 0.104199 0.401389 0.208398 0.576389
0 0.885156 0.209028 0.046875 0.0368056
0 0.5375 0.822222 0.021875 0.0972222
1 0.810938 0.968056 0.0140625 0.025
0 0.566406 0.8375 0.0140625 0.0513889
2 0.862109 0.660417 0.275781 0.361111
0 0.0133789 0.559375 0.0267578 0.06875
2 0.833789 0.545486 0.332422 0.313194
0 0.823633 0.956597 0.349609 0.0868056
2 0.272266 0.0432726 0.120703 0.081684
0 0.571484 0.5375 0.00859375 0.0166667
0 0.172852 0.0796875 0.305859 0.159375
2 0.876562 0.905556 0.2375 0.188889
1 0.651953 0.325 0.0125 0.0208333
2 0.660937 0.44592 0.30625 0.50816
2 0.424609 0.813194 0.338281 0.373611
0 0.0156982 0.535417 0.0308105 0.0708333
0 0.186523 0.0486545 0.292578 0.097309
2 0.892187 0.153125 0.207813 0.30625
0 0.262109 0.409375 0.0460938 0.0284722
0 0.892187 0.153125 0.207813 0.30625
2 0.841797 0.155208 0.316406 0.310417
2 0.87207 0.317014 0.255859 0.477083
1 0.170312 0.285764 0.0121094 0.0222222
2 0.813281 0.554861 0.373437 0.220833
0 0.163086 0.903472 0.326172 0.193056
0 0.931641 0.160243 0.136719 0.320486
2 0.832812 0.2875 0.334375 0.480556
1 0.394531 0.135764 0.00625 0.0142361
0 0.536328 0.834722 0.0195312 0.0694444
0 0.678906 0.107378 0.034375 0.0421875
0 0.889063 0.189583 0.040625 0.0361111
0 0.364062 0.451389 0.034375 0.0236111
0 0.558984 0.0742188 0.015625 0.0630208
0 0.269727 0.4125 0.0308594 0.0263889
0 0.0458984 0.533681 0.0318359 0.0222222
0 0.0132568 0.563889 0.0257324 0.0208333
0 0.404297 0.414236 0.0195312 0.0236111
0 0.0136475 0.567708 0.0260254 0.0243056
0 0.680469 0.109896 0.0390625 0.0552083
0 0.00957031 0.490278 0.018457 0.00833333
0 0.0462891 0.529167 0.0325195 0.0208333
0 0.570312 0.644444 0.009375 0.0131944
1 0.359375 0.981944 0.009375 0.0194444
0 0.363281 0.446528 0.0335938 0.0298611
0 0.0097168 0.196875 0.0168945 0.0131944
0 0.00883789 0.112326 0.0169922 0.0194444
0 0.00610352 0.624306 0.0109375 0.0138889
0 0.41875 0.668056 0.0109375 0.0125
0 0.0134766 0.544097 0.025293 0.0409722
1 0.605469 0.0608507 0.0078125 0.0210069
1 0.494531 0.244097 0.00625 0.0170139
1 0.570312 0.644444 0.009375 0.0131944
0 0.0144775 0.540278 0.0256348 0.0569444
0 0.00952148 0.601389 0.0181641 0.0111111
1 0.607422 0.0495226 0.00703125 0.0210938
0 0.380859 0.675 0.05625 0.0388889
0 0.120117 0.311806 0.00625 0.0270833
0 0.602344 0.354861 0.0609375 0.0215278
0 0.014502 0.490278 0.0290039 0.00972222
0 0.359375 0.981944 0.009375 0.0194444
0 0.560938 0.0803819 0.0171875 0.0751736
0 0.233203 0.423611 0.0101562 0.0111111
1 0.882812 0.281597 0.009375 0.0190972
0 0.40625 0.390972 0.01875 0.0458333
1 0.475781 0.932639 0.0265625 0.0305556
0 0.945703 0.178125 0.108594 0.053125
1 0.533594 0.428472 0.0078125 0.0180556
0 0.521484 0.335069 0.00703125 0.0236111
0 0.0542969 0.0618056 0.00820312 0.0163194
0 0.494531 0.244097 0.00625 0.0170139
1 0.605469 0.551736 0.00625 0.0131944
1 0.905469 0.981944 0.0140625 0.0194444
0 0.0127197 0.519444 0.0247559 0.0388889
1 0.536328 0.834722 0.0203125 0.0708333
1 0.680469 0.196875 0.0109375 0.0159722
0 0.00983887 0.472222 0.01875 0.0180556
0 0.607422 0.0495226 0.00703125 0.0210938
1 0.903125 0.918056 0.009375 0.0208333
1 0.404297 0.414236 0.0195312 0.0236111
0 0.533594 0.428472 0.0078125 0.0180556
1 0.521484 0.335069 0.00703125 0.0236111
1 0.493359 0.820833 0.00703125 0.0194444
0 0.00737305 0.890278 0.0131836 0.0138889
1 0.41875 0.668056 0.0109375 0.0125
0 0.680469 0.196875 0.0109375 0.0159722
1 0.613281 0.696528 0.0078125 0.0236111
0 0.605469 0.0608507 0.0078125 0.0210069
2 0.493359 0.0866319 0.10625 0.173264
0 0.688281 0.106597 0.0546875 0.0434028
0 0.0152344 0.111806 0.0304688 0.0222222
1 0.901563 0.925 0.0125 0.025
0 0.0204102 0.490278 0.0394531 0.0104167
1 0.120117 0.311806 0.00625 0.0270833
0 0.882812 0.281597 0.009375 0.0190972
1 0.533984 0.438889 0.0078125 0.0291667
1 0.482031 0.759722 0.00625 0.0194444
0 0.00795898 0.377083 0.015332 0.0111111
0 0.00595703 0.751389 0.0107422 0.0166667
1 0.459766 0.285417 0.009375 0.01875
0 0.371484 0.678993 0.0367187 0.0420139
1 0.785156 0.984722 0.015625 0.0222222
1 0.558594 0.0742188 0.015625 0.0657986
0 0.536328 0.849306 0.0195312 0.1
0 0.0120117 0.196528 0.0228516 0.0145833
0 0.00576172 0.642014 0.00839844 0.0166667
1 0.467969 0.440972 0.0046875 0.0194444
1 0.784375 0.990972 0.0140625 0.0180556
0 0.405078 0.403472 0.021875 0.0486111
0 0.533984 0.438889 0.0078125 0.0291667
0 0.0459961 0.547222 0.0328125 0.0263889
0 0.386328 0.671181 0.0726563 0.0298611
1 0.361719 0.969444 0.009375 0.0166667
0 0.558594 0.0959201 0.0109375 0.0838542
1 0.898438 0.926389 0.0140625 0.0222222
0 0.0463867 0.0432292 0.0106445 0.0142361
0 0.935547 0.171224 0.128906 0.0783854
0 0.0369263 0.565972 0.0507568 0.0180556
0 0.605469 0.551736 0.00625 0.0131944
0 0.957812 0.181944 0.084375 0.0440972
1 0.364844 0.980556 0.0109375 0.0222222
1 0.493359 0.0866319 0.10625 0.173264
0 0.110352 0.930556 0.220703 0.138889
0 0.492188 0.0855035 0.10625 0.171007
0 0.361719 0.969444 0.009375 0.0166667
0 0.602734 0.345486 0.0617188 0.0354167
0 0.257812 0.418056 0.0570313 0.0222222
0 0.0123535 0.601389 0.024707 0.0138889
2 0.474219 0.920139 0.104687 0.156944
0 0.130762 0.884028 0.261523 0.231944
0 0.00649414 0.357639 0.0127441 0.0125
0 0.882812 0.190104 0.05625 0.0340278
1 0.457031 0.777083 0.009375 0.0138889
1 0.930469 0.113889 0.009375 0.0145833
0 0.521875 0.084375 0.0875 0.165625
1 0.466016 0.490972 0.00703125 0.0194444
1 0.457812 0.707639 0.0078125 0.0166667
0 0.0204346 0.615625 0.0353027 0.0333333
0 0.0101807 0.185069 0.0190918 0.0173611
0 0.00622559 0.689583 0.00766602 0.0194444
0 0.00595703 0.736111 0.0106445 0.0166667
0 0.475 0.920139 0.104687 0.159722
0 0.0259766 0.555903 0.0519531 0.0340278
0 0.26875 0.40625 0.0304688 0.0388889
0 0.995313 0.262847 0.009375 0.0208333
0 0.575 0.646528 0.0195312 0.0166667
3 0.49375 0.0868924 0.107813 0.173785
0 0.0147461 0.622917 0.0292969 0.0194444
1 0.0542969 0.0618056 0.00820312 0.0163194
0 0.0230713 0.984028 0.0460449 0.0319444
0 0.381348 0.660417 0.0591797 0.0458333
0 0.00620117 0.713194 0.00825195 0.0208333
0 0.0289063 0.646528 0.0297852 0.0236111
1 0.535937 0.433333 0.00859375 0.0243056
1 0.4625 0.48125 0.0078125 0.0229167
1 0.474219 0.920139 0.104687 0.156944
0 0.380078 0.646528 0.0601562 0.0236111
0 0.493359 0.820833 0.00703125 0.0194444
0 0.785156 0.984722 0.015625 0.0222222
0 0.163477 0.900347 0.326953 0.199306
2 0.885938 0.172917 0.221875 0.345833
0 0.3625 0.453819 0.0382813 0.0305556
1 0.791406 0.982639 0.03125 0.0263889
2 0.847656 0.4875 0.304688 0.459722
0 0.0169922 0.984722 0.0332031 0.0305556
2 0.426172 0.73316 0.375 0.530903
0 0.009375 0.905556 0.0173828 0.0305556
0 0.988281 0.981944 0.021875 0.0333333
0 0.0699219 0.628472 0.136523 0.0611111
0 0.0157227 0.751389 0.0308594 0.0194444
2 0.51875 0.257292 0.184375 0.514583
2 0.854102 0.397135 0.291797 0.523785
2 0.855469 0.577083 0.289062 0.386111
2 0.424121 0.647569 0.40332 0.575694
2 0.815234 0.909028 0.369531 0.181944
1 0.810938 0.968056 0.0140625 0.025
2 0.104297 0.401389 0.208594 0.576389
0 0.5375 0.822222 0.021875 0.0972222
0 0.566406 0.8375 0.0140625 0.0513889
0 0.571484 0.5375 0.00859375 0.0166667
2 0.833789 0.545833 0.332422 0.3125
2 0.861914 0.660417 0.276172 0.359722
0 0.885156 0.209028 0.046875 0.0368056
0 0.0133789 0.559722 0.0267578 0.0680556
2 0.660937 0.446181 0.307813 0.507639
0 0.823633 0.95625 0.349609 0.0875
0 0.172852 0.0797743 0.305859 0.159549
2 0.876562 0.905556 0.2375 0.188889
2 0.272266 0.0432726 0.120703 0.081684
0 0.0156982 0.535417 0.0307129 0.0708333
1 0.651953 0.325 0.0125 0.0208333
2 0.424219 0.8125 0.339063 0.375
2 0.892187 0.153212 0.207813 0.306424
0 0.262109 0.409375 0.0460938 0.0284722
0 0.18667 0.0486111 0.292285 0.0972222
0 0.892187 0.153212 0.207813 0.306424
2 0.841797 0.155382 0.316406 0.310764
2 0.87207 0.317187 0.255859 0.476736
0 0.459766 0.285417 0.009375 0.01875
2 0.813281 0.554861 0.373437 0.220833
1 0.394531 0.135764 0.00625 0.0142361
1 0.170312 0.285764 0.0121094 0.0222222
0 0.931641 0.16033 0.136719 0.32066
2 0.832617 0.2875 0.334766 0.480556
