0 0.615625 0.909028 0.0703125 0.181944
0 0.7625 0.112153 0.05 0.190625
0 0.575781 0.564583 0.0578125 0.201389
0 0.822656 0.561111 0.046875 0.209028
0 0.702734 0.561111 0.0515625 0.188889
0 0.821875 0.772917 0.046875 0.183333
0 0.832812 0.13125 0.0515625 0.196528
0 0.642187 0.545139 0.04375 0.191667
0 0.641406 0.107791 0.04375 0.167057
0 0.764063 0.551389 0.0453125 0.168056
0 0.176221 0.772222 0.0592773 0.233333
0 0.882031 0.571875 0.05 0.208333
0 0.704687 0.811111 0.0460938 0.202778
0 0.2375 0.802778 0.0433594 0.180556
0 0.882812 0.789583 0.05 0.2
0 0.586719 0.107639 0.04375 0.185417
0 0.291992 0.611458 0.0507812 0.21875
0 0.294531 0.139931 0.0445312 0.200694
0 0.537109 0.793056 0.0429688 0.179167
0 0.174316 0.113021 0.0431641 0.167361
0 0.397656 0.790278 0.04375 0.208333
0 0.946875 0.110937 0.05625 0.214236
1 0.914062 0.384722 0.015625 0.0256944
1 0.331641 0.460417 0.0179687 0.0291667
0 0.944531 0.825 0.01875 0.0333333
1 0.9125 0.390278 0.01875 0.0361111
1 0.244141 0.565278 0.0128906 0.0298611
0 0.298047 0.00883246 0.0359375 0.0176649
1 0.46875 0.514583 0.009375 0.0194444
0 0.94375 0.516667 0.01875 0.0375
1 0.989062 0.269444 0.0125 0.0305556
0 0.982813 0.106597 0.0328125 0.211111
1 0.328906 0.4625 0.0226563 0.0291667
1 0.351562 0.498611 0.0160156 0.0305556
1 0.470313 0.00798611 0.03125 0.0159722
0 0.548437 0.790278 0.0640625 0.186111
1 0.98125 0.215278 0.015625 0.0180556
0 0.9125 0.388889 0.0171875 0.0361111
1 0.525781 0.0530382 0.015625 0.0324653
1 0.94375 0.517361 0.01875 0.0388889
1 0.407031 0.505556 0.0140625 0.0229167
1 0.978125 0.464931 0.009375 0.0173611
1 0.179688 0.515278 0.0109375 0.0284722
1 0.761719 0.724306 0.0140625 0.0333333
1 0.522656 0.0580078 0.0140625 0.0374566
0 0.398438 0.752778 0.0421875 0.136111
1 0.425391 0.610417 0.0164062 0.0291667
1 0.988281 0.263542 0.0140625 0.0263889
1 0.474219 0.0094184 0.0375 0.0188368
1 0.876562 0.0690972 0.015625 0.0307292
0 0.914062 0.384722 0.015625 0.0256944
1 0.858594 0.525347 0.0171875 0.0243056
0 0.867188 0.569444 0.028125 0.147222
0 0.474219 0.0094184 0.0375 0.0188368
0 0.169336 0.667708 0.0398437 0.0229167
1 0.174219 0.11441 0.0425781 0.170139
0 0.910937 0.394097 0.01875 0.04375
0 0.988281 0.263542 0.0140625 0.0263889
0 0.885156 0.555556 0.0421875 0.172222
0 0.410937 0.0611111 0.059375 0.121875
0 0.289648 0.0662977 0.0308594 0.0472656
1 0.251563 0.890278 0.0128906 0.0222222
1 0.168262 0.666667 0.0376953 0.0236111
1 0.642969 0.541667 0.0429688 0.191667
1 0.983594 0.207986 0.0203125 0.01875
1 0.382812 0.470833 0.0109375 0.0145833
1 0.911719 0.306771 0.021875 0.0399306
0 0.985156 0.210417 0.0203125 0.0138889
0 0.470313 0.00798611 0.03125 0.0159722
1 0.380078 0.0151042 0.00546875 0.028559
0 0.10166 0.115451 0.111328 0.223958
1 0.557422 0.0805556 0.00859375 0.0385417
1 0.0970703 0.891667 0.015625 0.0222222
1 0.985156 0.210417 0.0203125 0.0138889
1 0.568359 0.664931 0.021875 0.025
1 0.990625 0.281424 0.0125 0.0510417
0 0.682813 0.488542 0.0117188 0.05
1 0.258984 0.559028 0.0132813 0.0472222
0 0.612109 0.931944 0.0453125 0.136111
0 0.410156 0.106337 0.0546875 0.0352431
1 0.327148 0.886111 0.0140625 0.0138889
0 0.536719 0.759722 0.0414063 0.113889
0 0.927344 0.107986 0.01875 0.202778
1 0.557031 0.068316 0.0078125 0.0401042
0 0.978125 0.464931 0.009375 0.0173611
0 0.242383 0.565972 0.0160156 0.0333333
0 0.882812 0.622917 0.040625 0.100694
1 0.404687 0.6875 0.025 0.0138889
1 0.558203 0.472222 0.0171875 0.0194444
1 0.330469 0.479514 0.01875 0.0534722
1 0.325 0.8875 0.0148437 0.0138889
0 0.282422 0.606597 0.0683594 0.217361
1 0.465625 0.519444 0.0109375 0.0277778
0 0.704687 0.575694 0.0421875 0.160417
0 0.230469 0.798611 0.0570313 0.2
1 0.334766 0.459722 0.0253906 0.0298611
1 0.29707 0.00902778 0.0371094 0.0180556
0 0.767187 0.564583 0.0359375 0.1375
1 0.577734 0.661806 0.0390625 0.0222222
1 0.5 0.468403 0.015625 0.0145833
1 0.250391 0.730556 0.01875 0.0333333
1 0.260547 0.54375 0.0125 0.0388889
1 0.178906 0.525 0.0132813 0.0305556
1 0.614062 0.909722 0.0671875 0.180556
1 0.861719 0.570833 0.0234375 0.113889
1 0.884375 0.56875 0.046875 0.202778
0 0.896875 0.573264 0.078125 0.202778
0 0.0963867 0.673611 0.104492 0.4
0 0.882031 0.578472 0.046875 0.152083
1 0.174023 0.66875 0.0480469 0.0236111
0 0.773828 0.110937 0.0710938 0.194792
1 0.910937 0.345486 0.025 0.109722
0 0.293945 0.0715495 0.0414063 0.060026
0 0.396484 0.8375 0.0382813 0.106944
1 0.267578 0.471528 0.0117188 0.0138889
1 0.467969 0.646528 0.0078125 0.0180556
1 0.702344 0.560417 0.0484375 0.195833
1 0.420312 0.609375 0.025 0.0270833
1 0.367773 0.516667 0.0207031 0.0375
1 0.305859 0.491319 0.0171875 0.0256944
1 0.763281 0.109896 0.0484375 0.1875
1 0.985937 0.215972 0.021875 0.01875
0 0.817187 0.644444 0.03125 0.0319444
1 0.821875 0.770833 0.046875 0.186111
0 0.826563 0.118229 0.0375 0.159722
0 0.156836 0.985417 0.028125 0.0263889
0 0.380078 0.0151042 0.00546875 0.028559
0 0.294141 0.200347 0.0390625 0.0770833
1 0.55625 0.151389 0.009375 0.0413194
0 0.239844 0.827778 0.0367187 0.141667
1 0.407813 0.501389 0.015625 0.0291667
1 0.642187 0.106576 0.0429688 0.168793
0 0.294922 0.0599826 0.0371094 0.0376736
1 0.496875 0.219271 0.0109375 0.0170139
1 0.811719 0.46875 0.01875 0.0291667
0 0.814062 0.556597 0.0328125 0.196528
0 0.822656 0.609722 0.040625 0.101389
0 0.30293 0.60625 0.03125 0.206944
0 0.910937 0.30625 0.021875 0.0451389
1 0.280078 0.00870226 0.0289063 0.0174045
1 0.240625 0.563889 0.021875 0.0347222
0 0.174219 0.670833 0.0503906 0.0263889
1 0.156836 0.985417 0.028125 0.0263889
1 0.617969 0.217361 0.009375 0.0184028
0 0.331641 0.460417 0.0179687 0.0291667
1 0.293945 0.528125 0.0441406 0.0479167
1 0.832812 0.117795 0.05 0.174826
0 0.863281 0.570833 0.0203125 0.115278
0 0.876562 0.0690972 0.015625 0.0307292
0 0.294336 0.522917 0.04375 0.0381944
0 0.621094 0.923611 0.05625 0.152778
1 0.440625 0.46875 0.0140625 0.0125
1 0.975 0.465972 0.015625 0.0222222
1 0.586719 0.106944 0.0421875 0.186458
0 0.761719 0.724306 0.0140625 0.0333333
1 0.357812 0.509722 0.028125 0.0402778
1 0.400781 0.686806 0.0234375 0.0125
0 0.845312 0.129688 0.0765625 0.199306
1 0.405469 0.515278 0.0226563 0.0333333
1 0.672656 0.221528 0.0125 0.0166667
0 0.351562 0.498611 0.0160156 0.0305556
1 0.291992 0.606597 0.0492188 0.210417
0 0.752734 0.553472 0.0664062 0.179167
1 0.867188 0.264931 0.009375 0.0229167
0 0.642969 0.15178 0.0390625 0.0783854
1 0.94375 0.823611 0.021875 0.0375
1 0.988281 0.275521 0.015625 0.0434028
1 0.867188 0.569444 0.028125 0.147222
0 0.404687 0.6875 0.025 0.0138889
1 0.244531 0.723611 0.028125 0.0291667
0 0.564844 0.561111 0.08125 0.202778
1 0.563672 0.665972 0.0179687 0.0263889
1 0.823438 0.561806 0.05 0.208333
1 0.269141 0.873611 0.0132813 0.0416667
0 0.878906 0.777083 0.0390625 0.169444
0 0.934375 0.112847 0.065625 0.220833
0 0.46875 0.514583 0.009375 0.0194444
0 0.94375 0.825 0.021875 0.0416667
0 0.98125 0.215278 0.015625 0.0180556
1 0.370313 0.520833 0.0164062 0.0319444
1 0.327344 0.482639 0.0230469 0.0506944
0 0.206836 0.784549 0.106641 0.219792
0 0.816406 0.7 0.03125 0.0388889
0 0.642969 0.167361 0.0359375 0.0447917
0 0.698438 0.618403 0.0265625 0.0770833
1 0.316406 0.480208 0.0328125 0.05
0 0.532031 0.734722 0.0296875 0.0611111
1 0.438281 0.469097 0.0164062 0.0138889
0 0.905469 0.0194878 0.015625 0.0252604
1 0.904688 0.466667 0.0125 0.0138889
0 0.823438 0.500694 0.04375 0.0944444
1 0.243359 0.553819 0.01875 0.0520833
0 0.882812 0.638889 0.0375 0.0666667
1 0.307422 0.408333 0.0101562 0.0305556
1 0.24375 0.891667 0.0273438 0.0222222
0 0.137207 0.7625 0.138477 0.245833
1 0.925781 0.109983 0.0203125 0.207465
1 0.238672 0.801389 0.0429688 0.177778
0 0.293945 0.530556 0.0464844 0.0541667
0 0.672656 0.221528 0.0125 0.0166667
1 0.857813 0.518056 0.015625 0.0361111
0 0.289844 0.0590061 0.0257812 0.0361545
0 0.632812 0.542014 0.0648438 0.178472
0 0.895312 0.786806 0.075 0.195833
1 0.535937 0.793056 0.0421875 0.186111
1 0.109668 0.894444 0.0398437 0.0277778
1 0.557422 0.142708 0.009375 0.0510417
1 0.173828 0.761111 0.0582031 0.206944
0 0.568359 0.664931 0.021875 0.025
1 0.703125 0.807639 0.0453125 0.193056
1 0.989844 0.292014 0.015625 0.0916667
1 0.426562 0.611458 0.0289063 0.0284722
0 0.175781 0.856944 0.0507812 0.0611111
1 0.574609 0.562153 0.0570313 0.197917
0 0.810938 0.766493 0.065625 0.178125
0 0.822656 0.629861 0.040625 0.0611111
1 0.882812 0.788889 0.05 0.197222
1 0.909375 0.407292 0.01875 0.0326389
1 0.990625 0.25625 0.0125 0.0402778
1 0.176953 0.518056 0.01875 0.0333333
0 0.280078 0.00870226 0.0289063 0.0174045
1 0.241016 0.733333 0.0375 0.0444444
1 0.583594 0.727778 0.0140625 0.025
0 0.81875 0.475 0.03125 0.0423611
1 0.682813 0.493403 0.0125 0.0597222
1 0.328906 0.457639 0.0257812 0.0347222
0 0.8875 0.802778 0.0359375 0.169444
0 0.60625 0.957639 0.0265625 0.0833333
1 0.991406 0.301389 0.0109375 0.0916667
0 0.811719 0.46875 0.01875 0.0291667
0 0.989062 0.269444 0.0125 0.0305556
1 0.380469 0.0113064 0.00546875 0.0226128
1 0.99375 0.304861 0.009375 0.0916667
0 0.832812 0.573264 0.05 0.178472
0 0.247656 0.806944 0.0609375 0.188889
0 0.642969 0.594792 0.040625 0.0909722
0 0.128223 0.097309 0.123242 0.181424
0 0.924219 0.0246528 0.0140625 0.0382813
1 0.945312 0.447222 0.0078125 0.0138889
1 0.817187 0.644444 0.03125 0.0319444
0 0.400781 0.686806 0.0234375 0.0125
1 0.70625 0.713889 0.025 0.025
1 0.173633 0.0718967 0.0425781 0.0759983
0 0.522656 0.0580078 0.0140625 0.0374566
0 0.820312 0.578125 0.040625 0.163194
0 0.940625 0.559722 0.028125 0.136806
1 0.181641 0.504167 0.00859375 0.0381944
1 0.93125 0.191493 0.0109375 0.0538194
1 0.293359 0.138542 0.0445312 0.198264
1 0.301562 0.492361 0.0210938 0.0222222
0 0.76875 0.601736 0.03125 0.0631944
0 0.5375 0.838194 0.034375 0.0888889
1 0.310937 0.610417 0.015625 0.206944
1 0.179297 0.562847 0.0804688 0.185417
1 0.910937 0.357552 0.021875 0.0751736
0 0.407031 0.505556 0.0140625 0.0229167
1 0.55625 0.484722 0.0140625 0.0395833
1 0.283203 0.534722 0.0367187 0.0409722
0 0.614453 0.104514 0.0726563 0.179167
0 0.294141 0.211979 0.0375 0.0548611
0 0.308203 0.680382 0.0113281 0.0697917
1 0.330469 0.490972 0.0171875 0.0777778
1 0.569141 0.683333 0.015625 0.0208333
1 0.172852 0.139062 0.0378906 0.117708
1 0.558594 0.115799 0.0109375 0.101389
0 0.792969 0.213715 0.0125 0.0253472
1 0.269531 0.547917 0.0140625 0.0486111
0 0.396094 0.853472 0.0382813 0.0736111
0 0.796875 0.552778 0.101562 0.178472
1 0.583594 0.0644965 0.034375 0.0951389
1 0.81875 0.475 0.03125 0.0423611
1 0.408984 0.505556 0.021875 0.0340278
1 0.266406 0.49375 0.0140625 0.0541667
1 0.276172 0.514583 0.0226563 0.0583333
0 0.700391 0.511458 0.046875 0.0986111
0 0.517187 0.974306 0.0296875 0.0486111
1 0.147949 0.663194 0.0123047 0.0333333
0 0.607031 0.881944 0.0578125 0.129167
1 0.567578 0.648264 0.0257812 0.0291667
0 0.239063 0.747222 0.0382813 0.0694444
1 0.160156 0.657639 0.0265625 0.0375
1 0.30293 0.60625 0.03125 0.206944
1 0.946875 0.110937 0.05625 0.214236
1 0.476562 0.0123264 0.0390625 0.0222222
0 0.643359 0.607639 0.0390625 0.0631944
1 0.403516 0.506944 0.0234375 0.0270833
1 0.174805 0.0522135 0.0398437 0.0386285
1 0.125 0.35625 0.0382813 0.0444444
1 0.763281 0.551042 0.0421875 0.16875
1 0.8 0.501389 0.01875 0.0902778
1 0.88125 0.634028 0.040625 0.0763889
0 0.250391 0.730556 0.01875 0.0333333
1 0.982813 0.107552 0.03125 0.212674
1 0.470313 0.73125 0.0109375 0.0180556
1 0.314648 0.626389 0.0148437 0.151389
1 0.784375 0.757639 0.040625 0.138889
1 0.263281 0.515278 0.01875 0.0902778
0 0.328906 0.4625 0.0226563 0.0291667
1 0.64375 0.0578993 0.040625 0.0611111
1 0.828125 0.0570964 0.0375 0.0472656
0 0.615625 0.909028 0.0703125 0.181944
0 0.7625 0.112153 0.05 0.190625
0 0.575781 0.564583 0.0578125 0.201389
0 0.822656 0.561111 0.046875 0.209028
0 0.702734 0.561111 0.0515625 0.188889
0 0.821875 0.772917 0.046875 0.183333
0 0.832812 0.13125 0.0515625 0.196528
0 0.642187 0.545139 0.04375 0.191667
0 0.641406 0.107726 0.04375 0.167187
0 0.764063 0.551389 0.0453125 0.168056
0 0.176221 0.772222 0.0592773 0.233333
0 0.882031 0.571875 0.05 0.208333
0 0.704687 0.811111 0.0460938 0.202778
0 0.2375 0.802778 0.0433594 0.180556
0 0.882812 0.789583 0.05 0.2
0 0.586719 0.107639 0.0445312 0.185417
0 0.291992 0.611458 0.0507812 0.21875
0 0.294531 0.139931 0.0445312 0.200694
0 0.537109 0.793056 0.0429688 0.179167
0 0.174316 0.113021 0.0431641 0.167361
0 0.397656 0.790278 0.04375 0.208333
0 0.946875 0.110937 0.0546875 0.214236
1 0.914062 0.384722 0.015625 0.0256944
1 0.331641 0.460417 0.0179687 0.0291667
0 0.944531 0.825 0.01875 0.0333333
1 0.9125 0.390278 0.01875 0.0361111
1 0.244141 0.565278 0.0128906 0.0298611
0 0.298047 0.00885417 0.0359375 0.0177083
1 0.46875 0.514583 0.009375 0.0194444
0 0.94375 0.516667 0.01875 0.0375
1 0.989062 0.269444 0.0125 0.0309028
0 0.982813 0.106684 0.03125 0.210938
1 0.328906 0.4625 0.0226563 0.0291667
1 0.351562 0.498611 0.0160156 0.0305556
1 0.469922 0.00800781 0.0304688 0.0160156
0 0.548437 0.790278 0.0640625 0.186111
1 0.98125 0.215278 0.015625 0.0180556
0 0.9125 0.388889 0.0171875 0.0361111
1 0.525781 0.0530382 0.015625 0.0324653
1 0.94375 0.517361 0.01875 0.0388889
1 0.407031 0.505556 0.0140625 0.0229167
1 0.978125 0.464931 0.009375 0.0173611
1 0.179688 0.515278 0.0109375 0.0291667
1 0.761719 0.724306 0.0140625 0.0333333
1 0.522656 0.0580078 0.0140625 0.0374566
0 0.398438 0.752778 0.0421875 0.136111
1 0.988281 0.263542 0.0140625 0.0263889
1 0.425391 0.610417 0.0164062 0.0291667
1 0.474219 0.0094184 0.0375 0.0188368
1 0.876562 0.0690972 0.015625 0.0307292
1 0.858594 0.525347 0.0171875 0.0243056
0 0.914062 0.384722 0.015625 0.0256944
0 0.867188 0.569444 0.028125 0.147222
0 0.474219 0.0094184 0.0375 0.0188368
0 0.169336 0.667708 0.0398437 0.0229167
1 0.174219 0.11441 0.0425781 0.170139
0 0.910937 0.394097 0.01875 0.04375
0 0.988281 0.263542 0.0140625 0.0263889
0 0.885156 0.555556 0.0421875 0.172222
0 0.410937 0.0611979 0.059375 0.121701
0 0.289844 0.0662977 0.03125 0.0472656
1 0.251563 0.890278 0.0128906 0.0222222
1 0.168164 0.666667 0.0378906 0.0236111
1 0.642969 0.541667 0.0429688 0.191667
1 0.983594 0.207986 0.0203125 0.01875
1 0.911719 0.306771 0.021875 0.0399306
1 0.382812 0.470833 0.0109375 0.0145833
0 0.985156 0.210417 0.0203125 0.0138889
0 0.469922 0.00800781 0.0304688 0.0160156
1 0.380078 0.0151042 0.00546875 0.028559
1 0.557422 0.0805556 0.00859375 0.0385417
0 0.10166 0.115365 0.111328 0.224132
1 0.0970703 0.891667 0.015625 0.0222222
1 0.985156 0.210417 0.0203125 0.0138889
1 0.568359 0.664931 0.021875 0.025
1 0.990625 0.28125 0.0125 0.0506944
0 0.682813 0.488542 0.0117188 0.05
1 0.327148 0.886111 0.0140625 0.0138889
0 0.612109 0.931944 0.0453125 0.136111
0 0.410156 0.106424 0.0546875 0.0350694
1 0.258984 0.559028 0.0132813 0.0472222
0 0.536719 0.759722 0.0414063 0.113889
0 0.927344 0.107986 0.01875 0.202778
1 0.557031 0.0683811 0.0078125 0.039974
0 0.978125 0.464931 0.009375 0.0173611
0 0.242383 0.565972 0.0160156 0.0333333
0 0.882812 0.622917 0.040625 0.100694
1 0.558203 0.472222 0.0171875 0.01875
1 0.404687 0.6875 0.025 0.0138889
1 0.325 0.8875 0.0148437 0.0138889
1 0.330469 0.479514 0.01875 0.0534722
0 0.282422 0.606597 0.0683594 0.217361
1 0.465234 0.519444 0.0117188 0.0277778
0 0.704687 0.575694 0.0421875 0.160417
0 0.230469 0.798611 0.0570313 0.201389
1 0.334766 0.459722 0.0253906 0.0298611
1 0.29707 0.00900608 0.0371094 0.0180122
0 0.767187 0.564583 0.0359375 0.1375
1 0.577734 0.661806 0.0390625 0.0222222
1 0.5 0.468403 0.015625 0.0145833
1 0.250391 0.730556 0.01875 0.0333333
1 0.260547 0.54375 0.0125 0.0388889
1 0.861719 0.570833 0.0234375 0.113889
1 0.614062 0.909722 0.0671875 0.180556
1 0.884375 0.56875 0.046875 0.202778
1 0.178711 0.525 0.0132813 0.03125
0 0.882031 0.578472 0.046875 0.152083
0 0.896875 0.573264 0.078125 0.202778
0 0.773828 0.110937 0.0710938 0.194792
1 0.174023 0.66875 0.0480469 0.0236111
0 0.0963867 0.673611 0.104492 0.4
1 0.910937 0.345486 0.025 0.109722
0 0.396484 0.8375 0.0382813 0.106944
0 0.293945 0.0715495 0.0414063 0.060026
1 0.467969 0.646528 0.0078125 0.0180556
1 0.267578 0.471528 0.0117188 0.0138889
1 0.420312 0.609375 0.0242187 0.0270833
1 0.702344 0.560417 0.0484375 0.195833
1 0.305859 0.491319 0.0171875 0.0256944
1 0.367773 0.516667 0.0207031 0.0375
1 0.763281 0.109896 0.0484375 0.1875
1 0.985937 0.215972 0.021875 0.01875
0 0.817187 0.644444 0.03125 0.0319444
1 0.821875 0.770833 0.046875 0.186111
0 0.156836 0.985417 0.028125 0.0263889
0 0.826563 0.118229 0.0375 0.159722
0 0.380078 0.0151042 0.00546875 0.028559
0 0.294141 0.200347 0.0390625 0.0770833
1 0.55625 0.151389 0.009375 0.0413194
1 0.407813 0.501389 0.015625 0.0291667
0 0.239844 0.827778 0.0367187 0.141667
1 0.642187 0.106576 0.0421875 0.168793
0 0.294922 0.0599826 0.0375 0.0378472
1 0.811719 0.46875 0.01875 0.0291667
1 0.496875 0.219271 0.0109375 0.0170139
0 0.814062 0.556597 0.0328125 0.196528
0 0.822656 0.609722 0.040625 0.101389
0 0.302734 0.60625 0.03125 0.206944
0 0.174219 0.670139 0.0503906 0.0263889
1 0.617969 0.217361 0.009375 0.0184028
1 0.240625 0.563889 0.021875 0.0347222
1 0.293945 0.528125 0.0441406 0.0479167
1 0.156836 0.985417 0.028125 0.0263889
1 0.280078 0.00870226 0.0289063 0.0174045
0 0.331641 0.460417 0.0179687 0.0291667
0 0.863281 0.570833 0.0203125 0.115278
0 0.910937 0.30625 0.021875 0.0451389
1 0.832812 0.117795 0.05 0.174826
0 0.294336 0.522917 0.04375 0.0381944
0 0.621094 0.923611 0.05625 0.152778
0 0.876562 0.0690972 0.015625 0.0307292
1 0.440625 0.46875 0.0140625 0.0125
1 0.975 0.465972 0.015625 0.0222222
1 0.586719 0.106944 0.0421875 0.186458
1 0.400781 0.686806 0.0234375 0.0125
0 0.761719 0.724306 0.0140625 0.0333333
0 0.845312 0.129601 0.0765625 0.199132
1 0.405469 0.515278 0.021875 0.0333333
1 0.672656 0.221528 0.0125 0.0166667
1 0.357812 0.509722 0.028125 0.0402778
0 0.351562 0.498611 0.0160156 0.0305556
1 0.291992 0.606597 0.0492188 0.210417
0 0.752734 0.553472 0.0664062 0.179167
0 0.642969 0.15204 0.0390625 0.0771701
1 0.867188 0.264931 0.009375 0.0229167
1 0.988281 0.275347 0.015625 0.0430556
1 0.94375 0.823611 0.021875 0.0375
1 0.867188 0.569444 0.028125 0.147222
0 0.404687 0.6875 0.025 0.0138889
1 0.563672 0.665972 0.0179687 0.0263889
1 0.244531 0.723611 0.028125 0.0291667
0 0.564844 0.560764 0.08125 0.202083
1 0.823438 0.561806 0.05 0.208333
1 0.269141 0.874306 0.0132813 0.0402778
0 0.878125 0.777083 0.0375 0.169444
0 0.46875 0.514583 0.009375 0.0194444
0 0.934375 0.112847 0.065625 0.220833
0 0.98125 0.215278 0.015625 0.0180556
0 0.94375 0.825 0.021875 0.0416667
1 0.327344 0.482639 0.0230469 0.0506944
1 0.370313 0.520833 0.0164062 0.0319444
0 0.206836 0.784549 0.106641 0.219792
0 0.816406 0.7 0.03125 0.0388889
0 0.642969 0.167361 0.0359375 0.0444444
0 0.698438 0.618403 0.0265625 0.0770833
1 0.316211 0.480208 0.0324219 0.05
0 0.532031 0.734722 0.0296875 0.0611111
1 0.438281 0.46875 0.0164062 0.0138889
0 0.905469 0.0195421 0.015625 0.0253255
1 0.904688 0.466667 0.0125 0.0138889
1 0.307422 0.408333 0.0101562 0.0305556
1 0.243359 0.553472 0.01875 0.0527778
0 0.882812 0.638889 0.0375 0.0666667
0 0.823438 0.500694 0.04375 0.0944444
1 0.24375 0.891667 0.0273438 0.0222222
1 0.925781 0.109983 0.0203125 0.207465
1 0.238477 0.801389 0.0429688 0.177778
0 0.293945 0.530556 0.0464844 0.0541667
0 0.1375 0.7625 0.137891 0.245833
1 0.857813 0.518056 0.015625 0.0361111
0 0.672656 0.221528 0.0125 0.0166667
0 0.632812 0.542014 0.0648438 0.178472
0 0.289844 0.0590061 0.0257812 0.0361545
1 0.535937 0.793056 0.0421875 0.186111
0 0.895312 0.786806 0.075 0.195833
1 0.109766 0.894444 0.0398437 0.0277778
1 0.557422 0.142882 0.009375 0.0506944
0 0.568359 0.664931 0.021875 0.025
1 0.173828 0.761111 0.0582031 0.206944
1 0.989844 0.292014 0.015625 0.0916667
1 0.703125 0.807639 0.0453125 0.193056
0 0.175781 0.857639 0.0507812 0.0597222
1 0.426562 0.611458 0.0289063 0.0284722
1 0.574609 0.562153 0.0570313 0.197917
1 0.909375 0.407292 0.01875 0.0326389
0 0.810938 0.766493 0.065625 0.178125
0 0.822656 0.629861 0.040625 0.0611111
1 0.583594 0.727778 0.0140625 0.025
1 0.882812 0.788889 0.05 0.197222
1 0.990625 0.25625 0.0125 0.0402778
1 0.176953 0.518056 0.01875 0.0326389
1 0.241016 0.733333 0.0375 0.0444444
1 0.682813 0.493403 0.0125 0.0597222
0 0.280078 0.00870226 0.0289063 0.0174045
0 0.81875 0.475 0.03125 0.0416667
1 0.328906 0.457639 0.0257812 0.0347222
0 0.60625 0.957639 0.0265625 0.0833333
1 0.991406 0.301389 0.0109375 0.0916667
0 0.8875 0.802778 0.0359375 0.169444
0 0.811719 0.46875 0.01875 0.0291667
1 0.99375 0.304861 0.009375 0.0916667
0 0.989062 0.269444 0.0125 0.0309028
0 0.832812 0.573264 0.05 0.178472
0 0.642969 0.594792 0.040625 0.0909722
0 0.247656 0.806944 0.0609375 0.188889
1 0.380469 0.0113281 0.00546875 0.0226563
1 0.817187 0.644444 0.03125 0.0319444
0 0.924219 0.0246636 0.0140625 0.0383464
0 0.128418 0.097309 0.123242 0.181424
1 0.945312 0.447222 0.0078125 0.0138889
1 0.706641 0.713889 0.025 0.025
0 0.400781 0.686806 0.0234375 0.0125
1 0.93125 0.191493 0.0109375 0.0538194
1 0.173633 0.0718967 0.0425781 0.0759983
0 0.522656 0.0580078 0.0140625 0.0374566
1 0.293359 0.138628 0.0445312 0.19809
1 0.181641 0.504167 0.00859375 0.0381944
0 0.820312 0.578472 0.040625 0.1625
0 0.940625 0.559722 0.028125 0.136806
1 0.301562 0.492361 0.0210938 0.0222222
0 0.76875 0.602083 0.03125 0.0625
0 0.5375 0.838194 0.034375 0.0888889
1 0.179248 0.562847 0.0805664 0.185417
1 0.910937 0.35842 0.021875 0.0748264
1 0.55625 0.484722 0.0140625 0.0395833
1 0.310742 0.610417 0.015625 0.206944
0 0.407031 0.505556 0.0140625 0.0229167
1 0.283203 0.534722 0.0371094 0.0409722
0 0.614453 0.104514 0.0726563 0.179167
0 0.294141 0.211979 0.0375 0.0548611
1 0.56875 0.683333 0.015625 0.0208333
0 0.308203 0.680382 0.0113281 0.0697917
1 0.330469 0.490972 0.0171875 0.0777778
1 0.172852 0.139062 0.0378906 0.117708
0 0.792969 0.213889 0.0125 0.025
1 0.558594 0.115799 0.0109375 0.101042
1 0.269531 0.547917 0.0140625 0.0486111
0 0.396094 0.854167 0.0382813 0.0722222
0 0.79707 0.552778 0.102734 0.177778
1 0.583594 0.0644097 0.034375 0.0949653
1 0.81875 0.475 0.03125 0.0416667
1 0.408984 0.505556 0.021875 0.0340278
1 0.266406 0.49375 0.0140625 0.0541667
1 0.276172 0.514583 0.0230469 0.0583333
0 0.700391 0.511458 0.046875 0.0986111
0 0.517187 0.974306 0.0296875 0.0486111
1 0.147949 0.663194 0.0123047 0.0333333
0 0.607031 0.881944 0.0578125 0.127778
1 0.567187 0.648611 0.025 0.0291667
0 0.239063 0.747222 0.0382813 0.0694444
1 0.160156 0.657639 0.0265625 0.0375
1 0.946875 0.110937 0.0546875 0.214236
1 0.302734 0.60625 0.03125 0.206944
1 0.476562 0.0123264 0.0390625 0.0222222
1 0.403516 0.506944 0.0234375 0.0270833
1 0.174707 0.0522135 0.0400391 0.0386285
1 0.763281 0.551042 0.0421875 0.16875
0 0.643359 0.607639 0.0390625 0.0638889
1 0.88125 0.634028 0.040625 0.0763889
1 0.8 0.501389 0.01875 0.0902778
0 0.250391 0.730556 0.01875 0.0333333
1 0.982813 0.107552 0.03125 0.212674
1 0.470313 0.73125 0.0109375 0.0180556
1 0.784375 0.757639 0.040625 0.138889
1 0.314648 0.626389 0.0148437 0.151389
1 0.125 0.35625 0.0378906 0.04375
1 0.263281 0.515278 0.01875 0.0902778
1 0.64375 0.0578342 0.040625 0.0610677
0 0.328906 0.4625 0.0226563 0.0291667
1 0.828125 0.0571181 0.0375 0.0472222
