0 0.300391 0.684028 0.189063 0.331944
0 0.69375 0.187674 0.185937 0.130903
0 0.301172 0.734028 0.189063 0.230556
1 0.392969 0.638889 0.021875 0.0486111
0 0.449219 0.229861 0.10625 0.10625
1 0.442187 0.681944 0.0109375 0.0333333
1 0.182227 0.172222 0.00820312 0.0236111
1 0.346875 0.0275174 0.0132813 0.0255208
1 0.0635742 0.686806 0.0147461 0.025
1 0.0220947 0.248958 0.0097168 0.0180556
1 0.352539 0.332552 0.0117188 0.0293403
1 0.828125 0.172569 0.0109375 0.0180556
1 0.503516 0.770833 0.0117188 0.0347222
1 0.383496 0.432639 0.0173828 0.0486111
0 0.755078 0.186849 0.0617188 0.126302
1 0.380859 0.446528 0.0203125 0.0708333
1 0.714844 0.0375 0.009375 0.0263889
1 0.494531 0.202604 0.0171875 0.0201389
0 0.546094 0.443056 0.059375 0.154861
1 0.532031 0.217361 0.0125 0.0347222
1 0.516406 0.0234375 0.0140625 0.0185764
1 0.131836 0.624306 0.0113281 0.0270833
0 0.444531 0.0292535 0.0171875 0.0224826
1 0.60625 0.13941 0.0109375 0.0149306
1 0.4375 0.105903 0.015625 0.0177083
1 0.80625 0.440972 0.009375 0.0222222
1 0.444531 0.0292535 0.0171875 0.0224826
1 0.301562 0.485417 0.0117188 0.0215278
1 0.486719 0.211979 0.0203125 0.0357639
1 0.0432129 0.306944 0.00751953 0.0201389
1 0.280664 0.355208 0.0101562 0.0201389
1 0.351953 0.35 0.0125 0.0444444
1 0.183203 0.170139 0.0113281 0.0208333
1 0.482812 0.227083 0.0140625 0.0465278
1 0.715625 0.0411892 0.009375 0.0272569
1 0.165527 0.463194 0.0101562 0.0222222
0 0.646875 0.142188 0.28125 0.236806
1 0.603125 0.152257 0.0140625 0.0375
1 0.216016 0.125 0.0117188 0.025
1 0.348437 0.372917 0.0179687 0.0291667
1 0.517187 0.772222 0.0125 0.0388889
1 0.485938 0.231771 0.0203125 0.0611111
1 0.632812 0.178125 0.0171875 0.0173611
1 0.7375 0.182986 0.0226563 0.103819
1 0.735547 0.216667 0.0164062 0.0347222
1 0.18125 0.240451 0.0125 0.040625
1 0.630469 0.219792 0.0234375 0.0302083
1 0.518359 0.768056 0.0101562 0.0361111
1 0.218359 0.102951 0.015625 0.0487847
1 0.379297 0.0411024 0.0125 0.0233507
1 0.434375 0.104514 0.021875 0.01875
1 0.182422 0.234028 0.0125 0.0350694
1 0.299219 0.488889 0.0171875 0.0284722
1 0.419531 0.219792 0.0148437 0.0277778
1 0.385938 0.429514 0.0164062 0.0423611
1 0.504297 0.225 0.009375 0.0222222
1 0.748438 0.181076 0.046875 0.113542
1 0.739844 0.179688 0.0304688 0.114583
1 0.873438 0.355556 0.015625 0.0138889
1 0.182617 0.168403 0.00898437 0.0288194
1 0.511328 0.0243924 0.0171875 0.0170139
1 0.635156 0.203819 0.0171875 0.0215278
0 0.553125 0.460417 0.0453125 0.120833
1 0.0336426 0.359028 0.0100586 0.0208333
1 0.0245361 0.248611 0.0157715 0.0190972
0 0.00883789 0.365972 0.0149414 0.0333333
1 0.49375 0.245833 0.01875 0.0326389
0 0.591406 0.144618 0.415625 0.25
1 0.104102 0.873611 0.0117188 0.0222222
0 0.297266 0.617014 0.140625 0.124306
0 0.632812 0.217708 0.028125 0.0458333
0 0.0633301 0.686806 0.0160156 0.0263889
1 0.49375 0.228472 0.0203125 0.0506944
0 0.346875 0.0275174 0.0132813 0.0255208
1 0.876562 0.356944 0.015625 0.0152778
1 0.351367 0.349653 0.0167969 0.0638889
1 0.716016 0.0337674 0.009375 0.0340278
0 0.470313 0.228819 0.146875 0.102778
1 0.751562 0.202431 0.046875 0.0701389
1 0.0581055 0.65 0.0134766 0.0173611
1 0.842188 0.240451 0.0125 0.0232639
1 0.410937 0.226389 0.0234375 0.0322917
0 0.615625 0.122656 0.351562 0.186632
1 0.600781 0.155382 0.01875 0.0378472
1 0.257031 0.511111 0.0109375 0.0201389
1 0.522656 0.220486 0.0109375 0.0333333
1 0.349805 0.365625 0.0171875 0.0423611
1 0.350391 0.357639 0.0179687 0.0583333
0 0.131836 0.624306 0.0113281 0.0270833
1 0.556641 0.505556 0.0351562 0.0277778
1 0.378906 0.0597222 0.015625 0.0194444
0 0.633594 0.0651042 0.0484375 0.0444444
0 0.477734 0.430556 0.197656 0.184028
1 0.735937 0.171354 0.0203125 0.0954861
1 0.626562 0.223611 0.03125 0.0309028
1 0.401953 0.389583 0.0132813 0.0375
0 0.392188 0.6375 0.01875 0.0527778
1 0.376465 0.107639 0.0126953 0.0243056
1 0.426562 0.397222 0.0375 0.0513889
1 0.384375 0.408333 0.0140625 0.025
1 0.160156 0.472917 0.0226563 0.0347222
1 0.7125 0.0407986 0.015625 0.0274306
1 0.63125 0.279167 0.01875 0.0423611
1 0.420312 0.208854 0.0132813 0.021875
0 0.268945 0.605556 0.0710938 0.0930556
1 0.629687 0.286458 0.0210938 0.0541667
0 0.503516 0.770833 0.0117188 0.0347222
1 0.0383301 0.346528 0.00771484 0.0208333
1 0.442187 0.685938 0.0132813 0.0364583
0 0.677344 0.139062 0.232812 0.178125
1 0.720703 0.251042 0.0148437 0.0222222
1 0.553906 0.461111 0.0445312 0.118056
1 0.444141 0.0317274 0.0195312 0.0286458
0 0.442187 0.681944 0.0109375 0.0333333
1 0.517969 0.410417 0.0125 0.0493056
1 0.637109 0.202431 0.015625 0.0208333
1 0.216602 0.107378 0.0148437 0.0545139
1 0.329102 0.684028 0.0125 0.0236111
0 0.789844 0.724306 0.0875 0.125
1 0.0392578 0.300694 0.00898437 0.0131944
0 0.360352 0.792361 0.0660156 0.106944
1 0.430469 0.395139 0.0226563 0.0541667
1 0.344531 0.0270399 0.0171875 0.0233507
1 0.148633 0.477431 0.015625 0.0284722
1 0.108789 0.00820312 0.0115234 0.0164062
1 0.353125 0.320486 0.0121094 0.0229167
1 0.820312 0.109896 0.009375 0.0125
1 0.91875 0.475 0.015625 0.0208333
1 0.500781 0.769444 0.015625 0.0333333
1 0.407031 0.244444 0.0171875 0.0395833
1 0.294727 0.502083 0.0167969 0.0333333
0 0.291797 0.746528 0.227344 0.455556
1 0.344336 0.694444 0.0125 0.0277778
0 0.0220947 0.248958 0.0097168 0.0180556
1 0.382812 0.035026 0.0171875 0.0190104
1 0.212305 0.24809 0.0101562 0.0274306
1 0.625 0.175347 0.0234375 0.015625
0 0.456641 0.355208 0.233594 0.333333
1 0.380371 0.031684 0.0111328 0.0215278
1 0.197656 0.938889 0.0164062 0.0208333
1 0.559766 0.353472 0.0179687 0.0201389
0 0.726562 0.170833 0.115625 0.109375
1 0.500781 0.207639 0.0148437 0.0263889
0 0.521875 0.220486 0.0398437 0.0527778
1 0.598047 0.167708 0.0210938 0.0333333
0 0.380859 0.446528 0.0203125 0.0708333
0 0.292188 0.709549 0.167969 0.175347
0 0.748438 0.181076 0.046875 0.113542
1 0.398047 0.383333 0.01875 0.0298611
0 0.478906 0.365625 0.210938 0.25
1 0.374609 0.941667 0.0171875 0.0333333
1 0.509375 0.289236 0.0203125 0.0381944
0 0.291846 0.657292 0.23584 0.409028
1 0.565625 0.107986 0.0101562 0.0197917
1 0.310156 0.6625 0.0265625 0.0597222
1 0.917188 0.477778 0.01875 0.0222222
0 0.714844 0.0375 0.009375 0.0263889
1 0.0615234 0.664931 0.0126953 0.0326389
0 0.475879 0.409375 0.220117 0.263889
1 0.519531 0.062066 0.0078125 0.0175347
1 0.728906 0.250174 0.0234375 0.0267361
1 0.710547 0.0262587 0.0125 0.021441
1 0.625 0.298264 0.0265625 0.0513889
1 0.445312 0.386806 0.0109375 0.0430556
1 0.499219 0.239236 0.01875 0.0423611
0 0.521094 0.318056 0.28125 0.318056
1 0.757031 0.189583 0.0546875 0.120486
1 0.555469 0.475694 0.0351562 0.0861111
1 0.392188 0.654167 0.0234375 0.0819444
1 0.203516 0.626389 0.0101562 0.0277778
1 0.829687 0.169097 0.021875 0.0177083
1 0.145605 0.9625 0.0136719 0.0305556
1 0.390625 0.405556 0.0210938 0.0388889
1 0.373633 0.107465 0.0152344 0.0267361
1 0.842188 0.1125 0.009375 0.015625
1 0.430469 0.359375 0.0140625 0.0229167
0 0.511328 0.0243924 0.0171875 0.0170139
0 0.382812 0.035026 0.0171875 0.0190104
1 0.521875 0.220486 0.0398437 0.0527778
1 0.807813 0.436806 0.0125 0.0194444
0 0.715625 0.0411892 0.009375 0.0272569
1 0.434375 0.197917 0.0328125 0.0361111
1 0.416016 0.241319 0.0203125 0.0527778
1 0.345703 0.709722 0.0132813 0.025
1 0.4375 0.236806 0.0796875 0.0909722
1 0.826563 0.172049 0.015625 0.0215278
1 0.805469 0.556944 0.0125 0.0152778
1 0.197656 0.625 0.015625 0.0305556
1 0.5125 0.297569 0.0203125 0.0451389
2 0.283594 0.690278 0.223438 0.284722
1 0.76875 0.180729 0.0296875 0.102778
1 0.621094 0.235764 0.040625 0.0361111
1 0.183203 0.242014 0.0125 0.0361111
1 0.716016 0.356597 0.03125 0.0229167
1 0.625391 0.285417 0.0304688 0.0590278
0 0.344531 0.0270399 0.0171875 0.0233507
0 0.828125 0.172569 0.0109375 0.0180556
0 0.183203 0.170139 0.0113281 0.0208333
1 0.3625 0.743056 0.046875 0.0583333
1 0.349219 0.285069 0.0140625 0.0256944
1 0.542188 0.20816 0.009375 0.0315972
0 0.516406 0.0234375 0.0140625 0.0185764
1 0.352734 0.286458 0.0117188 0.0298611
1 0.71875 0.255382 0.015625 0.028125
1 0.646094 0.35625 0.00859375 0.0152778
1 0.442187 0.663889 0.0109375 0.0527778
1 0.557813 0.460069 0.025 0.104861
1 0.88125 0.49375 0.0125 0.0166667
1 0.50625 0.0592231 0.0171875 0.0207899
1 0.382812 0.338889 0.00703125 0.0222222
0 0.0191406 0.365972 0.0364258 0.0333333
1 0.0191406 0.365972 0.0364258 0.0333333
0 0.639844 0.3875 0.3625 0.35
1 0.132227 0.619444 0.015625 0.0298611
1 0.116895 0.00813802 0.00839844 0.016276
0 0.182227 0.172222 0.00820312 0.0236111
0 0.384375 0.433681 0.0140625 0.0493056
1 0.317969 0.670833 0.0304688 0.0444444
0 0.735937 0.178819 0.021875 0.109028
1 0.586719 0.181771 0.0296875 0.0211806
1 0.546094 0.443056 0.059375 0.154861
1 0.621094 0.156554 0.0265625 0.0389757
1 0.282227 0.342361 0.0125 0.0263889
1 0.347852 0.0291667 0.0164062 0.0321181
0 0.585547 0.374306 0.416406 0.401389
1 0.306055 0.698611 0.180859 0.294444
1 0.494141 0.252778 0.0210938 0.0319444
1 0.205859 0.636458 0.0101562 0.0243056
1 0.35293 0.0329861 0.0121094 0.025
1 0.610156 0.159375 0.028125 0.0513889
1 0.439844 0.68125 0.01875 0.0375
1 0.528906 0.0459201 0.0109375 0.0151042
1 0.582031 0.0838542 0.0109375 0.0166667
1 0.0274902 0.365625 0.018457 0.03125
0 0.483594 0.210807 0.176563 0.142969
1 0.6125 0.968056 0.0117188 0.0416667
0 0.739844 0.179688 0.0304688 0.114583
1 0.634766 0.186111 0.0210938 0.0309028
0 0.630469 0.219792 0.0234375 0.0302083
0 0.0635742 0.688194 0.0119141 0.0291667
1 0.8125 0.681771 0.021875 0.0309028
1 0.778125 0.138194 0.009375 0.0197917
0 0.434375 0.104514 0.021875 0.01875
1 0.149023 0.470486 0.0441406 0.0354167
1 0.270312 0.376389 0.00820312 0.0152778
1 0.314648 0.664583 0.0316406 0.0583333
0 0.517187 0.772222 0.0125 0.0388889
0 0.701172 0.177778 0.308594 0.247917
0 0.240234 0.569792 0.0125 0.0222222
1 0.632812 0.217708 0.028125 0.0458333
1 0.524219 0.212847 0.0140625 0.0354167
1 0.684375 0.267188 0.0117188 0.0208333
1 0.834375 0.121528 0.0125 0.0284722
1 0.270312 0.6125 0.0648438 0.075
1 0.375781 0.0642361 0.0164062 0.0123264
1 0.105859 0.875 0.0240234 0.0305556
1 0.383594 0.352431 0.0078125 0.0222222
1 0.65625 0.0449653 0.0140625 0.0125
1 0.410156 0.248264 0.025 0.0583333
1 0.491797 0.336806 0.0148437 0.0208333
1 0.819531 0.674306 0.0140625 0.025
1 0.183398 0.221701 0.0136719 0.0399306
1 0.389453 0.0421875 0.0140625 0.0293403
1 0.439063 0.254167 0.084375 0.0559028
0 0.608984 0.208681 0.0671875 0.0746528
1 0.391406 0.062066 0.0109375 0.0151042
1 0.451562 0.224306 0.090625 0.0944444
1 0.56875 0.137153 0.0078125 0.0333333
1 0.842969 0.233681 0.0140625 0.0305556
1 0.324219 0.679167 0.021875 0.0333333
1 0.176123 0.240625 0.0211914 0.0368056
1 0.00791016 0.366667 0.0125977 0.0347222
1 0.0352051 0.981944 0.0191406 0.0263889
1 0.667969 0.0213542 0.0078125 0.0171875
0 0.485938 0.231771 0.0203125 0.0611111
1 0.917188 0.6 0.0125 0.0263889
1 0.529297 0.0697917 0.0132813 0.0180556
0 0.4375 0.105903 0.015625 0.0177083
0 0.348437 0.372917 0.0179687 0.0291667
0 0.0615234 0.664931 0.0126953 0.0326389
1 0.232812 0.981944 0.0171875 0.025
1 0.101172 0.875 0.0171875 0.0222222
0 0.532031 0.217361 0.0125 0.0347222
0 0.56875 0.0474392 0.217187 0.0948785
1 0.370117 0.337587 0.0160156 0.0414931
1 0.219727 0.0704861 0.0136719 0.0204861
0 0.530469 0.0460938 0.147656 0.0921875
0 0.685156 0.13533 0.210938 0.27066
0 0.442969 0.0306424 0.025 0.0246528
1 0.917188 0.610417 0.10625 0.0305556
2 0.615625 0.122656 0.351562 0.186632
1 0.446094 0.0288194 0.0242187 0.0289931
0 0.751562 0.202431 0.046875 0.0701389
1 0.210156 0.259375 0.0109375 0.025
1 0.371094 0.350694 0.0171875 0.0368056
1 0.213867 0.243924 0.0136719 0.0305556
1 0.926562 0.481944 0.034375 0.0263889
1 0.800781 0.442361 0.0171875 0.025
0 0.216016 0.125 0.0117188 0.025
1 0.108984 0.0128581 0.0119141 0.0251519
0 0.300195 0.684028 0.189453 0.331944
0 0.69375 0.187674 0.185937 0.130903
0 0.301172 0.734028 0.189063 0.230556
1 0.392969 0.6375 0.021875 0.0458333
0 0.449219 0.229861 0.10625 0.10625
1 0.442187 0.681944 0.0109375 0.0333333
1 0.182227 0.172049 0.00820312 0.0239583
1 0.34707 0.0274306 0.0132813 0.0256076
1 0.0635742 0.686806 0.0148437 0.025
1 0.0220703 0.248958 0.00976562 0.0180556
1 0.352539 0.332552 0.0117188 0.0293403
1 0.828125 0.172569 0.0109375 0.0180556
1 0.503516 0.770833 0.0117188 0.0347222
1 0.383496 0.433333 0.0173828 0.0486111
0 0.755078 0.186849 0.0617188 0.126302
1 0.380859 0.446875 0.0203125 0.0708333
1 0.714844 0.0375434 0.009375 0.0264757
1 0.494531 0.202778 0.0171875 0.0201389
0 0.546094 0.443056 0.059375 0.154861
1 0.532031 0.217361 0.0125 0.0347222
1 0.516406 0.0233941 0.0140625 0.0186632
1 0.132031 0.624306 0.0113281 0.0270833
1 0.60625 0.13941 0.0109375 0.0149306
0 0.444531 0.0292535 0.0171875 0.0223958
1 0.4375 0.105903 0.015625 0.0177083
1 0.80625 0.440972 0.009375 0.0222222
1 0.444531 0.0292535 0.0171875 0.0223958
1 0.301562 0.485417 0.0117188 0.0215278
1 0.486719 0.211979 0.0203125 0.0357639
1 0.280859 0.355556 0.0101562 0.0208333
1 0.0432129 0.306944 0.00751953 0.0201389
1 0.183203 0.170139 0.0113281 0.0208333
1 0.351953 0.35 0.0125 0.0444444
1 0.482812 0.227083 0.0140625 0.0465278
1 0.715625 0.0412326 0.009375 0.0271701
1 0.165527 0.463194 0.0101562 0.0222222
0 0.646875 0.142101 0.28125 0.236632
1 0.603125 0.152257 0.0140625 0.0375
1 0.517187 0.772222 0.0125 0.0388889
1 0.348437 0.372569 0.0179687 0.0298611
1 0.21582 0.124913 0.0113281 0.025
1 0.485938 0.231944 0.0203125 0.0611111
1 0.632812 0.178125 0.0171875 0.0173611
1 0.7375 0.182986 0.0226563 0.103819
1 0.735547 0.216667 0.0164062 0.0347222
1 0.630469 0.219792 0.0234375 0.0298611
1 0.18125 0.240625 0.0125 0.0409722
1 0.518359 0.768056 0.0101562 0.0361111
1 0.218359 0.102951 0.015625 0.0489583
1 0.379297 0.041059 0.0125 0.0234375
1 0.434375 0.104514 0.021875 0.01875
1 0.419531 0.219792 0.0148437 0.0277778
1 0.182422 0.234028 0.0125 0.0354167
1 0.299219 0.488889 0.0171875 0.0284722
1 0.348828 0.0286024 0.0175781 0.0251736
1 0.385938 0.429861 0.0164062 0.0430556
1 0.504297 0.225 0.009375 0.0222222
1 0.748438 0.181076 0.046875 0.113542
1 0.739844 0.179688 0.0304688 0.114583
1 0.873438 0.355556 0.015625 0.0138889
1 0.511328 0.0243924 0.0171875 0.0170139
1 0.182617 0.168403 0.00898437 0.0288194
1 0.635156 0.203819 0.0171875 0.0215278
0 0.553125 0.460417 0.0453125 0.120833
1 0.0336426 0.359028 0.0100586 0.0208333
1 0.0245361 0.248611 0.0157715 0.0194444
1 0.49375 0.245833 0.01875 0.0326389
0 0.00893555 0.365972 0.0152344 0.0333333
0 0.591406 0.144618 0.415625 0.249653
1 0.104102 0.873611 0.0117188 0.0222222
0 0.632812 0.217535 0.028125 0.0461806
0 0.297656 0.617361 0.141406 0.125
0 0.0633789 0.686806 0.0160156 0.0263889
1 0.49375 0.228472 0.0203125 0.0506944
1 0.876562 0.356944 0.015625 0.0152778
0 0.34707 0.0274306 0.0132813 0.0256076
1 0.351367 0.349653 0.0167969 0.0645833
1 0.410937 0.226389 0.0234375 0.0319444
1 0.842188 0.240451 0.0125 0.0232639
1 0.751172 0.202778 0.046875 0.0694444
1 0.715625 0.0338542 0.009375 0.0342014
0 0.470313 0.228819 0.146875 0.102778
0 0.615625 0.122656 0.351562 0.186632
1 0.600781 0.155382 0.01875 0.0378472
1 0.0581055 0.65 0.0136719 0.0173611
1 0.257031 0.511111 0.0109375 0.0201389
1 0.522656 0.22066 0.0109375 0.0336806
1 0.349805 0.365625 0.0171875 0.0423611
1 0.350391 0.357639 0.0179687 0.0583333
1 0.556641 0.505556 0.0351562 0.0277778
0 0.132031 0.624306 0.0113281 0.0270833
1 0.0635742 0.687674 0.0118164 0.0302083
1 0.378906 0.0597222 0.015625 0.0194444
0 0.477344 0.430903 0.198437 0.183333
0 0.633594 0.0651042 0.0484375 0.0444444
1 0.392188 0.643056 0.0242187 0.0611111
1 0.626562 0.223611 0.03125 0.0309028
1 0.735937 0.171354 0.0203125 0.0954861
1 0.401953 0.389583 0.0132813 0.0375
0 0.392188 0.6375 0.01875 0.0527778
1 0.426562 0.397222 0.0375 0.0513889
1 0.376172 0.107813 0.0132813 0.0243056
1 0.384375 0.408333 0.0140625 0.025
1 0.160156 0.472917 0.0226563 0.0347222
1 0.63125 0.279167 0.01875 0.0423611
1 0.7125 0.0407986 0.015625 0.0274306
1 0.420312 0.208854 0.0132813 0.021875
0 0.268945 0.605556 0.0710938 0.0930556
1 0.629687 0.286458 0.0210938 0.0541667
0 0.503516 0.770833 0.0117188 0.0347222
1 0.0383789 0.346528 0.0078125 0.0208333
1 0.442187 0.685938 0.0132813 0.0364583
0 0.677344 0.139062 0.232812 0.178125
1 0.720703 0.251042 0.0148437 0.0225694
1 0.553906 0.461111 0.04375 0.118056
1 0.444141 0.0317274 0.0195312 0.0286458
1 0.637109 0.202431 0.015625 0.0208333
1 0.517969 0.410417 0.0125 0.0493056
1 0.216602 0.107465 0.0148437 0.0545139
0 0.442187 0.681944 0.0109375 0.0333333
1 0.329102 0.684028 0.0125 0.0236111
1 0.0392578 0.300694 0.00908203 0.0128472
1 0.430469 0.395139 0.0226563 0.0541667
0 0.789844 0.724306 0.0875 0.125
1 0.344531 0.0269965 0.0171875 0.0234375
0 0.360352 0.792361 0.0660156 0.106944
1 0.407031 0.244444 0.0171875 0.0395833
1 0.14873 0.477431 0.015625 0.0284722
1 0.500781 0.769444 0.015625 0.0333333
1 0.108887 0.00822483 0.0115234 0.0164497
1 0.353125 0.320486 0.0125 0.0229167
1 0.820312 0.109896 0.009375 0.0125
1 0.91875 0.475 0.015625 0.0208333
1 0.294727 0.502083 0.0167969 0.0333333
0 0.291797 0.746528 0.228125 0.455556
1 0.382812 0.0349826 0.0171875 0.0190972
1 0.344336 0.694444 0.0125 0.0291667
1 0.212305 0.24809 0.0101562 0.0274306
0 0.0220703 0.248958 0.00976562 0.0180556
1 0.380371 0.031684 0.0111328 0.0215278
1 0.625391 0.175347 0.0242187 0.015625
0 0.456152 0.355208 0.233008 0.333333
1 0.197656 0.938889 0.0164062 0.0208333
1 0.559766 0.353472 0.0179687 0.0201389
0 0.726562 0.170833 0.115625 0.109375
1 0.500781 0.207813 0.015625 0.0267361
0 0.522656 0.220486 0.0390625 0.0520833
1 0.598047 0.167708 0.0210938 0.0336806
0 0.380859 0.446875 0.0203125 0.0708333
1 0.398047 0.383333 0.01875 0.0298611
0 0.292188 0.709549 0.16875 0.175347
0 0.748438 0.181076 0.046875 0.113542
1 0.374609 0.941667 0.0179687 0.0333333
0 0.478809 0.366059 0.211133 0.249826
1 0.509375 0.289236 0.0203125 0.0381944
1 0.565625 0.107986 0.0101562 0.0199653
0 0.291748 0.65625 0.235254 0.411111
1 0.309961 0.6625 0.0265625 0.0597222
1 0.917188 0.477778 0.01875 0.0222222
1 0.0615234 0.665278 0.012793 0.0333333
0 0.714844 0.0375434 0.009375 0.0264757
1 0.519531 0.062066 0.0078125 0.0175347
0 0.475391 0.410069 0.220313 0.2625
1 0.728906 0.250174 0.0234375 0.0267361
1 0.710547 0.0263021 0.0125 0.0215278
1 0.445312 0.386806 0.0109375 0.0430556
1 0.625 0.298264 0.0265625 0.0513889
1 0.499219 0.239236 0.01875 0.0423611
1 0.555469 0.475694 0.0351562 0.0868056
1 0.757031 0.189627 0.0546875 0.120747
0 0.519531 0.319444 0.279687 0.319444
1 0.203516 0.626389 0.0101562 0.0277778
1 0.829687 0.169097 0.021875 0.0177083
1 0.145605 0.9625 0.0136719 0.0305556
1 0.390625 0.405556 0.0210938 0.0388889
1 0.373633 0.107378 0.0152344 0.0265625
1 0.430469 0.359375 0.0140625 0.0229167
1 0.842188 0.1125 0.009375 0.015625
0 0.348828 0.0286024 0.0175781 0.0251736
1 0.416406 0.241319 0.0203125 0.0527778
1 0.522656 0.220486 0.0390625 0.0520833
0 0.511328 0.0243924 0.0171875 0.0170139
0 0.382812 0.0349826 0.0171875 0.0190972
1 0.434375 0.197917 0.0328125 0.0361111
1 0.4375 0.236806 0.0796875 0.0909722
1 0.807813 0.436806 0.0125 0.0194444
0 0.715625 0.0412326 0.009375 0.0271701
1 0.345703 0.709722 0.0132813 0.025
1 0.633203 0.217014 0.0226563 0.0361111
1 0.197656 0.625 0.015625 0.0305556
1 0.826563 0.172049 0.015625 0.0215278
1 0.5125 0.297569 0.0203125 0.0458333
1 0.805469 0.556944 0.0125 0.0152778
1 0.621094 0.235764 0.040625 0.0361111
2 0.283594 0.690278 0.223438 0.284722
1 0.76875 0.180729 0.0296875 0.102778
1 0.625391 0.285764 0.0304688 0.0590278
1 0.183203 0.242014 0.0125 0.0361111
1 0.716016 0.356597 0.03125 0.0229167
0 0.344531 0.0269965 0.0171875 0.0234375
0 0.828125 0.172569 0.0109375 0.0180556
0 0.183203 0.170139 0.0113281 0.0208333
1 0.349414 0.285069 0.0144531 0.0256944
1 0.3625 0.743056 0.0476562 0.0583333
1 0.542188 0.208333 0.009375 0.0319444
1 0.352734 0.286458 0.0117188 0.0298611
0 0.516406 0.0233941 0.0140625 0.0186632
1 0.646094 0.35625 0.00859375 0.0152778
1 0.71875 0.255382 0.015625 0.028125
1 0.557813 0.460069 0.025 0.104861
1 0.50625 0.0592014 0.0171875 0.0208333
1 0.382812 0.338889 0.00703125 0.0222222
1 0.442187 0.663889 0.0109375 0.0527778
0 0.019165 0.365972 0.0364746 0.0333333
1 0.019165 0.365972 0.0364746 0.0333333
1 0.88125 0.49375 0.0125 0.0166667
1 0.132227 0.619444 0.015625 0.0298611
0 0.640625 0.387153 0.360938 0.350694
1 0.116895 0.00813802 0.00839844 0.016276
1 0.586719 0.181771 0.0296875 0.0211806
0 0.182227 0.172049 0.00820312 0.0239583
1 0.317969 0.670833 0.0304688 0.0444444
0 0.384375 0.434028 0.0140625 0.05
1 0.546094 0.443056 0.059375 0.154861
0 0.735937 0.178776 0.021875 0.109115
1 0.621094 0.156424 0.0265625 0.0392361
1 0.494141 0.252778 0.0210938 0.0319444
1 0.282227 0.342708 0.0125 0.0263889
1 0.205859 0.636111 0.0101562 0.025
0 0.585156 0.375781 0.415625 0.399826
1 0.528906 0.0459201 0.0109375 0.0151042
1 0.306055 0.698611 0.180859 0.294444
1 0.353125 0.0329861 0.0125 0.025
1 0.610156 0.159375 0.028125 0.0513889
1 0.439844 0.68125 0.01875 0.0375
1 0.582031 0.0838542 0.0109375 0.0166667
1 0.6125 0.968056 0.0117188 0.0416667
1 0.0271362 0.365972 0.019165 0.0319444
0 0.483594 0.210807 0.176563 0.142969
1 0.634766 0.186111 0.0210938 0.0309028
0 0.739844 0.179688 0.0304688 0.114583
1 0.270312 0.376389 0.00820312 0.0152778
1 0.778125 0.138194 0.009375 0.0197917
0 0.630469 0.219792 0.0234375 0.0298611
1 0.149121 0.470486 0.0441406 0.0354167
1 0.314648 0.664583 0.0316406 0.0583333
1 0.8125 0.681771 0.021875 0.0309028
0 0.517187 0.772222 0.0125 0.0388889
0 0.434375 0.104514 0.021875 0.01875
0 0.0635742 0.687674 0.0118164 0.0302083
0 0.700781 0.177734 0.309375 0.248003
0 0.240039 0.569792 0.0121094 0.0222222
1 0.632812 0.217535 0.028125 0.0461806
1 0.524609 0.212847 0.0148437 0.0354167
1 0.684766 0.267188 0.0117188 0.0208333
1 0.834375 0.121528 0.0125 0.0284722
1 0.270312 0.6125 0.0648438 0.075
1 0.410156 0.248264 0.025 0.0583333
1 0.375781 0.0642361 0.0164062 0.0125
1 0.383594 0.352431 0.0078125 0.0222222
1 0.105957 0.875694 0.0244141 0.0305556
1 0.491797 0.336806 0.0148437 0.0208333
1 0.65625 0.0449653 0.0140625 0.0125
1 0.389062 0.0422309 0.0140625 0.0294271
1 0.439063 0.254861 0.084375 0.0545139
1 0.183594 0.221875 0.0140625 0.0402778
1 0.819531 0.674306 0.0140625 0.025
0 0.608594 0.208333 0.0679687 0.075
1 0.842969 0.233681 0.0140625 0.0305556
1 0.391406 0.062066 0.0109375 0.0151042
1 0.56875 0.137153 0.0078125 0.0333333
1 0.451562 0.224306 0.090625 0.0944444
1 0.324219 0.679167 0.021875 0.0333333
1 0.175977 0.240451 0.0214844 0.0371528
1 0.00795898 0.366667 0.0126953 0.0347222
1 0.667969 0.0213542 0.0078125 0.0171875
1 0.529297 0.0697049 0.0132813 0.0182292
1 0.0351562 0.981944 0.0193359 0.0263889
0 0.485938 0.231944 0.0203125 0.0611111
1 0.917188 0.600347 0.0125 0.0263889
1 0.101172 0.875 0.0171875 0.0222222
0 0.4375 0.105903 0.015625 0.0177083
1 0.370117 0.337587 0.0160156 0.0414931
0 0.348437 0.372569 0.0179687 0.0298611
0 0.56875 0.0474826 0.217187 0.0949653
0 0.532031 0.217361 0.0125 0.0347222
0 0.685156 0.13533 0.210938 0.27066
1 0.219727 0.0704861 0.0136719 0.0206597
0 0.530469 0.0460503 0.147656 0.0921007
0 0.442969 0.0306424 0.025 0.0246528
1 0.446094 0.0288194 0.0242187 0.0289931
1 0.232812 0.981944 0.0171875 0.025
1 0.916406 0.610417 0.10625 0.0305556
0 0.0615234 0.665278 0.012793 0.0333333
1 0.926562 0.481944 0.034375 0.0263889
2 0.615625 0.122656 0.351562 0.186632
1 0.213867 0.24375 0.0136719 0.0305556
1 0.371094 0.350694 0.0171875 0.0375
1 0.800781 0.442361 0.0171875 0.025
0 0.751172 0.202778 0.046875 0.0694444
