1 0.0875 0.0682617 0.0225694 0.0136719
0 0.73125 0.772656 0.143056 0.071875
0 0.394792 0.889844 0.0868056 0.0265625
1 0.0885417 0.0652832 0.0279514 0.0209961
0 0.165799 0.741406 0.136806 0.0375
0 0.149913 0.0379883 0.299826 0.0733398
0 1 0.6 0 0.239063
0 0.499306 0.953125 0.126389 0.0453125
1 0.073112 0.0701172 0.0617622 0.0255859
0 0.761806 0.723437 0.151389 0.0585938
0 0.733333 0.764063 0.134722 0.05
0 0.784028 0.0325684 0.383333 0.0649414
2 0.607986 0.246484 0.774306 0.492969
0 0.445139 0.410937 0.113889 0.0515625
1 0.178993 0.929688 0.0305556 0.009375
2 0.488889 0.272266 0.975 0.544531
1 0.0793403 0.0690918 0.0416667 0.0172852
0 0.738889 0.65 0.177778 0.0625
2 0.648958 0.0359863 0.696528 0.0719727
1 0.157292 0.88125 0.025 0.0125
0 0.479861 0.898438 0.2625 0.059375
0 0.607639 1 0.325 0
0 0.685417 0.0371338 0.598611 0.0742676
1 0.479861 0.898438 0.2625 0.059375
0 0.478125 0.298828 0.95625 0.597656
0 1 0.6625 0 0.198437
2 0.623264 0.123438 0.74375 0.246875
0 0.729167 0.473828 0.156944 0.0710938
0 0.304167 0.0432617 0.608333 0.0851562
0 0.597569 0.794727 0.804861 0.410547
1 0.102604 0.0687012 0.0447917 0.0168945
2 0.756771 0.0509766 0.436458 0.101953
0 0.697917 0.82793 0.593056 0.344141
0 1 0.111694 0 0.155518
0 1 0.316992 0 0.187891
1 0.419444 0.926562 0.0319444 0.0171875
0 0.688889 0.903125 0.622222 0.190625
2 0.442014 0.785937 0.838194 0.428125
1 0.181597 0.920313 0.0395833 0.015625
0 0.199653 0.0400391 0.399306 0.0800781
0 0.41875 0.210156 0.8375 0.420312
2 0.386111 0.1875 0.772222 0.375
0 1 0.20293 0 0.166797
0 1 0.0794434 0 0.158887
0 0.693056 0.0805664 0.613889 0.161133
0 0.379167 0.341797 0.758333 0.68125
0 0.755382 0.732422 0.155903 0.0476562
2 0.65625 0.0556152 0.6875 0.11123
0 1 0.735547 0 0.207031
1 0.482639 0.901563 0.2625 0.0859375
2 0.440972 0.898438 0.843056 0.196875
2 0.415972 0.198242 0.831944 0.396484
0 0.482639 0.901563 0.2625 0.0859375
1 0.0874132 0.0683105 0.0227431 0.0137695
0 0.73125 0.772656 0.143056 0.071875
0 0.394792 0.889844 0.0868056 0.0265625
1 0.0885417 0.0652832 0.0279514 0.0209961
0 0.165799 0.741406 0.136806 0.0375
0 0.150608 0.0378906 0.301215 0.0733398
0 1 0.6 0 0.239063
0 0.499306 0.953125 0.126389 0.0453125
1 0.0724826 0.0702148 0.0637153 0.0255859
0 0.761806 0.723437 0.151389 0.0585938
0 0.733333 0.764063 0.134722 0.05
0 0.784549 0.0326172 0.380903 0.0649414
2 0.607639 0.24668 0.775 0.493359
0 0.445139 0.410937 0.113889 0.0515625
1 0.178993 0.929688 0.0305556 0.009375
2 0.488889 0.272266 0.975 0.544531
1 0.0792535 0.0690918 0.0418403 0.0172852
0 0.738889 0.65 0.177778 0.0625
2 0.648958 0.0363281 0.696528 0.0726563
1 0.157292 0.88125 0.025 0.0125
0 0.479861 0.898438 0.2625 0.0609375
0 0.607292 1 0.325694 0
0 0.686111 0.037207 0.597222 0.0744141
1 0.479861 0.898438 0.2625 0.0609375
0 0.478472 0.298828 0.956944 0.597656
0 1 0.6625 0 0.198437
0 0.729167 0.473828 0.156944 0.0710938
2 0.622917 0.130078 0.744444 0.260156
0 0.304861 0.0432617 0.609722 0.0851562
0 0.597569 0.794727 0.804861 0.410547
1 0.102604 0.0687012 0.0447917 0.0168945
2 0.756771 0.0509766 0.436458 0.101953
0 0.697396 0.829102 0.594097 0.341797
0 1 0.111523 0 0.155078
0 1 0.316992 0 0.187891
0 0.688889 0.903906 0.622222 0.189063
2 0.442014 0.785742 0.838194 0.428516
1 0.419444 0.926562 0.0319444 0.0171875
1 0.181597 0.920313 0.0399306 0.015625
0 0.41875 0.209766 0.8375 0.419531
0 0.199653 0.0400391 0.399306 0.0800781
2 0.386111 0.187305 0.772222 0.374609
0 1 0.203174 0 0.166309
0 1 0.0793945 0 0.158789
0 0.693056 0.0819336 0.613889 0.163867
0 0.378819 0.341797 0.757639 0.68125
0 1 0.735156 0 0.207813
2 0.656597 0.0570313 0.686806 0.114063
1 0.482639 0.901563 0.263194 0.0875
2 0.440972 0.898438 0.843056 0.196875
0 0.755382 0.732422 0.155903 0.0476562
2 0.415972 0.198047 0.831944 0.396094
0 0.539236 1 0.311806 0
