0 0.455469 0.528472 0.101562 0.0694444
0 0.0510742 0.364931 0.0542969 0.0451389
0 0.146484 0.378125 0.0574219 0.0402778
0 0.6 0.535417 0.0765625 0.05
0 0.691406 0.235069 0.117188 0.159722
1 0.305664 0.983333 0.0117188 0.0333333
1 0.364844 0.7625 0.0265625 0.0361111
1 0.632031 0.275347 0.0109375 0.0326389
1 0.566406 0.204688 0.009375 0.0232639
0 0.710156 0.713889 0.034375 0.0319444
1 0.658594 0.649306 0.00859375 0.0180556
0 0.982813 0.352083 0.0125 0.0152778
1 0.364258 0.752778 0.0238281 0.05
1 0.258984 0.938889 0.015625 0.0361111
0 0.804688 0.137674 0.009375 0.0170139
0 0.690625 0.237847 0.0953125 0.13125
1 0.569922 0.5125 0.0117188 0.0291667
1 0.258008 0.944444 0.015625 0.0416667
1 0.167383 0.877778 0.0210938 0.0305556
1 0.817187 0.730556 0.0125 0.025
1 0.680469 0.470139 0.0101562 0.0277778
1 0.395312 0.847222 0.0132813 0.0277778
1 0.857813 0.738889 0.009375 0.0194444
1 0.279297 0.819444 0.0117188 0.0305556
1 0.246484 0.831944 0.0320312 0.116667
0 0.90625 0.329514 0.0125 0.0166667
1 0.261523 0.935417 0.0179687 0.0347222
1 0.680078 0.439931 0.0109375 0.0194444
0 0.626562 0.359722 0.0265625 0.0638889
1 0.804688 0.758333 0.015625 0.0416667
0 0.84375 0.219792 0.009375 0.0159722
1 0.804688 0.137674 0.009375 0.0170139
0 0.892187 0.425694 0.009375 0.0152778
1 0.681641 0.427778 0.0125 0.0270833
1 0.83125 0.754167 0.015625 0.0277778
1 0.255078 0.748611 0.0117188 0.05
1 0.0293457 0.155946 0.0117188 0.0283854
1 0.220703 0.784722 0.0125 0.0361111
0 0.780469 0.0894097 0.0078125 0.01875
0 0.850781 0.436111 0.021875 0.0222222
1 0.13418 0.871528 0.0128906 0.025
0 0.882812 0.715278 0.0125 0.0208333
0 0.467187 0.525 0.0734375 0.0541667
1 0.882812 0.715278 0.0125 0.0208333
1 0.995313 0.824306 0.00625 0.0180556
0 0.851562 0.0394531 0.01875 0.0274306
1 0.25293 0.754167 0.0140625 0.0388889
0 0.882812 0.645139 0.01875 0.0125
1 0.247656 0.840278 0.0398437 0.134722
1 0.143359 0.873611 0.0148437 0.025
1 0.809375 0.736111 0.021875 0.0236111
1 0.302734 0.980556 0.0226563 0.0388889
0 0.0405273 0.363194 0.0779297 0.0625
0 0.826563 0.257639 0.0125 0.0277778
1 0.241406 0.797222 0.0164062 0.0333333
1 0.281641 0.833333 0.0140625 0.0555556
1 0.84375 0.219792 0.009375 0.0159722
1 0.660156 0.651736 0.0109375 0.01875
1 0.782812 0.153125 0.0078125 0.0166667
1 0.173633 0.888889 0.0269531 0.0472222
1 0.267578 0.964583 0.0179687 0.0708333
0 0.91875 0.221181 0.009375 0.0145833
1 0.565625 0.209722 0.0125 0.03125
1 0.174512 0.898611 0.0267578 0.0652778
0 0.364844 0.7625 0.0265625 0.0361111
1 0.295898 0.826389 0.0128906 0.05
1 0.626562 0.359722 0.0265625 0.0638889
1 0.892187 0.425694 0.009375 0.0152778
0 0.916406 0.447222 0.009375 0.0131944
0 0.817187 0.730556 0.0125 0.025
1 0.280469 0.911111 0.0117188 0.0166667
0 0.517187 0.524306 0.242969 0.0875
1 0.804688 0.769444 0.0171875 0.0611111
0 0.710156 0.721528 0.034375 0.0291667
1 0.279297 0.973611 0.0140625 0.0458333
1 0.0335938 0.225347 0.0101562 0.021875
1 0.655469 0.872222 0.0195312 0.0777778
0 0.631641 0.278472 0.0117188 0.0333333
1 0.792969 0.76875 0.0171875 0.0597222
1 0.167773 0.877778 0.0148437 0.0277778
0 0.566406 0.204688 0.009375 0.0232639
0 0.544531 0.779861 0.0109375 0.106944
1 0.753906 0.293056 0.009375 0.0277778
1 0.826563 0.257639 0.0125 0.0277778
1 0.2625 0.847222 0.025 0.130556
1 0.596094 0.617361 0.0109375 0.0201389
1 0.295312 0.840972 0.0101562 0.0333333
0 0.83125 0.754167 0.015625 0.0277778
0 0.8 0.775694 0.0234375 0.0736111
1 0.146582 0.877778 0.0318359 0.0319444
1 0.255859 0.205903 0.0109375 0.0388889
1 0.605469 0.260764 0.009375 0.0201389
1 0.27168 0.969444 0.0125 0.0611111
1 0.25957 0.9625 0.0195312 0.075
0 0.0969727 0.0480035 0.0113281 0.0208333
0 0.658594 0.649306 0.00859375 0.0180556
1 0.73125 0.572222 0.0078125 0.0222222
1 0.364453 0.788889 0.0320312 0.0972222
1 0.264844 0.866667 0.0179687 0.0777778
0 0.930469 0.260764 0.015625 0.0197917
1 0.249219 0.757639 0.0179687 0.0319444
1 0.75625 0.507639 0.0078125 0.0194444
1 0.679297 0.624306 0.0101562 0.0138889
1 0.461328 0.852083 0.028125 0.0486111
1 0.224609 0.809722 0.021875 0.0875
1 0.916406 0.447222 0.009375 0.0131944
0 0.804688 0.758333 0.015625 0.0416667
1 0.600781 0.537153 0.0765625 0.0486111
1 0.344531 0.337847 0.0125 0.0361111
0 0.795313 0.772222 0.01875 0.0638889
1 0.0969727 0.0480035 0.0113281 0.0208333
0 0.545313 0.755556 0.009375 0.0555556
1 0.367578 0.765278 0.0335938 0.0472222
1 0.928125 0.982639 0.0125 0.0347222
0 0.782812 0.153125 0.0078125 0.0166667
1 0.808594 0.741667 0.0171875 0.0222222
1 0.803125 0.78125 0.01875 0.0597222
0 0.982813 0.348611 0.0140625 0.0194444
0 0.909375 0.650347 0.01875 0.01875
0 0.804688 0.769444 0.0171875 0.0611111
1 0.106543 0.0492188 0.0169922 0.0220486
1 0.802344 0.638194 0.0203125 0.0263889
1 0.825 0.255035 0.0125 0.0243056
1 0.83125 0.747222 0.0171875 0.0236111
1 0.850781 0.436111 0.021875 0.0222222
1 0.305273 0.976389 0.0183594 0.0472222
1 0.316406 0.916667 0.0109375 0.0222222
1 0.821875 0.198264 0.009375 0.0166667
1 0.00737305 0.823611 0.0112305 0.0333333
1 0.00507812 0.904167 0.00996094 0.0333333
0 0.536719 0.534028 0.201562 0.0597222
0 0.857813 0.738889 0.009375 0.0194444
0 0.91875 0.770833 0.0125 0.0861111
1 0.272461 0.755556 0.0160156 0.0402778
1 0.416406 0.525347 0.025 0.05625
0 0.453516 0.515278 0.100781 0.0916667
0 0.532812 0.781944 0.0109375 0.102778
1 0.27168 0.83125 0.0160156 0.0625
0 0.772656 0.38125 0.01875 0.0319444
1 0.0994141 0.265625 0.025 0.0270833
0 0.995313 0.824306 0.00625 0.0180556
1 0.24375 0.838889 0.0242187 0.119444
1 0.803125 0.174479 0.009375 0.0170139
1 0.389844 0.848611 0.0226563 0.025
1 0.564062 0.205382 0.0171875 0.0239583
1 0.395312 0.833333 0.0125 0.0416667
1 0.454688 0.540278 0.0578125 0.0541667
0 0.98125 0.734722 0.0125 0.0138889
0 0.821875 0.198264 0.009375 0.0166667
1 0.825 0.753472 0.01875 0.0277778
1 0.795313 0.772222 0.01875 0.0638889
1 0.903906 0.733333 0.009375 0.0152778
1 0.11875 0.884722 0.0132813 0.0236111
0 0.851562 0.433333 0.025 0.0208333
1 0.982813 0.352083 0.0125 0.0152778
1 0.0957031 0.913889 0.0195312 0.0277778
1 0.269922 0.751389 0.0183594 0.0527778
0 0.803125 0.174479 0.009375 0.0170139
0 0.928125 0.652778 0.009375 0.0194444
1 0.0180664 0.822222 0.0158203 0.0305556
0 0.00507812 0.904167 0.00996094 0.0333333
1 0.810938 0.717361 0.0171875 0.0222222
0 0.809375 0.736111 0.021875 0.0236111
1 0.91875 0.221181 0.009375 0.0145833
1 0.343164 0.349306 0.0128906 0.0263889
1 0.282422 0.847222 0.0164062 0.0861111
1 0.544531 0.744444 0.0101562 0.0347222
1 0.19375 0.153472 0.00820312 0.0243056
1 0.0829102 0.327778 0.0142578 0.0277778
1 0.239063 0.807639 0.0203125 0.0666667
0 0.923437 0.652083 0.015625 0.0194444
1 0.341406 0.341667 0.0125 0.0291667
1 0.262891 0.879167 0.01875 0.0625
0 0.903906 0.733333 0.009375 0.0152778
1 0.262109 0.940972 0.0179687 0.0527778
0 0.886719 0.422222 0.015625 0.0125
1 0.258594 0.8125 0.0476562 0.177778
1 0.746875 0.289236 0.0125 0.0222222
1 0.254102 0.844444 0.0453125 0.127778
0 0.825 0.255035 0.0125 0.0243056
0 0.635156 0.276389 0.0171875 0.0534722
0 0.655078 0.1875 0.0265625 0.0493056
1 0.235938 0.791667 0.0234375 0.0416667
1 0.8 0.775694 0.0234375 0.0736111
1 0.0312988 0.822222 0.034082 0.0444444
0 0.305664 0.983333 0.0117188 0.0333333
1 0.23457 0.83125 0.0285156 0.118056
1 0.504297 0.932639 0.0101562 0.0361111
1 0.859375 0.741667 0.0125 0.0222222
0 0.869531 0.402083 0.0078125 0.0138889
1 0.673437 0.622222 0.0109375 0.0125
1 0.816406 0.723611 0.0125 0.0333333
1 0.298633 0.950694 0.0371094 0.0972222
1 0.279687 0.8125 0.0125 0.0277778
1 0.395312 0.80625 0.009375 0.0277778
0 0.929688 0.904167 0.0125 0.0416667
0 0.0829102 0.327778 0.0142578 0.0277778
1 0.312109 0.980556 0.0195312 0.0388889
1 0.0381714 0.734722 0.0265869 0.0361111
1 0.17207 0.890278 0.0394531 0.0555556
0 0.74375 0.106337 0.009375 0.0175347
1 0.0306152 0.138021 0.0125 0.0229167
1 0.0996094 0.253125 0.0253906 0.0479167
1 0.658984 0.654167 0.0109375 0.0305556
1 0.278516 0.95 0.0183594 0.075
1 0.789062 0.743056 0.0140625 0.0194444
1 0.642187 0.214236 0.0171875 0.028125
1 0.50625 0.925 0.00859375 0.0416667
0 0.770312 0.390625 0.0140625 0.0298611
0 0.106543 0.0492188 0.0169922 0.0220486
1 0.731641 0.564583 0.0078125 0.025
1 0.290625 0.972222 0.0421875 0.0555556
1 0.270703 0.920833 0.0234375 0.0333333
1 0.0321411 0.158333 0.02146 0.0378472
0 0.928125 0.257292 0.021875 0.0201389
1 0.970312 0.157639 0.0125 0.025
1 0.175049 0.908333 0.0233398 0.0888889
1 0.98125 0.734722 0.0125 0.0138889
1 0.0337402 0.734722 0.0338867 0.0319444
0 0.802344 0.638194 0.0203125 0.0263889
0 0.421875 0.525694 0.0359375 0.0618056
0 0.429688 0.526389 0.0515625 0.0625
0 0.803125 0.78125 0.01875 0.0597222
1 0.710156 0.713889 0.034375 0.0319444
1 0.929688 0.904167 0.0125 0.0416667
0 0.660156 0.651736 0.0109375 0.01875
1 0.4625 0.529167 0.0851562 0.0694444
1 0.0442871 0.828472 0.0829102 0.120833
0 0.0585449 0.336111 0.0420898 0.0208333
1 0.929688 0.901389 0.009375 0.0388889
1 0.780469 0.0894097 0.0078125 0.01875
1 0.90625 0.329514 0.0125 0.0166667
0 0.859375 0.245312 0.009375 0.0152778
0 0.846875 0.283507 0.009375 0.0215278
1 0.316406 0.952778 0.0136719 0.0916667
0 0.921094 0.250347 0.0125 0.0170139
0 0.882812 0.709028 0.015625 0.0236111
0 0.105078 0.231076 0.0230469 0.0833333
1 0.633203 0.261806 0.0109375 0.0402778
1 0.83125 0.747222 0.0140625 0.0333333
1 0.74375 0.106337 0.009375 0.0175347
0 0.651172 0.190625 0.0359375 0.0541667
0 0.0496948 0.359028 0.0609619 0.0597222
1 0.921875 0.98125 0.0171875 0.0375
0 0.00878906 0.342014 0.0168945 0.0298611
0 0.655469 0.872222 0.0195312 0.0777778
1 0.801562 0.738194 0.025 0.0222222
1 0.363086 0.432639 0.00976562 0.0236111
1 0.233203 0.83125 0.0484375 0.122222
1 0.85625 0.743056 0.0125 0.0319444
1 0.528516 0.435069 0.0148437 0.0222222
1 0.621875 0.397917 0.0234375 0.0152778
0 0.75625 0.507639 0.0078125 0.0194444
0 0.489062 0.547222 0.0296875 0.0298611
1 0.522266 0.432639 0.0257812 0.0222222
0 0.910937 0.477778 0.009375 0.0125
1 0.0906006 0.956944 0.0441895 0.0638889
0 0.364258 0.752778 0.0238281 0.05
0 0.83125 0.747222 0.0171875 0.0236111
1 0.0431641 0.861111 0.0210938 0.05
1 0.00717773 0.838889 0.0126953 0.0208333
0 0.417188 0.525 0.0265625 0.0569444
1 0.160449 0.876389 0.0201172 0.0277778
1 0.116016 0.98125 0.0109375 0.0347222
1 0.293555 0.420139 0.00898437 0.0166667
1 0.5625 0.5125 0.021875 0.0347222
1 0.786719 0.758333 0.0140625 0.0361111
1 0.0973633 0.916667 0.0265625 0.0277778
1 0.851562 0.0394531 0.01875 0.0274306
0 0.0552246 0.342361 0.0448242 0.0291667
1 0.907812 0.868056 0.009375 0.0222222
0 0.680469 0.470139 0.0101562 0.0277778
0 0.643359 0.199653 0.0203125 0.0381944
0 0.994531 0.513889 0.00625 0.0145833
1 0.426465 0.813889 0.162695 0.116667
1 0.100977 0.232292 0.0277344 0.0847222
1 0.886719 0.422222 0.015625 0.0125
1 0.365234 0.438194 0.0109375 0.0222222
0 0.0506836 0.351389 0.0552734 0.0458333
0 0.5625 0.664583 0.08125 0.126389
1 0.484375 0.55625 0.0328125 0.0215278
0 0.530859 0.601042 0.0179687 0.0111111
1 0.265234 0.958333 0.0304688 0.0833333
1 0.628125 0.277431 0.0210938 0.0409722
1 0.281055 0.976389 0.0199219 0.0472222
1 0.289062 0.955556 0.0523437 0.0888889
0 0.929688 0.901389 0.009375 0.0388889
1 0.0369019 0.840278 0.0306885 0.075
0 0.510547 0.498611 0.257031 0.159722
1 0.957812 0.730556 0.00625 0.0111111
1 0.243359 0.788194 0.0195312 0.0333333
1 0.272461 0.811806 0.015625 0.0375
1 0.29375 0.813889 0.0160156 0.0333333
1 0.123535 0.886111 0.0423828 0.0472222
1 0.399219 0.847222 0.0179687 0.0319444
0 0.885938 0.646181 0.025 0.0125
1 0.260547 0.920139 0.0171875 0.0527778
1 0.770312 0.390625 0.0140625 0.0298611
1 0.524219 0.435417 0.021875 0.0222222
0 0.544531 0.744444 0.0101562 0.0347222
0 0.455469 0.528472 0.101562 0.0694444
0 0.0510864 0.364931 0.0542725 0.0451389
0 0.146484 0.378125 0.0574219 0.0402778
0 0.6 0.535417 0.0765625 0.05
0 0.691406 0.235069 0.117188 0.159722
1 0.305664 0.983333 0.0117188 0.0333333
1 0.364844 0.7625 0.0265625 0.0361111
1 0.632031 0.275521 0.0109375 0.0322917
1 0.566406 0.204861 0.009375 0.0229167
0 0.710156 0.713889 0.034375 0.0319444
1 0.658594 0.649306 0.00859375 0.0180556
0 0.982813 0.352083 0.0125 0.0152778
1 0.364258 0.752778 0.0238281 0.05
1 0.258984 0.938889 0.015625 0.0361111
0 0.804688 0.137674 0.009375 0.0170139
0 0.691016 0.237847 0.0945313 0.13125
1 0.569922 0.5125 0.0117188 0.0291667
1 0.258008 0.944444 0.015625 0.0416667
1 0.167383 0.877778 0.0210938 0.0305556
1 0.817187 0.730556 0.0125 0.025
1 0.395312 0.847222 0.0132813 0.0277778
1 0.680469 0.470139 0.0101562 0.0277778
1 0.857813 0.738889 0.009375 0.0194444
1 0.279297 0.819444 0.0117188 0.0305556
1 0.24668 0.832639 0.0320312 0.118056
0 0.90625 0.329514 0.0125 0.0166667
1 0.261328 0.934722 0.0179687 0.0361111
1 0.680078 0.439931 0.0109375 0.0194444
0 0.626562 0.359722 0.0265625 0.0638889
1 0.804688 0.758333 0.015625 0.0416667
0 0.84375 0.219792 0.009375 0.0159722
1 0.804688 0.137674 0.009375 0.0170139
0 0.892187 0.425694 0.009375 0.0152778
1 0.681641 0.427778 0.0125 0.0270833
1 0.83125 0.754167 0.015625 0.0277778
1 0.255078 0.748611 0.0117188 0.05
1 0.0293457 0.155946 0.0117188 0.0283854
1 0.220703 0.784722 0.0125 0.0361111
0 0.780469 0.0894097 0.0078125 0.01875
0 0.850781 0.436111 0.021875 0.0222222
0 0.467187 0.525 0.0734375 0.0534722
1 0.13418 0.871528 0.0128906 0.025
0 0.882812 0.715278 0.0125 0.0208333
1 0.882812 0.715278 0.0125 0.0208333
1 0.995313 0.824306 0.00625 0.0180556
1 0.25293 0.754167 0.0140625 0.0388889
0 0.851562 0.0394965 0.01875 0.0274306
0 0.882812 0.645139 0.0171875 0.0125
1 0.143262 0.873611 0.0148437 0.025
1 0.809375 0.736111 0.021875 0.0236111
1 0.302734 0.980556 0.0226563 0.0388889
0 0.0405273 0.363194 0.0779297 0.0625
1 0.241406 0.797222 0.0164062 0.0333333
0 0.826563 0.257639 0.0125 0.0277778
1 0.281641 0.833333 0.0140625 0.0555556
1 0.84375 0.219792 0.009375 0.0159722
1 0.173633 0.888889 0.0269531 0.0472222
1 0.660547 0.651736 0.0109375 0.01875
1 0.782812 0.153125 0.0078125 0.0166667
1 0.267578 0.964583 0.0179687 0.0708333
1 0.565625 0.209722 0.0125 0.03125
1 0.174512 0.898611 0.0267578 0.0652778
0 0.91875 0.221354 0.009375 0.0142361
0 0.364844 0.7625 0.0265625 0.0361111
1 0.295898 0.826389 0.0128906 0.05
1 0.626562 0.359722 0.0265625 0.0638889
1 0.892187 0.425694 0.009375 0.0152778
0 0.916406 0.447222 0.009375 0.0131944
0 0.817187 0.730556 0.0125 0.025
0 0.517187 0.524306 0.242969 0.0875
1 0.280469 0.911111 0.0117188 0.0166667
1 0.804688 0.769444 0.0171875 0.0611111
0 0.710156 0.721528 0.034375 0.0291667
1 0.279297 0.973611 0.0140625 0.0458333
1 0.0335938 0.225347 0.0103516 0.021875
1 0.655469 0.872222 0.0195312 0.0777778
1 0.792969 0.768056 0.0171875 0.0583333
0 0.631641 0.278472 0.0117188 0.0333333
1 0.826563 0.257639 0.0125 0.0277778
0 0.566406 0.204861 0.009375 0.0229167
1 0.753906 0.293056 0.009375 0.0277778
1 0.167773 0.877778 0.0148437 0.0277778
0 0.544531 0.779861 0.0117188 0.106944
1 0.2625 0.846528 0.025 0.130556
1 0.596094 0.617361 0.0109375 0.0201389
1 0.295312 0.840972 0.0101562 0.0333333
0 0.8 0.775694 0.0234375 0.0736111
0 0.83125 0.754167 0.015625 0.0277778
1 0.255859 0.205903 0.0109375 0.0388889
1 0.14668 0.877778 0.0320312 0.0319444
1 0.605469 0.260764 0.009375 0.0201389
1 0.25957 0.9625 0.0195312 0.075
1 0.27168 0.969444 0.0125 0.0611111
0 0.658594 0.649306 0.00859375 0.0180556
0 0.0969727 0.0480903 0.0113281 0.0206597
1 0.73125 0.572222 0.0078125 0.0222222
1 0.364453 0.788889 0.0320312 0.0972222
1 0.265039 0.866667 0.0179687 0.0777778
0 0.930469 0.260764 0.015625 0.0197917
1 0.249219 0.757639 0.0179687 0.0319444
1 0.75625 0.507639 0.0078125 0.0194444
1 0.679297 0.624306 0.0101562 0.0138889
1 0.224609 0.809722 0.021875 0.0875
1 0.461328 0.852083 0.028125 0.0486111
1 0.916406 0.447222 0.009375 0.0131944
0 0.804688 0.758333 0.015625 0.0416667
1 0.600781 0.537153 0.0765625 0.0486111
1 0.0969727 0.0480903 0.0113281 0.0206597
1 0.344531 0.337847 0.0125 0.0361111
0 0.795313 0.772222 0.01875 0.0638889
0 0.545313 0.754861 0.009375 0.0541667
1 0.367578 0.765278 0.0335938 0.0472222
1 0.928125 0.982639 0.0125 0.0347222
1 0.808594 0.741667 0.0171875 0.0222222
0 0.782812 0.153125 0.0078125 0.0166667
1 0.244141 0.840972 0.0414063 0.140278
1 0.803125 0.78125 0.01875 0.0597222
0 0.982813 0.348611 0.0140625 0.0194444
0 0.804688 0.769444 0.0171875 0.0611111
0 0.909375 0.650347 0.01875 0.01875
1 0.106543 0.0492188 0.0169922 0.0220486
1 0.802344 0.638194 0.0203125 0.0263889
1 0.83125 0.747222 0.0171875 0.0236111
1 0.825 0.255035 0.0125 0.0243056
1 0.850781 0.436111 0.021875 0.0222222
1 0.316406 0.916667 0.0109375 0.0222222
1 0.305273 0.976389 0.0183594 0.0472222
1 0.821875 0.198264 0.009375 0.0166667
1 0.00737305 0.823611 0.0112305 0.0333333
0 0.535937 0.534028 0.203125 0.0597222
1 0.00510254 0.904167 0.0100098 0.0333333
0 0.857813 0.738889 0.009375 0.0194444
0 0.91875 0.770833 0.0125 0.0861111
1 0.272461 0.755556 0.0160156 0.0402778
1 0.416406 0.525347 0.025 0.05625
0 0.453516 0.515278 0.100781 0.0916667
1 0.27168 0.831944 0.0160156 0.0638889
0 0.532812 0.781944 0.0109375 0.102778
1 0.0994141 0.265625 0.025 0.0270833
1 0.24375 0.838889 0.0242187 0.119444
0 0.772656 0.38125 0.01875 0.0319444
1 0.389844 0.848611 0.0226563 0.0263889
1 0.803125 0.174306 0.009375 0.0166667
0 0.995313 0.824306 0.00625 0.0180556
1 0.564062 0.205382 0.0171875 0.0239583
1 0.395312 0.833333 0.0125 0.0416667
1 0.454688 0.539931 0.0578125 0.0548611
1 0.903906 0.733333 0.009375 0.0152778
1 0.825 0.753472 0.01875 0.0277778
1 0.795313 0.772222 0.01875 0.0638889
0 0.98125 0.734722 0.0125 0.0138889
0 0.821875 0.198264 0.009375 0.0166667
1 0.11875 0.884722 0.0132813 0.0236111
0 0.851562 0.433333 0.025 0.0208333
1 0.982813 0.352083 0.0125 0.0152778
1 0.0957031 0.913889 0.0195312 0.0277778
1 0.269922 0.751389 0.0183594 0.0527778
0 0.803125 0.174306 0.009375 0.0166667
0 0.928125 0.652778 0.009375 0.0194444
1 0.810938 0.717361 0.0171875 0.0222222
1 0.0180664 0.822222 0.0158203 0.0305556
0 0.809375 0.736111 0.021875 0.0236111
0 0.00510254 0.904167 0.0100098 0.0333333
1 0.91875 0.221354 0.009375 0.0142361
1 0.343164 0.348958 0.0128906 0.0270833
1 0.0829102 0.327778 0.0142578 0.0277778
1 0.282422 0.847222 0.0164062 0.0861111
1 0.544531 0.744444 0.0101562 0.0347222
1 0.19375 0.153472 0.00820312 0.0243056
1 0.239063 0.807639 0.0203125 0.0666667
1 0.341406 0.341667 0.0125 0.0291667
0 0.923437 0.652083 0.015625 0.0194444
1 0.262891 0.879167 0.01875 0.0638889
0 0.903906 0.733333 0.009375 0.0152778
1 0.261914 0.940972 0.0183594 0.0541667
1 0.258594 0.8125 0.0476562 0.177778
1 0.254102 0.844444 0.0453125 0.127778
0 0.886719 0.422222 0.015625 0.0125
1 0.746875 0.289236 0.0125 0.0222222
0 0.655078 0.1875 0.0265625 0.0493056
0 0.635156 0.276389 0.0171875 0.0534722
0 0.825 0.255035 0.0125 0.0243056
1 0.0312378 0.822222 0.0342041 0.0444444
0 0.305664 0.983333 0.0117188 0.0333333
1 0.235938 0.791667 0.0234375 0.0416667
1 0.8 0.775694 0.0234375 0.0736111
1 0.234766 0.831944 0.028125 0.119444
1 0.859375 0.741667 0.0125 0.0222222
1 0.504297 0.932639 0.0101562 0.0361111
1 0.816406 0.723611 0.0125 0.0333333
1 0.673437 0.622222 0.0109375 0.0125
1 0.298438 0.950694 0.0375 0.0972222
0 0.869531 0.402083 0.0078125 0.0138889
1 0.395312 0.80625 0.009375 0.0277778
1 0.279883 0.8125 0.0125 0.0277778
0 0.929688 0.904167 0.0125 0.0416667
0 0.0829102 0.327778 0.0142578 0.0277778
1 0.0381958 0.734722 0.0267334 0.0361111
1 0.312109 0.980556 0.0195312 0.0388889
1 0.17207 0.890278 0.0394531 0.0555556
1 0.0996094 0.252778 0.0253906 0.0479167
1 0.0306763 0.138021 0.0124756 0.0229167
0 0.74375 0.106337 0.009375 0.0175347
1 0.658984 0.654167 0.0109375 0.0305556
1 0.642187 0.214236 0.0171875 0.0277778
1 0.789062 0.743056 0.0140625 0.0194444
1 0.278516 0.95 0.0183594 0.075
1 0.50625 0.925 0.00859375 0.0416667
1 0.73125 0.564583 0.0078125 0.025
1 0.290625 0.972222 0.0421875 0.0555556
1 0.0321167 0.158333 0.0215088 0.0378472
0 0.106543 0.0492188 0.0169922 0.0220486
0 0.928125 0.257292 0.021875 0.0201389
1 0.970312 0.157639 0.0125 0.025
1 0.270508 0.920833 0.0238281 0.0333333
0 0.770312 0.390625 0.0140625 0.0298611
1 0.175049 0.908333 0.0233398 0.0888889
1 0.98125 0.734722 0.0125 0.0138889
1 0.0337402 0.734722 0.0338867 0.0319444
0 0.421875 0.525694 0.0359375 0.0618056
0 0.802344 0.638194 0.0203125 0.0263889
0 0.429688 0.526389 0.0515625 0.0625
1 0.710156 0.713889 0.034375 0.0319444
0 0.803125 0.78125 0.01875 0.0597222
1 0.929688 0.904167 0.0125 0.0416667
0 0.660547 0.651736 0.0109375 0.01875
1 0.4625 0.529167 0.0851562 0.0694444
1 0.0442871 0.828472 0.0829102 0.120833
0 0.0586426 0.336111 0.0420898 0.0208333
1 0.929688 0.901389 0.009375 0.0388889
1 0.780469 0.0894097 0.0078125 0.01875
0 0.859375 0.245312 0.009375 0.0152778
1 0.90625 0.329514 0.0125 0.0166667
1 0.316406 0.952778 0.0140625 0.0916667
0 0.105078 0.231076 0.0230469 0.0833333
0 0.921094 0.250347 0.0125 0.0173611
0 0.846875 0.283681 0.009375 0.0215278
0 0.882812 0.709028 0.015625 0.0236111
1 0.83125 0.747222 0.015625 0.0333333
1 0.633203 0.261806 0.0109375 0.0402778
0 0.651172 0.190625 0.0359375 0.0545139
1 0.74375 0.106337 0.009375 0.0175347
0 0.655469 0.872222 0.0195312 0.0777778
1 0.921875 0.98125 0.0171875 0.0375
0 0.0496216 0.359028 0.0611084 0.0597222
1 0.801562 0.738194 0.025 0.0222222
0 0.00883789 0.342361 0.0169434 0.0298611
1 0.233398 0.831944 0.0488281 0.122222
1 0.363086 0.432639 0.00976562 0.0236111
1 0.85625 0.743056 0.0125 0.0319444
1 0.528516 0.435069 0.0148437 0.0222222
1 0.522266 0.432639 0.0257812 0.0222222
1 0.0905273 0.956944 0.0443359 0.0638889
1 0.621875 0.397917 0.0234375 0.0152778
0 0.75625 0.507639 0.0078125 0.0194444
0 0.910937 0.477431 0.009375 0.0125
0 0.489062 0.547222 0.0296875 0.0305556
0 0.364258 0.752778 0.0238281 0.05
1 0.0431641 0.861111 0.0210938 0.05
0 0.83125 0.747222 0.0171875 0.0236111
0 0.417188 0.525 0.0265625 0.0569444
1 0.293555 0.420139 0.00898437 0.0166667
1 0.00717773 0.838889 0.0127441 0.0208333
1 0.116016 0.98125 0.0109375 0.0347222
1 0.5625 0.512847 0.021875 0.0354167
1 0.160449 0.876389 0.0203125 0.0277778
1 0.786719 0.758333 0.0140625 0.0361111
1 0.907812 0.868056 0.009375 0.0222222
1 0.0973633 0.916667 0.0265625 0.0277778
1 0.851562 0.0394965 0.01875 0.0274306
0 0.0552246 0.342361 0.0448242 0.0291667
0 0.680469 0.470139 0.0101562 0.0277778
0 0.642969 0.199653 0.0203125 0.0381944
1 0.426465 0.813889 0.162695 0.116667
1 0.100977 0.232292 0.0277344 0.0847222
0 0.994531 0.513889 0.00625 0.0145833
0 0.5625 0.664583 0.08125 0.126389
1 0.365234 0.438194 0.0109375 0.0222222
1 0.886719 0.422222 0.015625 0.0125
0 0.0506836 0.351389 0.0552734 0.0458333
0 0.53125 0.601042 0.01875 0.0111111
1 0.628125 0.277431 0.0210938 0.0409722
1 0.484766 0.55625 0.0335938 0.0215278
1 0.289062 0.955556 0.0527344 0.0888889
1 0.281055 0.976389 0.0199219 0.0472222
1 0.265234 0.958333 0.0308594 0.0833333
1 0.0369141 0.840278 0.0307617 0.075
0 0.510547 0.498611 0.257031 0.159722
0 0.929688 0.901389 0.009375 0.0388889
1 0.399219 0.847222 0.0179687 0.0333333
1 0.29375 0.813889 0.0164062 0.0333333
1 0.123633 0.886111 0.0429688 0.0472222
1 0.957812 0.730556 0.00625 0.0111111
1 0.243359 0.788194 0.0195312 0.0333333
1 0.272461 0.811806 0.015625 0.0375
1 0.524219 0.435417 0.021875 0.0222222
0 0.885938 0.646181 0.025 0.0125
1 0.260547 0.920139 0.0171875 0.0527778
1 0.660156 0.221007 0.0171875 0.028125
1 0.770312 0.390625 0.0140625 0.0298611
