0 0.492969 0.471875 0.0765625 0.10625
1 0.49375 0.471528 0.078125 0.106944
0 0.525781 0.445139 0.1375 0.173611
0 0.506641 0.475 0.102344 0.1125
1 0.0491333 0.590972 0.0491943 0.0458333
0 0.482812 0.334375 0.16875 0.134722
0 0.0481934 0.600347 0.0686523 0.0631944
0 0.551562 0.444097 0.19375 0.178472
1 0.0321289 0.271007 0.0142578 0.0295139
1 0.0303833 0.282986 0.0154053 0.0236111
0 0.548828 0.410764 0.202344 0.242361
1 0.0488403 0.6 0.0642334 0.0638889
0 0.521484 0.551389 0.132031 0.273611
0 0.0573242 0.705556 0.0685547 0.148611
0 0.517187 0.398003 0.215625 0.260938
1 0.502344 0.480556 0.0609375 0.0888889
0 0.161523 0.869444 0.301953 0.211111
0 0.120117 0.554253 0.227734 0.485938
1 0.0338867 0.254514 0.0138672 0.0305556
0 0.00942383 0.379514 0.0147949 0.0395833
0 0.495313 0.460069 0.0890625 0.131944
0 0.000390625 0.897222 0.00078125 0.205556
1 0.0431519 0.592361 0.0797119 0.0805556
0 0.166406 0.580556 0.158594 0.427778
1 0.0338867 0.542014 0.0677734 0.0888889
0 0.0491333 0.590972 0.0491943 0.0458333
1 0.0321411 0.589583 0.0599365 0.0486111
0 0.0534302 0.670833 0.0861084 0.220833
0 0.0375 0.473611 0.0700195 0.298611
1 0.721875 0.0305556 0.0390625 0.0611111
1 0.0256348 0.275694 0.0257812 0.0375
0 0.114648 0.642708 0.21875 0.277083
1 0.645703 0.0497396 0.0148437 0.0340278
1 0.0266113 0.257639 0.0290039 0.0333333
1 0.0348633 0.652431 0.0196289 0.0243056
0 0.0325073 0.398958 0.0605713 0.305556
0 0.721875 0.0314236 0.0390625 0.0628472
1 0.0373169 0.565625 0.0710693 0.0756944
0 0.00895996 0.384722 0.013916 0.0541667
1 0.0482422 0.69375 0.0898438 0.165278
0 0.0425903 0.559722 0.0792725 0.15
0 0.0732422 0.665972 0.123828 0.220833
0 0.00563965 0.0153212 0.00805664 0.0257812
1 0.00563965 0.0153212 0.00805664 0.0257812
1 0.507812 0.332726 0.101562 0.101215
0 0.627344 0.828472 0.267188 0.279167
0 0.000537109 0.770833 0.00107422 0.458333
0 0.0122559 0.359028 0.0210938 0.0472222
0 0.00065918 0.856597 0.00131836 0.286806
0 0.0431519 0.592361 0.0797119 0.0805556
1 0.0369629 0.654167 0.028125 0.0333333
1 0.494531 0.391667 0.19375 0.247222
1 0.532031 0.397569 0.221875 0.256944
0 0.233398 0.999306 0.188281 0.00138889
0 0.266211 0.999306 0.180469 0.00138889
0 0.508594 0.423958 0.164062 0.320833
1 0.0090332 0.586806 0.0151855 0.0416667
1 0.0424805 0.479861 0.0814453 0.306944
1 0.0218262 0.265625 0.0256836 0.04375
0 0.0445435 0.639931 0.0831787 0.186806
0 0.0254028 0.434028 0.0484131 0.169444
1 0.0404297 0.289757 0.0137695 0.0274306
0 0.318359 0.519792 0.214844 0.34375
0 0.627344 0.449306 0.303125 0.202778
1 0.460156 0.11441 0.015625 0.028125
0 0.597656 0.439583 0.101562 0.170833
0 0.0482422 0.69375 0.0898438 0.165278
0 0.326562 0.727083 0.183594 0.179167
0 0.917188 0.0659722 0.159375 0.131944
0 0.0217529 0.411111 0.0400879 0.118056
1 0.0402832 0.616319 0.0579102 0.0319444
0 0.892187 0.750174 0.215625 0.169097
0 0.739453 0.705382 0.0960938 0.0725694
1 0.0365234 0.268403 0.0193359 0.0333333
1 0.0525513 0.667014 0.0894287 0.202083
1 0.521484 0.551389 0.132031 0.273611
0 0.11875 0.852778 0.221875 0.175
0 0.508203 0.999306 0.18125 0.00138889
0 0.00620117 0.133507 0.00703125 0.0232639
0 0.0148682 0.374306 0.0274902 0.0611111
0 0.169531 0.653472 0.158203 0.277778
1 0.487891 0.336458 0.177344 0.138194
0 0.0161865 0.680729 0.0285645 0.0857639
1 0.0060791 0.594444 0.0090332 0.0416667
1 0.00756836 0.00668403 0.0107422 0.0133681
1 0.034668 0.658333 0.0220703 0.0361111
0 0.0146729 0.360417 0.0270996 0.0569444
1 0.510156 0.462847 0.117188 0.120833
0 0.483594 0.395052 0.18125 0.258507
0 0.107593 0.684028 0.195752 0.256944
1 0.522266 0.464931 0.132031 0.149306
0 0.00917969 0.259722 0.0125977 0.0534722
0 0.466406 0.998611 0.214844 0.00277778
1 0.0418945 0.659375 0.0380859 0.0409722
1 0.0453125 0.576736 0.0808594 0.111806
0 0.278711 0.480208 0.131641 0.244444
0 0.242969 0.405556 0.0445312 0.0631944
0 0.313086 0.797222 0.157422 0.333333
0 0.914062 0.761806 0.171875 0.144444
1 0.644531 0.0567708 0.0164062 0.0432292
0 0.329102 0.638542 0.193359 0.357639
0 0.000244141 0.441319 0.000488281 0.320833
0 0.0292847 0.536806 0.0556885 0.0555556
0 0.295703 0.998611 0.186719 0.00277778
0 0.400391 0.952778 0.132031 0.0944444
0 0.240625 0.479861 0.200781 0.245833
0 0.000488281 0.334375 0.000976562 0.488194
1 0.0445435 0.639931 0.0831787 0.186806
1 0.472656 0.1125 0.0359375 0.0333333
1 0.520312 0.381944 0.0484375 0.0284722
1 0.0165771 0.257639 0.0214355 0.0458333
0 0.0321411 0.589583 0.0599365 0.0486111
1 0.00620117 0.133507 0.00703125 0.0232639
0 0.330859 0.755729 0.192969 0.257986
2 0.504297 0.389583 0.247656 0.234722
0 0.246875 0.409722 0.05625 0.0763889
1 0.649219 0.0509549 0.025 0.0397569
0 0.0303833 0.282986 0.0154053 0.0236111
1 0.630469 0.90625 0.154687 0.168056
0 0.000598145 0.77934 0.00119629 0.332986
1 0.552344 0.445139 0.192188 0.172222
0 0.433984 0.999306 0.213281 0.00138889
0 0.579297 0.417014 0.307031 0.359028
0 0.000268555 0.37717 0.000537109 0.32066
0 0.000976562 0.688889 0.00195312 0.319444
0 0.366602 1 0.188672 0
0 0.16875 0.999306 0.2875 0.00138889
1 0.517187 0.408681 0.0734375 0.0715278
0 0.175049 0.998958 0.195996 0.00208333
0 0.328906 0.999306 0.175 0.00138889
1 0.882812 0.539583 0.015625 0.0194444
0 0.5875 0.518056 0.273438 0.322222
1 0.565625 0.660417 0.0390625 0.0513889
1 0.05625 0.704861 0.0667969 0.145833
1 0.0398315 0.597222 0.0627197 0.0541667
0 0.0341675 0.369444 0.06604 0.429167
1 0.488281 0.334028 0.139062 0.120833
0 0.523438 0.46875 0.139062 0.400694
0 0.0165771 0.257639 0.0214355 0.0458333
0 0.0321289 0.271007 0.0142578 0.0295139
0 0.0130371 0.339931 0.0223633 0.0368056
0 0.571094 0.506597 0.323438 0.570139
1 0.00603027 0.78125 0.00766602 0.0222222
0 0.585938 0.441667 0.151562 0.184722
1 0.0292847 0.536806 0.0556885 0.0555556
0 0.00151367 0.461806 0.00302734 0.468056
1 0.00942383 0.379514 0.0147949 0.0395833
1 0.142969 0.861806 0.271875 0.201389
0 0.00603027 0.78125 0.00766602 0.0222222
0 0.0338867 0.254514 0.0138672 0.0305556
0 0.00756836 0.00668403 0.0107422 0.0133681
0 0.943359 0.767361 0.113281 0.109722
0 0.193359 0.49375 0.121875 0.209722
0 0.0218262 0.265625 0.0256836 0.04375
1 0.526172 0.411111 0.0867188 0.0833333
0 0.121289 0.594792 0.236328 0.810417
0 0.0187012 0.690104 0.0344727 0.114236
1 0.0732422 0.665972 0.123828 0.220833
0 0.0344238 0.545139 0.0666992 0.0819444
1 0.00895996 0.384722 0.013916 0.0541667
0 0.0808838 1 0.153857 0
1 0.504297 0.420139 0.100781 0.0916667
0 0.0090332 0.586806 0.0151855 0.0416667
1 0.514063 0.382639 0.059375 0.0402778
0 0.00133057 0.622569 0.00266113 0.310417
1 0.121973 0.00392795 0.0144531 0.0078559
0 0.0248047 0.520833 0.046875 0.0458333
2 0.508594 0.423958 0.164062 0.320833
1 0.525 0.310937 0.0632813 0.0600694
1 0.0243652 0.620833 0.0289063 0.0236111
0 0.0643555 0.978472 0.120898 0.0430556
0 0.0450195 0.5625 0.0900391 0.838889
0 0.7125 0.432292 0.56875 0.722917
1 0.0149902 0.00400391 0.0176758 0.00800781
0 0.0436523 0.426389 0.0873047 0.768056
0 0.0234375 0.7 0.0439453 0.1375
0 0.134668 0.999653 0.214258 0.000694444
0 0.213086 0.661806 0.426172 0.676389
0 0.159375 0.825694 0.31875 0.336111
0 0.525 0.840278 0.259375 0.263889
0 0.511816 0.4125 0.338867 0.293056
0 0.437891 0.391319 0.507031 0.248611
0 0.466797 0.471181 0.267969 0.429861
0 0.892969 0.0592882 0.209375 0.118576
2 0.571094 0.506597 0.323438 0.570139
0 0.087793 0.517708 0.157617 0.622917
0 0.127148 0.21875 0.254297 0.4375
1 0.0130371 0.339931 0.0223633 0.0368056
0 0.00849609 0.252083 0.0117676 0.0506944
0 0.126172 0.817361 0.234766 0.270833
0 0.837695 0.755382 0.315234 0.175347
0 0.0328247 0.551042 0.0628662 0.0465278
0 0.403516 1 0.199219 0
1 0.0328247 0.551042 0.0628662 0.0465278
3 0.523828 0.410417 0.229687 0.268056
0 0.00600586 0.150868 0.00693359 0.0295139
1 0.0563477 0.245139 0.0132813 0.0229167
0 0.502344 0.480556 0.0609375 0.0888889
2 0.7125 0.372917 0.573438 0.745833
1 0.129883 0.00481771 0.0189453 0.00963542
1 0.989844 0.545139 0.0203125 0.0902778
2 0.437891 0.391319 0.507031 0.248611
1 0.182031 0.00266927 0.0117188 0.00533854
1 0.331445 0.0046875 0.0164062 0.009375
1 0.0362793 0.399219 0.0697266 0.322396
0 0.844531 0.0545139 0.295312 0.109028
2 0.523828 0.402083 0.180469 0.248611
2 0.579297 0.417014 0.307031 0.359028
1 0.0396484 0.252778 0.0165039 0.03125
0 0.714063 0.346875 0.571875 0.69375
1 0.00917969 0.259722 0.0125977 0.0534722
0 0 0.320139 0 0.311806
1 0.0416138 0.683333 0.0767334 0.0986111
0 0.703906 0.498611 0.5875 0.997222
0 0.884375 0.147656 0.215625 0.295312
0 0.879492 0.699306 0.231641 0.279167
0 0.0256348 0.275694 0.0257812 0.0375
1 0.669531 0.956944 0.021875 0.0222222
0 0.839258 0.821528 0.321484 0.330556
0 0.0131348 0.646181 0.0228516 0.0395833
1 0.6125 0.838194 0.223438 0.295833
0 0.84375 0.726389 0.303125 0.180556
0 0.6125 0.9125 0.117188 0.175
1 0.0256958 0.28559 0.0441162 0.0447917
0 0.492969 0.471875 0.0765625 0.10625
1 0.49375 0.471528 0.078125 0.106944
0 0.525781 0.445139 0.1375 0.173611
0 0.50625 0.475 0.101562 0.1125
1 0.0491211 0.590972 0.0491211 0.0458333
0 0.482812 0.334375 0.16875 0.134722
0 0.0481934 0.600347 0.0686523 0.0631944
0 0.551562 0.444097 0.19375 0.178472
1 0.0322266 0.271007 0.0142578 0.0295139
1 0.0303711 0.282986 0.0154297 0.0236111
0 0.548828 0.410764 0.202344 0.242361
1 0.0488403 0.6 0.0642334 0.0638889
0 0.521484 0.551389 0.132031 0.273611
0 0.0573242 0.705556 0.0685547 0.148611
0 0.517187 0.398264 0.215625 0.261111
1 0.502344 0.480556 0.0609375 0.0888889
0 0.161523 0.869444 0.301953 0.211111
0 0.120117 0.553819 0.227734 0.485417
1 0.0338867 0.254514 0.0138672 0.0305556
0 0.00942383 0.379514 0.0148437 0.0395833
0 0.495313 0.460417 0.0890625 0.130556
0 0.000390625 0.897222 0.00078125 0.205556
1 0.0432129 0.592361 0.0797852 0.0805556
0 0.166211 0.580556 0.158594 0.427778
1 0.0338867 0.542014 0.0677734 0.0888889
0 0.0491211 0.590972 0.0491211 0.0458333
1 0.0320801 0.589583 0.0598633 0.0486111
0 0.053418 0.670833 0.0861328 0.220833
1 0.721875 0.0314236 0.0390625 0.0628472
0 0.0375122 0.473958 0.0700928 0.298611
1 0.0256836 0.275521 0.0257812 0.0378472
0 0.114648 0.642361 0.218359 0.276389
1 0.0348633 0.652431 0.0196289 0.0243056
1 0.0265625 0.257812 0.0291992 0.0336806
1 0.645703 0.049783 0.0148437 0.0341146
0 0.0325195 0.398958 0.0606445 0.305556
0 0.721875 0.0314236 0.0390625 0.0628472
1 0.04823 0.69375 0.0898682 0.165278
1 0.0373169 0.565278 0.0710693 0.0763889
0 0.00895996 0.384722 0.0139648 0.0548611
0 0.0425903 0.560069 0.0792725 0.15
1 0.00563965 0.0152669 0.00805664 0.0257161
0 0.0732422 0.665972 0.123828 0.220833
0 0.00563965 0.0152669 0.00805664 0.0257161
0 0.627344 0.828472 0.267188 0.279167
1 0.507422 0.332726 0.102344 0.101215
0 0.000561523 0.770833 0.00112305 0.458333
0 0.0123047 0.359028 0.0210938 0.0472222
0 0.000646973 0.856597 0.00129395 0.286806
0 0.0432129 0.592361 0.0797852 0.0805556
1 0.0369141 0.654167 0.0280273 0.0333333
0 0.233398 0.999306 0.188672 0.00138889
1 0.494531 0.391667 0.19375 0.247222
1 0.532031 0.397569 0.221875 0.256944
0 0.266211 0.999306 0.180469 0.00138889
0 0.508594 0.423698 0.164062 0.32066
1 0.00908203 0.586806 0.0152344 0.0416667
1 0.0424805 0.480208 0.0814453 0.30625
1 0.0218506 0.265625 0.0257324 0.04375
0 0.0445435 0.639583 0.0831787 0.186111
0 0.0254395 0.434028 0.0484375 0.169444
1 0.0404297 0.289757 0.0138672 0.0274306
0 0.318359 0.519792 0.214844 0.34375
1 0.460156 0.114323 0.015625 0.0282986
0 0.627734 0.449306 0.303906 0.202778
0 0.597656 0.439583 0.101562 0.170833
0 0.04823 0.69375 0.0898682 0.165278
0 0.326562 0.727083 0.183594 0.179167
0 0.917188 0.0659722 0.159375 0.131944
0 0.0218262 0.411111 0.0401367 0.118056
1 0.0401855 0.616319 0.0577148 0.0319444
0 0.892187 0.75 0.215625 0.169444
0 0.739453 0.705382 0.0960938 0.0725694
1 0.0365234 0.268403 0.0193359 0.0329861
1 0.0525391 0.666667 0.0894531 0.202778
1 0.521484 0.551389 0.132031 0.273611
0 0.508203 0.999306 0.18125 0.00138889
0 0.11875 0.852778 0.221875 0.175
0 0.0149414 0.374306 0.0276367 0.0611111
0 0.169336 0.653472 0.158594 0.277778
0 0.0453125 0.577083 0.0808594 0.111111
1 0.488281 0.336806 0.178125 0.138889
0 0.00620117 0.133507 0.00708008 0.0232639
0 0.0162354 0.680729 0.0286621 0.0857639
1 0.00610352 0.594792 0.00908203 0.0423611
1 0.034668 0.658333 0.022168 0.0361111
1 0.00754395 0.00670573 0.010791 0.0134115
1 0.510156 0.463194 0.117188 0.120833
0 0.0147217 0.360417 0.0271973 0.0569444
0 0.483594 0.395486 0.18125 0.259028
0 0.107397 0.684028 0.195361 0.256944
0 0.466406 0.998611 0.214844 0.00277778
1 0.522266 0.465278 0.132031 0.148611
1 0.0453125 0.577083 0.0808594 0.111111
1 0.0418457 0.659375 0.0379883 0.0409722
0 0.00922852 0.259722 0.0126953 0.0538194
0 0.278711 0.480208 0.131641 0.244444
0 0.242969 0.405556 0.0445312 0.0631944
0 0.313086 0.797049 0.157422 0.333681
0 0.914062 0.761806 0.171875 0.144444
1 0.644531 0.0567925 0.0164062 0.0433594
0 0.328906 0.638889 0.192969 0.356944
0 0.000244141 0.441319 0.000488281 0.320833
0 0.295703 0.998611 0.186719 0.00277778
0 0.0292847 0.536806 0.0556885 0.0555556
1 0.0425903 0.560069 0.0792725 0.15
0 0.400391 0.952778 0.132031 0.0944444
0 0.240283 0.479514 0.202246 0.245139
1 0.0445435 0.639583 0.0831787 0.186111
0 0.000463867 0.334375 0.000927734 0.4875
1 0.472656 0.112413 0.0359375 0.0335069
1 0.0166016 0.257639 0.0214844 0.0458333
1 0.520312 0.381944 0.0484375 0.0284722
2 0.523828 0.410417 0.229687 0.268056
0 0.0320801 0.589583 0.0598633 0.0486111
0 0.330859 0.755729 0.192969 0.257986
1 0.00620117 0.133507 0.00708008 0.0232639
0 0.246875 0.409722 0.05625 0.0763889
0 0.0303711 0.282986 0.0154297 0.0236111
1 0.649219 0.0509549 0.025 0.0397569
1 0.630469 0.90625 0.154687 0.168056
0 0.433496 0.999306 0.212695 0.00138889
0 0.000598145 0.77934 0.00119629 0.332986
1 0.552344 0.445139 0.192188 0.172222
0 0.000268555 0.37717 0.000537109 0.32066
0 0.580859 0.417448 0.309375 0.35816
0 0.000976562 0.689062 0.00195312 0.319097
0 0.366406 1 0.188281 0
0 0.168652 0.999306 0.287305 0.00138889
1 0.517187 0.408681 0.0734375 0.0715278
0 0.175049 0.998958 0.195996 0.00208333
0 0.328711 0.999306 0.175391 0.00138889
1 0.882812 0.539583 0.015625 0.0194444
1 0.05625 0.704861 0.0667969 0.145833
1 0.565625 0.660417 0.0390625 0.0513889
0 0.5875 0.518056 0.273438 0.322222
1 0.0397339 0.597222 0.0627197 0.0541667
0 0.0341797 0.369444 0.0660156 0.429167
0 0.523438 0.46875 0.139062 0.400694
0 0.0166016 0.257639 0.0214844 0.0458333
1 0.488281 0.334375 0.139062 0.120833
0 0.569531 0.505208 0.321875 0.567361
0 0.0322266 0.271007 0.0142578 0.0295139
0 0.0130859 0.339931 0.0223633 0.0368056
2 0.486035 0.393403 0.27168 0.240972
1 0.00603027 0.78125 0.00766602 0.0222222
1 0.00942383 0.379514 0.0148437 0.0395833
1 0.0292847 0.536806 0.0556885 0.0555556
1 0.142969 0.861806 0.271875 0.201389
0 0.586328 0.441667 0.152344 0.184722
0 0.00151367 0.461458 0.00302734 0.467361
0 0.00603027 0.78125 0.00766602 0.0222222
0 0.943359 0.767361 0.113281 0.109722
0 0.0338867 0.254514 0.0138672 0.0305556
0 0.193359 0.49375 0.121875 0.209722
0 0.00754395 0.00670573 0.010791 0.0134115
0 0.0218506 0.265625 0.0257324 0.04375
1 0.526172 0.411111 0.0867188 0.0833333
0 0.121289 0.595139 0.236328 0.809722
1 0.0732422 0.665972 0.123828 0.220833
0 0.01875 0.690104 0.0344727 0.114236
1 0.00895996 0.384722 0.0139648 0.0548611
0 0.0344238 0.545139 0.0666992 0.0819444
0 0.080957 1 0.154102 0
1 0.514453 0.382639 0.059375 0.0402778
1 0.504687 0.420139 0.100781 0.0916667
0 0.00131836 0.622917 0.00263672 0.309722
0 0.00908203 0.586806 0.0152344 0.0416667
1 0.121973 0.0039388 0.0144531 0.0078776
0 0.0248535 0.521181 0.0469727 0.0458333
2 0.508594 0.423698 0.164062 0.32066
1 0.525 0.310937 0.0640625 0.0600694
1 0.0243164 0.620833 0.0289063 0.0236111
0 0.0642578 0.978472 0.120703 0.0430556
0 0.0450195 0.5625 0.0900391 0.838889
0 0.7125 0.431597 0.56875 0.717361
0 0.0436523 0.426389 0.0873047 0.766667
1 0.0149902 0.0039822 0.0175781 0.00796441
0 0.13457 0.999653 0.214453 0.000694444
0 0.213086 0.662153 0.426172 0.675694
0 0.159375 0.825694 0.31875 0.336111
0 0.0235352 0.7 0.044043 0.1375
0 0.438281 0.391059 0.50625 0.248437
0 0.512109 0.4125 0.339063 0.293056
0 0.525 0.840278 0.259375 0.263889
0 0.466016 0.47092 0.269531 0.428993
2 0.569531 0.505208 0.321875 0.567361
0 0.0876953 0.517708 0.157617 0.622917
0 0.892969 0.0592882 0.209375 0.118576
0 0.127148 0.21875 0.254297 0.4375
1 0.0130859 0.339931 0.0223633 0.0368056
0 0.837695 0.755382 0.315234 0.175347
0 0.403516 1 0.199219 0
0 0.126172 0.818056 0.234766 0.269444
0 0.00854492 0.25191 0.0118164 0.0506944
1 0.0328613 0.551042 0.062793 0.0465278
1 0.990234 0.545139 0.0195312 0.0902778
3 0.523828 0.410417 0.229687 0.268056
0 0.502344 0.480556 0.0609375 0.0888889
0 0.0328613 0.551042 0.062793 0.0465278
2 0.7125 0.372222 0.573438 0.744444
1 0.0363159 0.399219 0.069751 0.322396
2 0.438281 0.391059 0.50625 0.248437
1 0.0563965 0.245139 0.0132813 0.0229167
0 0.845117 0.0545139 0.294141 0.109028
1 0.129883 0.00483941 0.0189453 0.00967882
2 0.580859 0.417448 0.309375 0.35816
1 0.331445 0.0046875 0.0164062 0.009375
0 0.00600586 0.150868 0.00693359 0.0295139
0 0.714063 0.346528 0.571875 0.693056
1 0.182227 0.00266927 0.0121094 0.00533854
1 0.0396484 0.252778 0.0166016 0.03125
1 0.0416992 0.683333 0.0769531 0.1
1 0.00922852 0.259722 0.0126953 0.0538194
0 0 0.320139 0 0.311806
0 0.703906 0.498611 0.5875 0.997222
0 0.884375 0.147483 0.215625 0.294965
0 0.880469 0.700694 0.23125 0.275
0 0.0256836 0.275521 0.0257812 0.0378472
1 0.0256714 0.28559 0.0439697 0.0447917
1 0.6125 0.838194 0.223438 0.295833
0 0.84375 0.726389 0.303125 0.180556
0 0.839258 0.821528 0.321484 0.330556
1 0.669531 0.956944 0.021875 0.0222222
