0 0.701563 0.640278 0.06875 0.0791667
0 0.939062 0.323958 0.040625 0.0444444
0 0.327734 0.402778 0.0335938 0.0583333
0 0.110376 0.790104 0.19917 0.278125
1 0.938281 0.459028 0.021875 0.0222222
1 0.859375 0.557639 0.015625 0.0159722
0 0.6 0.215451 0.053125 0.0774306
0 0.669531 0.329861 0.301562 0.469444
1 0.915625 0.577778 0.0171875 0.0194444
1 0.992188 0.890278 0.0125 0.0333333
0 0.994531 0.511111 0.0109375 0.0194444
1 0.903125 0.536111 0.015625 0.0215278
1 0.347852 0.355903 0.0132813 0.025
1 0.95 0.515278 0.01875 0.0208333
1 0.930469 0.510764 0.0140625 0.0270833
1 0.337109 0.257118 0.0191406 0.0267361
0 0.589063 0.016059 0.025 0.0256076
1 0.589063 0.016059 0.025 0.0256076
1 0.298438 0.112847 0.015625 0.0260417
1 0.769922 0.622917 0.0132813 0.0194444
0 0.320898 0.392014 0.0472656 0.0791667
1 0.83125 0.560417 0.0125 0.0180556
1 0.545313 0.111372 0.0109375 0.0232639
1 0.820312 0.560417 0.0125 0.01875
1 0.558594 0.136372 0.0171875 0.0286458
1 0.914844 0.7375 0.0140625 0.0277778
0 0.99375 0.329948 0.0109375 0.0303819
1 0.743359 0.293576 0.0164062 0.0326389
0 0.582812 0.877778 0.101562 0.169444
1 0.9125 0.756944 0.01875 0.0166667
0 0.0496094 0.720139 0.0619141 0.133333
1 0.623438 0.124653 0.025 0.0413194
1 0.350781 0.354514 0.0171875 0.0236111
1 0.500781 0.135243 0.0171875 0.0260417
0 0.197852 0.356944 0.0875 0.0986111
0 0.434375 0.432292 0.20625 0.365972
1 0.9125 0.534028 0.021875 0.0208333
1 0.321875 0.844444 0.0148437 0.0333333
1 0.992188 0.838889 0.0125 0.0361111
1 0.995313 0.136979 0.009375 0.0236111
0 0.0905273 0.777604 0.154687 0.247569
1 0.994531 0.511111 0.0109375 0.0194444
0 0.0601074 0.775174 0.100098 0.249653
1 0.503906 0.597222 0.0125 0.0256944
1 0.0361328 0.960417 0.0205078 0.0347222
0 0.244727 0.581597 0.235547 0.485417
1 0.992188 0.986111 0.0140625 0.0263889
1 0.580469 0.113715 0.015625 0.0256944
1 0.99375 0.329948 0.0109375 0.0303819
1 0.595312 0.29184 0.0109375 0.025
1 0.00644531 0.987847 0.012793 0.0243056
1 0.00527344 0.979167 0.0105469 0.0333333
1 0.807813 0.423611 0.01875 0.0333333
0 0.8375 0.390972 0.0296875 0.0375
0 0.488965 0.73125 0.267383 0.531944
1 0.742188 0.302778 0.0171875 0.0368056
1 0.694141 0.31875 0.0140625 0.03125
1 0.9 0.539583 0.01875 0.0222222
1 0.8375 0.390972 0.0296875 0.0375
0 0.575 0.742535 0.365625 0.514931
0 0.504687 0.176042 0.021875 0.0444444
1 0.504687 0.176042 0.021875 0.0444444
1 0.710156 0.845833 0.01875 0.0277778
1 0.811719 0.562153 0.0125 0.0194444
0 0.99375 0.470833 0.0125 0.025
1 0.0431641 0.976389 0.0146484 0.0277778
1 0.0730469 0.0819661 0.0240234 0.0562066
0 0.315625 0.372569 0.0609375 0.120139
0 0.239453 0.467708 0.177734 0.324306
1 0.0447266 0.0813368 0.0125 0.0399306
1 0.503906 0.584028 0.0140625 0.0277778
0 0.298438 0.112847 0.015625 0.0260417
1 0.734766 0.135417 0.0210938 0.034375
1 0.913281 0.752778 0.0171875 0.025
1 0.914062 0.579167 0.021875 0.0194444
1 0.804688 0.5625 0.0125 0.0180556
1 0.798437 0.622222 0.0125 0.0194444
1 0.69375 0.326736 0.0125 0.0319444
1 0.99375 0.470833 0.0125 0.025
0 0.984375 0.529167 0.03125 0.0388889
0 0.709375 0.895833 0.114063 0.15
1 0.980469 0.795139 0.015625 0.0291667
1 0.83125 0.615278 0.015625 0.0180556
0 0.986719 0.478819 0.0265625 0.0402778
1 0.337305 0.254167 0.0148437 0.0229167
1 0.554688 0.269271 0.0171875 0.0315972
1 0.769922 0.561806 0.0117188 0.0159722
1 0.599609 0.216319 0.0546875 0.0791667
1 0.940625 0.454167 0.021875 0.0291667
0 0.337305 0.254167 0.0148437 0.0229167
0 0.608984 0.302083 0.400781 0.502083
0 0.608984 0.854861 0.307031 0.265278
1 0.989062 0.9875 0.01875 0.025
1 0.0186035 0.949306 0.0124023 0.0277778
1 0.0381836 0.965278 0.0248047 0.0444444
0 0.734375 0.929167 0.04375 0.0791667
1 0.885938 0.550347 0.015625 0.0166667
0 0.165234 0.79375 0.0863281 0.290278
1 0.694531 0.354167 0.0125 0.025
1 0.733203 0.150347 0.0234375 0.0375
1 0.141504 0.0427083 0.0130859 0.0295139
1 0.910156 0.801389 0.0125 0.025
1 0.699219 0.256597 0.0265625 0.0413194
0 0.347852 0.355903 0.0132813 0.025
0 0.635156 0.0140625 0.071875 0.0235243
1 0.0302734 0.370139 0.0191406 0.0277778
0 0.274219 0.669792 0.169531 0.307639
0 0.176514 0.538889 0.333691 0.511111
0 0.203516 0.0493056 0.0609375 0.0986111
1 0.967188 0.775 0.021875 0.0305556
1 0.992188 0.880556 0.015625 0.0388889
0 0.689844 0.486111 0.078125 0.134722
1 0.50625 0.192361 0.01875 0.0215278
0 0.660156 0.460417 0.279687 0.781944
0 0.303516 0.705729 0.110156 0.230208
0 0.672656 0.891667 0.185937 0.170833
1 0.801562 0.620139 0.015625 0.0194444
0 0.691406 0.416059 0.254687 0.277604
0 0.95 0.515278 0.01875 0.0208333
0 0.762891 0.342969 0.388281 0.501562
1 0.990625 0.895139 0.0171875 0.0402778
0 0.871875 0.890972 0.0125 0.0472222
0 0.245703 0.614931 0.197266 0.632639
1 0.581641 0.0741319 0.0140625 0.0239583
0 0.289453 0.627431 0.139844 0.388194
1 0.979688 0.790278 0.015625 0.0347222
0 0.938281 0.459028 0.021875 0.0222222
1 0.554688 0.123958 0.021875 0.0444444
1 0.957812 0.776389 0.01875 0.0305556
1 0.833594 0.611806 0.0171875 0.0152778
1 0.857813 0.559722 0.01875 0.0194444
0 0.992188 0.986111 0.0140625 0.0263889
0 0.9125 0.756944 0.01875 0.0166667
1 0.134766 0.028125 0.0273438 0.0530382
1 0.320508 0.559028 0.0132813 0.0305556
0 0.979688 0.790278 0.015625 0.0347222
1 0.132227 0.0141276 0.0246094 0.0282552
1 0.914062 0.743056 0.01875 0.0361111
1 0.891406 0.830556 0.0109375 0.0222222
0 0.974219 0.484722 0.025 0.0375
0 0.410156 0.522222 0.208594 0.895833
1 0.960938 0.443403 0.01875 0.03125
0 0.992188 0.838889 0.0125 0.0361111
0 0.9125 0.534028 0.021875 0.0208333
1 0.974219 0.797222 0.0203125 0.0305556
1 0.727344 0.525 0.0125 0.0319444
0 0.915625 0.577778 0.0171875 0.0194444
0 0.859375 0.557639 0.015625 0.0159722
1 0.118164 0.0786458 0.0207031 0.0354167
1 0.682031 0.574306 0.0140625 0.0222222
0 0.732813 0.429774 0.171875 0.248785
0 0.980469 0.795139 0.015625 0.0291667
0 0.00527344 0.979167 0.0105469 0.0333333
1 0.543359 0.0423611 0.0109375 0.0206597
1 0.551562 0.267014 0.0203125 0.0298611
1 0.775781 0.623264 0.0140625 0.0194444
0 0.660156 0.394358 0.142188 0.315451
0 0.640234 0.356858 0.227344 0.609896
1 0.933594 0.781944 0.0125 0.0194444
1 0.340234 0.202778 0.0148437 0.0236111
0 0.930469 0.510764 0.0140625 0.0270833
0 0.402734 0.378125 0.133594 0.286806
1 0.521094 0.319097 0.015625 0.0236111
1 0.00648193 0.964583 0.0129639 0.0388889
0 0.0733398 0.0855903 0.0255859 0.0625
0 0.354688 0.391319 0.0292969 0.0465278
1 0.23125 0.0164714 0.00859375 0.0329427
0 0.847656 0.388889 0.04375 0.0347222
0 0.500781 0.135243 0.0171875 0.0260417
1 0.913281 0.742361 0.0125 0.0291667
1 0.572656 0.272049 0.0164062 0.0319444
1 0.528125 0.608681 0.0125 0.0298611
1 0.885156 0.599306 0.015625 0.0208333
0 0.892187 0.36875 0.028125 0.0388889
1 0.74375 0.490972 0.0125 0.0263889
1 0.802344 0.568056 0.015625 0.0236111
1 0.317187 0.150651 0.0109375 0.022309
1 0.703125 0.205208 0.0203125 0.0347222
1 0.945312 0.780556 0.0125 0.0222222
1 0.583594 0.128646 0.01875 0.040625
1 0.994531 0.413889 0.0109375 0.0291667
1 0.892187 0.546528 0.021875 0.0194444
0 0.982813 0.28559 0.03125 0.0368056
1 0.796875 0.352083 0.025 0.0513889
0 0.630469 0.0145833 0.0796875 0.0291667
0 0.486328 0.973611 0.0390625 0.0527778
1 0.789062 0.563194 0.0125 0.0194444
1 0.580469 0.0831597 0.0148437 0.0237847
0 0.985937 0.521528 0.028125 0.0361111
1 0.83125 0.559028 0.01875 0.0222222
2 0.635938 0.326389 0.360938 0.491667
1 0.725 0.151345 0.0328125 0.0417535
1 0.497266 0.579167 0.0273438 0.0361111
1 0.528125 0.146832 0.015625 0.0334201
1 0.357422 0.309722 0.015625 0.0333333
1 0.797656 0.561806 0.0109375 0.0166667
1 0.99375 0.155035 0.0125 0.0225694
1 0.94375 0.551389 0.015625 0.0305556
1 0.857813 0.388889 0.015625 0.0305556
1 0.194141 0.0507812 0.0738281 0.0996528
1 0.187109 0.0746745 0.025 0.0447483
0 0.946875 0.400694 0.028125 0.0354167
1 0.346289 0.805556 0.0179687 0.0291667
0 0.410059 0.411458 0.156445 0.372917
1 0.961719 0.854167 0.0765625 0.127778
0 0.991406 0.480903 0.0171875 0.0368056
0 0.978906 0.571528 0.009375 0.0180556
0 0.967188 0.775 0.021875 0.0305556
1 0.9125 0.798611 0.015625 0.025
1 0.0533691 0.884722 0.0145508 0.0277778
1 0.867188 0.933333 0.0125 0.0222222
0 0.809375 0.43125 0.0125 0.0291667
0 0.914844 0.7375 0.0140625 0.0277778
0 0.15918 0.622309 0.147266 0.65816
1 0.698047 0.251736 0.0320312 0.0486111
1 0.522266 0.141319 0.021875 0.0399306
1 0.73125 0.121615 0.028125 0.0388889
1 0.0179199 0.940278 0.0137695 0.0277778
1 0.432813 0.109983 0.0109375 0.0223958
0 0.204688 0.616667 0.161328 0.652778
0 0.358008 0.392361 0.0171875 0.0388889
0 0.558984 0.8875 0.141406 0.190278
1 0.166797 0.0359375 0.0167969 0.0238715
1 0.954687 0.8 0.01875 0.0305556
1 0.55625 0.130729 0.0203125 0.0388889
1 0.514844 0.0590278 0.0171875 0.0298611
1 0.31875 0.287326 0.0113281 0.0211806
0 0.913281 0.742361 0.0125 0.0291667
1 0.892187 0.440972 0.0125 0.0222222
0 0.0328613 0.739062 0.0548828 0.132986
1 0.719531 0.486111 0.015625 0.025
1 0.449609 0.534375 0.0210938 0.0395833
1 0.978906 0.571528 0.009375 0.0180556
1 0.614062 0.0580729 0.0171875 0.0310764
1 0.889844 0.835417 0.0125 0.025
0 0.0633789 0.736111 0.0882813 0.151389
0 0.957812 0.436806 0.021875 0.0305556
1 0.167383 0.0229275 0.0230469 0.0430339
0 0.764844 0.421528 0.417188 0.673611
1 0.358008 0.392361 0.0171875 0.0388889
1 0.989062 0.891667 0.021875 0.05
1 0.577344 0.117535 0.021875 0.0309028
0 0.993359 0.324653 0.0132813 0.0395833
0 0.958594 0.276215 0.0828125 0.149653
0 0.337109 0.257118 0.0191406 0.0267361
0 0.903125 0.536111 0.015625 0.0215278
1 0.703516 0.223611 0.021875 0.0423611
1 0.685156 0.8375 0.0140625 0.025
1 0.95 0.533333 0.025 0.0458333
1 0.771875 0.346181 0.0375 0.0402778
0 0.112305 0.636111 0.207031 0.634722
1 0.0330078 0.140538 0.0104492 0.0251736
1 0.378516 0.317014 0.0164062 0.025
1 0.974219 0.484722 0.025 0.0375
1 0.958594 0.8125 0.028125 0.0486111
1 0.508203 0.865278 0.0179687 0.0305556
0 0.753125 0.437587 0.128125 0.23316
0 0.9625 0.442361 0.01875 0.0333333
0 0.683203 0.983681 0.0304688 0.0326389
0 0.753906 0.400087 0.123438 0.159549
1 0.786719 0.349306 0.0390625 0.0472222
1 0.500781 0.595833 0.021875 0.0263889
1 0.889063 0.595486 0.021875 0.0222222
1 0.964063 0.822222 0.021875 0.0347222
0 0.00644531 0.987847 0.012793 0.0243056
1 0.404687 0.991319 0.0234375 0.0173611
0 0.646484 0.336111 0.166406 0.427778
0 0.566797 0.337326 0.377344 0.674653
1 0.137402 0.038151 0.0232422 0.0407118
1 0.341406 0.217014 0.0132813 0.0256944
1 0.734375 0.918056 0.0484375 0.102778
1 0.0452637 0.0800347 0.0204102 0.0394097
0 0.951563 0.315278 0.065625 0.0708333
0 0.578906 0.745833 0.109375 0.480556
1 0.280273 0.0717882 0.009375 0.0234375
1 0.372656 0.314236 0.0242187 0.0298611
1 0.591406 0.0738715 0.0140625 0.0265625
1 0.105273 0.952778 0.0125 0.0236111
0 0.954687 0.8 0.01875 0.0305556
0 0.522656 0.44375 0.214844 0.884722
1 0.735937 0.315104 0.03125 0.0767361
0 0.0387207 0.964583 0.0243164 0.0402778
1 0.497266 0.12066 0.0203125 0.0461806
1 0.986719 0.166667 0.01875 0.0319444
1 0.728125 0.519444 0.0109375 0.0305556
0 0.276172 0.535764 0.246094 0.814583
2 0.589063 0.257986 0.40625 0.49375
1 0.229297 0.334635 0.0210938 0.0515625
1 0.469531 0.199653 0.0101562 0.0236111
0 0.405566 0.595139 0.166992 0.763889
0 0.689062 0.438194 0.0890625 0.231944
1 0.585938 0.134722 0.021875 0.0340278
0 0.696094 0.18559 0.104687 0.173264
1 0.558594 0.063737 0.0109375 0.0232205
1 0.523438 0.607292 0.01875 0.0340278
1 0.835938 0.614931 0.028125 0.0194444
0 0.913281 0.752778 0.0171875 0.025
1 0.333203 0.315451 0.0132813 0.0211806
1 0.195312 0.929167 0.0148437 0.0222222
0 0.15 0.729861 0.118359 0.416667
0 0.701563 0.640278 0.06875 0.0791667
0 0.939062 0.323958 0.040625 0.0444444
0 0.327734 0.402778 0.0335938 0.0583333
0 0.110352 0.790278 0.199219 0.277778
1 0.938281 0.459028 0.021875 0.0222222
1 0.859375 0.557639 0.015625 0.0159722
0 0.6 0.215451 0.053125 0.0774306
0 0.669531 0.329774 0.301562 0.469618
1 0.915625 0.577778 0.01875 0.0194444
1 0.992188 0.890278 0.0125 0.0333333
0 0.994531 0.511111 0.0109375 0.0194444
1 0.903125 0.536111 0.015625 0.0222222
1 0.347852 0.355903 0.0132813 0.025
1 0.95 0.515278 0.01875 0.0208333
1 0.930469 0.510764 0.0140625 0.0270833
1 0.337109 0.257118 0.0191406 0.0267361
0 0.589063 0.0160699 0.025 0.0256727
1 0.589063 0.0160699 0.025 0.0256727
1 0.298438 0.112847 0.015625 0.0260417
0 0.320703 0.391319 0.0476562 0.0805556
1 0.769922 0.622917 0.0132813 0.0194444
1 0.83125 0.560417 0.0125 0.0180556
1 0.545313 0.111372 0.0109375 0.0232639
1 0.558594 0.136372 0.0171875 0.0286458
1 0.820312 0.560417 0.0125 0.01875
1 0.914844 0.7375 0.0140625 0.0291667
0 0.99375 0.329514 0.0109375 0.0305556
1 0.743359 0.293576 0.0164062 0.0326389
1 0.9125 0.756944 0.01875 0.0166667
0 0.582812 0.877778 0.101562 0.169444
0 0.0496216 0.720139 0.062085 0.133333
1 0.623438 0.124653 0.025 0.0413194
1 0.350781 0.354514 0.0171875 0.0236111
1 0.500781 0.135243 0.0171875 0.0260417
0 0.197852 0.356944 0.0875 0.0986111
1 0.9125 0.534028 0.021875 0.0208333
0 0.434375 0.431944 0.20625 0.366667
1 0.321875 0.844444 0.0152344 0.0333333
1 0.992188 0.838889 0.0125 0.0361111
1 0.995313 0.136979 0.009375 0.0236111
0 0.0905273 0.777604 0.154687 0.247569
1 0.994531 0.511111 0.0109375 0.0194444
0 0.0600586 0.775174 0.100195 0.249653
1 0.0361328 0.960417 0.0205078 0.0347222
1 0.503906 0.597222 0.0125 0.0263889
0 0.24458 0.581597 0.23584 0.485417
1 0.992188 0.986111 0.0140625 0.0263889
1 0.580469 0.113715 0.015625 0.0260417
1 0.99375 0.329514 0.0109375 0.0305556
1 0.595312 0.29184 0.0109375 0.025
1 0.00644531 0.987847 0.012793 0.0243056
1 0.00526123 0.979167 0.0105225 0.0333333
1 0.807813 0.423611 0.01875 0.0333333
0 0.489062 0.73125 0.267188 0.531944
0 0.8375 0.390972 0.0296875 0.0375
1 0.742188 0.302778 0.0171875 0.0368056
1 0.694141 0.31875 0.0140625 0.03125
1 0.9 0.539583 0.01875 0.0222222
1 0.8375 0.390972 0.0296875 0.0375
1 0.504687 0.176042 0.021875 0.0444444
0 0.574609 0.741667 0.366406 0.516667
0 0.504687 0.176042 0.021875 0.0444444
1 0.811719 0.561806 0.0125 0.0194444
1 0.710156 0.845833 0.01875 0.0277778
0 0.315625 0.372569 0.0609375 0.120139
0 0.99375 0.470833 0.0125 0.025
1 0.0432129 0.976389 0.0145508 0.0277778
0 0.239502 0.467708 0.178027 0.324306
1 0.0730469 0.0820312 0.0240234 0.05625
1 0.734766 0.135417 0.0210938 0.034375
1 0.913281 0.752778 0.0171875 0.025
1 0.0447266 0.0813368 0.0125 0.0399306
1 0.503906 0.584028 0.0140625 0.0277778
0 0.298438 0.112847 0.015625 0.0260417
1 0.69375 0.326736 0.0125 0.0319444
1 0.804688 0.5625 0.0125 0.0180556
1 0.99375 0.470833 0.0125 0.025
1 0.798437 0.622222 0.0125 0.0194444
1 0.980469 0.795139 0.015625 0.0291667
0 0.984375 0.529167 0.03125 0.0388889
1 0.337305 0.254167 0.0148437 0.0229167
0 0.709375 0.895833 0.114063 0.15
0 0.985937 0.478819 0.028125 0.0402778
1 0.83125 0.615278 0.015625 0.0180556
1 0.554688 0.269271 0.0171875 0.0315972
1 0.599609 0.216319 0.0546875 0.0791667
1 0.769922 0.561806 0.0117188 0.0159722
1 0.940625 0.454167 0.021875 0.0291667
0 0.608984 0.302083 0.400781 0.502083
0 0.337305 0.254167 0.0148437 0.0229167
0 0.608984 0.854167 0.307031 0.266667
1 0.989062 0.9875 0.01875 0.025
1 0.0186035 0.949306 0.0123535 0.0277778
1 0.0381836 0.965278 0.0248047 0.0444444
0 0.734375 0.929167 0.04375 0.0791667
1 0.885938 0.550347 0.015625 0.0166667
0 0.165234 0.79375 0.0863281 0.290278
1 0.694531 0.354167 0.0125 0.025
1 0.733203 0.150347 0.0234375 0.0375
1 0.910156 0.801389 0.0125 0.025
1 0.141406 0.0427517 0.0132813 0.0296007
1 0.699219 0.256597 0.0265625 0.0413194
0 0.274219 0.670139 0.170312 0.306944
0 0.347852 0.355903 0.0132813 0.025
0 0.635156 0.0140516 0.071875 0.0234592
1 0.0302734 0.370139 0.0191406 0.0277778
0 0.176514 0.538889 0.333691 0.511111
0 0.203516 0.0493056 0.0609375 0.0986111
1 0.967188 0.775 0.021875 0.0305556
1 0.992188 0.880556 0.015625 0.0388889
0 0.689844 0.486111 0.078125 0.134722
1 0.505859 0.192361 0.01875 0.0211806
0 0.303516 0.705556 0.110156 0.230556
0 0.660156 0.460069 0.279687 0.78125
0 0.691406 0.415972 0.254687 0.277778
1 0.801562 0.620139 0.015625 0.0194444
0 0.672656 0.891667 0.185937 0.172222
0 0.762891 0.342969 0.388281 0.501562
0 0.95 0.515278 0.01875 0.0208333
1 0.990625 0.895139 0.0171875 0.0402778
0 0.245898 0.614583 0.197266 0.631944
1 0.581641 0.0741319 0.0140625 0.0239583
0 0.871875 0.890972 0.0125 0.0472222
0 0.288672 0.627083 0.141406 0.388889
1 0.979688 0.790278 0.015625 0.0347222
1 0.957812 0.776389 0.01875 0.0305556
1 0.554688 0.123958 0.021875 0.0444444
0 0.938281 0.459028 0.021875 0.0222222
1 0.833594 0.611806 0.0171875 0.0152778
1 0.857813 0.559722 0.01875 0.0194444
0 0.992188 0.986111 0.0140625 0.0263889
1 0.134766 0.0280816 0.0273438 0.0530382
0 0.9125 0.756944 0.01875 0.0166667
1 0.320508 0.559028 0.0132813 0.0305556
0 0.979688 0.790278 0.015625 0.0347222
1 0.132227 0.0141059 0.0246094 0.0282118
1 0.913281 0.743056 0.0203125 0.0361111
1 0.891406 0.830556 0.0109375 0.0222222
0 0.975 0.484722 0.025 0.0375
0 0.410156 0.521528 0.208594 0.898611
1 0.960938 0.443403 0.01875 0.03125
1 0.132715 0.0343316 0.0261719 0.0591146
0 0.992188 0.838889 0.0125 0.0361111
0 0.9125 0.534028 0.021875 0.0208333
1 0.974219 0.797222 0.0203125 0.0305556
1 0.727344 0.525 0.0125 0.0319444
0 0.915625 0.577778 0.01875 0.0194444
1 0.118164 0.0786458 0.0207031 0.0354167
0 0.732813 0.429774 0.171875 0.248785
0 0.859375 0.557639 0.015625 0.0159722
0 0.980469 0.795139 0.015625 0.0291667
1 0.682031 0.574653 0.0140625 0.0222222
1 0.543359 0.0423611 0.0109375 0.0206597
0 0.00526123 0.979167 0.0105225 0.0333333
0 0.660156 0.393837 0.14375 0.316493
0 0.640234 0.357031 0.228125 0.610937
1 0.775781 0.623264 0.0140625 0.0194444
1 0.551562 0.26684 0.0203125 0.0298611
1 0.933594 0.781944 0.0125 0.0194444
1 0.340234 0.202778 0.0148437 0.0236111
0 0.402734 0.377431 0.133594 0.288194
1 0.00646973 0.964583 0.0129395 0.0388889
1 0.521094 0.31875 0.015625 0.0236111
0 0.930469 0.510764 0.0140625 0.0270833
0 0.0733398 0.0855035 0.0255859 0.0626736
0 0.354688 0.391319 0.0292969 0.0465278
1 0.23125 0.0164714 0.00859375 0.0329427
1 0.913281 0.742361 0.0125 0.0291667
0 0.500781 0.135243 0.0171875 0.0260417
1 0.572656 0.272049 0.015625 0.0319444
0 0.847656 0.388889 0.04375 0.0347222
1 0.528125 0.608681 0.0125 0.0298611
1 0.885156 0.599306 0.015625 0.0208333
1 0.317187 0.150651 0.0109375 0.022309
1 0.703125 0.205208 0.0203125 0.0347222
0 0.892187 0.36875 0.028125 0.0388889
1 0.802344 0.568056 0.015625 0.0236111
1 0.945312 0.779861 0.0125 0.0208333
1 0.74375 0.490625 0.0125 0.0263889
1 0.892187 0.546528 0.021875 0.0194444
1 0.994531 0.413889 0.0109375 0.0291667
1 0.583594 0.128646 0.01875 0.040625
1 0.796875 0.352083 0.025 0.0513889
0 0.982813 0.28559 0.03125 0.0368056
0 0.485938 0.973611 0.0390625 0.0527778
0 0.630469 0.0145833 0.0796875 0.0291667
1 0.788281 0.563194 0.0140625 0.0194444
1 0.580469 0.0831597 0.0140625 0.0236111
0 0.985937 0.521528 0.028125 0.0361111
1 0.83125 0.559028 0.01875 0.0222222
1 0.725 0.151389 0.0328125 0.0416667
2 0.635938 0.325781 0.360938 0.491493
1 0.528125 0.146832 0.015625 0.0334201
1 0.357422 0.309722 0.015625 0.0333333
1 0.496875 0.579167 0.0265625 0.0361111
1 0.94375 0.551389 0.015625 0.0305556
1 0.797656 0.561806 0.0109375 0.0166667
1 0.99375 0.155035 0.0125 0.0225694
1 0.857813 0.388889 0.015625 0.0305556
1 0.194141 0.0507812 0.0738281 0.0996528
1 0.187109 0.0746745 0.025 0.0447483
1 0.346289 0.805556 0.0179687 0.0291667
0 0.946875 0.400694 0.028125 0.0354167
0 0.410156 0.411111 0.157813 0.374306
1 0.960938 0.854167 0.078125 0.127778
1 0.9125 0.798611 0.015625 0.025
0 0.991406 0.480556 0.0171875 0.0375
0 0.967188 0.775 0.021875 0.0305556
1 0.867188 0.933333 0.0125 0.0222222
1 0.698047 0.251736 0.0320312 0.0486111
0 0.978906 0.571875 0.009375 0.0180556
1 0.0533691 0.884722 0.0145508 0.0277778
0 0.809375 0.43125 0.0125 0.0291667
0 0.158984 0.622222 0.147656 0.658333
1 0.73125 0.121615 0.028125 0.0388889
1 0.522266 0.141233 0.021875 0.0401042
1 0.432813 0.109983 0.0109375 0.0223958
0 0.204639 0.616667 0.161035 0.652778
0 0.914844 0.7375 0.0140625 0.0291667
1 0.0179199 0.940278 0.0137695 0.0277778
0 0.558594 0.8875 0.142188 0.190278
1 0.166797 0.0359375 0.0167969 0.0239583
1 0.954687 0.8 0.01875 0.0305556
1 0.55625 0.130729 0.0203125 0.0388889
1 0.514844 0.0591146 0.0171875 0.0298611
1 0.31875 0.287326 0.0113281 0.0211806
0 0.358008 0.392361 0.0171875 0.0388889
1 0.892187 0.440972 0.0125 0.0222222
0 0.913281 0.742361 0.0125 0.0291667
1 0.449609 0.534375 0.0210938 0.0395833
1 0.978906 0.571875 0.009375 0.0180556
0 0.0328613 0.739062 0.0548828 0.132986
1 0.719531 0.486111 0.015625 0.025
1 0.614062 0.0580729 0.0171875 0.0310764
1 0.889844 0.835417 0.0125 0.025
0 0.0634277 0.736111 0.0883789 0.151389
0 0.765234 0.421528 0.416406 0.673611
1 0.167383 0.0229167 0.0230469 0.0430556
1 0.358008 0.392361 0.0171875 0.0388889
0 0.958594 0.436806 0.021875 0.03125
1 0.989062 0.891667 0.021875 0.05
0 0.958594 0.276042 0.0828125 0.15
1 0.577344 0.117535 0.021875 0.0309028
0 0.993359 0.324653 0.0132813 0.0395833
1 0.95 0.533333 0.025 0.0458333
1 0.703125 0.223611 0.021875 0.0423611
0 0.903125 0.536111 0.015625 0.0222222
0 0.337109 0.257118 0.0191406 0.0267361
1 0.771875 0.346181 0.0375 0.0402778
1 0.985937 0.890278 0.028125 0.0555556
1 0.685156 0.8375 0.0140625 0.025
0 0.1125 0.636111 0.207031 0.634722
1 0.975 0.484722 0.025 0.0375
1 0.0330078 0.140538 0.0104492 0.0251736
1 0.378516 0.317014 0.0164062 0.025
1 0.958594 0.8125 0.028125 0.0486111
1 0.508203 0.865278 0.0179687 0.0305556
0 0.753125 0.437847 0.128125 0.233333
0 0.9625 0.442361 0.01875 0.0333333
0 0.683203 0.983681 0.0304688 0.0326389
0 0.753906 0.399913 0.123438 0.159896
1 0.786719 0.349306 0.0390625 0.0472222
1 0.889063 0.595486 0.021875 0.0222222
0 0.646094 0.336111 0.167187 0.427778
0 0.567187 0.338194 0.378125 0.676389
1 0.964063 0.822222 0.021875 0.0347222
1 0.500781 0.595833 0.021875 0.0263889
1 0.404687 0.991319 0.0234375 0.0173611
1 0.341406 0.21684 0.0132813 0.0256944
1 0.137402 0.038151 0.0232422 0.0407118
0 0.00644531 0.987847 0.012793 0.0243056
0 0.578906 0.745833 0.109375 0.480556
1 0.280273 0.071875 0.009375 0.0236111
1 0.0453125 0.0800347 0.0205078 0.0394097
0 0.951563 0.315278 0.065625 0.0708333
1 0.734375 0.918056 0.0484375 0.102778
1 0.372656 0.314236 0.0242187 0.0298611
1 0.591406 0.0738715 0.0140625 0.0265625
1 0.105273 0.952778 0.0125 0.0236111
0 0.522656 0.444444 0.215625 0.886111
0 0.954687 0.8 0.01875 0.0305556
0 0.492969 0.972222 0.0523437 0.0555556
1 0.735937 0.315104 0.03125 0.0767361
0 0.0387207 0.964583 0.0243164 0.0402778
1 0.497266 0.120747 0.0203125 0.0461806
0 0.276123 0.535417 0.246191 0.813889
1 0.9875 0.166667 0.01875 0.0319444
1 0.728125 0.519444 0.0109375 0.0305556
2 0.589063 0.257986 0.40625 0.49375
1 0.229102 0.334635 0.0214844 0.0515625
1 0.469531 0.199826 0.0101562 0.0239583
0 0.405566 0.595139 0.166992 0.763889
1 0.585938 0.134722 0.021875 0.0340278
0 0.689062 0.4375 0.0890625 0.233333
1 0.558594 0.0637153 0.0109375 0.0232639
1 0.333203 0.315451 0.0132813 0.0211806
1 0.523438 0.607292 0.01875 0.0340278
0 0.696094 0.18559 0.104687 0.173264
1 0.835938 0.614931 0.028125 0.0194444
0 0.913281 0.752778 0.0171875 0.025
