0 0.501562 0.609722 0.0976562 0.569444
0 0.503516 0.496181 0.0890625 0.349306
0 0.501562 0.635069 0.157813 0.609028
0 0.413184 0.611458 0.256445 0.561806
0 0.679688 0.254514 0.0875 0.508333
1 0.540625 0.338542 0.0140625 0.0229167
0 0.505469 0.445486 0.090625 0.249306
0 0.46875 0.508333 0.245312 0.922222
0 0.68125 0.148438 0.084375 0.293403
1 0.535937 0.338194 0.0226563 0.025
1 0.478906 0.334028 0.015625 0.0194444
0 0.50625 0.390972 0.0828125 0.131944
0 0.526563 0.627083 0.227344 0.720833
0 0.492969 0.670139 0.103125 0.640278
0 0.392578 0.663889 0.290625 0.672222
0 0.473437 0.5 0.338281 1
0 0.542969 0.502083 0.26875 0.995833
0 0.628906 0.501389 0.132812 0.997222
0 0.000158691 0.915972 0.000317383 0.168056
0 0.496875 0.533247 0.104687 0.425174
0 0.000610352 0.480903 0.0012207 0.677083
0 0.000842285 0.757292 0.00168457 0.485417
0 0.541406 0.582292 0.176563 0.546528
1 0.540234 0.353472 0.0140625 0.0513889
0 0.695312 0.5 0.4375 1
0 1 0.50625 0 0.325
0 0.6125 0.503125 0.24375 0.99375
0 0.00098877 0.886806 0.00197754 0.226389
0 0.674609 0.345139 0.0960938 0.673611
0 1 0.423958 0 0.272917
0 0.576172 0.672222 0.152344 0.630556
0 0.564453 0.494792 0.594531 0.974306
1 0.507031 0.384722 0.084375 0.123611
0 1 0.732118 0 0.344097
1 0.475 0.338194 0.0171875 0.025
1 0.471875 0.354514 0.0117188 0.0361111
0 0.664844 0.486111 0.0875 0.786111
0 0.000976562 0.359028 0.00195312 0.677778
0 1 0.860417 0 0.279167
0 0.650391 0.696528 0.096875 0.593056
1 0.139062 0.987847 0.0261719 0.0243056
0 0.000805664 0.606858 0.00161133 0.671007
0 1 0.340625 0 0.277778
0 1 0.626389 0 0.354167
2 0.46875 0.508333 0.245312 0.922222
2 0.413184 0.611458 0.256445 0.561806
0 0.664844 0.5 0.123438 1
2 0.810352 0.476389 0.379297 0.952778
0 0.0693359 1 0.138672 0
0 0.914844 1 0.170312 0
0 0.776563 0.502778 0.446875 0.994444
0 0.627344 1 0.173438 0
2 0.501562 0.635069 0.157813 0.609028
1 0.507812 0.405208 0.0765625 0.0604167
0 0.583594 0.616667 0.2625 0.755556
0 0.577344 0.464236 0.109375 0.571528
1 0.527344 0.3375 0.03125 0.025
2 0.564453 0.494792 0.594531 0.974306
0 0.401953 0.999306 0.189063 0.00138889
0 0.419141 0.644097 0.517969 0.711806
2 0.4875 0.609722 0.115625 0.556944
0 0.219727 1 0.193359 0
1 0.485938 0.319097 0.021875 0.0368056
1 0.491406 0.335417 0.0289063 0.0222222
0 0.000708008 0.687674 0.00141602 0.296875
0 0.375 0.735243 0.479688 0.529514
0 1 0.292535 0 0.262153
2 0.542969 0.502083 0.26875 0.995833
2 0.363281 0.663368 0.389844 0.673264
0 0.596484 0.675 0.335938 0.644444
0 1 0.433247 0 0.347396
2 0.473437 0.5 0.338281 1
0 0.0741211 0.304514 0.148242 0.609028
1 0.482812 0.420486 0.0265625 0.0340278
0 0.666016 1 0.178125 0
0 0.672656 0.705382 0.148438 0.589236
0 0.470215 0.676042 0.21582 0.647917
0 0.546875 0.398958 0.16875 0.429861
2 0.812109 0.5 0.375781 1
0 0.805273 0.500347 0.389453 0.999306
0 1 0.566667 0 0.35
0 0.653906 0.596875 0.0953125 0.80625
0 0.683594 0.646528 0.442187 0.706944
0 0.000878906 0.844444 0.00175781 0.297222
0 0.0376953 0.5 0.0753906 1
0 0.000756836 0.777778 0.00151367 0.295833
0 0.000769043 0.6 0.00153809 0.3125
2 0.6125 0.503125 0.24375 0.99375
0 0.823828 0.845139 0.352344 0.309722
0 0.465234 0.642361 0.554688 0.715278
2 0.526563 0.627083 0.227344 0.720833
0 0.521191 0.704861 0.34043 0.583333
0 1 0.253993 0 0.246181
0 0.055127 0.690625 0.110254 0.61875
1 0.501953 0.416319 0.0648438 0.0472222
0 0.11582 0.719792 0.231641 0.560417
1 0.485938 0.401736 0.0328125 0.0673611
0 0.4875 0.460764 0.123438 0.276389
0 0.378027 0.81875 0.456445 0.3625
0 0.000634766 0.444444 0.00126953 0.318056
0 0.781641 0.791146 0.436719 0.417708
0 0.464063 0.654861 0.360156 0.690278
0 0.000732422 0.532639 0.00146484 0.313889
0 0.840625 0.999653 0.295312 0.000694444
0 0.689844 0.117188 0.0953125 0.225694
0 0.0244385 0.551042 0.048877 0.897917
0 0.178711 0.773264 0.357422 0.453472
0 0.646875 0.50625 0.134375 0.745833
0 1 0.679167 0 0.356944
0 0.501562 0.609722 0.0984375 0.569444
0 0.503516 0.496528 0.0890625 0.35
0 0.502344 0.631944 0.155469 0.602778
0 0.416016 0.609028 0.251563 0.555556
0 0.679688 0.254167 0.0875 0.506944
1 0.540625 0.338542 0.0140625 0.0229167
0 0.505469 0.44592 0.090625 0.249826
0 0.47041 0.50625 0.24043 0.916667
0 0.68125 0.148438 0.084375 0.293056
1 0.535937 0.338194 0.0226563 0.025
1 0.478906 0.334028 0.015625 0.0194444
0 0.50625 0.390972 0.0835937 0.131944
0 0.527344 0.625694 0.225 0.720833
0 0.393066 0.66441 0.29043 0.671181
0 0.471777 0.5 0.333008 1
0 0.544531 0.502083 0.265625 0.995833
0 0.630859 0.501389 0.127344 0.997222
0 0.000170898 0.915972 0.000341797 0.168056
0 0.000634766 0.480469 0.00126953 0.676562
0 0.541406 0.582292 0.176563 0.546528
0 0.000830078 0.757292 0.00166016 0.485417
1 0.540234 0.353472 0.0140625 0.0513889
0 0.694141 0.5 0.428906 1
0 1 0.505903 0 0.324306
0 0.000976562 0.887153 0.00195312 0.225694
0 0.614062 0.503125 0.239063 0.99375
0 0.674609 0.345139 0.0960938 0.673611
0 1 0.424219 0 0.272396
0 0.575781 0.671528 0.151562 0.630556
0 0.563965 0.494097 0.592383 0.972917
1 0.507031 0.384722 0.084375 0.123611
0 1 0.732118 0 0.344097
1 0.475 0.338194 0.0171875 0.025
0 0.664844 0.486458 0.0875 0.784028
1 0.471875 0.354514 0.0117188 0.0361111
0 0.650391 0.697222 0.096875 0.591667
0 1 0.860417 0 0.279167
0 0.000976562 0.359028 0.00195312 0.677778
0 0.490625 0.677431 0.120312 0.632639
1 0.139062 0.987847 0.0261719 0.0243056
0 1 0.340625 0 0.277778
0 0.000817871 0.60625 0.00163574 0.670833
0 1 0.626389 0 0.352778
2 0.47041 0.50625 0.24043 0.916667
2 0.416016 0.609028 0.251563 0.555556
0 0.0693359 1 0.138672 0
0 0.666016 0.5 0.121875 1
2 0.810352 0.476389 0.379297 0.952778
0 0.914844 1 0.170312 0
0 0.778125 0.502778 0.44375 0.994444
2 0.502344 0.631944 0.155469 0.602778
0 0.627344 1 0.174219 0
1 0.507812 0.405556 0.0765625 0.0597222
0 0.582812 0.615278 0.259375 0.756944
0 0.577344 0.463889 0.107813 0.570833
1 0.527344 0.3375 0.03125 0.0243056
2 0.563965 0.494097 0.592383 0.972917
0 0.401953 0.999306 0.189063 0.00138889
0 0.219727 1 0.192969 0
2 0.487891 0.608333 0.115625 0.554167
1 0.491406 0.335417 0.0289063 0.0222222
0 0.417969 0.644444 0.515625 0.711111
1 0.485938 0.319271 0.021875 0.0364583
0 0.000708008 0.688194 0.00141602 0.295833
0 0.374805 0.73559 0.480078 0.528819
0 1 0.292535 0 0.262153
2 0.544531 0.502083 0.265625 0.995833
2 0.362939 0.663715 0.388965 0.672569
0 0.596484 0.673958 0.335156 0.645139
0 1 0.433247 0 0.347396
2 0.471777 0.5 0.333008 1
0 0.0741211 0.304688 0.148242 0.609375
1 0.482812 0.420486 0.0265625 0.0340278
0 0.666016 1 0.178125 0
0 0.471094 0.675694 0.213281 0.648611
0 0.671484 0.704861 0.141406 0.590278
0 0.546875 0.398264 0.16875 0.427778
2 0.811719 0.5 0.376563 1
0 0.654297 0.597222 0.0953125 0.805556
0 0.805859 0.500347 0.388281 0.999306
0 1 0.566667 0 0.35
0 0.0375977 0.5 0.0751953 1
0 0.683594 0.645486 0.439063 0.709028
0 0.000756836 0.777778 0.00151367 0.295833
0 0.000878906 0.844444 0.00175781 0.297222
0 0.466309 0.642361 0.550195 0.715278
0 0.00078125 0.6 0.0015625 0.3125
0 0.521484 0.703472 0.3375 0.584722
0 0.823828 0.845139 0.352344 0.309722
2 0.614062 0.503125 0.239063 0.99375
2 0.527344 0.625694 0.225 0.720833
0 0.0552246 0.690625 0.110449 0.61875
1 0.501953 0.416319 0.0648438 0.0472222
1 0.485938 0.401389 0.0328125 0.0680556
0 0.115234 0.719792 0.230469 0.560417
0 0.000634766 0.444531 0.00126953 0.317882
0 0.487891 0.460069 0.123438 0.275694
0 0.378027 0.818924 0.456445 0.362153
0 0.782227 0.791146 0.435547 0.417708
0 0.466016 0.654861 0.352344 0.690278
0 0.000732422 0.532639 0.00146484 0.313889
0 0.840625 0.999653 0.295312 0.000694444
0 0.0247803 0.551042 0.0495605 0.897917
0 0.689844 0.117101 0.0953125 0.225868
0 0.648438 0.506944 0.13125 0.744444
0 0.178418 0.773264 0.356836 0.453472
0 1 0.67934 0 0.357986
