0 0.729297 0.146094 0.0664062 0.0578125
1 0.458984 0.393403 0.0109375 0.0326389
1 0.452344 0.406597 0.0117188 0.0423611
1 0.0573242 0.320486 0.00957031 0.0152778
1 0.0551758 0.328472 0.0104492 0.0274306
1 0.0563477 0.322569 0.0107422 0.0194444
1 0.0161682 0.352778 0.0117065 0.0125
1 0.0887695 0.893056 0.00527344 0.00694444
1 0.814844 0.436111 0.015625 0.0277778
1 0.00366211 0.29375 0.00649414 0.0145833
1 0.0558594 0.320139 0.0125 0.0215278
1 0.828125 0.980556 0.00625 0.0111111
1 0.815625 0.438889 0.01875 0.0347222
1 0.453516 0.400694 0.0148437 0.0402778
0 0.452344 0.406597 0.0117188 0.0423611
1 0.432031 0.825 0.00390625 0.00833333
1 0.457812 0.390278 0.0132813 0.0402778
1 0.0537109 0.326736 0.0162109 0.03125
1 0.816406 0.443056 0.015625 0.0263889
1 0.00443115 0.292014 0.00847168 0.0173611
0 0.826563 0.125174 0.034375 0.0475694
0 0.729297 0.146181 0.0664062 0.0572917
1 0.458984 0.393403 0.0109375 0.0326389
1 0.451953 0.406944 0.0109375 0.0402778
1 0.453906 0.405556 0.0148437 0.04375
1 0.057373 0.321181 0.00947266 0.0159722
1 0.0557617 0.324653 0.0125 0.0229167
1 0.815625 0.4375 0.015625 0.0236111
1 0.0558594 0.327951 0.00957031 0.0263889
1 0.817187 0.439583 0.01875 0.0361111
0 0.896875 0.130295 0.0375 0.106424
0 0.20625 0.982639 0.0542969 0.0319444
1 0.0537598 0.327778 0.0165039 0.0319444
0 0.451562 0.406944 0.0109375 0.0409722
1 0.0163574 0.352778 0.0114258 0.0125
0 0.729688 0.414583 0.0664062 0.139583
1 0.453906 0.397917 0.0164062 0.0375
1 0.054834 0.327431 0.0138672 0.0253472
1 0.00366211 0.294965 0.00615234 0.0111111
1 0.814062 0.440278 0.0203125 0.0319444
1 0.449609 0.407639 0.0148437 0.0409722
0 0.729297 0.146007 0.0664062 0.0579861
1 0.458984 0.393403 0.0109375 0.0326389
1 0.451953 0.406944 0.0109375 0.0402778
0 0.896875 0.130208 0.0375 0.10625
0 0.358984 0.886806 0.129688 0.180556
0 0.728906 0.411719 0.0671875 0.144618
1 0.0570313 0.32066 0.00976562 0.0142361
0 0.451562 0.407292 0.0109375 0.0402778
0 0.20542 0.983333 0.0555664 0.0333333
1 0.0160095 0.352431 0.0123169 0.0131944
1 0.453125 0.395833 0.0148437 0.0333333
1 0.454297 0.408333 0.0148437 0.0423611
1 0.814062 0.438194 0.0125 0.0180556
1 0.0562988 0.324306 0.0107422 0.0215278
1 0.449609 0.407639 0.0140625 0.0402778
1 0.0556641 0.327604 0.009375 0.0284722
1 0.119043 0.63125 0.0289063 0.0361111
1 0.815625 0.435417 0.015625 0.025
1 0.459375 0.388194 0.0109375 0.0375
1 0.0522461 0.213542 0.0173828 0.0184028
1 0.666406 0.0379232 0.0078125 0.0142578
1 0.446875 0.406944 0.0171875 0.0430556
1 0.457422 0.388889 0.0132813 0.0402778
0 0.728906 0.146007 0.065625 0.0586806
1 0.451953 0.406944 0.0117188 0.0402778
1 0.458984 0.39375 0.0109375 0.0333333
1 0.0572266 0.320833 0.00927734 0.0152778
0 0.896875 0.130469 0.040625 0.107118
1 0.0566406 0.322917 0.00996094 0.0194444
1 0.0556641 0.327257 0.0105469 0.0253472
1 0.0159668 0.352778 0.0114258 0.0125
0 0.352734 0.886806 0.114844 0.176389
1 0.449609 0.407292 0.0140625 0.0416667
1 0.452344 0.397917 0.0140625 0.0361111
1 0.666016 0.0384115 0.0078125 0.015191
1 0.814062 0.439236 0.0125 0.0180556
0 0.451562 0.406944 0.0109375 0.0402778
0 0.20625 0.982639 0.0554687 0.0333333
0 0.729688 0.416319 0.065625 0.135417
1 0.0150452 0.352083 0.0140503 0.0152778
1 0.0534668 0.327431 0.0163086 0.0305556
1 0.454297 0.408333 0.0148437 0.0430556
1 0.815625 0.434722 0.0125 0.025
1 0.0544922 0.323611 0.0118164 0.0194444
1 0.00444336 0.294444 0.00698242 0.0142361
0 0.729297 0.145833 0.0664062 0.0586806
1 0.452344 0.406944 0.0109375 0.0402778
1 0.458594 0.39375 0.0109375 0.0333333
1 0.055957 0.321528 0.0111328 0.0166667
1 0.0555664 0.325347 0.0117188 0.025
0 0.896875 0.130556 0.0390625 0.106944
0 0.349805 0.886111 0.111328 0.175
1 0.0161377 0.352778 0.0110352 0.0125
1 0.452734 0.397917 0.0140625 0.0361111
1 0.00466309 0.293576 0.00742187 0.0149306
1 0.0545898 0.328472 0.0115234 0.0291667
1 0.449609 0.407639 0.0140625 0.0416667
1 0.814062 0.437847 0.0125 0.01875
1 0.666016 0.0385851 0.0078125 0.0153646
0 0.728906 0.413542 0.0671875 0.142361
1 0.00615234 0.292361 0.00981445 0.0166667
1 0.815625 0.434028 0.0140625 0.0236111
1 0.0537109 0.327604 0.0162109 0.03125
0 0.451562 0.406944 0.0109375 0.0402778
1 0.0150391 0.352431 0.013916 0.0145833
1 0.454688 0.407986 0.0140625 0.0430556
1 0.00512695 0.290972 0.00864258 0.01875
0 0.458594 0.39375 0.0109375 0.0333333
1 0.0158936 0.354861 0.0119629 0.0152778
1 0.666406 0.0403537 0.009375 0.0205078
0 0.729297 0.145833 0.0664062 0.0579861
1 0.458984 0.393403 0.0109375 0.0333333
1 0.452344 0.406944 0.0109375 0.0402778
1 0.0558594 0.322049 0.0115234 0.0180556
0 0.896875 0.130295 0.0375 0.106424
1 0.0555176 0.326389 0.0113281 0.0284722
1 0.00490723 0.293403 0.00800781 0.0159722
1 0.814062 0.437153 0.0125 0.0208333
1 0.0543945 0.323611 0.0131836 0.0208333
1 0.0163818 0.352778 0.0110352 0.0125
0 0.349609 0.889583 0.111719 0.170833
0 0.729688 0.412153 0.06875 0.145139
1 0.452344 0.396875 0.0140625 0.0340278
1 0.815625 0.434722 0.0140625 0.025
1 0.00622559 0.292361 0.0101807 0.0166667
1 0.0539063 0.327431 0.0162109 0.0302083
1 0.449609 0.407639 0.0140625 0.0416667
1 0.666406 0.0383247 0.0078125 0.0148437
0 0.451953 0.406944 0.0109375 0.0409722
1 0.454688 0.408333 0.0140625 0.0430556
1 0.0551758 0.323264 0.0142578 0.0277778
0 0.458594 0.393403 0.0109375 0.0333333
1 0.816406 0.439583 0.0171875 0.0347222
1 0.817187 0.447917 0.0125 0.0194444
1 0.0150879 0.352431 0.0142578 0.0152778
1 0.0395508 0.339583 0.0102539 0.0138889
0 0.729688 0.145833 0.0671875 0.0583333
1 0.458984 0.393403 0.0109375 0.0326389
1 0.452344 0.406944 0.0109375 0.0402778
1 0.0558594 0.321701 0.0115234 0.0170139
0 0.896875 0.130469 0.0375 0.106771
1 0.0555664 0.326389 0.0114258 0.028125
1 0.814062 0.4375 0.0125 0.0222222
0 0.35 0.888889 0.111719 0.172222
1 0.00489502 0.293403 0.00803223 0.015625
1 0.815625 0.435417 0.0140625 0.0263889
1 0.0538574 0.326389 0.0162109 0.0284722
0 0.451953 0.406944 0.0109375 0.0402778
1 0.452344 0.397222 0.0140625 0.0347222
1 0.45 0.406944 0.015625 0.0416667
1 0.0165283 0.352778 0.011084 0.0125
1 0.00625 0.292361 0.0103027 0.0166667
1 0.817187 0.439583 0.01875 0.0347222
1 0.666406 0.0382704 0.0078125 0.014605
1 0.817187 0.447222 0.0125 0.0194444
0 0.458594 0.39375 0.0109375 0.0333333
0 0.614062 0.160938 0.0632813 0.0510417
1 0.815625 0.440278 0.015625 0.0291667
1 0.233984 0.024566 0.00507812 0.0104167
1 0.454688 0.408333 0.0140625 0.0423611
1 0.0551758 0.322917 0.0140625 0.0267361
0 0.729688 0.414583 0.06875 0.140278
1 0.81875 0.448958 0.0125 0.0159722
0 0.729688 0.145833 0.0671875 0.0583333
1 0.458984 0.393403 0.0109375 0.0326389
1 0.451953 0.406944 0.0109375 0.0402778
1 0.0557617 0.321875 0.0119141 0.0173611
0 0.896875 0.130577 0.0375 0.107248
1 0.0552734 0.324653 0.0126953 0.0236111
1 0.453906 0.405556 0.0140625 0.0416667
1 0.814062 0.437153 0.0125 0.0229167
0 0.35 0.8875 0.111719 0.175
1 0.815625 0.435417 0.015625 0.0263889
1 0.0538574 0.326562 0.0163086 0.0288194
1 0.00494385 0.293403 0.00812988 0.0159722
0 0.451953 0.406944 0.0109375 0.0402778
1 0.452344 0.397222 0.0140625 0.0347222
1 0.0165588 0.352778 0.0110229 0.0125
1 0.45 0.406944 0.015625 0.0416667
0 0.614062 0.160851 0.0609375 0.0494792
1 0.817187 0.439236 0.01875 0.0347222
1 0.233984 0.0246094 0.00507812 0.0101562
1 0.666406 0.0384115 0.0078125 0.0147569
1 0.00632324 0.292361 0.010498 0.0166667
1 0.817187 0.447222 0.0125 0.0194444
0 0.458594 0.39375 0.0109375 0.0333333
1 0.0391113 0.338889 0.0113281 0.0159722
1 0.81875 0.448611 0.0125 0.0166667
0 0.729297 0.145833 0.0664062 0.0583333
1 0.458984 0.39375 0.0109375 0.0333333
1 0.451953 0.406944 0.0109375 0.0402778
1 0.0558594 0.322049 0.0121094 0.0177083
1 0.453906 0.405556 0.0140625 0.0416667
0 0.896875 0.130469 0.0375 0.107118
1 0.0553711 0.325347 0.0125 0.0243056
1 0.814062 0.436806 0.0125 0.0229167
0 0.350586 0.8875 0.112109 0.175
1 0.815625 0.435417 0.015625 0.0263889
1 0.0538574 0.327083 0.0165039 0.0298611
0 0.451953 0.406944 0.0109375 0.0402778
1 0.452344 0.397222 0.0140625 0.0347222
1 0.666406 0.0383572 0.0078125 0.0147786
1 0.817187 0.439236 0.01875 0.0347222
0 0.614062 0.160243 0.059375 0.0489583
1 0.00483398 0.293403 0.00795898 0.015625
1 0.45 0.406944 0.015625 0.0409722
1 0.016626 0.352778 0.011084 0.0118056
1 0.233984 0.0246962 0.00507812 0.0100694
1 0.817187 0.447222 0.0125 0.0194444
0 0.458594 0.39375 0.0109375 0.0333333
1 0.00640869 0.292535 0.0106445 0.0170139
1 0.0390625 0.338542 0.0116211 0.0159722
0 0.729297 0.14592 0.0664062 0.0581597
1 0.458984 0.393403 0.0109375 0.0333333
1 0.451953 0.406944 0.0109375 0.0402778
1 0.0558594 0.322222 0.0121094 0.0180556
1 0.453906 0.405556 0.0140625 0.0416667
0 0.896875 0.130556 0.0390625 0.107292
1 0.0554687 0.326042 0.0125 0.025
1 0.814062 0.436806 0.0125 0.0236111
1 0.0538086 0.327431 0.0166016 0.0305556
0 0.351172 0.886806 0.113281 0.177778
0 0.451953 0.406944 0.0109375 0.0402778
1 0.452344 0.397222 0.0140625 0.0347222
1 0.814844 0.436458 0.015625 0.0284722
1 0.817187 0.438889 0.01875 0.0347222
1 0.0166565 0.352778 0.0110229 0.0118056
1 0.449609 0.407292 0.0140625 0.0409722
1 0.666406 0.0382921 0.0078125 0.0145616
1 0.00479736 0.293403 0.00788574 0.0152778
1 0.233984 0.0246528 0.00507812 0.0101562
0 0.614062 0.159635 0.0578125 0.0484375
1 0.817187 0.447222 0.0125 0.0194444
0 0.458594 0.39375 0.0109375 0.0333333
1 0.0389526 0.338368 0.0117432 0.0170139
0 0.729688 0.146007 0.0671875 0.0579861
1 0.458984 0.393056 0.0109375 0.0333333
1 0.451953 0.406944 0.0109375 0.0402778
1 0.0558594 0.322396 0.0121094 0.0180556
1 0.453906 0.405556 0.0140625 0.0416667
1 0.0554687 0.326042 0.0125 0.0253472
0 0.896875 0.130642 0.0390625 0.107465
1 0.814844 0.436806 0.0140625 0.0236111
1 0.0537598 0.327778 0.0167969 0.0305556
0 0.351172 0.886111 0.114063 0.177778
1 0.452344 0.397569 0.0132813 0.0354167
0 0.451953 0.406944 0.0109375 0.0402778
1 0.0166748 0.352778 0.0109375 0.0118056
1 0.233984 0.0246094 0.00546875 0.0102431
1 0.449609 0.407292 0.0140625 0.0409722
1 0.817187 0.439236 0.01875 0.0347222
1 0.666406 0.0382704 0.0078125 0.0144314
1 0.00476074 0.293403 0.00791016 0.0152778
1 0.817187 0.447569 0.0125 0.01875
1 0.0389526 0.338194 0.0117432 0.0173611
0 0.458594 0.39375 0.0109375 0.0333333
0 0.729688 0.146007 0.0671875 0.0579861
1 0.451953 0.406944 0.0109375 0.0402778
1 0.458984 0.393056 0.0109375 0.0333333
1 0.0558594 0.322569 0.0121094 0.01875
1 0.0555176 0.326042 0.0125 0.0256944
1 0.453906 0.405556 0.0140625 0.0416667
0 0.896875 0.130816 0.0390625 0.107813
1 0.814062 0.436111 0.0125 0.0222222
0 0.350977 0.886111 0.113672 0.177778
1 0.0537109 0.327951 0.0168945 0.0309028
0 0.451953 0.406944 0.0109375 0.0402778
1 0.452344 0.397917 0.0132813 0.0361111
1 0.0167053 0.352778 0.0108276 0.0125
1 0.233984 0.024566 0.00507812 0.0102865
1 0.814844 0.436111 0.015625 0.0277778
1 0.449609 0.407292 0.0140625 0.0409722
1 0.666406 0.0382813 0.0078125 0.0143229
1 0.817187 0.438889 0.01875 0.0347222
1 0.00473633 0.29375 0.0078125 0.0145833
1 0.038916 0.338194 0.0117188 0.0173611
0 0.458594 0.39375 0.0109375 0.0333333
0 0.729297 0.414583 0.0671875 0.140278
0 0.729688 0.146007 0.0671875 0.0579861
1 0.451953 0.406944 0.0109375 0.0402778
1 0.458984 0.393056 0.0109375 0.0333333
1 0.0558594 0.322743 0.012207 0.0190972
1 0.0554687 0.326389 0.0126953 0.0263889
1 0.453906 0.405556 0.0140625 0.0416667
0 0.896875 0.130816 0.0390625 0.107813
1 0.814062 0.436111 0.0125 0.0222222
0 0.351172 0.886111 0.114063 0.177778
1 0.0537109 0.328125 0.0168945 0.03125
1 0.0167236 0.352778 0.0108398 0.0125
0 0.451953 0.406944 0.0109375 0.0402778
1 0.452344 0.397917 0.0132813 0.0361111
1 0.233984 0.0245226 0.00546875 0.0103299
1 0.814844 0.435764 0.015625 0.0270833
1 0.45 0.406944 0.015625 0.0409722
1 0.666406 0.0382921 0.0078125 0.0142144
1 0.0046875 0.29375 0.0078125 0.0145833
1 0.817187 0.438889 0.01875 0.0347222
1 0.038977 0.337847 0.0116943 0.0180556
0 0.729297 0.413889 0.0671875 0.141667
1 0.119336 0.631944 0.0289063 0.0354167
0 0.729688 0.146007 0.0671875 0.0576389
1 0.451953 0.406944 0.0109375 0.0402778
1 0.458984 0.393056 0.0109375 0.0333333
1 0.0558594 0.323264 0.0124023 0.0201389
1 0.0549805 0.327083 0.0138672 0.0263889
1 0.453906 0.405556 0.0140625 0.0416667
0 0.896875 0.130707 0.0390625 0.107335
1 0.814062 0.436111 0.0125 0.0222222
1 0.0537109 0.328125 0.0169922 0.03125
0 0.351172 0.886111 0.114844 0.177778
1 0.0166992 0.352778 0.0109863 0.0125
0 0.451953 0.406944 0.0109375 0.0402778
1 0.452344 0.398611 0.0132813 0.0361111
1 0.233789 0.0245226 0.00507812 0.0104167
1 0.814844 0.435764 0.015625 0.0270833
1 0.45 0.406944 0.015625 0.0409722
1 0.119434 0.631944 0.0289063 0.0361111
1 0.666406 0.0381944 0.0078125 0.0138889
0 0.729688 0.414236 0.0671875 0.140972
1 0.0046875 0.29375 0.0078125 0.0145833
1 0.0388672 0.337847 0.0119141 0.0180556
1 0.817187 0.438889 0.01875 0.0347222
1 0.0474731 0.330903 0.0275146 0.0340278
0 0.729688 0.146007 0.0671875 0.0576389
1 0.451953 0.406944 0.0109375 0.0402778
1 0.458984 0.393056 0.0109375 0.0333333
1 0.0559082 0.32309 0.0124023 0.0197917
1 0.0555176 0.326736 0.012793 0.0270833
1 0.453906 0.405556 0.0140625 0.0423611
0 0.351172 0.886111 0.114063 0.179167
1 0.814062 0.436111 0.0125 0.0215278
0 0.896875 0.130642 0.0390625 0.107118
1 0.0166748 0.352778 0.0110352 0.0125
1 0.0537109 0.328472 0.0171875 0.0319444
1 0.452344 0.398611 0.0132813 0.0375
1 0.815625 0.434722 0.015625 0.025
0 0.451953 0.406944 0.0109375 0.0402778
1 0.233789 0.0244792 0.00507812 0.0104167
1 0.45 0.406944 0.015625 0.0409722
1 0.119434 0.631944 0.0289063 0.0361111
0 0.729297 0.413889 0.0671875 0.141667
1 0.00465088 0.293576 0.00776367 0.0145833
1 0.666016 0.0381944 0.00859375 0.0137153
1 0.0388184 0.337674 0.0119141 0.0184028
1 0.817187 0.438889 0.01875 0.0347222
0 0.729297 0.146007 0.0664062 0.0579861
1 0.451953 0.406944 0.0109375 0.0402778
1 0.458984 0.393056 0.0109375 0.0333333
1 0.0558594 0.323264 0.0123047 0.0201389
1 0.0556641 0.32691 0.0125 0.0291667
1 0.453906 0.405556 0.0140625 0.0423611
0 0.350586 0.886111 0.112891 0.177778
1 0.0537109 0.328125 0.0170898 0.03125
1 0.814062 0.436111 0.0125 0.0208333
1 0.0166504 0.352778 0.0111328 0.0125
0 0.896875 0.130642 0.0390625 0.107118
1 0.815625 0.434722 0.015625 0.0243056
1 0.452344 0.398958 0.0132813 0.0375
0 0.451953 0.406944 0.0109375 0.0402778
1 0.450391 0.406944 0.015625 0.0409722
1 0.119434 0.631944 0.0289063 0.0354167
1 0.233789 0.0244358 0.00507812 0.0105035
1 0.00461426 0.29375 0.00766602 0.0142361
1 0.0387695 0.3375 0.0120117 0.01875
0 0.729297 0.413542 0.0671875 0.142361
1 0.666016 0.0382813 0.00859375 0.0138021
1 0.816406 0.438194 0.01875 0.0333333
0 0.729688 0.14592 0.0671875 0.0574653
1 0.451953 0.406944 0.0109375 0.0409722
1 0.458984 0.393056 0.0109375 0.0333333
1 0.0558594 0.323438 0.0125 0.0204861
1 0.0556641 0.32691 0.0125 0.0291667
1 0.453906 0.405556 0.0140625 0.0423611
1 0.0537109 0.327951 0.0169922 0.0309028
1 0.814062 0.436111 0.0125 0.0208333
0 0.350586 0.885417 0.112891 0.179167
1 0.452344 0.399306 0.0132813 0.0375
0 0.896875 0.130816 0.0390625 0.107118
1 0.0166992 0.352083 0.0112305 0.0125
1 0.814844 0.435417 0.015625 0.0256944
0 0.451953 0.406944 0.0109375 0.0409722
1 0.450391 0.406944 0.015625 0.0416667
1 0.119434 0.631944 0.0289063 0.0354167
1 0.00462647 0.29375 0.00773926 0.0138889
1 0.0387207 0.337326 0.012207 0.0190972
1 0.666016 0.0384549 0.00859375 0.0140625
0 0.729688 0.14592 0.0671875 0.0574653
1 0.451953 0.406944 0.0109375 0.0409722
1 0.458984 0.393056 0.0109375 0.0333333
1 0.0558594 0.323438 0.0125 0.0204861
1 0.0556152 0.326736 0.0125977 0.0291667
1 0.453906 0.405556 0.0140625 0.0423611
1 0.814062 0.436458 0.0125 0.0201389
1 0.0532227 0.328646 0.0173828 0.0315972
1 0.452344 0.399306 0.0140625 0.0375
1 0.815625 0.434722 0.015625 0.0236111
0 0.350391 0.885417 0.1125 0.179167
1 0.119531 0.631944 0.0289063 0.0354167
1 0.450391 0.406944 0.015625 0.0416667
0 0.451953 0.406944 0.0109375 0.0409722
1 0.0166992 0.352083 0.011377 0.0125
1 0.00458984 0.293924 0.00766602 0.0138889
0 0.896875 0.130577 0.0375 0.106554
0 0.729297 0.14592 0.0664062 0.0574653
1 0.451562 0.406944 0.0109375 0.0409722
1 0.458594 0.393403 0.0109375 0.0333333
1 0.0558594 0.323264 0.0125 0.0208333
1 0.0555664 0.326736 0.0125 0.0291667
1 0.453906 0.405556 0.0140625 0.0423611
1 0.814062 0.436111 0.0125 0.0194444
1 0.0532715 0.328299 0.0172852 0.03125
1 0.452344 0.399306 0.0140625 0.0375
1 0.815625 0.434722 0.015625 0.0236111
1 0.119434 0.631944 0.0291016 0.0354167
1 0.45 0.406944 0.015625 0.0416667
0 0.451562 0.406944 0.0109375 0.0409722
0 0.350195 0.885417 0.112891 0.179167
1 0.0166992 0.352083 0.0114258 0.0131944
1 0.00454102 0.293924 0.00759277 0.0138889
0 0.729297 0.14592 0.0664062 0.0574653
1 0.451562 0.406944 0.0109375 0.0416667
1 0.458594 0.393403 0.0109375 0.0333333
1 0.0558594 0.323264 0.0125 0.0201389
1 0.0554687 0.326736 0.0125 0.0291667
1 0.453906 0.405556 0.0140625 0.0430556
1 0.814062 0.436458 0.0125 0.0194444
1 0.0532227 0.328299 0.0173828 0.03125
1 0.451953 0.399653 0.0132813 0.0381944
1 0.119336 0.631944 0.0292969 0.0347222
1 0.815625 0.434375 0.015625 0.0236111
1 0.45 0.406944 0.015625 0.0416667
0 0.451562 0.406944 0.0109375 0.0416667
0 0.35 0.886111 0.1125 0.177778
0 0.729297 0.145833 0.0664062 0.0576389
1 0.451562 0.406944 0.0109375 0.0416667
1 0.458594 0.393403 0.0109375 0.0333333
1 0.0558594 0.323264 0.0124023 0.0204861
1 0.0554687 0.326736 0.0123047 0.0291667
1 0.453906 0.405556 0.0140625 0.0430556
1 0.119336 0.631944 0.0292969 0.0347222
1 0.814062 0.436111 0.0125 0.0194444
1 0.0532227 0.328125 0.0171875 0.03125
1 0.451953 0.4 0.0132813 0.0388889
1 0.815625 0.434375 0.015625 0.0236111
1 0.45 0.406944 0.015625 0.0416667
0 0.451562 0.406944 0.0109375 0.0416667
0 0.349805 0.886111 0.112109 0.177778
0 0.729297 0.145833 0.0664062 0.0576389
1 0.451562 0.406944 0.0109375 0.0416667
1 0.458594 0.393403 0.0109375 0.0333333
1 0.0564941 0.322222 0.0113281 0.01875
1 0.0555664 0.326389 0.0125 0.0263889
1 0.453906 0.405556 0.0140625 0.0430556
1 0.0537109 0.326736 0.0167969 0.0291667
1 0.119336 0.631944 0.0294922 0.0347222
1 0.814062 0.436111 0.0125 0.0194444
1 0.451953 0.4 0.0132813 0.0388889
1 0.450391 0.406944 0.015625 0.0416667
0 0.451562 0.406944 0.0109375 0.0416667
1 0.814844 0.435069 0.015625 0.025
0 0.349609 0.886111 0.111719 0.177778
0 0.729297 0.145833 0.0664062 0.0576389
1 0.451953 0.406944 0.0109375 0.0416667
1 0.458594 0.393403 0.0109375 0.0333333
1 0.0564453 0.322222 0.0113281 0.01875
1 0.0554687 0.326389 0.0125 0.0263889
1 0.453906 0.405556 0.0140625 0.0430556
1 0.119336 0.631944 0.0296875 0.0347222
1 0.0537598 0.326389 0.0167969 0.0284722
1 0.814062 0.435417 0.0125 0.0208333
1 0.451562 0.4 0.0125 0.0388889
0 0.349609 0.886111 0.111719 0.177778
1 0.45 0.406944 0.015625 0.0416667
0 0.451953 0.406944 0.0109375 0.0416667
1 0.814844 0.434722 0.015625 0.025
0 0.729297 0.145833 0.0664062 0.0576389
1 0.451953 0.406944 0.0109375 0.0416667
1 0.458594 0.393403 0.0109375 0.0333333
1 0.0564453 0.322222 0.0113281 0.01875
1 0.0554687 0.326562 0.0117188 0.0288194
1 0.119336 0.631944 0.0296875 0.0347222
1 0.453906 0.405556 0.0140625 0.0430556
1 0.0537598 0.326389 0.0167969 0.0277778
1 0.451562 0.400347 0.0125 0.0395833
1 0.814062 0.435417 0.0125 0.0208333
0 0.349609 0.886111 0.111719 0.177778
1 0.45 0.406944 0.015625 0.0416667
0 0.451953 0.406944 0.0109375 0.0416667
1 0.814844 0.434722 0.015625 0.025
1 0.0554199 0.322743 0.0131836 0.0263889
0 0.729297 0.145833 0.0664062 0.0576389
1 0.451953 0.406944 0.0109375 0.0416667
1 0.458594 0.393403 0.0109375 0.0333333
1 0.0564453 0.322222 0.0113281 0.0184028
1 0.0555176 0.326562 0.0114258 0.0284722
1 0.453906 0.405556 0.0140625 0.0430556
1 0.119336 0.631944 0.0296875 0.0347222
1 0.451562 0.400347 0.0125 0.0395833
1 0.814062 0.435069 0.0125 0.0215278
1 0.0537109 0.326215 0.0167969 0.0274306
0 0.349609 0.886111 0.111719 0.177778
1 0.45 0.406944 0.015625 0.0416667
0 0.451953 0.406944 0.0109375 0.0416667
1 0.814844 0.434722 0.015625 0.025
1 0.0554687 0.322569 0.0129883 0.0256944
0 0.729297 0.146007 0.0664062 0.0572917
1 0.451953 0.406944 0.0109375 0.0416667
1 0.458984 0.393403 0.0101562 0.0333333
1 0.0564453 0.322222 0.0113281 0.0184028
1 0.0555664 0.326562 0.0115234 0.0284722
1 0.453906 0.405556 0.0140625 0.0430556
1 0.119336 0.631944 0.0296875 0.0347222
1 0.451562 0.400347 0.0125 0.0395833
1 0.814062 0.435069 0.0125 0.0215278
1 0.0537109 0.326215 0.0167969 0.0274306
0 0.349609 0.886111 0.111719 0.177778
1 0.45 0.406944 0.015625 0.0416667
0 0.451953 0.406944 0.0109375 0.0416667
1 0.814844 0.434722 0.015625 0.025
1 0.0554687 0.322569 0.0129883 0.0256944
