0 0.825 0.173785 0.0640625 0.0670139
0 0.557813 0.738889 0.0953125 0.220833
0 0.404297 0.350694 0.0601562 0.0645833
0 0.832812 0.578819 0.071875 0.125694
0 0.76875 0.753993 0.0859375 0.208681
0 0.660156 0.50625 0.0828125 0.122222
0 0.726172 0.927778 0.0703125 0.143056
0 0.988281 0.0615017 0.0234375 0.0603299
1 0.917969 0.960417 0.01875 0.0222222
0 0.168359 0.78125 0.0136719 0.0125
0 0.170898 0.781944 0.0169922 0.0138889
1 0.179102 0.852778 0.00859375 0.0111111
1 0.329492 0.848611 0.0078125 0.0180556
1 0.168164 0.780556 0.0128906 0.0125
1 0.329297 0.851389 0.00859375 0.025
0 0.917188 0.960417 0.01875 0.0222222
1 0.689844 0.425 0.0109375 0.0138889
1 0.321094 0.858333 0.0078125 0.0111111
1 0.502344 0.773611 0.0109375 0.025
1 0.180469 0.847222 0.0105469 0.0152778
1 0.182617 0.836111 0.0078125 0.0111111
1 0.660156 0.505903 0.0828125 0.122917
1 0.330469 0.85 0.009375 0.0194444
1 0.180957 0.843056 0.0113281 0.025
0 0.0558594 1 0.018457 0
1 0.771875 0.653472 0.0078125 0.0104167
1 0.503906 0.772917 0.0140625 0.0305556
0 0.11311 0.740104 0.0776855 0.108681
1 0.341406 0.363889 0.0101562 0.0236111
0 0.221484 0.943056 0.0101562 0.0361111
1 0.726562 0.927778 0.06875 0.143056
1 0.501953 0.770833 0.0148437 0.0361111
0 0.507031 0.729167 0.0234375 0.0555556
0 0.507031 0.740278 0.025 0.0805556
1 0.832812 0.578819 0.071875 0.125694
0 0.170703 1 0.0367187 0
1 0.503906 0.775 0.0171875 0.0375
0 0.170703 0.779167 0.0179687 0.0166667
1 0.557813 0.740972 0.0960938 0.223611
0 0.507812 0.722222 0.021875 0.0402778
0 0.825 0.173958 0.0640625 0.0666667
0 0.403906 0.350347 0.0601562 0.0638889
0 0.832812 0.579167 0.071875 0.126389
0 0.660156 0.50625 0.0828125 0.122917
0 0.557813 0.739062 0.0953125 0.221875
0 0.769531 0.754167 0.0859375 0.206944
0 0.726953 0.927778 0.0679687 0.141667
0 0.9875 0.0616319 0.025 0.0602431
1 0.917188 0.960417 0.01875 0.0222222
0 0.167578 0.78125 0.0125 0.0125
1 0.690234 0.424306 0.0117188 0.0138889
1 0.167187 0.780556 0.0117188 0.0111111
0 0.170703 0.781944 0.0171875 0.0166667
0 0.917188 0.960417 0.01875 0.0222222
1 0.771484 0.653472 0.0078125 0.00972222
1 0.180078 0.851389 0.0105469 0.0111111
1 0.502344 0.773611 0.0109375 0.0236111
1 0.329688 0.848611 0.0078125 0.0166667
1 0.690625 0.424653 0.0140625 0.0166667
1 0.769531 0.75434 0.0859375 0.207986
1 0.557813 0.739583 0.0953125 0.220833
1 0.727344 0.927778 0.06875 0.141667
1 0.503125 0.775 0.0109375 0.0319444
1 0.180469 0.847222 0.0117188 0.0194444
0 0.221094 0.951389 0.009375 0.0222222
0 0.221875 0.944444 0.009375 0.025
1 0.321094 0.859028 0.00820312 0.0111111
1 0.328516 0.852083 0.0101562 0.0236111
0 0.50625 0.743056 0.0273438 0.0888889
1 0.180859 0.841667 0.0113281 0.0236111
1 0.570312 0.63125 0.00625 0.0111111
1 0.660156 0.505556 0.0828125 0.122222
1 0.504297 0.770833 0.0148437 0.0361111
0 0.403906 0.759028 0.0640625 0.119444
0 0.359766 0.453472 0.021875 0.0486111
0 0.4625 0.592708 0.0648438 0.111111
1 0.341406 0.364583 0.009375 0.0222222
1 0.221875 0.944444 0.009375 0.025
0 0.359375 0.459028 0.0195312 0.0361111
1 0.167578 0.779167 0.0128906 0.0152778
1 0.502344 0.775 0.015625 0.0388889
0 0.825 0.174002 0.0640625 0.0672743
0 0.557422 0.739583 0.0953125 0.220833
0 0.403906 0.350347 0.0609375 0.0638889
0 0.769141 0.75434 0.0851562 0.207986
0 0.659766 0.505556 0.0828125 0.122222
0 0.832812 0.579167 0.071875 0.126389
0 0.726562 0.927778 0.0695312 0.141667
0 0.9875 0.0615885 0.025 0.0605035
1 0.917188 0.960417 0.01875 0.0222222
0 0.168359 0.781944 0.0140625 0.0138889
0 0.170508 0.781944 0.0175781 0.0152778
1 0.502734 0.772917 0.0101562 0.0236111
1 0.690234 0.425 0.0117188 0.0138889
0 0.168359 0.779167 0.0148437 0.0166667
1 0.167773 0.78125 0.0130859 0.0125
1 0.179688 0.851389 0.0109375 0.0138889
0 0.917188 0.960417 0.01875 0.0222222
1 0.503125 0.775 0.0125 0.0305556
1 0.180371 0.845833 0.0123047 0.0222222
0 0.361914 0.449306 0.0265625 0.0569444
0 0.400098 0.766667 0.0404297 0.108333
1 0.181152 0.838889 0.0107422 0.0166667
0 0.366016 0.444444 0.0351562 0.0652778
0 0.505469 0.741667 0.0289063 0.0875
1 0.329688 0.85 0.00820312 0.0194444
0 0.370117 0.451389 0.0417969 0.0569444
0 0.410156 0.757639 0.0648438 0.126389
1 0.502734 0.770833 0.015625 0.0333333
0 0.998438 0.924306 0.003125 0.0388889
0 0.399219 0.783333 0.0390625 0.0833333
0 0.997656 0.919444 0.0046875 0.05
0 0.360156 0.454167 0.0226563 0.0458333
1 0.771875 0.654167 0.009375 0.0111111
1 0.690625 0.425 0.0140625 0.0180556
0 0.166016 0.78125 0.0152344 0.0152778
0 0.3 0.970833 0.0304688 0.0527778
0 0.402441 0.765278 0.0560547 0.129167
1 0.341016 0.361458 0.0109375 0.0284722
1 0.328906 0.852778 0.0109375 0.025
1 0.541016 0.844444 0.00859375 0.0138889
0 0.464063 0.606944 0.0640625 0.130556
1 0.168359 0.779167 0.0148437 0.0166667
1 0.667969 0.125087 0.00703125 0.0204861
1 0.505469 0.763194 0.01875 0.0472222
0 0.17168 0.7875 0.0195312 0.0194444
1 0.503125 0.779167 0.015625 0.0416667
1 0.170508 0.781944 0.0175781 0.0152778
1 0.726562 0.927778 0.0679687 0.141667
0 0.358984 0.443056 0.0273438 0.0625
0 0.50625 0.729167 0.0257812 0.0597222
1 0.832812 0.578819 0.071875 0.126389
0 0.505469 0.763194 0.01875 0.0472222
1 0.9875 0.0625 0.025 0.059375
0 0.169531 0.786111 0.0179687 0.0194444
1 0.917188 0.966667 0.01875 0.0305556
1 0.570312 0.631944 0.00625 0.0111111
1 0.5125 0.718056 0.0125 0.0333333
0 0.825 0.173785 0.0640625 0.0670139
0 0.403906 0.350608 0.0609375 0.0640625
0 0.832812 0.579167 0.071875 0.125694
0 0.557813 0.738889 0.0953125 0.220833
0 0.769531 0.753472 0.0859375 0.206944
0 0.660156 0.505556 0.0828125 0.122222
0 0.725781 0.927778 0.06875 0.141667
0 0.988281 0.0615451 0.0234375 0.0607639
1 0.917188 0.961111 0.01875 0.0222222
0 0.168652 0.781944 0.0144531 0.0138889
0 0.170508 0.781944 0.0179687 0.0166667
1 0.179688 0.851389 0.0101562 0.0138889
1 0.690234 0.425 0.0117188 0.0138889
1 0.502344 0.772222 0.0109375 0.0222222
0 0.50625 0.741667 0.0265625 0.0875
1 0.181348 0.8375 0.00957031 0.0138889
1 0.180664 0.843056 0.0111328 0.0222222
1 0.167969 0.78125 0.0130859 0.0125
0 0.917188 0.961111 0.01875 0.0222222
0 0.506641 0.728993 0.025 0.0586806
1 0.503125 0.773611 0.0109375 0.0305556
0 0.401953 0.763889 0.0382813 0.1125
1 0.180273 0.848611 0.0105469 0.0166667
1 0.503125 0.769444 0.0125 0.0319444
0 0.499219 0.745139 0.0390625 0.1
0 0.168945 0.779861 0.0160156 0.0166667
0 0.405078 0.756944 0.0515625 0.119444
1 0.329492 0.85 0.00859375 0.0208333
0 0.507812 0.722222 0.021875 0.0444444
1 0.690625 0.425347 0.0140625 0.0173611
0 0.492969 0.738889 0.053125 0.104167
0 0.415234 0.755556 0.0679687 0.125
1 0.328906 0.852083 0.0105469 0.0263889
1 0.726562 0.927778 0.06875 0.141667
1 0.920313 0.961111 0.01875 0.0236111
0 0.360156 0.452083 0.0226563 0.05
1 0.180859 0.8375 0.0105469 0.0208333
1 0.503125 0.764583 0.0171875 0.0472222
1 0.502344 0.773611 0.015625 0.0361111
1 0.513281 0.714583 0.0109375 0.0263889
1 0.917188 0.965972 0.01875 0.0319444
1 0.917188 0.970139 0.0203125 0.0430556
0 0.998438 0.921528 0.003125 0.0430556
0 0.362305 0.445139 0.0285156 0.0611111
1 0.170508 0.781944 0.0179687 0.0166667
1 0.168359 0.779167 0.0140625 0.0166667
0 0.996875 0.91875 0.00625 0.05
0 0.998438 0.929167 0.003125 0.0277778
1 0.771875 0.654167 0.009375 0.0111111
1 0.570312 0.63125 0.00625 0.0104167
1 0.330469 0.850694 0.0109375 0.0236111
0 0.365234 0.453472 0.03125 0.0527778
0 0.171387 0.786111 0.0212891 0.0222222
0 0.501562 0.723785 0.0359375 0.0579861
1 0.667969 0.126215 0.00625 0.0185764
1 0.988281 0.0616211 0.0234375 0.0609592
1 0.18125 0.834722 0.0101562 0.0166667
1 0.509375 0.720833 0.0195312 0.0388889
0 0.503125 0.769444 0.0125 0.0319444
1 0.505469 0.755556 0.01875 0.0638889
1 0.998438 0.929167 0.003125 0.0277778
1 0.6875 0.425 0.0164062 0.0166667
0 0.459375 0.590972 0.059375 0.115278
0 0.825 0.173611 0.0640625 0.0670139
0 0.403906 0.350694 0.0609375 0.0645833
0 0.660156 0.505556 0.0828125 0.122222
0 0.557813 0.739062 0.0953125 0.221875
0 0.769141 0.753472 0.0851562 0.206944
0 0.832812 0.579167 0.071875 0.126389
0 0.726562 0.927778 0.06875 0.143056
0 0.988281 0.0611111 0.0234375 0.0611111
1 0.917188 0.961111 0.01875 0.0222222
0 0.169043 0.781944 0.0150391 0.0138889
1 0.179688 0.851389 0.00976562 0.0138889
0 0.403027 0.757639 0.0392578 0.115278
0 0.917188 0.961111 0.01875 0.0222222
1 0.181836 0.836111 0.00859375 0.0111111
0 0.50625 0.742361 0.0265625 0.0888889
1 0.502344 0.772222 0.0101562 0.0222222
1 0.180859 0.842361 0.0109375 0.0236111
1 0.689844 0.425 0.0109375 0.0138889
1 0.180566 0.847222 0.0105469 0.0166667
0 0.169336 0.779167 0.0164062 0.0166667
0 0.405859 0.7625 0.053125 0.125
1 0.502734 0.773611 0.0117188 0.0291667
1 0.168555 0.780556 0.0140625 0.0111111
1 0.503516 0.768056 0.0132813 0.0305556
0 0.410254 0.747396 0.0607422 0.135764
1 0.329688 0.849306 0.0078125 0.0194444
0 0.507031 0.73316 0.0242187 0.0670139
1 0.169629 0.780556 0.0160156 0.0138889
1 0.504297 0.766667 0.015625 0.0402778
0 0.499219 0.742361 0.0390625 0.104167
0 0.400879 0.772222 0.0388672 0.0972222
1 0.328906 0.852778 0.00976562 0.025
1 0.450781 0.254687 0.0109375 0.0128472
0 0.416797 0.75816 0.0648438 0.125347
1 0.181055 0.8375 0.0105469 0.0208333
0 0.422559 0.718056 0.0814453 0.194444
0 0.172559 0.781944 0.0203125 0.0152778
0 0.507812 0.722222 0.0234375 0.0444444
1 0.503125 0.758333 0.01875 0.0583333
1 0.50625 0.745139 0.021875 0.0791667
0 0.406934 0.820139 0.0611328 0.234722
1 0.570312 0.63125 0.00546875 0.0104167
0 0.3625 0.444444 0.0296875 0.0652778
1 0.690625 0.425347 0.0140625 0.0173611
1 0.502734 0.773611 0.015625 0.0361111
0 0.425391 0.745139 0.0859375 0.143056
0 0.360156 0.451389 0.0226563 0.0527778
1 0.726562 0.927778 0.0679687 0.141667
1 0.998438 0.929861 0.003125 0.0263889
0 0.392188 0.809722 0.0796875 0.205556
1 0.330469 0.85 0.0101562 0.0222222
1 0.917188 0.966667 0.01875 0.0305556
1 0.221484 0.95 0.009375 0.0222222
1 0.510156 0.71875 0.0179687 0.0361111
0 0.998438 0.929861 0.003125 0.0263889
0 0.171289 0.786111 0.0207031 0.0194444
0 0.359961 0.456944 0.0199219 0.0430556
1 0.988281 0.061849 0.0234375 0.0603299
1 0.513672 0.713194 0.0101562 0.0236111
1 0.919531 0.9625 0.01875 0.025
0 0.492188 0.734896 0.0546875 0.102431
0 0.998438 0.923611 0.003125 0.0388889
0 0.501562 0.729861 0.0359375 0.075
1 0.329688 0.852083 0.0132813 0.0277778
1 0.91875 0.959028 0.021875 0.0277778
0 0.825 0.173611 0.0640625 0.0670139
0 0.403906 0.350694 0.0609375 0.0645833
0 0.557422 0.738889 0.0953125 0.222222
0 0.76875 0.75434 0.0859375 0.207986
0 0.660156 0.505556 0.0828125 0.122222
0 0.832812 0.579167 0.071875 0.126389
0 0.726562 0.927778 0.06875 0.143056
0 0.988281 0.0612739 0.0234375 0.0607856
1 0.917188 0.961111 0.01875 0.0222222
0 0.168945 0.78125 0.0148437 0.0125
0 0.403223 0.758333 0.0404297 0.116667
0 0.50625 0.742361 0.0265625 0.0875
1 0.179688 0.850694 0.00976562 0.0125
0 0.917188 0.961111 0.01875 0.0222222
1 0.181445 0.8375 0.009375 0.0138889
1 0.180664 0.843056 0.0109375 0.025
1 0.502344 0.772222 0.0109375 0.0222222
1 0.180469 0.847917 0.0109375 0.0194444
1 0.689844 0.425 0.0109375 0.0138889
0 0.501172 0.741667 0.034375 0.105556
0 0.169336 0.779167 0.0162109 0.0166667
0 0.408203 0.741667 0.0554687 0.147222
0 0.402344 0.772222 0.0492188 0.138889
1 0.168555 0.780556 0.0140625 0.0111111
1 0.503125 0.773611 0.0117188 0.0305556
0 0.416016 0.755382 0.0679687 0.125347
1 0.503906 0.768056 0.0140625 0.0305556
0 0.400879 0.772222 0.0388672 0.1
1 0.329688 0.848611 0.0078125 0.0194444
1 0.503125 0.763194 0.0140625 0.0430556
0 0.50625 0.731771 0.025 0.0642361
1 0.501562 0.770833 0.0125 0.0277778
0 0.403516 0.808333 0.0492188 0.205556
0 0.420703 0.715278 0.0773437 0.201389
1 0.450781 0.254514 0.0109375 0.0125
1 0.32832 0.852778 0.0113281 0.025
0 0.359961 0.457292 0.0203125 0.0430556
0 0.360742 0.451736 0.0230469 0.0527778
0 0.507422 0.723611 0.0234375 0.0472222
0 0.172461 0.781944 0.0203125 0.0138889
1 0.45 0.256076 0.0125 0.0118056
0 0.397656 0.847917 0.059375 0.277778
1 0.506641 0.744444 0.0242187 0.0833333
0 0.495313 0.740278 0.0484375 0.104167
1 0.170508 0.781944 0.0177734 0.0138889
1 0.503906 0.769444 0.0171875 0.0472222
1 0.690625 0.425694 0.0140625 0.0166667
0 0.360547 0.444444 0.03125 0.0652778
1 0.917188 0.966667 0.01875 0.0305556
1 0.570312 0.63125 0.00625 0.00972222
1 0.513281 0.713889 0.0109375 0.025
0 0.426562 0.762326 0.0882813 0.128125
1 0.330469 0.85 0.0101562 0.0222222
0 0.405078 0.719444 0.0546875 0.1875
0 0.998438 0.930556 0.003125 0.025
0 0.503125 0.763194 0.0140625 0.0430556
1 0.726562 0.927778 0.0679687 0.144444
1 0.510156 0.718056 0.0171875 0.0361111
0 0.364844 0.453819 0.0304688 0.0541667
0 0.415723 0.815278 0.0716797 0.222222
0 0.504297 0.75 0.021875 0.075
0 0.367969 0.447222 0.0382813 0.0638889
1 0.341797 0.364583 0.00898437 0.0180556
1 0.168945 0.779167 0.0148437 0.0152778
1 0.328906 0.852083 0.015625 0.0277778
0 0.171289 0.786111 0.0203125 0.0194444
0 0.825 0.173611 0.0625 0.0670139
0 0.403906 0.350694 0.0609375 0.0645833
0 0.557422 0.738889 0.0953125 0.222222
0 0.769141 0.753472 0.0851562 0.206944
0 0.660156 0.505903 0.0828125 0.121528
0 0.832812 0.579167 0.071875 0.126389
0 0.726172 0.927778 0.06875 0.144444
0 0.988281 0.0611545 0.0234375 0.0608507
1 0.917188 0.961111 0.01875 0.0222222
0 0.16875 0.78125 0.0144531 0.0125
0 0.50625 0.742361 0.0265625 0.0875
0 0.403125 0.757639 0.0382813 0.115278
0 0.917188 0.961111 0.01875 0.0222222
1 0.502344 0.772222 0.0101562 0.0222222
1 0.179688 0.851389 0.0101562 0.0138889
0 0.502344 0.745833 0.0328125 0.1
1 0.689844 0.425 0.0109375 0.0138889
1 0.18125 0.8375 0.00976562 0.0138889
1 0.180664 0.843056 0.0113281 0.025
1 0.180469 0.847917 0.0113281 0.0194444
1 0.503516 0.769444 0.0132813 0.0305556
1 0.503125 0.773611 0.0109375 0.0291667
1 0.450781 0.254514 0.0109375 0.0125
1 0.168164 0.780556 0.0134766 0.0111111
1 0.329688 0.848611 0.0078125 0.0180556
0 0.40625 0.742882 0.0492188 0.139236
0 0.402246 0.76875 0.0470703 0.127778
0 0.506641 0.729167 0.025 0.0583333
0 0.169141 0.779167 0.0162109 0.0166667
0 0.401172 0.772222 0.0375 0.0916667
1 0.45 0.256076 0.0125 0.0114583
1 0.501562 0.771528 0.0125 0.0277778
0 0.415625 0.754861 0.0664062 0.122222
1 0.328125 0.852778 0.0117188 0.025
1 0.504687 0.766667 0.0164062 0.0416667
0 0.403223 0.806944 0.0482422 0.194444
0 0.410059 0.715278 0.0564453 0.195833
0 0.420703 0.7125 0.0765625 0.202778
0 0.359766 0.456944 0.0203125 0.0416667
1 0.691016 0.425347 0.0140625 0.0159722
1 0.170508 0.781944 0.0177734 0.0138889
0 0.172266 0.781944 0.0207031 0.0138889
1 0.512891 0.713889 0.0117188 0.025
1 0.503906 0.754167 0.0203125 0.0666667
1 0.330664 0.85 0.00976562 0.0194444
1 0.506641 0.74375 0.0242187 0.0833333
0 0.497656 0.740972 0.04375 0.0986111
1 0.510156 0.718056 0.0171875 0.0361111
0 0.361328 0.452083 0.0242187 0.0513889
1 0.502734 0.773611 0.015625 0.0361111
0 0.424609 0.743056 0.0828125 0.145833
1 0.917188 0.966667 0.01875 0.0305556
0 0.394531 0.848611 0.0632813 0.272222
1 0.570312 0.63125 0.00625 0.00972222
1 0.324219 0.85625 0.015625 0.0180556
0 0.503906 0.725 0.034375 0.120833
0 0.503125 0.765972 0.0125 0.0375
1 0.507422 0.722917 0.0234375 0.0458333
1 0.726562 0.927083 0.06875 0.143056
0 0.503906 0.754167 0.0203125 0.0666667
0 0.825 0.173568 0.0625 0.0667535
0 0.403906 0.351042 0.0609375 0.0645833
0 0.557422 0.739062 0.0953125 0.221875
0 0.769531 0.753472 0.084375 0.206944
0 0.659766 0.50625 0.0828125 0.122222
0 0.832812 0.579167 0.071875 0.126389
0 0.726172 0.927778 0.06875 0.144444
0 0.988281 0.0604275 0.0234375 0.0621311
1 0.917188 0.960417 0.01875 0.0222222
0 0.16875 0.78125 0.0144531 0.0125
0 0.50625 0.742882 0.0265625 0.0864583
0 0.403516 0.757639 0.0375 0.115278
1 0.179492 0.851389 0.0101562 0.0138889
1 0.502344 0.772222 0.0101562 0.0222222
1 0.451172 0.254514 0.0101562 0.0118056
1 0.689844 0.425 0.0109375 0.0138889
0 0.917188 0.961111 0.01875 0.0222222
1 0.181738 0.836111 0.00898437 0.0111111
1 0.503516 0.769444 0.0132813 0.0305556
1 0.180859 0.842361 0.0109375 0.0236111
1 0.45 0.25625 0.0125 0.0111111
1 0.329688 0.848611 0.0078125 0.0180556
1 0.503125 0.773611 0.0109375 0.0305556
0 0.507812 0.736111 0.0226563 0.0694444
0 0.405469 0.745833 0.0484375 0.134722
0 0.40166 0.770833 0.0482422 0.130556
1 0.168164 0.780556 0.0132813 0.0111111
1 0.501562 0.770833 0.0125 0.0291667
1 0.327734 0.852778 0.0125 0.0236111
0 0.501562 0.746528 0.034375 0.0944444
1 0.180469 0.847222 0.0109375 0.0166667
0 0.401172 0.772222 0.0367187 0.0916667
0 0.415625 0.754861 0.0664062 0.122222
1 0.504687 0.766667 0.0164062 0.0416667
0 0.507812 0.723611 0.0234375 0.0458333
0 0.169141 0.779167 0.0160156 0.0166667
0 0.403027 0.804167 0.0470703 0.190278
0 0.410156 0.71875 0.0570313 0.188889
1 0.330664 0.85 0.00976562 0.0194444
1 0.503906 0.756944 0.0195312 0.0611111
0 0.421875 0.71684 0.0789063 0.194097
1 0.513281 0.713889 0.0109375 0.025
1 0.506641 0.744444 0.0234375 0.0833333
1 0.510547 0.718056 0.0164062 0.0333333
1 0.691016 0.425347 0.0140625 0.0159722
0 0.172266 0.781944 0.0207031 0.0152778
1 0.502734 0.772917 0.015625 0.0375
1 0.170508 0.781944 0.0175781 0.0138889
1 0.917188 0.965972 0.01875 0.0305556
0 0.359766 0.457639 0.0199219 0.0402778
0 0.396191 0.845833 0.0591797 0.269444
1 0.329688 0.852778 0.0132813 0.025
0 0.503906 0.769444 0.0132813 0.0333333
0 0.425 0.744618 0.0835937 0.141319
1 0.323828 0.856944 0.0148437 0.0166667
0 0.361328 0.452778 0.0234375 0.05
1 0.507812 0.723611 0.0234375 0.0458333
1 0.570312 0.63125 0.00625 0.00972222
0 0.503906 0.756944 0.0195312 0.0611111
0 0.450391 0.254861 0.0125 0.0131944
0 0.415234 0.811111 0.06875 0.2125
1 0.726562 0.927083 0.06875 0.143056
0 0.825 0.173611 0.0625 0.0666667
0 0.403906 0.350694 0.0609375 0.0645833
0 0.557813 0.738889 0.0953125 0.222222
0 0.769531 0.753472 0.084375 0.206944
0 0.832812 0.579514 0.071875 0.127083
0 0.659766 0.50625 0.0828125 0.122222
0 0.726172 0.927778 0.06875 0.144444
0 0.988281 0.0603733 0.0234375 0.0622396
1 0.917188 0.960417 0.01875 0.0222222
0 0.16875 0.78125 0.0144531 0.0125
0 0.506641 0.743056 0.0257812 0.0861111
0 0.403516 0.757639 0.0375 0.116667
1 0.502344 0.772222 0.0101562 0.0222222
1 0.179492 0.851389 0.0101562 0.0138889
1 0.451172 0.254514 0.0101562 0.0118056
1 0.45 0.25625 0.0125 0.0114583
1 0.690234 0.425 0.0109375 0.0138889
1 0.181836 0.836111 0.00898437 0.0111111
1 0.503516 0.769444 0.0132813 0.0305556
1 0.503125 0.773611 0.0109375 0.0305556
1 0.329688 0.848611 0.0078125 0.0166667
0 0.917188 0.960417 0.01875 0.0222222
1 0.180859 0.841667 0.0109375 0.0222222
0 0.401953 0.772222 0.0476562 0.138889
0 0.405078 0.745833 0.0476562 0.136111
1 0.326562 0.852778 0.0148437 0.0236111
1 0.168164 0.780556 0.0132813 0.0111111
0 0.502344 0.745833 0.0320312 0.0930556
0 0.507812 0.723611 0.0226563 0.0472222
1 0.504687 0.767361 0.015625 0.0416667
1 0.180469 0.847222 0.0109375 0.0152778
0 0.169141 0.779167 0.0160156 0.0166667
0 0.402734 0.803472 0.0460938 0.194444
0 0.415625 0.755382 0.0664062 0.122569
0 0.401172 0.770833 0.0367187 0.0944444
0 0.408691 0.721528 0.0544922 0.184722
1 0.330664 0.849306 0.00976562 0.0194444
1 0.503516 0.759722 0.01875 0.0555556
0 0.172461 0.781944 0.0203125 0.0138889
0 0.421777 0.719444 0.0783203 0.188889
0 0.503906 0.771528 0.0132813 0.0291667
1 0.513281 0.713889 0.0109375 0.025
1 0.510938 0.71875 0.015625 0.0347222
1 0.50625 0.745139 0.0234375 0.0819444
1 0.503125 0.772917 0.015625 0.0375
0 0.402734 0.847222 0.0453125 0.283333
1 0.323828 0.856944 0.0144531 0.0166667
1 0.691016 0.425347 0.0140625 0.0159722
1 0.18125 0.8375 0.0105469 0.0208333
0 0.503125 0.765278 0.0125 0.0388889
0 0.498047 0.741667 0.0421875 0.0972222
1 0.170508 0.781944 0.0175781 0.0138889
1 0.917188 0.965972 0.01875 0.0305556
0 0.503516 0.759722 0.01875 0.0555556
0 0.359766 0.457986 0.0195312 0.0395833
0 0.425 0.744271 0.084375 0.139236
1 0.507812 0.723611 0.0226563 0.0472222
0 0.412109 0.8125 0.0625 0.219444
0 0.361328 0.453125 0.0242187 0.0493056
0 0.39834 0.779167 0.0345703 0.075
1 0.570312 0.63125 0.00625 0.00972222
0 0.450391 0.254861 0.0125 0.0131944
1 0.689844 0.423611 0.0140625 0.0180556
0 0.825 0.173611 0.0625 0.0666667
0 0.403906 0.350694 0.0609375 0.0645833
0 0.557813 0.738889 0.0953125 0.222222
0 0.769141 0.753472 0.0851562 0.206944
0 0.660156 0.505903 0.0828125 0.121528
0 0.832812 0.579167 0.071875 0.126389
0 0.726172 0.927778 0.06875 0.144444
0 0.988281 0.0603407 0.0234375 0.0623047
1 0.917188 0.960417 0.01875 0.0222222
0 0.16875 0.78125 0.0140625 0.0125
0 0.506641 0.743056 0.0257812 0.0861111
1 0.450781 0.254687 0.0109375 0.0121528
0 0.403516 0.756771 0.0375 0.117014
1 0.502344 0.772222 0.0101562 0.0222222
1 0.179492 0.851389 0.0101562 0.0138889
1 0.690234 0.425 0.0109375 0.0138889
1 0.503125 0.770833 0.0125 0.0277778
1 0.329688 0.848611 0.0078125 0.0166667
1 0.181836 0.836111 0.00898437 0.0111111
0 0.917188 0.960417 0.01875 0.0222222
0 0.507031 0.730556 0.025 0.0611111
0 0.403516 0.766667 0.0460938 0.133333
1 0.180859 0.841667 0.0109375 0.0222222
1 0.326172 0.852778 0.015625 0.0222222
0 0.405566 0.747049 0.0482422 0.133681
1 0.504687 0.768056 0.015625 0.0388889
0 0.507812 0.723611 0.021875 0.0458333
1 0.168262 0.780556 0.0132813 0.0111111
0 0.499609 0.74566 0.0390625 0.0947917
0 0.169141 0.779167 0.015625 0.0166667
1 0.180469 0.847222 0.0109375 0.0152778
0 0.410156 0.759028 0.0484375 0.123611
0 0.402734 0.802778 0.046875 0.194444
1 0.503125 0.7625 0.0171875 0.05
0 0.408594 0.721528 0.0539063 0.184722
1 0.330469 0.849306 0.0101562 0.0194444
0 0.503906 0.772222 0.0125 0.0277778
0 0.416504 0.745139 0.0685547 0.140278
1 0.502734 0.773611 0.0148437 0.0361111
0 0.401172 0.770833 0.0367187 0.0944444
1 0.513672 0.713889 0.0101562 0.0236111
1 0.510938 0.718056 0.015625 0.0333333
0 0.172559 0.781944 0.0201172 0.0138889
1 0.323828 0.856944 0.0148437 0.0166667
1 0.50625 0.746528 0.021875 0.0791667
0 0.421875 0.71875 0.0789063 0.190278
0 0.402734 0.844444 0.0460938 0.283333
1 0.691016 0.425 0.0140625 0.0166667
1 0.917188 0.965972 0.01875 0.0305556
1 0.18125 0.8375 0.0105469 0.0208333
0 0.503125 0.766667 0.0125 0.0361111
1 0.170508 0.781944 0.0175781 0.0138889
1 0.221289 0.951389 0.00859375 0.0194444
0 0.359766 0.458333 0.0195312 0.0388889
0 0.410547 0.811111 0.059375 0.216667
0 0.503125 0.7625 0.0171875 0.05
1 0.507812 0.723611 0.021875 0.0458333
1 0.446094 0.219792 0.00703125 0.0138889
1 0.570312 0.63125 0.00625 0.00972222
0 0.45 0.254861 0.0125 0.0131944
0 0.361328 0.453125 0.0242187 0.0493056
0 0.825 0.173611 0.0625 0.0666667
0 0.403906 0.350694 0.0609375 0.0645833
0 0.557813 0.738889 0.0953125 0.222222
0 0.769141 0.753472 0.0851562 0.206944
0 0.660156 0.505903 0.0828125 0.121528
0 0.832812 0.579514 0.071875 0.127083
0 0.726172 0.927778 0.06875 0.144444
0 0.988281 0.0603299 0.0234375 0.0623264
1 0.917188 0.960417 0.01875 0.0222222
0 0.16875 0.78125 0.0140625 0.0125
0 0.506641 0.743056 0.0257812 0.0861111
1 0.450781 0.254687 0.0109375 0.0121528
1 0.502344 0.772222 0.0101562 0.0222222
0 0.403223 0.756771 0.0373047 0.117014
1 0.179492 0.851389 0.0101562 0.0138889
1 0.690234 0.425 0.0109375 0.0138889
1 0.503516 0.770833 0.0132813 0.0277778
1 0.329688 0.848611 0.0078125 0.0166667
1 0.181934 0.836111 0.00859375 0.0111111
0 0.917188 0.960417 0.01875 0.0222222
0 0.507031 0.73125 0.0234375 0.0625
0 0.403125 0.766667 0.0460938 0.133333
1 0.504687 0.768056 0.015625 0.0388889
1 0.180957 0.840278 0.0107422 0.0194444
1 0.326172 0.852778 0.015625 0.0222222
1 0.168359 0.780556 0.0132813 0.0111111
0 0.507812 0.723611 0.021875 0.0458333
0 0.169141 0.779167 0.015625 0.0166667
0 0.50625 0.749306 0.0210938 0.0736111
0 0.5 0.745833 0.0382813 0.0930556
1 0.180371 0.848611 0.0107422 0.0138889
1 0.503125 0.763194 0.0171875 0.0472222
0 0.410059 0.759722 0.0470703 0.123611
0 0.402344 0.799306 0.0476562 0.190278
1 0.330664 0.848611 0.00976562 0.0194444
0 0.503516 0.772222 0.0132813 0.0277778
1 0.50625 0.749306 0.0210938 0.0736111
1 0.323633 0.856944 0.0140625 0.0152778
1 0.511328 0.71875 0.0148437 0.0347222
1 0.513672 0.713889 0.0101562 0.0236111
0 0.401172 0.770833 0.0359375 0.0944444
0 0.172656 0.781944 0.0203125 0.0138889
0 0.407715 0.722222 0.0533203 0.184722
1 0.221484 0.951389 0.0078125 0.0194444
0 0.416016 0.746528 0.0671875 0.138889
1 0.917188 0.965972 0.01875 0.0305556
1 0.691016 0.425347 0.0140625 0.0159722
0 0.398438 0.840278 0.0546875 0.269444
1 0.18125 0.836111 0.0105469 0.0194444
0 0.421484 0.719618 0.0789063 0.191319
1 0.170508 0.781944 0.0175781 0.0138889
0 0.503125 0.766667 0.0125 0.0361111
1 0.181641 0.834028 0.009375 0.0138889
1 0.507812 0.723611 0.021875 0.0458333
1 0.570312 0.63125 0.00625 0.00972222
0 0.35957 0.458681 0.0195312 0.0381944
1 0.446094 0.219792 0.00703125 0.0138889
0 0.45 0.255035 0.0125 0.0131944
0 0.503125 0.763194 0.0171875 0.0472222
0 0.825 0.173611 0.0625 0.0666667
0 0.403906 0.350694 0.0609375 0.0645833
0 0.557813 0.738889 0.0953125 0.222222
0 0.769141 0.753472 0.0851562 0.206944
0 0.832812 0.579861 0.071875 0.127778
0 0.660156 0.505556 0.0828125 0.120833
0 0.726172 0.927083 0.06875 0.143056
0 0.988281 0.060319 0.0234375 0.0625217
1 0.917188 0.960417 0.01875 0.0222222
0 0.16875 0.78125 0.0142578 0.0125
0 0.507031 0.742361 0.025 0.0861111
1 0.450781 0.254687 0.0109375 0.0121528
1 0.502344 0.772222 0.0109375 0.0222222
0 0.403516 0.756771 0.0367187 0.117014
1 0.179492 0.851389 0.0103516 0.0138889
1 0.329688 0.848611 0.0078125 0.0166667
1 0.503516 0.770833 0.0132813 0.0277778
1 0.690234 0.425 0.0109375 0.0138889
1 0.181934 0.836111 0.00859375 0.0111111
1 0.504687 0.768056 0.015625 0.0388889
0 0.507031 0.730556 0.0234375 0.0611111
0 0.917188 0.960417 0.01875 0.0222222
0 0.403125 0.766667 0.0460938 0.133333
1 0.326172 0.853472 0.0148437 0.0222222
1 0.180957 0.839583 0.0107422 0.0194444
1 0.169141 0.780556 0.0148437 0.0111111
0 0.169141 0.779167 0.015625 0.0166667
0 0.507812 0.723611 0.021875 0.0458333
0 0.500781 0.74566 0.0375 0.0920139
1 0.180469 0.848611 0.0107422 0.0138889
1 0.505859 0.756944 0.0195312 0.0583333
1 0.221484 0.952083 0.0078125 0.0180556
0 0.402344 0.798611 0.046875 0.190278
1 0.503125 0.773611 0.015625 0.0347222
0 0.505859 0.756944 0.0195312 0.0583333
1 0.323242 0.856944 0.0128906 0.0138889
1 0.510938 0.719444 0.015625 0.0361111
0 0.503906 0.772222 0.0140625 0.0263889
1 0.513672 0.713889 0.0101562 0.025
0 0.172656 0.781944 0.0199219 0.0138889
0 0.413672 0.758507 0.0625 0.124653
0 0.407813 0.722222 0.0515625 0.184722
1 0.917188 0.965972 0.01875 0.0305556
1 0.691016 0.425347 0.0140625 0.0159722
1 0.32832 0.852778 0.0160156 0.025
1 0.170508 0.781944 0.0175781 0.0138889
0 0.399121 0.841667 0.0533203 0.275
1 0.181348 0.836111 0.0103516 0.0180556
1 0.221094 0.952778 0.00742187 0.0138889
0 0.421094 0.71875 0.0773437 0.191667
0 0.401172 0.769444 0.0351562 0.0958333
1 0.507812 0.723611 0.021875 0.0458333
1 0.181641 0.834028 0.009375 0.0138889
1 0.446094 0.219792 0.00703125 0.0138889
1 0.570312 0.63125 0.00625 0.00972222
0 0.35957 0.459028 0.0195312 0.0375
0 0.503125 0.766667 0.0125 0.0361111
1 0.221875 0.945833 0.0078125 0.0194444
1 0.0140381 0.494792 0.00751953 0.00902778
1 0.330859 0.847222 0.0101562 0.0222222
0 0.825 0.173611 0.0625 0.0666667
0 0.403906 0.350694 0.0609375 0.0645833
0 0.557813 0.738889 0.0953125 0.222222
0 0.769141 0.754167 0.0851562 0.206944
0 0.832812 0.579861 0.071875 0.127778
0 0.660156 0.505903 0.0828125 0.121528
0 0.726172 0.927083 0.06875 0.143056
0 0.988281 0.0602322 0.0234375 0.0626953
1 0.917188 0.960417 0.01875 0.0222222
0 0.16875 0.78125 0.0144531 0.0125
0 0.507031 0.743056 0.025 0.0861111
1 0.502344 0.772222 0.0109375 0.0222222
1 0.450781 0.254861 0.0109375 0.0125
1 0.179492 0.851389 0.0103516 0.0138889
0 0.403516 0.756944 0.0367187 0.116667
1 0.329688 0.848611 0.0078125 0.0166667
1 0.503125 0.773611 0.0117188 0.0305556
1 0.503125 0.766667 0.0125 0.0361111
1 0.690234 0.425 0.0109375 0.0138889
1 0.182031 0.836111 0.00859375 0.0111111
0 0.507031 0.729861 0.0234375 0.0597222
0 0.917188 0.960417 0.01875 0.0222222
0 0.403125 0.766667 0.0460938 0.133333
1 0.181055 0.838889 0.0105469 0.0166667
1 0.326758 0.852778 0.0140625 0.0222222
1 0.169141 0.780556 0.0148437 0.0111111
0 0.169141 0.779167 0.015625 0.0166667
1 0.180469 0.848611 0.0105469 0.0138889
1 0.503906 0.771528 0.015625 0.0416667
0 0.507812 0.723611 0.021875 0.0444444
0 0.500781 0.745139 0.0375 0.0916667
1 0.221484 0.951389 0.0078125 0.0166667
1 0.503125 0.764583 0.0171875 0.0444444
1 0.505469 0.759722 0.01875 0.0527778
0 0.402344 0.798611 0.046875 0.191667
1 0.511328 0.71875 0.0148437 0.0347222
1 0.322852 0.857639 0.0121094 0.0138889
0 0.172656 0.781944 0.0199219 0.0138889
1 0.513672 0.713889 0.0101562 0.025
0 0.503516 0.772222 0.0132813 0.025
0 0.413281 0.758507 0.0617188 0.124653
0 0.505469 0.759722 0.01875 0.0527778
0 0.407422 0.722917 0.0507812 0.183333
1 0.221094 0.953472 0.00703125 0.0138889
1 0.917188 0.965972 0.01875 0.0305556
1 0.181445 0.835417 0.0103516 0.0166667
1 0.170508 0.781944 0.0175781 0.0138889
1 0.328906 0.852083 0.0144531 0.025
1 0.691016 0.425347 0.0140625 0.0159722
0 0.221484 0.951389 0.0078125 0.0166667
0 0.398828 0.844444 0.0539063 0.280556
1 0.446094 0.219792 0.00703125 0.0138889
1 0.507812 0.723611 0.021875 0.0444444
0 0.420215 0.719444 0.0751953 0.190278
1 0.0140686 0.494792 0.00750732 0.00902778
1 0.221875 0.945833 0.0078125 0.0194444
1 0.330859 0.847222 0.0101562 0.0222222
0 0.503125 0.766667 0.0125 0.0361111
0 0.825 0.173611 0.0625 0.0666667
0 0.557813 0.738889 0.0953125 0.222222
0 0.403906 0.350694 0.0609375 0.0645833
0 0.769141 0.754167 0.0851562 0.206944
0 0.832812 0.579861 0.071875 0.127778
0 0.660156 0.505556 0.0828125 0.120833
0 0.726562 0.927778 0.06875 0.141667
0 0.988281 0.0601562 0.0234375 0.0628472
1 0.917188 0.960417 0.01875 0.0222222
0 0.16875 0.78125 0.0144531 0.0125
0 0.507031 0.743056 0.025 0.0861111
1 0.502344 0.772222 0.0109375 0.0222222
1 0.450781 0.254687 0.0109375 0.0125
1 0.179492 0.851389 0.0103516 0.0138889
0 0.403027 0.75625 0.0361328 0.116667
1 0.329688 0.848611 0.00742187 0.0166667
1 0.503125 0.773611 0.0117188 0.0305556
1 0.503125 0.766667 0.0125 0.0361111
1 0.182031 0.836111 0.00859375 0.0111111
1 0.690234 0.425 0.0109375 0.0138889
1 0.504687 0.769444 0.015625 0.0388889
0 0.507031 0.730556 0.0234375 0.0597222
1 0.18125 0.8375 0.0105469 0.0152778
1 0.327148 0.852778 0.0132813 0.0222222
0 0.403125 0.766667 0.0460938 0.133333
1 0.169141 0.780556 0.0148437 0.0111111
0 0.917188 0.960417 0.01875 0.0222222
1 0.180469 0.848611 0.0105469 0.0138889
0 0.169141 0.779167 0.015625 0.0166667
0 0.507812 0.723611 0.021875 0.0444444
1 0.221484 0.951389 0.00742187 0.0166667
0 0.500781 0.744618 0.0375 0.0913194
1 0.505469 0.761111 0.01875 0.05
1 0.330469 0.848611 0.009375 0.0194444
1 0.503125 0.773611 0.015625 0.0347222
0 0.402344 0.8 0.046875 0.194444
1 0.511719 0.718056 0.0140625 0.0333333
1 0.322656 0.857639 0.0117188 0.0138889
0 0.172852 0.781944 0.0199219 0.0138889
1 0.514063 0.713889 0.009375 0.0236111
0 0.407129 0.723611 0.0498047 0.181944
0 0.4125 0.758333 0.0601562 0.125
0 0.503906 0.772917 0.0140625 0.0263889
1 0.220898 0.954167 0.00664063 0.0138889
0 0.505469 0.761111 0.01875 0.05
1 0.170508 0.781944 0.0175781 0.0138889
0 0.221484 0.951389 0.00742187 0.0166667
1 0.329297 0.852083 0.0136719 0.025
1 0.181445 0.834722 0.0101562 0.0166667
1 0.917188 0.965972 0.01875 0.0305556
1 0.691016 0.425347 0.0140625 0.0159722
1 0.446094 0.219792 0.00703125 0.0138889
0 0.399219 0.845833 0.053125 0.286111
1 0.0141052 0.494792 0.00743408 0.00902778
0 0.419141 0.720139 0.071875 0.188889
1 0.507812 0.723611 0.021875 0.0444444
0 0.503125 0.766667 0.0125 0.0361111
1 0.22207 0.945833 0.00742187 0.0194444
0 0.825 0.173611 0.0625 0.0666667
0 0.403906 0.350694 0.0609375 0.0645833
0 0.557813 0.738889 0.0953125 0.220833
0 0.769141 0.754167 0.0851562 0.206944
0 0.832812 0.579861 0.071875 0.127778
0 0.659766 0.50625 0.0828125 0.122222
0 0.726562 0.927778 0.06875 0.141667
0 0.988281 0.0601997 0.0234375 0.0627604
1 0.917188 0.960417 0.01875 0.0222222
0 0.16875 0.78125 0.0144531 0.0125
0 0.507031 0.743056 0.025 0.0861111
1 0.502344 0.772222 0.0109375 0.0222222
1 0.450781 0.254687 0.0109375 0.0125
1 0.179492 0.851389 0.0105469 0.0138889
0 0.403125 0.757118 0.0351562 0.116319
1 0.329688 0.848611 0.00742187 0.0166667
1 0.503125 0.773611 0.0117188 0.0305556
1 0.503125 0.766667 0.0125 0.0361111
1 0.690234 0.425 0.0109375 0.0138889
1 0.182031 0.836111 0.00859375 0.0111111
0 0.507031 0.73125 0.0234375 0.0625
1 0.327734 0.852778 0.0125 0.0222222
0 0.403027 0.768056 0.0455078 0.134722
1 0.503906 0.771528 0.015625 0.0416667
1 0.169141 0.780556 0.0148437 0.0111111
1 0.18125 0.8375 0.0105469 0.0152778
0 0.917188 0.960417 0.01875 0.0222222
1 0.180469 0.848611 0.0105469 0.0138889
0 0.169141 0.779167 0.015625 0.0166667
1 0.221484 0.952083 0.00703125 0.0166667
0 0.508594 0.723611 0.021875 0.0458333
1 0.503125 0.764583 0.0171875 0.0444444
1 0.505469 0.761111 0.01875 0.05
1 0.330664 0.848611 0.009375 0.0194444
0 0.500781 0.744444 0.0375 0.0916667
0 0.402441 0.8 0.0466797 0.194444
1 0.322266 0.858333 0.0105469 0.0138889
1 0.511719 0.718056 0.0140625 0.0333333
0 0.407031 0.723785 0.0484375 0.182986
1 0.514063 0.713889 0.009375 0.0236111
0 0.172754 0.781944 0.0199219 0.0138889
0 0.412109 0.759028 0.0585938 0.125
1 0.221094 0.954167 0.00625 0.0111111
0 0.505469 0.761111 0.01875 0.05
1 0.0140625 0.494792 0.00732422 0.00902778
0 0.221484 0.952083 0.00703125 0.0166667
1 0.329688 0.852083 0.0128906 0.025
0 0.503516 0.772222 0.0132813 0.025
1 0.170508 0.781944 0.0175781 0.0138889
1 0.691016 0.425347 0.0140625 0.0159722
1 0.446094 0.219965 0.00625 0.0138889
1 0.917188 0.965972 0.01875 0.0305556
0 0.399316 0.844444 0.0529297 0.283333
1 0.667969 0.126823 0.00625 0.0164931
1 0.181445 0.834722 0.0101562 0.0152778
1 0.508594 0.723611 0.021875 0.0458333
0 0.503125 0.766667 0.0125 0.0361111
0 0.418652 0.720139 0.0705078 0.188889
0 0.825 0.173611 0.0625 0.0666667
0 0.403906 0.350694 0.0609375 0.0645833
0 0.557813 0.738889 0.0953125 0.220833
0 0.769531 0.754167 0.0859375 0.206944
0 0.832812 0.579514 0.071875 0.127083
0 0.659766 0.50625 0.0828125 0.122222
0 0.726562 0.927778 0.06875 0.144444
0 0.988281 0.0604058 0.0234375 0.0623481
1 0.917188 0.960417 0.01875 0.0222222
0 0.16875 0.78125 0.0144531 0.0125
0 0.507031 0.743056 0.025 0.0861111
1 0.502734 0.772222 0.0109375 0.0222222
1 0.450781 0.254861 0.0109375 0.0125
1 0.179492 0.851389 0.0105469 0.0138889
0 0.403125 0.755382 0.0351562 0.114236
1 0.329688 0.848611 0.0078125 0.0166667
1 0.503125 0.773611 0.0125 0.0305556
1 0.503516 0.765972 0.0132813 0.0375
1 0.690234 0.425 0.0109375 0.0138889
1 0.182031 0.836111 0.00859375 0.0111111
1 0.32832 0.852778 0.0109375 0.0222222
1 0.503906 0.771528 0.015625 0.0416667
0 0.507031 0.73125 0.0234375 0.0611111
0 0.403516 0.767361 0.0445312 0.133333
1 0.169141 0.780556 0.0148437 0.0111111
1 0.18125 0.8375 0.0105469 0.0138889
1 0.180273 0.848611 0.0105469 0.0138889
0 0.917188 0.960417 0.01875 0.0222222
1 0.505469 0.761806 0.01875 0.05
1 0.503125 0.764583 0.0171875 0.0444444
1 0.221484 0.952083 0.00703125 0.0166667
1 0.330664 0.848611 0.009375 0.0194444
0 0.169141 0.779167 0.015625 0.0166667
0 0.508594 0.723611 0.021875 0.0458333
1 0.0140686 0.494792 0.00721436 0.00902778
0 0.500781 0.744444 0.0375 0.0930556
0 0.402734 0.800694 0.0453125 0.195833
1 0.321875 0.858333 0.0101562 0.0138889
1 0.511719 0.71875 0.0140625 0.0347222
1 0.330078 0.852083 0.0117188 0.025
1 0.220898 0.954167 0.00625 0.0111111
0 0.221484 0.952083 0.00703125 0.0166667
0 0.411621 0.759028 0.0564453 0.123611
1 0.514063 0.713889 0.009375 0.025
0 0.505469 0.761806 0.01875 0.05
0 0.407031 0.723611 0.046875 0.180556
1 0.691016 0.425694 0.0140625 0.0166667
0 0.172754 0.781944 0.0199219 0.0138889
1 0.170508 0.781944 0.0175781 0.0138889
0 0.503906 0.772917 0.0140625 0.0263889
0 0.399902 0.844444 0.0501953 0.283333
1 0.446094 0.219965 0.00625 0.0138889
1 0.917188 0.965972 0.01875 0.0305556
1 0.667969 0.126823 0.00625 0.0164931
1 0.50625 0.745833 0.0203125 0.0805556
1 0.340234 0.352865 0.0117188 0.0414931
0 0.503516 0.765972 0.0132813 0.0375
1 0.181445 0.834722 0.0101562 0.0152778
0 0.825 0.173611 0.0625 0.0666667
0 0.403906 0.350694 0.0609375 0.0645833
0 0.769531 0.754167 0.0859375 0.206944
0 0.557813 0.739062 0.0953125 0.221875
0 0.832812 0.579514 0.071875 0.127083
0 0.659766 0.505903 0.0828125 0.121528
0 0.726562 0.927778 0.06875 0.144444
0 0.988281 0.0604926 0.0234375 0.0623481
1 0.917188 0.960417 0.01875 0.0222222
0 0.168945 0.78125 0.0144531 0.0125
0 0.507031 0.743056 0.025 0.0861111
1 0.450781 0.254861 0.0109375 0.0125
1 0.502734 0.772222 0.0109375 0.0222222
1 0.179297 0.851389 0.0105469 0.0138889
0 0.403125 0.755556 0.0351562 0.113889
1 0.329688 0.848611 0.0078125 0.0166667
1 0.503125 0.773611 0.0125 0.0305556
1 0.503516 0.765278 0.0132813 0.0388889
1 0.690234 0.425 0.0109375 0.0138889
1 0.182031 0.836111 0.00859375 0.0111111
1 0.503906 0.770833 0.015625 0.0416667
1 0.328125 0.852778 0.0109375 0.0222222
0 0.507031 0.73125 0.0234375 0.0611111
0 0.403809 0.767361 0.0439453 0.134722
1 0.169141 0.780556 0.0148437 0.0111111
1 0.505469 0.759722 0.01875 0.0527778
1 0.181152 0.8375 0.0105469 0.0152778
1 0.180273 0.848611 0.0107422 0.0138889
0 0.917188 0.960417 0.01875 0.0222222
1 0.503516 0.763889 0.0171875 0.0444444
0 0.508594 0.723611 0.021875 0.0458333
0 0.169238 0.779167 0.0158203 0.0166667
1 0.22168 0.952083 0.00703125 0.0166667
1 0.0140625 0.495139 0.00708008 0.00833333
0 0.402734 0.8 0.0453125 0.194444
0 0.5 0.744618 0.0375 0.0940972
0 0.505469 0.759722 0.01875 0.0527778
1 0.511719 0.71875 0.0140625 0.0347222
1 0.322266 0.858333 0.0105469 0.0138889
1 0.514063 0.714583 0.009375 0.025
1 0.330078 0.852083 0.0121094 0.025
1 0.691016 0.425694 0.0140625 0.0166667
0 0.22168 0.952083 0.00703125 0.0166667
0 0.412109 0.75816 0.0570313 0.122569
0 0.407129 0.723611 0.0466797 0.177778
0 0.172754 0.781944 0.0199219 0.0138889
1 0.220703 0.954861 0.00625 0.0111111
0 0.4 0.843056 0.0507812 0.280556
1 0.170508 0.781944 0.0175781 0.0138889
0 0.503906 0.772222 0.0140625 0.0277778
1 0.340234 0.353125 0.0117188 0.0416667
1 0.917188 0.965972 0.01875 0.0305556
1 0.446094 0.220139 0.00625 0.0138889
1 0.667969 0.126736 0.00625 0.0166667
0 0.503516 0.765278 0.0132813 0.0388889
1 0.514063 0.970833 0.0046875 0.00833333
1 0.330859 0.847222 0.0101562 0.0222222
0 0.825 0.173611 0.0625 0.0666667
0 0.403906 0.350694 0.0609375 0.0645833
0 0.769531 0.753472 0.0859375 0.206944
0 0.557813 0.739062 0.0953125 0.221875
0 0.832812 0.579514 0.071875 0.127083
0 0.660156 0.505903 0.0828125 0.121528
0 0.726562 0.927083 0.06875 0.143056
0 0.988281 0.0606662 0.0234375 0.0620009
1 0.917188 0.960417 0.01875 0.0222222
0 0.168848 0.78125 0.0146484 0.0125
0 0.507031 0.743056 0.025 0.0861111
1 0.502734 0.772222 0.0109375 0.0222222
1 0.450391 0.254861 0.0117188 0.0125
0 0.403125 0.755729 0.034375 0.113542
1 0.179297 0.851389 0.0105469 0.0138889
1 0.503125 0.773611 0.0125 0.0305556
1 0.503516 0.765278 0.0132813 0.0388889
1 0.329688 0.848611 0.0078125 0.0166667
1 0.690234 0.425 0.0109375 0.0138889
1 0.503906 0.770833 0.015625 0.0416667
1 0.182031 0.836111 0.00859375 0.0111111
1 0.328711 0.852778 0.0101562 0.0222222
0 0.507031 0.731944 0.0234375 0.0625
1 0.505469 0.759722 0.01875 0.0527778
0 0.403906 0.768056 0.0445312 0.136111
1 0.169141 0.780556 0.0148437 0.0111111
1 0.503125 0.763889 0.0171875 0.0444444
1 0.181152 0.8375 0.0105469 0.0138889
1 0.180273 0.848611 0.0109375 0.0138889
0 0.917188 0.960417 0.01875 0.0222222
0 0.508203 0.723611 0.021875 0.0472222
0 0.169238 0.779167 0.0158203 0.0166667
1 0.0140869 0.495139 0.00703125 0.00833333
1 0.221484 0.952083 0.00703125 0.0166667
0 0.403027 0.797222 0.0455078 0.188889
0 0.5 0.74375 0.0390625 0.0944444
1 0.511719 0.71875 0.0140625 0.0347222
0 0.505469 0.759722 0.01875 0.0527778
1 0.322266 0.858333 0.0101562 0.0138889
1 0.514063 0.714583 0.009375 0.0263889
1 0.691016 0.425347 0.0140625 0.0166667
1 0.330078 0.852083 0.0117188 0.025
0 0.407031 0.723785 0.0476562 0.177431
0 0.399902 0.839583 0.0501953 0.273611
0 0.412891 0.759028 0.0585938 0.123611
0 0.503906 0.772222 0.0140625 0.0277778
0 0.172852 0.781944 0.0199219 0.0138889
1 0.917188 0.965972 0.01875 0.0305556
1 0.340234 0.353125 0.0117188 0.0416667
1 0.170508 0.781944 0.0175781 0.0138889
1 0.514063 0.970833 0.0046875 0.00833333
0 0.503516 0.765278 0.0132813 0.0388889
1 0.446094 0.220139 0.00625 0.0138889
0 0.221484 0.952083 0.00703125 0.0166667
0 0.825 0.173655 0.0625 0.0665799
0 0.403906 0.350694 0.0609375 0.0645833
0 0.769141 0.754167 0.0851562 0.206944
0 0.557813 0.739062 0.0953125 0.221875
0 0.660156 0.50625 0.0828125 0.122222
0 0.832812 0.579167 0.071875 0.126389
0 0.726562 0.927778 0.06875 0.143056
0 0.988281 0.0608073 0.0234375 0.0615451
1 0.917188 0.960417 0.01875 0.0222222
0 0.168945 0.78125 0.0148437 0.0125
0 0.507031 0.742882 0.025 0.0864583
1 0.503125 0.772222 0.0109375 0.0236111
1 0.450781 0.254861 0.0109375 0.0125
0 0.403125 0.755382 0.034375 0.114236
1 0.503125 0.773611 0.0125 0.0305556
1 0.503516 0.765278 0.0132813 0.0388889
1 0.179297 0.851389 0.0103516 0.0138889
1 0.329688 0.848611 0.0078125 0.0166667
1 0.690234 0.425 0.0109375 0.0138889
1 0.503906 0.771528 0.015625 0.0416667
1 0.182031 0.836111 0.00859375 0.0111111
1 0.505469 0.7625 0.0179687 0.0472222
1 0.328906 0.852778 0.009375 0.0222222
0 0.507031 0.731944 0.0234375 0.0625
1 0.169336 0.780556 0.0152344 0.0111111
0 0.403516 0.767882 0.0453125 0.136458
0 0.917188 0.960417 0.01875 0.0222222
1 0.181152 0.8375 0.0105469 0.0138889
1 0.330664 0.848611 0.009375 0.0194444
0 0.508203 0.723611 0.021875 0.0472222
1 0.180273 0.848611 0.0109375 0.0152778
1 0.0141113 0.495139 0.00703125 0.00833333
0 0.169336 0.779167 0.0160156 0.0166667
0 0.402441 0.795833 0.0466797 0.188889
0 0.499219 0.744444 0.040625 0.0944444
1 0.511719 0.71875 0.0140625 0.0347222
1 0.221484 0.951389 0.00703125 0.0166667
1 0.514063 0.715278 0.009375 0.0263889
1 0.691016 0.425694 0.0140625 0.0166667
1 0.322266 0.858333 0.0101562 0.0138889
0 0.503906 0.772222 0.0140625 0.0277778
0 0.407031 0.725174 0.0484375 0.174653
0 0.505469 0.7625 0.0179687 0.0472222
1 0.330273 0.852083 0.0113281 0.025
0 0.408984 0.757639 0.0429688 0.120833
0 0.399316 0.840278 0.0529297 0.275
1 0.514063 0.970833 0.0046875 0.00833333
0 0.172852 0.781944 0.0199219 0.0138889
1 0.917188 0.965972 0.01875 0.0305556
1 0.170508 0.781944 0.0175781 0.0138889
1 0.340234 0.353125 0.0121094 0.0416667
0 0.825 0.173611 0.0625 0.0666667
0 0.557813 0.739062 0.0953125 0.221875
0 0.403906 0.350694 0.0609375 0.0645833
0 0.769141 0.754167 0.0851562 0.206944
0 0.660156 0.50625 0.0828125 0.122222
0 0.832812 0.579167 0.071875 0.126389
0 0.726562 0.927778 0.06875 0.144444
0 0.988281 0.0610243 0.0234375 0.0611111
1 0.917188 0.960417 0.01875 0.0222222
0 0.168945 0.78125 0.0148437 0.0125
0 0.507031 0.743056 0.025 0.0861111
1 0.503125 0.772222 0.0109375 0.0236111
1 0.450781 0.254687 0.0109375 0.0125
1 0.503906 0.765278 0.0140625 0.0388889
1 0.503125 0.773611 0.0125 0.0305556
0 0.403125 0.754861 0.034375 0.115278
1 0.179297 0.851389 0.0105469 0.0138889
1 0.329688 0.848611 0.0078125 0.0166667
1 0.503906 0.771528 0.015625 0.0416667
1 0.690234 0.425 0.0109375 0.0138889
1 0.505469 0.763889 0.0171875 0.0458333
1 0.329102 0.852778 0.00898437 0.0222222
1 0.182031 0.836111 0.00859375 0.0111111
1 0.169336 0.780556 0.0152344 0.0111111
0 0.507031 0.731944 0.0234375 0.0625
0 0.403516 0.76875 0.0453125 0.1375
0 0.917188 0.960417 0.01875 0.0222222
1 0.181152 0.8375 0.0105469 0.0138889
1 0.330664 0.849306 0.009375 0.0194444
0 0.169336 0.779167 0.0160156 0.0166667
0 0.508203 0.724306 0.021875 0.0472222
1 0.0141602 0.495139 0.00703125 0.00833333
1 0.180078 0.848611 0.0109375 0.0152778
1 0.511719 0.71875 0.0140625 0.0347222
0 0.405078 0.748611 0.0460938 0.129167
1 0.514063 0.715278 0.009375 0.0277778
0 0.402246 0.795139 0.0470703 0.186111
1 0.691016 0.425694 0.0140625 0.0166667
0 0.498828 0.74375 0.0414063 0.0958333
1 0.321875 0.858333 0.009375 0.0138889
1 0.505859 0.748611 0.0203125 0.075
1 0.514063 0.970833 0.0046875 0.00833333
0 0.172754 0.781944 0.0199219 0.0138889
0 0.503906 0.772222 0.0140625 0.0277778
1 0.330469 0.852083 0.0109375 0.025
1 0.917188 0.965972 0.01875 0.0305556
1 0.221484 0.951389 0.00703125 0.0166667
1 0.170508 0.781944 0.0175781 0.0138889
0 0.40166 0.846528 0.0466797 0.297222
0 0.407031 0.725 0.0484375 0.172222
0 0.825 0.173611 0.0625 0.0666667
0 0.403906 0.350694 0.0609375 0.0645833
0 0.769531 0.754167 0.0859375 0.206944
0 0.557813 0.738889 0.0953125 0.222222
0 0.660156 0.50625 0.0828125 0.122222
0 0.832812 0.579514 0.071875 0.126389
0 0.726562 0.927778 0.0679687 0.144444
0 0.988281 0.0611979 0.0234375 0.0607639
1 0.917188 0.960417 0.01875 0.0222222
0 0.169043 0.78125 0.0150391 0.0125
0 0.507031 0.743056 0.025 0.0875
1 0.503125 0.772222 0.0109375 0.0236111
1 0.503906 0.765278 0.0132813 0.0388889
1 0.503516 0.773611 0.0125 0.0305556
1 0.450781 0.254514 0.0109375 0.0125
1 0.179297 0.851389 0.0105469 0.0138889
1 0.329688 0.848611 0.0078125 0.0166667
0 0.403125 0.754861 0.034375 0.115278
1 0.503906 0.771528 0.015625 0.0416667
1 0.690625 0.425 0.0109375 0.0138889
1 0.505469 0.764583 0.0171875 0.0458333
1 0.329297 0.852778 0.00859375 0.0222222
1 0.169336 0.780556 0.0152344 0.0111111
1 0.182031 0.836111 0.00859375 0.0111111
0 0.505469 0.751389 0.01875 0.0694444
0 0.507031 0.730556 0.0234375 0.0597222
0 0.917188 0.960417 0.01875 0.0222222
1 0.0141602 0.495139 0.00698242 0.00833333
0 0.403516 0.769444 0.0460938 0.138889
0 0.169336 0.779167 0.0162109 0.0166667
1 0.181055 0.8375 0.0105469 0.0152778
1 0.180078 0.848611 0.0111328 0.0166667
0 0.508594 0.724306 0.021875 0.0458333
1 0.505469 0.751389 0.01875 0.0694444
1 0.511719 0.719444 0.0140625 0.0333333
1 0.513672 0.715278 0.0101562 0.0277778
1 0.514063 0.970833 0.0046875 0.00833333
1 0.691016 0.425694 0.0140625 0.0166667
0 0.402441 0.795833 0.0482422 0.186111
0 0.405566 0.747396 0.0466797 0.130208
1 0.321484 0.858333 0.00859375 0.0125
0 0.172656 0.781944 0.0199219 0.0138889
1 0.917188 0.965972 0.01875 0.0305556
0 0.498828 0.74375 0.0414063 0.0972222
1 0.330469 0.852083 0.0109375 0.025
1 0.170508 0.781944 0.0175781 0.0138889
0 0.825 0.173611 0.0625 0.0666667
0 0.403906 0.350694 0.0609375 0.0638889
0 0.557813 0.738889 0.0953125 0.222222
0 0.769531 0.75434 0.0859375 0.207986
0 0.660156 0.50625 0.0828125 0.122222
0 0.832812 0.579514 0.071875 0.126389
0 0.726562 0.927778 0.0679687 0.144444
0 0.988281 0.0613715 0.0234375 0.0605903
1 0.917188 0.960417 0.01875 0.0222222
0 0.169043 0.78125 0.0150391 0.0125
0 0.507031 0.743056 0.025 0.0875
1 0.503125 0.772222 0.0109375 0.0236111
1 0.503906 0.765278 0.0140625 0.0388889
1 0.503516 0.773611 0.0125 0.0305556
1 0.450781 0.254514 0.0109375 0.0125
1 0.329688 0.848611 0.0078125 0.0166667
1 0.179297 0.851389 0.0105469 0.0138889
0 0.403125 0.753993 0.0351562 0.114236
1 0.504297 0.770833 0.0164062 0.0416667
1 0.690625 0.425 0.0109375 0.0138889
1 0.329297 0.852778 0.00859375 0.0222222
1 0.169434 0.780556 0.0154297 0.0111111
1 0.182031 0.836111 0.00859375 0.0111111
0 0.505469 0.751389 0.01875 0.0694444
0 0.917188 0.960417 0.01875 0.0222222
1 0.0141541 0.495139 0.0069458 0.00833333
0 0.507031 0.729167 0.0234375 0.0583333
0 0.169336 0.779167 0.0162109 0.0166667
1 0.181055 0.8375 0.0109375 0.0152778
0 0.403516 0.769444 0.0460938 0.140278
1 0.180078 0.848611 0.0113281 0.0166667
0 0.508203 0.723611 0.021875 0.0444444
1 0.512109 0.719444 0.0132813 0.0333333
1 0.505469 0.751389 0.01875 0.0694444
1 0.514063 0.970833 0.0046875 0.00833333
1 0.513281 0.715972 0.0109375 0.0277778
1 0.691016 0.425694 0.0140625 0.0166667
1 0.32168 0.858333 0.00898437 0.0125
0 0.405469 0.747222 0.046875 0.130556
0 0.401953 0.795833 0.0484375 0.186111
1 0.330469 0.852083 0.0109375 0.025
1 0.917188 0.965972 0.01875 0.0305556
0 0.825 0.173611 0.0625 0.0666667
0 0.403906 0.350694 0.0609375 0.0638889
0 0.557813 0.738889 0.0953125 0.222222
0 0.769141 0.75434 0.0851562 0.207986
0 0.660156 0.50625 0.0828125 0.122222
0 0.832812 0.579514 0.071875 0.126389
0 0.726562 0.927778 0.06875 0.144444
0 0.988281 0.0614583 0.0234375 0.0604167
1 0.917188 0.960417 0.01875 0.0222222
0 0.169043 0.78125 0.0150391 0.0125
0 0.507031 0.74375 0.025 0.0875
1 0.503125 0.772222 0.0109375 0.0236111
1 0.503906 0.766667 0.0140625 0.0388889
1 0.503516 0.773611 0.0125 0.0305556
1 0.329688 0.848611 0.0078125 0.0166667
0 0.403125 0.754861 0.0351562 0.113889
1 0.504297 0.771528 0.0164062 0.0416667
1 0.179297 0.851389 0.0105469 0.0138889
1 0.450781 0.254514 0.0109375 0.0125
1 0.690625 0.425 0.0109375 0.0138889
1 0.329297 0.852083 0.00859375 0.0236111
1 0.169336 0.780556 0.0152344 0.0111111
1 0.182031 0.836111 0.00859375 0.0111111
0 0.917188 0.960417 0.01875 0.0222222
1 0.014209 0.495139 0.00693359 0.00833333
0 0.505469 0.751389 0.01875 0.0694444
0 0.507031 0.729167 0.0234375 0.0555556
1 0.330469 0.849306 0.009375 0.0208333
0 0.403516 0.769618 0.0460938 0.141319
1 0.181055 0.8375 0.0109375 0.0166667
1 0.514453 0.970833 0.0046875 0.00833333
1 0.512109 0.719444 0.0132813 0.0333333
1 0.513281 0.715972 0.0109375 0.0277778
1 0.180078 0.848611 0.0113281 0.0166667
1 0.505469 0.751389 0.01875 0.0694444
1 0.691016 0.425694 0.0140625 0.0166667
1 0.32168 0.858333 0.00898437 0.0125
1 0.917188 0.965972 0.01875 0.0305556
0 0.405469 0.747222 0.0476562 0.130556
0 0.825 0.173611 0.0625 0.0666667
0 0.769141 0.754167 0.0851562 0.208333
0 0.403906 0.350694 0.0609375 0.0638889
0 0.557813 0.738889 0.0953125 0.220833
0 0.660156 0.50625 0.0828125 0.122222
0 0.832812 0.579514 0.071875 0.126389
0 0.726562 0.927778 0.0679687 0.144444
0 0.988281 0.0615451 0.0234375 0.0602431
1 0.917188 0.960417 0.01875 0.0222222
0 0.169043 0.78125 0.0150391 0.0125
0 0.507422 0.74375 0.025 0.0875
1 0.503125 0.772222 0.0109375 0.0236111
1 0.503906 0.766667 0.0140625 0.0388889
1 0.503516 0.773611 0.0125 0.0305556
1 0.329688 0.849306 0.0078125 0.0180556
0 0.403125 0.75434 0.0351562 0.113542
1 0.504297 0.771528 0.0164062 0.0416667
1 0.179297 0.851389 0.0105469 0.0138889
1 0.690625 0.425 0.0109375 0.0138889
0 0.507031 0.749306 0.0203125 0.0736111
1 0.450781 0.254514 0.0109375 0.0121528
1 0.169336 0.780556 0.0152344 0.0111111
1 0.182129 0.836111 0.00859375 0.0111111
1 0.014209 0.495139 0.00693359 0.00833333
0 0.917188 0.960417 0.01875 0.0222222
1 0.330469 0.85 0.009375 0.0222222
0 0.507031 0.728472 0.0234375 0.0555556
1 0.514063 0.970833 0.0046875 0.00833333
0 0.403516 0.769271 0.0460938 0.139236
1 0.181055 0.838194 0.0109375 0.0166667
1 0.512109 0.719444 0.0132813 0.0333333
1 0.513281 0.716667 0.0109375 0.0277778
1 0.691016 0.425694 0.0140625 0.0166667
1 0.505469 0.752778 0.01875 0.0666667
1 0.180078 0.848611 0.0113281 0.0166667
1 0.321484 0.858333 0.00859375 0.0125
1 0.32832 0.852083 0.0101562 0.0222222
1 0.917188 0.965972 0.01875 0.0305556
0 0.825 0.173611 0.0625 0.0666667
0 0.557813 0.738889 0.0953125 0.222222
0 0.769141 0.754167 0.0851562 0.208333
0 0.403906 0.350694 0.0609375 0.0638889
0 0.660156 0.50625 0.0828125 0.122222
0 0.832812 0.579514 0.071875 0.126389
0 0.726562 0.927778 0.0679687 0.144444
0 0.988281 0.0615885 0.0234375 0.0601562
1 0.917188 0.960417 0.01875 0.0222222
0 0.169141 0.78125 0.0150391 0.0125
0 0.507422 0.74375 0.025 0.0875
1 0.503125 0.772222 0.0109375 0.025
1 0.503906 0.766667 0.0140625 0.0388889
1 0.329688 0.849306 0.0078125 0.0180556
0 0.403516 0.754167 0.0351562 0.1125
1 0.504297 0.772222 0.0164062 0.0416667
1 0.179297 0.851389 0.0107422 0.0138889
1 0.690625 0.425 0.0109375 0.0138889
1 0.169336 0.780556 0.0152344 0.0111111
0 0.507031 0.752778 0.0203125 0.0666667
1 0.450781 0.254514 0.0109375 0.0121528
1 0.182031 0.836111 0.00859375 0.0111111
1 0.014209 0.495139 0.00688477 0.00833333
0 0.917188 0.960417 0.01875 0.0222222
1 0.330469 0.85 0.009375 0.0222222
1 0.503125 0.775 0.015625 0.0333333
0 0.507031 0.728472 0.0234375 0.0555556
0 0.169434 0.779167 0.0162109 0.0166667
1 0.514063 0.970833 0.0046875 0.00833333
1 0.181055 0.838194 0.0109375 0.0166667
1 0.512109 0.719444 0.0132813 0.0333333
1 0.321094 0.858333 0.00820312 0.0125
1 0.513281 0.716667 0.0109375 0.0291667
0 0.403906 0.769444 0.0460938 0.140278
1 0.505469 0.754861 0.01875 0.0625
1 0.691016 0.425694 0.0140625 0.0166667
1 0.180078 0.848611 0.0113281 0.0166667
1 0.328516 0.852083 0.0101562 0.0222222
1 0.917188 0.965972 0.01875 0.0305556
0 0.825 0.173611 0.0625 0.0666667
0 0.557813 0.738889 0.0953125 0.222222
0 0.769141 0.754167 0.0851562 0.208333
0 0.403906 0.350694 0.0609375 0.0638889
0 0.660156 0.50625 0.0828125 0.122222
0 0.832812 0.579514 0.071875 0.126389
0 0.726562 0.927778 0.0679687 0.144444
0 0.988281 0.061556 0.0234375 0.0602214
1 0.917188 0.960417 0.01875 0.0222222
0 0.169141 0.78125 0.0150391 0.0125
0 0.507422 0.74375 0.025 0.0875
1 0.503125 0.772222 0.0109375 0.025
1 0.503906 0.766667 0.0140625 0.0388889
1 0.329688 0.849306 0.0078125 0.0180556
0 0.403516 0.754167 0.0351562 0.1125
1 0.504297 0.772222 0.0164062 0.0416667
1 0.179297 0.851389 0.0107422 0.0138889
1 0.690625 0.425 0.0109375 0.0138889
1 0.169336 0.780556 0.0152344 0.0111111
0 0.507031 0.752778 0.0203125 0.0666667
1 0.450781 0.254514 0.0109375 0.0121528
1 0.182031 0.836111 0.00859375 0.0111111
1 0.014209 0.495139 0.00688477 0.00833333
0 0.917188 0.960417 0.01875 0.0222222
1 0.503125 0.775 0.015625 0.0333333
1 0.330469 0.85 0.009375 0.0222222
0 0.507031 0.728472 0.0234375 0.0555556
0 0.169434 0.779167 0.0162109 0.0166667
1 0.514063 0.970833 0.0046875 0.00833333
1 0.181055 0.838194 0.0109375 0.0166667
1 0.512109 0.719444 0.0132813 0.0333333
1 0.321094 0.858333 0.00820312 0.0125
1 0.513281 0.716667 0.0109375 0.0291667
0 0.403906 0.769444 0.0460938 0.140278
1 0.505469 0.754861 0.01875 0.0625
1 0.691016 0.425694 0.0140625 0.0166667
1 0.180078 0.848611 0.0113281 0.0166667
1 0.328516 0.852083 0.0101562 0.0222222
1 0.917188 0.965972 0.01875 0.0305556
