0 0.290625 0.865278 0.0195312 0.0833333
1 0.528516 0.49375 0.0109375 0.0215278
1 0.530078 0.492361 0.0140625 0.025
1 0.386328 0.0274523 0.0148437 0.0371094
1 0.386133 0.0226508 0.0113281 0.03074
1 0.291211 0.851389 0.0148437 0.0416667
1 0.290625 0.859722 0.015625 0.0416667
1 0.277344 0.727778 0.0132813 0.0388889
0 0.277344 0.726389 0.0140625 0.0388889
1 0.386328 0.0158474 0.0109375 0.0276801
1 0.3875 0.0188151 0.0117188 0.0340712
1 0.290625 0.865278 0.0191406 0.0833333
1 0.527734 0.495139 0.0132813 0.0256944
1 0.287109 0.865278 0.0167969 0.05
1 0.383594 0.0297309 0.0148437 0.0351562
1 0.29082 0.870833 0.0148437 0.0541667
0 0.386328 0.0274523 0.0148437 0.0371094
1 0.528906 0.499306 0.0125 0.0305556
1 0.775781 0.277083 0.0132813 0.0486111
0 0.132227 0.998611 0.0199219 0.00277778
0 0.273047 0.384722 0.0191406 0.0305556
1 0.286719 0.868056 0.0175781 0.0694444
0 0.267969 0.381597 0.0289063 0.0395833
0 0.29082 0.870833 0.0148437 0.0541667
0 0.114648 1 0.0117188 0
0 0.276172 0.71875 0.015625 0.0541667
0 0.284961 0.863889 0.0222656 0.0833333
0 0.270312 0.375 0.0238281 0.05
0 0.124512 1 0.0173828 0
0 0.386133 0.0226508 0.0113281 0.03074
1 0.274609 0.727083 0.01875 0.0402778
0 0.276953 0.387847 0.0117188 0.025
0 0.110937 1 0.0136719 0
0 0.0922852 1 0.0136719 0
0 0.072168 0.0684136 0.0419922 0.0796658
1 0.386719 0.0360243 0.0171875 0.0440972
0 0.273047 0.721528 0.021875 0.0486111
1 0.31875 0.535069 0.00859375 0.0298611
1 0.277344 0.386806 0.0109375 0.0222222
1 0.445703 0.213542 0.00546875 0.0145833
0 0.29043 0.865278 0.0191406 0.0833333
1 0.528516 0.493056 0.0101562 0.0208333
1 0.529688 0.491667 0.0125 0.0243056
1 0.528906 0.495139 0.0125 0.025
1 0.385938 0.0187717 0.0078125 0.0206163
1 0.384766 0.0251953 0.0109375 0.031467
1 0.387109 0.0227431 0.0101562 0.0326389
1 0.291797 0.847222 0.0132813 0.0361111
1 0.386719 0.0258735 0.0148437 0.03801
1 0.383984 0.0325304 0.00859375 0.0224392
1 0.291797 0.859722 0.0148437 0.0347222
0 0.277734 0.727778 0.0125 0.0388889
1 0.386719 0.0161079 0.009375 0.0268989
1 0.277734 0.727778 0.0125 0.0388889
1 0.385352 0.0307726 0.0121094 0.0319444
1 0.29043 0.865278 0.0191406 0.0833333
1 0.3875 0.0125488 0.00859375 0.0229058
1 0.383203 0.0251085 0.0148437 0.0395399
0 0.264844 0.858333 0.0328125 0.0986111
1 0.287109 0.865278 0.0164062 0.0444444
1 0.53125 0.486806 0.015625 0.0354167
1 0.290625 0.843056 0.0136719 0.0388889
1 0.291211 0.873611 0.0144531 0.0555556
0 0.285547 0.864583 0.0242187 0.0847222
0 0.0723145 0.0701389 0.0420898 0.078125
1 0.382812 0.0294054 0.0125 0.0291233
0 0.275586 0.716667 0.0175781 0.0555556
0 0.277539 0.73125 0.0152344 0.0486111
1 0.287109 0.854167 0.0199219 0.0611111
0 0.29043 0.865278 0.01875 0.0833333
1 0.528516 0.493056 0.0101562 0.0194444
1 0.529688 0.492708 0.0132813 0.0215278
1 0.386523 0.0198134 0.00898437 0.0238281
1 0.383984 0.031033 0.00859375 0.0243924
1 0.3875 0.0210558 0.0101562 0.0301975
1 0.384766 0.029579 0.0117188 0.0292969
1 0.387305 0.0257378 0.0144531 0.0369792
1 0.291797 0.858333 0.0132813 0.0319444
1 0.292188 0.847917 0.0125 0.0361111
1 0.527734 0.49375 0.0132813 0.0222222
0 0.277734 0.727778 0.0125 0.0402778
1 0.276953 0.727083 0.0140625 0.0416667
0 0.265234 0.858333 0.0328125 0.1
1 0.383594 0.0253526 0.015625 0.0409614
1 0.290234 0.865278 0.01875 0.0833333
0 0.3875 0.0279568 0.015625 0.0356662
0 0.285156 0.865278 0.025 0.0861111
1 0.318359 0.535417 0.0109375 0.0381944
1 0.287305 0.863889 0.0160156 0.0444444
0 0.275781 0.71875 0.0167969 0.0555556
1 0.291406 0.873611 0.0140625 0.0527778
0 0.396191 0.938889 0.0998047 0.116667
1 0.528906 0.498958 0.0117188 0.0298611
0 0.277148 0.731944 0.0152344 0.05
0 0.524219 0.459722 0.0328125 0.0875
0 0.393652 0.897222 0.0923828 0.198611
0 0.278906 0.740278 0.0140625 0.0666667
1 0.277539 0.735417 0.0148437 0.0597222
0 0.528516 0.493056 0.0101562 0.0194444
0 0.273828 0.705382 0.0195312 0.078125
0 0.290625 0.865278 0.01875 0.0833333
1 0.528125 0.493056 0.0109375 0.0194444
1 0.386328 0.0199436 0.00859375 0.0225694
1 0.385352 0.0280382 0.0121094 0.0295139
1 0.383594 0.0303602 0.00859375 0.0234809
1 0.386914 0.0272515 0.0152344 0.0357747
1 0.387109 0.021224 0.0101562 0.03125
1 0.529297 0.495139 0.0132813 0.025
1 0.291797 0.858333 0.0140625 0.0388889
1 0.291797 0.847222 0.0132813 0.0361111
1 0.290625 0.865278 0.0191406 0.0833333
1 0.528125 0.490972 0.0140625 0.0291667
0 0.285156 0.865278 0.025 0.0861111
0 0.265234 0.858333 0.0320312 0.102778
0 0.523828 0.461111 0.0328125 0.0875
1 0.277734 0.727778 0.0125 0.0388889
1 0.383594 0.0246528 0.015625 0.0407986
0 0.387109 0.0287543 0.015625 0.033724
0 0.4 0.84566 0.105469 0.300347
1 0.383594 0.0293837 0.0125 0.0283854
0 0.528125 0.493056 0.0109375 0.0194444
0 0.675 0.936111 0.0453125 0.0986111
1 0.291797 0.874306 0.0140625 0.0597222
0 0.291797 0.874306 0.0140625 0.0597222
1 0.528516 0.499306 0.0117188 0.0298611
0 0.0720215 0.0698351 0.0418945 0.078559
0 0.277734 0.727778 0.0125 0.0388889
0 0.385352 0.0280382 0.0121094 0.0295139
0 0.383594 0.0303602 0.00859375 0.0234809
1 0.286719 0.866667 0.0171875 0.0611111
0 0.4 0.938194 0.108594 0.118056
0 0.290625 0.865278 0.0179687 0.0833333
1 0.528125 0.493056 0.009375 0.0194444
1 0.386133 0.0194227 0.00820312 0.0221788
1 0.529297 0.493056 0.0125 0.0215278
1 0.383594 0.0309896 0.0078125 0.0225694
1 0.384961 0.0291667 0.0113281 0.0286458
1 0.387109 0.0304253 0.015625 0.0306424
1 0.387109 0.0195095 0.009375 0.0286892
1 0.527344 0.49375 0.0125 0.0236111
1 0.292578 0.845833 0.0109375 0.0333333
0 0.264844 0.858333 0.0296875 0.1
1 0.292188 0.859722 0.0132813 0.0388889
0 0.524219 0.460069 0.0328125 0.0868056
1 0.528125 0.489583 0.0140625 0.0326389
1 0.29043 0.865278 0.0183594 0.0833333
0 0.277734 0.727778 0.0125 0.0388889
0 0.285156 0.865278 0.0257812 0.0861111
1 0.277734 0.727083 0.0125 0.0388889
1 0.383008 0.0248047 0.0152344 0.0396267
1 0.383008 0.0305122 0.0113281 0.0265625
0 0.528125 0.493056 0.009375 0.0194444
0 0.0726074 0.0696181 0.0411133 0.0795139
0 0.387109 0.0304253 0.015625 0.0306424
0 0.384961 0.0291667 0.0113281 0.0286458
0 0.775781 0.228646 0.0765625 0.148958
0 0.396875 0.873611 0.101562 0.25
0 0.386133 0.0194227 0.00820312 0.0221788
1 0.292188 0.875 0.0132813 0.0583333
0 0.292188 0.875 0.0132813 0.0583333
1 0.528125 0.5 0.0109375 0.0305556
0 0.291016 0.865278 0.0179687 0.0833333
1 0.528125 0.493056 0.009375 0.0194444
1 0.529297 0.492708 0.0125 0.0215278
1 0.385742 0.0192329 0.00820312 0.0218641
1 0.38418 0.0296224 0.00898437 0.024783
1 0.385547 0.0266276 0.0117188 0.0312066
0 0.264453 0.856944 0.0289063 0.0972222
1 0.387109 0.029362 0.015625 0.0325955
1 0.386914 0.0232639 0.0113281 0.0360243
1 0.527344 0.49375 0.0125 0.0222222
1 0.292383 0.847222 0.0113281 0.0333333
1 0.292188 0.859722 0.0132813 0.0361111
1 0.386523 0.0170573 0.00976562 0.0285156
0 0.524219 0.459375 0.0328125 0.0854167
1 0.277734 0.727083 0.0125 0.0388889
0 0.285352 0.865278 0.0261719 0.0861111
1 0.383594 0.0246962 0.015625 0.040625
0 0.277734 0.727083 0.0125 0.0388889
1 0.291016 0.865278 0.0175781 0.0833333
0 0.387109 0.029362 0.015625 0.0325955
1 0.384375 0.0292101 0.015625 0.0307292
0 0.398438 0.897222 0.10625 0.2
0 0.385547 0.0266276 0.0117188 0.0312066
0 0.38418 0.0296224 0.00898437 0.024783
0 0.385742 0.0192329 0.00820312 0.0218641
1 0.292188 0.875 0.0132813 0.0569444
0 0.528125 0.493056 0.009375 0.0194444
0 0.292188 0.875 0.0132813 0.0569444
0 0.275781 0.718229 0.0167969 0.0552083
1 0.528125 0.499653 0.0117188 0.0305556
0 0.675391 0.936111 0.0445312 0.0972222
0 0.29082 0.865278 0.0179687 0.0833333
1 0.528125 0.493056 0.0101562 0.0194444
1 0.385547 0.0191026 0.00859375 0.0215169
1 0.385547 0.0272569 0.0125 0.0322917
1 0.38457 0.029145 0.00976562 0.0273003
1 0.387109 0.0245605 0.0117188 0.0372504
0 0.264648 0.856944 0.0289063 0.0972222
1 0.3875 0.0268012 0.015625 0.0378906
1 0.291797 0.860417 0.0140625 0.0375
1 0.292383 0.848611 0.0117188 0.0347222
1 0.386523 0.0167535 0.00976562 0.0276042
1 0.529297 0.495139 0.0132813 0.0263889
1 0.528125 0.492361 0.0140625 0.0263889
0 0.285547 0.865278 0.0242187 0.0861111
0 0.524219 0.459722 0.0328125 0.0861111
1 0.277734 0.727083 0.0125 0.0388889
0 0.277734 0.727083 0.0125 0.0388889
1 0.383594 0.0250868 0.0164062 0.0409722
1 0.291016 0.865278 0.0179687 0.0833333
0 0.3875 0.0268012 0.015625 0.0378906
0 0.385547 0.0272569 0.0125 0.0322917
0 0.38457 0.029145 0.00976562 0.0273003
0 0.387109 0.0245605 0.0117188 0.0372504
0 0.291992 0.875 0.0140625 0.0583333
0 0.385547 0.0191026 0.00859375 0.0215169
0 0.275586 0.717361 0.0171875 0.0555556
1 0.291992 0.875 0.0140625 0.0583333
1 0.528125 0.499306 0.0109375 0.0305556
0 0.0786133 0.0730469 0.0353516 0.0731771
0 0.528125 0.493056 0.0101562 0.0194444
0 0.274219 0.70625 0.0195312 0.0763889
0 0.398047 0.897222 0.104687 0.197222
0 0.674609 0.936111 0.0460938 0.0972222
0 0.530859 0.465972 0.0484375 0.1
0 0.291797 0.860417 0.0140625 0.0375
0 0.290625 0.865278 0.0179687 0.0833333
1 0.528125 0.493056 0.009375 0.0194444
1 0.385938 0.0189182 0.0078125 0.0211914
1 0.529297 0.492708 0.0125 0.0215278
1 0.528125 0.495139 0.0109375 0.0243056
1 0.385547 0.0282552 0.0125 0.031684
1 0.383984 0.0309462 0.00859375 0.0231771
0 0.264453 0.856944 0.0289063 0.0972222
1 0.387109 0.0234809 0.0109375 0.0358507
1 0.3875 0.026888 0.015625 0.0378906
1 0.291797 0.860417 0.0132813 0.0361111
1 0.386523 0.0161241 0.00898437 0.0264323
1 0.292188 0.848611 0.0117188 0.0361111
1 0.527734 0.492708 0.0132813 0.0256944
1 0.277734 0.727083 0.0125 0.0388889
0 0.277734 0.727083 0.0125 0.0388889
0 0.524219 0.460417 0.0328125 0.0881944
0 0.285547 0.865278 0.0242187 0.0861111
1 0.383594 0.0250434 0.0164062 0.0414931
1 0.291016 0.865278 0.0179687 0.0833333
0 0.387109 0.0299045 0.0148437 0.0315972
0 0.275781 0.718056 0.0167969 0.0541667
0 0.385938 0.0189182 0.0078125 0.0211914
0 0.274414 0.706944 0.0195312 0.075
0 0.383984 0.0309462 0.00859375 0.0231771
0 0.291797 0.873611 0.0140625 0.0583333
0 0.387109 0.0234809 0.0109375 0.0358507
0 0.0785645 0.0728733 0.0352539 0.0735243
0 0.528125 0.493056 0.009375 0.0194444
1 0.291797 0.873611 0.0140625 0.0583333
0 0.528516 0.468056 0.0429688 0.104167
0 0.263281 0.866667 0.0347656 0.111111
0 0.290625 0.865278 0.0179687 0.0833333
1 0.528125 0.493056 0.009375 0.0194444
1 0.529297 0.492708 0.0125 0.0215278
1 0.385742 0.0185818 0.00820312 0.0205621
1 0.385742 0.0280382 0.0128906 0.0320312
1 0.383984 0.030599 0.00859375 0.0232639
0 0.264453 0.856944 0.0289063 0.0972222
1 0.3875 0.0268446 0.015625 0.0383247
1 0.527344 0.49375 0.0125 0.0222222
1 0.291797 0.859722 0.0125 0.0361111
1 0.386523 0.0157172 0.00898437 0.025944
1 0.292188 0.849306 0.0117188 0.0361111
0 0.277734 0.727083 0.0128906 0.0388889
1 0.277734 0.726389 0.0125 0.0388889
0 0.524219 0.460417 0.0328125 0.0875
0 0.285547 0.865278 0.0238281 0.0861111
1 0.383594 0.0248481 0.0171875 0.0421441
1 0.291016 0.865278 0.0179687 0.0833333
0 0.3875 0.0268446 0.015625 0.0383247
0 0.275781 0.718056 0.0164062 0.0541667
0 0.385742 0.0280382 0.0128906 0.0320312
0 0.274609 0.706944 0.0195312 0.075
0 0.385742 0.0185818 0.00820312 0.0205621
0 0.383984 0.030599 0.00859375 0.0232639
1 0.528516 0.499306 0.0109375 0.0305556
0 0.528125 0.469444 0.0421875 0.106944
0 0.528125 0.493056 0.009375 0.0194444
0 0.291797 0.873611 0.0140625 0.0583333
1 0.277734 0.733333 0.0132813 0.05
0 0.290625 0.865278 0.0179687 0.0833333
1 0.528125 0.493056 0.009375 0.0194444
1 0.529297 0.492361 0.0125 0.0208333
1 0.385742 0.0186632 0.00820312 0.0204861
1 0.385547 0.0278212 0.0125 0.031684
1 0.383984 0.0303385 0.00859375 0.0230035
0 0.264648 0.857639 0.0292969 0.0986111
1 0.386914 0.0251302 0.0121094 0.0381944
1 0.527344 0.49375 0.0125 0.0222222
1 0.291797 0.859722 0.0125 0.0361111
1 0.386523 0.0156901 0.00898437 0.0258681
1 0.292188 0.85 0.0117188 0.0361111
0 0.277734 0.727083 0.0128906 0.0388889
1 0.277539 0.726389 0.0128906 0.0388889
1 0.387305 0.0281684 0.0160156 0.0373264
0 0.524219 0.460417 0.0328125 0.0875
0 0.285547 0.865278 0.0234375 0.0861111
1 0.383594 0.0248264 0.0164062 0.0418403
1 0.29082 0.865278 0.0175781 0.0833333
0 0.3875 0.0267795 0.015625 0.0382813
0 0.275781 0.71875 0.0164062 0.0527778
0 0.385547 0.0278212 0.0125 0.031684
1 0.528125 0.499306 0.0109375 0.0305556
0 0.385742 0.0186632 0.00820312 0.0204861
0 0.383984 0.0303385 0.00859375 0.0230035
0 0.274414 0.70625 0.0195312 0.0763889
0 0.528125 0.493056 0.009375 0.0194444
0 0.528125 0.469444 0.0421875 0.108333
0 0.291797 0.873611 0.0140625 0.0583333
1 0.277734 0.733333 0.0136719 0.05
0 0.398828 0.898611 0.104687 0.197222
0 0.290625 0.865278 0.0179687 0.0833333
1 0.528125 0.493056 0.009375 0.0194444
1 0.529297 0.492361 0.0125 0.0208333
1 0.385742 0.0185764 0.00820312 0.0203993
1 0.385547 0.0275825 0.0125 0.0317274
1 0.383984 0.0300781 0.00859375 0.0231771
0 0.264453 0.858333 0.0296875 0.0972222
1 0.385156 0.0317708 0.0109375 0.0244792
1 0.386914 0.025472 0.0128906 0.0387261
1 0.527344 0.493403 0.0117188 0.0222222
1 0.291797 0.859722 0.0125 0.0361111
1 0.386328 0.0156901 0.009375 0.0259115
1 0.291992 0.85 0.0117188 0.0361111
0 0.277734 0.727083 0.0128906 0.0388889
1 0.277539 0.727083 0.0128906 0.0388889
0 0.524219 0.460764 0.0328125 0.0881944
0 0.3875 0.026671 0.015625 0.0384983
0 0.285547 0.865278 0.0234375 0.0861111
1 0.383594 0.024745 0.0164062 0.0416558
1 0.29082 0.865278 0.0175781 0.0833333
0 0.385547 0.0275825 0.0125 0.0317274
0 0.275781 0.717882 0.0164062 0.053125
0 0.383984 0.0300781 0.00859375 0.0231771
1 0.528125 0.499306 0.0109375 0.0305556
0 0.385742 0.0185764 0.00820312 0.0203993
0 0.274219 0.705556 0.0195312 0.0777778
0 0.528125 0.469792 0.0421875 0.108333
0 0.385156 0.0317708 0.0109375 0.0244792
0 0.291797 0.874306 0.0140625 0.0569444
0 0.528125 0.493056 0.009375 0.0194444
0 0.276953 0.734028 0.0160156 0.0541667
0 0.29082 0.865278 0.0175781 0.0833333
1 0.528125 0.493056 0.009375 0.0194444
1 0.529297 0.492361 0.0125 0.0208333
1 0.385547 0.0184516 0.0078125 0.020128
1 0.385547 0.0275608 0.0125 0.0317708
1 0.383984 0.0299045 0.00859375 0.0234375
0 0.264453 0.858333 0.0296875 0.0972222
1 0.387109 0.0256293 0.0132813 0.0390191
1 0.385156 0.0316189 0.0109375 0.024783
1 0.527344 0.493403 0.0117188 0.0222222
1 0.291602 0.859722 0.0125 0.0361111
1 0.386328 0.0155599 0.009375 0.0258247
1 0.291992 0.85 0.0117188 0.0361111
1 0.277734 0.727083 0.0132813 0.0388889
0 0.277734 0.727778 0.0128906 0.0388889
0 0.524219 0.461111 0.0328125 0.0888889
0 0.387109 0.0256293 0.0132813 0.0390191
1 0.29082 0.865278 0.0175781 0.0833333
1 0.383594 0.0247179 0.0164062 0.0417101
0 0.285547 0.865278 0.0234375 0.0861111
0 0.385547 0.0275608 0.0125 0.0317708
1 0.528125 0.499306 0.0109375 0.0305556
0 0.383984 0.0299045 0.00859375 0.0234375
0 0.275781 0.719618 0.0164062 0.0524306
0 0.385547 0.0184516 0.0078125 0.020128
0 0.385156 0.0316189 0.0109375 0.024783
0 0.276953 0.733333 0.015625 0.0527778
0 0.527734 0.469444 0.0414063 0.108333
0 0.291797 0.875 0.0140625 0.0555556
0 0.528125 0.493056 0.009375 0.0194444
0 0.29082 0.865278 0.0175781 0.0833333
1 0.528125 0.493056 0.009375 0.0194444
1 0.529297 0.492361 0.0125 0.0208333
1 0.385547 0.0184028 0.0078125 0.0199653
1 0.385547 0.0273438 0.0125 0.0320312
1 0.383984 0.0296224 0.00859375 0.0235677
1 0.385352 0.0313802 0.0113281 0.0253472
1 0.386914 0.0256727 0.0136719 0.0393663
0 0.264453 0.858333 0.0296875 0.0986111
1 0.527344 0.49375 0.0117188 0.0222222
1 0.291602 0.859722 0.0125 0.0361111
1 0.386328 0.015446 0.009375 0.0258789
1 0.291797 0.85 0.0117188 0.0361111
1 0.277734 0.727083 0.0132813 0.0388889
0 0.277734 0.727778 0.0128906 0.0388889
0 0.524219 0.461111 0.0328125 0.0888889
0 0.386914 0.0256727 0.0136719 0.0393663
1 0.29082 0.865278 0.0175781 0.0833333
0 0.285742 0.865278 0.0230469 0.0861111
1 0.383594 0.0245877 0.0171875 0.0416233
0 0.385547 0.0273438 0.0125 0.0320312
1 0.528125 0.499306 0.0109375 0.0305556
0 0.383984 0.0296224 0.00859375 0.0235677
0 0.275781 0.720139 0.0164062 0.0513889
0 0.385547 0.0184028 0.0078125 0.0199653
0 0.385352 0.0313802 0.0113281 0.0253472
0 0.276953 0.733333 0.015625 0.0527778
0 0.291602 0.875 0.0140625 0.0555556
0 0.29082 0.865278 0.0175781 0.0833333
1 0.528125 0.493056 0.009375 0.0194444
1 0.529297 0.492361 0.0125 0.0208333
1 0.385547 0.0183377 0.0078125 0.0199219
1 0.385547 0.0270833 0.0125 0.0323785
1 0.38418 0.0292752 0.00898437 0.0240017
1 0.386719 0.0256727 0.0140625 0.0398003
1 0.527344 0.49375 0.0117188 0.0222222
0 0.264453 0.858333 0.0296875 0.0986111
1 0.386328 0.0153592 0.009375 0.0258789
1 0.291406 0.859722 0.0125 0.0361111
1 0.291797 0.85 0.0117188 0.0361111
1 0.277539 0.727083 0.0128906 0.0388889
0 0.277734 0.727778 0.0128906 0.0388889
0 0.524219 0.461111 0.0328125 0.0888889
0 0.386719 0.0256727 0.0140625 0.0398003
1 0.29082 0.865278 0.0175781 0.0833333
1 0.383789 0.0244303 0.0167969 0.0415907
0 0.285742 0.865278 0.0226563 0.0861111
0 0.385547 0.0270833 0.0125 0.0323785
0 0.38418 0.0292752 0.00898437 0.0240017
1 0.528125 0.499306 0.0109375 0.0305556
0 0.465625 0.523611 0.0203125 0.0861111
0 0.276172 0.719618 0.0164062 0.0524306
0 0.385547 0.0183377 0.0078125 0.0199219
0 0.276953 0.734028 0.015625 0.0541667
0 0.291406 0.875 0.0140625 0.0555556
0 0.29082 0.865278 0.0175781 0.0833333
1 0.528125 0.493056 0.009375 0.0180556
1 0.528906 0.492361 0.0125 0.0208333
1 0.528516 0.495139 0.0109375 0.0236111
1 0.385547 0.018278 0.0078125 0.0199544
1 0.385547 0.0267578 0.0117188 0.0322483
1 0.38418 0.0289497 0.00898437 0.0237847
1 0.386719 0.0255425 0.0140625 0.0398872
0 0.264453 0.858333 0.0300781 0.1
1 0.386328 0.01537 0.009375 0.0258572
1 0.291406 0.859722 0.0125 0.0361111
0 0.277734 0.727778 0.0125 0.0388889
1 0.291797 0.85 0.0117188 0.0361111
1 0.277734 0.727083 0.0125 0.0388889
0 0.524219 0.461111 0.0328125 0.0888889
1 0.527344 0.493056 0.0125 0.025
0 0.386719 0.0255425 0.0140625 0.0398872
1 0.29082 0.865278 0.0175781 0.0833333
1 0.383594 0.0241808 0.0164062 0.0412218
0 0.385547 0.0267578 0.0117188 0.0322483
0 0.465625 0.524306 0.0210938 0.0875
0 0.38418 0.0289497 0.00898437 0.0237847
0 0.285547 0.865278 0.0226563 0.0861111
1 0.528125 0.499306 0.0109375 0.0305556
0 0.276172 0.719618 0.0164062 0.0524306
1 0.383594 0.025651 0.0132813 0.0344618
0 0.276953 0.734028 0.015625 0.0541667
0 0.385547 0.018278 0.0078125 0.0199544
0 0.29082 0.865278 0.0175781 0.0833333
1 0.528125 0.493056 0.009375 0.0180556
1 0.528906 0.492361 0.0125 0.0201389
1 0.528516 0.495139 0.0109375 0.0236111
1 0.385547 0.0182292 0.0078125 0.0198785
1 0.385547 0.0266493 0.0125 0.0323785
1 0.38418 0.0287326 0.00898437 0.0242187
1 0.386719 0.0254829 0.0140625 0.0396593
0 0.264453 0.859028 0.0300781 0.1
1 0.386328 0.0153592 0.009375 0.0256185
1 0.291406 0.859722 0.0125 0.0361111
1 0.291797 0.85 0.0117188 0.0347222
1 0.277734 0.727083 0.0125 0.0388889
0 0.277734 0.727778 0.0125 0.0388889
1 0.527344 0.493056 0.0125 0.0243056
0 0.524219 0.461111 0.0328125 0.0888889
0 0.386719 0.0254829 0.0140625 0.0396593
1 0.29082 0.865278 0.0175781 0.0833333
0 0.791406 0.239236 0.040625 0.0993056
1 0.383789 0.0242187 0.0160156 0.0409722
0 0.385547 0.0266493 0.0125 0.0323785
0 0.38418 0.0287326 0.00898437 0.0242187
0 0.285937 0.865278 0.0226563 0.0861111
0 0.465625 0.524306 0.0203125 0.0875
1 0.383594 0.0256076 0.0132813 0.034375
0 0.265039 0.847222 0.0273438 0.0777778
0 0.276172 0.719444 0.0160156 0.0527778
0 0.277148 0.734722 0.015625 0.0555556
0 0.385547 0.0182292 0.0078125 0.0198785
0 0.29082 0.865278 0.0175781 0.0833333
1 0.528125 0.493056 0.009375 0.0180556
1 0.529688 0.491667 0.0125 0.0208333
1 0.528516 0.495139 0.0109375 0.0236111
1 0.385547 0.0181424 0.0078125 0.0197483
1 0.385547 0.0266927 0.0117188 0.0323785
1 0.38418 0.0288194 0.00898437 0.0238715
1 0.386719 0.0253906 0.0140625 0.0393229
1 0.386328 0.0154134 0.009375 0.0253364
0 0.264453 0.859028 0.0304688 0.1
1 0.291406 0.859722 0.0125 0.0361111
1 0.291797 0.85 0.0117188 0.0347222
1 0.277734 0.727083 0.0125 0.0388889
0 0.277734 0.726389 0.0128906 0.0388889
1 0.527344 0.493056 0.0125 0.0243056
0 0.524219 0.461111 0.0328125 0.0888889
1 0.29082 0.865278 0.0175781 0.0833333
0 0.791406 0.238889 0.0421875 0.1
0 0.386719 0.0253906 0.0140625 0.0393229
1 0.383594 0.0242242 0.015625 0.0406142
0 0.285937 0.865278 0.0226563 0.0861111
0 0.385547 0.0266927 0.0117188 0.0323785
0 0.38418 0.0288194 0.00898437 0.0238715
0 0.466016 0.524306 0.0210938 0.0875
0 0.277148 0.734722 0.015625 0.0555556
0 0.264844 0.847222 0.0273438 0.0777778
0 0.276172 0.71875 0.0160156 0.0527778
0 0.29082 0.865278 0.0175781 0.0833333
1 0.528125 0.493056 0.009375 0.0180556
1 0.528516 0.495486 0.0109375 0.0229167
1 0.529688 0.491667 0.0125 0.0208333
1 0.385547 0.018061 0.0078125 0.0195204
1 0.383984 0.0293186 0.00859375 0.022092
1 0.385547 0.0269097 0.0117188 0.03125
1 0.386719 0.0250217 0.0132813 0.0386719
1 0.385156 0.0316189 0.0109375 0.0245226
1 0.386328 0.0152778 0.009375 0.0248264
0 0.264453 0.859028 0.0304688 0.1
1 0.291406 0.859722 0.0125 0.0361111
1 0.277734 0.727083 0.0125 0.0388889
1 0.291797 0.85 0.0117188 0.0347222
0 0.277734 0.726389 0.0128906 0.0388889
1 0.527344 0.493056 0.0125 0.0243056
0 0.524219 0.461458 0.0328125 0.0895833
0 0.791406 0.238889 0.04375 0.101042
1 0.29082 0.865278 0.0175781 0.0833333
0 0.386719 0.026237 0.0148437 0.038151
1 0.383594 0.0242405 0.015625 0.0400608
0 0.285937 0.865278 0.0226563 0.0861111
0 0.385547 0.0269097 0.0117188 0.03125
0 0.277148 0.734722 0.015625 0.0555556
0 0.264844 0.847222 0.0273438 0.0777778
1 0.383398 0.026671 0.0121094 0.031467
0 0.383984 0.0293186 0.00859375 0.022092
0 0.276172 0.718229 0.0164062 0.0552083
0 0.466016 0.524306 0.0210938 0.0875
0 0.290625 0.865278 0.0179687 0.0833333
1 0.528125 0.493056 0.009375 0.0180556
1 0.528125 0.495486 0.0109375 0.0229167
1 0.529688 0.491667 0.0125 0.0208333
1 0.385547 0.0179633 0.0078125 0.0193685
1 0.383984 0.0296224 0.0078125 0.021224
1 0.385156 0.0271267 0.0117188 0.0307292
1 0.386719 0.0242839 0.0125 0.0375434
1 0.386328 0.0151042 0.009375 0.0242187
1 0.385156 0.0319878 0.0101562 0.0235243
0 0.264453 0.859028 0.0304688 0.1
1 0.387109 0.0297092 0.0148437 0.031467
1 0.291602 0.85 0.0117188 0.0361111
1 0.291406 0.859722 0.0125 0.0361111
1 0.277734 0.727083 0.0125 0.0388889
0 0.277734 0.726389 0.0128906 0.0388889
0 0.524219 0.461806 0.0328125 0.0902778
1 0.290625 0.865278 0.0179687 0.0833333
1 0.383594 0.0242839 0.0148437 0.0398003
0 0.386719 0.0263672 0.0148437 0.037717
1 0.528516 0.499306 0.0109375 0.0291667
0 0.791406 0.238889 0.04375 0.102083
0 0.277148 0.734722 0.015625 0.0555556
0 0.264844 0.847222 0.0273438 0.0777778
0 0.385156 0.0271267 0.0117188 0.0307292
0 0.275977 0.717361 0.0164062 0.0569444
0 0.383984 0.0296224 0.0078125 0.021224
0 0.290625 0.865278 0.0179687 0.0833333
1 0.528125 0.493056 0.009375 0.0180556
1 0.528125 0.495486 0.0109375 0.0229167
1 0.529688 0.491667 0.0125 0.0201389
1 0.385547 0.0179199 0.0078125 0.0192817
1 0.383984 0.0298828 0.0078125 0.0209635
1 0.385156 0.0271918 0.0117188 0.0304253
1 0.386328 0.0149089 0.009375 0.0238715
1 0.386719 0.0236762 0.0125 0.0366753
1 0.384766 0.0322266 0.0101562 0.0226997
1 0.387109 0.0301215 0.0148437 0.0305556
0 0.264453 0.859028 0.0304688 0.1
1 0.277734 0.727083 0.0125 0.0388889
1 0.291602 0.85 0.0117188 0.0361111
1 0.291406 0.859722 0.0125 0.0361111
0 0.277734 0.727083 0.0128906 0.0388889
0 0.524219 0.461806 0.0328125 0.0902778
1 0.290625 0.865278 0.0179687 0.0833333
1 0.383594 0.024349 0.0148437 0.0395833
0 0.277344 0.734722 0.015625 0.0555556
1 0.528516 0.499306 0.0109375 0.0291667
0 0.386719 0.026454 0.0148437 0.0375434
0 0.264844 0.847222 0.0273438 0.0777778
1 0.383203 0.0273655 0.0117188 0.0295573
0 0.275977 0.717361 0.0164062 0.0569444
1 0.291016 0.849306 0.0132813 0.05
0 0.385156 0.0271918 0.0117188 0.0304253
0 0.278516 0.739583 0.0117188 0.0625
0 0.290625 0.865278 0.0179687 0.0833333
1 0.528125 0.493056 0.009375 0.0180556
1 0.385547 0.0179199 0.0078125 0.0194553
1 0.528125 0.495486 0.0109375 0.0229167
1 0.529688 0.491667 0.0125 0.0201389
1 0.383984 0.0297526 0.00859375 0.0213108
1 0.385156 0.0269531 0.0117188 0.0309896
1 0.386328 0.0148817 0.009375 0.0237956
1 0.386719 0.0239149 0.0125 0.0372396
1 0.384766 0.03227 0.009375 0.0223524
1 0.387109 0.0299045 0.0148437 0.0309028
0 0.264453 0.859028 0.0304688 0.1
1 0.277734 0.727083 0.0125 0.0388889
1 0.291797 0.85 0.0117188 0.0333333
0 0.277734 0.727778 0.0128906 0.0388889
1 0.291406 0.859028 0.0125 0.0347222
0 0.524219 0.461806 0.0328125 0.0902778
1 0.290625 0.865278 0.0179687 0.0833333
1 0.383594 0.0243056 0.0148437 0.0392361
0 0.277344 0.734028 0.015625 0.0541667
1 0.383203 0.0271267 0.0117188 0.0296875
0 0.275781 0.718056 0.0164062 0.0555556
0 0.386719 0.0263021 0.0148437 0.0378472
1 0.291016 0.847222 0.0132813 0.0472222
0 0.264844 0.847222 0.0277344 0.0777778
1 0.528516 0.499306 0.0109375 0.0291667
1 0.277344 0.734028 0.015625 0.0541667
0 0.272266 0.385069 0.021875 0.0354167
0 0.278711 0.739583 0.0113281 0.0625
0 0.285937 0.865278 0.0226563 0.0861111
0 0.290625 0.865278 0.0179687 0.0833333
1 0.528125 0.493056 0.009375 0.0180556
1 0.385547 0.0180176 0.0078125 0.019694
1 0.528125 0.495486 0.0109375 0.0229167
1 0.529688 0.491667 0.0117188 0.0201389
1 0.383984 0.0294488 0.00859375 0.0221788
1 0.385352 0.0267578 0.0121094 0.0317274
1 0.386328 0.0150553 0.009375 0.024056
1 0.386719 0.0242622 0.0125 0.0375868
1 0.384766 0.0321181 0.009375 0.0224826
1 0.387109 0.0295573 0.0148437 0.0314236
1 0.277734 0.727778 0.0128906 0.0388889
0 0.264453 0.859028 0.03125 0.1
0 0.277734 0.727778 0.0128906 0.0388889
1 0.291797 0.85 0.0117188 0.0333333
1 0.291602 0.858333 0.0128906 0.0361111
0 0.524219 0.462153 0.0328125 0.0902778
1 0.290625 0.865278 0.0179687 0.0833333
1 0.383594 0.0243056 0.0140625 0.0387153
0 0.277344 0.733333 0.0152344 0.0527778
1 0.383203 0.026888 0.0117188 0.0299045
0 0.275977 0.71875 0.0160156 0.0541667
0 0.386719 0.0262587 0.0148437 0.037934
1 0.291016 0.846528 0.0132813 0.0444444
1 0.277344 0.733333 0.0152344 0.0527778
0 0.286133 0.865278 0.0230469 0.0861111
0 0.264844 0.847222 0.028125 0.0777778
0 0.385352 0.0267578 0.0121094 0.0317274
0 0.274609 0.705556 0.0195312 0.0791667
0 0.290625 0.865278 0.0179687 0.0833333
1 0.528125 0.493056 0.009375 0.0180556
1 0.385547 0.0180556 0.0078125 0.0198351
1 0.529688 0.491667 0.0117188 0.0201389
1 0.528125 0.495486 0.0109375 0.0229167
1 0.383984 0.0292535 0.00859375 0.0224826
1 0.385352 0.0265625 0.0121094 0.0321181
1 0.386328 0.0150608 0.009375 0.0240451
1 0.386719 0.0243056 0.0125 0.0374132
1 0.384766 0.0320095 0.009375 0.022526
1 0.386914 0.029362 0.0152344 0.0317274
1 0.277734 0.727778 0.0128906 0.0388889
0 0.277734 0.727778 0.0128906 0.0388889
0 0.264258 0.859028 0.03125 0.1
1 0.291602 0.85 0.0117188 0.0333333
1 0.291406 0.858333 0.0132813 0.0361111
0 0.524219 0.4625 0.0328125 0.0902778
1 0.383594 0.0242405 0.0140625 0.038151
1 0.290625 0.865278 0.0179687 0.0833333
0 0.277344 0.733333 0.0152344 0.0527778
1 0.383203 0.0268229 0.0117188 0.0295139
0 0.276172 0.719444 0.015625 0.0527778
0 0.286133 0.865278 0.0230469 0.0861111
1 0.277344 0.733333 0.0152344 0.0527778
1 0.291016 0.845833 0.0132813 0.0444444
0 0.386719 0.0262153 0.0148437 0.0378472
1 0.275 0.727778 0.0179687 0.0444444
0 0.385352 0.0265625 0.0121094 0.0321181
0 0.274609 0.70625 0.0195312 0.0777778
0 0.264844 0.847222 0.028125 0.0777778
0 0.278516 0.739583 0.0113281 0.0625
0 0.267969 0.802083 0.0421875 0.194444
0 0.290625 0.865278 0.0179687 0.0833333
1 0.528125 0.493056 0.009375 0.0180556
1 0.385547 0.0180773 0.0078125 0.0197917
1 0.529688 0.491667 0.0117188 0.0194444
1 0.528125 0.495486 0.0109375 0.0229167
1 0.383984 0.0292535 0.00859375 0.022309
1 0.385352 0.0265408 0.0121094 0.0322483
1 0.386328 0.0150174 0.009375 0.0238715
1 0.277734 0.727778 0.0128906 0.0388889
1 0.387109 0.0293403 0.0148437 0.0315104
1 0.291602 0.85 0.0117188 0.0347222
1 0.291406 0.858333 0.0132813 0.0361111
0 0.277734 0.727778 0.0128906 0.0388889
0 0.264258 0.858333 0.03125 0.1
1 0.383594 0.0242133 0.0140625 0.0375108
1 0.290625 0.865278 0.0179687 0.0833333
0 0.286133 0.865278 0.0230469 0.0861111
0 0.524219 0.462153 0.0328125 0.0909722
1 0.383203 0.0269531 0.0117188 0.0288194
0 0.277344 0.733333 0.0148437 0.0527778
1 0.277344 0.733333 0.0148437 0.0527778
0 0.276172 0.720833 0.015625 0.0513889
0 0.386719 0.0262641 0.0148437 0.037576
1 0.275195 0.727778 0.0179687 0.0444444
0 0.290625 0.865278 0.0179687 0.0833333
1 0.528125 0.493056 0.009375 0.0180556
1 0.529688 0.492361 0.0125 0.0201389
1 0.385547 0.018099 0.0078125 0.0197917
1 0.528125 0.495486 0.0109375 0.0229167
1 0.383984 0.0294271 0.00859375 0.0217882
1 0.385352 0.0265625 0.0121094 0.0322917
1 0.386328 0.0149794 0.009375 0.0236871
1 0.277734 0.727778 0.0125 0.0388889
1 0.387109 0.0294271 0.0148437 0.03125
1 0.291602 0.85 0.0121094 0.0347222
1 0.291406 0.857639 0.0132813 0.0347222
0 0.277734 0.727778 0.0128906 0.0388889
0 0.264062 0.858333 0.03125 0.1
1 0.383594 0.0242133 0.0140625 0.0370768
1 0.290625 0.865278 0.0179687 0.0833333
0 0.286328 0.865278 0.0234375 0.0847222
1 0.383008 0.0270833 0.0113281 0.028125
1 0.277344 0.733333 0.0148437 0.05
0 0.277344 0.733333 0.0148437 0.05
1 0.29082 0.845139 0.0128906 0.0430556
0 0.276172 0.72066 0.015625 0.0503472
0 0.523828 0.462153 0.0328125 0.0909722
0 0.386719 0.0263672 0.0148437 0.0371962
1 0.275195 0.727778 0.0179687 0.0444444
0 0.290625 0.865278 0.0179687 0.0833333
1 0.528125 0.493056 0.009375 0.0180556
1 0.529688 0.492361 0.0125 0.0201389
1 0.385547 0.0181044 0.0078125 0.0197808
1 0.528125 0.495486 0.0109375 0.0229167
1 0.383984 0.0294271 0.00859375 0.0217882
1 0.385352 0.0265625 0.0121094 0.0322917
1 0.386328 0.0149794 0.009375 0.0236871
1 0.277734 0.727778 0.0125 0.0388889
1 0.387109 0.0294488 0.0148437 0.0312066
1 0.291406 0.857639 0.0132813 0.0347222
1 0.291602 0.85 0.0121094 0.0347222
0 0.277734 0.727778 0.0128906 0.0388889
0 0.264062 0.858333 0.03125 0.1
1 0.383594 0.024197 0.0140625 0.0371094
1 0.290625 0.865278 0.0179687 0.0833333
0 0.286328 0.865278 0.0234375 0.0847222
1 0.383008 0.027105 0.0113281 0.0280816
1 0.277344 0.733333 0.0148437 0.05
0 0.277344 0.733333 0.0148437 0.05
1 0.29082 0.845139 0.0128906 0.0430556
0 0.276172 0.72066 0.015625 0.0503472
0 0.523828 0.462153 0.0328125 0.0909722
1 0.275195 0.727778 0.0179687 0.0444444
0 0.386719 0.0263672 0.0148437 0.0371962
0 0.291016 0.876389 0.0148437 0.0527778
