3 0.248437 0.678472 0.0765625 0.129167
1 0.335938 0.375694 0.0101562 0.0305556
1 0.329492 0.390278 0.0125 0.0375
1 0.860937 0.521181 0.00625 0.0104167
1 0.491797 0.0374566 0.00859375 0.0249132
1 0.936719 0.310069 0.0203125 0.01875
1 0.335938 0.379861 0.0125 0.0361111
1 0.671875 0.355903 0.0140625 0.025
0 0.932813 1 0.021875 0
0 0.329688 0.390972 0.0125 0.0388889
1 0.508203 0.0221137 0.0125 0.0404948
3 0.248437 0.679167 0.0765625 0.129167
1 0.335938 0.375694 0.0101562 0.0305556
1 0.329492 0.390278 0.0121094 0.0375
1 0.492188 0.0370226 0.009375 0.0257812
1 0.495313 0.0391602 0.0171875 0.0329644
1 0.507812 0.0218099 0.0125 0.0409288
1 0.334766 0.381944 0.0140625 0.0402778
1 0.327734 0.3875 0.0132813 0.0361111
1 0.333203 0.376389 0.0148437 0.0347222
1 0.936719 0.31059 0.021875 0.0204861
1 0.860937 0.521528 0.00625 0.0111111
3 0.23125 0.730556 0.0328125 0.0222222
3 0.248828 0.678125 0.0761719 0.129861
1 0.335938 0.375694 0.0101562 0.0305556
1 0.329297 0.390972 0.0125 0.0388889
1 0.491797 0.0363607 0.0078125 0.0234592
1 0.494141 0.0399414 0.0132813 0.0315755
1 0.335742 0.379167 0.0128906 0.0375
1 0.498437 0.0496528 0.0117188 0.012934
1 0.485547 0.267361 0.0101562 0.0347222
0 0.329297 0.390972 0.0125 0.0388889
1 0.333203 0.375694 0.0140625 0.0333333
1 0.9375 0.311285 0.028125 0.021875
1 0.492578 0.0383681 0.0109375 0.0287326
1 0.338477 0.375 0.0152344 0.0319444
0 0.489062 0.00857205 0.0140625 0.0146267
1 0.978906 0.305556 0.0140625 0.0166667
3 0.248828 0.678472 0.0757812 0.129167
1 0.335938 0.375694 0.0101562 0.0305556
1 0.329297 0.391319 0.0125 0.0388889
1 0.491797 0.0366428 0.0078125 0.0248047
0 0.329297 0.390972 0.0125 0.0381944
1 0.494922 0.0397678 0.015625 0.0326172
1 0.327734 0.3875 0.0132813 0.0347222
1 0.335938 0.379167 0.0125 0.0375
1 0.492969 0.0390191 0.0109375 0.0309028
1 0.498437 0.0498264 0.0109375 0.0135417
1 0.507812 0.0222222 0.0101562 0.0405382
1 0.491406 0.034809 0.009375 0.0314236
1 0.338281 0.375 0.0140625 0.0291667
1 0.333203 0.375694 0.0140625 0.0319444
3 0.248633 0.678472 0.0757812 0.129167
1 0.335938 0.375694 0.0101562 0.0305556
1 0.329297 0.391667 0.0125 0.0388889
1 0.491406 0.0366319 0.0078125 0.0248264
1 0.492969 0.0392253 0.0109375 0.0309245
1 0.498437 0.05 0.0109375 0.0131944
1 0.507812 0.0223524 0.0109375 0.0419271
0 0.329492 0.390972 0.0128906 0.0388889
1 0.491406 0.0345486 0.009375 0.03125
1 0.32793 0.3875 0.0128906 0.0347222
1 0.335938 0.378819 0.0125 0.0375
1 0.333203 0.375347 0.0140625 0.0326389
0 0.517969 0.848611 0.009375 0.0194444
1 0.546094 0.819444 0.0046875 0.00833333
1 0.338281 0.375347 0.0148437 0.0305556
1 0.485156 0.264583 0.009375 0.0277778
1 0.4875 0.267361 0.0140625 0.0347222
3 0.248828 0.678472 0.0757812 0.130556
1 0.335938 0.375694 0.0101562 0.0305556
1 0.329492 0.391667 0.0125 0.0388889
1 0.491797 0.0367187 0.00859375 0.0248264
0 0.517969 0.848611 0.009375 0.0194444
1 0.492969 0.0394531 0.0109375 0.0310764
1 0.507812 0.0222005 0.0109375 0.0413628
1 0.498437 0.050217 0.0109375 0.0131076
1 0.546094 0.819444 0.0046875 0.00833333
1 0.335938 0.379167 0.0125 0.0375
1 0.491797 0.034592 0.0101562 0.0310764
1 0.485156 0.263889 0.009375 0.0256944
1 0.487109 0.267882 0.0140625 0.0347222
1 0.328125 0.388542 0.0132813 0.0368056
1 0.333398 0.375347 0.0140625 0.0326389
1 0.338086 0.375694 0.0132813 0.0298611
0 0.329688 0.391319 0.0125 0.0388889
1 0.104297 0.475 0.0134766 0.0194444
3 0.248828 0.678472 0.0757812 0.129167
1 0.335938 0.375347 0.0101562 0.0305556
1 0.329297 0.391319 0.0125 0.0388889
1 0.491797 0.0367187 0.00859375 0.0248264
0 0.517969 0.848611 0.009375 0.0194444
1 0.492969 0.0393663 0.0109375 0.0309896
1 0.507812 0.0220974 0.0109375 0.0412218
1 0.546094 0.819444 0.0046875 0.00833333
1 0.335938 0.379167 0.0125 0.0375
1 0.498437 0.0500868 0.0109375 0.0131944
1 0.485156 0.262326 0.009375 0.0222222
1 0.491797 0.0346788 0.0101562 0.0309896
1 0.487109 0.268056 0.0140625 0.0340278
0 0.329688 0.391319 0.0125 0.0388889
1 0.333203 0.375694 0.0140625 0.0319444
1 0.338086 0.375694 0.0128906 0.0291667
3 0.248828 0.678472 0.0765625 0.129167
1 0.335938 0.375347 0.0101562 0.0305556
1 0.329492 0.391319 0.0125 0.0388889
1 0.491797 0.0367622 0.00859375 0.0248264
0 0.517969 0.848611 0.009375 0.0194444
1 0.492969 0.0394965 0.0109375 0.0309028
1 0.507812 0.0225043 0.0109375 0.0418837
1 0.546094 0.819444 0.0046875 0.00833333
1 0.335742 0.379167 0.0128906 0.0375
1 0.491797 0.0349392 0.0101562 0.0311632
1 0.498437 0.0500868 0.0109375 0.0134549
1 0.485156 0.263542 0.009375 0.0243056
1 0.32793 0.388542 0.0132813 0.0368056
1 0.485938 0.267708 0.0109375 0.0333333
1 0.333203 0.375347 0.0140625 0.0326389
0 0.329688 0.391319 0.0125 0.0388889
3 0.248828 0.678472 0.0765625 0.129167
1 0.335938 0.375 0.0101562 0.0305556
1 0.329492 0.391319 0.0125 0.0388889
1 0.491797 0.0368164 0.00859375 0.0249783
0 0.517969 0.848611 0.009375 0.0194444
1 0.492969 0.0396701 0.0109375 0.0311632
1 0.507812 0.0225911 0.0109375 0.0421441
1 0.546094 0.819444 0.0046875 0.00694444
1 0.491797 0.0349935 0.0101562 0.0315755
1 0.335938 0.379514 0.0132813 0.0381944
1 0.498437 0.05 0.0109375 0.0137153
1 0.485156 0.264236 0.009375 0.0263889
1 0.485938 0.268056 0.0109375 0.0340278
1 0.333203 0.375694 0.0140625 0.0319444
3 0.248828 0.678472 0.0757812 0.129167
1 0.335938 0.375 0.0101562 0.0305556
1 0.329492 0.391319 0.0125 0.0388889
1 0.491797 0.036849 0.00859375 0.0249132
0 0.517969 0.848611 0.009375 0.0194444
1 0.492969 0.0397678 0.0125 0.0314019
1 0.507812 0.0225911 0.0109375 0.0421441
1 0.546094 0.819444 0.0046875 0.00833333
1 0.335938 0.379167 0.0132813 0.0375
1 0.497656 0.0494792 0.0125 0.0145833
1 0.485156 0.265625 0.009375 0.0291667
1 0.492188 0.0351562 0.0109375 0.0319444
1 0.486719 0.268576 0.0125 0.0357639
1 0.333203 0.375694 0.0140625 0.0319444
3 0.248828 0.678472 0.0757812 0.129167
1 0.335938 0.375 0.0101562 0.0305556
1 0.329492 0.391319 0.0125 0.0388889
1 0.491797 0.0366753 0.00859375 0.0247396
0 0.517969 0.848611 0.009375 0.0194444
1 0.492969 0.0397135 0.0125 0.0314236
1 0.507812 0.0224826 0.0109375 0.0420139
1 0.485156 0.265625 0.009375 0.0291667
1 0.335938 0.379167 0.0128906 0.0375
1 0.546094 0.819444 0.0046875 0.00833333
1 0.497656 0.0494792 0.0125 0.0145833
1 0.491797 0.0349935 0.0101562 0.0315755
1 0.486719 0.268403 0.0125 0.0354167
1 0.333203 0.375694 0.0140625 0.0319444
3 0.248828 0.678472 0.0757812 0.129167
1 0.335938 0.375 0.0101562 0.0305556
1 0.329492 0.391319 0.0125 0.0388889
1 0.491797 0.0365885 0.00859375 0.0244792
1 0.492969 0.0396701 0.0125 0.03125
0 0.517969 0.848611 0.009375 0.0194444
1 0.507812 0.0223524 0.0109375 0.0417535
1 0.485156 0.265972 0.009375 0.0298611
1 0.335938 0.379167 0.0125 0.0375
1 0.491797 0.0347982 0.0101562 0.0309245
1 0.546094 0.819444 0.0046875 0.00833333
1 0.486719 0.268403 0.0125 0.0357639
1 0.498047 0.0496962 0.0117188 0.0140625
1 0.333203 0.375694 0.0140625 0.0319444
3 0.248828 0.678472 0.0757812 0.129167
1 0.335938 0.375 0.0101562 0.0305556
1 0.329492 0.391319 0.0125 0.0388889
1 0.491797 0.0365017 0.00859375 0.0243056
1 0.492969 0.0395942 0.0117188 0.0310547
1 0.485156 0.266319 0.009375 0.0305556
0 0.517969 0.848611 0.009375 0.0194444
1 0.507812 0.0222222 0.0109375 0.0414931
1 0.486719 0.268403 0.0125 0.0361111
1 0.491406 0.0345486 0.0109375 0.0305556
1 0.546094 0.819444 0.0046875 0.00833333
1 0.335938 0.379167 0.0125 0.0375
1 0.498047 0.0497396 0.0117188 0.0139757
1 0.333203 0.375694 0.0140625 0.0319444
3 0.248828 0.678472 0.0757812 0.129167
1 0.335938 0.375 0.0101562 0.0305556
1 0.329492 0.391319 0.0125 0.0388889
1 0.491797 0.0365017 0.00859375 0.0241319
1 0.492969 0.0395833 0.0117188 0.0309896
1 0.485156 0.266667 0.009375 0.03125
0 0.517969 0.848611 0.009375 0.0194444
1 0.507422 0.0220432 0.0109375 0.0409831
1 0.486719 0.268403 0.0125 0.0361111
1 0.491406 0.0345052 0.0109375 0.0304688
1 0.335938 0.379167 0.0125 0.0375
1 0.546094 0.819444 0.0046875 0.00833333
1 0.498047 0.0496094 0.0117188 0.0141493
1 0.333203 0.375694 0.0140625 0.0319444
3 0.248828 0.678472 0.0757812 0.129167
1 0.335938 0.375 0.0101562 0.0305556
1 0.329492 0.391319 0.0125 0.0388889
1 0.491797 0.0364692 0.00859375 0.0241102
1 0.492969 0.0395833 0.0117188 0.0309028
1 0.485156 0.266319 0.009375 0.0309028
0 0.517969 0.849306 0.009375 0.0194444
1 0.507422 0.0219618 0.0109375 0.0407986
1 0.486719 0.268403 0.0125 0.0361111
1 0.491797 0.034375 0.0109375 0.0303819
1 0.546094 0.819444 0.0046875 0.00833333
1 0.335938 0.379167 0.0128906 0.0375
1 0.498047 0.0496528 0.0117188 0.0140625
1 0.333008 0.375694 0.0140625 0.0319444
3 0.248828 0.678472 0.0757812 0.129167
1 0.335938 0.375 0.0101562 0.0305556
1 0.329297 0.391319 0.0125 0.0388889
1 0.491797 0.0365017 0.00859375 0.0239583
1 0.492969 0.0396701 0.0117188 0.0307292
1 0.485156 0.266319 0.009375 0.03125
1 0.507422 0.0219401 0.0109375 0.0406684
0 0.518359 0.848611 0.009375 0.0194444
1 0.486719 0.268403 0.0125 0.0361111
1 0.491797 0.0342882 0.0109375 0.0302083
1 0.546094 0.819444 0.0046875 0.00833333
1 0.335938 0.378819 0.0128906 0.0375
1 0.498047 0.0496962 0.0117188 0.0141493
1 0.333008 0.375694 0.0140625 0.0319444
3 0.248828 0.678472 0.0757812 0.129167
1 0.335938 0.375 0.0101562 0.0305556
1 0.329297 0.391319 0.0125 0.0388889
1 0.491797 0.0365017 0.00859375 0.0238715
1 0.492969 0.0397135 0.0109375 0.0306424
0 0.518359 0.848611 0.009375 0.0194444
1 0.485156 0.265972 0.009375 0.0305556
1 0.546094 0.819444 0.0046875 0.00833333
1 0.507422 0.0218804 0.0109375 0.0402669
1 0.335938 0.378819 0.0128906 0.0375
1 0.486328 0.269097 0.0117188 0.0378472
1 0.491797 0.0342448 0.0109375 0.0302083
1 0.498047 0.0497396 0.0117188 0.0140625
1 0.337891 0.375694 0.0132813 0.0291667
1 0.333008 0.375694 0.0140625 0.0319444
3 0.248828 0.678472 0.0757812 0.129167
1 0.335938 0.375 0.0101562 0.0305556
1 0.329297 0.391319 0.0125 0.0388889
1 0.491797 0.0365451 0.00859375 0.0236979
1 0.492969 0.0397569 0.0109375 0.0304688
0 0.518359 0.848611 0.009375 0.0194444
1 0.546094 0.819444 0.0046875 0.00833333
1 0.485156 0.265625 0.009375 0.0291667
1 0.335938 0.378472 0.0125 0.0375
1 0.498047 0.0497396 0.0117188 0.0140625
1 0.337891 0.375694 0.0132813 0.0298611
1 0.491797 0.0342014 0.0109375 0.0302083
1 0.507422 0.0217231 0.0109375 0.0397135
1 0.333008 0.375694 0.0140625 0.0319444
3 0.248828 0.678472 0.0761719 0.129167
1 0.335938 0.375 0.0101562 0.0305556
1 0.329297 0.391319 0.0125 0.0388889
1 0.491406 0.0365885 0.0078125 0.0234375
1 0.492969 0.0397569 0.0117188 0.0303819
0 0.518359 0.848611 0.009375 0.0194444
1 0.546094 0.819444 0.0046875 0.00833333
1 0.335938 0.378472 0.0125 0.0375
1 0.498047 0.0497396 0.0117188 0.0137153
1 0.337891 0.375694 0.0132813 0.0291667
1 0.485156 0.264931 0.009375 0.028125
3 0.248828 0.678472 0.0761719 0.129167
1 0.335938 0.375 0.0101562 0.0305556
1 0.329297 0.391319 0.0125 0.0388889
1 0.491797 0.036556 0.00859375 0.0234158
1 0.492969 0.0397569 0.0109375 0.0301215
0 0.518359 0.848611 0.009375 0.0194444
1 0.546094 0.819444 0.0046875 0.00833333
1 0.335938 0.378472 0.0125 0.0375
1 0.498437 0.0497396 0.0109375 0.0137153
1 0.337891 0.376042 0.0132813 0.0298611
3 0.248828 0.678472 0.0761719 0.129167
1 0.335938 0.375 0.0101562 0.0305556
1 0.329297 0.391319 0.0125 0.0388889
1 0.491797 0.036556 0.00859375 0.0234158
1 0.492969 0.0396593 0.0109375 0.0300564
1 0.546094 0.819444 0.0046875 0.00833333
0 0.518359 0.848611 0.009375 0.0194444
1 0.335742 0.378819 0.0128906 0.0375
1 0.498047 0.0497396 0.0117188 0.0135417
1 0.337891 0.376042 0.0132813 0.0298611
1 0.332812 0.375694 0.0140625 0.0326389
1 0.509766 0.652778 0.0078125 0.0145833
3 0.248828 0.678472 0.0761719 0.129167
1 0.335938 0.375347 0.0101562 0.0305556
1 0.329297 0.391319 0.0125 0.0388889
1 0.491797 0.0365017 0.00859375 0.0234375
1 0.492969 0.0395399 0.0109375 0.0297743
1 0.546094 0.819444 0.0046875 0.00833333
1 0.335742 0.378819 0.0128906 0.0375
1 0.509766 0.652778 0.0078125 0.0145833
1 0.332812 0.375694 0.0136719 0.0326389
1 0.498437 0.0497396 0.0109375 0.0135417
3 0.248828 0.678472 0.0761719 0.129167
1 0.335938 0.375347 0.0101562 0.0305556
1 0.329297 0.390972 0.0125 0.0388889
1 0.491797 0.0365017 0.00859375 0.0235243
1 0.492578 0.0393989 0.0109375 0.0295356
1 0.546094 0.819444 0.0046875 0.00833333
1 0.509766 0.652778 0.0078125 0.0145833
1 0.335547 0.378819 0.0132813 0.0375
1 0.332812 0.375694 0.0136719 0.0333333
1 0.337891 0.376042 0.0132813 0.0305556
3 0.248828 0.678472 0.0761719 0.129167
1 0.335938 0.375347 0.0101562 0.0305556
1 0.329297 0.390972 0.0125 0.0388889
1 0.491797 0.0365451 0.00859375 0.0236111
1 0.492188 0.0393229 0.0109375 0.0294271
1 0.335547 0.378472 0.0132813 0.0375
1 0.509766 0.652778 0.0078125 0.0145833
1 0.546094 0.819444 0.0046875 0.00833333
1 0.332812 0.375694 0.0136719 0.0333333
1 0.337891 0.376042 0.0132813 0.0305556
3 0.248828 0.678472 0.0761719 0.129167
1 0.329297 0.390972 0.0125 0.0388889
1 0.335938 0.375347 0.0101562 0.0305556
1 0.491406 0.0365343 0.0078125 0.0234592
1 0.492188 0.039247 0.0109375 0.0293186
1 0.335547 0.378472 0.0132813 0.0375
1 0.332812 0.375694 0.0136719 0.0333333
1 0.510156 0.652778 0.0078125 0.0145833
1 0.546094 0.819444 0.0046875 0.00833333
3 0.248828 0.678472 0.0761719 0.129167
1 0.329297 0.390972 0.0125 0.0388889
1 0.335938 0.375347 0.0101562 0.0305556
1 0.491406 0.0365343 0.0078125 0.0234592
1 0.492188 0.039247 0.0109375 0.0293186
1 0.335547 0.378472 0.0132813 0.0375
1 0.332812 0.375694 0.0136719 0.0333333
1 0.510156 0.652778 0.0078125 0.0145833
1 0.546094 0.819444 0.0046875 0.00833333
