2 0.449219 0.486111 0.0953125 0.155556
1 0.429688 0.5 0.0132813 0.0347222
1 0.764844 0.0118707 0.0132813 0.0237413
3 0.449609 0.486806 0.0945313 0.155556
1 0.969531 0.775 0.03125 0.0333333
0 0.764844 0.0119141 0.0132813 0.0238281
1 0.975781 0.269097 0.015625 0.0430556
0 0.970312 0.775 0.03125 0.0333333
1 0.971094 0.226389 0.0109375 0.0298611
1 0.978125 0.259722 0.021875 0.0621528
1 0.967969 0.227083 0.01875 0.0315972
0 0.939062 0.659722 0.109375 0.266667
0 0.938281 0.620833 0.101562 0.191667
1 0.867188 0.978472 0.0125 0.0152778
1 0.964844 0.229514 0.0234375 0.0347222
1 0.433594 0.501042 0.0210938 0.0381944
0 0.940625 0.5875 0.096875 0.125
1 0.980469 0.253125 0.0265625 0.0756944
1 0.427734 0.495833 0.0117188 0.0236111
1 0.975 0.253819 0.0203125 0.0788194
1 0.964063 0.249653 0.034375 0.0809028
1 0.972656 0.252431 0.040625 0.0861111
1 0.964844 0.238889 0.0234375 0.0569444
1 0.726562 0.136979 0.0140625 0.0361111
1 0.982031 0.571528 0.0125 0.0194444
1 0.964844 0.279861 0.0421875 0.128819
0 0.925 0.549306 0.05625 0.05
0 0.866406 0.984028 0.0171875 0.0291667
2 0.449609 0.486111 0.0945313 0.155556
1 0.429688 0.499653 0.0140625 0.0347222
1 0.764844 0.0115885 0.0132813 0.0231771
2 0.9375 0.659028 0.10625 0.266667
1 0.969531 0.775 0.03125 0.0333333
0 0.938281 0.658681 0.109375 0.264583
0 0.764844 0.0115885 0.0132813 0.0231771
1 0.867188 0.978472 0.009375 0.0138889
1 0.405469 0.452778 0.0078125 0.0145833
3 0.449609 0.485764 0.0945313 0.154861
1 0.40625 0.450694 0.009375 0.0194444
1 0.727344 0.140885 0.0140625 0.0470486
1 0.432813 0.500694 0.01875 0.0381944
1 0.428125 0.496181 0.0117188 0.0243056
1 0.9125 0.538889 0.03125 0.0291667
1 0.915625 0.54375 0.034375 0.0375
2 0.781641 0.70625 0.285156 0.586111
1 0.970312 0.22691 0.015625 0.0315972
1 0.971875 0.225694 0.0109375 0.0291667
0 0.969531 0.775 0.03125 0.0333333
1 0.9375 0.659028 0.107813 0.263889
1 0.955469 0.318229 0.015625 0.0524306
2 0.449219 0.486806 0.0953125 0.155556
1 0.429688 0.499653 0.0140625 0.0347222
1 0.764844 0.0115885 0.0125 0.0231337
0 0.936719 0.657292 0.107813 0.265972
2 0.365234 0.290104 0.0421875 0.0559028
1 0.867188 0.979861 0.0125 0.0166667
1 0.971875 0.226042 0.0125 0.0305556
1 0.975781 0.269097 0.0171875 0.0430556
1 0.96875 0.775 0.03125 0.0333333
1 0.94375 0.312153 0.0125 0.0527778
1 0.976562 0.274479 0.0171875 0.0322917
1 0.160352 0.436806 0.0121094 0.0152778
1 0.432813 0.501042 0.0203125 0.0395833
1 0.96875 0.227431 0.015625 0.0340278
2 0.419141 0.494097 0.0328125 0.119444
0 0.764844 0.0116265 0.0132813 0.0230143
1 0.864062 0.981944 0.015625 0.025
1 0.954687 0.323958 0.0125 0.0416667
1 0.946875 0.31684 0.01875 0.053125
1 0.86875 0.659028 0.0125 0.0138889
1 0.959375 0.780556 0.0125 0.0222222
1 0.954687 0.336111 0.0109375 0.0166667
1 0.953125 0.317708 0.0125 0.0506944
1 0.864062 0.984722 0.01875 0.0277778
0 0.867188 0.979861 0.0125 0.0166667
1 0.95625 0.319097 0.015625 0.0506944
1 0.978125 0.256076 0.021875 0.0677083
1 0.965625 0.233333 0.021875 0.0416667
0 0.864844 0.984722 0.0171875 0.0277778
1 0.970312 0.235938 0.015625 0.0534722
1 0.95 0.319618 0.021875 0.0517361
1 0.9125 0.5375 0.03125 0.0277778
3 0.364844 0.289931 0.0429688 0.05625
2 0.449219 0.486806 0.0953125 0.155556
1 0.429688 0.499306 0.0140625 0.0347222
1 0.764844 0.0115234 0.0125 0.0230469
2 0.364844 0.289583 0.0429688 0.0555556
1 0.160156 0.437153 0.0117188 0.0145833
0 0.936719 0.656944 0.107813 0.2625
1 0.867188 0.980556 0.0125 0.0166667
1 0.96875 0.775 0.0328125 0.0333333
1 0.959375 0.781944 0.0125 0.0194444
1 0.405469 0.452431 0.00859375 0.0138889
1 0.864062 0.984722 0.01875 0.0277778
1 0.432813 0.503125 0.0203125 0.04375
0 0.764844 0.0115234 0.0125 0.0230469
1 0.421094 0.495486 0.0320312 0.0472222
1 0.86875 0.659028 0.0125 0.0138889
1 0.942969 0.311806 0.0125 0.0520833
1 0.954687 0.336632 0.009375 0.0152778
1 0.971875 0.225347 0.0109375 0.0295139
1 0.960938 0.776389 0.01875 0.0305556
1 0.976562 0.276389 0.015625 0.0284722
1 0.954687 0.332292 0.009375 0.0243056
2 0.449219 0.486806 0.0953125 0.156944
1 0.764844 0.0114909 0.0125 0.0229818
1 0.429688 0.5 0.0140625 0.0347222
0 0.45 0.486806 0.0953125 0.155556
1 0.159766 0.4375 0.0128906 0.0159722
1 0.866406 0.980556 0.0109375 0.0166667
0 0.9375 0.656944 0.109375 0.263889
1 0.449219 0.486111 0.0945313 0.155556
1 0.970312 0.775 0.03125 0.0333333
3 0.449219 0.486111 0.0945313 0.155556
1 0.405469 0.452778 0.00859375 0.0138889
0 0.764844 0.0114909 0.0125 0.0229818
0 0.159766 0.4375 0.0128906 0.0159722
1 0.864844 0.980556 0.015625 0.0194444
1 0.971875 0.225347 0.0125 0.0298611
1 0.957812 0.781944 0.0125 0.0194444
1 0.865625 0.984722 0.015625 0.0263889
0 0.9375 0.610764 0.10625 0.169444
1 0.432813 0.500694 0.01875 0.0388889
1 0.86875 0.658681 0.009375 0.0138889
1 0.976562 0.277431 0.0171875 0.0256944
1 0.423438 0.498611 0.0265625 0.0402778
0 0.990625 0.852778 0.0171875 0.0722222
1 0.158984 0.436806 0.015625 0.0201389
1 0.975781 0.269444 0.0171875 0.0416667
2 0.449219 0.486806 0.0953125 0.155556
1 0.429688 0.499653 0.0140625 0.0347222
1 0.764844 0.0115668 0.0125 0.0231337
0 0.449219 0.486111 0.0953125 0.154167
0 0.9375 0.65625 0.109375 0.263889
1 0.159668 0.4375 0.0130859 0.0166667
1 0.970312 0.774306 0.03125 0.0347222
1 0.867188 0.979861 0.009375 0.0152778
1 0.449609 0.486111 0.0945313 0.154167
1 0.405469 0.452083 0.0078125 0.0138889
3 0.449609 0.486111 0.0945313 0.154167
1 0.86875 0.658333 0.009375 0.0138889
0 0.764844 0.0115668 0.0125 0.0231337
0 0.990625 0.851389 0.0171875 0.0736111
1 0.957812 0.781944 0.0125 0.0194444
1 0.976562 0.276389 0.0171875 0.0270833
1 0.971875 0.225347 0.0109375 0.0298611
1 0.864062 0.980556 0.015625 0.0194444
1 0.423438 0.498958 0.0265625 0.0388889
1 0.785156 0.732292 0.279687 0.535417
0 0.159668 0.4375 0.0130859 0.0166667
2 0.364844 0.289931 0.0429688 0.05625
2 0.449219 0.486806 0.0953125 0.155556
1 0.429688 0.5 0.0140625 0.0347222
1 0.764844 0.0116102 0.0125 0.0232205
0 0.45 0.486458 0.0953125 0.15625
0 0.9375 0.657986 0.109375 0.265972
1 0.867188 0.979167 0.009375 0.0138889
1 0.159961 0.4375 0.0125 0.0159722
1 0.405469 0.452431 0.0078125 0.0138889
3 0.449609 0.486111 0.0945313 0.154861
1 0.970312 0.775 0.03125 0.0333333
1 0.449609 0.486111 0.0945313 0.154861
1 0.86875 0.658681 0.009375 0.0138889
0 0.764844 0.0116102 0.0125 0.0232205
1 0.971875 0.225174 0.0109375 0.0295139
1 0.9625 0.776389 0.01875 0.0305556
1 0.970312 0.226389 0.015625 0.0319444
1 0.423828 0.498611 0.0257812 0.0388889
1 0.976562 0.275694 0.0171875 0.0284722
1 0.40625 0.450694 0.009375 0.0180556
1 0.864062 0.980556 0.015625 0.0194444
2 0.449219 0.486806 0.0953125 0.155556
1 0.429688 0.499653 0.0140625 0.0347222
1 0.764844 0.0116102 0.0125 0.0232205
0 0.449609 0.486458 0.0945313 0.15625
0 0.9375 0.65625 0.10625 0.261111
1 0.405469 0.452083 0.00859375 0.0138889
1 0.159863 0.4375 0.0123047 0.0152778
1 0.867188 0.979167 0.009375 0.0138889
3 0.449609 0.486111 0.0945313 0.154861
1 0.449609 0.486111 0.0945313 0.154861
1 0.40625 0.450694 0.009375 0.0180556
0 0.764844 0.0116102 0.0125 0.0232205
1 0.971875 0.225347 0.0109375 0.0298611
1 0.970312 0.775 0.03125 0.0333333
1 0.86875 0.658681 0.009375 0.0138889
1 0.970312 0.226389 0.015625 0.03125
1 0.425781 0.498958 0.021875 0.0381944
1 0.432813 0.5 0.0195312 0.0375
2 0.449219 0.486806 0.0953125 0.155556
1 0.429688 0.499653 0.0140625 0.0347222
1 0.764844 0.0116211 0.0125 0.0232422
0 0.449609 0.486458 0.0945313 0.15625
0 0.9375 0.657639 0.107813 0.265278
1 0.160059 0.437153 0.0121094 0.0152778
1 0.405469 0.452083 0.00859375 0.0145833
1 0.867188 0.979167 0.009375 0.0138889
3 0.449219 0.486111 0.0953125 0.154167
1 0.40625 0.450694 0.009375 0.0194444
1 0.449219 0.486111 0.0953125 0.154167
0 0.764844 0.0116211 0.0125 0.0232422
1 0.971875 0.225347 0.0109375 0.0298611
1 0.970312 0.775 0.03125 0.0333333
1 0.970312 0.226389 0.015625 0.03125
1 0.86875 0.658681 0.009375 0.0145833
2 0.746875 0.434028 0.50625 0.868056
1 0.425781 0.498958 0.021875 0.0381944
1 0.432813 0.500347 0.01875 0.0381944
2 0.449219 0.486806 0.0953125 0.155556
1 0.429688 0.499653 0.0140625 0.0347222
1 0.764844 0.0116319 0.0125 0.0232639
0 0.449609 0.486806 0.0945313 0.156944
0 0.9375 0.657639 0.107813 0.266667
1 0.160156 0.437153 0.0121094 0.0152778
1 0.867188 0.979167 0.009375 0.0138889
1 0.405469 0.452083 0.009375 0.0145833
3 0.449609 0.486111 0.0945313 0.155556
1 0.971875 0.225347 0.0109375 0.0298611
1 0.449609 0.486111 0.0945313 0.155556
0 0.764844 0.0116102 0.0125 0.0231337
1 0.970312 0.226215 0.015625 0.03125
1 0.970312 0.773611 0.0328125 0.0333333
1 0.406641 0.450694 0.0101562 0.0194444
2 0.736328 0.424306 0.527344 0.848611
1 0.432813 0.500694 0.0195312 0.0388889
1 0.86875 0.658681 0.009375 0.0145833
2 0.449219 0.486806 0.0953125 0.155556
1 0.429688 0.499653 0.0140625 0.0347222
1 0.764844 0.0115885 0.0125 0.0230903
0 0.9375 0.657639 0.107813 0.266667
0 0.449609 0.486458 0.0945313 0.15625
1 0.160254 0.436806 0.0119141 0.0152778
1 0.867188 0.979167 0.009375 0.0138889
3 0.449609 0.486111 0.0945313 0.155556
1 0.405469 0.452083 0.009375 0.0145833
1 0.971875 0.225347 0.0109375 0.0298611
1 0.449609 0.486111 0.0945313 0.155556
0 0.764844 0.0115885 0.0125 0.0230903
1 0.406641 0.450694 0.0101562 0.0194444
1 0.970312 0.226042 0.015625 0.03125
1 0.432813 0.500694 0.0195312 0.0388889
1 0.970312 0.773611 0.0328125 0.0333333
1 0.914062 0.5375 0.03125 0.025
2 0.449219 0.486806 0.0953125 0.155556
1 0.429688 0.499653 0.0140625 0.0347222
1 0.764844 0.0115451 0.0125 0.0230469
0 0.9375 0.658681 0.109375 0.265972
0 0.45 0.486806 0.0953125 0.155556
1 0.160352 0.436806 0.0117188 0.0152778
1 0.866406 0.979167 0.0109375 0.0138889
1 0.971875 0.225347 0.0109375 0.0298611
1 0.405469 0.452083 0.009375 0.0138889
0 0.764844 0.0115451 0.0125 0.0230469
1 0.970312 0.226042 0.015625 0.03125
1 0.970312 0.773611 0.0328125 0.0333333
3 0.449219 0.486806 0.0953125 0.155556
1 0.406641 0.451042 0.0101562 0.0194444
1 0.432813 0.500694 0.0195312 0.0381944
1 0.914062 0.5375 0.03125 0.025
2 0.449219 0.486806 0.0953125 0.155556
1 0.429688 0.499653 0.0140625 0.0347222
1 0.764844 0.0115451 0.0125 0.0230035
0 0.936719 0.658681 0.107813 0.265972
1 0.160352 0.436806 0.0117188 0.0152778
0 0.449609 0.486458 0.0945313 0.15625
1 0.866406 0.979167 0.0109375 0.0138889
3 0.449219 0.486458 0.0953125 0.154861
1 0.971875 0.225521 0.0109375 0.0298611
0 0.764844 0.0115451 0.0125 0.0230035
1 0.405469 0.452083 0.009375 0.0138889
1 0.449219 0.486458 0.0953125 0.154861
1 0.970312 0.226389 0.015625 0.03125
1 0.970312 0.773611 0.0328125 0.0333333
1 0.914062 0.5375 0.03125 0.025
1 0.432813 0.500694 0.0203125 0.0388889
2 0.449219 0.486806 0.0953125 0.155556
1 0.429688 0.499653 0.0140625 0.0347222
1 0.764844 0.0115451 0.0125 0.0229167
0 0.9375 0.658681 0.107813 0.265972
1 0.160352 0.436806 0.0117188 0.0152778
1 0.866406 0.979167 0.0109375 0.0152778
3 0.449609 0.486111 0.0945313 0.154167
1 0.971875 0.225694 0.0109375 0.0298611
0 0.764844 0.0115451 0.0125 0.0229167
0 0.449609 0.486458 0.0945313 0.15625
1 0.970312 0.773611 0.0328125 0.0333333
1 0.970312 0.226389 0.015625 0.03125
1 0.449609 0.486111 0.0945313 0.154167
1 0.405469 0.452083 0.009375 0.0138889
1 0.914062 0.5375 0.03125 0.025
2 0.449219 0.486458 0.0953125 0.154861
1 0.429688 0.499653 0.0140625 0.0347222
1 0.764844 0.0115668 0.0125 0.0228733
0 0.9375 0.658681 0.10625 0.265972
1 0.866406 0.979167 0.0109375 0.0152778
1 0.971875 0.225694 0.0109375 0.0298611
1 0.160449 0.436806 0.0117188 0.0152778
3 0.449219 0.486458 0.0953125 0.154861
0 0.764844 0.0115668 0.0125 0.0228733
1 0.970312 0.774306 0.0328125 0.0347222
1 0.970312 0.226389 0.015625 0.03125
0 0.449609 0.486458 0.0945313 0.15625
1 0.405469 0.452083 0.009375 0.0138889
1 0.449219 0.486458 0.0953125 0.154861
1 0.914062 0.5375 0.03125 0.025
2 0.449219 0.486458 0.0953125 0.154861
1 0.429688 0.499653 0.0140625 0.0347222
1 0.764844 0.0115668 0.0125 0.0228733
0 0.9375 0.658681 0.10625 0.265972
1 0.971875 0.225694 0.0109375 0.0298611
1 0.866406 0.979167 0.0109375 0.0152778
3 0.449219 0.486111 0.0953125 0.154167
1 0.970312 0.774306 0.0328125 0.0347222
1 0.970312 0.226389 0.015625 0.03125
1 0.160352 0.436806 0.0117188 0.0152778
0 0.764844 0.0115668 0.0125 0.0228733
1 0.405469 0.452083 0.009375 0.0152778
0 0.449609 0.486458 0.0945313 0.15625
1 0.449219 0.486111 0.0953125 0.154167
1 0.914062 0.5375 0.03125 0.025
2 0.449219 0.486806 0.0945313 0.155556
1 0.429688 0.499653 0.0140625 0.0347222
1 0.764844 0.0115668 0.0125 0.0228733
0 0.9375 0.658681 0.10625 0.265972
1 0.866406 0.979167 0.0109375 0.0138889
1 0.971875 0.225694 0.0109375 0.0298611
1 0.970312 0.774306 0.0328125 0.0347222
1 0.970312 0.226389 0.015625 0.03125
3 0.449219 0.486458 0.0953125 0.154861
1 0.405469 0.452083 0.009375 0.0152778
1 0.160352 0.436806 0.0117188 0.0152778
0 0.764844 0.0115668 0.0125 0.0228733
0 0.449219 0.486111 0.0953125 0.156944
1 0.407031 0.451042 0.0109375 0.0201389
2 0.449219 0.486806 0.0945313 0.155556
1 0.429688 0.5 0.0140625 0.0347222
1 0.764844 0.0115668 0.0125 0.0228299
0 0.9375 0.657292 0.109375 0.267361
1 0.866406 0.979167 0.0109375 0.0138889
1 0.971875 0.225694 0.0109375 0.0298611
1 0.970312 0.774306 0.0328125 0.0347222
1 0.405859 0.452083 0.009375 0.0152778
3 0.449219 0.486458 0.0953125 0.154861
1 0.970312 0.226389 0.015625 0.03125
1 0.160352 0.436806 0.0117188 0.0152778
0 0.764844 0.0115885 0.0132813 0.0226997
1 0.406641 0.451389 0.0101562 0.0194444
0 0.449219 0.486111 0.0953125 0.156944
2 0.449219 0.486458 0.0953125 0.154861
1 0.429688 0.5 0.0140625 0.0347222
1 0.764844 0.0115668 0.0125 0.0227865
1 0.866406 0.979167 0.0109375 0.0138889
0 0.9375 0.657639 0.109375 0.268056
1 0.971875 0.225694 0.0109375 0.0298611
3 0.449219 0.486458 0.0945313 0.154861
1 0.405859 0.452083 0.009375 0.0152778
1 0.970312 0.774306 0.034375 0.0347222
1 0.160449 0.436806 0.0117188 0.0152778
0 0.764844 0.0115668 0.0132813 0.0226563
1 0.970312 0.226389 0.015625 0.03125
1 0.40625 0.451389 0.0109375 0.0194444
2 0.449219 0.486458 0.0953125 0.154861
1 0.429688 0.5 0.0140625 0.0347222
1 0.764844 0.0115451 0.0125 0.0227865
1 0.866406 0.979167 0.0109375 0.0138889
3 0.449219 0.486458 0.0945313 0.154861
0 0.9375 0.657986 0.107813 0.267361
1 0.971875 0.225694 0.0109375 0.0298611
1 0.405859 0.452083 0.009375 0.0152778
1 0.160547 0.436806 0.0115234 0.0152778
0 0.764844 0.0115397 0.0132813 0.0226671
1 0.40625 0.451389 0.0109375 0.0194444
1 0.970312 0.774306 0.034375 0.0347222
1 0.970312 0.226389 0.015625 0.03125
2 0.449219 0.486806 0.0945313 0.15625
1 0.429688 0.5 0.0140625 0.0347222
1 0.764844 0.0115234 0.0125 0.0227865
1 0.866406 0.979167 0.0109375 0.0138889
1 0.40625 0.451389 0.0109375 0.0180556
3 0.449219 0.486111 0.0953125 0.155556
1 0.160547 0.436806 0.0113281 0.0152778
0 0.764844 0.0115234 0.0132813 0.0226997
1 0.971875 0.225694 0.0109375 0.0298611
0 0.9375 0.658681 0.107813 0.264583
1 0.970312 0.774306 0.034375 0.0347222
1 0.864062 0.977778 0.015625 0.0180556
1 0.970312 0.226389 0.015625 0.03125
2 0.449219 0.486806 0.0945313 0.15625
1 0.429688 0.5 0.0140625 0.0347222
1 0.764844 0.0115017 0.0125 0.0228299
1 0.866406 0.979167 0.0109375 0.0138889
1 0.405469 0.452083 0.009375 0.0152778
1 0.40625 0.451389 0.0109375 0.0194444
3 0.449219 0.486458 0.0953125 0.154861
1 0.160645 0.436806 0.0113281 0.0152778
0 0.764844 0.0115017 0.0132813 0.0227431
1 0.971875 0.225694 0.0109375 0.0298611
0 0.9375 0.658681 0.107813 0.264583
1 0.864844 0.977778 0.0140625 0.0180556
1 0.432813 0.500694 0.0203125 0.0402778
2 0.449219 0.486806 0.0945313 0.155556
1 0.429688 0.5 0.0148437 0.0347222
1 0.764844 0.0115017 0.0125 0.0228299
1 0.866406 0.979167 0.0109375 0.0138889
1 0.405469 0.452083 0.009375 0.0152778
1 0.40625 0.451736 0.0109375 0.01875
1 0.160645 0.436806 0.0113281 0.0152778
3 0.449219 0.486111 0.0953125 0.155556
0 0.764844 0.01148 0.0132813 0.0227865
1 0.971875 0.225694 0.0109375 0.0298611
0 0.9375 0.658333 0.109375 0.265278
1 0.432813 0.500694 0.0203125 0.0402778
2 0.449219 0.486458 0.0953125 0.154861
1 0.429688 0.5 0.0148437 0.0347222
1 0.764844 0.01148 0.0125 0.0228733
1 0.866406 0.979167 0.0109375 0.0138889
3 0.449219 0.486111 0.0953125 0.154861
1 0.40625 0.451736 0.0109375 0.01875
1 0.405469 0.452083 0.009375 0.0152778
1 0.160742 0.436806 0.0113281 0.0152778
0 0.764844 0.0114366 0.0132813 0.0228299
1 0.971875 0.225694 0.0109375 0.0298611
1 0.432813 0.500694 0.0203125 0.0402778
1 0.864844 0.979167 0.0140625 0.0166667
0 0.938281 0.658333 0.109375 0.265278
2 0.449219 0.486458 0.0953125 0.154861
1 0.429688 0.499653 0.0148437 0.0354167
1 0.764844 0.01148 0.0125 0.0228733
1 0.866406 0.979167 0.0109375 0.0138889
3 0.449219 0.486111 0.0953125 0.154861
1 0.40625 0.452083 0.0109375 0.0180556
0 0.764844 0.0114258 0.0132813 0.0228516
1 0.160742 0.436806 0.0113281 0.0152778
1 0.432813 0.500694 0.0203125 0.0402778
1 0.864844 0.979167 0.0140625 0.0166667
2 0.449219 0.486458 0.0953125 0.154861
1 0.429688 0.499653 0.0148437 0.0354167
1 0.764844 0.01148 0.0125 0.0228733
1 0.866406 0.979167 0.0109375 0.0138889
1 0.40625 0.452083 0.0109375 0.0180556
3 0.449219 0.486111 0.0953125 0.154861
0 0.764844 0.0114366 0.0132813 0.0228733
1 0.160742 0.436806 0.0113281 0.0152778
1 0.432813 0.500694 0.0203125 0.0402778
1 0.864844 0.979167 0.0140625 0.0166667
