0 0.608984 0.534722 0.101562 0.184722
0 0.741016 0.785417 0.0875 0.208333
0 0.873438 0.123958 0.059375 0.0506944
0 0.727344 0.370486 0.084375 0.101389
0 0.423438 0.192188 0.05625 0.0590278
0 0.807813 0.616319 0.096875 0.18125
0 0.889063 0.489583 0.078125 0.105556
0 0.698047 0.943056 0.0523437 0.113889
0 0.498047 0.13967 0.028125 0.0293403
1 0.883594 0.719444 0.0171875 0.025
0 0.073877 0.793056 0.0651367 0.0986111
0 0.0848145 0.698611 0.062207 0.0722222
0 0.0651855 0.780556 0.0475586 0.0722222
0 0.0296387 0.838194 0.055957 0.0638889
0 0.0301025 0.85 0.0585449 0.0861111
0 0.884375 0.718056 0.01875 0.025
0 0.16875 0.278646 0.0808594 0.102431
0 0.0789551 0.69375 0.0500977 0.0611111
1 0.553906 0.551736 0.0117188 0.025
0 0.395312 0.532292 0.0125 0.0305556
1 0.555469 0.55 0.0140625 0.0291667
1 0.395312 0.530556 0.0125 0.0305556
0 0.215234 0.953472 0.0144531 0.0888889
0 0.398438 0.532986 0.0210938 0.0368056
1 0.553125 0.554167 0.015625 0.0319444
0 0.09375 0.696181 0.0808594 0.0798611
0 0.272656 0.669444 0.0164062 0.0458333
1 0.820312 0.527778 0.0078125 0.00972222
0 0.407813 0.532639 0.0390625 0.0430556
1 0.554688 0.557292 0.0140625 0.0375
0 0.395312 0.535764 0.0148437 0.0388889
1 0.697656 0.943056 0.0546875 0.113889
0 0.396094 0.528472 0.0125 0.0319444
0 0.0930664 0.678819 0.0798828 0.110417
0 0.0371094 0.83125 0.0425781 0.05
0 0.409375 0.538889 0.04375 0.0479167
1 0.266406 0.502083 0.0101562 0.0166667
0 0.41875 0.534722 0.0578125 0.0583333
1 0.261719 0.501736 0.0140625 0.0180556
1 0.267578 0.501389 0.0109375 0.0194444
1 0.820312 0.529861 0.009375 0.0125
0 0.0201416 0.851389 0.0382324 0.0861111
0 0.496875 0.13941 0.0203125 0.0253472
1 0.396094 0.535764 0.0140625 0.0375
1 0.065625 0.780556 0.0482422 0.075
1 0.885938 0.720833 0.01875 0.0291667
0 0.200781 0.854167 0.0585938 0.0722222
1 0.889063 0.489583 0.078125 0.105556
0 0.396875 0.540278 0.0164062 0.0388889
1 0.496875 0.13941 0.0203125 0.0253472
1 0.215625 0.934722 0.0117188 0.05
0 0.0251709 0.854167 0.0467285 0.0722222
0 0.429688 0.534722 0.08125 0.0763889
1 0.500781 0.138542 0.0195312 0.0248264
1 0.215625 0.925 0.0109375 0.0305556
1 0.896875 0.410069 0.009375 0.0104167
1 0.608984 0.534722 0.101562 0.184722
1 0.898438 0.442361 0.00625 0.0111111
0 0.082373 0.717361 0.0608398 0.0958333
1 0.261914 0.499653 0.0171875 0.0222222
0 0.410937 0.527778 0.04375 0.0430556
1 0.215234 0.953472 0.0144531 0.0888889
0 0.397656 0.526389 0.0171875 0.0388889
1 0.331641 0.0727431 0.0105469 0.0345486
1 0.807813 0.615972 0.096875 0.181944
1 0.272656 0.670139 0.0167969 0.0458333
1 0.26875 0.497917 0.0109375 0.0222222
0 0.464063 0.521181 0.0296875 0.0777778
0 0.104907 0.667014 0.102295 0.132639
0 0.403125 0.538889 0.0296875 0.0486111
1 0.0773437 0.228993 0.00898437 0.0177083
1 0.0301025 0.85 0.0585449 0.0861111
0 0.0287109 0.879167 0.0542969 0.141667
0 0.873438 0.124045 0.059375 0.0503472
0 0.726953 0.370486 0.084375 0.101389
0 0.423438 0.192405 0.05625 0.0582465
0 0.740625 0.785417 0.0890625 0.209722
0 0.608984 0.535417 0.102344 0.186111
0 0.808594 0.615972 0.0984375 0.183333
0 0.889063 0.488889 0.078125 0.105556
0 0.697266 0.943056 0.0539063 0.113889
0 0.498437 0.139583 0.028125 0.0295139
0 0.0848633 0.702778 0.0619141 0.0791667
0 0.0763672 0.791667 0.0699219 0.0972222
0 0.0304199 0.838889 0.0579102 0.0638889
1 0.883594 0.719444 0.0171875 0.025
0 0.201123 0.853472 0.0586914 0.075
0 0.883594 0.71875 0.0171875 0.0263889
0 0.0688477 0.786111 0.0546875 0.0833333
0 0.168555 0.279167 0.0808594 0.105556
0 0.0273682 0.852083 0.0526855 0.0916667
1 0.553906 0.551736 0.0125 0.025
0 0.215234 0.954167 0.0164062 0.0847222
0 0.22168 0.808333 0.0988281 0.166667
1 0.820312 0.527778 0.0078125 0.00902778
1 0.554297 0.552778 0.0148437 0.0305556
0 0.395703 0.533681 0.0117188 0.0326389
0 0.21543 0.967361 0.0160156 0.0611111
0 0.180762 0.269444 0.104102 0.125
0 0.0307129 0.886111 0.0594727 0.161111
1 0.820312 0.529167 0.009375 0.0125
0 0.466797 0.521528 0.028125 0.0847222
0 0.473437 0.498611 0.0546875 0.138889
0 0.4 0.532639 0.0234375 0.0388889
0 0.395703 0.536806 0.0140625 0.0388889
1 0.267578 0.502083 0.0101562 0.0180556
1 0.272656 0.669444 0.0152344 0.0423611
1 0.740625 0.785937 0.0890625 0.208681
1 0.395703 0.533681 0.0117188 0.0326389
1 0.609375 0.535417 0.103125 0.186111
0 0.100781 0.711111 0.096875 0.0972222
0 0.272656 0.668056 0.0164062 0.0444444
0 0.40625 0.531597 0.0359375 0.04375
1 0.808594 0.615972 0.0984375 0.181944
0 0.19668 0.257986 0.1375 0.148611
0 0.203174 0.530208 0.0600586 0.0715278
0 0.0414063 0.891667 0.0811523 0.172222
1 0.458984 0.258854 0.0078125 0.0239583
1 0.496094 0.138542 0.01875 0.0253472
0 0.203076 0.813889 0.0602539 0.152778
0 0.102832 0.661806 0.0998047 0.148611
0 0.461328 0.5 0.075 0.138889
1 0.898438 0.442361 0.0078125 0.0125
0 0.107813 0.698611 0.108984 0.101389
0 0.094043 0.75434 0.0994141 0.171875
0 0.375 0.532986 0.0117188 0.0451389
1 0.0776367 0.229514 0.00859375 0.0194444
1 0.263867 0.501389 0.0167969 0.0194444
0 0.0756348 0.692361 0.0424805 0.0597222
0 0.18833 0.526389 0.0514648 0.0694444
0 0.915625 0.577083 0.0921875 0.0805556
0 0.0974853 0.781944 0.110107 0.127778
0 0.534375 0.37717 0.0515625 0.0789931
1 0.697656 0.943056 0.053125 0.113889
1 0.896875 0.409375 0.0078125 0.0104167
0 0.926562 0.582639 0.08125 0.0875
0 0.0863281 0.670833 0.0652344 0.120833
0 0.196143 0.525 0.0522461 0.0652778
0 0.396094 0.528472 0.0140625 0.0354167
0 0.104712 0.729861 0.106592 0.134722
1 0.21543 0.926389 0.0125 0.0347222
1 0.664062 0.482639 0.00703125 0.0104167
1 0.449219 0.0977431 0.00625 0.025
0 0.396484 0.543403 0.0195312 0.0513889
0 0.401563 0.545139 0.0289063 0.0541667
0 0.157227 0.303472 0.0578125 0.0548611
0 0.387891 0.528819 0.0304688 0.0451389
0 0.532031 0.377778 0.0421875 0.0486111
0 0.184766 0.510764 0.0539063 0.0479167
0 0.264062 0.5 0.0183594 0.0222222
0 0.539062 0.372569 0.0492188 0.0652778
0 0.397656 0.527083 0.0203125 0.0416667
0 0.267578 0.500694 0.0117188 0.0208333
1 0.764844 0.313194 0.0101562 0.0131944
1 0.727344 0.370833 0.084375 0.101389
0 0.221289 0.266667 0.188281 0.134028
1 0.820312 0.532639 0.009375 0.0194444
1 0.555469 0.559375 0.015625 0.0479167
0 0.39209 0.527778 0.0189453 0.0381944
0 0.412891 0.532639 0.0484375 0.05
0 0.528516 0.367969 0.0578125 0.0765625
1 0.449219 0.0958333 0.00546875 0.0194444
0 0.873438 0.124132 0.059375 0.05
0 0.609375 0.535417 0.101562 0.185417
0 0.808594 0.615625 0.0984375 0.182639
0 0.741406 0.785937 0.0890625 0.208681
0 0.889063 0.489583 0.078125 0.105556
0 0.423438 0.192535 0.0578125 0.059375
0 0.727344 0.370833 0.084375 0.101389
0 0.696875 0.943056 0.0546875 0.113889
0 0.498437 0.139844 0.028125 0.0298611
0 0.0854004 0.703472 0.0635742 0.0819444
1 0.884375 0.71875 0.015625 0.0263889
0 0.0793945 0.794444 0.0755859 0.102778
0 0.167383 0.280556 0.0800781 0.105556
0 0.0295166 0.852778 0.0570801 0.0916667
0 0.0674805 0.786111 0.0515625 0.0847222
0 0.201367 0.852778 0.059375 0.0777778
1 0.554297 0.551389 0.0117188 0.0243056
0 0.884375 0.71875 0.015625 0.0263889
0 0.272656 0.669444 0.0171875 0.0472222
0 0.173438 0.271007 0.0738281 0.084375
1 0.554688 0.552083 0.0140625 0.0291667
0 0.215039 0.954167 0.0160156 0.0819444
1 0.273047 0.66875 0.015625 0.0444444
0 0.0307617 0.893056 0.0609375 0.177778
0 0.409375 0.532986 0.0429688 0.0486111
0 0.396094 0.534722 0.0109375 0.0347222
0 0.401563 0.534722 0.028125 0.0430556
0 0.466406 0.522917 0.0296875 0.0819444
1 0.459375 0.257986 0.00703125 0.0239583
0 0.460938 0.528472 0.0390625 0.0847222
1 0.820312 0.528472 0.0078125 0.00972222
1 0.496094 0.139062 0.01875 0.0256944
0 0.396094 0.537847 0.0140625 0.0416667
0 0.415625 0.533333 0.0546875 0.0541667
1 0.896875 0.410417 0.009375 0.0111111
0 0.220264 0.805556 0.0961914 0.168056
1 0.396094 0.534722 0.0109375 0.0347222
1 0.898438 0.443403 0.0078125 0.0131944
0 0.421094 0.537847 0.0625 0.0645833
0 0.471875 0.5 0.053125 0.136111
0 0.457031 0.5375 0.046875 0.0819444
0 0.0362549 0.872917 0.070459 0.131944
1 0.0776367 0.228993 0.00839844 0.0177083
0 0.153711 0.308681 0.0515625 0.0472222
0 0.386328 0.528472 0.034375 0.0472222
0 0.458984 0.259896 0.00625 0.0225694
0 0.159961 0.304861 0.0644531 0.0548611
0 0.403027 0.545139 0.0330078 0.0541667
1 0.267188 0.501389 0.0101562 0.0194444
0 0.427344 0.538194 0.0765625 0.0784722
0 0.410937 0.546181 0.0453125 0.0590278
1 0.696875 0.943056 0.0546875 0.113889
0 0.405469 0.526736 0.0335938 0.0472222
0 0.424609 0.555208 0.0507812 0.0673611
0 0.960938 0.957639 0.065625 0.0847222
0 0.107129 0.822222 0.0388672 0.05
1 0.215625 0.925 0.0113281 0.0291667
0 0.184668 0.508333 0.0533203 0.0486111
0 0.541406 0.37283 0.0546875 0.0751736
0 0.418359 0.550347 0.0539063 0.0645833
0 0.411719 0.526389 0.0453125 0.0534722
0 0.183691 0.517361 0.0583984 0.0583333
1 0.502344 0.13776 0.0171875 0.0237847
0 0.267188 0.501389 0.0101562 0.0194444
0 0.496094 0.144792 0.0203125 0.0260417
1 0.820312 0.530556 0.009375 0.0145833
0 0.0963867 0.7 0.0845703 0.0888889
0 0.464063 0.505556 0.0367187 0.113889
1 0.498437 0.139844 0.028125 0.0298611
0 0.43125 0.557986 0.04375 0.0645833
0 0.458594 0.515972 0.0421875 0.0972222
1 0.764844 0.313542 0.0109375 0.0131944
0 0.0865234 0.772222 0.0835937 0.136111
0 0.461719 0.502431 0.0609375 0.135417
0 0.397656 0.54375 0.021875 0.0513889
1 0.901563 0.444444 0.0125 0.0152778
1 0.0866211 0.870833 0.0179687 0.0152778
0 0.455469 0.551042 0.0484375 0.0770833
0 0.450781 0.524306 0.0726563 0.108333
1 0.557813 0.549653 0.01875 0.0277778
0 0.396094 0.529167 0.0132813 0.0388889
0 0.215039 0.971528 0.0148437 0.0541667
0 0.0300293 0.8375 0.0560547 0.0625
0 0.532812 0.369531 0.053125 0.0692708
0 0.0507324 0.159201 0.0695312 0.0652778
1 0.27207 0.661111 0.0160156 0.0402778
0 0.436719 0.519097 0.0890625 0.109722
0 0.15 0.313715 0.0453125 0.0434028
1 0.449219 0.0996528 0.0078125 0.0270833
1 0.763281 0.314931 0.0125 0.0145833
0 0.416406 0.522222 0.0546875 0.0680556
0 0.113965 0.824306 0.0427734 0.0458333
1 0.449219 0.097309 0.00625 0.0225694
0 0.20625 0.811111 0.0675781 0.15
0 0.525781 0.371181 0.06875 0.0854167
0 0.496094 0.139062 0.01875 0.0256944
1 0.077832 0.23125 0.00908203 0.0236111
0 0.427344 0.564236 0.0421875 0.0652778
1 0.263867 0.448611 0.0117188 0.0166667
0 0.26875 0.498958 0.0101562 0.0215278
0 0.471094 0.512153 0.0375 0.102083
0 0.453906 0.526389 0.0421875 0.0791667
1 0.458594 0.261632 0.00703125 0.0225694
0 0.0469727 0.897222 0.0933594 0.180556
0 0.437109 0.548611 0.065625 0.0736111
0 0.467969 0.494444 0.0375 0.127778
0 0.0108765 0.847222 0.0187744 0.0583333
1 0.0677246 0.785417 0.0520508 0.0833333
1 0.555469 0.557639 0.015625 0.0402778
0 0.183398 0.500694 0.0480469 0.05
1 0.819531 0.529167 0.009375 0.0125
0 0.106641 0.811111 0.0373047 0.0722222
0 0.0936523 0.677778 0.0771484 0.1125
1 0.396094 0.537847 0.0140625 0.0416667
0 0.445703 0.560417 0.0320312 0.0631944
0 0.532812 0.378472 0.0484375 0.0583333
1 0.664062 0.482639 0.00625 0.00972222
0 0.393359 0.528472 0.015625 0.0409722
1 0.26875 0.498958 0.0101562 0.0215278
1 0.555859 0.541667 0.0171875 0.0458333
0 0.459375 0.262153 0.0078125 0.0263889
0 0.538281 0.387413 0.0539063 0.0876736
0 0.500391 0.144792 0.0210938 0.0263889
0 0.376172 0.531944 0.0132813 0.0486111
0 0.440625 0.565278 0.0359375 0.0701389
0 0.021582 0.8625 0.0420898 0.0972222
0 0.449609 0.553472 0.0359375 0.0611111
0 0.204102 0.519444 0.040625 0.0555556
0 0.215234 0.521528 0.0476562 0.0673611
0 0.516406 0.380556 0.0765625 0.0916667
0 0.433594 0.544444 0.0421875 0.0701389
0 0.873438 0.124132 0.059375 0.05
0 0.423438 0.192752 0.0570313 0.0596354
0 0.608984 0.535069 0.102344 0.186111
0 0.740625 0.784028 0.0875 0.208333
0 0.726562 0.370226 0.084375 0.101215
0 0.808594 0.615972 0.0984375 0.183333
0 0.889063 0.489236 0.078125 0.10625
0 0.696875 0.943056 0.0546875 0.1125
0 0.498437 0.139583 0.028125 0.0298611
0 0.0798828 0.795833 0.0767578 0.102778
0 0.0849121 0.703472 0.0625977 0.0819444
1 0.884375 0.71875 0.015625 0.0263889
0 0.167676 0.280208 0.0826172 0.105556
0 0.0294922 0.852778 0.0571289 0.0944444
0 0.201562 0.851389 0.0589844 0.0777778
0 0.0303223 0.839583 0.0573242 0.0666667
0 0.272656 0.669444 0.0171875 0.0458333
0 0.884375 0.71875 0.015625 0.0263889
1 0.553906 0.551736 0.0125 0.025
0 0.0334473 0.86875 0.065332 0.126389
1 0.889063 0.722917 0.03125 0.0472222
1 0.554688 0.552778 0.0140625 0.0319444
1 0.272656 0.669444 0.0171875 0.0458333
1 0.459375 0.25816 0.0078125 0.0256944
0 0.0309082 0.895833 0.0612305 0.180556
0 0.220654 0.805556 0.0969727 0.169444
0 0.458594 0.53125 0.0453125 0.0916667
0 0.0697266 0.788889 0.0560547 0.0888889
1 0.458594 0.260417 0.0078125 0.0256944
0 0.465625 0.497222 0.059375 0.149306
0 0.409766 0.533333 0.0460938 0.0458333
0 0.399902 0.534028 0.0267578 0.0409722
0 0.395312 0.533333 0.0109375 0.0326389
0 0.458984 0.259722 0.00703125 0.0256944
1 0.764844 0.313715 0.0109375 0.0142361
0 0.107129 0.822222 0.0404297 0.0527778
1 0.820312 0.528125 0.0078125 0.00972222
0 0.464453 0.524306 0.0335938 0.0888889
1 0.395312 0.533333 0.0109375 0.0326389
0 0.0224121 0.848611 0.0427734 0.0833333
0 0.0508789 0.159809 0.0751953 0.0723958
0 0.420312 0.536111 0.0648438 0.0652778
0 0.396484 0.532639 0.0164062 0.0375
1 0.697266 0.943403 0.0539063 0.113194
0 0.428516 0.534028 0.08125 0.0819444
0 0.034613 0.833333 0.0480591 0.0527778
1 0.820312 0.530556 0.009375 0.0152778
0 0.386719 0.527778 0.0320312 0.0430556
0 0.440625 0.53125 0.0765625 0.0916667
1 0.555469 0.556944 0.015625 0.0423611
0 0.0631348 0.784722 0.0428711 0.0805556
1 0.898438 0.443056 0.00625 0.0125
0 0.189795 0.275347 0.124316 0.117361
0 0.457031 0.541667 0.05625 0.0986111
0 0.416016 0.529167 0.0570313 0.0576389
0 0.44375 0.514931 0.075 0.114583
0 0.403516 0.526042 0.0320312 0.0472222
1 0.267188 0.501042 0.0117188 0.0208333
1 0.774219 0.041276 0.0078125 0.0256076
1 0.496094 0.138802 0.0203125 0.0256944
0 0.215234 0.947222 0.0140625 0.0638889
0 0.553906 0.513889 0.0421875 0.0833333
0 0.411816 0.522569 0.0498047 0.0576389
0 0.461719 0.502083 0.040625 0.127083
0 0.560156 0.532639 0.0265625 0.0666667
0 0.478125 0.478472 0.0875 0.184722
0 0.267188 0.501042 0.0117188 0.0208333
0 0.889063 0.722917 0.03125 0.0472222
1 0.0775879 0.229167 0.00810547 0.0180556
1 0.896875 0.409722 0.0078125 0.00972222
0 0.472656 0.493403 0.04375 0.134028
1 0.0874023 0.870833 0.0166016 0.0138889
1 0.272266 0.661458 0.0164062 0.0409722
0 0.155078 0.309549 0.0546875 0.0451389
1 0.502344 0.13724 0.01875 0.0232639
0 0.395312 0.528472 0.0140625 0.0375
1 0.21582 0.927083 0.0101562 0.0236111
1 0.332422 0.0738281 0.00859375 0.0320312
1 0.498437 0.139497 0.028125 0.0296875
1 0.663672 0.482639 0.00703125 0.00972222
1 0.395312 0.528472 0.0140625 0.0375
0 0.446094 0.546528 0.0523437 0.0756944
0 0.530078 0.368142 0.0570313 0.0762153
0 0.0124023 0.851389 0.0227539 0.0861111
0 0.162598 0.305903 0.0701172 0.0524306
0 0.394434 0.537153 0.0158203 0.0416667
0 0.455469 0.515972 0.0476562 0.104167
0 0.112671 0.814583 0.0508301 0.0652778
0 0.561719 0.516667 0.0265625 0.0652778
0 0.403027 0.545486 0.0361328 0.0576389
1 0.553516 0.0665365 0.0078125 0.0212674
0 0.555469 0.498611 0.0390625 0.0625
0 0.559375 0.503819 0.0296875 0.0520833
0 0.547656 0.511806 0.0546875 0.09375
0 0.454688 0.552778 0.05 0.0805556
0 0.537109 0.375 0.0554687 0.0770833
0 0.272266 0.661458 0.0164062 0.0409722
1 0.741406 0.785417 0.0890625 0.208333
1 0.808594 0.615972 0.0984375 0.183333
0 0.20625 0.519097 0.0425781 0.0611111
0 0.268359 0.498611 0.0117188 0.0222222
0 0.457422 0.258333 0.0125 0.0298611
0 0.470313 0.517708 0.0414063 0.0993056
0 0.214648 0.516667 0.0492188 0.0666667
0 0.873438 0.124132 0.059375 0.05
0 0.889063 0.489236 0.078125 0.10625
0 0.423438 0.192665 0.0578125 0.0591146
0 0.609375 0.535069 0.101562 0.186806
0 0.741016 0.784028 0.0875 0.208333
0 0.808594 0.616667 0.096875 0.181944
0 0.696875 0.943056 0.0546875 0.1125
0 0.726953 0.370139 0.084375 0.101389
0 0.498437 0.139931 0.028125 0.0309028
0 0.0788086 0.794444 0.0744141 0.1
0 0.0848145 0.703472 0.0624023 0.0805556
1 0.883594 0.71875 0.0171875 0.0263889
0 0.0299561 0.839583 0.0561035 0.0666667
0 0.169336 0.280208 0.0832031 0.107639
0 0.0294922 0.855556 0.0570313 0.0972222
0 0.202002 0.852083 0.0584961 0.0777778
0 0.883594 0.718056 0.0171875 0.025
0 0.272852 0.669097 0.0164062 0.0458333
1 0.554297 0.552431 0.0125 0.0284722
0 0.0354004 0.872222 0.0694336 0.133333
1 0.459375 0.257986 0.0078125 0.0263889
1 0.272852 0.669792 0.0164062 0.0451389
0 0.0710938 0.788194 0.0585938 0.0875
0 0.467969 0.498264 0.0640625 0.145139
0 0.029834 0.891667 0.0583984 0.175
1 0.55625 0.548264 0.0164062 0.03125
0 0.458594 0.530208 0.046875 0.0930556
0 0.219531 0.805556 0.0933594 0.175
1 0.554688 0.557292 0.0140625 0.0395833
1 0.395312 0.531597 0.0125 0.0277778
0 0.457812 0.517361 0.0625 0.120833
0 0.409375 0.532292 0.04375 0.0465278
0 0.464063 0.523264 0.0359375 0.0930556
0 0.212158 0.840278 0.0788086 0.102778
1 0.696875 0.943056 0.0546875 0.1125
0 0.398047 0.533333 0.0203125 0.0375
0 0.395312 0.532639 0.0117188 0.0291667
0 0.560156 0.528472 0.0296875 0.075
1 0.494922 0.139931 0.0179687 0.0263889
0 0.459375 0.257986 0.0078125 0.0263889
0 0.387305 0.527778 0.0324219 0.0430556
0 0.163184 0.29809 0.0697266 0.06875
0 0.21582 0.513889 0.0492188 0.0638889
1 0.764844 0.313715 0.0109375 0.0142361
0 0.205469 0.817361 0.0644531 0.144444
0 0.46875 0.493056 0.04375 0.134028
0 0.554297 0.518056 0.0421875 0.09375
1 0.459375 0.261111 0.009375 0.0291667
0 0.207471 0.51875 0.0483398 0.0611111
0 0.395312 0.536111 0.0140625 0.0375
0 0.415625 0.531597 0.0546875 0.0548611
1 0.498437 0.139931 0.028125 0.0309028
1 0.459375 0.25625 0.0109375 0.0305556
1 0.820312 0.528472 0.0078125 0.00972222
0 0.421875 0.53125 0.0671875 0.0708333
0 0.432422 0.521528 0.0882813 0.0972222
1 0.897656 0.410069 0.0078125 0.00902778
0 0.402344 0.526389 0.028125 0.0458333
0 0.408203 0.519792 0.0398437 0.0590278
0 0.496875 0.144444 0.021875 0.0260417
0 0.210938 0.511458 0.0433594 0.0520833
0 0.4625 0.502778 0.0414063 0.126389
1 0.396094 0.528472 0.0140625 0.0361111
1 0.267383 0.501389 0.0113281 0.0194444
1 0.896875 0.409375 0.00625 0.00902778
0 0.0213135 0.849306 0.0404785 0.0847222
0 0.157813 0.304861 0.059375 0.0548611
0 0.198242 0.519097 0.053125 0.0631944
1 0.553906 0.545833 0.0203125 0.0416667
0 0.396094 0.528472 0.0140625 0.0361111
1 0.820312 0.536111 0.0125 0.0263889
1 0.21582 0.927778 0.00976562 0.025
0 0.555469 0.506944 0.0390625 0.0680556
1 0.0775879 0.229861 0.00810547 0.0194444
0 0.185937 0.508333 0.0613281 0.0597222
0 0.472266 0.508333 0.0492188 0.118056
0 0.415234 0.51875 0.0539063 0.0736111
0 0.397656 0.525694 0.0195312 0.0395833
0 0.546875 0.514931 0.0570313 0.105556
1 0.077832 0.234028 0.00878906 0.0291667
1 0.0873535 0.870833 0.0161133 0.0138889
0 0.454688 0.545833 0.0734375 0.130556
0 0.459375 0.261111 0.009375 0.0291667
0 0.215234 0.945833 0.0128906 0.0611111
0 0.0481934 0.899306 0.0959961 0.1875
0 0.532812 0.377778 0.0554687 0.0736111
0 0.191846 0.852083 0.0374023 0.0680556
0 0.410059 0.511806 0.0455078 0.075
1 0.501562 0.137847 0.01875 0.0243056
0 0.200586 0.827083 0.0550781 0.118056
1 0.395312 0.536111 0.0140625 0.0375
0 0.431641 0.540972 0.0859375 0.0944444
0 0.457812 0.258333 0.0125 0.03125
0 0.485938 0.469097 0.0976562 0.205556
0 0.196045 0.507292 0.0493164 0.0513889
0 0.422559 0.543056 0.0705078 0.0791667
0 0.185742 0.519097 0.0628906 0.0645833
0 0.388672 0.535417 0.0296875 0.0493056
0 0.459375 0.25625 0.0109375 0.0305556
0 0.14834 0.308681 0.0423828 0.0472222
1 0.898438 0.443056 0.0078125 0.0125
0 0.401953 0.545139 0.0335938 0.0576389
0 0.210352 0.504167 0.0382813 0.0506944
0 0.561328 0.511111 0.0265625 0.0472222
1 0.808594 0.615625 0.096875 0.182639
1 0.663672 0.483333 0.00703125 0.00972222
0 0.553125 0.493056 0.0453125 0.0763889
1 0.0848633 0.703472 0.0626953 0.0805556
0 0.44375 0.5 0.084375 0.138889
1 0.0866699 0.868056 0.0170898 0.0138889
0 0.873438 0.124132 0.059375 0.05
0 0.423438 0.192535 0.0578125 0.0586806
0 0.740625 0.784028 0.0875 0.209722
0 0.808594 0.615972 0.096875 0.181944
0 0.726953 0.370139 0.084375 0.101389
0 0.609375 0.534722 0.101562 0.185417
0 0.696875 0.943056 0.0546875 0.111111
0 0.889063 0.489583 0.078125 0.106944
0 0.498437 0.140104 0.028125 0.0309028
0 0.0844727 0.703472 0.0617188 0.0805556
0 0.0783691 0.794444 0.0733398 0.1
1 0.884375 0.71875 0.015625 0.0263889
0 0.0296875 0.840278 0.0560547 0.0694444
0 0.168945 0.280903 0.0824219 0.10625
0 0.0308838 0.853472 0.0597168 0.0944444
0 0.201904 0.852778 0.0586914 0.0763889
0 0.884375 0.71875 0.015625 0.0263889
0 0.273047 0.669792 0.0164062 0.0458333
0 0.0689941 0.786111 0.0541992 0.0833333
1 0.884375 0.720139 0.0203125 0.0291667
1 0.554688 0.551736 0.0125 0.025
1 0.459375 0.258333 0.0078125 0.0263889
1 0.554688 0.552431 0.0140625 0.0326389
1 0.273047 0.669097 0.0164062 0.0458333
0 0.466406 0.499306 0.0609375 0.143056
0 0.0381836 0.871528 0.075 0.131944
1 0.696875 0.943056 0.0554687 0.113889
1 0.395312 0.53125 0.0109375 0.0263889
0 0.411719 0.532639 0.046875 0.0458333
1 0.820312 0.528472 0.0078125 0.00972222
0 0.458594 0.529167 0.0453125 0.0861111
0 0.213672 0.811111 0.0816406 0.161111
0 0.399219 0.532986 0.021875 0.0375
1 0.820312 0.529861 0.009375 0.0138889
1 0.557031 0.546528 0.0179687 0.0361111
0 0.455859 0.516667 0.06875 0.120833
0 0.216016 0.509028 0.05 0.0555556
0 0.473047 0.490972 0.046875 0.138889
0 0.884375 0.720139 0.0203125 0.0291667
0 0.403125 0.527083 0.0289063 0.0416667
0 0.0320068 0.896528 0.0635254 0.183333
0 0.422656 0.533333 0.06875 0.0736111
0 0.413281 0.523264 0.05 0.05625
0 0.20542 0.516667 0.0524414 0.0590278
0 0.395312 0.532639 0.0117188 0.0277778
0 0.560938 0.523611 0.028125 0.0805556
0 0.464063 0.523264 0.034375 0.0909722
0 0.396875 0.532986 0.015625 0.0347222
0 0.399609 0.536458 0.0257812 0.0458333
0 0.557031 0.518056 0.0367187 0.0972222
0 0.459375 0.258333 0.0078125 0.0263889
0 0.420312 0.520833 0.0625 0.0819444
0 0.432813 0.522569 0.0875 0.0972222
0 0.210547 0.830556 0.0757812 0.120833
1 0.396094 0.528472 0.0125 0.0333333
0 0.210547 0.509028 0.0453125 0.0486111
1 0.459375 0.256076 0.0109375 0.0315972
0 0.474219 0.485417 0.0734375 0.169444
0 0.453906 0.538194 0.046875 0.0777778
0 0.387305 0.528472 0.0324219 0.0416667
0 0.185937 0.50625 0.0632813 0.0611111
0 0.413281 0.539236 0.0523437 0.0569444
0 0.194141 0.514583 0.0625 0.06875
0 0.202344 0.501389 0.0476562 0.05
0 0.496094 0.144792 0.021875 0.0255208
0 0.194727 0.501389 0.0558594 0.0555556
0 0.466016 0.496528 0.0421875 0.140278
0 0.430469 0.538889 0.0828125 0.0930556
0 0.0234436 0.861111 0.0452026 0.0944444
0 0.410937 0.513889 0.0484375 0.0708333
0 0.550391 0.521181 0.0484375 0.0993056
1 0.764844 0.314063 0.0109375 0.0149306
0 0.163281 0.300174 0.0695312 0.0645833
0 0.213672 0.520486 0.0515625 0.0701389
0 0.396094 0.528472 0.0125 0.0333333
1 0.498437 0.140017 0.028125 0.0309028
1 0.555078 0.556944 0.015625 0.04375
1 0.0779785 0.233854 0.00898437 0.028125
1 0.0776367 0.229861 0.00820312 0.0194444
0 0.197656 0.523611 0.0566406 0.0694444
1 0.396875 0.532986 0.015625 0.0347222
1 0.494531 0.13967 0.0171875 0.0258681
0 0.185937 0.495139 0.0640625 0.0576389
0 0.0974609 0.708333 0.0886719 0.0972222
0 0.405859 0.537847 0.0351562 0.0541667
0 0.457031 0.257639 0.0140625 0.0319444
0 0.421094 0.544444 0.0640625 0.0743056
1 0.267188 0.502083 0.0101562 0.0180556
0 0.397266 0.538889 0.0179687 0.0444444
0 0.219971 0.85 0.0944336 0.0861111
1 0.896875 0.409028 0.0078125 0.00902778
0 0.201367 0.275868 0.144922 0.120833
1 0.554688 0.543056 0.021875 0.0486111
0 0.452344 0.543056 0.0796875 0.127083
0 0.486719 0.465278 0.0984375 0.211111
0 0.651953 0.284722 0.113281 0.144444
0 0.15293 0.307292 0.0498047 0.0506944
0 0.0898682 0.735417 0.0784668 0.145833
0 0.394922 0.536111 0.0148437 0.0375
1 0.0876709 0.870833 0.0156738 0.0138889
0 0.459375 0.256076 0.0109375 0.0315972
0 0.215234 0.947222 0.0132813 0.0611111
1 0.460938 0.257812 0.0109375 0.0260417
1 0.663672 0.483333 0.00703125 0.00972222
0 0.202148 0.821528 0.0582031 0.131944
0 0.403906 0.546528 0.0375 0.0625
0 0.180469 0.516667 0.0648438 0.0638889
1 0.0849609 0.272743 0.00683594 0.0232639
1 0.457812 0.258681 0.0125 0.0305556
0 0.0489746 0.844444 0.069043 0.0916667
1 0.559766 0.539583 0.0226563 0.05
1 0.215625 0.926389 0.0101562 0.0305556
0 0.0196045 0.848611 0.0369629 0.0805556
0 0.442187 0.5 0.09375 0.141667
1 0.457422 0.251389 0.0132813 0.0354167
0 0.208594 0.495139 0.0472656 0.0541667
1 0.269922 0.494097 0.00898437 0.0145833
0 0.458203 0.502083 0.0476562 0.125
0 0.272656 0.6625 0.015625 0.0444444
0 0.048938 0.9 0.0974365 0.188889
1 0.084668 0.703472 0.0623047 0.0805556
1 0.808594 0.615625 0.096875 0.182639
0 0.553516 0.494097 0.04375 0.0861111
0 0.388379 0.535764 0.0326172 0.0472222
0 0.873438 0.124132 0.059375 0.05
0 0.740625 0.784028 0.0875 0.209722
0 0.608984 0.534722 0.102344 0.186111
0 0.423047 0.192535 0.0570313 0.0586806
0 0.808594 0.616667 0.096875 0.181944
0 0.726953 0.370226 0.084375 0.101215
0 0.696875 0.943056 0.0546875 0.1125
0 0.889063 0.489583 0.078125 0.105556
0 0.498437 0.140104 0.028125 0.0310764
0 0.0845703 0.702778 0.0617188 0.0805556
0 0.0786621 0.794444 0.0739258 0.1
1 0.883594 0.71875 0.0171875 0.0263889
0 0.0297119 0.840972 0.0563965 0.0694444
0 0.168945 0.280556 0.0828125 0.109028
0 0.030835 0.854167 0.0598145 0.0972222
0 0.201758 0.854167 0.0582031 0.0736111
0 0.884375 0.71875 0.01875 0.0263889
0 0.272852 0.669444 0.0167969 0.0472222
0 0.0681152 0.784028 0.0524414 0.0791667
1 0.554688 0.551736 0.0125 0.025
1 0.554688 0.552431 0.0140625 0.0326389
1 0.273047 0.66875 0.0160156 0.0458333
0 0.0358398 0.869444 0.0701172 0.127778
1 0.459375 0.258333 0.0078125 0.0256944
0 0.216406 0.809722 0.0871094 0.1625
0 0.411719 0.532292 0.046875 0.0465278
0 0.0306152 0.895833 0.0609375 0.180556
1 0.395312 0.53125 0.0109375 0.025
1 0.55625 0.547917 0.0164062 0.0333333
0 0.417578 0.532639 0.0570313 0.0541667
1 0.820312 0.528472 0.0078125 0.00972222
0 0.398438 0.533333 0.0203125 0.0375
1 0.696875 0.943056 0.0546875 0.113889
0 0.467969 0.495139 0.0546875 0.146528
0 0.203076 0.834722 0.0602539 0.113889
0 0.400781 0.529861 0.0234375 0.0402778
1 0.820312 0.529861 0.009375 0.0138889
0 0.432031 0.526389 0.0875 0.0902778
0 0.395312 0.532639 0.0125 0.0277778
0 0.413281 0.522917 0.05 0.0555556
0 0.413184 0.539236 0.0517578 0.0569444
1 0.394922 0.532639 0.0132813 0.0305556
0 0.560938 0.524306 0.028125 0.0777778
0 0.214844 0.515278 0.0515625 0.0638889
0 0.425781 0.539583 0.075 0.0777778
0 0.464453 0.525694 0.0328125 0.0861111
0 0.388281 0.530556 0.0296875 0.0388889
0 0.395312 0.536111 0.0140625 0.0375
1 0.396094 0.528472 0.0125 0.0326389
0 0.417188 0.520833 0.0578125 0.075
0 0.204883 0.516667 0.0527344 0.0597222
1 0.764844 0.313889 0.0109375 0.0145833
0 0.200195 0.499306 0.0515625 0.0541667
0 0.442969 0.520139 0.0859375 0.109722
0 0.496094 0.145139 0.0203125 0.025
0 0.186426 0.504861 0.0595703 0.0611111
0 0.0210693 0.854167 0.0406738 0.0944444
0 0.162305 0.299653 0.0675781 0.0680556
0 0.459375 0.259722 0.0078125 0.025
0 0.450781 0.502083 0.078125 0.134722
0 0.457031 0.529861 0.0484375 0.0875
0 0.410547 0.513194 0.0460938 0.0694444
1 0.459375 0.261458 0.009375 0.0284722
0 0.19082 0.496181 0.0597656 0.0576389
0 0.466406 0.497917 0.0375 0.133333
0 0.194727 0.514583 0.0628906 0.0708333
0 0.20332 0.506944 0.046875 0.05
0 0.210352 0.508333 0.0445312 0.05
0 0.403125 0.5375 0.0296875 0.0527778
0 0.194336 0.503472 0.0539063 0.0555556
0 0.216602 0.502778 0.0464844 0.0527778
0 0.396094 0.528472 0.0125 0.0326389
0 0.153125 0.307813 0.0503906 0.0520833
0 0.396875 0.539236 0.0171875 0.0451389
0 0.0935791 0.698611 0.0812012 0.0819444
1 0.458984 0.255903 0.0109375 0.0319444
0 0.475391 0.485417 0.0664062 0.165278
0 0.402246 0.546528 0.0330078 0.0625
1 0.553906 0.546528 0.0203125 0.0416667
1 0.554688 0.556597 0.015625 0.0430556
1 0.272461 0.661806 0.015625 0.0423611
0 0.399219 0.525 0.021875 0.0402778
1 0.498437 0.140104 0.028125 0.0309028
1 0.396875 0.533333 0.0164062 0.0361111
0 0.220313 0.844444 0.0953125 0.0944444
1 0.0876953 0.870833 0.0154297 0.0138889
0 0.558203 0.513889 0.0335938 0.0861111
1 0.494922 0.139583 0.0179687 0.0256944
0 0.200977 0.275174 0.144141 0.123611
0 0.457031 0.257465 0.015625 0.0322917
1 0.0776367 0.229861 0.00839844 0.0201389
0 0.197852 0.523611 0.05625 0.0694444
0 0.419531 0.551042 0.0609375 0.0777778
1 0.0779297 0.233333 0.00898437 0.0274306
0 0.215234 0.947917 0.0132813 0.0625
0 0.425781 0.512153 0.075 0.101389
0 0.553125 0.523958 0.040625 0.0923611
1 0.267188 0.501736 0.0105469 0.0180556
1 0.885938 0.720833 0.01875 0.0305556
0 0.201367 0.803472 0.0632813 0.170833
0 0.396094 0.54375 0.0210938 0.05625
0 0.221289 0.510417 0.0472656 0.0583333
1 0.215625 0.925 0.0101562 0.0305556
0 0.207373 0.492708 0.0493164 0.0569444
0 0.0506348 0.841667 0.0741211 0.0916667
1 0.663672 0.483333 0.00703125 0.00972222
1 0.400781 0.529861 0.0234375 0.0402778
1 0.559375 0.539583 0.021875 0.0486111
1 0.896875 0.409028 0.00625 0.00833333
0 0.458984 0.255903 0.0109375 0.0319444
0 0.272461 0.661806 0.015625 0.0423611
0 0.402734 0.521181 0.0304688 0.0506944
0 0.180469 0.514931 0.0601562 0.0625
1 0.977344 0.398611 0.0078125 0.0131944
0 0.0465942 0.898611 0.0923584 0.186111
1 0.808594 0.615972 0.096875 0.183333
0 0.196289 0.849306 0.0457031 0.0694444
0 0.446094 0.54375 0.0875 0.125
0 0.873438 0.124132 0.059375 0.05
0 0.608984 0.534722 0.102344 0.186111
0 0.740625 0.784028 0.0875 0.209722
0 0.423047 0.192535 0.0570313 0.0586806
0 0.808594 0.616667 0.096875 0.181944
0 0.726953 0.370486 0.084375 0.101389
0 0.696875 0.943056 0.0546875 0.1125
0 0.889063 0.489583 0.078125 0.105556
0 0.498437 0.140104 0.028125 0.0309028
0 0.0841797 0.702778 0.0609375 0.0805556
0 0.078125 0.79375 0.0730469 0.1
1 0.884375 0.71875 0.015625 0.0263889
0 0.169141 0.280382 0.0832031 0.110069
0 0.0297363 0.841667 0.0563477 0.0722222
0 0.030542 0.85625 0.0592285 0.1
0 0.0674805 0.784028 0.0511719 0.0791667
0 0.201514 0.854861 0.0579102 0.0736111
0 0.884375 0.71875 0.01875 0.0263889
0 0.272852 0.669444 0.0167969 0.0472222
1 0.554688 0.552083 0.0125 0.025
1 0.554688 0.552431 0.0140625 0.0326389
1 0.273047 0.66875 0.015625 0.0458333
1 0.459375 0.258507 0.0078125 0.0256944
0 0.0301758 0.894444 0.0599609 0.177778
0 0.216016 0.810417 0.0863281 0.161111
0 0.411719 0.532639 0.046875 0.0451389
1 0.395312 0.530903 0.0109375 0.0243056
1 0.55625 0.547917 0.0171875 0.0347222
0 0.417188 0.532986 0.05625 0.0527778
0 0.467969 0.495139 0.053125 0.145833
1 0.820312 0.528472 0.009375 0.00972222
0 0.398047 0.533333 0.0195312 0.0361111
0 0.401953 0.530556 0.0257812 0.0416667
0 0.413281 0.523264 0.0484375 0.0534722
0 0.427344 0.531944 0.0765625 0.0736111
1 0.820312 0.529861 0.009375 0.0138889
0 0.559766 0.523611 0.0296875 0.0861111
0 0.203516 0.815972 0.0609375 0.148611
0 0.395312 0.532986 0.0117188 0.0263889
0 0.433594 0.522222 0.0890625 0.0930556
0 0.398828 0.537153 0.0234375 0.0458333
0 0.386914 0.530208 0.0316406 0.0388889
0 0.413281 0.539583 0.0515625 0.0569444
1 0.697656 0.943056 0.0546875 0.1125
0 0.395312 0.536111 0.0132813 0.0375
0 0.215039 0.515278 0.0511719 0.0652778
0 0.465234 0.525 0.0320312 0.0875
0 0.417188 0.520833 0.05625 0.0736111
1 0.765234 0.313715 0.0109375 0.0145833
1 0.396094 0.528472 0.0125 0.0319444
0 0.0208069 0.854861 0.0401245 0.0944444
0 0.200342 0.498264 0.0516602 0.0555556
0 0.410937 0.5125 0.0460938 0.0708333
0 0.466406 0.498958 0.0359375 0.13125
0 0.205469 0.516667 0.0527344 0.0611111
0 0.561719 0.525694 0.0265625 0.0680556
0 0.446094 0.500694 0.0890625 0.1375
0 0.186328 0.503472 0.0589844 0.0625
1 0.395312 0.536111 0.0132813 0.0375
0 0.404687 0.538194 0.0328125 0.0527778
0 0.191016 0.496181 0.0597656 0.0604167
0 0.396875 0.539583 0.0171875 0.0444444
0 0.457031 0.523958 0.046875 0.0951389
0 0.420312 0.538889 0.0625 0.0756944
0 0.210742 0.507639 0.0441406 0.0513889
0 0.194482 0.515278 0.0657227 0.075
0 0.396094 0.528472 0.0125 0.0319444
0 0.216797 0.502431 0.0460938 0.0534722
0 0.4625 0.50625 0.0664062 0.134722
0 0.203076 0.505556 0.0461914 0.05
0 0.200439 0.271701 0.143652 0.130556
0 0.0945313 0.698958 0.0828125 0.0826389
0 0.400781 0.524653 0.025 0.0395833
1 0.553906 0.545833 0.0203125 0.0423611
0 0.402441 0.547222 0.0326172 0.0652778
0 0.495703 0.145313 0.0203125 0.0246528
1 0.554688 0.556597 0.0164062 0.0430556
0 0.458984 0.259896 0.00703125 0.0243056
1 0.459375 0.261458 0.009375 0.0277778
1 0.272461 0.661806 0.015625 0.0430556
0 0.162305 0.305035 0.0675781 0.0590278
1 0.773828 0.0417969 0.0078125 0.0251736
0 0.215234 0.948611 0.0132813 0.0638889
0 0.388281 0.536458 0.0304688 0.0465278
0 0.394141 0.528472 0.0140625 0.0347222
0 0.395703 0.54375 0.0195312 0.0569444
1 0.267188 0.502083 0.0105469 0.0180556
1 0.394141 0.528472 0.0140625 0.0347222
0 0.425 0.511458 0.0734375 0.101389
0 0.553516 0.525 0.0398437 0.0902778
1 0.896875 0.409028 0.00625 0.00833333
1 0.0875977 0.870833 0.015625 0.0138889
0 0.414062 0.55 0.0539063 0.0722222
0 0.453125 0.538194 0.05 0.075
0 0.220508 0.843056 0.0957031 0.0972222
1 0.0776855 0.230382 0.00849609 0.0208333
0 0.45625 0.256944 0.015625 0.0333333
1 0.215625 0.925 0.0101562 0.0305556
1 0.458594 0.255556 0.0117188 0.0322917
0 0.0420898 0.897222 0.0832031 0.183333
1 0.559375 0.539583 0.021875 0.0486111
1 0.498437 0.140017 0.028125 0.0307292
0 0.223047 0.506597 0.0507812 0.05625
0 0.15332 0.307639 0.0511719 0.0527778
1 0.398828 0.53125 0.01875 0.0305556
1 0.773047 0.0371962 0.00859375 0.0313368
1 0.0779785 0.233507 0.00917969 0.028125
1 0.663672 0.483333 0.00703125 0.00972222
0 0.379297 0.530556 0.021875 0.0458333
0 0.207422 0.492361 0.0492188 0.0583333
0 0.404297 0.520139 0.0335938 0.0520833
0 0.198047 0.523958 0.0558594 0.0715278
0 0.0161621 0.85 0.0302734 0.0833333
0 0.0504395 0.844444 0.0807617 0.1
1 0.560156 0.530556 0.0273438 0.0715278
0 0.272461 0.661806 0.015625 0.0430556
0 0.190967 0.511111 0.0547852 0.0611111
0 0.458594 0.255556 0.0117188 0.0322917
1 0.269727 0.49375 0.009375 0.0152778
0 0.44375 0.542361 0.0921875 0.122222
0 0.551953 0.511111 0.0453125 0.102778
0 0.873438 0.124045 0.059375 0.05
0 0.608984 0.534722 0.102344 0.185417
0 0.423047 0.192535 0.0570313 0.0586806
0 0.741016 0.784722 0.0875 0.209722
0 0.807813 0.615972 0.096875 0.181944
0 0.696875 0.943056 0.0546875 0.1125
0 0.726953 0.370486 0.084375 0.101389
0 0.889063 0.489583 0.078125 0.105556
0 0.498437 0.139931 0.028125 0.0305556
0 0.0837891 0.702778 0.0601562 0.0805556
0 0.0783203 0.794444 0.0734375 0.1
1 0.884375 0.71875 0.015625 0.0263889
0 0.0296387 0.841667 0.0563477 0.0722222
0 0.168848 0.280556 0.0830078 0.110417
0 0.201758 0.854167 0.0582031 0.075
0 0.0303955 0.855556 0.0589355 0.1
0 0.0677734 0.784028 0.0517578 0.0791667
0 0.884375 0.71875 0.0171875 0.0263889
0 0.273047 0.669444 0.0171875 0.0472222
1 0.554688 0.551736 0.0125 0.0256944
1 0.554688 0.552431 0.0140625 0.0326389
1 0.273047 0.66875 0.015625 0.0458333
0 0.210547 0.811111 0.075 0.159722
0 0.0300537 0.894444 0.0597168 0.180556
1 0.459766 0.258507 0.0078125 0.0253472
0 0.411719 0.532986 0.046875 0.0444444
1 0.556641 0.547569 0.0171875 0.0347222
1 0.395312 0.530903 0.0109375 0.0236111
0 0.417188 0.533333 0.05625 0.0527778
0 0.468359 0.495139 0.0523437 0.145833
0 0.561328 0.526389 0.0265625 0.0722222
0 0.399219 0.53125 0.0203125 0.0298611
0 0.403125 0.530556 0.028125 0.0416667
0 0.426953 0.532639 0.0765625 0.0736111
0 0.4125 0.522917 0.0476562 0.0527778
0 0.395312 0.533333 0.0109375 0.025
1 0.820312 0.528472 0.009375 0.00972222
0 0.398828 0.5375 0.0234375 0.0451389
0 0.396875 0.534028 0.0164062 0.0347222
0 0.386328 0.530556 0.0320312 0.0388889
0 0.412891 0.540278 0.0515625 0.0569444
0 0.434375 0.522569 0.090625 0.0951389
1 0.820312 0.529861 0.009375 0.0138889
0 0.41875 0.542361 0.0609375 0.0666667
0 0.395312 0.536806 0.0125 0.0354167
0 0.216406 0.506944 0.0484375 0.0569444
1 0.458594 0.259896 0.0078125 0.0253472
0 0.466406 0.515972 0.0320312 0.0944444
1 0.765234 0.313889 0.0109375 0.0145833
0 0.410547 0.512153 0.0453125 0.0701389
0 0.416406 0.520833 0.05625 0.0736111
0 0.200586 0.497222 0.0523437 0.0555556
0 0.466406 0.497222 0.0359375 0.134028
1 0.696875 0.943056 0.05625 0.1125
0 0.202734 0.831944 0.0597656 0.118056
0 0.0204346 0.854167 0.0394043 0.0944444
0 0.461328 0.527431 0.040625 0.0902778
0 0.205859 0.515972 0.0527344 0.0611111
0 0.191455 0.495833 0.0600586 0.0597222
0 0.161719 0.305208 0.0667969 0.0590278
0 0.445312 0.500694 0.090625 0.138889
0 0.396484 0.540278 0.0164062 0.0444444
0 0.188672 0.270139 0.122656 0.131944
1 0.396094 0.527778 0.0125 0.03125
0 0.405469 0.538889 0.034375 0.0534722
0 0.186426 0.503472 0.0591797 0.0638889
0 0.210938 0.506944 0.0445312 0.05
0 0.194727 0.513889 0.0664062 0.0756944
1 0.395312 0.536806 0.0125 0.0354167
1 0.554688 0.55625 0.0171875 0.0430556
0 0.203906 0.504167 0.0464844 0.05
0 0.400781 0.524306 0.025 0.0395833
0 0.209375 0.499306 0.0445312 0.0513889
0 0.0988037 0.707118 0.0914551 0.0940972
0 0.215234 0.95 0.0136719 0.0666667
0 0.402344 0.547569 0.0320312 0.0645833
0 0.396094 0.527778 0.0125 0.03125
1 0.553906 0.545486 0.0203125 0.0430556
1 0.272461 0.661458 0.0152344 0.0409722
1 0.774219 0.0423177 0.0078125 0.0239583
0 0.453516 0.525694 0.0523437 0.0895833
0 0.461719 0.505556 0.06875 0.1375
0 0.387598 0.536806 0.0310547 0.0451389
0 0.220508 0.844444 0.0953125 0.0972222
0 0.39375 0.527778 0.0148437 0.0347222
1 0.896875 0.409028 0.00625 0.00833333
1 0.215625 0.925 0.0101562 0.0305556
1 0.0777344 0.230382 0.00859375 0.0211806
0 0.395312 0.544444 0.0179687 0.0569444
0 0.458984 0.260069 0.00703125 0.0239583
0 0.495313 0.145486 0.0203125 0.0244792
0 0.424609 0.511111 0.0726563 0.104167
1 0.559375 0.538542 0.0226563 0.05
0 0.213867 0.519444 0.0496094 0.0694444
0 0.553906 0.525 0.0382813 0.0888889
0 0.457812 0.515278 0.0460938 0.105556
1 0.39375 0.527778 0.0148437 0.0347222
1 0.0875977 0.870833 0.0158203 0.0138889
0 0.20708 0.492014 0.0499023 0.0590278
0 0.40459 0.519444 0.0345703 0.0520833
1 0.897656 0.410417 0.0078125 0.0111111
1 0.267188 0.501389 0.0105469 0.0180556
0 0.223438 0.503472 0.0484375 0.0534722
0 0.453125 0.539583 0.0484375 0.0708333
1 0.664062 0.483333 0.00625 0.00972222
0 0.15293 0.307986 0.0503906 0.0527778
1 0.773438 0.0371636 0.0078125 0.0308811
1 0.396875 0.534028 0.0164062 0.0347222
0 0.0155029 0.85 0.0290527 0.0833333
0 0.0512207 0.844444 0.0797852 0.0986111
0 0.45625 0.256944 0.0164062 0.0326389
0 0.22207 0.788889 0.0992187 0.204167
0 0.37832 0.530903 0.0199219 0.0444444
0 0.422656 0.552431 0.059375 0.0743056
0 0.443359 0.538889 0.0929687 0.116667
1 0.498437 0.139931 0.028125 0.0305556
1 0.560156 0.53125 0.0265625 0.0694444
0 0.559375 0.538542 0.0226563 0.05
0 0.458594 0.255382 0.0117188 0.0319444
0 0.0921631 0.736111 0.0840332 0.148611
1 0.0840332 0.702778 0.0606445 0.0791667
0 0.0976318 0.753472 0.0973145 0.170833
0 0.141016 0.60625 0.0484375 0.0847222
1 0.458594 0.255382 0.0117188 0.0319444
0 0.198047 0.524306 0.0554687 0.0722222
0 0.375586 0.534722 0.0125 0.0416667
0 0.191211 0.511111 0.0550781 0.0625
0 0.552344 0.511806 0.04375 0.101389
1 0.0782715 0.794444 0.0731445 0.101389
0 0.873438 0.123958 0.059375 0.05
0 0.423047 0.192535 0.0570313 0.0586806
0 0.608984 0.534722 0.102344 0.185417
0 0.741406 0.784722 0.0875 0.209722
0 0.807813 0.616319 0.096875 0.18125
0 0.696875 0.943056 0.0546875 0.111111
0 0.726953 0.370747 0.084375 0.100174
0 0.889063 0.489583 0.078125 0.105556
0 0.498437 0.139931 0.028125 0.0305556
0 0.0834961 0.702778 0.0595703 0.0805556
0 0.0781738 0.794444 0.0731445 0.1
1 0.884375 0.71875 0.015625 0.0263889
0 0.0296387 0.84375 0.0563477 0.0763889
0 0.168457 0.280556 0.0822266 0.109722
0 0.0672852 0.784028 0.0507812 0.0791667
0 0.201758 0.854167 0.0582031 0.075
0 0.0299316 0.864583 0.0583008 0.118056
0 0.884375 0.71875 0.0171875 0.0263889
0 0.272852 0.669444 0.0167969 0.0472222
1 0.554688 0.551736 0.0125 0.0256944
1 0.554688 0.552431 0.0140625 0.0326389
1 0.273047 0.66875 0.015625 0.0458333
0 0.208984 0.811111 0.071875 0.159722
0 0.0299072 0.894444 0.0593262 0.180556
1 0.459766 0.258333 0.0078125 0.025
0 0.412109 0.532639 0.046875 0.04375
1 0.556641 0.547917 0.0164062 0.0340278
0 0.561328 0.527083 0.0265625 0.0715278
0 0.417188 0.533681 0.05625 0.0520833
1 0.395312 0.53125 0.0109375 0.0236111
0 0.405859 0.524653 0.0335938 0.0395833
0 0.4 0.530556 0.021875 0.0291667
0 0.4125 0.522917 0.046875 0.0513889
0 0.404687 0.530208 0.0304688 0.0416667
0 0.427344 0.533333 0.0765625 0.075
0 0.46875 0.494444 0.053125 0.147222
1 0.820312 0.528125 0.009375 0.00972222
0 0.395312 0.533333 0.0109375 0.025
0 0.434375 0.522917 0.0890625 0.0944444
0 0.396875 0.534028 0.015625 0.0340278
0 0.413184 0.540972 0.0517578 0.0583333
1 0.820312 0.529861 0.009375 0.0138889
0 0.398828 0.538194 0.0234375 0.0458333
0 0.410547 0.511806 0.0445312 0.0694444
0 0.221533 0.806944 0.0967773 0.169444
0 0.416406 0.521528 0.0546875 0.0729167
0 0.385938 0.530556 0.0320312 0.0375
0 0.395312 0.537153 0.0125 0.0347222
1 0.765234 0.313715 0.0109375 0.0149306
0 0.469531 0.493056 0.0382813 0.142361
0 0.466406 0.515972 0.03125 0.0930556
0 0.216211 0.507639 0.0488281 0.0555556
0 0.189063 0.268924 0.123828 0.134028
0 0.0206787 0.854167 0.0398926 0.0944444
1 0.554688 0.55625 0.0164062 0.0416667
0 0.420312 0.540625 0.0609375 0.075
0 0.400781 0.523958 0.025 0.0388889
0 0.161914 0.305208 0.0671875 0.0576389
0 0.396094 0.540278 0.0148437 0.04375
1 0.553906 0.546875 0.0203125 0.0395833
0 0.215234 0.951389 0.0140625 0.0708333
0 0.442969 0.500694 0.09375 0.139583
0 0.405859 0.539236 0.0351562 0.0541667
0 0.206299 0.516667 0.0522461 0.0611111
0 0.396094 0.527083 0.0132813 0.0305556
0 0.461719 0.527431 0.0390625 0.0888889
0 0.0988281 0.706944 0.0914062 0.0944444
1 0.395312 0.537153 0.0125 0.0347222
1 0.215625 0.925694 0.0101562 0.0319444
0 0.201367 0.497569 0.0511719 0.0527778
0 0.211133 0.50625 0.04375 0.0472222
0 0.19375 0.502083 0.0640625 0.0666667
0 0.220361 0.843056 0.0952148 0.0972222
0 0.452734 0.525694 0.053125 0.0902778
1 0.0776855 0.230556 0.00869141 0.0215278
1 0.559375 0.538194 0.0226563 0.0513889
1 0.697266 0.943056 0.0554687 0.1125
1 0.896875 0.409028 0.00625 0.00833333
1 0.272461 0.661111 0.0152344 0.0402778
0 0.402344 0.548264 0.03125 0.0659722
0 0.193945 0.515278 0.0683594 0.0791667
0 0.425 0.512153 0.0726563 0.101389
0 0.202734 0.831944 0.0597656 0.118056
1 0.773828 0.0426215 0.00703125 0.0230903
1 0.897656 0.410417 0.0078125 0.0111111
0 0.39375 0.527778 0.0148437 0.0340278
0 0.459375 0.259896 0.0078125 0.0236111
1 0.396094 0.527083 0.0132813 0.0305556
0 0.460938 0.503472 0.071875 0.141667
0 0.187305 0.49375 0.0582031 0.0583333
0 0.205029 0.504167 0.0430664 0.0458333
0 0.394922 0.545139 0.0171875 0.0569444
0 0.464063 0.502083 0.0359375 0.123611
0 0.554688 0.525694 0.0359375 0.0875
0 0.194727 0.501042 0.0535156 0.0555556
0 0.387109 0.537847 0.0304688 0.0451389
1 0.664062 0.483333 0.00703125 0.00972222
0 0.559375 0.538194 0.0226563 0.0513889
0 0.19707 0.515278 0.0558594 0.0625
1 0.267188 0.501736 0.0101562 0.0173611
0 0.457812 0.515278 0.046875 0.105556
0 0.140625 0.606944 0.0492188 0.0861111
0 0.214062 0.519444 0.05 0.0694444
0 0.495313 0.14566 0.0195312 0.0243056
0 0.562891 0.520486 0.0234375 0.05625
1 0.0875977 0.870833 0.0158203 0.0138889
0 0.0517456 0.843056 0.0765869 0.0972222
1 0.773438 0.0371419 0.0078125 0.0304036
0 0.452734 0.540278 0.0484375 0.0680556
0 0.442187 0.5375 0.09375 0.113889
0 0.421875 0.552431 0.059375 0.0729167
0 0.223828 0.503819 0.0492188 0.0534722
0 0.185937 0.513889 0.059375 0.0638889
1 0.560156 0.53125 0.0265625 0.0694444
1 0.39375 0.527778 0.0148437 0.0340278
0 0.207471 0.492361 0.0491211 0.0583333
0 0.557813 0.515625 0.0421875 0.107639
0 0.557422 0.544444 0.01875 0.0402778
0 0.45625 0.256944 0.0164062 0.0319444
0 0.215234 0.963889 0.0144531 0.0680556
0 0.18125 0.503472 0.0574219 0.0625
0 0.0919922 0.736806 0.0839844 0.15
1 0.764063 0.313368 0.0140625 0.0197917
1 0.0835937 0.702778 0.0599609 0.0791667
1 0.396875 0.534028 0.015625 0.0340278
0 0.133203 0.612847 0.0652344 0.102778
1 0.269922 0.49375 0.009375 0.0138889
1 0.0782227 0.794444 0.0730469 0.101389
0 0.873438 0.124045 0.059375 0.0501736
0 0.726953 0.370486 0.084375 0.101389
0 0.423438 0.192535 0.05625 0.0586806
0 0.609375 0.534722 0.101562 0.185417
0 0.741016 0.784722 0.0875 0.209722
0 0.808594 0.616319 0.096875 0.18125
0 0.696875 0.943056 0.0546875 0.111111
0 0.889844 0.489583 0.078125 0.10625
0 0.498437 0.139931 0.028125 0.0305556
0 0.0833984 0.702778 0.059375 0.0805556
0 0.0782715 0.794444 0.0733398 0.1
1 0.884375 0.718056 0.015625 0.025
0 0.0295166 0.844444 0.0562012 0.0777778
0 0.168359 0.280208 0.0820312 0.109028
0 0.0670898 0.784028 0.0503906 0.0791667
0 0.201758 0.854167 0.0578125 0.075
0 0.0297607 0.865278 0.0580566 0.119444
0 0.884375 0.71875 0.0171875 0.0263889
1 0.554688 0.552083 0.0125 0.0263889
0 0.272852 0.669444 0.0167969 0.0472222
1 0.273047 0.66875 0.015625 0.0458333
0 0.207031 0.811111 0.0679687 0.158333
0 0.0297363 0.894444 0.0588867 0.179167
1 0.459766 0.258333 0.0078125 0.025
1 0.557031 0.547917 0.0171875 0.0347222
0 0.220508 0.810417 0.0949219 0.1625
0 0.560156 0.525694 0.028125 0.0798611
0 0.411719 0.532639 0.046875 0.0430556
1 0.554688 0.556944 0.0140625 0.0375
1 0.395312 0.53125 0.0109375 0.0222222
1 0.820312 0.528125 0.009375 0.0104167
0 0.417188 0.533681 0.0546875 0.0513889
0 0.40625 0.524306 0.034375 0.0388889
1 0.553125 0.553472 0.015625 0.0319444
0 0.412109 0.522917 0.0460938 0.05
0 0.404687 0.529861 0.03125 0.0409722
0 0.400781 0.530208 0.021875 0.0284722
0 0.426172 0.532639 0.0742188 0.0743056
0 0.46875 0.494444 0.053125 0.145833
0 0.395312 0.53125 0.0109375 0.0222222
0 0.433984 0.522917 0.0890625 0.0958333
0 0.396875 0.534028 0.015625 0.0333333
0 0.410937 0.511458 0.0445312 0.0701389
0 0.413184 0.541319 0.0517578 0.0583333
1 0.765234 0.313889 0.0109375 0.0152778
0 0.419141 0.54375 0.0609375 0.0680556
0 0.416406 0.520833 0.0546875 0.0736111
0 0.399219 0.538194 0.0234375 0.0458333
0 0.189844 0.26875 0.125781 0.134028
0 0.0207275 0.853472 0.0399902 0.0930556
1 0.394531 0.534028 0.0117188 0.0263889
0 0.395312 0.5375 0.0125 0.0347222
0 0.394531 0.534028 0.0117188 0.0263889
0 0.385547 0.530903 0.0320312 0.0381944
0 0.215234 0.952778 0.0140625 0.075
1 0.215625 0.925 0.0101562 0.0305556
0 0.466406 0.515972 0.03125 0.0923611
1 0.553906 0.546875 0.0195312 0.0395833
0 0.466797 0.495833 0.034375 0.134722
0 0.396875 0.526736 0.0140625 0.0305556
0 0.395312 0.540972 0.0140625 0.0444444
1 0.559375 0.5375 0.0226563 0.0527778
1 0.0777344 0.230556 0.00869141 0.0215278
1 0.395312 0.5375 0.0125 0.0347222
0 0.442578 0.501042 0.0929687 0.139583
0 0.216016 0.507639 0.0492188 0.0541667
0 0.0990234 0.706944 0.0919922 0.0944444
0 0.424219 0.512847 0.0703125 0.0993056
0 0.404687 0.539583 0.0328125 0.0541667
0 0.161914 0.304861 0.0675781 0.0576389
0 0.461719 0.527083 0.0390625 0.0888889
0 0.452344 0.525694 0.053125 0.0902778
0 0.206055 0.517361 0.0519531 0.0611111
0 0.220313 0.843056 0.0945313 0.1
0 0.459375 0.259722 0.0078125 0.0236111
1 0.696875 0.943056 0.05625 0.1125
1 0.896875 0.409028 0.00625 0.00833333
0 0.401953 0.548958 0.0296875 0.0673611
0 0.40625 0.517708 0.0359375 0.0541667
1 0.773828 0.0428819 0.00703125 0.0225694
0 0.39375 0.527778 0.0148437 0.0333333
0 0.394531 0.545486 0.015625 0.0576389
0 0.140625 0.606944 0.0488281 0.0861111
0 0.193408 0.502431 0.0639648 0.0666667
0 0.559375 0.5375 0.0226563 0.0527778
0 0.211328 0.505556 0.0429688 0.0444444
0 0.201514 0.496875 0.0508789 0.0506944
1 0.267578 0.502083 0.0101562 0.0166667
1 0.272461 0.661111 0.0152344 0.0402778
0 0.460938 0.502778 0.071875 0.143056
0 0.202734 0.830556 0.0597656 0.119444
0 0.554297 0.526042 0.0367187 0.0868056
0 0.193164 0.516667 0.0679687 0.0791667
1 0.664062 0.483333 0.00703125 0.00972222
1 0.897656 0.410417 0.0078125 0.0111111
0 0.495313 0.145833 0.0195312 0.0239583
0 0.209375 0.499306 0.0433594 0.0458333
0 0.0523437 0.841667 0.0746094 0.0972222
0 0.133301 0.613889 0.0638672 0.104167
1 0.553125 0.557639 0.0203125 0.0416667
1 0.0875977 0.870833 0.0158203 0.0138889
0 0.557813 0.544444 0.01875 0.0395833
0 0.563281 0.520486 0.0226563 0.0548611
1 0.560547 0.53125 0.0265625 0.0694444
1 0.269922 0.49375 0.00898437 0.0138889
0 0.216406 0.960417 0.0179687 0.0763889
0 0.457031 0.515278 0.046875 0.106944
0 0.412109 0.506597 0.0523437 0.10625
0 0.187012 0.493056 0.0576172 0.0569444
1 0.773438 0.0371636 0.0078125 0.0301866
0 0.387109 0.539583 0.0296875 0.0472222
0 0.45625 0.256944 0.0164062 0.0315972
1 0.764063 0.313368 0.0140625 0.0197917
0 0.19668 0.516667 0.0550781 0.0625
0 0.453125 0.540278 0.046875 0.0680556
1 0.396875 0.526736 0.0140625 0.0305556
0 0.442187 0.537153 0.090625 0.113889
0 0.194531 0.500694 0.0515625 0.0527778
0 0.214014 0.786806 0.0836914 0.205556
0 0.651563 0.285937 0.115625 0.148958
1 0.570312 0.509722 0.009375 0.0263889
1 0.0782227 0.794444 0.0732422 0.102778
1 0.885938 0.720833 0.01875 0.0305556
0 0.873438 0.124045 0.059375 0.0501736
0 0.423047 0.192535 0.0570313 0.0586806
0 0.741016 0.784722 0.0875 0.209722
0 0.609375 0.534722 0.101562 0.185417
0 0.808594 0.616667 0.096875 0.181944
0 0.726953 0.370833 0.084375 0.1
0 0.696875 0.943056 0.0546875 0.1125
0 0.889844 0.489583 0.078125 0.10625
0 0.498437 0.139931 0.028125 0.0305556
0 0.0832031 0.702778 0.0591797 0.0805556
0 0.0782227 0.794444 0.0732422 0.101389
1 0.884375 0.718056 0.015625 0.025
0 0.0293945 0.844444 0.0560547 0.0777778
0 0.0669922 0.784028 0.0501953 0.0791667
0 0.168262 0.280208 0.0822266 0.108333
0 0.201562 0.854167 0.0578125 0.075
0 0.0297119 0.865278 0.057959 0.119444
0 0.884375 0.71875 0.0171875 0.0263889
1 0.554688 0.552083 0.0125 0.0263889
0 0.272852 0.669444 0.0167969 0.0472222
0 0.206299 0.8125 0.0663086 0.158333
1 0.273047 0.66875 0.015625 0.0458333
0 0.0296875 0.894444 0.0587891 0.180556
1 0.556641 0.547917 0.0164062 0.0333333
1 0.459375 0.258333 0.0078125 0.025
0 0.560156 0.526389 0.028125 0.0791667
1 0.820312 0.528125 0.009375 0.0104167
0 0.409375 0.529514 0.0390625 0.0375
1 0.555078 0.556944 0.0148437 0.0375
1 0.395312 0.53125 0.0109375 0.0222222
1 0.553125 0.553472 0.015625 0.0319444
0 0.414844 0.529167 0.0515625 0.0486111
0 0.406641 0.524306 0.034375 0.0388889
0 0.219141 0.808333 0.0917969 0.166667
0 0.412109 0.522569 0.0460938 0.0506944
0 0.4 0.529861 0.0203125 0.0277778
0 0.46875 0.494444 0.053125 0.145833
0 0.425 0.531944 0.071875 0.0736111
0 0.395312 0.53125 0.009375 0.025
0 0.396484 0.534375 0.0148437 0.0333333
0 0.432813 0.527778 0.0875 0.0888889
0 0.41875 0.535417 0.0578125 0.0625
0 0.410937 0.511111 0.0445312 0.0708333
0 0.190967 0.267708 0.128223 0.135417
0 0.413672 0.541667 0.0515625 0.0583333
1 0.765234 0.313889 0.0109375 0.0152778
0 0.416406 0.520833 0.0546875 0.0736111
0 0.215234 0.959722 0.0144531 0.075
0 0.394922 0.5375 0.0117188 0.0347222
0 0.39834 0.538889 0.0220703 0.0472222
1 0.215625 0.925694 0.0101562 0.0319444
1 0.394531 0.534028 0.0109375 0.0263889
1 0.553906 0.547222 0.0195312 0.0388889
1 0.559375 0.537847 0.0226563 0.0520833
0 0.0202637 0.852778 0.0390625 0.0916667
0 0.385547 0.53125 0.0320312 0.0375
0 0.401563 0.524306 0.025 0.0381944
0 0.466406 0.516667 0.0296875 0.0895833
0 0.395312 0.540972 0.0132813 0.0444444
0 0.438672 0.517361 0.090625 0.115278
0 0.396484 0.527083 0.0132813 0.0305556
0 0.469531 0.492361 0.0375 0.141667
1 0.0777344 0.230556 0.00878906 0.0215278
0 0.420312 0.545833 0.0625 0.0715278
0 0.422656 0.512847 0.0671875 0.0979167
0 0.459375 0.259722 0.0078125 0.0236111
0 0.442969 0.5 0.0921875 0.140278
1 0.267578 0.502083 0.0101562 0.0166667
0 0.404297 0.539583 0.0320312 0.0541667
0 0.406641 0.517361 0.0367187 0.0548611
0 0.452734 0.525694 0.053125 0.0902778
1 0.896875 0.409028 0.00625 0.00833333
0 0.394141 0.545486 0.015625 0.0576389
0 0.461719 0.526389 0.0390625 0.0875
0 0.0991211 0.706944 0.0923828 0.0944444
0 0.401465 0.548611 0.0283203 0.0680556
0 0.412109 0.508333 0.05 0.0972222
0 0.216016 0.507639 0.0492188 0.0527778
0 0.39375 0.527778 0.0148437 0.0333333
0 0.205469 0.518056 0.0519531 0.0597222
1 0.773828 0.0430556 0.00703125 0.0222222
0 0.140625 0.607292 0.0488281 0.0868056
1 0.664062 0.483333 0.00703125 0.00972222
1 0.269922 0.49375 0.00859375 0.0138889
0 0.559375 0.537847 0.0226563 0.0520833
0 0.133203 0.613889 0.0632813 0.104167
0 0.220117 0.841667 0.0941406 0.102778
1 0.0875977 0.870833 0.015625 0.0138889
1 0.697266 0.943056 0.0546875 0.1125
1 0.272656 0.661111 0.0152344 0.0402778
0 0.161914 0.304514 0.0675781 0.0569444
1 0.553125 0.557639 0.0203125 0.0409722
1 0.897656 0.410417 0.0078125 0.0111111
0 0.464063 0.501389 0.0359375 0.122222
1 0.560547 0.53125 0.0265625 0.0694444
0 0.495313 0.145833 0.01875 0.0239583
0 0.461719 0.501389 0.071875 0.144444
0 0.554297 0.526736 0.0359375 0.0854167
0 0.193555 0.502778 0.0636719 0.0659722
0 0.651563 0.286285 0.115625 0.148958
0 0.211133 0.505556 0.0421875 0.0416667
0 0.0531738 0.840278 0.0702148 0.0944444
0 0.193359 0.517361 0.0667969 0.0777778
0 0.387109 0.539931 0.0296875 0.0486111
1 0.570312 0.509722 0.00859375 0.0263889
0 0.201953 0.496875 0.0503906 0.0486111
1 0.820312 0.532639 0.009375 0.0201389
0 0.557422 0.544792 0.01875 0.0381944
0 0.45625 0.256944 0.0164062 0.03125
0 0.457812 0.515278 0.0453125 0.105556
1 0.773438 0.0372504 0.0078125 0.030013
0 0.209375 0.499306 0.0429688 0.0451389
0 0.394531 0.550347 0.01875 0.06875
1 0.764063 0.313194 0.0140625 0.0201389
0 0.634375 0.299653 0.151562 0.177778
0 0.564062 0.519444 0.021875 0.0513889
0 0.873438 0.124045 0.059375 0.0501736
0 0.423438 0.192535 0.05625 0.0586806
0 0.741016 0.784722 0.0875 0.209722
0 0.609375 0.534722 0.101562 0.184722
0 0.808594 0.616667 0.0984375 0.181944
0 0.726953 0.370747 0.084375 0.100174
0 0.696875 0.943056 0.0546875 0.1125
0 0.889844 0.489583 0.078125 0.10625
0 0.498437 0.139931 0.028125 0.0305556
0 0.0830078 0.702778 0.0587891 0.0805556
0 0.0778809 0.794444 0.0725586 0.101389
1 0.884375 0.718056 0.015625 0.025
0 0.0666016 0.784028 0.0492188 0.0791667
0 0.0295898 0.839583 0.055957 0.0666667
0 0.168359 0.280208 0.0824219 0.106944
0 0.029248 0.854167 0.0569336 0.0972222
0 0.201562 0.854167 0.0578125 0.075
1 0.554688 0.552083 0.0125 0.0263889
0 0.884375 0.718056 0.0171875 0.025
0 0.273047 0.669444 0.0164062 0.0472222
0 0.205859 0.8125 0.065625 0.158333
1 0.273047 0.66875 0.015625 0.0458333
1 0.55625 0.548264 0.015625 0.0333333
0 0.029541 0.895833 0.0586914 0.181944
0 0.0310059 0.871528 0.0606445 0.131944
1 0.459375 0.258333 0.0078125 0.025
1 0.820312 0.528125 0.009375 0.0104167
1 0.554688 0.556944 0.0140625 0.0375
0 0.408984 0.529514 0.0390625 0.0368056
0 0.560156 0.526389 0.028125 0.0791667
1 0.553125 0.553472 0.015625 0.0319444
1 0.395312 0.53125 0.0109375 0.0222222
0 0.40625 0.524306 0.034375 0.0381944
0 0.414844 0.529167 0.0507812 0.0472222
0 0.412109 0.522917 0.0460938 0.05
0 0.4 0.529861 0.0203125 0.0277778
0 0.395312 0.53125 0.009375 0.0236111
0 0.423047 0.532639 0.0679687 0.0708333
0 0.396484 0.534375 0.0148437 0.0326389
0 0.469531 0.494097 0.053125 0.145139
0 0.191748 0.268056 0.129785 0.133333
0 0.215234 0.959722 0.0148437 0.075
0 0.410937 0.511806 0.0445312 0.0694444
0 0.432031 0.528819 0.0859375 0.0861111
1 0.215625 0.925694 0.0101562 0.0319444
0 0.413184 0.541319 0.0517578 0.0583333
0 0.416016 0.520833 0.0539063 0.0729167
1 0.765234 0.313889 0.0109375 0.0152778
1 0.559375 0.538194 0.021875 0.0513889
0 0.220117 0.815278 0.0949219 0.152778
1 0.553906 0.547917 0.0195312 0.0381944
0 0.394922 0.5375 0.0117188 0.0347222
1 0.394531 0.534028 0.0109375 0.0256944
0 0.394531 0.534028 0.0109375 0.0256944
0 0.39834 0.538194 0.0220703 0.0472222
0 0.385547 0.531597 0.0320312 0.0375
1 0.0777344 0.230382 0.00878906 0.0211806
0 0.396484 0.527083 0.0132813 0.0298611
0 0.395312 0.540972 0.0132813 0.0444444
0 0.466797 0.516667 0.0296875 0.0881944
0 0.0199463 0.852778 0.0384277 0.0916667
1 0.267578 0.502083 0.00976562 0.0166667
0 0.420312 0.545833 0.0617188 0.0708333
0 0.439063 0.515972 0.090625 0.117361
0 0.469922 0.492014 0.0375 0.140972
0 0.139844 0.609375 0.0515625 0.0895833
0 0.459375 0.259722 0.0078125 0.0243056
1 0.394922 0.5375 0.0117188 0.0347222
1 0.896875 0.409028 0.00625 0.00902778
0 0.421094 0.5125 0.0640625 0.0958333
1 0.269922 0.493403 0.00859375 0.0131944
0 0.411621 0.508333 0.0486328 0.0930556
1 0.0875977 0.870833 0.0158203 0.0138889
0 0.0990234 0.706944 0.0921875 0.0930556
0 0.133008 0.613889 0.0632813 0.103472
0 0.407031 0.518056 0.0375 0.0541667
0 0.404297 0.539583 0.0320312 0.0541667
0 0.394141 0.545139 0.015625 0.0576389
1 0.664062 0.483333 0.00703125 0.00972222
0 0.452734 0.525347 0.0523437 0.0902778
1 0.897656 0.410069 0.0078125 0.0111111
0 0.401563 0.548611 0.0289063 0.0680556
0 0.394141 0.528125 0.0140625 0.0326389
0 0.462109 0.526042 0.0375 0.0868056
1 0.553125 0.557639 0.0203125 0.0402778
0 0.559375 0.538194 0.021875 0.0513889
0 0.205273 0.518403 0.0511719 0.0590278
0 0.216016 0.507639 0.0492188 0.0513889
1 0.820312 0.532639 0.009375 0.0208333
1 0.773828 0.0429688 0.00703125 0.022309
1 0.268164 0.5 0.0113281 0.0208333
0 0.495313 0.14566 0.0195312 0.0243056
1 0.560547 0.53125 0.0265625 0.0694444
1 0.697266 0.943056 0.0546875 0.1125
1 0.272656 0.661458 0.0152344 0.0409722
0 0.0533691 0.8375 0.0664062 0.0916667
0 0.651953 0.286285 0.114844 0.148958
0 0.464453 0.501389 0.034375 0.122222
0 0.554297 0.526736 0.0367187 0.0854167
0 0.386719 0.539583 0.0304688 0.0486111
1 0.570312 0.509375 0.00859375 0.0256944
0 0.220703 0.784549 0.096875 0.211458
1 0.215234 0.954167 0.0140625 0.0763889
0 0.220117 0.841667 0.0941406 0.102778
0 0.558984 0.521528 0.0367187 0.0930556
0 0.461719 0.499306 0.0734375 0.147222
1 0.263672 0.448611 0.0117188 0.0166667
0 0.45625 0.256597 0.015625 0.0319444
0 0.633203 0.301042 0.154687 0.18125
0 0.873438 0.123958 0.059375 0.0503472
0 0.423438 0.192318 0.05625 0.0584201
0 0.741016 0.784722 0.0875 0.209722
0 0.609375 0.534722 0.101562 0.184722
0 0.808594 0.616667 0.0984375 0.181944
0 0.726953 0.370747 0.084375 0.100174
0 0.696875 0.943056 0.0546875 0.111111
0 0.889844 0.489583 0.078125 0.10625
0 0.498437 0.139931 0.028125 0.0305556
0 0.0829102 0.702778 0.0585938 0.0805556
1 0.884375 0.718056 0.015625 0.025
0 0.077832 0.794444 0.0724609 0.101389
0 0.0664062 0.784028 0.0488281 0.0791667
0 0.029541 0.838889 0.0557617 0.0652778
0 0.168359 0.280208 0.0824219 0.10625
0 0.0291992 0.854167 0.0568359 0.0972222
0 0.201562 0.854861 0.0578125 0.075
1 0.554688 0.552083 0.0125 0.0263889
0 0.884375 0.718056 0.0171875 0.025
0 0.273047 0.669444 0.0164062 0.0472222
0 0.205859 0.8125 0.065625 0.158333
1 0.273047 0.66875 0.015625 0.0458333
0 0.0307617 0.872222 0.0603516 0.133333
1 0.55625 0.548264 0.0171875 0.0340278
1 0.820312 0.528125 0.009375 0.0104167
1 0.459375 0.258333 0.0078125 0.025
1 0.554688 0.556944 0.0140625 0.0375
0 0.560156 0.526736 0.028125 0.0784722
0 0.408594 0.529861 0.0375 0.0347222
1 0.553125 0.553472 0.015625 0.0319444
1 0.395312 0.530903 0.0109375 0.0222222
0 0.40625 0.524306 0.0335938 0.0368056
0 0.414062 0.529167 0.05 0.0458333
0 0.4 0.529514 0.0203125 0.0263889
0 0.395312 0.53125 0.009375 0.0236111
0 0.410937 0.51875 0.0429688 0.0597222
0 0.215234 0.959722 0.0144531 0.075
0 0.421484 0.532639 0.0648438 0.0666667
0 0.396484 0.534722 0.0148437 0.0319444
0 0.469531 0.49375 0.0515625 0.144444
1 0.215625 0.925694 0.0101562 0.0319444
0 0.431641 0.529861 0.084375 0.0833333
0 0.4125 0.508333 0.046875 0.0777778
1 0.559375 0.5375 0.0226563 0.0527778
1 0.765234 0.313715 0.0109375 0.0149306
0 0.41875 0.54375 0.0601562 0.0666667
1 0.553906 0.547917 0.0195312 0.0381944
0 0.415625 0.520486 0.053125 0.0715278
0 0.220117 0.815278 0.0949219 0.152778
1 0.394531 0.534028 0.0109375 0.025
0 0.191455 0.270139 0.128809 0.128472
0 0.394531 0.534028 0.0109375 0.025
0 0.394922 0.537153 0.0117188 0.0340278
1 0.0777832 0.230382 0.00878906 0.0208333
0 0.401172 0.524306 0.0242187 0.0375
0 0.398438 0.538194 0.021875 0.0458333
0 0.396094 0.527083 0.0125 0.0291667
0 0.0320801 0.898611 0.0634766 0.186111
0 0.0196838 0.852778 0.0379761 0.0916667
0 0.385547 0.531944 0.0320312 0.0368056
0 0.395312 0.540972 0.0132813 0.0444444
1 0.267578 0.502431 0.00976562 0.0159722
0 0.466797 0.516667 0.0289063 0.0875
1 0.0875977 0.870833 0.015625 0.0138889
1 0.897656 0.410069 0.0078125 0.0111111
1 0.896875 0.409375 0.00625 0.00902778
0 0.459375 0.259722 0.0078125 0.0243056
0 0.0984619 0.706771 0.0909668 0.0920139
0 0.438672 0.515278 0.0914062 0.118056
1 0.269922 0.493403 0.00859375 0.0131944
0 0.419141 0.511458 0.0601562 0.0944444
1 0.394922 0.537153 0.0117188 0.0340278
0 0.133398 0.613542 0.0628906 0.103472
1 0.664062 0.483333 0.00703125 0.00972222
0 0.469531 0.490278 0.0375 0.134722
0 0.394141 0.545139 0.015625 0.0569444
0 0.404297 0.539236 0.0320312 0.0541667
0 0.453125 0.525347 0.0515625 0.0902778
1 0.820312 0.532639 0.009375 0.0208333
0 0.44375 0.498611 0.0921875 0.141667
0 0.559375 0.5375 0.0226563 0.0527778
1 0.553125 0.557639 0.01875 0.0402778
0 0.401465 0.548611 0.0283203 0.0680556
0 0.4625 0.525694 0.0359375 0.0861111
0 0.14043 0.607639 0.0492188 0.0861111
1 0.773828 0.0430122 0.00703125 0.0220486
1 0.268164 0.5 0.0113281 0.0208333
0 0.053894 0.8375 0.0644775 0.0888889
0 0.558984 0.521875 0.0359375 0.0909722
0 0.205127 0.51875 0.0506836 0.0583333
1 0.263867 0.449306 0.0121094 0.0166667
0 0.554297 0.527083 0.0375 0.0861111
1 0.560547 0.53125 0.0265625 0.0701389
1 0.215234 0.954167 0.0140625 0.075
0 0.652344 0.286632 0.115625 0.148958
1 0.570312 0.509375 0.0078125 0.025
1 0.90625 0.319444 0.009375 0.0274306
0 0.214844 0.516319 0.0503906 0.0625
0 0.00852051 0.85625 0.015332 0.0763889
1 0.697266 0.943056 0.0546875 0.1125
0 0.495313 0.145747 0.01875 0.0243056
0 0.464844 0.501389 0.034375 0.120833
0 0.220117 0.843056 0.0941406 0.1
0 0.21543 0.971528 0.0144531 0.0541667
0 0.211768 0.789583 0.0788086 0.202778
1 0.272656 0.661111 0.0152344 0.0416667
0 0.873438 0.123958 0.059375 0.0503472
0 0.423438 0.192318 0.05625 0.0584201
0 0.609375 0.534722 0.101562 0.184722
0 0.741016 0.784896 0.0875 0.210764
0 0.808594 0.616667 0.0984375 0.181944
0 0.726953 0.370747 0.084375 0.100174
0 0.696875 0.943056 0.0546875 0.111111
0 0.889844 0.489583 0.078125 0.106944
0 0.498437 0.139931 0.028125 0.0305556
0 0.0828125 0.702778 0.0583984 0.0805556
1 0.884375 0.718056 0.015625 0.025
0 0.0777832 0.794444 0.0723633 0.101389
0 0.168555 0.280035 0.0824219 0.105903
0 0.0664551 0.784028 0.0489258 0.0791667
0 0.0294434 0.838889 0.0556641 0.0638889
0 0.0289063 0.851389 0.0560547 0.0916667
0 0.201758 0.854861 0.0578125 0.075
1 0.554688 0.552083 0.0125 0.0263889
0 0.884375 0.71875 0.0171875 0.0263889
0 0.273047 0.669444 0.0164062 0.0472222
0 0.205811 0.8125 0.0657227 0.158333
0 0.0308105 0.873611 0.0606445 0.136111
1 0.273047 0.669097 0.015625 0.0458333
1 0.820312 0.528125 0.009375 0.0104167
1 0.557031 0.547222 0.01875 0.0361111
1 0.459375 0.258333 0.0078125 0.025
0 0.408594 0.529514 0.0375 0.0347222
0 0.560938 0.527083 0.028125 0.0777778
1 0.554688 0.556944 0.0140625 0.0375
1 0.553125 0.553472 0.015625 0.0319444
0 0.40625 0.524306 0.0328125 0.0361111
0 0.414062 0.529514 0.0492188 0.0444444
1 0.395312 0.530903 0.0109375 0.0222222
0 0.411719 0.522917 0.0445312 0.0472222
0 0.4 0.529514 0.0203125 0.0263889
0 0.215234 0.959722 0.0144531 0.075
0 0.395312 0.53125 0.009375 0.0229167
0 0.419531 0.533333 0.0609375 0.0631944
0 0.470313 0.49375 0.0515625 0.144444
0 0.396484 0.534375 0.0148437 0.03125
1 0.215625 0.926389 0.0101562 0.0333333
0 0.410937 0.511458 0.04375 0.0694444
0 0.417969 0.521528 0.0570313 0.0777778
1 0.765234 0.313715 0.0109375 0.0149306
0 0.430469 0.53125 0.0828125 0.0805556
0 0.413672 0.540625 0.0515625 0.0569444
1 0.559375 0.536111 0.0234375 0.0555556
1 0.553906 0.547569 0.0195312 0.0388889
0 0.219922 0.816667 0.0945313 0.152778
0 0.140234 0.609722 0.0511719 0.0902778
1 0.077832 0.230208 0.00878906 0.0204861
0 0.394531 0.534028 0.0109375 0.025
0 0.394922 0.537153 0.0117188 0.0340278
1 0.394531 0.534028 0.0109375 0.025
0 0.396484 0.527083 0.0132813 0.0291667
0 0.0196533 0.852778 0.0379395 0.0916667
0 0.39834 0.537847 0.0220703 0.0458333
0 0.191064 0.270833 0.128027 0.126389
1 0.267578 0.502431 0.00976562 0.0159722
1 0.897656 0.410417 0.0078125 0.0111111
0 0.395312 0.540972 0.0132813 0.0444444
0 0.420312 0.545486 0.0609375 0.0701389
0 0.385547 0.532292 0.0320312 0.0361111
1 0.0875977 0.870833 0.015625 0.0138889
0 0.133203 0.614236 0.0625 0.104167
1 0.896875 0.409375 0.00625 0.00902778
0 0.466797 0.515972 0.0289063 0.0875
0 0.0978516 0.706771 0.0898438 0.0920139
0 0.029541 0.901389 0.059082 0.188889
0 0.437109 0.516667 0.0945313 0.108333
1 0.269922 0.493056 0.00859375 0.0125
0 0.470313 0.490278 0.0382813 0.134722
0 0.459375 0.259549 0.0078125 0.0243056
1 0.664062 0.483333 0.00703125 0.00972222
1 0.820312 0.532639 0.009375 0.0208333
0 0.40625 0.517361 0.0359375 0.0541667
0 0.559375 0.536111 0.0234375 0.0555556
0 0.447266 0.496528 0.0914062 0.145139
0 0.405078 0.539236 0.0335938 0.0541667
0 0.394141 0.545139 0.0148437 0.0569444
0 0.453516 0.525 0.0507812 0.0902778
1 0.773828 0.0429796 0.00703125 0.0220269
1 0.394922 0.537153 0.0117188 0.0340278
1 0.553125 0.557639 0.01875 0.0402778
0 0.652344 0.286806 0.115625 0.149306
0 0.401563 0.548264 0.0289063 0.0673611
0 0.462891 0.525347 0.0351562 0.0854167
1 0.215234 0.953472 0.0140625 0.075
0 0.394531 0.528125 0.0132813 0.0319444
0 0.46875 0.504167 0.0328125 0.113889
1 0.90625 0.319444 0.009375 0.0274306
0 0.054248 0.836111 0.0633789 0.0888889
1 0.264062 0.449306 0.0121094 0.0173611
1 0.268164 0.500347 0.0113281 0.0201389
0 0.632812 0.302083 0.15625 0.181944
0 0.216406 0.952083 0.0171875 0.0833333
0 0.00848389 0.855556 0.0153076 0.0777778
0 0.559375 0.521528 0.034375 0.0916667
0 0.554688 0.527083 0.0375 0.0861111
0 0.204297 0.519444 0.0496094 0.0583333
0 0.215625 0.970833 0.0140625 0.0555556
1 0.570312 0.509375 0.0078125 0.025
0 0.873438 0.124045 0.059375 0.0503472
0 0.423438 0.192535 0.05625 0.0583333
0 0.609375 0.534722 0.101562 0.184722
0 0.741016 0.784896 0.0875 0.210764
0 0.808594 0.616319 0.0984375 0.18125
0 0.726953 0.370747 0.084375 0.100174
0 0.889063 0.489583 0.078125 0.10625
0 0.696875 0.943056 0.0546875 0.111111
0 0.498437 0.139931 0.028125 0.0305556
0 0.0821777 0.702778 0.0571289 0.0805556
1 0.884375 0.718056 0.015625 0.025
0 0.0776367 0.794444 0.0720703 0.101389
0 0.0664062 0.784028 0.0488281 0.0791667
0 0.0293945 0.8375 0.0555664 0.0638889
0 0.168555 0.280035 0.0824219 0.105208
0 0.0289063 0.850694 0.055957 0.0902778
0 0.201514 0.854861 0.0579102 0.075
1 0.554688 0.552083 0.0125 0.0256944
0 0.884375 0.718056 0.015625 0.025
0 0.273047 0.669097 0.015625 0.0458333
0 0.206055 0.813194 0.0660156 0.159722
0 0.0307861 0.872917 0.0605957 0.134722
0 0.0293945 0.897222 0.0585938 0.186111
1 0.820312 0.528125 0.009375 0.0104167
1 0.273047 0.669097 0.015625 0.0458333
0 0.560938 0.527083 0.028125 0.0777778
1 0.554688 0.556944 0.0140625 0.0375
1 0.459375 0.258333 0.0078125 0.025
1 0.557813 0.545833 0.0203125 0.0381944
0 0.407813 0.529514 0.0375 0.0340278
1 0.553125 0.553472 0.015625 0.03125
0 0.405469 0.524306 0.0320312 0.0354167
0 0.413672 0.529167 0.0484375 0.0430556
1 0.395312 0.53125 0.0109375 0.0222222
0 0.215234 0.959722 0.0144531 0.075
0 0.395312 0.53125 0.0101562 0.0229167
0 0.4 0.529167 0.0203125 0.0263889
0 0.471875 0.493403 0.05 0.143056
0 0.417578 0.532639 0.0570313 0.0604167
1 0.215625 0.926389 0.0101562 0.0333333
0 0.410937 0.518056 0.0421875 0.0597222
0 0.396484 0.534375 0.0148437 0.0305556
1 0.765234 0.313715 0.0109375 0.0149306
0 0.416406 0.520486 0.053125 0.0763889
0 0.4125 0.507639 0.046875 0.0791667
1 0.559375 0.535417 0.0234375 0.0569444
1 0.553906 0.547569 0.0195312 0.0388889
0 0.219727 0.816667 0.0941406 0.152778
0 0.418359 0.543056 0.059375 0.0645833
1 0.077832 0.230035 0.00878906 0.0201389
0 0.14082 0.609722 0.0511719 0.0888889
0 0.394531 0.534028 0.0109375 0.025
0 0.429688 0.53125 0.0796875 0.0791667
0 0.396484 0.527083 0.0132813 0.0284722
1 0.394531 0.534028 0.0109375 0.025
1 0.897656 0.410417 0.0078125 0.0111111
0 0.394922 0.537153 0.0117188 0.0340278
0 0.0195557 0.852778 0.0377441 0.0916667
1 0.267578 0.502778 0.009375 0.0152778
0 0.398438 0.5375 0.021875 0.0444444
1 0.896875 0.409375 0.00625 0.00902778
0 0.132715 0.613889 0.0634766 0.103472
1 0.078125 0.23316 0.009375 0.0270833
0 0.205811 0.269271 0.157129 0.132292
1 0.269922 0.493056 0.00859375 0.0125
0 0.0974609 0.70625 0.0890625 0.0916667
0 0.395312 0.540972 0.0132813 0.0444444
0 0.467187 0.514931 0.028125 0.0895833
1 0.664062 0.483333 0.00703125 0.00972222
0 0.459375 0.259375 0.0078125 0.0243056
0 0.385352 0.532639 0.0316406 0.0354167
0 0.467578 0.492361 0.0328125 0.136111
0 0.192236 0.277083 0.128027 0.112847
0 0.559375 0.535417 0.0234375 0.0569444
1 0.820312 0.532639 0.009375 0.0208333
1 0.0875 0.870833 0.0158203 0.0138889
0 0.4375 0.513542 0.0953125 0.113194
0 0.450781 0.495139 0.0859375 0.145833
1 0.553125 0.557639 0.01875 0.0402778
1 0.773828 0.042806 0.00703125 0.0225477
0 0.40625 0.517361 0.0359375 0.0527778
0 0.557813 0.545833 0.0203125 0.0381944
0 0.453906 0.525 0.05 0.0895833
0 0.405078 0.538889 0.0335938 0.0534722
1 0.215234 0.952778 0.0140625 0.075
1 0.394922 0.537153 0.0117188 0.0340278
0 0.0545776 0.834722 0.0631104 0.0888889
1 0.264062 0.449306 0.0125 0.0180556
0 0.216406 0.952083 0.0171875 0.0833333
0 0.00854492 0.854861 0.0154297 0.0791667
0 0.394141 0.544792 0.0148437 0.05625
1 0.90625 0.319444 0.009375 0.0274306
0 0.554297 0.527083 0.0382813 0.0861111
0 0.652344 0.286806 0.114063 0.148611
0 0.394531 0.528125 0.0132813 0.03125
1 0.570312 0.509375 0.0078125 0.025
0 0.215625 0.970833 0.0140625 0.0555556
0 0.873438 0.123958 0.059375 0.0503472
0 0.423047 0.192361 0.05625 0.0583333
0 0.609375 0.534722 0.101562 0.184722
0 0.741016 0.784896 0.0875 0.210764
0 0.726953 0.370747 0.084375 0.100174
0 0.808594 0.616319 0.0984375 0.18125
0 0.889063 0.489583 0.078125 0.10625
0 0.696875 0.943056 0.0546875 0.111111
0 0.498437 0.140017 0.028125 0.0303819
0 0.0827148 0.703472 0.0582031 0.0805556
1 0.884375 0.718056 0.015625 0.025
0 0.0777832 0.794444 0.0725586 0.1
0 0.0665527 0.784028 0.0493164 0.0791667
0 0.168652 0.280035 0.0826172 0.104167
0 0.0292969 0.8375 0.0554687 0.0625
0 0.0289063 0.850694 0.0558594 0.0888889
0 0.201758 0.854861 0.0582031 0.075
1 0.554688 0.552083 0.0125 0.0256944
0 0.0295166 0.866667 0.0581543 0.122222
0 0.884375 0.718056 0.015625 0.025
0 0.273047 0.669444 0.0164062 0.0472222
0 0.206055 0.813194 0.0660156 0.159722
1 0.820312 0.528125 0.009375 0.0104167
0 0.0294434 0.898611 0.0587891 0.186111
0 0.560938 0.526736 0.028125 0.0777778
1 0.554688 0.556944 0.0140625 0.0368056
1 0.558594 0.545139 0.0203125 0.0388889
1 0.273047 0.669097 0.015625 0.0458333
0 0.407813 0.529514 0.0375 0.0340278
1 0.553125 0.553472 0.015625 0.03125
1 0.459375 0.258333 0.0078125 0.025
0 0.405469 0.524306 0.0320312 0.0347222
0 0.215234 0.952778 0.0140625 0.0736111
0 0.413672 0.529861 0.0484375 0.0430556
0 0.4 0.529167 0.0203125 0.0263889
0 0.395312 0.53125 0.0101562 0.0236111
0 0.411328 0.523611 0.04375 0.0451389
1 0.395312 0.530903 0.0109375 0.0229167
0 0.416797 0.532639 0.0554687 0.0583333
1 0.215625 0.925694 0.0101562 0.0319444
0 0.471875 0.493056 0.0484375 0.141667
0 0.396484 0.534375 0.0148437 0.0305556
1 0.765234 0.313889 0.0109375 0.0145833
0 0.14082 0.608681 0.0503906 0.0868056
0 0.410156 0.512153 0.04375 0.0666667
1 0.559766 0.534722 0.0234375 0.0576389
0 0.415625 0.520833 0.0523437 0.0736111
1 0.077832 0.230208 0.00878906 0.0201389
0 0.219141 0.818056 0.0933594 0.15
1 0.553906 0.547569 0.01875 0.0381944
0 0.216211 0.960417 0.0167969 0.0763889
0 0.417969 0.543056 0.059375 0.0625
1 0.896875 0.410417 0.00625 0.0111111
0 0.394531 0.534028 0.0109375 0.025
0 0.396094 0.527083 0.0125 0.0291667
0 0.428125 0.53125 0.078125 0.0763889
1 0.078125 0.233333 0.00947266 0.0270833
0 0.394922 0.537153 0.0117188 0.0340278
1 0.394531 0.534028 0.0109375 0.025
0 0.132031 0.612847 0.0640625 0.100694
0 0.398438 0.5375 0.021875 0.0444444
0 0.400781 0.524306 0.0234375 0.0375
0 0.205078 0.270833 0.155469 0.128472
0 0.0195312 0.852778 0.0376953 0.0916667
0 0.411621 0.506944 0.0486328 0.0875
1 0.267578 0.502778 0.009375 0.0152778
1 0.664062 0.483333 0.0078125 0.00972222
0 0.467969 0.492014 0.0328125 0.136111
1 0.269922 0.493056 0.00859375 0.0125
0 0.467187 0.5125 0.028125 0.0930556
0 0.0973633 0.706944 0.0886719 0.0930556
0 0.191016 0.277778 0.125391 0.111111
0 0.459375 0.259375 0.0078125 0.0243056
0 0.395312 0.540972 0.0132813 0.04375
0 0.385547 0.532639 0.0320312 0.0347222
1 0.820312 0.532639 0.009375 0.0208333
0 0.559766 0.534722 0.0234375 0.0576389
1 0.553125 0.557639 0.01875 0.0402778
0 0.435547 0.525 0.0914062 0.0958333
0 0.451562 0.495139 0.0851562 0.145833
0 0.558594 0.545139 0.0203125 0.0388889
1 0.773828 0.0425239 0.00703125 0.023112
1 0.215234 0.952778 0.0140625 0.0736111
0 0.40625 0.518056 0.0359375 0.0527778
1 0.570703 0.509028 0.00859375 0.025
0 0.215625 0.969444 0.0140625 0.0583333
0 0.405078 0.538889 0.0335938 0.0527778
1 0.90625 0.319444 0.009375 0.0270833
0 0.554297 0.526736 0.0390625 0.0868056
1 0.394922 0.537153 0.0117188 0.0340278
0 0.053418 0.836111 0.0655273 0.0888889
0 0.453906 0.525 0.05 0.0888889
0 0.106836 0.810417 0.0388672 0.0694444
0 0.873438 0.124045 0.059375 0.0503472
0 0.422656 0.192405 0.05625 0.0582465
0 0.609375 0.534722 0.101562 0.184722
0 0.741016 0.784896 0.0875 0.210764
0 0.80918 0.615625 0.0972656 0.182639
0 0.726953 0.370747 0.084375 0.100174
0 0.889063 0.489583 0.078125 0.105556
0 0.696875 0.943056 0.0546875 0.111111
0 0.498437 0.140017 0.028125 0.0305556
0 0.0821289 0.703472 0.0570313 0.0805556
1 0.884375 0.718056 0.015625 0.025
0 0.0776855 0.794444 0.0723633 0.1
0 0.0666504 0.784028 0.0495117 0.0791667
0 0.029248 0.8375 0.0553711 0.0625
0 0.16875 0.279861 0.0824219 0.103472
0 0.0288574 0.85 0.0557617 0.0888889
0 0.201758 0.854861 0.0582031 0.075
1 0.554297 0.552083 0.0117188 0.0256944
0 0.0294434 0.867361 0.0581055 0.123611
0 0.884375 0.71875 0.015625 0.0263889
0 0.20625 0.813194 0.0667969 0.159722
0 0.273047 0.669097 0.015625 0.0458333
1 0.557031 0.547222 0.01875 0.0354167
1 0.820312 0.528125 0.009375 0.0104167
1 0.554688 0.556944 0.0140625 0.0368056
0 0.408594 0.529861 0.0382813 0.0347222
1 0.553125 0.553472 0.0148437 0.0305556
0 0.0293701 0.898611 0.0587402 0.186111
0 0.560938 0.527083 0.028125 0.0777778
1 0.273047 0.669097 0.015625 0.0458333
0 0.405469 0.524653 0.0328125 0.0354167
1 0.459766 0.258333 0.00859375 0.025
0 0.215234 0.952778 0.0140625 0.0722222
0 0.413672 0.529861 0.0484375 0.0430556
0 0.4 0.529514 0.0203125 0.0263889
1 0.215625 0.925694 0.0101562 0.0319444
0 0.411328 0.523611 0.04375 0.0444444
0 0.395312 0.53125 0.0101562 0.0236111
0 0.417188 0.533333 0.05625 0.0569444
1 0.395312 0.530903 0.0109375 0.0229167
0 0.472656 0.492361 0.046875 0.141667
0 0.396875 0.534722 0.015625 0.0305556
1 0.765234 0.313889 0.0109375 0.0145833
1 0.077832 0.230208 0.00878906 0.0201389
0 0.21875 0.819444 0.0921875 0.147222
0 0.14082 0.608333 0.05 0.0847222
1 0.553906 0.548264 0.01875 0.0368056
0 0.410156 0.513194 0.04375 0.0652778
0 0.417969 0.542708 0.059375 0.0618056
1 0.559375 0.535417 0.0234375 0.0555556
0 0.416016 0.521528 0.053125 0.0722222
1 0.078125 0.23316 0.00947266 0.0267361
1 0.896875 0.410417 0.00625 0.0111111
0 0.428516 0.531944 0.078125 0.075
0 0.396094 0.527083 0.0125 0.0291667
0 0.200391 0.273264 0.145703 0.120139
1 0.394531 0.533681 0.0109375 0.0256944
0 0.399219 0.5375 0.021875 0.0444444
0 0.394922 0.536806 0.0117188 0.0333333
0 0.131836 0.611806 0.0636719 0.0986111
0 0.467969 0.491667 0.0335938 0.136111
0 0.400781 0.524306 0.0234375 0.0375
0 0.0972656 0.706944 0.0878906 0.0944444
1 0.267578 0.502778 0.009375 0.0152778
0 0.467187 0.510417 0.0289063 0.0972222
1 0.664062 0.483333 0.0078125 0.00972222
1 0.269922 0.493403 0.00859375 0.0125
0 0.0196289 0.852778 0.0378906 0.0902778
0 0.412109 0.506944 0.05 0.0875
1 0.553125 0.557639 0.01875 0.0402778
0 0.395703 0.540972 0.0132813 0.0430556
0 0.459375 0.259375 0.0078125 0.0246528
0 0.385547 0.532639 0.0320312 0.0347222
1 0.820312 0.532639 0.009375 0.0208333
0 0.611719 0.311111 0.198437 0.201389
0 0.106738 0.811111 0.0390625 0.0694444
1 0.773828 0.0424479 0.00703125 0.0232639
0 0.435937 0.525 0.0921875 0.0944444
0 0.559375 0.535417 0.0234375 0.0555556
0 0.215625 0.969444 0.0140625 0.0583333
0 0.45 0.495139 0.0875 0.144444
0 0.10625 0.820833 0.0375 0.05
0 0.405469 0.538889 0.034375 0.0527778
1 0.215234 0.952778 0.0140625 0.0722222
0 0.219336 0.845139 0.0925781 0.0986111
1 0.571094 0.509028 0.0078125 0.0243056
0 0.873438 0.123958 0.059375 0.0503472
0 0.609375 0.535417 0.101562 0.185417
0 0.422656 0.192405 0.05625 0.0582465
0 0.741016 0.784896 0.0875 0.210764
0 0.80918 0.615625 0.0972656 0.182639
0 0.727344 0.370747 0.084375 0.100174
0 0.889063 0.489583 0.078125 0.105556
0 0.696875 0.943056 0.0546875 0.111111
0 0.498437 0.139931 0.028125 0.0305556
0 0.0820312 0.703472 0.0568359 0.0805556
1 0.884375 0.718056 0.015625 0.025
0 0.0776855 0.794444 0.0723633 0.1
0 0.0666992 0.784028 0.0496094 0.0791667
0 0.0291992 0.8375 0.0552734 0.0611111
0 0.168652 0.279861 0.0826172 0.102778
0 0.0291016 0.854167 0.0566406 0.0958333
0 0.201758 0.854861 0.0582031 0.075
1 0.554297 0.552083 0.0117188 0.0256944
0 0.884375 0.718056 0.015625 0.025
1 0.55625 0.548264 0.0171875 0.0340278
0 0.273047 0.669097 0.015625 0.0458333
0 0.20542 0.815278 0.0657227 0.155556
1 0.820312 0.528125 0.009375 0.0104167
0 0.408594 0.529861 0.0382813 0.0340278
1 0.554688 0.556944 0.0140625 0.0368056
1 0.553125 0.553472 0.0148437 0.0305556
0 0.0313965 0.874306 0.0623047 0.136111
0 0.560547 0.526736 0.028125 0.0784722
0 0.0294189 0.898611 0.0588379 0.186111
0 0.405469 0.525 0.0320312 0.0347222
0 0.215234 0.952778 0.0140625 0.0722222
0 0.473047 0.491667 0.046875 0.140278
1 0.273047 0.669097 0.015625 0.0458333
0 0.413672 0.530556 0.0484375 0.0416667
1 0.215625 0.925694 0.0101562 0.0319444
0 0.411328 0.524306 0.04375 0.0444444
0 0.4 0.529514 0.0203125 0.0263889
1 0.459766 0.258333 0.00859375 0.0256944
0 0.395312 0.53125 0.0101562 0.0236111
0 0.417188 0.532986 0.05625 0.05625
1 0.395312 0.530903 0.0109375 0.0229167
1 0.765234 0.313715 0.0109375 0.0145833
1 0.077832 0.230035 0.00878906 0.0197917
0 0.396875 0.534722 0.015625 0.0305556
0 0.417969 0.542361 0.0585938 0.0611111
0 0.140625 0.607986 0.0494141 0.0826389
0 0.218359 0.820833 0.0914062 0.144444
0 0.410156 0.514583 0.04375 0.0625
1 0.559375 0.536458 0.0226563 0.0541667
1 0.078125 0.233333 0.00957031 0.0270833
0 0.416016 0.522222 0.053125 0.0708333
1 0.896875 0.410069 0.00625 0.0111111
0 0.428125 0.53125 0.078125 0.0743056
0 0.199268 0.273958 0.143652 0.118056
0 0.396094 0.527083 0.0125 0.0291667
0 0.0970703 0.707639 0.0875 0.0958333
0 0.467187 0.509028 0.0289063 0.0986111
0 0.413281 0.509375 0.0484375 0.0784722
1 0.394531 0.533681 0.0109375 0.0256944
0 0.399219 0.537153 0.0226563 0.04375
1 0.664062 0.483333 0.0078125 0.00972222
0 0.394922 0.536806 0.0117188 0.0333333
0 0.400781 0.525 0.0234375 0.0375
0 0.6125 0.31059 0.196875 0.199653
1 0.267578 0.502778 0.009375 0.0152778
1 0.269922 0.493403 0.00859375 0.0125
1 0.553125 0.557639 0.01875 0.0395833
0 0.131445 0.611111 0.0632813 0.0965278
0 0.106665 0.811111 0.0390137 0.0694444
1 0.773828 0.042372 0.00703125 0.0234158
0 0.470313 0.494097 0.0351562 0.130556
0 0.450781 0.494097 0.0859375 0.14375
0 0.0161682 0.847222 0.0304565 0.0805556
0 0.435937 0.524306 0.0921875 0.0944444
0 0.10625 0.820833 0.0375 0.05
0 0.395703 0.540625 0.0132813 0.0430556
0 0.426562 0.543056 0.0742188 0.075
1 0.820312 0.532639 0.009375 0.0208333
0 0.459375 0.259375 0.0078125 0.025
0 0.0216553 0.858333 0.0419434 0.0902778
0 0.215625 0.96875 0.0140625 0.0597222
0 0.385742 0.533333 0.0316406 0.0347222
0 0.466406 0.522222 0.025 0.075
0 0.112207 0.818056 0.0460938 0.0555556
0 0.194922 0.851389 0.04375 0.0777778
0 0.873438 0.123958 0.059375 0.0503472
0 0.741016 0.784722 0.0875 0.211111
0 0.609375 0.534722 0.101562 0.185417
0 0.80918 0.615625 0.0972656 0.182639
0 0.422656 0.192361 0.05625 0.0579861
0 0.727344 0.370747 0.084375 0.100174
0 0.889063 0.489583 0.078125 0.105556
0 0.696875 0.943056 0.0546875 0.111111
0 0.498437 0.140017 0.028125 0.0305556
0 0.0818848 0.703472 0.056543 0.0805556
1 0.884375 0.718056 0.015625 0.025
0 0.0667969 0.784028 0.0498047 0.0791667
0 0.0774414 0.794444 0.071875 0.1
0 0.0291504 0.8375 0.0551758 0.0611111
0 0.168652 0.279861 0.0826172 0.102083
0 0.0290283 0.854167 0.0564941 0.0944444
0 0.201514 0.854861 0.0579102 0.075
1 0.554688 0.552083 0.0125 0.025
0 0.884375 0.71875 0.015625 0.0263889
1 0.55625 0.548958 0.015625 0.0326389
0 0.273047 0.669097 0.015625 0.0458333
0 0.205273 0.815278 0.0652344 0.154167
1 0.820312 0.528125 0.009375 0.0104167
1 0.553125 0.553472 0.0148437 0.0305556
1 0.554688 0.556944 0.0140625 0.0361111
0 0.408203 0.529861 0.0375 0.0333333
0 0.215234 0.953472 0.0140625 0.0736111
0 0.0313721 0.873611 0.0622559 0.133333
0 0.0293457 0.897917 0.0586914 0.186111
0 0.473437 0.490972 0.0453125 0.140278
0 0.405078 0.525 0.03125 0.0347222
1 0.21582 0.925694 0.00976562 0.0319444
0 0.413281 0.530556 0.0484375 0.0416667
1 0.273047 0.669792 0.015625 0.0451389
0 0.410937 0.524306 0.04375 0.04375
0 0.4 0.529514 0.0203125 0.0263889
0 0.560547 0.526736 0.028125 0.0784722
0 0.395312 0.53125 0.0101562 0.0243056
0 0.416406 0.532639 0.0546875 0.0555556
1 0.395312 0.530903 0.0109375 0.0229167
1 0.459766 0.258333 0.00859375 0.0256944
1 0.077832 0.229861 0.00878906 0.0194444
1 0.765234 0.313715 0.0109375 0.0145833
0 0.396484 0.534722 0.0148437 0.0291667
1 0.553516 0.549306 0.0179687 0.0347222
0 0.139648 0.607639 0.0496094 0.0819444
0 0.417969 0.542361 0.0578125 0.0597222
1 0.559375 0.538542 0.021875 0.05
1 0.078125 0.23316 0.00957031 0.0267361
0 0.217773 0.822222 0.090625 0.141667
0 0.410156 0.515625 0.04375 0.0604167
0 0.0968506 0.707639 0.0867676 0.0958333
1 0.896875 0.409722 0.00625 0.0111111
0 0.198633 0.274132 0.142969 0.117361
0 0.396094 0.527778 0.0125 0.0277778
0 0.427344 0.530556 0.0757812 0.0736111
0 0.467187 0.506597 0.0289063 0.103472
1 0.394531 0.533681 0.0109375 0.0256944
0 0.398828 0.536806 0.021875 0.0430556
1 0.664062 0.483333 0.0078125 0.00972222
0 0.413281 0.509722 0.0484375 0.0777778
1 0.553125 0.557639 0.01875 0.0388889
0 0.614844 0.311458 0.191406 0.2
0 0.467187 0.520139 0.0265625 0.0791667
0 0.106738 0.811111 0.0392578 0.0694444
1 0.267578 0.502778 0.009375 0.0152778
0 0.4 0.525 0.021875 0.0375
1 0.270117 0.493056 0.00820312 0.0125
0 0.131348 0.610417 0.0617188 0.0944444
0 0.108984 0.81875 0.0414063 0.0527778
1 0.773828 0.0424479 0.00703125 0.0230903
0 0.0213806 0.858333 0.0413208 0.0875
0 0.215625 0.968056 0.0140625 0.0611111
1 0.820312 0.532639 0.009375 0.0208333
0 0.105469 0.824306 0.0355469 0.0458333
0 0.452734 0.493056 0.0820312 0.143056
0 0.0155823 0.847222 0.029187 0.0805556
0 0.395703 0.540278 0.0132813 0.0430556
1 0.560938 0.532639 0.0265625 0.0680556
0 0.386133 0.533333 0.0316406 0.0347222
1 0.764063 0.312847 0.0140625 0.0194444
0 0.873438 0.123958 0.059375 0.0503472
0 0.741016 0.784896 0.0875 0.210764
0 0.609375 0.534722 0.101562 0.184722
0 0.727344 0.370833 0.084375 0.1
0 0.808594 0.615278 0.0984375 0.183333
0 0.423047 0.192361 0.05625 0.0579861
0 0.889063 0.489583 0.078125 0.105556
0 0.696875 0.943056 0.0546875 0.111111
0 0.498437 0.140104 0.028125 0.0305556
0 0.0817383 0.703472 0.05625 0.0805556
1 0.884375 0.71875 0.015625 0.0263889
0 0.0669922 0.784722 0.0503906 0.0805556
0 0.0772949 0.794444 0.071582 0.1
0 0.0290527 0.8375 0.0549805 0.0611111
0 0.168555 0.279861 0.0820312 0.101389
0 0.0287354 0.849306 0.0554199 0.0875
0 0.201562 0.855556 0.0578125 0.075
1 0.554297 0.552083 0.0117188 0.025
1 0.554688 0.552778 0.0140625 0.0305556
0 0.884375 0.71875 0.015625 0.0263889
1 0.555859 0.549306 0.0148437 0.0319444
0 0.273047 0.669444 0.015625 0.0458333
0 0.205469 0.815278 0.065625 0.154167
1 0.820312 0.528125 0.009375 0.0104167
0 0.407813 0.529861 0.0375 0.0333333
0 0.215234 0.954167 0.0140625 0.0736111
1 0.21582 0.926389 0.00976562 0.0305556
0 0.404687 0.525 0.03125 0.0340278
0 0.473437 0.490972 0.0453125 0.140278
0 0.413281 0.530556 0.0484375 0.0416667
0 0.0292969 0.898611 0.0585938 0.186111
0 0.395312 0.53125 0.0101562 0.0243056
0 0.410937 0.524306 0.0429688 0.0430556
0 0.399609 0.529861 0.0195312 0.0263889
0 0.416406 0.532639 0.0546875 0.0534722
1 0.273047 0.669792 0.015625 0.0451389
1 0.554688 0.556944 0.015625 0.0395833
1 0.077832 0.229861 0.00878906 0.0194444
0 0.0317383 0.872222 0.0630859 0.133333
1 0.395312 0.530903 0.0109375 0.0229167
1 0.553516 0.549306 0.0171875 0.0347222
0 0.396484 0.534722 0.0148437 0.0291667
1 0.765234 0.313715 0.0109375 0.0145833
0 0.560156 0.527083 0.028125 0.0784722
1 0.459766 0.258333 0.00859375 0.0256944
0 0.417578 0.541667 0.0578125 0.0583333
1 0.078125 0.233333 0.00957031 0.0263889
1 0.558984 0.540625 0.021875 0.0465278
0 0.139258 0.607639 0.0492188 0.0805556
0 0.0962891 0.70816 0.0855469 0.0947917
0 0.217969 0.822222 0.090625 0.141667
1 0.896875 0.409722 0.00625 0.0111111
0 0.412109 0.511806 0.046875 0.0694444
0 0.19917 0.273958 0.143848 0.117361
0 0.467187 0.50625 0.028125 0.104167
0 0.394531 0.534028 0.0109375 0.0263889
0 0.426172 0.530556 0.0742188 0.0722222
0 0.396094 0.527778 0.0125 0.0277778
0 0.614844 0.311111 0.190625 0.198611
1 0.394531 0.534028 0.0109375 0.0263889
0 0.398438 0.536806 0.021875 0.0416667
0 0.10686 0.811111 0.0394043 0.0694444
1 0.664062 0.483333 0.0078125 0.0104167
0 0.467187 0.520139 0.0265625 0.0791667
0 0.108887 0.81875 0.0414063 0.0527778
0 0.0210205 0.859028 0.0406738 0.0833333
0 0.215625 0.968056 0.0140625 0.0611111
0 0.399219 0.525 0.0203125 0.0368056
0 0.0182129 0.847917 0.0345215 0.0819444
0 0.105469 0.824306 0.0351562 0.0458333
1 0.560547 0.534028 0.0257812 0.0652778
1 0.820312 0.532639 0.009375 0.0208333
1 0.270117 0.493056 0.00820312 0.0125
1 0.267578 0.502778 0.009375 0.0152778
1 0.773828 0.0422635 0.00703125 0.0232856
0 0.395312 0.540278 0.0125 0.0416667
0 0.454688 0.493056 0.0773437 0.143056
0 0.387109 0.53125 0.0289063 0.0375
0 0.465625 0.495139 0.0328125 0.127778
0 0.873438 0.123958 0.059375 0.0503472
0 0.608984 0.534722 0.101562 0.184722
0 0.741016 0.784722 0.0875 0.211111
0 0.808594 0.615278 0.096875 0.183333
0 0.727344 0.370747 0.084375 0.100174
0 0.423047 0.192361 0.05625 0.0579861
0 0.889063 0.489583 0.078125 0.105556
0 0.696875 0.943056 0.0546875 0.111111
0 0.498437 0.140104 0.028125 0.0305556
0 0.0816406 0.703472 0.0558594 0.0805556
1 0.884375 0.71875 0.015625 0.0263889
0 0.0670898 0.784722 0.0505859 0.0805556
0 0.0290039 0.836806 0.0548828 0.0611111
0 0.0770996 0.794444 0.0711914 0.1
0 0.168359 0.279861 0.0820312 0.101389
0 0.028833 0.852778 0.0562012 0.0944444
0 0.201562 0.855556 0.0578125 0.075
1 0.554297 0.552083 0.0117188 0.025
0 0.884375 0.71875 0.015625 0.0263889
1 0.555859 0.549306 0.0148437 0.0319444
0 0.273047 0.669444 0.015625 0.0458333
1 0.553125 0.553472 0.0148437 0.0305556
1 0.554688 0.556944 0.0140625 0.0361111
1 0.820312 0.528125 0.009375 0.0104167
0 0.407813 0.530208 0.0375 0.0333333
0 0.205469 0.815278 0.065625 0.155556
0 0.215234 0.958333 0.0136719 0.075
1 0.216016 0.926389 0.009375 0.0305556
0 0.404687 0.525 0.0296875 0.0333333
0 0.473047 0.490972 0.0445312 0.138889
0 0.413281 0.530556 0.0476562 0.0402778
0 0.395312 0.53125 0.0109375 0.025
0 0.410547 0.525 0.0429688 0.0430556
0 0.399219 0.529861 0.01875 0.0263889
0 0.0292236 0.897917 0.0584473 0.186111
0 0.416406 0.532639 0.0546875 0.0527778
1 0.077832 0.230035 0.00878906 0.0194444
0 0.396094 0.534722 0.0140625 0.0291667
1 0.395312 0.530556 0.0109375 0.0236111
1 0.273047 0.669792 0.015625 0.0451389
1 0.765234 0.313542 0.0109375 0.0145833
0 0.0317383 0.870833 0.0629883 0.130556
1 0.459766 0.257986 0.00859375 0.0256944
0 0.560156 0.527431 0.028125 0.0777778
1 0.078125 0.23316 0.00957031 0.0263889
0 0.0959229 0.70816 0.0847168 0.0947917
1 0.558594 0.541667 0.021875 0.0444444
0 0.409766 0.516667 0.0429688 0.0569444
1 0.896875 0.409722 0.00625 0.0111111
0 0.217773 0.822222 0.090625 0.141667
0 0.197852 0.274653 0.141016 0.115278
0 0.615625 0.310243 0.190625 0.196875
0 0.467578 0.505556 0.0289063 0.105556
0 0.139258 0.607639 0.0488281 0.0805556
0 0.425781 0.530556 0.0734375 0.0715278
0 0.396094 0.527778 0.0125 0.0277778
1 0.394531 0.534028 0.0109375 0.0263889
0 0.41875 0.540972 0.0609375 0.0625
0 0.106738 0.811806 0.0392578 0.0680556
0 0.398438 0.536806 0.0210938 0.0416667
1 0.664062 0.483333 0.0078125 0.0104167
0 0.108691 0.823611 0.0390625 0.0472222
0 0.0208557 0.859722 0.0403198 0.0805556
0 0.467187 0.520486 0.0265625 0.0777778
0 0.413281 0.510764 0.0484375 0.0756944
0 0.112305 0.818056 0.0460938 0.0555556
1 0.560547 0.535417 0.025 0.0625
1 0.820312 0.532986 0.009375 0.0215278
0 0.0192383 0.847222 0.0365234 0.0833333
0 0.395312 0.540278 0.0125 0.0416667
1 0.270117 0.493056 0.00820312 0.0125
0 0.873438 0.123958 0.059375 0.0503472
0 0.727344 0.370833 0.084375 0.1
0 0.741016 0.784722 0.0875 0.211111
0 0.609375 0.534722 0.101562 0.184722
0 0.808594 0.615972 0.096875 0.181944
0 0.423047 0.192361 0.05625 0.0579861
0 0.889063 0.489583 0.078125 0.105556
0 0.697266 0.943056 0.0546875 0.111111
0 0.498437 0.140104 0.028125 0.0305556
0 0.0815918 0.703472 0.0557617 0.0805556
1 0.884375 0.71875 0.015625 0.0263889
0 0.0671875 0.784722 0.0507812 0.0805556
0 0.0289551 0.8375 0.0548828 0.0611111
0 0.077002 0.794444 0.0709961 0.1
0 0.168359 0.280035 0.0816406 0.101042
0 0.0288086 0.852778 0.0560547 0.0930556
0 0.201611 0.854861 0.0577148 0.0736111
1 0.554297 0.552083 0.0117188 0.025
1 0.555469 0.549306 0.0140625 0.0319444
0 0.884375 0.71875 0.015625 0.0263889
1 0.554688 0.557292 0.0140625 0.0361111
1 0.553125 0.553472 0.0148437 0.0305556
1 0.820312 0.528125 0.009375 0.0104167
0 0.273047 0.669444 0.015625 0.0458333
0 0.407813 0.530556 0.0367187 0.0333333
0 0.215234 0.958333 0.0136719 0.075
0 0.205127 0.815278 0.0647461 0.154167
1 0.216016 0.925694 0.009375 0.0305556
0 0.403906 0.525347 0.0296875 0.0326389
0 0.413281 0.530556 0.0476562 0.0402778
0 0.472656 0.490972 0.04375 0.138889
0 0.410156 0.525 0.0421875 0.0416667
0 0.395312 0.53125 0.0109375 0.025
0 0.399219 0.529861 0.01875 0.0263889
1 0.395312 0.530903 0.0109375 0.0236111
0 0.416016 0.532639 0.0539063 0.0513889
0 0.396094 0.534722 0.0140625 0.0291667
1 0.0778809 0.230035 0.00878906 0.0194444
0 0.029248 0.897222 0.0584961 0.186111
1 0.273242 0.670139 0.015625 0.0444444
1 0.765234 0.313542 0.0109375 0.0145833
1 0.078125 0.23316 0.00957031 0.0263889
1 0.459766 0.257986 0.00859375 0.0253472
1 0.896875 0.409722 0.00625 0.0111111
0 0.0957031 0.70816 0.084375 0.0947917
1 0.558594 0.543056 0.0210938 0.0416667
0 0.560547 0.527778 0.028125 0.0770833
0 0.615625 0.310069 0.190625 0.196528
0 0.0320312 0.869444 0.0634766 0.127778
0 0.467187 0.507639 0.028125 0.101389
0 0.217187 0.822917 0.0890625 0.140278
0 0.19707 0.275347 0.139453 0.113889
0 0.560156 0.537153 0.0242187 0.0590278
0 0.411719 0.512847 0.046875 0.0666667
1 0.664062 0.483333 0.0078125 0.0104167
0 0.108789 0.81875 0.0414063 0.0527778
0 0.425781 0.529861 0.0734375 0.0708333
0 0.139062 0.607986 0.0486328 0.0791667
0 0.417969 0.540625 0.059375 0.0611111
1 0.560156 0.537153 0.0242187 0.0590278
0 0.398438 0.536806 0.0203125 0.0409722
0 0.105273 0.823611 0.0351562 0.0472222
0 0.0205627 0.861806 0.0397339 0.0763889
0 0.104468 0.811806 0.0359863 0.0666667
0 0.215625 0.96875 0.0140625 0.0597222
1 0.820312 0.532986 0.009375 0.0215278
0 0.873438 0.123958 0.059375 0.0503472
0 0.741016 0.784722 0.0875 0.211111
0 0.608984 0.535069 0.101562 0.185417
0 0.808594 0.615972 0.096875 0.183333
0 0.727344 0.370747 0.084375 0.100174
0 0.422656 0.192361 0.05625 0.0579861
0 0.889063 0.489583 0.078125 0.105556
0 0.697266 0.943056 0.0546875 0.111111
0 0.498437 0.140017 0.028125 0.0303819
0 0.081543 0.703472 0.0556641 0.0805556
1 0.884375 0.71875 0.015625 0.0263889
0 0.0671875 0.784722 0.0507812 0.0805556
0 0.0289551 0.836806 0.0548828 0.0625
0 0.076709 0.794444 0.0704102 0.1
0 0.168262 0.280208 0.0814453 0.100694
0 0.0288086 0.852778 0.0561523 0.0930556
0 0.201562 0.855556 0.0574219 0.0722222
1 0.554688 0.552083 0.0125 0.025
1 0.555469 0.549306 0.0140625 0.0319444
0 0.884375 0.71875 0.015625 0.0263889
1 0.820312 0.528125 0.009375 0.0104167
1 0.553125 0.553472 0.0148437 0.0305556
1 0.554688 0.557292 0.0140625 0.0361111
0 0.407813 0.530208 0.0359375 0.0326389
0 0.215234 0.959028 0.0136719 0.0736111
0 0.273047 0.669444 0.015625 0.0458333
0 0.204736 0.815278 0.0639648 0.152778
1 0.216016 0.926389 0.009375 0.0305556
0 0.403125 0.525694 0.028125 0.0319444
0 0.413281 0.530556 0.0476562 0.0388889
0 0.395312 0.53125 0.0109375 0.025
0 0.410156 0.525 0.0421875 0.0416667
1 0.395312 0.530903 0.0109375 0.0236111
0 0.472656 0.490972 0.04375 0.138889
0 0.398828 0.529861 0.0179687 0.0263889
0 0.396094 0.534722 0.0140625 0.0291667
1 0.0778809 0.229861 0.00878906 0.0194444
0 0.415625 0.532292 0.053125 0.0506944
0 0.0292969 0.897917 0.0585938 0.186111
1 0.273047 0.670139 0.015625 0.0444444
1 0.896875 0.409722 0.0078125 0.0104167
1 0.078125 0.23316 0.00957031 0.0260417
0 0.09104 0.70625 0.0753418 0.0902778
1 0.765234 0.313542 0.0109375 0.0142361
1 0.558594 0.544097 0.0210938 0.0402778
0 0.614844 0.309722 0.190625 0.195833
0 0.417188 0.540278 0.0570313 0.0541667
1 0.459766 0.257812 0.00859375 0.0253472
0 0.0322998 0.869444 0.0640137 0.127778
0 0.560547 0.527778 0.028125 0.0763889
1 0.664062 0.483333 0.0078125 0.0104167
0 0.108984 0.818056 0.0414063 0.0527778
0 0.467187 0.510069 0.028125 0.0958333
0 0.216406 0.823611 0.0875 0.138889
1 0.896875 0.409028 0.00625 0.00902778
0 0.196533 0.275694 0.138184 0.1125
0 0.411719 0.513194 0.046875 0.0652778
1 0.559766 0.538542 0.0234375 0.05625
0 0.559766 0.538542 0.0234375 0.05625
0 0.104492 0.811806 0.0359375 0.0666667
0 0.425781 0.529861 0.0734375 0.0708333
0 0.105273 0.823611 0.0351562 0.0472222
0 0.13877 0.607986 0.0486328 0.0784722
0 0.110937 0.809722 0.0457031 0.0694444
0 0.398047 0.536806 0.0195312 0.0402778
0 0.0203186 0.863889 0.0392456 0.0722222
1 0.820312 0.532639 0.009375 0.0208333
0 0.873438 0.123872 0.059375 0.0503472
0 0.741016 0.784722 0.0875 0.211111
0 0.608984 0.535069 0.101562 0.185417
0 0.808594 0.615972 0.096875 0.183333
0 0.726953 0.370747 0.084375 0.100174
0 0.422656 0.192361 0.05625 0.0579861
0 0.889063 0.489583 0.078125 0.105556
0 0.697266 0.943056 0.0546875 0.111111
0 0.498437 0.140017 0.028125 0.0303819
0 0.0819336 0.703472 0.0564453 0.0805556
1 0.884375 0.71875 0.015625 0.0263889
0 0.0671387 0.784722 0.0504883 0.0805556
0 0.0289063 0.836806 0.0547852 0.0625
0 0.168262 0.280208 0.0814453 0.100347
0 0.0772949 0.794444 0.0711914 0.1
0 0.0287842 0.852778 0.0561035 0.0930556
1 0.554688 0.552083 0.0125 0.025
0 0.201562 0.855556 0.0574219 0.0722222
1 0.555469 0.549306 0.0140625 0.0319444
0 0.884375 0.71875 0.015625 0.0263889
1 0.820312 0.528125 0.0078125 0.0104167
1 0.554688 0.557292 0.0140625 0.0361111
1 0.553125 0.553472 0.015625 0.0305556
0 0.215234 0.959722 0.0136719 0.075
0 0.407031 0.530556 0.0359375 0.0319444
0 0.273047 0.669444 0.0164062 0.0472222
0 0.204688 0.815972 0.0636719 0.152778
1 0.216016 0.925694 0.009375 0.0291667
1 0.395312 0.530903 0.0109375 0.0236111
1 0.820312 0.529514 0.009375 0.0138889
0 0.090918 0.70625 0.0748047 0.0902778
0 0.402344 0.529861 0.025 0.0333333
0 0.395312 0.53125 0.0109375 0.025
0 0.413281 0.530556 0.046875 0.0388889
1 0.0778809 0.229861 0.00878906 0.0194444
0 0.410156 0.525 0.0421875 0.0402778
0 0.396094 0.534375 0.0140625 0.0291667
0 0.398438 0.529514 0.0171875 0.0256944
0 0.0292725 0.898611 0.0585449 0.186111
1 0.896875 0.409722 0.0078125 0.0104167
0 0.472656 0.490972 0.04375 0.1375
1 0.0781738 0.232986 0.00957031 0.0256944
1 0.273242 0.670139 0.0152344 0.0444444
0 0.614062 0.310069 0.192188 0.195833
1 0.558594 0.545139 0.0203125 0.0388889
1 0.765234 0.313542 0.0109375 0.0138889
0 0.416406 0.533333 0.0546875 0.0486111
1 0.459766 0.257812 0.00859375 0.0253472
1 0.764063 0.314757 0.0125 0.0163194
1 0.664062 0.483333 0.0078125 0.0104167
0 0.411328 0.5375 0.046875 0.0472222
0 0.0327148 0.870833 0.0648438 0.130556
1 0.559375 0.539583 0.0226563 0.0541667
0 0.415625 0.524306 0.053125 0.0576389
1 0.896875 0.409028 0.00625 0.00902778
0 0.562109 0.529167 0.0257812 0.0680556
0 0.10686 0.811111 0.0390137 0.0666667
0 0.195654 0.276042 0.136035 0.111111
0 0.467187 0.511806 0.028125 0.0916667
0 0.21582 0.824306 0.0863281 0.138889
0 0.108789 0.823611 0.0394531 0.0472222
0 0.411719 0.513889 0.0460938 0.0645833
0 0.112305 0.817361 0.0460938 0.0555556
0 0.559375 0.539583 0.0226563 0.0541667
0 0.138574 0.608333 0.0486328 0.0777778
0 0.495703 0.144792 0.0203125 0.0253472
0 0.104102 0.819444 0.034375 0.0527778
0 0.873438 0.123872 0.059375 0.0503472
0 0.741016 0.784722 0.0875 0.211111
0 0.608984 0.535069 0.101562 0.185417
0 0.808594 0.615972 0.096875 0.183333
0 0.726953 0.370747 0.084375 0.100174
0 0.422656 0.192361 0.05625 0.0579861
0 0.889063 0.489583 0.078125 0.105556
0 0.697266 0.943056 0.0546875 0.111111
0 0.498437 0.140017 0.028125 0.0303819
0 0.0819824 0.703472 0.0563477 0.0805556
1 0.884375 0.71875 0.015625 0.0263889
0 0.0671387 0.784722 0.0504883 0.0805556
0 0.0289063 0.836806 0.0547852 0.0625
0 0.168262 0.280208 0.0814453 0.100347
0 0.0772949 0.794444 0.0711914 0.1
0 0.0287842 0.852778 0.0561035 0.0930556
1 0.554688 0.552083 0.0125 0.025
0 0.201562 0.855556 0.0574219 0.0722222
1 0.555469 0.549306 0.0140625 0.0319444
0 0.884375 0.71875 0.015625 0.0263889
1 0.820312 0.528125 0.0078125 0.0104167
1 0.554688 0.557292 0.0140625 0.0361111
1 0.553125 0.553472 0.0148437 0.0305556
0 0.215234 0.959722 0.0132813 0.075
0 0.407031 0.530208 0.0359375 0.0319444
0 0.273047 0.669444 0.0164062 0.0472222
0 0.204688 0.815972 0.0636719 0.152778
1 0.216016 0.925694 0.009375 0.0291667
1 0.395312 0.530903 0.0109375 0.0236111
1 0.820312 0.529514 0.009375 0.0138889
0 0.402344 0.529861 0.025 0.0333333
0 0.090918 0.70625 0.0748047 0.0902778
0 0.395312 0.53125 0.0109375 0.025
0 0.413281 0.530556 0.046875 0.0388889
1 0.0779297 0.229861 0.00878906 0.0194444
0 0.410156 0.525 0.0421875 0.0402778
0 0.396094 0.534375 0.0140625 0.0291667
0 0.398438 0.529514 0.0171875 0.0256944
0 0.0292725 0.898611 0.0585449 0.186111
1 0.896875 0.409722 0.0078125 0.0104167
0 0.472656 0.490972 0.04375 0.1375
1 0.078125 0.232986 0.00957031 0.0256944
1 0.273242 0.670139 0.0152344 0.0444444
0 0.614062 0.310069 0.192188 0.195833
1 0.558594 0.545139 0.0203125 0.0388889
1 0.765234 0.313542 0.0109375 0.0138889
0 0.416406 0.533333 0.0546875 0.0486111
1 0.459766 0.257812 0.00859375 0.0253472
1 0.764063 0.314757 0.0125 0.0163194
1 0.664062 0.483333 0.0078125 0.0104167
0 0.0326904 0.870833 0.0647949 0.130556
0 0.415625 0.524306 0.053125 0.0576389
1 0.559375 0.539583 0.0226563 0.0541667
1 0.896875 0.409028 0.00625 0.00902778
0 0.562109 0.529167 0.0257812 0.0680556
0 0.10686 0.811111 0.0390137 0.0666667
0 0.195654 0.276042 0.136035 0.111458
0 0.467187 0.511806 0.028125 0.0916667
0 0.21582 0.824306 0.0863281 0.138889
0 0.108789 0.823611 0.0394531 0.0472222
0 0.411719 0.513889 0.0460938 0.0645833
0 0.112402 0.817361 0.0462891 0.0555556
0 0.559375 0.539583 0.0226563 0.0541667
0 0.216406 0.953472 0.0164062 0.0791667
0 0.138574 0.608333 0.0486328 0.0777778
0 0.495703 0.144792 0.0203125 0.0253472
0 0.104102 0.819444 0.034375 0.0527778
