3 0.0262939 0.285764 0.0522949 0.0875
1 0.208789 0.218056 0.0113281 0.0284722
1 0.206641 0.230729 0.0148437 0.0361111
1 0.207422 0.220833 0.0132813 0.0319444
1 0.9875 0.676389 0.0125 0.01875
0 0.835938 0.0557292 0.0203125 0.0279514
0 0.639844 0.999653 0.0078125 0.000694444
1 0.789062 0.676389 0.0078125 0.0138889
1 0.9875 0.675 0.015625 0.0208333
0 0.638281 0.990278 0.009375 0.0166667
1 0.790625 0.542014 0.0046875 0.0118056
0 0.780078 0.922222 0.0148437 0.0236111
1 0.780078 0.922222 0.0148437 0.0222222
1 0.204297 0.230208 0.0175781 0.0388889
1 0.994531 0.376389 0.009375 0.0152778
0 0.994531 0.376389 0.009375 0.0152778
0 0.9875 0.676389 0.0125 0.01875
1 0 0.00166016 0 0.00332031
1 0.986719 0.679167 0.0140625 0.0236111
1 0.527734 0.840278 0.00703125 0.00972222
1 0.277344 0.545139 0.00742187 0.0145833
1 0.948438 0.598264 0.021875 0.0319444
1 0.776953 0.922917 0.0132813 0.0236111
3 0.0262207 0.28559 0.0524414 0.0875
1 0.208984 0.217535 0.0113281 0.0267361
1 0.205859 0.228646 0.0125 0.0288194
1 0.207031 0.228993 0.015625 0.0375
1 0.985937 0.676736 0.0125 0.0173611
1 0.785156 0.914583 0.0046875 0.00833333
1 0.776563 0.925 0.0078125 0.0166667
1 0.277344 0.545139 0.0078125 0.0152778
1 0.779688 0.922222 0.015625 0.025
1 0.95 0.6 0.021875 0.0291667
1 0.948438 0.595833 0.021875 0.0361111
1 0.210156 0.234722 0.0117188 0.0333333
1 0.985937 0.675 0.015625 0.0194444
3 0.017749 0.313889 0.0350586 0.0305556
0 0.994531 0.377083 0.009375 0.0173611
3 0.0261719 0.285764 0.0519531 0.0875
1 0.208984 0.217708 0.0117188 0.0277778
1 0.206641 0.231597 0.0160156 0.0361111
1 0.986719 0.676389 0.0125 0.0180556
1 0.776172 0.927778 0.0078125 0.0125
1 0.784375 0.914583 0.00625 0.00833333
1 0.780078 0.922222 0.0148437 0.0236111
1 0.9875 0.675 0.015625 0.0208333
0 0.20625 0.231944 0.015625 0.034375
1 0.95 0.602083 0.021875 0.0236111
1 0.203711 0.229861 0.0164062 0.0388889
1 0.789062 0.676389 0.009375 0.0138889
0 0.985156 0 0.0296875 0
1 0.948438 0.595833 0.0234375 0.0361111
0 0.985937 0.676389 0.0125 0.0180556
0 0.20918 0.217708 0.0113281 0.0270833
1 0.212109 0.21875 0.015625 0.0291667
1 0.985937 0.678472 0.0125 0.0236111
3 0.0260742 0.285937 0.0519531 0.0871528
1 0.208984 0.217882 0.0113281 0.028125
1 0.206641 0.231944 0.0160156 0.0347222
1 0.207617 0.220833 0.0128906 0.03125
1 0.985937 0.676389 0.0125 0.0166667
1 0.776563 0.927083 0.0078125 0.0125
0 0.206641 0.231944 0.0160156 0.0347222
1 0.203516 0.229861 0.0152344 0.0395833
1 0.95 0.603125 0.0203125 0.0222222
1 0.780469 0.922222 0.0140625 0.0236111
1 0.784766 0.914583 0.00546875 0.00833333
0 0.495703 0.924306 0.119531 0.151389
1 0.2125 0.218403 0.0148437 0.0288194
0 0.209375 0.217708 0.0109375 0.0270833
0 0.835938 0.056033 0.01875 0.0273438
1 0.948438 0.598611 0.021875 0.03125
1 0.789062 0.676389 0.009375 0.0138889
1 0.985937 0.675 0.015625 0.0208333
1 0.208789 0.212847 0.0109375 0.0291667
0 0.749219 0.408333 0.009375 0.0125
0 0.207617 0.220833 0.0128906 0.03125
3 0.0260986 0.285764 0.0518066 0.0864583
1 0.208984 0.218056 0.0117188 0.0284722
1 0.20625 0.231597 0.0148437 0.0347222
1 0.985937 0.676389 0.0125 0.0166667
0 0.206641 0.231944 0.0160156 0.0347222
1 0.775781 0.927083 0.0078125 0.0125
0 0.209375 0.217708 0.0109375 0.0263889
1 0.784766 0.913889 0.00546875 0.00833333
1 0.208203 0.234028 0.015625 0.0354167
1 0.788867 0.676042 0.00976562 0.0145833
0 0.835938 0.0560764 0.01875 0.0272569
1 0.203125 0.230556 0.0140625 0.0354167
1 0.527344 0.840972 0.00625 0.00972222
0 0.788867 0.676042 0.00976562 0.0145833
1 0.212109 0.218576 0.015625 0.028125
1 0.410156 0.250521 0.00625 0.0121528
1 0.95 0.603472 0.0203125 0.0222222
1 0.985937 0.675347 0.015625 0.0208333
0 0.748438 0.406944 0.009375 0.0138889
1 0.208789 0.213542 0.0109375 0.0298611
3 0.0260254 0.286111 0.0520508 0.0875
1 0.208594 0.217708 0.0109375 0.0277778
1 0.206641 0.231944 0.015625 0.0347222
1 0.986719 0.676389 0.0125 0.0166667
1 0.775781 0.927083 0.0078125 0.0125
0 0.206445 0.231944 0.0164062 0.0340278
0 0.208984 0.217361 0.0109375 0.0267361
1 0.784766 0.913889 0.00546875 0.00833333
1 0.789062 0.676389 0.009375 0.0138889
1 0.780469 0.922222 0.0140625 0.025
0 0.789062 0.676389 0.009375 0.0138889
1 0.948438 0.595139 0.025 0.0381944
1 0.95 0.602778 0.0203125 0.0222222
0 0.835938 0.0559896 0.01875 0.0270833
0 0.749219 0.409722 0.0078125 0.00972222
1 0.78125 0.919444 0.0125 0.0194444
1 0.410937 0.250347 0.00625 0.0118056
1 0.527344 0.840972 0.00625 0.00972222
1 0.778125 0.923611 0.0140625 0.0222222
1 0.994531 0.376736 0.009375 0.0152778
0 0.748438 0.407639 0.009375 0.0125
1 0.946875 0.591667 0.021875 0.0305556
1 0.20293 0.230208 0.0144531 0.0354167
0 0.791406 0.675694 0.0140625 0.0166667
0 0.986719 0.676389 0.0125 0.0166667
1 0.212305 0.218576 0.0152344 0.028125
3 0.0260498 0.285937 0.0520996 0.0871528
1 0.208594 0.217882 0.0109375 0.028125
1 0.206641 0.232118 0.015625 0.0350694
1 0.986719 0.676389 0.0125 0.0166667
1 0.776172 0.927083 0.0078125 0.0125
0 0.206445 0.232118 0.0164062 0.034375
0 0.20918 0.217361 0.0109375 0.0270833
1 0.784766 0.913889 0.00546875 0.00833333
1 0.789062 0.676389 0.009375 0.0138889
1 0.780078 0.922222 0.0148437 0.025
1 0.78125 0.919444 0.0125 0.0222222
1 0.95 0.602778 0.0203125 0.0222222
1 0.948438 0.595486 0.025 0.0375
0 0.789062 0.676389 0.009375 0.0138889
1 0.994531 0.376389 0.009375 0.0152778
1 0.9875 0.675 0.015625 0.0208333
1 0.985937 0.679167 0.0125 0.0236111
0 0.986719 0.676389 0.0125 0.0166667
1 0.984375 0.676389 0.015625 0.0180556
1 0.527344 0.840972 0.00625 0.00972222
0 0.792383 0.675694 0.0152344 0.0166667
1 0.203125 0.230035 0.0148437 0.0357639
1 0.212109 0.21875 0.015625 0.0277778
0 0.780078 0.922222 0.0148437 0.025
0 0.835938 0.0560764 0.01875 0.0269097
0 0.749219 0.409722 0.0078125 0.00972222
3 0.0260742 0.285764 0.0520508 0.0868056
1 0.208594 0.218056 0.0117188 0.028125
1 0.206641 0.231597 0.015625 0.0354167
1 0.986719 0.676389 0.0125 0.0166667
0 0.206641 0.232292 0.0164062 0.034375
1 0.776172 0.927083 0.0078125 0.0125
1 0.784766 0.913889 0.00546875 0.00833333
0 0.208984 0.217708 0.0109375 0.0270833
1 0.789258 0.676736 0.00898437 0.0152778
1 0.781641 0.918056 0.0117188 0.0194444
1 0.527344 0.840972 0.00625 0.00972222
1 0.780078 0.922222 0.0148437 0.025
1 0.9875 0.675347 0.015625 0.0208333
1 0.994531 0.376389 0.009375 0.0152778
1 0.95 0.602778 0.0203125 0.0222222
1 0.985937 0.679167 0.0125 0.0236111
1 0.948438 0.595139 0.0234375 0.0375
0 0.986719 0.676389 0.0125 0.0166667
1 0.212109 0.21875 0.015625 0.0284722
0 0.789062 0.676389 0.009375 0.0138889
1 0.392969 0.517361 0.0046875 0.0118056
1 0.984375 0.676389 0.015625 0.0180556
1 0.396094 0.504167 0.00625 0.00833333
1 0.203125 0.229861 0.0152344 0.0361111
0 0.792383 0.675694 0.0152344 0.0166667
0 0.835938 0.0560764 0.01875 0.0269965
1 0.538281 0.848611 0.0078125 0.0111111
0 0.779688 0.921528 0.015625 0.025
1 0.394531 0.518056 0.00625 0.0125
3 0.0260986 0.285764 0.0520996 0.0868056
1 0.208789 0.218056 0.0113281 0.0277778
1 0.206641 0.231771 0.015625 0.0350694
1 0.986719 0.676389 0.0125 0.0166667
0 0.206641 0.232292 0.0164062 0.0340278
1 0.776172 0.927083 0.0078125 0.0125
0 0.208984 0.217708 0.0109375 0.0270833
1 0.784766 0.913889 0.00546875 0.00833333
1 0.789062 0.676389 0.009375 0.0138889
1 0.527344 0.840972 0.00625 0.00972222
1 0.9875 0.675347 0.015625 0.0208333
1 0.985937 0.679167 0.0125 0.0236111
1 0.994531 0.376389 0.009375 0.0152778
1 0.78125 0.919444 0.0125 0.0194444
1 0.780078 0.922222 0.0148437 0.025
1 0.392969 0.517361 0.0046875 0.0118056
1 0.538672 0.848611 0.0078125 0.0111111
0 0.986719 0.676389 0.0125 0.0166667
1 0.95 0.602778 0.01875 0.0222222
1 0.212109 0.21875 0.015625 0.0284722
1 0.395703 0.504167 0.00546875 0.00763889
1 0.984375 0.676389 0.015625 0.0180556
0 0.835938 0.0560764 0.01875 0.0270833
0 0.789062 0.676389 0.009375 0.0138889
1 0.948438 0.595833 0.0234375 0.0375
1 0.749219 0.409375 0.0078125 0.0111111
1 0.394531 0.518056 0.00625 0.0125
0 0.779688 0.921528 0.015625 0.025
3 0.0260742 0.285937 0.0520508 0.0868056
1 0.208789 0.218056 0.0113281 0.028125
1 0.206641 0.231597 0.015625 0.0354167
1 0.985937 0.676736 0.0125 0.0166667
0 0.206641 0.232292 0.0160156 0.0340278
0 0.209375 0.217708 0.0109375 0.0270833
1 0.776172 0.927083 0.0078125 0.0125
1 0.784766 0.913889 0.00546875 0.00833333
1 0.789062 0.676389 0.009375 0.0138889
1 0.9875 0.675347 0.015625 0.0208333
1 0.780469 0.920833 0.0140625 0.0222222
1 0.527344 0.840972 0.00625 0.0111111
1 0.994531 0.376389 0.009375 0.0152778
1 0.392969 0.517361 0.0046875 0.0118056
1 0.212109 0.21875 0.0152344 0.0284722
0 0.986719 0.676389 0.0125 0.0166667
0 0.835938 0.0561632 0.01875 0.0270833
1 0.538672 0.848611 0.0078125 0.0111111
1 0.778906 0.922917 0.0148437 0.025
1 0.395703 0.504167 0.00546875 0.00763889
1 0.95 0.602778 0.01875 0.0222222
1 0.948438 0.595139 0.025 0.0375
0 0.491406 0.756424 0.126563 0.487153
1 0.749219 0.408681 0.00859375 0.0125
0 0.779688 0.921528 0.015625 0.025
0 0.749219 0.408681 0.00859375 0.0125
3 0.0260742 0.285937 0.0521484 0.0868056
1 0.208789 0.218056 0.0113281 0.0277778
1 0.206641 0.231597 0.015625 0.0354167
1 0.985937 0.676736 0.0125 0.0166667
0 0.206641 0.232292 0.0164062 0.0340278
0 0.209375 0.217708 0.0109375 0.0270833
1 0.776172 0.927083 0.0078125 0.0125
1 0.784766 0.913889 0.00546875 0.00833333
1 0.789062 0.676389 0.009375 0.0138889
1 0.9875 0.675347 0.015625 0.0208333
1 0.780859 0.920139 0.0132813 0.0222222
1 0.527734 0.841667 0.00625 0.0111111
1 0.994531 0.376389 0.009375 0.0152778
1 0.392969 0.517361 0.0046875 0.0111111
1 0.212109 0.21875 0.0148437 0.0284722
0 0.835938 0.0560764 0.01875 0.0270833
0 0.986719 0.676389 0.0125 0.0166667
1 0.538672 0.848611 0.0078125 0.0111111
0 0.491406 0.755556 0.126563 0.488889
0 0.749219 0.408333 0.00859375 0.0131944
1 0.948438 0.595139 0.025 0.0375
1 0.395703 0.504167 0.00546875 0.00833333
1 0.778906 0.922917 0.0140625 0.025
3 0.0260742 0.285937 0.0521484 0.0868056
1 0.208984 0.217882 0.0117188 0.0277778
1 0.206641 0.231597 0.015625 0.0354167
1 0.985937 0.676736 0.0125 0.0166667
0 0.206641 0.232292 0.0164062 0.0340278
0 0.209375 0.217708 0.0109375 0.0270833
1 0.776172 0.927083 0.0078125 0.0125
1 0.784766 0.913889 0.00546875 0.00833333
1 0.789062 0.676389 0.009375 0.0138889
1 0.9875 0.675347 0.015625 0.0208333
1 0.780859 0.920139 0.0132813 0.0222222
1 0.527734 0.840972 0.00625 0.0111111
1 0.994531 0.376389 0.009375 0.0152778
0 0.986719 0.676389 0.0125 0.0166667
1 0.212109 0.218403 0.0148437 0.0284722
0 0.749219 0.408333 0.009375 0.0131944
1 0.392969 0.517014 0.0046875 0.0118056
0 0.835938 0.0560764 0.01875 0.0272569
1 0.948438 0.595139 0.025 0.0375
0 0.789062 0.676389 0.009375 0.0138889
3 0.0260742 0.285764 0.0521484 0.0868056
1 0.208984 0.217882 0.0117188 0.0277778
1 0.206641 0.231597 0.015625 0.0354167
1 0.985937 0.676736 0.0125 0.0166667
0 0.206445 0.232292 0.0160156 0.0340278
0 0.209375 0.217708 0.0109375 0.0270833
1 0.776172 0.927083 0.0078125 0.0125
1 0.785156 0.913889 0.0046875 0.00833333
1 0.789062 0.676389 0.009375 0.0138889
1 0.9875 0.675347 0.015625 0.0208333
1 0.780859 0.919444 0.0125 0.0222222
0 0.789062 0.676389 0.009375 0.0138889
0 0.986719 0.676389 0.0125 0.0166667
1 0.527734 0.840972 0.00625 0.0111111
0 0.749219 0.408333 0.009375 0.0125
1 0.212109 0.218403 0.0148437 0.0284722
1 0.994531 0.376736 0.009375 0.0152778
1 0.779688 0.921528 0.015625 0.025
1 0.392969 0.517014 0.0046875 0.0118056
0 0.835938 0.0560764 0.01875 0.0274306
1 0.948438 0.595139 0.025 0.0375
1 0.749219 0.408333 0.009375 0.0125
3 0.0260742 0.285764 0.0521484 0.0868056
1 0.208984 0.217882 0.0117188 0.0277778
1 0.206641 0.231597 0.015625 0.0350694
1 0.986719 0.676736 0.0125 0.0173611
0 0.206445 0.232292 0.0160156 0.0340278
0 0.209375 0.217708 0.0109375 0.0270833
1 0.776172 0.927083 0.0078125 0.0125
1 0.785156 0.913889 0.0046875 0.00833333
1 0.789062 0.676042 0.009375 0.0138889
1 0.985937 0.679167 0.0125 0.0236111
1 0.9875 0.675347 0.015625 0.0208333
0 0.789062 0.676042 0.009375 0.0138889
1 0.780859 0.919444 0.0125 0.0208333
0 0.986719 0.676389 0.0125 0.0166667
1 0.779688 0.921528 0.015625 0.025
1 0.212109 0.218403 0.0148437 0.0284722
0 0.749219 0.408681 0.00859375 0.0125
1 0.528125 0.840972 0.00625 0.0111111
1 0.994531 0.376736 0.009375 0.0152778
1 0.392969 0.517361 0.0046875 0.0125
0 0.748438 0.407292 0.009375 0.0131944
0 0.835938 0.056033 0.01875 0.0275174
1 0.948438 0.595139 0.025 0.0375
0 0.492188 0.756944 0.126563 0.486111
3 0.0260742 0.285764 0.0521484 0.0868056
1 0.208984 0.217882 0.0117188 0.0277778
1 0.206641 0.231771 0.0160156 0.0350694
1 0.985937 0.676736 0.0125 0.0166667
0 0.206445 0.232292 0.0160156 0.0340278
0 0.209375 0.217708 0.0109375 0.0270833
1 0.776172 0.927083 0.0078125 0.0125
1 0.785156 0.913889 0.0046875 0.00833333
1 0.789062 0.676042 0.009375 0.0138889
0 0.789062 0.676042 0.009375 0.0138889
1 0.9875 0.675347 0.015625 0.0208333
0 0.986719 0.676389 0.0125 0.0166667
1 0.780859 0.919444 0.0125 0.0222222
0 0.749219 0.409028 0.00859375 0.0125
1 0.212109 0.218403 0.0152344 0.028125
0 0.748438 0.407292 0.009375 0.0131944
1 0.779688 0.921528 0.015625 0.025
1 0.528125 0.840278 0.00625 0.0111111
1 0.392969 0.517361 0.0046875 0.0125
0 0.492188 0.75625 0.126563 0.4875
1 0.994531 0.376736 0.009375 0.0152778
1 0.203516 0.230035 0.0164062 0.0368056
3 0.0260742 0.285764 0.0521484 0.0868056
1 0.208984 0.218056 0.0117188 0.0277778
1 0.206641 0.231597 0.0160156 0.0347222
1 0.985937 0.676736 0.0125 0.0166667
0 0.206445 0.232292 0.0160156 0.0340278
0 0.209375 0.217708 0.0109375 0.0270833
1 0.776172 0.927083 0.0078125 0.0125
1 0.785156 0.913889 0.0046875 0.00833333
1 0.789062 0.676042 0.009375 0.0138889
0 0.789062 0.676042 0.009375 0.0138889
0 0.986719 0.676389 0.0125 0.0166667
1 0.9875 0.675694 0.015625 0.0208333
0 0.748438 0.407639 0.009375 0.0138889
1 0.212109 0.218403 0.0152344 0.0277778
0 0.491797 0.755208 0.127344 0.489583
1 0.780469 0.920139 0.0125 0.0222222
1 0.392969 0.517361 0.0046875 0.0118056
0 0.792383 0.675 0.0152344 0.0166667
1 0.203711 0.230035 0.0164062 0.0368056
3 0.0260498 0.285764 0.0520996 0.0868056
1 0.208984 0.218056 0.0117188 0.0277778
1 0.206641 0.231944 0.0164062 0.0347222
1 0.985937 0.676736 0.0125 0.0166667
0 0.20625 0.232292 0.0164062 0.0340278
0 0.209375 0.217882 0.0109375 0.0270833
1 0.776172 0.927083 0.0078125 0.0125
0 0.789062 0.676042 0.009375 0.0138889
1 0.785156 0.913889 0.0046875 0.00833333
1 0.789062 0.676042 0.009375 0.0138889
0 0.986719 0.676389 0.0125 0.0166667
0 0.748438 0.407639 0.009375 0.0138889
1 0.9875 0.675694 0.015625 0.0208333
1 0.212109 0.218576 0.0152344 0.028125
0 0.792383 0.675 0.0152344 0.0166667
0 0.492188 0.755729 0.126563 0.488542
1 0.203906 0.230035 0.0164062 0.0368056
1 0.780469 0.920833 0.0132813 0.0222222
3 0.0260498 0.285764 0.0520996 0.0868056
1 0.208984 0.218056 0.0117188 0.0277778
1 0.206641 0.231944 0.0164062 0.0347222
1 0.985937 0.676736 0.0125 0.0166667
0 0.20625 0.232292 0.0164062 0.0340278
0 0.209375 0.217882 0.0109375 0.0270833
0 0.789062 0.676042 0.009375 0.0138889
1 0.776172 0.926389 0.0078125 0.0138889
1 0.785156 0.913889 0.0046875 0.00833333
1 0.789062 0.676042 0.009375 0.0138889
0 0.986719 0.676389 0.0125 0.0166667
0 0.748438 0.407639 0.009375 0.0125
0 0.749219 0.409028 0.00859375 0.0125
0 0.792383 0.675347 0.0152344 0.0159722
1 0.9875 0.675694 0.015625 0.0208333
1 0.212109 0.218403 0.0152344 0.0284722
1 0.203711 0.230035 0.0164062 0.0368056
1 0.779688 0.921528 0.015625 0.025
0 0.492188 0.754167 0.127344 0.491667
3 0.0260742 0.285764 0.0521484 0.0868056
1 0.208984 0.218056 0.0117188 0.0277778
1 0.206641 0.231944 0.0164062 0.0347222
1 0.985937 0.676736 0.0125 0.0166667
0 0.20625 0.232292 0.0164062 0.0340278
0 0.789062 0.676042 0.009375 0.0138889
0 0.209375 0.217882 0.0109375 0.0270833
0 0.748438 0.407639 0.009375 0.0125
1 0.789062 0.676042 0.009375 0.0138889
1 0.776172 0.926389 0.0078125 0.0138889
0 0.986719 0.676389 0.0125 0.0166667
1 0.785156 0.913889 0.0046875 0.00833333
0 0.749219 0.409028 0.00859375 0.0111111
0 0.792383 0.675347 0.0152344 0.0159722
1 0.9875 0.675694 0.015625 0.0208333
1 0.212109 0.218576 0.0152344 0.028125
1 0.203711 0.229861 0.0164062 0.0368056
1 0.779688 0.922222 0.015625 0.025
3 0.0260742 0.285764 0.0521484 0.0868056
1 0.208984 0.218056 0.0117188 0.0277778
1 0.206641 0.231944 0.0164062 0.0347222
1 0.985937 0.676736 0.0125 0.0166667
0 0.20625 0.232292 0.0164062 0.0340278
0 0.748828 0.407639 0.0101562 0.0125
0 0.789062 0.676389 0.009375 0.0138889
0 0.986719 0.676389 0.0125 0.0166667
1 0.789062 0.676389 0.009375 0.0138889
0 0.20918 0.217882 0.0113281 0.0270833
1 0.776172 0.926389 0.0078125 0.0138889
1 0.785156 0.913889 0.0046875 0.00833333
0 0.792383 0.675347 0.0152344 0.0159722
1 0.203711 0.230208 0.0164062 0.0368056
1 0.212109 0.218576 0.0152344 0.028125
1 0.9875 0.675694 0.015625 0.0208333
1 0.779688 0.922222 0.015625 0.025
3 0.0260742 0.285764 0.0521484 0.0868056
1 0.208984 0.218056 0.0117188 0.0277778
1 0.206641 0.232118 0.0164062 0.0347222
1 0.985937 0.676736 0.0125 0.0166667
0 0.20625 0.232292 0.0164062 0.0340278
0 0.748828 0.407639 0.0101562 0.0125
0 0.986719 0.676389 0.0125 0.0166667
1 0.789062 0.676389 0.009375 0.0138889
0 0.749219 0.409028 0.00859375 0.0111111
1 0.776172 0.926389 0.0078125 0.0138889
0 0.789062 0.676389 0.009375 0.0138889
0 0.20918 0.217882 0.0113281 0.0270833
1 0.785156 0.913889 0.0046875 0.00833333
1 0.203906 0.230208 0.0164062 0.0368056
1 0.212109 0.218576 0.0152344 0.028125
1 0.9875 0.675347 0.015625 0.0208333
0 0.746094 0.407639 0.0148437 0.0138889
1 0.779688 0.922222 0.015625 0.025
0 0.747656 0.402778 0.0125 0.0152778
3 0.0260742 0.285764 0.0521484 0.0868056
1 0.208984 0.218056 0.0117188 0.0277778
1 0.206641 0.232118 0.0164062 0.0347222
1 0.985937 0.676736 0.0125 0.0166667
0 0.20625 0.232639 0.0160156 0.0340278
0 0.986719 0.676389 0.0125 0.0166667
0 0.748828 0.407639 0.0101562 0.0125
1 0.789062 0.676389 0.009375 0.0138889
0 0.749219 0.409375 0.00859375 0.0111111
1 0.776563 0.926389 0.0078125 0.0138889
0 0.20918 0.218056 0.0113281 0.0270833
0 0.789062 0.676389 0.009375 0.0138889
1 0.785156 0.913889 0.0046875 0.00833333
1 0.212109 0.21875 0.0152344 0.0284722
1 0.203906 0.230208 0.0164062 0.0368056
3 0.0260742 0.285764 0.0521484 0.0868056
1 0.208984 0.218229 0.0117188 0.028125
1 0.206641 0.232292 0.0164062 0.0347222
1 0.985937 0.676736 0.0125 0.0166667
0 0.20625 0.232639 0.0160156 0.0340278
0 0.986719 0.676389 0.0125 0.0166667
0 0.748828 0.407639 0.0101562 0.0125
1 0.789062 0.676389 0.009375 0.0138889
0 0.749219 0.409375 0.00859375 0.0111111
1 0.776563 0.926389 0.0078125 0.0138889
0 0.20918 0.218056 0.0113281 0.0270833
1 0.785156 0.913889 0.0046875 0.00833333
0 0.789062 0.676389 0.009375 0.0138889
1 0.212109 0.21875 0.0148437 0.0284722
1 0.203906 0.230208 0.0164062 0.0368056
3 0.0260742 0.285764 0.0521484 0.0868056
1 0.208984 0.218229 0.0117188 0.028125
1 0.206641 0.232292 0.0164062 0.0347222
1 0.985937 0.676736 0.0125 0.0166667
0 0.20625 0.232639 0.0160156 0.0340278
0 0.986719 0.676389 0.0125 0.0166667
0 0.748828 0.407639 0.0101562 0.0125
1 0.789062 0.676389 0.009375 0.0138889
0 0.749219 0.409375 0.00859375 0.0111111
1 0.776563 0.926389 0.0078125 0.0138889
0 0.20918 0.218056 0.0113281 0.0270833
1 0.785156 0.913889 0.0046875 0.00833333
1 0.212109 0.21875 0.0148437 0.0284722
0 0.789062 0.676389 0.009375 0.0138889
1 0.203906 0.230208 0.0164062 0.0368056
3 0.0260742 0.285764 0.0521484 0.0871528
1 0.206641 0.232292 0.0164062 0.0347222
1 0.208984 0.218229 0.0117188 0.028125
1 0.985937 0.676736 0.0125 0.0166667
0 0.20625 0.232639 0.0160156 0.0340278
0 0.986719 0.676389 0.0125 0.0166667
0 0.748828 0.407639 0.0101562 0.0125
1 0.789062 0.676389 0.009375 0.0138889
1 0.776563 0.926389 0.0078125 0.0138889
0 0.749219 0.409375 0.009375 0.0111111
1 0.785156 0.913889 0.0046875 0.00833333
0 0.208984 0.218403 0.0117188 0.0270833
1 0.212109 0.21875 0.0148437 0.0284722
1 0.203906 0.230382 0.0164062 0.0364583
0 0.789062 0.676389 0.009375 0.0138889
3 0.0260742 0.285764 0.0521484 0.0871528
1 0.206641 0.232292 0.0164062 0.0347222
1 0.208984 0.218229 0.0117188 0.028125
1 0.985937 0.676736 0.0125 0.0166667
0 0.20625 0.232639 0.0160156 0.0340278
0 0.986719 0.676389 0.0125 0.0166667
0 0.748828 0.407639 0.0101562 0.0125
1 0.789062 0.676389 0.009375 0.0138889
1 0.776563 0.926389 0.0078125 0.0138889
0 0.749219 0.409375 0.009375 0.0111111
1 0.785156 0.913889 0.0046875 0.00833333
0 0.208984 0.218403 0.0117188 0.0270833
1 0.212109 0.21875 0.0148437 0.0284722
1 0.203906 0.230382 0.0164062 0.0364583
0 0.789062 0.676389 0.009375 0.0138889
