1 0.328516 0.754861 0.0128906 0.0305556
1 0.328906 0.761111 0.0109375 0.0194444
1 0.326562 0.752778 0.0175781 0.0333333
1 0.330469 0.7625 0.0101562 0.0166667
1 0.323047 0.752778 0.025 0.0347222
2 0.780078 0.33941 0.436719 0.678819
3 0.910156 0.331944 0.179688 0.663194
2 0.849805 0.338889 0.294141 0.677778
1 0.329688 0.763889 0.0109375 0.0222222
1 0.327344 0.747222 0.0179687 0.0472222
1 0.325781 0.757639 0.0195312 0.0402778
3 0.8625 0.337847 0.275 0.675694
2 0.910156 0.331944 0.179688 0.663194
3 0.929688 0.293403 0.140625 0.586806
1 0.849805 0.338889 0.294141 0.677778
1 0.780078 0.33941 0.436719 0.678819
1 0.641406 0.930556 0.015625 0.0513889
1 0.414062 0.740278 0.0109375 0.0388889
0 0.327734 0.752778 0.0140625 0.0333333
1 0.329102 0.759722 0.0113281 0.0208333
1 0.325 0.754167 0.0207031 0.0333333
1 0.329688 0.7625 0.009375 0.0138889
1 0.32832 0.756944 0.0128906 0.0277778
1 0.329492 0.763889 0.0109375 0.0222222
1 0.326367 0.738889 0.025 0.0694444
1 0.327344 0.745139 0.0210938 0.0555556
1 0.328906 0.765278 0.0117188 0.0305556
1 0.329688 0.7625 0.009375 0.0166667
1 0.329492 0.759722 0.0105469 0.0194444
1 0.327344 0.754167 0.0148437 0.0333333
1 0.329492 0.763889 0.0109375 0.0222222
1 0.323438 0.752778 0.0234375 0.0361111
1 0.326562 0.758333 0.0179687 0.0361111
0 0.327344 0.754167 0.0148437 0.0333333
0 0.329492 0.759722 0.0105469 0.0194444
1 0.329883 0.7625 0.009375 0.0152778
1 0.325 0.754167 0.0210938 0.0361111
1 0.328516 0.759722 0.0132813 0.025
1 0.329883 0.763889 0.0105469 0.0222222
1 0.328125 0.754167 0.0164062 0.0333333
1 0.328516 0.736806 0.0242187 0.0708333
1 0.329297 0.766667 0.0117188 0.0305556
1 0.330078 0.7625 0.00898437 0.0152778
1 0.329688 0.759722 0.0101562 0.0222222
1 0.328125 0.754167 0.0148437 0.0333333
1 0.325 0.753472 0.0203125 0.0347222
1 0.330078 0.763889 0.0101562 0.0208333
1 0.330078 0.7625 0.009375 0.0152778
1 0.329297 0.758333 0.0109375 0.0222222
1 0.327734 0.754167 0.0152344 0.0333333
1 0.325 0.752778 0.0210938 0.0361111
1 0.329688 0.763194 0.0109375 0.0222222
1 0.329688 0.7625 0.009375 0.0138889
1 0.329297 0.758333 0.0109375 0.0222222
1 0.32793 0.754167 0.0144531 0.0333333
1 0.325391 0.752778 0.0203125 0.0361111
1 0.329688 0.763194 0.0113281 0.0222222
1 0.329688 0.7625 0.009375 0.0138889
1 0.329492 0.759722 0.0105469 0.0222222
1 0.328125 0.754167 0.0140625 0.0305556
1 0.325781 0.752778 0.0195312 0.0361111
1 0.329688 0.763194 0.0113281 0.0222222
1 0.329688 0.760417 0.0101562 0.0194444
1 0.329688 0.7625 0.009375 0.0138889
1 0.328516 0.754167 0.0132813 0.0305556
1 0.326172 0.754167 0.0179687 0.0333333
1 0.329688 0.763889 0.0109375 0.0222222
1 0.329492 0.760417 0.0101562 0.0194444
1 0.329688 0.7625 0.009375 0.0138889
1 0.328516 0.754167 0.0132813 0.0305556
1 0.326172 0.754167 0.0183594 0.0333333
2 0.750781 0.415278 0.498437 0.830556
1 0.327148 0.756944 0.0152344 0.0263889
1 0.329688 0.761111 0.0101562 0.0194444
1 0.329688 0.7625 0.009375 0.0138889
1 0.328516 0.754167 0.0132813 0.0305556
2 0.750781 0.416667 0.498437 0.833333
1 0.329883 0.7625 0.00898437 0.0138889
1 0.329688 0.761111 0.00976562 0.0194444
1 0.328516 0.754167 0.0132813 0.0305556
2 0.751172 0.418056 0.497656 0.836111
1 0.329883 0.7625 0.00898437 0.0138889
1 0.329688 0.761111 0.00976562 0.0194444
1 0.328516 0.754167 0.0132813 0.0305556
2 0.748828 0.420833 0.502344 0.841667
1 0.325781 0.754167 0.01875 0.0333333
1 0.327148 0.756944 0.0152344 0.025
1 0.329883 0.7625 0.00898437 0.0138889
1 0.329688 0.761111 0.009375 0.0194444
1 0.32832 0.754167 0.0132813 0.0305556
1 0.325586 0.754167 0.0191406 0.0333333
1 0.326953 0.756944 0.015625 0.0263889
1 0.329688 0.763889 0.0105469 0.0208333
2 0.748828 0.422917 0.502344 0.845833
1 0.329883 0.7625 0.00898437 0.0138889
1 0.329688 0.761111 0.00976562 0.0194444
1 0.328906 0.7625 0.0125 0.0166667
1 0.328125 0.754167 0.0132813 0.0305556
1 0.325781 0.754167 0.01875 0.0333333
1 0.329688 0.7625 0.009375 0.0138889
1 0.328906 0.7625 0.0125 0.0166667
1 0.32832 0.754167 0.0132813 0.0305556
1 0.325781 0.754167 0.01875 0.0333333
1 0.326953 0.756944 0.015625 0.0277778
1 0.329688 0.763889 0.0105469 0.0222222
1 0.329883 0.7625 0.00898437 0.0138889
1 0.328906 0.7625 0.0121094 0.0166667
1 0.328516 0.754861 0.0125 0.0305556
1 0.325781 0.754167 0.01875 0.0333333
1 0.329883 0.7625 0.00898437 0.0138889
1 0.328906 0.7625 0.0125 0.0166667
1 0.32832 0.754861 0.0128906 0.0305556
1 0.329688 0.7625 0.00898437 0.0138889
1 0.328906 0.7625 0.0117188 0.0166667
1 0.328516 0.754861 0.0125 0.0305556
1 0.329688 0.7625 0.00898437 0.0138889
1 0.328906 0.7625 0.0117188 0.0166667
1 0.328516 0.754861 0.0125 0.0305556
1 0.329688 0.7625 0.00898437 0.0138889
1 0.328906 0.7625 0.0117188 0.0166667
1 0.328516 0.754861 0.0125 0.0305556
1 0.329688 0.7625 0.00898437 0.0138889
1 0.328906 0.7625 0.0117188 0.0166667
1 0.329688 0.7625 0.00898437 0.0138889
1 0.328906 0.7625 0.0117188 0.0166667
1 0.329688 0.7625 0.009375 0.0138889
1 0.328906 0.7625 0.0117188 0.0166667
1 0.329688 0.7625 0.009375 0.0138889
1 0.328906 0.7625 0.0117188 0.0166667
1 0.329688 0.7625 0.009375 0.0138889
1 0.328906 0.7625 0.0117188 0.0166667
