0 0.442187 0.276042 0.040625 0.0819444
0 0.48125 0.1375 0.0375 0.0791667
0 0.413672 0.191667 0.0359375 0.0673611
0 0.842969 0.0581706 0.0453125 0.0610894
0 0.515625 0.223264 0.0421875 0.0791667
0 0.738281 0.258507 0.046875 0.0694444
0 0.639063 0.268056 0.05 0.0743056
0 0.688281 0.259722 0.0453125 0.0618056
0 0.8375 0.129601 0.0375 0.0416667
1 0.355273 0.119792 0.00820312 0.0263889
1 0.360547 0.117535 0.00703125 0.0260417
1 0.777344 0.0124566 0.0109375 0.0149306
0 0.330859 0.0453233 0.0128906 0.0246311
1 0.634375 0.206944 0.0078125 0.0184028
1 0.362109 0.117708 0.00859375 0.0274306
0 0.32793 0.0460069 0.0191406 0.0265625
0 0.835938 0.13724 0.0375 0.0571181
0 0.271484 0.0565538 0.059375 0.0820312
1 0.636328 0.203472 0.0132813 0.0256944
1 0.331055 0.0452691 0.0125 0.0246528
0 0.31875 0.0466146 0.0375 0.0289931
0 0.264844 0.0953125 0.0132813 0.0152778
1 0.258203 0.0946181 0.00703125 0.0173611
0 0.28125 0.0515191 0.0273438 0.059809
0 0.626562 0.147917 0.015625 0.0423611
1 0.276172 0.00731337 0.00703125 0.0146267
1 0.760547 0.377083 0.0078125 0.0145833
0 0.323047 0.0492188 0.028125 0.0317708
0 0.291602 0.0593316 0.0964844 0.0806424
0 0.628125 0.142361 0.01875 0.0534722
0 0.777344 0.0123644 0.0109375 0.0154622
0 0.355469 0.119792 0.00859375 0.0263889
0 0.969531 0.166059 0.053125 0.0838542
1 0.160547 0.0374891 0.00566406 0.0144314
1 0.256641 0.0940972 0.00859375 0.0166667
0 0.288281 0.0500109 0.040625 0.0548394
0 0.257227 0.0946181 0.00820312 0.0159722
1 0.234375 0.546528 0.00625 0.01875
1 0.0212891 0.0283203 0.00415039 0.0152344
0 0.329688 0.0559896 0.0171875 0.0482639
0 0.730469 0.103212 0.04375 0.105382
0 0.291406 0.0427192 0.0367187 0.036263
1 0.632812 0.206424 0.0109375 0.0215278
0 0.737109 0.0810547 0.0273438 0.0601128
0 0.274609 0.0562392 0.0371094 0.0694661
0 0.63125 0.139931 0.025 0.0586806
0 0.345703 0.0616753 0.0105469 0.0217014
0 0.292383 0.056901 0.0402344 0.0405382
0 0.903125 0.281076 0.025 0.0378472
0 0.316797 0.0525174 0.040625 0.0375
1 0.345898 0.0618056 0.00976562 0.0211806
0 0.257031 0.0139377 0.0101562 0.0131836
0 0.635156 0.143837 0.0320312 0.0526042
1 0.276758 0.0104601 0.0078125 0.0197049
0 0.58125 0.439583 0.0328125 0.0305556
0 0.460938 0.65625 0.0554687 0.0847222
0 0.721875 0.132118 0.0273438 0.0475694
1 0.0460938 0.263368 0.00429688 0.0114583
0 0.633594 0.150521 0.0289063 0.0388889
0 0.2625 0.0944444 0.0195312 0.0177083
0 0.280469 0.0624023 0.0429688 0.0760634
1 0.0223145 0.018533 0.00488281 0.0145833
0 0.629687 0.153819 0.0203125 0.0329861
0 0.330664 0.0543403 0.0136719 0.0375
0 0.0813477 0.398611 0.01875 0.0305556
0 0.33125 0.0398872 0.0148437 0.0309896
1 0.257031 0.0139377 0.0101562 0.0131836
0 0.832031 0.151389 0.046875 0.0819444
1 0.836719 0.129167 0.0375 0.040625
3 0.460938 0.656944 0.0546875 0.0854167
1 0.815625 0.417361 0.009375 0.0180556
1 0.0570801 0.699826 0.0107422 0.0142361
1 0.0345215 0.675694 0.0148437 0.0194444
0 0.362109 0.117708 0.00859375 0.0274306
0 0.820312 0.145833 0.065625 0.0743056
0 0.360547 0.117535 0.00703125 0.0260417
1 0.264844 0.0953125 0.0132813 0.0152778
0 0.957812 0.187109 0.03125 0.0417535
1 0.910156 0.337847 0.0046875 0.00694444
0 0.258203 0.0888889 0.03125 0.0276042
0 0.276367 0.0077474 0.00703125 0.0151476
1 0.984375 0.181944 0.00625 0.00763889
1 0.761719 0.377778 0.009375 0.0159722
0 0.965625 0.181293 0.04375 0.0533854
0 0.841406 0.12309 0.0296875 0.0288194
0 0.640625 0.13941 0.04375 0.0621528
1 0.633594 0.202083 0.0140625 0.0298611
0 0.33457 0.0450629 0.0179687 0.026888
1 0.0161133 0.0269097 0.00419922 0.0173611
0 0.26875 0.0847222 0.0320312 0.0368056
0 0.442187 0.276042 0.040625 0.0819444
0 0.413281 0.19184 0.0359375 0.0673611
0 0.842969 0.0579861 0.0453125 0.0611111
0 0.515625 0.223264 0.0421875 0.0795139
0 0.48125 0.137153 0.0375 0.0791667
0 0.738281 0.258333 0.0460938 0.06875
0 0.638672 0.268229 0.0507812 0.0753472
0 0.687891 0.260069 0.0460938 0.0635417
0 0.836719 0.12934 0.0375 0.0409722
1 0.355469 0.119792 0.00859375 0.0265625
1 0.360938 0.118403 0.00703125 0.0267361
1 0.777344 0.0123644 0.0109375 0.0158963
1 0.357812 0.118576 0.00859375 0.0274306
0 0.33125 0.0446615 0.0125 0.0234375
0 0.26875 0.0540799 0.0539063 0.0848958
0 0.324219 0.0450521 0.0269531 0.0252604
1 0.633984 0.206424 0.00859375 0.0194444
0 0.31875 0.0452257 0.0375 0.0271701
1 0.362109 0.118056 0.00859375 0.0284722
1 0.276367 0.00827908 0.00703125 0.0154297
0 0.626953 0.148438 0.0171875 0.0420139
0 0.835938 0.135764 0.040625 0.0543403
0 0.970312 0.168576 0.053125 0.0795139
0 0.627344 0.153993 0.0171875 0.0302083
0 0.630469 0.151128 0.0234375 0.0387153
1 0.0460938 0.263715 0.00429688 0.0111111
0 0.279883 0.0523329 0.0320312 0.0616536
0 0.330078 0.048253 0.015625 0.0304036
1 0.276563 0.010536 0.0078125 0.01977
1 0.33125 0.0446615 0.0125 0.0234375
0 0.633594 0.154514 0.0296875 0.0322917
0 0.736719 0.0800347 0.0296875 0.0597222
0 0.263281 0.0954861 0.0171875 0.0159722
0 0.273438 0.053342 0.0476562 0.0643229
0 0.777344 0.0121311 0.0109375 0.0162326
1 0.257031 0.0137153 0.0101562 0.0144097
0 0.345703 0.0613281 0.0101562 0.0211806
0 0.320703 0.0495226 0.034375 0.0328993
1 0.635938 0.204167 0.0125 0.0243056
0 0.460938 0.65625 0.0546875 0.0847222
1 0.160547 0.0375868 0.00546875 0.0138021
0 0.721875 0.132292 0.0273438 0.0482639
0 0.629297 0.143403 0.021875 0.0513889
0 0.355469 0.119792 0.00859375 0.0267361
0 0.94375 0.603472 0.0140625 0.0180556
1 0.760547 0.377083 0.0078125 0.0152778
0 0.636719 0.144705 0.0359375 0.0515625
0 0.257031 0.0137153 0.0101562 0.0144097
1 0.0574219 0.699826 0.0109375 0.0142361
0 0.840625 0.123611 0.03125 0.0298611
0 0.317187 0.0521267 0.0421875 0.0389757
0 0.285156 0.0602865 0.0859375 0.0834201
0 0.730469 0.102951 0.04375 0.107813
0 0.928906 0.0437934 0.028125 0.0353299
1 0.258203 0.0949653 0.009375 0.0171875
1 0.355664 0.123958 0.00976562 0.034375
0 0.332422 0.0565972 0.0253906 0.0491319
0 0.0813965 0.399306 0.0186523 0.0319444
1 0.345703 0.0613281 0.0101562 0.0211806
0 0.928125 0.0497396 0.03125 0.0477431
0 0.276367 0.00827908 0.00703125 0.0154297
0 0.33457 0.0477865 0.0199219 0.0294271
0 0.360938 0.118403 0.00703125 0.0267361
1 0.263281 0.0954861 0.0171875 0.0159722
0 0.95625 0.187847 0.025 0.0402778
0 0.633203 0.139323 0.0296875 0.0592014
0 0.258008 0.0945313 0.0109375 0.0164931
0 0.285937 0.0507812 0.0390625 0.0571181
0 0.255078 0.0140842 0.0148437 0.0138889
0 0.275195 0.0631944 0.0605469 0.0795139
1 0.25625 0.0154134 0.0132813 0.0162218
1 0.632812 0.205903 0.0117188 0.0229167
0 0.925 0.0371094 0.021875 0.0223958
0 0.261328 0.0949653 0.0226563 0.0173611
0 0.357812 0.118576 0.00859375 0.0274306
0 0.644141 0.140017 0.0539063 0.0609375
0 0.960938 0.184028 0.034375 0.0479167
1 0.996875 0.0125434 0.00625 0.018967
0 0.267383 0.0709201 0.0492188 0.0623264
0 0.258984 0.0891493 0.0335938 0.0289931
1 0.364453 0.117969 0.0117188 0.0296875
0 0.282422 0.0439236 0.025 0.0447049
0 0.725 0.113021 0.0328125 0.0862847
0 0.299219 0.0426649 0.0429688 0.0333333
0 0.935938 0.203472 0.0125 0.01875
1 0.957812 0.7625 0.0078125 0.0111111
1 0.756641 0.0112033 0.009375 0.0166558
1 0.330469 0.0482639 0.0140625 0.0303819
0 0.0838867 0.397917 0.0142578 0.0284722
0 0.289453 0.044694 0.0375 0.0423828
0 0.442187 0.276042 0.040625 0.0819444
0 0.738281 0.258681 0.046875 0.06875
0 0.515625 0.223264 0.0421875 0.0791667
0 0.413672 0.191319 0.0359375 0.0680556
0 0.842969 0.0582899 0.0453125 0.0615451
0 0.48125 0.137326 0.0375 0.0795139
0 0.639063 0.268056 0.0515625 0.075
0 0.688281 0.259722 0.0453125 0.0625
0 0.836719 0.131858 0.0375 0.0460069
1 0.355469 0.119792 0.00898437 0.0267361
1 0.360742 0.117969 0.00742187 0.0270833
1 0.777344 0.0117188 0.0109375 0.016276
0 0.331641 0.0444444 0.0121094 0.0223958
0 0.970312 0.167014 0.053125 0.0826389
1 0.362109 0.117708 0.00898437 0.028125
1 0.633984 0.205729 0.00859375 0.0204861
0 0.460938 0.655903 0.0546875 0.0840278
0 0.330469 0.0455295 0.015625 0.0253472
1 0.331445 0.0445204 0.0121094 0.0232856
0 0.834375 0.141059 0.040625 0.0644097
0 0.327344 0.0451823 0.0210938 0.0252604
0 0.632031 0.15 0.0265625 0.0416667
0 0.736719 0.080816 0.0289063 0.0614583
0 0.267578 0.0592448 0.0523437 0.0802951
0 0.628906 0.151389 0.0203125 0.0378472
1 0.635156 0.202778 0.0109375 0.0270833
1 0.276367 0.00837674 0.00664063 0.0146701
0 0.264453 0.0954861 0.015625 0.0149306
0 0.0825195 0.397917 0.0166016 0.0291667
0 0.318359 0.0460069 0.0390625 0.0287326
0 0.636328 0.142882 0.0351562 0.0565972
0 0.275781 0.0567274 0.06875 0.0886285
0 0.280664 0.0534288 0.0253906 0.062934
1 0.160645 0.0374566 0.00566406 0.0134549
0 0.777344 0.0117188 0.0109375 0.016276
1 0.257031 0.013623 0.00976562 0.0140734
0 0.345703 0.0614583 0.0109375 0.021875
1 0.258203 0.0947917 0.00859375 0.0173611
1 0.760547 0.377083 0.0078125 0.0159722
0 0.636719 0.151736 0.034375 0.0416667
1 0.345898 0.0617188 0.0101562 0.0213542
1 0.6375 0.202951 0.015625 0.0277778
1 0.276563 0.0105686 0.00742187 0.0189236
1 0.264453 0.0954861 0.015625 0.0149306
0 0.355469 0.119792 0.00898437 0.0267361
0 0.271875 0.0543511 0.0433594 0.066645
0 0.629297 0.144705 0.0226563 0.0480903
1 0.00814209 0.648611 0.0135498 0.0166667
1 0.0571289 0.700694 0.0111328 0.0138889
0 0.721875 0.132726 0.028125 0.0475694
1 0.0875977 0.399653 0.00742187 0.0194444
1 0.330859 0.0480903 0.0136719 0.0309896
1 0.0464844 0.263715 0.00478516 0.0111111
0 0.291016 0.0577691 0.0984375 0.0811632
1 0.632812 0.204514 0.0117188 0.0243056
0 0.0855957 0.396528 0.0114258 0.0256944
0 0.94375 0.603472 0.015625 0.0194444
0 0.730469 0.10293 0.04375 0.106641
0 0.317578 0.0526042 0.0421875 0.040191
0 0.257422 0.0944444 0.0101562 0.0166667
1 0.364453 0.117535 0.0109375 0.0291667
1 0.957812 0.763194 0.009375 0.0111111
0 0.288867 0.05 0.0394531 0.0522569
0 0.285156 0.0550239 0.0386719 0.0661675
0 0.331641 0.0559462 0.01875 0.0462674
0 0.0875977 0.399653 0.00742187 0.0194444
0 0.333984 0.0455295 0.0171875 0.0263021
0 0.935938 0.203472 0.0125 0.0201389
0 0.360742 0.117969 0.00742187 0.0270833
0 0.257031 0.013623 0.00976562 0.0140734
1 0.996875 0.732639 0.0046875 0.0125
0 0.00814209 0.648611 0.0135498 0.0166667
1 0.03479 0.675 0.0140137 0.0180556
0 0.296484 0.044694 0.0453125 0.0383898
1 0.997656 0.734028 0.0046875 0.0125
1 0.633594 0.201736 0.0140625 0.0302083
0 0.268359 0.0841146 0.0351562 0.0378472
0 0.259375 0.0899306 0.0320312 0.0263889
0 0.64375 0.139149 0.0507812 0.0654514
1 0.0103027 0.648264 0.0169434 0.0180556
0 0.629687 0.159462 0.0210938 0.0421875
0 0.267188 0.075 0.0484375 0.0552083
1 0.967188 0.754167 0.009375 0.0111111
1 0.726172 0.105556 0.00859375 0.0166667
1 0.836719 0.13151 0.0375 0.0453125
0 0.283203 0.06199 0.046875 0.0767144
0 0.362109 0.117708 0.00898437 0.028125
0 0.942969 0.0461806 0.0578125 0.0920139
0 0.94375 0.606944 0.0171875 0.0277778
0 0.890625 0.564583 0.046875 0.09375
0 0.274414 0.0730035 0.0445312 0.0595486
1 0.38125 0.109028 0.00703125 0.0142361
1 0.255469 0.0158203 0.0140625 0.0161024
1 0.688672 0.259028 0.0445312 0.0604167
1 0.757031 0.0116753 0.00859375 0.015408
0 0.928125 0.0458225 0.028125 0.0389106
0 0.903125 0.281771 0.025 0.0392361
0 0.332031 0.0538194 0.0136719 0.0373264
1 0.356055 0.125174 0.0105469 0.0347222
0 0.442187 0.276042 0.040625 0.0819444
0 0.842969 0.0581597 0.0453125 0.0611111
0 0.515625 0.22309 0.0414063 0.0795139
0 0.738281 0.258333 0.0460938 0.06875
0 0.413281 0.191016 0.0359375 0.0672743
0 0.48125 0.13724 0.0375 0.0793403
0 0.638281 0.268229 0.0515625 0.0746528
0 0.688281 0.259028 0.0453125 0.0611111
0 0.836719 0.129861 0.0359375 0.0423611
1 0.355469 0.119878 0.00859375 0.0265625
1 0.360742 0.117882 0.0078125 0.0270833
1 0.777344 0.0121311 0.0109375 0.0157118
0 0.970312 0.167318 0.053125 0.0820312
0 0.736719 0.0814453 0.028125 0.0621094
0 0.33125 0.0450629 0.0125 0.0242839
1 0.633594 0.20625 0.0078125 0.01875
0 0.325 0.0462565 0.0257812 0.0272786
0 0.267578 0.0583442 0.0519531 0.0798394
1 0.276172 0.00831163 0.00625 0.0155816
0 0.628516 0.148611 0.0203125 0.04375
0 0.330469 0.0487847 0.0140625 0.0320312
0 0.317969 0.0467448 0.0390625 0.0298611
0 0.721875 0.132465 0.028125 0.0475694
0 0.63125 0.146007 0.025 0.0496528
1 0.33125 0.0450629 0.0125 0.0242839
0 0.280664 0.0499566 0.0246094 0.0556424
0 0.460938 0.656944 0.0546875 0.0833333
0 0.728906 0.103646 0.0453125 0.106597
0 0.835938 0.140365 0.040625 0.0623264
0 0.277539 0.0589518 0.071875 0.086263
1 0.276563 0.0103407 0.00742187 0.0199002
0 0.289453 0.046224 0.0390625 0.0440104
0 0.274805 0.0511393 0.0367187 0.0591797
1 0.634375 0.203125 0.0109375 0.0256944
0 0.633594 0.150868 0.0296875 0.0395833
0 0.777344 0.012066 0.0109375 0.015191
0 0.636328 0.142101 0.0359375 0.0592014
0 0.293945 0.0426107 0.0382813 0.0335286
1 0.636328 0.203472 0.0125 0.025
0 0.264453 0.0958333 0.015625 0.0145833
0 0.329297 0.0558594 0.0179687 0.0476562
0 0.94375 0.603472 0.015625 0.0194444
1 0.259766 0.0953125 0.00703125 0.0159722
1 0.257031 0.0135851 0.00976562 0.0141493
1 0.264453 0.0958333 0.015625 0.0145833
1 0.345703 0.0615885 0.0101562 0.0217882
0 0.285742 0.0515191 0.0386719 0.0573785
1 0.330469 0.0487847 0.0140625 0.0320312
0 0.345703 0.0615885 0.0101562 0.0217882
0 0.360742 0.117882 0.0078125 0.0270833
1 0.0461426 0.263889 0.00449219 0.0111111
0 0.935938 0.203472 0.0125 0.0194444
1 0.257031 0.0939236 0.0101562 0.015625
1 0.160645 0.0371962 0.00546875 0.0122396
0 0.274609 0.0632378 0.0539063 0.0787326
1 0.632812 0.205556 0.0109375 0.0222222
1 0.760547 0.377431 0.0078125 0.0159722
0 0.355469 0.119965 0.00859375 0.0263889
1 0.576563 0.272917 0.0101562 0.0284722
0 0.257031 0.0135851 0.00976562 0.0141493
1 0.00853272 0.648611 0.0143311 0.0166667
1 0.364258 0.117535 0.0113281 0.0288194
0 0.276172 0.00831163 0.00625 0.0155816
0 0.303125 0.0485243 0.0136719 0.0192708
0 0.321094 0.0578125 0.034375 0.0524306
1 0.0570313 0.700694 0.0111328 0.0138889
1 0.355469 0.123958 0.009375 0.0340278
0 0.315234 0.0521701 0.0421875 0.0369792
0 0.944531 0.184201 0.0296875 0.05625
0 0.903125 0.281424 0.025 0.040625
1 0.957812 0.763194 0.009375 0.0111111
0 0.283789 0.0607205 0.0414063 0.0709201
0 0.0814453 0.399306 0.0189453 0.0319444
1 0.479297 0.750694 0.009375 0.0111111
0 0.307813 0.0616211 0.0605469 0.0600911
1 0.757031 0.0119792 0.0078125 0.015191
0 0.94375 0.606944 0.01875 0.0263889
1 0.836719 0.129774 0.0359375 0.0418403
0 0.542969 0.277778 0.0109375 0.0194444
0 0.942187 0.0447483 0.0578125 0.0881076
1 0.759766 0.378819 0.009375 0.0194444
1 0.633984 0.212153 0.0101562 0.0277778
0 0.634375 0.128646 0.0359375 0.0829861
0 0.335156 0.0501736 0.0195312 0.0335069
0 0.442187 0.276042 0.040625 0.0819444
0 0.515625 0.222917 0.0421875 0.0791667
0 0.413281 0.191276 0.0359375 0.0674479
0 0.738281 0.258333 0.046875 0.0684028
0 0.842969 0.0581489 0.0453125 0.0613064
0 0.48125 0.137153 0.0375 0.0798611
0 0.638672 0.268056 0.0507812 0.0743056
0 0.688281 0.259028 0.0453125 0.0618056
0 0.835938 0.130469 0.0375 0.0435764
1 0.355469 0.119965 0.00859375 0.0263889
1 0.360742 0.118056 0.0078125 0.0270833
1 0.777344 0.0121908 0.0109375 0.0156358
0 0.970312 0.16684 0.053125 0.0829861
0 0.33125 0.0440972 0.0125 0.0220486
0 0.736719 0.0821398 0.0296875 0.063151
1 0.633594 0.206597 0.0078125 0.01875
0 0.326172 0.0452691 0.0234375 0.0252604
0 0.835156 0.140191 0.040625 0.0619792
0 0.721875 0.131944 0.028125 0.0482639
0 0.317969 0.0462565 0.0398437 0.0291884
1 0.276367 0.00857205 0.00664063 0.0160156
0 0.329688 0.0458767 0.0164062 0.0257812
0 0.460938 0.65625 0.0546875 0.0833333
0 0.729688 0.103125 0.0453125 0.105208
0 0.267383 0.0582465 0.0519531 0.0762153
0 0.628125 0.148351 0.0195312 0.0439236
1 0.33125 0.0444336 0.0125 0.0225911
0 0.263281 0.0954861 0.0171875 0.0159722
0 0.276758 0.0591146 0.0707031 0.0866319
1 0.276563 0.0104384 0.0078125 0.0199653
0 0.630469 0.145313 0.025 0.0503472
1 0.25918 0.0951389 0.00742187 0.0166667
0 0.317187 0.0513455 0.0421875 0.0376736
0 0.280664 0.0513997 0.0253906 0.0593533
1 0.634375 0.203472 0.0101562 0.0256944
1 0.263281 0.0954861 0.0171875 0.0159722
1 0.0460449 0.263889 0.00439453 0.0111111
0 0.94375 0.603472 0.015625 0.0194444
0 0.291016 0.0595378 0.0984375 0.082487
0 0.289453 0.0465169 0.0390625 0.0441189
0 0.633203 0.150868 0.028125 0.0388889
1 0.160547 0.0374132 0.00546875 0.0131076
0 0.777344 0.012283 0.0109375 0.0154514
1 0.257031 0.0942708 0.0101562 0.0163194
0 0.635938 0.140365 0.0351562 0.0612847
1 0.00831299 0.648611 0.0130127 0.0166667
0 0.328906 0.0560872 0.021875 0.0480686
1 0.257031 0.0135471 0.009375 0.0139648
0 0.294531 0.0425347 0.0390625 0.0328993
1 0.346094 0.0615451 0.0101562 0.0210069
0 0.360742 0.118056 0.0078125 0.0270833
1 0.0103394 0.648264 0.0172119 0.0180556
0 0.287109 0.0525174 0.0421875 0.0595486
0 0.355469 0.120052 0.00859375 0.0263889
0 0.346094 0.0615451 0.0101562 0.0210069
1 0.330469 0.0486003 0.0140625 0.0310981
1 0.576563 0.271354 0.009375 0.0267361
1 0.632812 0.205556 0.0109375 0.0222222
0 0.638672 0.133681 0.0414063 0.0729167
0 0.935938 0.203993 0.0125 0.0190972
1 0.478906 0.75 0.009375 0.0111111
1 0.760547 0.377083 0.0078125 0.0152778
0 0.257031 0.0135471 0.009375 0.0139648
1 0.757031 0.0116102 0.0078125 0.015625
1 0.636328 0.202083 0.0132813 0.0270833
1 0.9625 0.120139 0.00625 0.0126736
1 0.957812 0.763889 0.009375 0.0111111
1 0.0570313 0.700694 0.0109375 0.0138889
0 0.274609 0.0635851 0.053125 0.0780382
0 0.301953 0.0476997 0.015625 0.0210938
0 0.276367 0.00857205 0.00664063 0.0160156
0 0.319141 0.0582899 0.0398437 0.053559
0 0.903125 0.281597 0.025 0.0402778
1 0.835938 0.130122 0.0375 0.0425347
0 0.543359 0.277778 0.0109375 0.0194444
0 0.825 0.151389 0.0625 0.0836806
0 0.959375 0.167405 0.078125 0.0888021
1 0.0882813 0.404167 0.00585938 0.0111111
1 0.961719 0.12066 0.0078125 0.0163194
1 0.909375 0.337847 0.00625 0.00763889
1 0.364258 0.117535 0.0117188 0.0293403
1 0.355469 0.124219 0.009375 0.0335069
1 0.9625 0.123351 0.0078125 0.0192708
1 0.259375 0.0965278 0.00898437 0.0204861
0 0.298438 0.0617296 0.0835937 0.0664714
0 0.957812 0.107813 0.084375 0.207639
1 0.996875 0.734722 0.0046875 0.0111111
0 0.25918 0.0951389 0.00742187 0.0166667
1 0.996875 0.732639 0.0046875 0.0125
0 0.00845947 0.648264 0.0139893 0.0173611
1 0.930469 0.803472 0.021875 0.0291667
1 0.633984 0.211632 0.0101562 0.0288194
0 0.442187 0.276042 0.040625 0.0826389
0 0.515625 0.223264 0.0421875 0.0791667
0 0.413281 0.191493 0.0359375 0.0677083
0 0.738281 0.258333 0.046875 0.06875
0 0.842969 0.0579861 0.0453125 0.0612847
0 0.48125 0.1375 0.0375 0.0798611
0 0.638281 0.268403 0.0515625 0.0736111
0 0.688281 0.259201 0.0453125 0.0614583
0 0.835938 0.130208 0.0375 0.0430556
1 0.355469 0.119965 0.00859375 0.0262153
1 0.360547 0.117708 0.00742187 0.0263889
1 0.777344 0.0122179 0.0109375 0.0157118
0 0.33125 0.044184 0.0125 0.0217014
1 0.362109 0.117708 0.009375 0.0277778
0 0.971094 0.167057 0.053125 0.0825521
1 0.633984 0.206597 0.0078125 0.01875
0 0.460938 0.655903 0.0546875 0.0833333
0 0.326953 0.0453125 0.0210938 0.0248264
0 0.834375 0.141753 0.04375 0.0654514
0 0.330078 0.0459635 0.015625 0.0258681
1 0.276367 0.0085395 0.00664063 0.0162543
0 0.736719 0.0817708 0.0296875 0.0625
0 0.317969 0.0461806 0.0398437 0.0288194
1 0.33125 0.0445312 0.0125 0.0222222
0 0.729688 0.103385 0.0453125 0.105382
0 0.721875 0.132118 0.028125 0.0484375
0 0.264062 0.0956597 0.0160156 0.0154514
0 0.267188 0.0582357 0.0519531 0.0781467
1 0.276563 0.0102214 0.0078125 0.0197917
0 0.628125 0.148438 0.01875 0.04375
0 0.320703 0.0499566 0.034375 0.0335069
1 0.259375 0.0953125 0.00625 0.0161458
0 0.733984 0.0909505 0.0351562 0.0812934
0 0.27832 0.0590278 0.0742188 0.0871528
1 0.634375 0.203472 0.009375 0.025
0 0.630469 0.14592 0.0242187 0.0494792
1 0.345898 0.0614583 0.0101562 0.0204861
0 0.94375 0.603472 0.015625 0.0194444
1 0.257031 0.0133898 0.009375 0.0137587
0 0.316797 0.0514757 0.0433594 0.0381944
1 0.264062 0.0956597 0.0160156 0.0154514
1 0.160645 0.0374132 0.00566406 0.0134549
0 0.329688 0.0563368 0.0226563 0.0477431
0 0.310156 0.0508681 0.0570313 0.0419271
0 0.777344 0.0122179 0.0109375 0.0157118
1 0.257617 0.0949653 0.00898437 0.0157986
0 0.280664 0.0519531 0.0257812 0.0606771
0 0.345703 0.0610243 0.0109375 0.0217014
0 0.935938 0.203819 0.0125 0.01875
1 0.00834961 0.648611 0.0132324 0.0166667
1 0.330469 0.0485243 0.0140625 0.0306424
0 0.633203 0.151823 0.028125 0.0373264
1 0.632422 0.205903 0.0101562 0.0215278
0 0.635938 0.142101 0.0351562 0.0585069
1 0.0460449 0.263889 0.00449219 0.0111111
0 0.295703 0.0427517 0.0363281 0.0314236
0 0.289844 0.0455729 0.0375 0.0408854
0 0.355469 0.119965 0.00859375 0.0262153
0 0.54375 0.278125 0.0109375 0.01875
1 0.576172 0.271528 0.009375 0.0270833
1 0.0569824 0.701563 0.0103516 0.0135417
1 0.75625 0.01148 0.009375 0.015842
0 0.360547 0.117708 0.00742187 0.0263889
1 0.9625 0.119965 0.00625 0.0119792
0 0.903125 0.281944 0.025 0.0402778
0 0.29043 0.0520399 0.0441406 0.0532118
0 0.331055 0.0553819 0.0167969 0.04375
1 0.760547 0.377083 0.0078125 0.0152778
0 0.08125 0.399306 0.0185547 0.0319444
1 0.910156 0.337847 0.0046875 0.00729167
0 0.276367 0.0085395 0.00664063 0.0162543
0 0.319531 0.0588542 0.040625 0.0543403
0 0.257031 0.0133898 0.009375 0.0137587
1 0.957812 0.763194 0.009375 0.0111111
1 0.636328 0.202257 0.0132813 0.0270833
1 0.835938 0.129774 0.0375 0.0421875
0 0.302539 0.0481771 0.0128906 0.01875
0 0.333984 0.0451823 0.0175781 0.0246528
1 0.364453 0.117361 0.0117188 0.0284722
0 0.362109 0.117708 0.009375 0.0277778
0 0.825 0.153212 0.0609375 0.0869792
0 0.296875 0.0621962 0.0914062 0.0677951
1 0.259766 0.0967882 0.00859375 0.0199653
0 0.274609 0.0632378 0.0539063 0.0794271
1 0.355469 0.124045 0.009375 0.0336806
1 0.0104492 0.647917 0.018457 0.0208333
1 0.478906 0.75 0.009375 0.0111111
0 0.259375 0.0953125 0.00625 0.0161458
1 0.0578125 0.7 0.0121094 0.0152778
1 0.929688 0.804167 0.021875 0.0305556
0 0.442187 0.276042 0.040625 0.0819444
0 0.515625 0.223264 0.0421875 0.0791667
0 0.413281 0.191276 0.0359375 0.0674479
0 0.738281 0.258333 0.0460938 0.06875
0 0.842969 0.0579861 0.0453125 0.0612847
0 0.48125 0.1375 0.0375 0.0798611
0 0.638281 0.268056 0.0515625 0.0743056
0 0.688281 0.259375 0.0453125 0.0618056
0 0.836719 0.129514 0.0359375 0.0416667
1 0.355469 0.119965 0.00859375 0.0260417
1 0.360547 0.117708 0.00742187 0.0263889
1 0.777344 0.0122179 0.0109375 0.0157986
0 0.33125 0.0442274 0.0128906 0.0216146
1 0.362109 0.117708 0.009375 0.0276042
0 0.970312 0.167187 0.053125 0.0826389
1 0.633984 0.206597 0.0078125 0.0180556
0 0.460938 0.65625 0.0546875 0.0833333
1 0.276367 0.0086046 0.00664063 0.0165582
0 0.32793 0.0451389 0.0195312 0.0242187
0 0.330273 0.0487413 0.0152344 0.0309896
1 0.33125 0.0444878 0.0125 0.0219618
0 0.834375 0.141233 0.04375 0.0644097
0 0.267188 0.0585938 0.0515625 0.0789931
0 0.317969 0.0458767 0.0390625 0.0284722
0 0.735937 0.0817708 0.0296875 0.0625
0 0.264062 0.0957465 0.0160156 0.0154514
0 0.729688 0.103385 0.0453125 0.105382
1 0.345898 0.0613715 0.0101562 0.0206597
0 0.275977 0.059809 0.0695312 0.0855903
0 0.322266 0.0497504 0.03125 0.033138
0 0.721875 0.132292 0.028125 0.0482639
0 0.94375 0.603472 0.0140625 0.0180556
1 0.634375 0.203472 0.0101562 0.025
1 0.256836 0.013406 0.009375 0.0134657
1 0.260156 0.0954861 0.0078125 0.0159722
0 0.627344 0.148611 0.0179687 0.0434028
0 0.290625 0.0609375 0.0980469 0.0822917
0 0.329492 0.056326 0.0207031 0.0474175
0 0.280469 0.0516927 0.025 0.0601562
1 0.264062 0.0957465 0.0160156 0.0154514
1 0.160547 0.037424 0.00585938 0.01352
1 0.330469 0.0484809 0.0140625 0.0303819
0 0.316797 0.0510851 0.0429688 0.0381076
0 0.935938 0.203472 0.0109375 0.01875
0 0.777344 0.0123915 0.0109375 0.0157552
0 0.630469 0.14566 0.0234375 0.05
1 0.00854492 0.648958 0.013623 0.0173611
1 0.632812 0.205729 0.0109375 0.021875
1 0.257812 0.0951389 0.009375 0.0159722
0 0.733594 0.0901042 0.034375 0.0798611
0 0.54375 0.278125 0.0109375 0.01875
0 0.345703 0.0607639 0.0109375 0.021875
1 0.9625 0.119965 0.00625 0.0121528
0 0.289453 0.0452257 0.0367187 0.0397569
0 0.355469 0.119965 0.00859375 0.0260417
1 0.75625 0.0113715 0.009375 0.015842
0 0.287305 0.04949 0.0386719 0.0539714
0 0.632812 0.151215 0.028125 0.0388889
1 0.576172 0.271701 0.009375 0.0277778
0 0.636719 0.14158 0.0359375 0.0595486
1 0.0459961 0.263889 0.00439453 0.0111111
0 0.295117 0.0428819 0.0332031 0.0309028
1 0.636328 0.202257 0.0132813 0.0270833
0 0.0811523 0.399306 0.01875 0.0319444
0 0.903906 0.281944 0.025 0.0395833
0 0.256836 0.013406 0.009375 0.0134657
0 0.360547 0.117708 0.00742187 0.0263889
1 0.364453 0.117448 0.0117188 0.028125
1 0.760547 0.377083 0.0078125 0.0152778
0 0.33125 0.0552517 0.015625 0.0426215
1 0.957812 0.763194 0.009375 0.0111111
1 0.0568359 0.701563 0.0101562 0.0135417
1 0.910156 0.337674 0.0046875 0.00729167
0 0.260156 0.0954861 0.0078125 0.0159722
0 0.333984 0.0451823 0.0175781 0.0244792
0 0.276367 0.0086046 0.00664063 0.0165582
1 0.9625 0.12309 0.00625 0.0180556
0 0.825 0.151562 0.0609375 0.0829861
1 0.0095459 0.258333 0.00610352 0.0118056
1 0.996875 0.734028 0.0046875 0.0125
1 0.0106201 0.647917 0.0186523 0.0208333
1 0.635938 0.206597 0.0132813 0.0267361
0 0.633203 0.136111 0.0304688 0.0680556
0 0.320312 0.0582899 0.0390625 0.0530382
0 0.281641 0.0446615 0.0226563 0.0457465
0 0.755469 0.0111165 0.0117188 0.0167426
0 0.301562 0.0480903 0.0125 0.01875
0 0.274023 0.057628 0.0371094 0.0734592
0 0.289258 0.0578559 0.0449219 0.0587674
0 0.442187 0.275868 0.040625 0.0815972
0 0.515625 0.223264 0.0421875 0.0791667
0 0.413281 0.191276 0.0359375 0.0674479
0 0.738281 0.258333 0.0460938 0.06875
0 0.84375 0.0581163 0.04375 0.0613715
0 0.48125 0.137326 0.0375 0.0798611
0 0.638281 0.268229 0.0515625 0.0739583
0 0.688281 0.259549 0.0453125 0.0621528
0 0.836719 0.129514 0.0359375 0.0413194
1 0.355469 0.119965 0.00859375 0.0262153
1 0.360547 0.117708 0.00742187 0.0260417
1 0.777344 0.0121745 0.0109375 0.015842
0 0.33125 0.0442708 0.0128906 0.0215278
1 0.362109 0.117708 0.009375 0.0274306
1 0.633984 0.206597 0.0078125 0.0180556
0 0.970312 0.167057 0.053125 0.0832465
0 0.460938 0.65625 0.0546875 0.0833333
1 0.276367 0.00849609 0.00664063 0.0162977
0 0.32832 0.0451823 0.0191406 0.0242187
1 0.331055 0.044184 0.0128906 0.0211806
0 0.330469 0.0486979 0.0148437 0.0309028
0 0.834375 0.140885 0.04375 0.0630208
0 0.267383 0.059375 0.0519531 0.0810764
0 0.736328 0.0817925 0.0289063 0.0624566
0 0.318359 0.0458767 0.0390625 0.0283854
0 0.729688 0.103385 0.0453125 0.105382
0 0.94375 0.603472 0.0140625 0.0180556
0 0.264062 0.0958333 0.015625 0.0152778
0 0.277734 0.059375 0.0726563 0.0845486
0 0.721875 0.132292 0.028125 0.0479167
0 0.323242 0.0496962 0.0296875 0.0328993
1 0.256836 0.0133247 0.009375 0.0134983
1 0.634375 0.203472 0.009375 0.025
1 0.346094 0.0614149 0.0101562 0.0208333
1 0.259961 0.0955729 0.00703125 0.0159722
0 0.329883 0.05625 0.0199219 0.0470486
0 0.626953 0.148698 0.0171875 0.0435764
0 0.733984 0.0924479 0.034375 0.084375
0 0.280469 0.0522569 0.025 0.0614583
1 0.264062 0.0958333 0.015625 0.0152778
1 0.330469 0.0484809 0.0140625 0.0303819
0 0.935938 0.203472 0.0109375 0.01875
0 0.777344 0.0123318 0.0109375 0.0157878
1 0.257422 0.0953125 0.009375 0.0159722
1 0.00859375 0.648611 0.0137695 0.0173611
0 0.316797 0.0508681 0.0429688 0.0376736
0 0.543359 0.277951 0.0109375 0.0190972
1 0.9625 0.119965 0.00625 0.0121528
0 0.630469 0.145486 0.0234375 0.0506944
1 0.160645 0.0374132 0.00585938 0.0136285
1 0.632812 0.205556 0.0109375 0.0222222
1 0.576172 0.271875 0.009375 0.0277778
0 0.289453 0.0452365 0.0359375 0.0388672
0 0.287109 0.0493815 0.0382813 0.0534939
0 0.345703 0.0606771 0.0109375 0.0224826
1 0.0459961 0.264236 0.00449219 0.0111111
1 0.75625 0.0113227 0.009375 0.0158095
0 0.33125 0.0549479 0.0148437 0.0425347
0 0.730859 0.488194 0.0601562 0.0763889
0 0.256836 0.0133247 0.009375 0.0134983
0 0.295312 0.0429688 0.03125 0.0307292
1 0.760547 0.377083 0.0078125 0.0152778
1 0.636328 0.202257 0.0132813 0.0274306
1 0.910156 0.337847 0.0046875 0.00763889
0 0.6375 0.140625 0.0375 0.0618056
1 0.9625 0.12309 0.00625 0.0180556
0 0.355469 0.119965 0.00859375 0.0263889
1 0.957812 0.763194 0.009375 0.0111111
0 0.0811035 0.399653 0.0188477 0.0326389
0 0.633203 0.151042 0.028125 0.0395833
0 0.333984 0.0455621 0.0179687 0.0251953
1 0.364453 0.117448 0.0117188 0.0277778
0 0.903906 0.282118 0.025 0.0399306
1 0.00957031 0.258333 0.00620117 0.0118056
1 0.0568359 0.701563 0.0101562 0.0135417
1 0.542969 0.278125 0.0109375 0.0190972
0 0.276367 0.00849609 0.00664063 0.0162977
1 0.478906 0.75 0.009375 0.0111111
0 0.360547 0.117708 0.00742187 0.0260417
0 0.633594 0.135156 0.03125 0.0699653
0 0.825 0.149913 0.0609375 0.0789931
1 0.0107056 0.647917 0.0187256 0.0201389
0 0.755469 0.0107856 0.0109375 0.0164931
0 0.94375 0.60625 0.0171875 0.0263889
1 0.996875 0.734028 0.0046875 0.0125
0 0.301562 0.0481771 0.0125 0.0184028
0 0.942187 0.0389323 0.05625 0.0747396
0 0.442187 0.275868 0.040625 0.0815972
0 0.515625 0.223264 0.0421875 0.0791667
0 0.413281 0.191319 0.0359375 0.0677083
0 0.738281 0.258333 0.0460938 0.06875
0 0.84375 0.0581597 0.04375 0.0612847
0 0.48125 0.137326 0.0375 0.0795139
0 0.638281 0.268056 0.0515625 0.0743056
0 0.688281 0.259549 0.0453125 0.0621528
0 0.835938 0.12934 0.034375 0.0413194
1 0.355469 0.119965 0.00859375 0.0260417
1 0.360547 0.117708 0.00742187 0.0260417
1 0.777344 0.0121311 0.0109375 0.0158854
0 0.33125 0.0442708 0.0128906 0.0215278
1 0.362305 0.117708 0.00898437 0.0274306
0 0.970312 0.16684 0.053125 0.0836806
1 0.633984 0.206597 0.0078125 0.01875
1 0.276367 0.00835503 0.00664063 0.0160156
1 0.33125 0.0444444 0.0125 0.021875
0 0.32832 0.0452257 0.0191406 0.0243056
0 0.460938 0.65625 0.0546875 0.0833333
0 0.330469 0.0487413 0.0148437 0.0309896
0 0.834375 0.140625 0.040625 0.0625
0 0.267578 0.0589844 0.0523437 0.080816
0 0.736328 0.081684 0.0289063 0.0623264
1 0.276563 0.0100043 0.0078125 0.0195312
0 0.318359 0.0459201 0.0390625 0.0282986
0 0.94375 0.603472 0.0140625 0.0180556
0 0.721875 0.132292 0.028125 0.0482639
1 0.257031 0.0133735 0.009375 0.0135308
0 0.729688 0.103624 0.0453125 0.105252
1 0.634375 0.203472 0.0101562 0.0256944
0 0.278906 0.059375 0.075 0.084375
0 0.322852 0.0496962 0.0304688 0.0330729
0 0.264062 0.0960069 0.015625 0.0149306
1 0.259961 0.0956597 0.00664063 0.015625
1 0.346094 0.0614583 0.0101562 0.0208333
1 0.264062 0.0960069 0.015625 0.0149306
0 0.329883 0.0562934 0.0199219 0.0469618
0 0.626562 0.148785 0.0171875 0.04375
1 0.330469 0.0485135 0.0140625 0.0304036
0 0.280078 0.0528646 0.0265625 0.0628472
1 0.9625 0.119965 0.00625 0.0121528
1 0.257031 0.0953125 0.00859375 0.0159722
1 0.00863037 0.648611 0.0136475 0.0173611
0 0.316797 0.0507812 0.04375 0.0375868
0 0.54375 0.277778 0.0109375 0.0194444
0 0.777344 0.0122342 0.0109375 0.0158095
1 0.576172 0.272222 0.009375 0.0277778
1 0.160547 0.037424 0.00585938 0.0136936
0 0.935938 0.203472 0.0109375 0.01875
0 0.630469 0.145486 0.0234375 0.0510417
1 0.632812 0.205382 0.0109375 0.0225694
0 0.830469 0.147222 0.0484375 0.0729167
0 0.730469 0.488194 0.0609375 0.0763889
1 0.0459961 0.264236 0.00449219 0.0111111
1 0.75625 0.0112847 0.009375 0.0157986
1 0.9625 0.122917 0.00625 0.0177083
1 0.636328 0.202083 0.0132813 0.0277778
0 0.289648 0.0453559 0.0359375 0.0381944
0 0.257031 0.0133735 0.009375 0.0135308
0 0.0813477 0.399653 0.0185547 0.0326389
0 0.287109 0.04949 0.0390625 0.0534505
0 0.33125 0.0547743 0.0148437 0.0423611
0 0.346094 0.0614583 0.0101562 0.0208333
1 0.957812 0.763194 0.009375 0.0111111
1 0.910156 0.337847 0.0046875 0.00763889
1 0.760547 0.377083 0.0078125 0.0152778
0 0.634375 0.147743 0.03125 0.0465278
0 0.295703 0.0431424 0.0324219 0.030816
1 0.00960693 0.257986 0.0060791 0.0118056
0 0.628906 0.151736 0.0203125 0.0392361
0 0.6375 0.140104 0.0375 0.0628472
0 0.275977 0.0554253 0.0351562 0.0697049
1 0.543359 0.278125 0.0109375 0.0194444
1 0.0569336 0.701563 0.0103516 0.0135417
0 0.333984 0.0456163 0.0179687 0.0253472
0 0.355469 0.119965 0.00859375 0.0263889
0 0.755469 0.0110569 0.0117188 0.0165582
0 0.823438 0.142535 0.059375 0.0680556
1 0.364453 0.117361 0.0117188 0.0277778
0 0.276367 0.00835503 0.00664063 0.0160156
0 0.294727 0.0628472 0.107422 0.0840278
1 0.256641 0.0156033 0.0109375 0.0163628
1 0.996875 0.734028 0.0046875 0.0125
0 0.206641 0.520833 0.028125 0.0694444
1 0.9625 0.123177 0.009375 0.0199653
1 0.777344 0.00978733 0.0125 0.0195747
1 0.478906 0.75 0.009375 0.00972222
1 0.0108154 0.647917 0.0188477 0.0201389
0 0.360547 0.117708 0.00742187 0.0260417
0 0.442187 0.275868 0.0398437 0.0815972
0 0.515625 0.223264 0.0421875 0.0791667
0 0.738281 0.258333 0.0460938 0.06875
0 0.413281 0.191319 0.0359375 0.0677083
0 0.842969 0.0580729 0.0453125 0.0612847
0 0.48125 0.137326 0.0375 0.0795139
0 0.638672 0.268403 0.0507812 0.0743056
0 0.688281 0.259722 0.0453125 0.0625
0 0.836719 0.130122 0.0359375 0.0428819
1 0.355469 0.119965 0.00859375 0.0263889
1 0.360547 0.117708 0.00742187 0.0260417
1 0.777344 0.0121311 0.0109375 0.0158854
0 0.33125 0.0443142 0.0132813 0.0217014
1 0.362109 0.117708 0.009375 0.0274306
0 0.970312 0.16697 0.053125 0.0834201
1 0.633984 0.206597 0.0078125 0.01875
1 0.276367 0.00831163 0.00664063 0.0159288
1 0.33125 0.0444444 0.0125 0.021875
0 0.328711 0.0450955 0.0183594 0.0239583
0 0.330469 0.0486979 0.0148437 0.0309028
0 0.460938 0.65625 0.0546875 0.0833333
0 0.267578 0.0592014 0.0523437 0.08125
0 0.834375 0.140538 0.040625 0.0623264
0 0.735937 0.0817925 0.0296875 0.0624566
0 0.318359 0.0458767 0.0390625 0.0282986
0 0.94375 0.603472 0.0140625 0.0180556
0 0.721875 0.132118 0.028125 0.0484375
1 0.257031 0.0134115 0.009375 0.0135417
1 0.634375 0.203125 0.0101562 0.0256944
0 0.729688 0.103646 0.0453125 0.105208
0 0.277539 0.0593316 0.0722656 0.084809
0 0.322656 0.0496962 0.0304688 0.0330729
1 0.259766 0.0957465 0.00625 0.015625
1 0.9625 0.119965 0.00625 0.0118056
1 0.346094 0.0616319 0.00976562 0.0205729
0 0.626562 0.148785 0.0171875 0.0434028
1 0.264062 0.0960069 0.015625 0.0149306
0 0.264062 0.0960069 0.015625 0.0149306
0 0.291016 0.0613715 0.0984375 0.0824653
1 0.330469 0.0484375 0.0140625 0.0303819
0 0.329883 0.0562934 0.0199219 0.0469618
0 0.280078 0.0533095 0.0273438 0.0638672
1 0.257031 0.0953125 0.00859375 0.0161458
1 0.0088501 0.648611 0.0139404 0.0173611
1 0.575781 0.272049 0.009375 0.0288194
0 0.316406 0.0507812 0.04375 0.0376736
0 0.630469 0.145573 0.0234375 0.0505208
1 0.160547 0.0374566 0.00585938 0.0137153
0 0.54375 0.278125 0.0109375 0.0190972
1 0.9625 0.12283 0.00625 0.0173611
0 0.776953 0.012283 0.0109375 0.0157552
1 0.75625 0.0112413 0.009375 0.0158854
1 0.636328 0.202083 0.0132813 0.0277778
0 0.830469 0.147049 0.0484375 0.0725694
1 0.632812 0.205382 0.0109375 0.0225694
0 0.935938 0.203819 0.0125 0.01875
0 0.730469 0.4875 0.0609375 0.0777778
0 0.289844 0.0452257 0.0359375 0.0376736
1 0.0459961 0.264236 0.00449219 0.0111111
0 0.275781 0.0557726 0.0367187 0.0703993
0 0.287109 0.049566 0.0390625 0.0534722
0 0.257031 0.0134115 0.009375 0.0135417
1 0.957812 0.763194 0.009375 0.0111111
0 0.331055 0.0544271 0.0144531 0.0414931
0 0.0814453 0.399653 0.0185547 0.0326389
0 0.629297 0.151562 0.0210938 0.0392361
0 0.6375 0.13967 0.0382813 0.0637153
1 0.909375 0.337847 0.00625 0.00763889
0 0.755469 0.0105794 0.0109375 0.0160373
0 0.346094 0.0614583 0.0101562 0.0210069
0 0.295703 0.0431858 0.0324219 0.030816
1 0.00961914 0.25816 0.00610352 0.0118056
1 0.760547 0.376736 0.0078125 0.0152778
0 0.633203 0.150694 0.028125 0.0402778
1 0.0570313 0.700694 0.0105469 0.0138889
1 0.9625 0.12309 0.009375 0.0194444
0 0.333789 0.0456597 0.0179687 0.0255208
1 0.364453 0.117361 0.0113281 0.0277778
0 0.823438 0.141667 0.059375 0.0663194
1 0.543359 0.277951 0.0109375 0.0194444
1 0.256641 0.0156901 0.0117188 0.0163194
0 0.355469 0.119965 0.00859375 0.0263889
1 0.996875 0.734028 0.0046875 0.0125
1 0.0882568 0.404514 0.0059082 0.0138889
0 0.276367 0.00831163 0.00664063 0.0159288
1 0.478906 0.75 0.009375 0.00972222
1 0.777344 0.00980903 0.0125 0.0196181
0 0.442187 0.275868 0.0398437 0.0815972
0 0.515625 0.223264 0.0421875 0.0791667
0 0.413281 0.191319 0.0359375 0.0677083
0 0.738281 0.258507 0.0460938 0.0684028
0 0.842969 0.0580838 0.0453125 0.061263
0 0.48125 0.13724 0.0375 0.0796875
0 0.638672 0.268403 0.0507812 0.0743056
0 0.688281 0.259722 0.0453125 0.0625
0 0.836719 0.130122 0.0359375 0.0430556
1 0.355469 0.119965 0.00859375 0.0263889
1 0.360547 0.117708 0.00742187 0.0260417
1 0.777344 0.0121094 0.0109375 0.0159722
0 0.33125 0.0443576 0.0132813 0.0217014
1 0.362305 0.117708 0.00898437 0.0274306
0 0.970312 0.16697 0.053125 0.0834201
1 0.633984 0.206424 0.0078125 0.01875
1 0.276367 0.00831163 0.00664063 0.0158854
1 0.33125 0.0444444 0.0125 0.021875
0 0.328711 0.0450955 0.0183594 0.0238715
0 0.330469 0.0486545 0.0148437 0.0309028
0 0.267578 0.0593316 0.0523437 0.0813368
0 0.318359 0.0458767 0.0390625 0.0282118
0 0.460938 0.65625 0.0546875 0.0833333
0 0.834375 0.140365 0.040625 0.0619792
0 0.735937 0.0818576 0.0296875 0.0625
0 0.94375 0.603472 0.0140625 0.0180556
0 0.721875 0.132118 0.028125 0.0486111
1 0.257031 0.013406 0.009375 0.0134657
1 0.634375 0.203125 0.0101562 0.0256944
0 0.322266 0.0496962 0.0316406 0.0331597
1 0.9625 0.119878 0.00625 0.0118056
0 0.626562 0.148785 0.0171875 0.0434028
1 0.259766 0.0956597 0.00625 0.015625
0 0.729688 0.103646 0.0453125 0.105382
1 0.346094 0.0616319 0.00976562 0.0204861
1 0.264062 0.0959201 0.015625 0.0149306
0 0.264062 0.0959201 0.015625 0.0149306
0 0.281836 0.060026 0.0800781 0.0855035
1 0.330469 0.0484375 0.0140625 0.0302951
0 0.329688 0.056326 0.0199219 0.0468967
0 0.316602 0.0508572 0.04375 0.0376953
1 0.575781 0.271875 0.009375 0.0291667
1 0.0088623 0.648611 0.013916 0.0173611
1 0.9625 0.122917 0.00625 0.0173611
0 0.280078 0.0533854 0.028125 0.0640625
0 0.630469 0.145486 0.0234375 0.0506944
1 0.257031 0.0953125 0.00859375 0.0161458
1 0.160547 0.0374566 0.00585938 0.0138021
0 0.543359 0.278125 0.0109375 0.0194444
0 0.776953 0.0122179 0.0109375 0.015842
1 0.636328 0.202083 0.0132813 0.028125
1 0.755859 0.0112196 0.0101562 0.0159288
0 0.935938 0.203819 0.0125 0.01875
0 0.0814453 0.399653 0.0183594 0.0326389
0 0.275 0.0560764 0.0382813 0.0710069
1 0.0459961 0.264062 0.00449219 0.0107639
1 0.632812 0.205208 0.0109375 0.0229167
0 0.257031 0.013406 0.009375 0.0134657
0 0.830469 0.147049 0.0484375 0.0722222
0 0.730469 0.486111 0.0609375 0.0791667
0 0.290234 0.0448676 0.0351562 0.0368273
0 0.629297 0.151302 0.0210938 0.0397569
0 0.755469 0.0106011 0.0109375 0.0160807
1 0.00964355 0.257986 0.00610352 0.0118056
0 0.287305 0.0491428 0.0394531 0.0525825
0 0.331055 0.0541667 0.0144531 0.0408854
0 0.6375 0.139323 0.0375 0.0644097
1 0.957812 0.763194 0.009375 0.0111111
0 0.295703 0.0432292 0.0328125 0.0307292
1 0.909375 0.337847 0.00625 0.00763889
0 0.346094 0.0615017 0.0101562 0.0210069
1 0.760547 0.376736 0.0078125 0.0152778
1 0.9625 0.12309 0.009375 0.0194444
1 0.0570313 0.700694 0.0105469 0.0138889
1 0.0882568 0.404861 0.0059082 0.0138889
0 0.333594 0.0456163 0.0179687 0.0256076
1 0.256641 0.0157552 0.0117188 0.0161892
1 0.364453 0.117274 0.0109375 0.0274306
1 0.543359 0.277778 0.0109375 0.0194444
1 0.478906 0.75 0.009375 0.00972222
0 0.822656 0.140885 0.059375 0.0644097
1 0.261328 0.0954861 0.0203125 0.0163194
0 0.276367 0.00831163 0.00664063 0.0158854
1 0.777344 0.00983073 0.0125 0.0196615
0 0.355469 0.119965 0.00859375 0.0263889
0 0.301562 0.0481771 0.0125 0.01875
0 0.442187 0.275868 0.0398437 0.0815972
0 0.515625 0.223264 0.0421875 0.0791667
0 0.413281 0.191319 0.0359375 0.0677083
0 0.738281 0.258507 0.0460938 0.0684028
0 0.842969 0.0581163 0.0453125 0.0611979
0 0.48125 0.13724 0.0375 0.0796875
0 0.638672 0.268403 0.0507812 0.0743056
0 0.688281 0.259722 0.0453125 0.0625
0 0.836719 0.130295 0.0359375 0.0432292
1 0.355469 0.119965 0.00859375 0.0263889
1 0.360547 0.117708 0.00703125 0.0260417
1 0.777344 0.0120877 0.0109375 0.0159722
0 0.331055 0.0443142 0.0132813 0.0217882
1 0.362305 0.117708 0.00898437 0.0274306
1 0.633984 0.20625 0.0078125 0.0194444
0 0.970312 0.16684 0.053125 0.0836806
0 0.328711 0.0450412 0.0183594 0.0238064
1 0.276367 0.00827908 0.00664063 0.0158203
1 0.33125 0.0444444 0.0125 0.021875
0 0.330469 0.0486003 0.0148437 0.0307509
0 0.318359 0.0458333 0.0382813 0.0279514
0 0.267578 0.059592 0.0523437 0.0813368
0 0.834375 0.140451 0.040625 0.0618056
0 0.735937 0.0818576 0.0296875 0.0625
0 0.460938 0.65625 0.0546875 0.0833333
0 0.94375 0.603472 0.015625 0.0180556
0 0.721875 0.132118 0.028125 0.0486111
1 0.257031 0.0134332 0.009375 0.0134549
0 0.322266 0.0496528 0.0316406 0.0329861
1 0.634375 0.203299 0.0101562 0.0260417
0 0.277344 0.0595052 0.071875 0.0851562
1 0.9625 0.119792 0.00625 0.0118056
0 0.626562 0.148958 0.0171875 0.0430556
1 0.259766 0.0957465 0.00625 0.0154514
1 0.346094 0.0616319 0.00976562 0.0204861
0 0.729688 0.103733 0.0453125 0.105382
0 0.329492 0.0562934 0.0199219 0.0467882
1 0.264062 0.0960069 0.0152344 0.0149306
0 0.291016 0.0615451 0.0988281 0.0822917
0 0.316797 0.0508681 0.04375 0.0374132
1 0.330469 0.0484375 0.0144531 0.0302951
1 0.00897217 0.648611 0.0140869 0.0173611
0 0.264062 0.0960069 0.0152344 0.0149306
1 0.575781 0.272049 0.009375 0.0295139
0 0.630469 0.145486 0.0234375 0.0506944
1 0.160547 0.0375 0.00585938 0.0137153
1 0.9625 0.122917 0.00625 0.0173611
0 0.279687 0.0534288 0.0273438 0.0639757
0 0.935938 0.203819 0.0125 0.01875
0 0.776953 0.0122016 0.0109375 0.0157878
0 0.0812988 0.399306 0.0186523 0.0319444
1 0.257031 0.0953125 0.00859375 0.0159722
1 0.636328 0.202083 0.0132813 0.0284722
0 0.543359 0.277778 0.0109375 0.0194444
1 0.0460938 0.264062 0.00449219 0.0107639
1 0.755859 0.0112359 0.0101562 0.0159831
0 0.275 0.0563368 0.0382813 0.0713542
0 0.257031 0.0134332 0.009375 0.0134549
1 0.632812 0.205208 0.0109375 0.0229167
0 0.830469 0.147483 0.0484375 0.0734375
1 0.00963135 0.257986 0.00598145 0.0118056
0 0.331055 0.0539931 0.0140625 0.0404514
0 0.730469 0.485764 0.0609375 0.0791667
0 0.755469 0.0105903 0.0109375 0.0161458
0 0.290234 0.0447483 0.0347656 0.0361979
0 0.296094 0.043316 0.0335938 0.0305556
0 0.2875 0.0488715 0.0390625 0.0519097
0 0.637109 0.13941 0.0375 0.0642361
0 0.346094 0.0615451 0.0101562 0.0211806
1 0.957812 0.763194 0.009375 0.0111111
1 0.909375 0.337847 0.00625 0.00763889
0 0.333594 0.0455838 0.0179687 0.0254991
0 0.633203 0.150521 0.028125 0.040625
1 0.760938 0.376389 0.0078125 0.0152778
1 0.9625 0.12309 0.009375 0.0194444
1 0.0569824 0.700694 0.0105469 0.0138889
1 0.256641 0.0157986 0.0117188 0.0161024
1 0.0883789 0.404167 0.00585938 0.0138889
0 0.822656 0.140799 0.059375 0.0642361
1 0.478906 0.75 0.009375 0.00972222
0 0.276367 0.00827908 0.00664063 0.0158203
1 0.543359 0.277951 0.0109375 0.0194444
1 0.364453 0.117188 0.0109375 0.0274306
0 0.301562 0.0482639 0.0125 0.0185764
0 0.355469 0.119965 0.00859375 0.0263889
1 0.034668 0.675 0.0138672 0.0166667
0 0.442187 0.275868 0.0398437 0.0815972
0 0.515625 0.223264 0.0421875 0.0791667
0 0.413281 0.191319 0.0359375 0.0677083
0 0.842969 0.0581163 0.0453125 0.0611979
0 0.738281 0.258507 0.0460938 0.0684028
0 0.48125 0.137326 0.0375 0.0795139
0 0.638672 0.268403 0.0507812 0.0743056
0 0.688281 0.259722 0.0453125 0.0625
0 0.835938 0.129601 0.034375 0.0418403
1 0.355469 0.119965 0.00859375 0.0263889
1 0.777344 0.012066 0.0109375 0.016059
1 0.360547 0.117882 0.00703125 0.0260417
0 0.331055 0.0443142 0.0132813 0.021875
1 0.362305 0.117795 0.00898437 0.0274306
1 0.633984 0.20625 0.0078125 0.0194444
0 0.328125 0.0450955 0.01875 0.0242187
1 0.276367 0.00828993 0.00664063 0.0157986
0 0.970312 0.16684 0.053125 0.0836806
1 0.33125 0.044184 0.0125 0.0215278
0 0.330469 0.0486111 0.0148437 0.0307292
0 0.318359 0.0458442 0.0382813 0.0277561
0 0.267383 0.0597222 0.0519531 0.0815972
0 0.94375 0.603472 0.015625 0.0180556
0 0.834375 0.140278 0.040625 0.0614583
0 0.721875 0.132118 0.028125 0.0489583
0 0.735937 0.0818576 0.0296875 0.0625
0 0.460938 0.65625 0.0546875 0.0833333
0 0.321875 0.0496094 0.0328125 0.0329861
1 0.256836 0.0134549 0.00976562 0.0134115
1 0.634375 0.203125 0.0101562 0.0263889
1 0.9625 0.119792 0.00625 0.0114583
0 0.277344 0.0595052 0.071875 0.0853299
0 0.626562 0.149045 0.0171875 0.0428819
1 0.346094 0.0615885 0.009375 0.0203993
1 0.259961 0.0957465 0.00625 0.0154514
0 0.316797 0.0507921 0.04375 0.0371311
0 0.329297 0.05625 0.0203125 0.0467014
0 0.291016 0.0616319 0.0984375 0.0822917
1 0.00899658 0.648611 0.0140381 0.0166667
0 0.0812988 0.399306 0.0186523 0.0319444
0 0.729688 0.103798 0.0453125 0.105252
1 0.330469 0.0484484 0.0144531 0.0303602
1 0.264062 0.0959201 0.015625 0.0147569
0 0.264062 0.0959201 0.015625 0.0147569
1 0.575781 0.272049 0.009375 0.0298611
1 0.0460449 0.264236 0.00449219 0.0111111
1 0.160547 0.0375 0.00585938 0.0137153
0 0.630469 0.14566 0.0242187 0.0503472
1 0.9625 0.122917 0.00625 0.0173611
0 0.776953 0.0122016 0.0109375 0.0158746
1 0.755859 0.0112413 0.0101562 0.016059
0 0.935938 0.203819 0.0125 0.01875
0 0.279687 0.0533746 0.0273438 0.063737
0 0.275 0.056467 0.0375 0.0716146
1 0.636328 0.202083 0.0132813 0.0284722
1 0.257031 0.0953125 0.00859375 0.0159722
0 0.256836 0.0134549 0.00976562 0.0134115
1 0.00961914 0.257986 0.0059082 0.0118056
0 0.331055 0.0539063 0.0140625 0.0401042
0 0.543359 0.277778 0.0109375 0.0194444
1 0.632812 0.205208 0.0109375 0.0236111
0 0.755469 0.0106337 0.0109375 0.0161458
0 0.830469 0.147049 0.0484375 0.0722222
0 0.730469 0.486111 0.0609375 0.0763889
0 0.296875 0.0434462 0.0328125 0.0302951
0 0.290625 0.0448351 0.034375 0.0354167
1 0.957812 0.763194 0.009375 0.0111111
0 0.637109 0.139757 0.0375 0.0635417
0 0.287891 0.0487413 0.0390625 0.0512153
0 0.346094 0.0615451 0.0101562 0.0211806
0 0.333594 0.0455621 0.0179687 0.0255425
0 0.633594 0.150521 0.028125 0.040625
1 0.9625 0.12309 0.009375 0.0194444
1 0.0569336 0.700694 0.0105469 0.0138889
1 0.760938 0.376389 0.0078125 0.0152778
1 0.256641 0.0157986 0.0117188 0.016059
1 0.909375 0.337847 0.00625 0.00763889
1 0.0883789 0.403472 0.00585938 0.0152778
1 0.478906 0.75 0.009375 0.00972222
0 0.276367 0.00828993 0.00664063 0.0157986
0 0.821875 0.139583 0.059375 0.0625
0 0.301953 0.0485677 0.0121094 0.0178819
1 0.0346436 0.675 0.013916 0.0166667
0 0.355273 0.119965 0.00820312 0.0263889
0 0.442187 0.275868 0.040625 0.0815972
0 0.515625 0.223264 0.0421875 0.0791667
0 0.738281 0.258507 0.0460938 0.0684028
0 0.842969 0.0581163 0.0453125 0.0611979
0 0.413281 0.191363 0.0359375 0.0679687
0 0.48125 0.137326 0.0375 0.0795139
0 0.638672 0.268403 0.0507812 0.0743056
0 0.688281 0.259722 0.0453125 0.0625
0 0.836719 0.130208 0.0359375 0.0430556
1 0.355469 0.119965 0.00859375 0.0263889
1 0.777344 0.0120443 0.0109375 0.0160156
1 0.360547 0.117882 0.00703125 0.0260417
0 0.331055 0.0443576 0.0132813 0.0220486
1 0.362109 0.117708 0.00859375 0.0274306
0 0.328516 0.0450955 0.01875 0.0243056
1 0.633594 0.206076 0.0078125 0.0197917
1 0.33125 0.044184 0.0125 0.0217014
1 0.276367 0.00825738 0.00664063 0.0157769
0 0.970312 0.166667 0.053125 0.0840278
0 0.330469 0.0485243 0.0148437 0.0306424
0 0.31875 0.0458333 0.0382813 0.0278646
0 0.94375 0.603472 0.015625 0.0180556
0 0.834375 0.140278 0.040625 0.0614583
0 0.267383 0.0588433 0.0519531 0.0781467
0 0.721875 0.132031 0.028125 0.0489583
0 0.735937 0.0818576 0.0296875 0.0626736
0 0.460938 0.65625 0.0546875 0.0833333
0 0.32207 0.0495226 0.0316406 0.0328125
1 0.634375 0.203125 0.0101562 0.0263889
1 0.257031 0.0134549 0.009375 0.0134549
0 0.276953 0.0595378 0.0710938 0.0852648
0 0.0813477 0.399306 0.0185547 0.0319444
1 0.9625 0.119792 0.00625 0.0114583
0 0.626562 0.149045 0.0171875 0.0428819
1 0.00891113 0.648611 0.0137695 0.0166667
1 0.346094 0.0616319 0.009375 0.0204861
1 0.259766 0.0956597 0.00625 0.0154514
0 0.316797 0.0506944 0.0429688 0.0371528
0 0.329492 0.0561198 0.0195312 0.0462674
0 0.264258 0.0959201 0.0152344 0.0147569
1 0.330469 0.0483398 0.0144531 0.03023
0 0.291016 0.0614583 0.0984375 0.0821181
1 0.264258 0.0959201 0.0152344 0.0147569
1 0.575781 0.271875 0.009375 0.0305556
1 0.160547 0.0375 0.00585938 0.0137153
1 0.0460938 0.264062 0.00449219 0.0107639
0 0.729688 0.103646 0.0453125 0.105382
0 0.630469 0.145486 0.0242187 0.0506944
1 0.9625 0.123003 0.00625 0.0173611
1 0.755859 0.0112359 0.0101562 0.0160699
0 0.776953 0.0121908 0.0109375 0.0158963
0 0.279883 0.0531358 0.0269531 0.0633464
1 0.636328 0.202083 0.0132813 0.0284722
0 0.276172 0.0558594 0.0351562 0.0702257
1 0.00959473 0.257986 0.00585938 0.0118056
1 0.257227 0.0953125 0.00859375 0.0159722
0 0.331055 0.0536458 0.0136719 0.0395833
0 0.257031 0.0134549 0.009375 0.0134549
0 0.935938 0.203819 0.0125 0.01875
0 0.755469 0.0110894 0.0117188 0.0167969
0 0.730469 0.486111 0.0609375 0.075
1 0.632812 0.204861 0.0109375 0.0236111
0 0.296875 0.0434462 0.0328125 0.0305556
0 0.830469 0.147222 0.0484375 0.0729167
0 0.290625 0.0450521 0.034375 0.0361979
1 0.957812 0.763194 0.009375 0.0111111
0 0.634375 0.148003 0.03125 0.0460069
0 0.543359 0.277778 0.0109375 0.0194444
0 0.346094 0.0615451 0.0101562 0.0211806
0 0.636719 0.139844 0.0367187 0.0633681
0 0.2875 0.0490017 0.0390625 0.0519965
0 0.333594 0.0456163 0.0179687 0.0257812
1 0.0569336 0.700694 0.0105469 0.0138889
1 0.478906 0.75 0.009375 0.00972222
1 0.9625 0.123177 0.009375 0.0194444
1 0.760938 0.376389 0.0078125 0.0152778
1 0.909375 0.337847 0.00625 0.00763889
1 0.256641 0.0158637 0.0117188 0.0158854
1 0.0346436 0.675 0.0140137 0.0166667
0 0.821875 0.139236 0.059375 0.0618056
0 0.276367 0.00825738 0.00664063 0.0157769
0 0.301953 0.0486111 0.0117188 0.0178819
1 0.0882813 0.402431 0.00605469 0.0173611
0 0.0102173 0.648264 0.0168701 0.0173611
1 0.0458008 0.265278 0.00517578 0.00972222
0 0.442187 0.275868 0.0398437 0.0815972
0 0.515625 0.223264 0.0421875 0.0791667
0 0.738281 0.258507 0.0460938 0.06875
0 0.842969 0.0581163 0.0453125 0.0611979
0 0.413281 0.191319 0.0359375 0.0677083
0 0.48125 0.137326 0.0375 0.0795139
0 0.638672 0.268403 0.0507812 0.0743056
0 0.688281 0.259722 0.0453125 0.0625
0 0.836719 0.130208 0.0359375 0.0434028
1 0.355469 0.119965 0.00859375 0.0263889
1 0.777344 0.0120171 0.0109375 0.0159831
1 0.360547 0.117882 0.00703125 0.0260417
0 0.33125 0.044184 0.0125 0.0217882
1 0.362109 0.117708 0.00859375 0.0274306
0 0.328516 0.0450521 0.01875 0.0243056
1 0.33125 0.044184 0.0125 0.0217882
1 0.276367 0.00822483 0.00664063 0.0156684
1 0.633594 0.206076 0.0078125 0.0201389
0 0.330469 0.0484809 0.0148437 0.0306424
0 0.31875 0.0457899 0.0378906 0.0278646
0 0.970312 0.166667 0.053125 0.0840278
0 0.94375 0.603472 0.015625 0.0180556
0 0.834375 0.140191 0.040625 0.0612847
0 0.267578 0.0579861 0.0515625 0.0833333
0 0.721875 0.132031 0.028125 0.0489583
0 0.736328 0.0818576 0.0289063 0.0628472
0 0.322266 0.0493924 0.03125 0.0326389
1 0.634375 0.203125 0.0101562 0.0263889
1 0.257031 0.0134603 0.009375 0.0135308
0 0.0813477 0.399306 0.0185547 0.0319444
0 0.460938 0.65625 0.0546875 0.0833333
1 0.00874023 0.648611 0.0133789 0.0166667
1 0.9625 0.119792 0.00625 0.0114583
0 0.316797 0.0506185 0.0429688 0.0369575
1 0.259961 0.0956597 0.00585938 0.0152778
0 0.277539 0.0604601 0.0722656 0.0853299
1 0.346094 0.0616319 0.009375 0.0204861
0 0.626562 0.149132 0.0171875 0.0427083
0 0.329297 0.056033 0.0195312 0.0459201
0 0.264453 0.0960069 0.0148437 0.0145833
1 0.264453 0.0960069 0.0148437 0.0145833
1 0.330469 0.0483073 0.0144531 0.0302083
1 0.0460938 0.264062 0.00449219 0.0107639
1 0.575781 0.272049 0.009375 0.0305556
1 0.160547 0.0375 0.00585938 0.0137153
1 0.755859 0.011263 0.0101562 0.0161892
0 0.776953 0.0121962 0.0109375 0.0157986
0 0.630469 0.145486 0.0242187 0.0510417
1 0.00957031 0.257986 0.00571289 0.0118056
1 0.9625 0.12309 0.00625 0.0173611
0 0.280078 0.0527344 0.0265625 0.0622396
1 0.636328 0.202083 0.0132813 0.0284722
0 0.257031 0.0134603 0.009375 0.0135308
1 0.257031 0.0953125 0.00859375 0.0159722
0 0.755469 0.0106988 0.0109375 0.016276
0 0.729688 0.103624 0.0453125 0.105252
0 0.29707 0.0434896 0.0324219 0.0305556
1 0.632812 0.204861 0.0109375 0.0239583
0 0.935938 0.203819 0.0125 0.01875
1 0.957812 0.763194 0.009375 0.0111111
0 0.290625 0.0452365 0.034375 0.0359158
0 0.629687 0.151389 0.021875 0.0399306
0 0.730469 0.485764 0.0609375 0.075
0 0.346094 0.0615885 0.0101562 0.0212674
1 0.478906 0.75 0.009375 0.0111111
0 0.634375 0.148264 0.03125 0.0454861
0 0.287891 0.0490017 0.0390625 0.0517361
0 0.543359 0.277951 0.0109375 0.0194444
0 0.636719 0.139757 0.0367187 0.0638889
0 0.333594 0.0456163 0.0179687 0.0257812
1 0.760938 0.376389 0.0078125 0.0152778
1 0.0567871 0.701563 0.0103516 0.0135417
1 0.909375 0.337847 0.00625 0.00763889
1 0.9625 0.123177 0.009375 0.0194444
0 0.825 0.14809 0.059375 0.0736111
0 0.29375 0.0631944 0.103906 0.0829861
0 0.301562 0.0486545 0.0125 0.0179687
1 0.256641 0.0159288 0.0117188 0.0157986
0 0.821875 0.138715 0.059375 0.0607639
0 0.276367 0.00822483 0.00664063 0.0156684
0 0.959375 0.166667 0.075 0.0892361
1 0.0346436 0.675 0.0140137 0.0173611
1 0.726172 0.10625 0.00859375 0.015625
1 0.0882813 0.401736 0.00605469 0.01875
0 0.0836914 0.397917 0.0152344 0.0277778
1 0.00986328 0.254861 0.00629883 0.0173611
0 0.442187 0.275868 0.0398437 0.0815972
0 0.515625 0.223264 0.0421875 0.0798611
0 0.738281 0.258507 0.0460938 0.06875
0 0.84375 0.0581489 0.04375 0.0611328
0 0.413281 0.191319 0.0359375 0.0677083
0 0.48125 0.137326 0.0375 0.0795139
0 0.638281 0.268403 0.0515625 0.0743056
0 0.688281 0.259722 0.0453125 0.0625
0 0.836719 0.130208 0.0359375 0.0430556
1 0.355469 0.119965 0.00859375 0.0263889
1 0.777344 0.0120443 0.0109375 0.0159288
1 0.360547 0.117882 0.00703125 0.0262153
0 0.331055 0.044184 0.0128906 0.0217882
1 0.362109 0.117795 0.00859375 0.0276042
0 0.328516 0.0450629 0.01875 0.0242839
1 0.331055 0.044184 0.0128906 0.0217882
1 0.633594 0.205903 0.0078125 0.0201389
1 0.276367 0.00820312 0.00664063 0.0154514
0 0.330469 0.0484375 0.0148437 0.0306424
0 0.31875 0.0457465 0.0375 0.0277778
0 0.970312 0.166667 0.053125 0.0840278
0 0.94375 0.603472 0.015625 0.0180556
0 0.834375 0.140104 0.040625 0.0607639
0 0.267773 0.0593316 0.0519531 0.0858507
0 0.0813477 0.399306 0.0185547 0.0319444
0 0.322266 0.0492947 0.03125 0.032487
1 0.634375 0.203299 0.009375 0.0267361
1 0.257031 0.0135037 0.009375 0.0136176
0 0.721875 0.132118 0.028125 0.0489583
0 0.735937 0.0818576 0.0296875 0.0628472
0 0.460938 0.65625 0.0546875 0.0833333
1 0.00878906 0.648611 0.0134277 0.0166667
0 0.317187 0.0503906 0.0421875 0.0364583
1 0.9625 0.119792 0.00625 0.0114583
1 0.259961 0.0957465 0.00585938 0.0154514
1 0.346094 0.0616319 0.009375 0.0206597
0 0.282422 0.0599935 0.0820312 0.0860894
0 0.329297 0.0559136 0.01875 0.045638
1 0.0460938 0.264062 0.00429688 0.0107639
0 0.626562 0.149306 0.0171875 0.0427083
1 0.264453 0.0960069 0.0148437 0.0147569
0 0.264453 0.0960069 0.0148437 0.0147569
1 0.330469 0.0483073 0.0144531 0.0302083
0 0.777344 0.0121745 0.0109375 0.0155816
1 0.160547 0.0375 0.00585938 0.0138021
1 0.755859 0.011377 0.0101562 0.016135
1 0.0095459 0.257986 0.00566406 0.0111111
1 0.575781 0.272049 0.009375 0.0305556
1 0.9625 0.12309 0.00625 0.0173611
0 0.630469 0.14566 0.0242187 0.0506944
0 0.257031 0.0135037 0.009375 0.0136176
1 0.636328 0.202083 0.0132813 0.0291667
0 0.280078 0.0523437 0.0257812 0.0612847
1 0.257031 0.0953125 0.00859375 0.0161458
0 0.755469 0.0111979 0.0117188 0.0167535
0 0.298438 0.0436632 0.0328125 0.0305556
1 0.632812 0.205035 0.0109375 0.0239583
1 0.957812 0.763194 0.009375 0.0111111
0 0.290625 0.0455295 0.0335938 0.0355903
0 0.935938 0.203819 0.0125 0.01875
0 0.346094 0.0615451 0.0101562 0.0213542
0 0.729688 0.103624 0.0453125 0.105252
0 0.629687 0.151476 0.021875 0.0397569
1 0.478906 0.75 0.009375 0.0111111
0 0.730469 0.485417 0.0617188 0.0763889
0 0.287891 0.0489583 0.0386719 0.0512153
0 0.333594 0.0456163 0.0179687 0.0258681
1 0.760938 0.376389 0.0078125 0.0152778
0 0.634375 0.148698 0.03125 0.0449653
0 0.543359 0.277951 0.0109375 0.0194444
1 0.9625 0.123264 0.009375 0.0192708
0 0.636719 0.140104 0.0367187 0.0631944
0 0.0834473 0.397917 0.0157227 0.0284722
0 0.301562 0.0487847 0.0125 0.0180556
0 0.825 0.147569 0.0578125 0.0725694
1 0.256641 0.0159668 0.0113281 0.0158095
0 0.276367 0.00820312 0.00664063 0.0154514
0 0.821875 0.138281 0.059375 0.0598958
1 0.725781 0.106337 0.0078125 0.0152778
0 0.959375 0.166667 0.075 0.0892361
1 0.0540039 0.280035 0.00566406 0.0100694
1 0.909375 0.337847 0.00625 0.00763889
1 0.0458008 0.265278 0.00507812 0.00972222
0 0.442187 0.275868 0.040625 0.0815972
0 0.515625 0.223264 0.0421875 0.0798611
0 0.738281 0.258507 0.0460938 0.06875
0 0.84375 0.0581489 0.04375 0.0611328
0 0.413281 0.191319 0.0359375 0.0677083
0 0.48125 0.137153 0.0375 0.0795139
0 0.638672 0.268403 0.0507812 0.0743056
0 0.688281 0.259722 0.0453125 0.0625
0 0.835938 0.129861 0.034375 0.0420139
1 0.355469 0.120052 0.00859375 0.0265625
1 0.360547 0.117882 0.00703125 0.0260417
1 0.777344 0.0120877 0.0109375 0.0159288
0 0.331055 0.0441081 0.0128906 0.0216797
1 0.362109 0.117795 0.00859375 0.0276042
0 0.328516 0.0449653 0.0183594 0.0241319
1 0.633594 0.206076 0.0078125 0.0204861
1 0.330859 0.0442708 0.0132813 0.0217014
1 0.276172 0.00818142 0.00625 0.0152778
0 0.330469 0.0484375 0.0148437 0.0305556
0 0.318945 0.0456489 0.0375 0.0276259
0 0.970312 0.166667 0.053125 0.0840278
0 0.94375 0.603472 0.015625 0.01875
0 0.267969 0.0594618 0.0523437 0.0855903
0 0.834375 0.139931 0.040625 0.0600694
0 0.08125 0.399306 0.0185547 0.0319444
0 0.322461 0.0493056 0.0308594 0.0324653
1 0.634375 0.203299 0.009375 0.0267361
1 0.256836 0.0135037 0.00976562 0.0137044
0 0.721875 0.132118 0.028125 0.0489583
0 0.735937 0.0819227 0.0296875 0.0628906
1 0.00866699 0.648611 0.0130859 0.0166667
1 0.9625 0.119792 0.00625 0.0114583
0 0.317187 0.050434 0.0421875 0.0364583
1 0.259961 0.0958333 0.00585938 0.0152778
0 0.460938 0.65625 0.0546875 0.0833333
0 0.283203 0.0600803 0.0832031 0.0860894
1 0.346094 0.0616319 0.009375 0.0205729
0 0.329297 0.0558594 0.01875 0.0453993
1 0.0460938 0.264062 0.00429688 0.0107639
0 0.626562 0.149306 0.0164062 0.0430556
1 0.264258 0.0960069 0.0148437 0.0145833
0 0.264258 0.0960069 0.0148437 0.0145833
1 0.160547 0.0375 0.00566406 0.0138021
1 0.330469 0.0483073 0.0144531 0.0302083
1 0.9625 0.12309 0.00625 0.0173611
1 0.755859 0.01148 0.0101562 0.0161024
0 0.777344 0.0121962 0.0109375 0.0154514
1 0.00949707 0.257986 0.00566406 0.0111111
0 0.256836 0.0135037 0.00976562 0.0137044
1 0.636328 0.202431 0.0132813 0.0291667
0 0.280273 0.0516059 0.0253906 0.0594618
0 0.630469 0.14592 0.0242187 0.0505208
1 0.632812 0.205208 0.0109375 0.0239583
1 0.575781 0.272049 0.009375 0.0305556
0 0.298438 0.043674 0.0332031 0.0307075
0 0.755469 0.0113064 0.0117188 0.0167969
1 0.957812 0.763194 0.009375 0.0111111
1 0.257227 0.0953125 0.00859375 0.0163194
0 0.290625 0.0458767 0.034375 0.0357639
0 0.935938 0.203819 0.0125 0.01875
0 0.287891 0.0488715 0.0382813 0.0506944
0 0.333594 0.0455838 0.0179687 0.0258464
1 0.478906 0.75 0.009375 0.0111111
0 0.729688 0.103819 0.0453125 0.105208
1 0.9625 0.123264 0.009375 0.0190972
0 0.346094 0.0615451 0.0101562 0.0211806
0 0.730469 0.485069 0.0617188 0.0770833
1 0.760938 0.376736 0.0078125 0.0152778
0 0.0833984 0.397917 0.0158203 0.0284722
0 0.276172 0.00818142 0.00625 0.0152778
0 0.633984 0.149132 0.0304688 0.0444444
0 0.301758 0.0488715 0.0121094 0.0180556
0 0.636719 0.140799 0.0359375 0.0621528
0 0.825 0.147396 0.0578125 0.071875
0 0.821875 0.138021 0.059375 0.059375
1 0.256641 0.0159939 0.0117188 0.015842
1 0.726172 0.10625 0.00859375 0.0152778
0 0.960156 0.167057 0.0734375 0.0894965
0 0.442187 0.275868 0.040625 0.0815972
0 0.738281 0.258507 0.0460938 0.06875
0 0.515625 0.223264 0.0421875 0.0798611
0 0.84375 0.0581597 0.04375 0.0611111
0 0.48125 0.13724 0.0375 0.0793403
0 0.413281 0.191319 0.0359375 0.0677083
0 0.638672 0.268403 0.0507812 0.0743056
0 0.688281 0.259722 0.0453125 0.0625
0 0.835938 0.130208 0.034375 0.0430556
1 0.355469 0.120139 0.00859375 0.0263889
1 0.360547 0.118056 0.00703125 0.0260417
0 0.33125 0.0440538 0.0132813 0.0216146
1 0.777344 0.0121311 0.0109375 0.015842
1 0.362109 0.117882 0.00859375 0.0276042
0 0.328516 0.0448676 0.0179687 0.02398
1 0.633594 0.206076 0.0078125 0.0208333
1 0.330859 0.044184 0.0132813 0.0217014
1 0.276172 0.00813802 0.00625 0.0151476
0 0.319141 0.0455729 0.0371094 0.0276042
0 0.330469 0.0483941 0.0148437 0.0304688
0 0.970312 0.166667 0.053125 0.0840278
0 0.267969 0.0599392 0.0523437 0.0853299
0 0.94375 0.603472 0.015625 0.01875
0 0.08125 0.399306 0.0185547 0.0319444
0 0.835156 0.139844 0.040625 0.0598958
1 0.634375 0.203299 0.009375 0.0267361
0 0.323242 0.0492188 0.0292969 0.0324653
0 0.721875 0.132118 0.028125 0.0489583
1 0.256836 0.0134928 0.00976562 0.0137261
0 0.735937 0.0820312 0.0296875 0.0630208
1 0.9625 0.119878 0.00625 0.0114583
1 0.259766 0.0958333 0.00625 0.0152778
1 0.00869141 0.648611 0.0130859 0.0166667
0 0.317187 0.0504774 0.0421875 0.0366319
1 0.346094 0.0616319 0.009375 0.0206597
1 0.0460938 0.264062 0.00429688 0.0111111
0 0.329492 0.0557292 0.01875 0.0451389
0 0.282031 0.060319 0.08125 0.0857856
0 0.626562 0.149306 0.0171875 0.0430556
0 0.460938 0.65625 0.0546875 0.0833333
1 0.264258 0.0960069 0.0144531 0.0145833
1 0.160547 0.0374891 0.00566406 0.0139106
0 0.264258 0.0960069 0.0144531 0.0145833
1 0.9625 0.12309 0.00625 0.0171875
1 0.636328 0.202431 0.0132813 0.0291667
1 0.00947266 0.25816 0.00559082 0.0114583
0 0.280273 0.0509983 0.025 0.0580729
0 0.256836 0.0134928 0.00976562 0.0137261
1 0.632812 0.205208 0.0109375 0.0236111
0 0.777344 0.0122396 0.0109375 0.015408
1 0.755859 0.0115234 0.0101562 0.0161024
0 0.630469 0.145747 0.025 0.0508681
1 0.330469 0.0482639 0.0144531 0.0302083
0 0.298828 0.0437391 0.0339844 0.0309245
1 0.257227 0.0953125 0.00859375 0.0163194
1 0.575781 0.272049 0.009375 0.0302083
0 0.755469 0.0113715 0.0117188 0.0167969
0 0.290039 0.046224 0.0347656 0.0365451
1 0.957812 0.7625 0.009375 0.0111111
0 0.935938 0.203819 0.0125 0.01875
0 0.629687 0.151736 0.021875 0.0399306
1 0.9625 0.123264 0.009375 0.0190972
0 0.83125 0.146181 0.046875 0.0708333
1 0.760938 0.376736 0.0078125 0.0152778
1 0.478906 0.75 0.009375 0.0111111
0 0.346094 0.0614583 0.0101562 0.0211806
0 0.333594 0.0455295 0.0179687 0.0257812
0 0.287695 0.0490017 0.0378906 0.0513021
0 0.276172 0.00813802 0.00625 0.0151476
0 0.633984 0.149306 0.0304688 0.0440972
0 0.636719 0.140625 0.0367187 0.0625
0 0.301562 0.0489583 0.0125 0.0182292
1 0.725781 0.106337 0.0078125 0.0151042
1 0.634375 0.21059 0.0101562 0.0291667
1 0.00983887 0.254861 0.00615234 0.0170139
0 0.821875 0.137587 0.059375 0.0581597
0 0.960156 0.16684 0.0734375 0.0892361
0 0.442187 0.275868 0.040625 0.0815972
0 0.738281 0.258507 0.0460938 0.06875
0 0.842969 0.0580729 0.0453125 0.0611111
0 0.48125 0.137153 0.0375 0.0795139
0 0.515625 0.223264 0.0421875 0.0798611
0 0.413281 0.191319 0.0359375 0.0677083
0 0.638672 0.268403 0.0507812 0.0743056
0 0.688281 0.259722 0.0453125 0.0625
0 0.835938 0.130208 0.034375 0.0430556
1 0.355469 0.120139 0.00820312 0.0263889
0 0.330859 0.0440104 0.0132813 0.0215278
1 0.360547 0.118056 0.00703125 0.0260417
1 0.777344 0.0121311 0.0109375 0.0157986
1 0.362109 0.117882 0.00859375 0.0274306
0 0.328516 0.0447917 0.0179687 0.0238715
1 0.633594 0.206076 0.0078125 0.0208333
1 0.276172 0.00807292 0.00625 0.015191
1 0.330664 0.0441406 0.0136719 0.0217014
0 0.319141 0.0455621 0.0367187 0.0274523
0 0.330469 0.0483507 0.0148437 0.0302951
0 0.970312 0.16658 0.053125 0.0842014
0 0.0812012 0.399306 0.0186523 0.0319444
0 0.267969 0.0601997 0.0523437 0.0853299
0 0.94375 0.603472 0.015625 0.0180556
1 0.634375 0.203472 0.009375 0.0270833
0 0.834375 0.139844 0.040625 0.0598958
0 0.323438 0.0491211 0.0289063 0.0321398
0 0.721875 0.132205 0.028125 0.0489583
1 0.9625 0.119965 0.00625 0.0114583
1 0.257031 0.0134983 0.009375 0.0138021
0 0.735937 0.0820312 0.0296875 0.0631944
0 0.317187 0.050434 0.0421875 0.0364583
1 0.346094 0.0615885 0.009375 0.0206597
1 0.259766 0.0957465 0.00625 0.0152778
1 0.00865479 0.648611 0.0128662 0.0166667
1 0.0460938 0.264062 0.00449219 0.0111111
0 0.626562 0.149132 0.0171875 0.0430556
0 0.282227 0.0603407 0.0816406 0.0859158
0 0.329688 0.055599 0.01875 0.0447049
0 0.264062 0.0960069 0.0148437 0.0147569
1 0.160547 0.0374891 0.00566406 0.0139106
1 0.635938 0.202431 0.0125 0.0291667
0 0.280273 0.0507378 0.0246094 0.0575521
1 0.264062 0.0960069 0.0148437 0.0147569
1 0.9625 0.12309 0.00625 0.0173611
0 0.776953 0.0122342 0.0109375 0.0152886
1 0.632812 0.205208 0.0109375 0.0236111
0 0.630469 0.14566 0.025 0.0510417
1 0.00944824 0.258333 0.00556641 0.0111111
0 0.257031 0.0134983 0.009375 0.0138021
0 0.460938 0.65625 0.0546875 0.0833333
1 0.755859 0.0115668 0.0101562 0.0161024
1 0.330469 0.0482639 0.0144531 0.0300347
0 0.3 0.0437934 0.0351562 0.0309896
1 0.575781 0.272222 0.009375 0.0305556
0 0.755469 0.0114149 0.0117188 0.0167969
1 0.257422 0.0953125 0.00859375 0.0163194
0 0.630078 0.151649 0.0226563 0.0401042
0 0.346094 0.0613715 0.00976562 0.0210069
1 0.9625 0.123264 0.009375 0.0190972
0 0.289844 0.0465712 0.0351562 0.037066
0 0.276172 0.00807292 0.00625 0.015191
1 0.760938 0.376736 0.0078125 0.0152778
0 0.333594 0.0454753 0.0179687 0.0255425
0 0.634375 0.149306 0.03125 0.04375
1 0.957812 0.7625 0.009375 0.0111111
0 0.935938 0.203819 0.0125 0.01875
0 0.830469 0.146267 0.0484375 0.0710069
0 0.2875 0.0491319 0.0378906 0.0517361
1 0.478906 0.75 0.009375 0.0111111
0 0.636719 0.140538 0.0367187 0.0623264
0 0.960156 0.16671 0.0734375 0.0894965
1 0.726172 0.10625 0.0078125 0.0149306
0 0.821875 0.137587 0.059375 0.0581597
0 0.301758 0.0489583 0.0125 0.0184896
1 0.634375 0.21059 0.0101562 0.0291667
1 0.0458496 0.265451 0.00517578 0.00972222
0 0.442187 0.276042 0.040625 0.0819444
0 0.738281 0.258507 0.0460938 0.06875
0 0.48125 0.137153 0.0375 0.0795139
0 0.842969 0.0580729 0.0453125 0.0611111
0 0.515625 0.223264 0.0421875 0.0798611
0 0.413281 0.191146 0.0359375 0.0677083
0 0.638672 0.268403 0.0507812 0.0743056
0 0.688281 0.259722 0.0453125 0.0625
0 0.835938 0.130208 0.034375 0.0430556
1 0.355469 0.120139 0.00820312 0.0263889
0 0.331055 0.043967 0.0132813 0.021441
1 0.360547 0.118056 0.00703125 0.0262153
1 0.777344 0.0121528 0.0109375 0.0157552
1 0.362109 0.117882 0.00859375 0.0274306
0 0.328711 0.0447483 0.0179687 0.0237847
1 0.633594 0.205903 0.0078125 0.0208333
1 0.276172 0.00805122 0.00625 0.0152778
1 0.330664 0.0441081 0.0136719 0.0216797
0 0.319336 0.0455295 0.0367187 0.0275174
0 0.330469 0.0483398 0.0148437 0.03023
0 0.970312 0.166493 0.053125 0.084375
0 0.0812012 0.399306 0.0188477 0.0319444
0 0.267969 0.0603407 0.0523437 0.0852214
0 0.94375 0.603472 0.015625 0.0180556
1 0.634375 0.203472 0.009375 0.0270833
0 0.834375 0.139931 0.040625 0.0600694
0 0.323633 0.0490885 0.0285156 0.0320312
0 0.721875 0.132292 0.028125 0.0489583
1 0.257031 0.0134983 0.009375 0.0138021
1 0.346289 0.0615451 0.009375 0.0206597
1 0.9625 0.119965 0.00625 0.0114583
0 0.317187 0.050434 0.0421875 0.0366319
1 0.259766 0.0956597 0.00625 0.0152778
0 0.735937 0.0820312 0.0296875 0.0631944
1 0.00871582 0.648611 0.0129395 0.0166667
1 0.0461426 0.264062 0.00449219 0.0114583
0 0.283203 0.0603407 0.0835937 0.086263
0 0.626953 0.149045 0.0171875 0.0432292
0 0.264062 0.0960069 0.0148437 0.0147569
0 0.329688 0.0555447 0.0183594 0.0444661
1 0.635938 0.202431 0.0125 0.0291667
1 0.160547 0.0375434 0.00566406 0.0139757
1 0.632812 0.205208 0.0109375 0.0236111
0 0.776953 0.0122179 0.0109375 0.0152344
1 0.264062 0.0960069 0.0148437 0.0147569
0 0.257031 0.0134983 0.009375 0.0138021
1 0.9625 0.123177 0.0078125 0.0173611
0 0.630859 0.14566 0.025 0.0506944
0 0.280469 0.0504774 0.0242187 0.0568576
1 0.00943604 0.258333 0.00554199 0.0111111
1 0.755859 0.0115668 0.0101562 0.0161024
0 0.460938 0.65625 0.0546875 0.0833333
0 0.346094 0.0613715 0.00976562 0.0208333
1 0.330469 0.048253 0.0144531 0.0298828
0 0.301562 0.04375 0.0359375 0.03125
1 0.257422 0.0953125 0.00859375 0.0164931
0 0.755469 0.0114204 0.0117188 0.0168294
1 0.575781 0.272222 0.009375 0.0305556
0 0.333594 0.0453233 0.0179687 0.0253255
0 0.276172 0.00805122 0.00625 0.0152778
0 0.634375 0.149479 0.03125 0.0434028
1 0.760938 0.376736 0.0078125 0.0152778
0 0.830469 0.146181 0.0484375 0.0715278
0 0.636719 0.140538 0.0359375 0.0619792
0 0.289844 0.0468316 0.0351562 0.037066
0 0.821875 0.137934 0.059375 0.0588542
1 0.478906 0.75 0.009375 0.0111111
1 0.957812 0.7625 0.009375 0.0111111
0 0.960156 0.166623 0.0734375 0.0896701
0 0.935938 0.203819 0.0125 0.01875
0 0.2875 0.0492622 0.0375 0.0518229
1 0.726172 0.10625 0.0078125 0.0149306
1 0.634375 0.21059 0.0101562 0.0291667
0 0.442187 0.276042 0.040625 0.0819444
0 0.738281 0.258333 0.0460938 0.06875
0 0.842969 0.0582031 0.0453125 0.0610243
0 0.515625 0.223264 0.0421875 0.0798611
0 0.48125 0.137153 0.0375 0.0795139
0 0.413281 0.191319 0.0359375 0.0677083
0 0.638672 0.268403 0.0507812 0.0743056
0 0.688281 0.259896 0.0453125 0.0628472
0 0.835938 0.130208 0.034375 0.0430556
1 0.355469 0.120139 0.00820312 0.0263889
0 0.331055 0.0439128 0.0132813 0.0213759
1 0.360547 0.118056 0.00703125 0.0263889
1 0.777344 0.0121745 0.0109375 0.0157118
1 0.362109 0.117882 0.00859375 0.0274306
0 0.328711 0.044694 0.0179687 0.0236328
1 0.276172 0.00800781 0.00625 0.0153646
1 0.633594 0.205903 0.0078125 0.0208333
1 0.330664 0.0440104 0.0136719 0.0215278
0 0.319531 0.0454861 0.0363281 0.0274306
0 0.330469 0.0483073 0.0148437 0.0301215
0 0.267969 0.0605035 0.0523437 0.0848958
0 0.970312 0.166493 0.053125 0.0854167
0 0.0811523 0.399306 0.0189453 0.0319444
1 0.634375 0.203472 0.009375 0.0270833
0 0.94375 0.603472 0.015625 0.01875
0 0.834375 0.140017 0.040625 0.0602431
0 0.324219 0.0490451 0.0273438 0.0318576
1 0.257031 0.01352 0.009375 0.0138021
1 0.346289 0.0615451 0.009375 0.0206597
1 0.9625 0.119878 0.00625 0.0116319
1 0.259766 0.0956597 0.00625 0.0152778
0 0.317383 0.0504774 0.0417969 0.0367187
1 0.00864258 0.648611 0.012793 0.0166667
0 0.736328 0.0821181 0.0289063 0.0631944
0 0.721875 0.132292 0.028125 0.0489583
1 0.0461426 0.263889 0.00458984 0.0118056
0 0.283203 0.0604275 0.0835937 0.086263
0 0.264062 0.0960069 0.0140625 0.0145833
0 0.627344 0.148958 0.0171875 0.0430556
1 0.160547 0.0375434 0.00566406 0.0140625
1 0.635938 0.202431 0.0125 0.0291667
1 0.632812 0.205208 0.0109375 0.0236111
0 0.257031 0.01352 0.009375 0.0138021
1 0.264062 0.0960069 0.0140625 0.0145833
0 0.329688 0.0554687 0.0179687 0.0440972
0 0.63125 0.145486 0.025 0.0506944
0 0.776953 0.012245 0.0109375 0.0152669
1 0.9625 0.123177 0.0078125 0.0173611
0 0.280469 0.0499566 0.0242187 0.0556424
1 0.00944824 0.258333 0.00551758 0.0111111
1 0.755859 0.0116265 0.0101562 0.0160699
0 0.270703 0.0521267 0.0445312 0.062066
0 0.346094 0.0612847 0.00976562 0.0206597
0 0.302344 0.0437066 0.0359375 0.0315104
0 0.276172 0.00800781 0.00625 0.0153646
1 0.257422 0.0953125 0.00859375 0.0166667
0 0.333594 0.0452257 0.0179687 0.0250868
0 0.460938 0.656597 0.0546875 0.0826389
1 0.330469 0.0482205 0.0144531 0.0297743
0 0.755469 0.0114638 0.0117188 0.0168294
0 0.634375 0.149479 0.03125 0.0434028
0 0.636719 0.140538 0.0359375 0.0616319
1 0.575781 0.272222 0.009375 0.0305556
1 0.760938 0.376736 0.0078125 0.0152778
0 0.821875 0.138368 0.059375 0.0597222
0 0.290234 0.0470378 0.034375 0.0371745
1 0.634375 0.21059 0.0101562 0.0291667
1 0.478906 0.75 0.009375 0.0111111
0 0.442187 0.276042 0.040625 0.0819444
0 0.738281 0.258333 0.0460938 0.06875
0 0.515625 0.223438 0.0421875 0.0798611
0 0.48125 0.136979 0.0375 0.0795139
0 0.842969 0.0582031 0.0453125 0.0610243
0 0.413281 0.191319 0.0351562 0.0677083
0 0.638672 0.268403 0.0507812 0.0743056
0 0.688281 0.259896 0.0453125 0.0628472
0 0.835938 0.130208 0.034375 0.0430556
1 0.355469 0.120139 0.00820312 0.0263889
0 0.331055 0.0438368 0.0132813 0.0213542
1 0.360547 0.118056 0.00703125 0.0263889
1 0.777344 0.0122016 0.0109375 0.015701
1 0.362109 0.117882 0.00859375 0.0274306
0 0.328906 0.0446181 0.0179687 0.0235243
1 0.276172 0.00797526 0.00625 0.0155599
1 0.633594 0.206076 0.0078125 0.0208333
1 0.330664 0.0440538 0.0136719 0.0215278
0 0.319922 0.0454427 0.0359375 0.0273438
0 0.330469 0.048253 0.0148437 0.0298828
0 0.0811523 0.399306 0.0189453 0.0319444
0 0.267969 0.0605469 0.0523437 0.0846354
0 0.970312 0.166406 0.053125 0.0855903
1 0.634375 0.203472 0.009375 0.0267361
0 0.834375 0.140104 0.040625 0.0604167
0 0.94375 0.603472 0.015625 0.01875
0 0.324414 0.0489583 0.0269531 0.031684
1 0.256836 0.0135417 0.00976562 0.0137587
1 0.346289 0.0615017 0.009375 0.0206597
1 0.9625 0.119965 0.00625 0.0114583
1 0.259766 0.0956597 0.00625 0.0152778
0 0.317578 0.0503906 0.0417969 0.0364583
0 0.736328 0.0821181 0.0289063 0.0631944
1 0.00853272 0.648611 0.0126221 0.0166667
1 0.0461426 0.264062 0.0046875 0.0118056
0 0.721875 0.132292 0.028125 0.0489583
1 0.635938 0.202431 0.0125 0.0291667
1 0.632812 0.205382 0.0109375 0.0236111
0 0.282813 0.0604275 0.0828125 0.0864366
0 0.264258 0.0960069 0.0140625 0.0145833
1 0.160547 0.0375434 0.00566406 0.0140625
0 0.627344 0.148785 0.0171875 0.0430556
0 0.256836 0.0135417 0.00976562 0.0137587
0 0.63125 0.145313 0.025 0.0510417
1 0.9625 0.123177 0.0078125 0.0173611
0 0.777344 0.0122016 0.0109375 0.015701
1 0.264258 0.0960069 0.0140625 0.0145833
1 0.755859 0.0116753 0.0101562 0.0160156
0 0.329688 0.0554687 0.0179687 0.0439236
1 0.00944824 0.258333 0.00551758 0.0111111
0 0.280469 0.0496094 0.0242187 0.0549479
0 0.271094 0.0513997 0.04375 0.0607422
0 0.276172 0.00797526 0.00625 0.0155599
0 0.264062 0.0958333 0.0195312 0.0152778
0 0.333594 0.0451389 0.0179687 0.0249132
0 0.346094 0.0612847 0.009375 0.0206597
0 0.303516 0.0437066 0.0382813 0.0318576
0 0.755469 0.0115397 0.0117188 0.0168511
0 0.634375 0.149392 0.03125 0.0432292
0 0.636328 0.140278 0.0359375 0.0621528
0 0.821875 0.138542 0.059375 0.0597222
1 0.575781 0.272222 0.009375 0.0305556
1 0.257227 0.0953125 0.00820312 0.0166667
1 0.760938 0.376736 0.0078125 0.0152778
1 0.330469 0.0482205 0.0140625 0.0296007
0 0.330859 0.0534722 0.0140625 0.0369792
0 0.460938 0.656597 0.0546875 0.0826389
1 0.634375 0.210764 0.0101562 0.0291667
0 0.442187 0.276042 0.040625 0.0819444
0 0.738281 0.258333 0.0460938 0.06875
0 0.515625 0.223438 0.0421875 0.0798611
0 0.48125 0.137153 0.0375 0.0795139
0 0.842969 0.0581597 0.0453125 0.0609375
0 0.413281 0.191319 0.0351562 0.0677083
0 0.638672 0.268403 0.0507812 0.0743056
0 0.688672 0.259896 0.0445312 0.0628472
0 0.835938 0.130208 0.034375 0.0430556
1 0.355469 0.120139 0.00820312 0.0263889
0 0.331055 0.0438368 0.0132813 0.021441
1 0.360547 0.118056 0.00703125 0.0263889
1 0.777344 0.0122179 0.0109375 0.0156684
1 0.362109 0.117882 0.00859375 0.0274306
0 0.328906 0.0445747 0.0179687 0.0235243
1 0.633594 0.20625 0.0078125 0.0208333
1 0.276172 0.00797526 0.00625 0.0156467
1 0.330664 0.0440538 0.0136719 0.0215278
0 0.319922 0.0454427 0.0355469 0.0274306
1 0.276563 0.00964627 0.00742187 0.0191189
0 0.330469 0.0482639 0.0148437 0.0298611
0 0.0811523 0.399306 0.0189453 0.0319444
1 0.634375 0.203472 0.009375 0.0267361
0 0.970312 0.166406 0.053125 0.0855903
0 0.834375 0.140278 0.040625 0.0607639
0 0.268164 0.0604601 0.0527344 0.0846354
0 0.94375 0.603472 0.015625 0.01875
0 0.324414 0.0489583 0.0269531 0.0315972
1 0.346289 0.0614583 0.009375 0.0206597
1 0.256836 0.0135634 0.00976562 0.0138021
1 0.9625 0.119965 0.00625 0.0116319
1 0.259766 0.0956597 0.00625 0.0152778
0 0.317578 0.0503906 0.0421875 0.0365451
1 0.00843506 0.648611 0.0125244 0.0166667
1 0.632812 0.205556 0.0109375 0.0236111
0 0.736328 0.0821181 0.0289063 0.0631944
1 0.635938 0.202431 0.0125 0.0291667
0 0.721875 0.132292 0.028125 0.0489583
1 0.160547 0.0375 0.00566406 0.0140625
1 0.0460938 0.263889 0.00488281 0.0118056
0 0.264062 0.0960069 0.0140625 0.0145833
0 0.627344 0.148785 0.0171875 0.0430556
0 0.282227 0.0603733 0.0816406 0.0865451
0 0.777344 0.0122179 0.0109375 0.0156684
0 0.256836 0.0135634 0.00976562 0.0138021
1 0.9625 0.123177 0.0078125 0.0173611
0 0.63125 0.145226 0.025 0.0512153
1 0.755859 0.011697 0.0101562 0.0160156
1 0.264062 0.0960069 0.0140625 0.0145833
0 0.822656 0.138976 0.059375 0.0605903
1 0.00947266 0.258333 0.00556641 0.0111111
0 0.333594 0.0450955 0.0179687 0.0249132
0 0.346094 0.0613281 0.009375 0.0206597
0 0.755469 0.0115668 0.0117188 0.0168837
0 0.276172 0.00797526 0.00625 0.0156467
0 0.270898 0.0508789 0.0441406 0.0598741
0 0.329688 0.0555122 0.0179687 0.0436632
0 0.264062 0.0958333 0.0195312 0.0154514
0 0.303906 0.0437391 0.0390625 0.0319661
0 0.636719 0.140104 0.0359375 0.0625
1 0.575781 0.272222 0.0101562 0.0305556
0 0.634375 0.149219 0.03125 0.0435764
0 0.280664 0.0493924 0.0242187 0.0541667
1 0.760938 0.376736 0.0078125 0.0152778
1 0.257227 0.0952257 0.00820312 0.0164931
1 0.634375 0.21059 0.0101562 0.0288194
1 0.330469 0.0482205 0.0140625 0.0295139
0 0.331055 0.0534288 0.0140625 0.0365451
0 0.460938 0.656597 0.0546875 0.0826389
0 0.442187 0.276042 0.040625 0.0819444
0 0.738281 0.258333 0.0460938 0.06875
0 0.48125 0.137153 0.0375 0.0795139
0 0.515625 0.223438 0.0421875 0.0798611
0 0.842969 0.0581597 0.0453125 0.0609375
0 0.413281 0.191146 0.0351562 0.0677083
0 0.638672 0.268403 0.0507812 0.0743056
0 0.688672 0.260069 0.0445312 0.0631944
0 0.835938 0.130208 0.034375 0.0430556
1 0.355469 0.120139 0.00859375 0.0263889
0 0.331055 0.0438368 0.0132813 0.0213542
1 0.360547 0.118056 0.00703125 0.0263889
1 0.776953 0.012245 0.0109375 0.015701
1 0.362109 0.117882 0.00859375 0.0274306
1 0.276172 0.00795356 0.00625 0.0157335
1 0.633594 0.206076 0.0078125 0.0208333
0 0.328906 0.0445747 0.0179687 0.0235243
1 0.330859 0.0440213 0.0132813 0.0215061
1 0.276563 0.00959201 0.00742187 0.0190972
0 0.319922 0.0454861 0.0359375 0.0274306
0 0.0811523 0.399306 0.0189453 0.0319444
1 0.634375 0.203472 0.009375 0.0263889
0 0.330469 0.0482639 0.0148437 0.0296875
0 0.970312 0.166319 0.053125 0.0857639
0 0.834375 0.140451 0.0421875 0.0611111
0 0.268164 0.0603733 0.0527344 0.0846354
0 0.325586 0.0460938 0.0246094 0.0269965
0 0.94375 0.603472 0.015625 0.01875
1 0.346289 0.0614583 0.009375 0.0206597
1 0.256836 0.0135634 0.00976562 0.0138455
1 0.9625 0.119965 0.00625 0.0118056
1 0.259766 0.0956597 0.00625 0.0152778
1 0.632812 0.205556 0.0109375 0.0236111
0 0.317383 0.0504774 0.0421875 0.0367187
1 0.00836182 0.648611 0.0124756 0.0166667
1 0.636328 0.202778 0.0125 0.0291667
0 0.736328 0.0821181 0.0289063 0.0630208
1 0.160547 0.0375108 0.00546875 0.0140408
0 0.776953 0.012245 0.0109375 0.015701
0 0.721875 0.132205 0.028125 0.0487847
1 0.9625 0.123177 0.0078125 0.0175347
0 0.256836 0.0135634 0.00976562 0.0138455
0 0.627734 0.148698 0.0179687 0.0432292
0 0.264062 0.0959201 0.0132813 0.0145833
0 0.63125 0.145052 0.025 0.0515625
1 0.0461426 0.263889 0.00488281 0.0125
0 0.282031 0.060319 0.08125 0.0866536
1 0.75625 0.0117188 0.0109375 0.0160156
0 0.823438 0.13941 0.059375 0.0614583
1 0.264062 0.0959201 0.0132813 0.0145833
0 0.333594 0.0450412 0.0179687 0.0246745
1 0.575781 0.272222 0.009375 0.0305556
0 0.755469 0.0112847 0.0109375 0.0163194
0 0.276172 0.00795356 0.00625 0.0157335
1 0.00947266 0.258333 0.00556641 0.0114583
0 0.346094 0.0613715 0.009375 0.0206597
0 0.636719 0.139931 0.0359375 0.0628472
0 0.304492 0.0437934 0.0390625 0.0320312
0 0.634375 0.149132 0.03125 0.04375
1 0.634375 0.21059 0.0101562 0.0288194
0 0.263672 0.0958333 0.0203125 0.0154514
1 0.760938 0.377083 0.0078125 0.0152778
0 0.271094 0.0503906 0.04375 0.058941
1 0.257227 0.0952257 0.00820312 0.0163194
0 0.329688 0.0555556 0.0179687 0.0434028
1 0.330469 0.0481771 0.0140625 0.0293403
0 0.280859 0.0490343 0.0242187 0.0533203
0 0.442187 0.276042 0.040625 0.0819444
0 0.738281 0.258333 0.0460938 0.06875
0 0.48125 0.137153 0.0375 0.0795139
0 0.515625 0.223438 0.0421875 0.0798611
0 0.842969 0.0581597 0.0453125 0.0609375
0 0.413281 0.191146 0.0351562 0.0677083
0 0.638672 0.268403 0.0507812 0.0743056
0 0.688672 0.260069 0.0445312 0.0631944
0 0.835938 0.130122 0.034375 0.0427083
1 0.355469 0.120052 0.0078125 0.0262153
0 0.331055 0.0438477 0.0132813 0.0213325
1 0.360547 0.118056 0.00703125 0.0263889
1 0.776953 0.0122613 0.0109375 0.0156684
1 0.362109 0.117882 0.00859375 0.0274306
1 0.276367 0.00797526 0.00664063 0.0158637
1 0.633594 0.20625 0.0078125 0.0208333
0 0.328906 0.0445747 0.0179687 0.0233507
1 0.330859 0.0440213 0.0132813 0.0215061
0 0.319922 0.0455295 0.0355469 0.0273438
0 0.0811523 0.399306 0.0189453 0.0319444
1 0.634375 0.203646 0.009375 0.0263889
0 0.330469 0.0482639 0.0148437 0.0295139
0 0.969531 0.166319 0.0546875 0.0857639
0 0.834375 0.140625 0.0421875 0.0611111
0 0.268164 0.0601997 0.0527344 0.0849826
1 0.346289 0.0614583 0.009375 0.0207465
0 0.325781 0.0459961 0.0242187 0.0265842
0 0.94375 0.603472 0.015625 0.01875
1 0.9625 0.119965 0.00625 0.0118056
1 0.256836 0.0135634 0.00976562 0.0138455
1 0.259766 0.0956597 0.00625 0.0152778
1 0.632812 0.205556 0.0109375 0.0236111
0 0.776953 0.0122613 0.0109375 0.0156684
0 0.317187 0.0506076 0.0421875 0.0368056
1 0.00827637 0.648611 0.0123535 0.0159722
1 0.160547 0.0375 0.00546875 0.0140625
1 0.636328 0.202778 0.0125 0.0288194
0 0.736328 0.0820312 0.0289063 0.0630208
1 0.9625 0.123177 0.0078125 0.0175347
0 0.256836 0.0135634 0.00976562 0.0138455
0 0.721875 0.132205 0.028125 0.0487847
0 0.628125 0.148611 0.01875 0.0434028
0 0.631641 0.144878 0.0257812 0.0519097
0 0.264062 0.0959201 0.0132813 0.0145833
1 0.75625 0.0118001 0.0109375 0.0159831
0 0.823438 0.13967 0.059375 0.0619792
0 0.282227 0.0600803 0.0816406 0.0867839
1 0.575781 0.272396 0.009375 0.0309028
0 0.755469 0.0113281 0.0109375 0.0163194
1 0.0461426 0.263889 0.00498047 0.0125
0 0.276367 0.00797526 0.00664063 0.0158637
0 0.333594 0.0449544 0.0179687 0.0245009
1 0.264062 0.0959201 0.0132813 0.0145833
0 0.636719 0.13967 0.0359375 0.0633681
0 0.346094 0.0612847 0.009375 0.0204861
1 0.634375 0.21059 0.0101562 0.0288194
1 0.760938 0.377083 0.0078125 0.0152778
0 0.305078 0.0438802 0.0390625 0.0319444
0 0.263672 0.0958333 0.0207031 0.015625
1 0.00949707 0.258333 0.00559082 0.0118056
0 0.633594 0.151215 0.0289063 0.0402778
1 0.257227 0.0951389 0.00820312 0.0163194
0 0.442187 0.276042 0.040625 0.0819444
0 0.738281 0.258333 0.0460938 0.06875
0 0.48125 0.137153 0.0375 0.0795139
0 0.515625 0.223264 0.0421875 0.0798611
0 0.842969 0.0581597 0.0453125 0.0609375
0 0.413281 0.191146 0.0351562 0.0677083
0 0.638672 0.268403 0.0507812 0.0743056
0 0.688672 0.260069 0.0445312 0.0631944
0 0.835938 0.130208 0.034375 0.0427083
1 0.355469 0.120139 0.0078125 0.0263889
0 0.331055 0.0437934 0.0132813 0.0212674
1 0.360547 0.118056 0.00703125 0.0263889
1 0.776953 0.0122613 0.0109375 0.0156684
1 0.362109 0.117882 0.00859375 0.0274306
1 0.276367 0.00797526 0.00664063 0.0158637
1 0.633594 0.20625 0.0078125 0.0208333
0 0.328906 0.0445747 0.0179687 0.0233507
1 0.330859 0.0440104 0.0132813 0.021441
0 0.319922 0.0455295 0.0355469 0.0273438
0 0.0811523 0.399306 0.0189453 0.0319444
1 0.634375 0.203646 0.009375 0.0263889
0 0.330469 0.0482639 0.0148437 0.0295139
0 0.969531 0.166319 0.0546875 0.0857639
0 0.834375 0.140538 0.0421875 0.0612847
0 0.268164 0.0601997 0.0527344 0.0849826
1 0.346289 0.0614583 0.009375 0.0206597
0 0.325781 0.0460069 0.0242187 0.0265625
0 0.94375 0.603472 0.015625 0.0180556
1 0.9625 0.119965 0.00625 0.0118056
1 0.256836 0.0135634 0.00976562 0.0138455
1 0.259766 0.0956597 0.00625 0.0152778
1 0.632812 0.205556 0.0109375 0.0236111
0 0.776953 0.0122613 0.0109375 0.0156684
0 0.317187 0.050651 0.0421875 0.0368056
1 0.00827637 0.648611 0.0123535 0.0159722
1 0.160547 0.0375 0.00546875 0.0140625
1 0.636328 0.202778 0.0125 0.0288194
0 0.736328 0.0820312 0.0289063 0.0630208
1 0.9625 0.123177 0.0078125 0.0175347
0 0.256836 0.0135634 0.00976562 0.0138455
0 0.721875 0.132205 0.028125 0.0487847
0 0.628125 0.148611 0.01875 0.0434028
0 0.631641 0.144878 0.0257812 0.0519097
0 0.264062 0.0959201 0.0132813 0.0145833
0 0.823438 0.13967 0.059375 0.0619792
1 0.75625 0.0118001 0.0109375 0.0159831
0 0.282227 0.0601128 0.0816406 0.0867188
1 0.575781 0.272396 0.009375 0.0309028
0 0.755469 0.0113281 0.0109375 0.0163194
0 0.333594 0.0449544 0.0179687 0.0245009
1 0.0461426 0.263889 0.00498047 0.0125
0 0.276367 0.00797526 0.00664063 0.0158637
1 0.264062 0.0959201 0.0132813 0.0145833
0 0.636719 0.13967 0.0359375 0.0633681
0 0.346094 0.0612847 0.009375 0.0204861
1 0.634375 0.21059 0.0101562 0.0288194
1 0.760938 0.377083 0.0078125 0.0152778
0 0.305078 0.0438802 0.0390625 0.0319444
0 0.263672 0.0957465 0.0203125 0.0154514
1 0.00949707 0.258333 0.00561523 0.0118056
0 0.633594 0.151215 0.0289063 0.0402778
1 0.257227 0.0951389 0.00820312 0.0163194
