3 0.326562 0.363889 0.0640625 0.0951389
1 0.664062 0.383681 0.0132813 0.0347222
1 0.669531 0.370139 0.00859375 0.0284722
1 0.184766 0.538194 0.00390625 0.0125
1 0.053125 0.0349935 0.00527344 0.01352
1 0.15752 0.783333 0.0130859 0.0194444
1 0.672266 0.371181 0.0132813 0.03125
0 0.664062 0.383333 0.0140625 0.0347222
1 0.664844 0.374306 0.0140625 0.0347222
1 0.670313 0.363194 0.0109375 0.0291667
1 0.053418 0.0325521 0.00585938 0.0151042
0 0.964063 0.0424371 0.01875 0.0279731
3 0.326562 0.363542 0.0632813 0.0951389
1 0.664062 0.383681 0.0140625 0.0347222
1 0.669531 0.369792 0.0078125 0.0277778
1 0.670313 0.370833 0.0101562 0.0305556
0 0.964063 0.0427083 0.01875 0.0263021
1 0.665234 0.376042 0.015625 0.0381944
1 0.672266 0.370139 0.0132813 0.0305556
0 0.663672 0.383333 0.0140625 0.0347222
0 0.982813 0.00598958 0.015625 0.0107205
1 0.0536133 0.0323568 0.00634766 0.0156684
1 0.184961 0.538542 0.00449219 0.0145833
1 0.0532715 0.0351562 0.00585938 0.0131944
1 0.15752 0.782639 0.0113281 0.0180556
1 0.670313 0.363194 0.0109375 0.0305556
0 0.99375 0.0214844 0.0109375 0.0304688
1 0.670313 0.108507 0.0046875 0.0135417
1 0.333594 0.379861 0.0125 0.0270833
3 0.326562 0.363976 0.0632813 0.0956597
1 0.663672 0.384028 0.0125 0.0340278
1 0.669531 0.370139 0.0078125 0.0291667
1 0.670313 0.370833 0.0109375 0.0291667
1 0.672266 0.371181 0.0132813 0.03125
1 0.0529297 0.034885 0.00664063 0.0163411
0 0.982813 0.00667318 0.015625 0.0115234
1 0.058252 0.0344184 0.00566406 0.0166667
0 0.964063 0.0426649 0.01875 0.0267361
1 0.0533203 0.0321832 0.00703125 0.0194878
1 0.670313 0.364236 0.0117188 0.0347222
1 0.157617 0.781944 0.0128906 0.0194444
1 0.664844 0.373264 0.0140625 0.0333333
1 0.184766 0.538542 0.00507812 0.0159722
0 0.663281 0.384028 0.0125 0.0333333
3 0.326562 0.363542 0.0632813 0.0951389
1 0.663281 0.384375 0.0125 0.0340278
1 0.669531 0.370486 0.0078125 0.0291667
1 0.670313 0.371181 0.0109375 0.0305556
1 0.184863 0.538194 0.00566406 0.0166667
1 0.672656 0.371181 0.0132813 0.0326389
0 0.663672 0.384722 0.0140625 0.0333333
1 0.157715 0.782639 0.0128906 0.0208333
1 0.703906 0.126042 0.00703125 0.0128472
1 0.670313 0.364583 0.0109375 0.0347222
1 0.0530273 0.0354601 0.00722656 0.0162326
1 0.664453 0.373264 0.0140625 0.0340278
1 0.184961 0.536111 0.00664063 0.0194444
3 0.326562 0.363802 0.0632813 0.0946181
1 0.669531 0.369444 0.0078125 0.0270833
1 0.664062 0.384722 0.0125 0.0333333
1 0.6625 0.3875 0.0125 0.0277778
1 0.670313 0.370833 0.0109375 0.0298611
1 0.184766 0.538194 0.00488281 0.0166667
1 0.703906 0.126042 0.00703125 0.0135417
0 0.663672 0.385417 0.0148437 0.0333333
1 0.157324 0.783333 0.0132813 0.0208333
1 0.672656 0.370833 0.0140625 0.0319444
1 0.664844 0.371528 0.0148437 0.0333333
0 0.982813 0.00639106 0.0171875 0.0118273
0 0.964063 0.0428819 0.01875 0.0259549
0 0.157324 0.783333 0.0132813 0.0208333
1 0.053125 0.0351128 0.00800781 0.0169271
0 0.995313 0.025 0.009375 0.0270833
1 0.670313 0.361111 0.0109375 0.0277778
3 0.326367 0.363802 0.0636719 0.0946181
1 0.669531 0.369444 0.0078125 0.0277778
1 0.663672 0.384722 0.0125 0.0347222
1 0.670313 0.370833 0.0109375 0.0298611
1 0.184766 0.538194 0.00488281 0.0173611
1 0.703906 0.125955 0.00703125 0.0140625
0 0.664062 0.385069 0.0140625 0.0340278
1 0.0533203 0.0324653 0.00683594 0.0199653
1 0.672656 0.370833 0.0140625 0.0319444
1 0.664453 0.371528 0.0140625 0.0333333
1 0.157422 0.783333 0.0128906 0.0208333
0 0.982813 0.00611979 0.015625 0.0114583
0 0.99375 0.024783 0.0125 0.0272569
1 0.669922 0.361806 0.0101562 0.0277778
1 0.0584961 0.0329427 0.00664063 0.0207465
3 0.326367 0.363802 0.0636719 0.0946181
1 0.669531 0.369444 0.0078125 0.0277778
1 0.663672 0.384722 0.0132813 0.0347222
1 0.670313 0.370486 0.0109375 0.0291667
1 0.184766 0.538194 0.00488281 0.0166667
1 0.703906 0.125868 0.00703125 0.0138889
1 0.053125 0.0324436 0.00683594 0.0191406
0 0.664062 0.384722 0.015625 0.0347222
1 0.672656 0.370833 0.0140625 0.0326389
1 0.664844 0.372569 0.0140625 0.0347222
0 0.994531 0.0234375 0.009375 0.0303819
0 0.982813 0.00635851 0.015625 0.0115017
0 0.964063 0.0430447 0.01875 0.026237
1 0.670313 0.361806 0.0109375 0.0277778
3 0.326562 0.363802 0.0632813 0.0946181
1 0.669531 0.369444 0.0078125 0.0277778
1 0.663672 0.384722 0.0132813 0.0347222
1 0.670313 0.370833 0.0109375 0.0291667
1 0.184766 0.538194 0.00488281 0.0166667
1 0.703906 0.125868 0.00703125 0.0138889
0 0.982813 0.00635851 0.0171875 0.0114149
1 0.672656 0.370833 0.0140625 0.0326389
1 0.664844 0.372917 0.0148437 0.0354167
0 0.99375 0.024566 0.0109375 0.0273438
0 0.964063 0.0429688 0.01875 0.0263021
0 0.663672 0.384722 0.0148437 0.0347222
0 0.99375 0.0217665 0.009375 0.034592
1 0.053125 0.0326389 0.00703125 0.0189236
0 0.99375 0.0195367 0.0125 0.0368815
1 0.670313 0.361806 0.0109375 0.0284722
3 0.326562 0.363802 0.0632813 0.0946181
1 0.669531 0.369444 0.0078125 0.0277778
1 0.663672 0.384375 0.0132813 0.0347222
1 0.670313 0.370833 0.0109375 0.0291667
0 0.982813 0.00640191 0.0171875 0.0115885
1 0.184766 0.538194 0.00488281 0.0166667
1 0.672656 0.370833 0.0140625 0.0333333
1 0.664844 0.373611 0.0148437 0.0361111
1 0.703906 0.125781 0.00703125 0.0137153
0 0.964063 0.0430447 0.01875 0.0264106
0 0.99375 0.0244846 0.0109375 0.0274197
0 0.99375 0.0216363 0.009375 0.0348524
0 0.99375 0.0195964 0.0125 0.0370226
1 0.670313 0.361806 0.0109375 0.0291667
0 0.663672 0.384722 0.0148437 0.0340278
1 0.0531738 0.032704 0.00712891 0.018533
3 0.326562 0.363802 0.0632813 0.0946181
1 0.663672 0.384375 0.0132813 0.0347222
1 0.669531 0.369792 0.0078125 0.0284722
1 0.670313 0.370833 0.0109375 0.0291667
1 0.184668 0.538194 0.00488281 0.0166667
1 0.672656 0.370833 0.0140625 0.0333333
0 0.982813 0.00635851 0.0171875 0.0115017
1 0.664844 0.374306 0.015625 0.0375
0 0.964063 0.0430556 0.01875 0.0266493
1 0.703906 0.125868 0.00703125 0.0135417
0 0.99375 0.0243273 0.0109375 0.0275608
0 0.99375 0.0214898 0.009375 0.0350586
0 0.99375 0.0194444 0.0125 0.0368056
1 0.670313 0.3625 0.0109375 0.0291667
1 0.053125 0.0327257 0.00712891 0.0184896
3 0.326367 0.363802 0.0636719 0.0946181
1 0.663672 0.384375 0.0132813 0.0347222
1 0.669531 0.369792 0.0078125 0.0284722
1 0.670313 0.370833 0.0109375 0.0291667
1 0.672656 0.370833 0.0140625 0.0333333
0 0.982813 0.00638021 0.0171875 0.0115017
1 0.184668 0.538194 0.00488281 0.0166667
1 0.664844 0.375 0.015625 0.0375
0 0.964063 0.0431532 0.01875 0.0267144
1 0.703906 0.125781 0.00703125 0.0135417
0 0.99375 0.024566 0.0109375 0.0267361
0 0.99375 0.0215495 0.009375 0.0346788
0 0.99375 0.0190755 0.0125 0.0361545
1 0.670313 0.3625 0.0109375 0.0298611
3 0.326367 0.363802 0.0636719 0.0946181
1 0.663281 0.384375 0.0125 0.0347222
1 0.669531 0.370139 0.0078125 0.0291667
1 0.670313 0.370833 0.0109375 0.0291667
0 0.982813 0.00638021 0.0171875 0.0115451
1 0.672656 0.370833 0.0140625 0.0333333
0 0.964063 0.043099 0.01875 0.0266493
1 0.664844 0.374306 0.0148437 0.0375
1 0.184668 0.538194 0.00488281 0.0166667
1 0.703906 0.125694 0.00703125 0.0135417
0 0.99375 0.0248698 0.0109375 0.0263021
0 0.99375 0.0216146 0.009375 0.0345486
0 0.99375 0.0189453 0.0125 0.0358941
1 0.670313 0.3625 0.0109375 0.0291667
3 0.326367 0.363802 0.0636719 0.0946181
1 0.663281 0.384375 0.0125 0.0347222
1 0.669531 0.370139 0.0078125 0.0291667
1 0.670313 0.370833 0.0109375 0.0291667
0 0.982813 0.00644531 0.0171875 0.0116319
0 0.964063 0.0431424 0.01875 0.0267361
1 0.672656 0.370833 0.0132813 0.0326389
1 0.664844 0.374306 0.0148437 0.0375
0 0.99375 0.0251519 0.0109375 0.0258247
0 0.99375 0.0218099 0.009375 0.0342448
1 0.18457 0.538194 0.00507812 0.0166667
1 0.703906 0.125694 0.00703125 0.0137153
0 0.99375 0.0188585 0.0125 0.0357205
1 0.670313 0.362847 0.0109375 0.0298611
3 0.326367 0.363802 0.0636719 0.0946181
1 0.663281 0.384028 0.0125 0.0347222
1 0.669531 0.370139 0.0078125 0.0291667
1 0.670313 0.370833 0.0109375 0.0291667
0 0.964063 0.0430447 0.01875 0.0267578
0 0.982813 0.00644531 0.0171875 0.0115885
1 0.672656 0.370833 0.0132813 0.0326389
1 0.664844 0.375 0.0148437 0.0375
0 0.99375 0.0251736 0.0109375 0.0256076
0 0.99375 0.0217882 0.009375 0.0340278
1 0.703906 0.125694 0.00703125 0.0138889
1 0.18457 0.537847 0.00488281 0.0159722
0 0.99375 0.018533 0.0125 0.0351562
1 0.670313 0.362847 0.0109375 0.0298611
3 0.326367 0.363802 0.0636719 0.0946181
1 0.663281 0.384028 0.0132813 0.0347222
1 0.669531 0.370139 0.0078125 0.0291667
1 0.670313 0.370833 0.0109375 0.0305556
0 0.964063 0.0430447 0.01875 0.0269314
0 0.982813 0.00644531 0.0171875 0.0115885
1 0.672656 0.370833 0.0132813 0.0326389
1 0.664844 0.375 0.0148437 0.0375
0 0.99375 0.0215712 0.009375 0.034375
0 0.99375 0.025 0.0109375 0.0258681
0 0.99375 0.0184462 0.0125 0.0349826
1 0.18457 0.538194 0.0046875 0.0152778
1 0.703906 0.125694 0.00703125 0.0138889
1 0.670313 0.363194 0.0109375 0.0305556
3 0.326367 0.363802 0.0636719 0.0946181
1 0.663281 0.384028 0.0132813 0.0347222
1 0.669531 0.370139 0.0078125 0.0291667
1 0.670313 0.370833 0.0109375 0.0298611
0 0.964063 0.0430447 0.01875 0.0269314
0 0.982813 0.00657552 0.0171875 0.0116753
1 0.672656 0.370833 0.0132813 0.0326389
1 0.664844 0.375 0.015625 0.0375
0 0.99375 0.0256076 0.0109375 0.0248264
0 0.99375 0.0219672 0.009375 0.0338433
1 0.18457 0.538194 0.0046875 0.0159722
0 0.99375 0.0184679 0.0125 0.0349392
1 0.670313 0.362847 0.0109375 0.0298611
0 0.942187 0.629167 0.015625 0.0159722
1 0.703906 0.125694 0.00703125 0.0140625
3 0.326367 0.363802 0.0636719 0.0946181
1 0.663281 0.384028 0.0132813 0.0347222
1 0.669531 0.370139 0.0078125 0.0291667
1 0.670313 0.370833 0.0109375 0.0305556
0 0.964063 0.043099 0.01875 0.0269097
0 0.982813 0.00660807 0.01875 0.0116102
1 0.672656 0.370833 0.0140625 0.0326389
1 0.664844 0.375 0.015625 0.0375
1 0.18457 0.538194 0.0046875 0.0159722
0 0.99375 0.0222873 0.009375 0.0334635
0 0.99375 0.0258898 0.0109375 0.0244358
0 0.99375 0.0185981 0.0125 0.035026
1 0.670313 0.363194 0.0109375 0.0305556
0 0.942187 0.629167 0.015625 0.0159722
3 0.326367 0.363802 0.0636719 0.0946181
1 0.663281 0.384028 0.0132813 0.0347222
1 0.669531 0.370139 0.0078125 0.0291667
1 0.670313 0.370833 0.0109375 0.0305556
0 0.964063 0.0431424 0.01875 0.0269097
1 0.672656 0.370833 0.0132813 0.0333333
0 0.982813 0.00659722 0.01875 0.0115451
1 0.664844 0.375347 0.015625 0.0375
1 0.18457 0.538194 0.0046875 0.0166667
0 0.99375 0.0221842 0.009375 0.0334093
0 0.99375 0.0258898 0.0109375 0.0242622
0 0.942969 0.628472 0.0171875 0.0166667
0 0.99375 0.0181912 0.0125 0.0341905
3 0.326367 0.363802 0.0636719 0.0946181
1 0.663281 0.384028 0.0132813 0.0347222
1 0.669531 0.370139 0.0078125 0.0291667
1 0.670313 0.370833 0.0109375 0.0305556
0 0.964063 0.0431424 0.01875 0.0269097
1 0.672656 0.370833 0.0132813 0.0333333
0 0.982813 0.00658637 0.01875 0.0115234
1 0.664844 0.375694 0.0148437 0.0375
1 0.18457 0.538194 0.0046875 0.0166667
0 0.942969 0.627778 0.0171875 0.0180556
0 0.99375 0.0224392 0.009375 0.0329861
0 0.99375 0.02602 0.0109375 0.0241753
0 0.94375 0.620833 0.01875 0.0319444
0 0.99375 0.0182292 0.0125 0.0342014
3 0.326367 0.363802 0.0636719 0.0946181
1 0.663281 0.384028 0.0132813 0.0347222
1 0.669531 0.370486 0.0078125 0.0291667
1 0.670313 0.370833 0.0109375 0.0305556
0 0.964063 0.0431424 0.01875 0.0269965
1 0.672656 0.371181 0.0132813 0.0326389
0 0.982813 0.00656467 0.01875 0.0114366
1 0.664844 0.375694 0.0148437 0.0375
1 0.18457 0.538194 0.0046875 0.0166667
0 0.942969 0.628472 0.0171875 0.0180556
0 0.99375 0.0226183 0.009375 0.0324544
0 0.94375 0.622222 0.01875 0.0305556
0 0.99375 0.0261285 0.0109375 0.0238715
3 0.326367 0.363802 0.0636719 0.0946181
1 0.663281 0.384028 0.0125 0.0347222
1 0.669531 0.370486 0.0078125 0.0291667
1 0.670313 0.370833 0.0109375 0.0305556
1 0.672656 0.371181 0.0132813 0.0326389
0 0.964063 0.0431858 0.01875 0.0270833
1 0.664844 0.375694 0.0148437 0.0375
1 0.18457 0.538194 0.0046875 0.0166667
0 0.982813 0.00649957 0.01875 0.0113498
0 0.942969 0.628819 0.0171875 0.0173611
0 0.94375 0.622569 0.01875 0.0298611
3 0.326367 0.363802 0.0636719 0.0946181
1 0.663281 0.384028 0.0125 0.0347222
1 0.669531 0.370833 0.0078125 0.0291667
1 0.670313 0.371181 0.0109375 0.0305556
1 0.672656 0.371181 0.0132813 0.0326389
0 0.964063 0.0432292 0.01875 0.0270833
1 0.664844 0.375694 0.0148437 0.0375
1 0.18457 0.538542 0.0046875 0.0166667
0 0.942969 0.628819 0.0171875 0.0173611
0 0.982813 0.00649957 0.01875 0.0113498
0 0.94375 0.622222 0.01875 0.0305556
3 0.326367 0.363802 0.0636719 0.0946181
1 0.663281 0.384028 0.0125 0.0347222
1 0.669531 0.370833 0.0078125 0.0291667
1 0.670313 0.371181 0.0109375 0.0305556
1 0.672656 0.370833 0.0132813 0.0333333
0 0.964063 0.04324 0.01875 0.0270616
1 0.664844 0.375694 0.015625 0.0375
1 0.18457 0.538194 0.0046875 0.0166667
0 0.942969 0.629167 0.0171875 0.0166667
0 0.982813 0.00645616 0.01875 0.011263
0 0.94375 0.621528 0.01875 0.0319444
3 0.326562 0.363802 0.0632813 0.0946181
1 0.663281 0.384028 0.0125 0.0347222
1 0.669531 0.370833 0.0078125 0.0298611
1 0.670313 0.371528 0.0109375 0.0305556
1 0.672656 0.370833 0.0132813 0.0333333
0 0.964063 0.0432183 0.01875 0.0269314
1 0.664844 0.375694 0.015625 0.0375
1 0.18457 0.538194 0.0046875 0.0166667
0 0.942969 0.629167 0.0171875 0.0166667
3 0.326562 0.363542 0.0632813 0.0951389
1 0.663281 0.384028 0.0125 0.0347222
1 0.669531 0.370833 0.0078125 0.0298611
1 0.670313 0.371528 0.0109375 0.0305556
1 0.672656 0.370833 0.0140625 0.0333333
0 0.964063 0.04324 0.01875 0.026888
1 0.664844 0.375694 0.015625 0.0375
1 0.18457 0.538194 0.0046875 0.0166667
0 0.942187 0.629167 0.015625 0.0166667
3 0.326562 0.363802 0.0632813 0.0946181
1 0.663281 0.384028 0.0125 0.0347222
1 0.669531 0.370833 0.0078125 0.0298611
1 0.670313 0.371528 0.0109375 0.0305556
1 0.672656 0.371181 0.0140625 0.0326389
0 0.964063 0.04324 0.01875 0.026888
1 0.664844 0.375694 0.015625 0.0375
1 0.18457 0.538194 0.0046875 0.0166667
0 0.942187 0.629167 0.015625 0.0166667
