0 0.328906 0.239757 0.05 0.0934028
0 0.815625 0.209332 0.04375 0.0882813
0 0.111157 0.0377496 0.0589355 0.0432509
0 0.128809 0.0756944 0.0607422 0.0487847
1 0.666016 0.807639 0.0125 0.0291667
0 0.096582 0.0122016 0.0539063 0.021951
1 0.729688 0.0166233 0.009375 0.0287326
1 0.7 0.00721571 0.0296875 0.0128255
0 0.705859 0.212153 0.0265625 0.0284722
0 0.83125 0.011697 0.03125 0.0215712
0 0.7 0.00721571 0.0296875 0.0128255
0 0.126367 0.498611 0.0203125 0.0347222
0 0.255469 0.00342882 0.0195312 0.00568576
0 0.108984 0.0106771 0.0292969 0.0182726
0 0.255078 0.00246311 0.0179687 0.00492622
0 0.244922 0.272222 0.0414063 0.0430556
0 0.742188 0.0190755 0.0375 0.0353733
1 0.696094 0.00609809 0.0195312 0.00993924
0 0.101343 0.0102214 0.0441895 0.0174045
0 0.696094 0.0110677 0.0445312 0.0200087
1 0.829687 0.808333 0.009375 0.0111111
0 0.701563 0.00906033 0.040625 0.016862
1 0.698047 0.0109592 0.0382813 0.0198351
1 0.701563 0.00906033 0.040625 0.016862
0 0.696094 0.00609809 0.0195312 0.00993924
0 0.729688 0.0166233 0.009375 0.0287326
1 0.127246 0.498611 0.0216797 0.0340278
1 0.661719 0.808333 0.0171875 0.0305556
0 0.7125 0.0290365 0.0953125 0.0561632
1 0.451953 0.182118 0.0078125 0.0204861
0 0.243555 0.258681 0.04375 0.0604167
1 0.742188 0.0192329 0.0375 0.0355794
0 0.238672 0.272743 0.0539063 0.0479167
0 0.666016 0.807639 0.0125 0.0305556
0 0.451953 0.182118 0.0078125 0.0204861
1 0.70625 0.211111 0.025 0.0277778
0 0.0413208 0.0780382 0.0421631 0.0703125
1 0.973437 0.906944 0.009375 0.0125
1 0.973437 0.909722 0.0109375 0.0166667
1 0.709375 0.0254123 0.0890625 0.0489149
0 0.798437 0.0125 0.021875 0.0223958
0 0.226562 0.223264 0.0460938 0.0395833
0 0.236328 0.288021 0.0625 0.0638889
0 0.698438 0.0230686 0.0554687 0.0434462
0 0.746094 0.00505642 0.0109375 0.00763889
0 0.257031 0.00753038 0.0226563 0.00902778
1 0.255469 0.00342882 0.0195312 0.00568576
1 0.0977539 0.0118056 0.0517578 0.0212674
0 0.433984 0.187153 0.0148437 0.0326389
1 0.45 0.182639 0.0046875 0.021875
1 0.726562 0.0165365 0.0125 0.0299479
0 0.702344 0.0396267 0.122656 0.0758681
1 0.746094 0.00505642 0.0109375 0.00763889
1 0.454688 0.180556 0.00625 0.0229167
1 0.724609 0.00959201 0.0101562 0.0176215
0 0.663672 0.473264 0.13125 0.386806
1 0.011377 0.592361 0.0153809 0.05
0 0.228711 0.301736 0.0410156 0.0402778
0 0.230859 0.275694 0.06875 0.0534722
1 0.449609 0.183681 0.00625 0.0194444
0 0.329102 0.239757 0.05 0.0934028
0 0.815625 0.209028 0.04375 0.0881944
0 0.111108 0.0381076 0.058252 0.0434896
0 0.128906 0.0755642 0.0607422 0.0481771
1 0.666016 0.807639 0.0125 0.0305556
0 0.0966553 0.0116536 0.0535645 0.022092
1 0.729688 0.0161458 0.0078125 0.0274306
0 0.705859 0.212153 0.0265625 0.0267361
0 0.255078 0.0023546 0.01875 0.0047092
1 0.730078 0.0162815 0.0101562 0.0301975
0 0.108105 0.0103516 0.0308594 0.0188802
0 0.241406 0.253472 0.0492188 0.0715278
0 0.255469 0.00342882 0.01875 0.00585938
0 0.700781 0.00518663 0.01875 0.00928819
1 0.700781 0.00518663 0.01875 0.00928819
0 0.83125 0.0117622 0.028125 0.021224
0 0.246484 0.258681 0.0382813 0.0638889
0 0.247656 0.267535 0.0375 0.0496528
1 0.829687 0.808333 0.009375 0.0111111
0 0.218945 0.259375 0.0929687 0.0673611
0 0.665625 0.807639 0.0125 0.0305556
0 0.703906 0.00567491 0.015625 0.0104384
1 0.661719 0.808333 0.01875 0.0333333
0 0.228516 0.222917 0.0445312 0.0458333
1 0.6625 0.884028 0.0140625 0.0263889
0 0.677344 0.3 0.0289063 0.0274306
0 0.221094 0.394444 0.0472656 0.0965278
0 0.707031 0.0155165 0.0078125 0.0125434
0 0.740234 0.0186198 0.040625 0.0353299
0 0.228516 0.236111 0.0585938 0.0618056
0 0.236719 0.232465 0.0429688 0.0482639
0 0.241797 0.272222 0.0492188 0.0493056
0 0.219141 0.222743 0.0601562 0.0493056
0 0.250781 0.271181 0.0304688 0.0416667
0 0.714844 0.0241536 0.0953125 0.0468316
1 0.973437 0.906944 0.009375 0.0138889
1 0.705859 0.210417 0.0242187 0.0260417
0 0.729688 0.0157769 0.00859375 0.0281684
1 0.255469 0.00342882 0.01875 0.00585938
1 0.703906 0.00567491 0.015625 0.0104384
0 0.23125 0.259375 0.0679687 0.0611111
1 0.965625 0.14566 0.00625 0.0184028
0 0.238281 0.265104 0.0546875 0.0524306
1 0.0976318 0.0115072 0.0516113 0.0218641
0 0.211914 0.238542 0.0863281 0.0704861
0 0.212695 0.390972 0.0714844 0.0993056
0 0.960938 0.205035 0.021875 0.0208333
0 0.807031 0.0252821 0.0390625 0.0449219
0 0.264453 0.00477431 0.0398437 0.00833333
0 0.233398 0.247569 0.0609375 0.0645833
0 0.246094 0.285764 0.0445312 0.06875
0 0.832812 0.0149306 0.0375 0.0291233
1 0.692578 0.00449219 0.0109375 0.00794271
0 0.974219 0.176085 0.0515625 0.126302
0 0.218164 0.409722 0.0503906 0.0638889
1 0.746094 0.0046224 0.0109375 0.00755208
3 0.510938 0.0323568 0.075 0.0646267
0 0.746094 0.0046224 0.0109375 0.00755208
0 0.208154 0.236111 0.0797852 0.0534722
1 0.126465 0.497222 0.0191406 0.0305556
0 0.213721 0.228472 0.0717773 0.0482639
1 0.725 0.0161079 0.0109375 0.0292426
1 0.11123 0.0387587 0.0585938 0.0434028
0 0.452344 0.182986 0.0078125 0.01875
0 0.824219 0.074783 0.123438 0.113281
0 0.815625 0.209028 0.04375 0.0878472
0 0.328906 0.240278 0.05 0.09375
0 0.111035 0.0378906 0.0589844 0.0434028
0 0.128906 0.0754774 0.0607422 0.0483507
1 0.665625 0.806944 0.0125 0.0305556
0 0.0963135 0.0126736 0.0538574 0.0238281
1 0.729688 0.0161024 0.009375 0.0287326
0 0.0393066 0.0784939 0.0454102 0.0718316
0 0.255078 0.002398 0.0179687 0.00479601
0 0.255078 0.00345052 0.01875 0.00546875
0 0.108398 0.0104926 0.0306641 0.0185981
0 0.83125 0.0117839 0.028125 0.021224
0 0.665625 0.806944 0.0125 0.0305556
1 0.7 0.00504557 0.0296875 0.00917969
0 0.211914 0.425 0.0632813 0.0652778
0 0.699219 0.00577257 0.0359375 0.0107205
0 0.100879 0.0102322 0.0447266 0.0178168
1 0.829687 0.808333 0.009375 0.0111111
0 0.203125 0.435069 0.0796875 0.0840278
1 0.973437 0.909028 0.009375 0.0166667
1 0.0966797 0.0131076 0.0533203 0.0244792
1 0.695312 0.00440538 0.0171875 0.0078125
0 0.219922 0.422222 0.0484375 0.0597222
0 0.700781 0.00748698 0.040625 0.0142361
1 0.725391 0.0138835 0.0109375 0.0262261
0 0.699219 0.00482856 0.0257812 0.00881076
0 0.695312 0.00440538 0.0171875 0.0078125
1 0.667969 0.808333 0.015625 0.0333333
1 0.6625 0.884028 0.0132813 0.025
0 0.705859 0.212326 0.0265625 0.0274306
1 0.964063 0.147917 0.00625 0.0243056
1 0.255078 0.00345052 0.01875 0.00546875
1 0.341406 0.183681 0.0109375 0.01875
0 0.225391 0.420139 0.0371094 0.0527778
0 0.219531 0.411111 0.0484375 0.0486111
0 0.126563 0.498611 0.0210938 0.0319444
0 0.961719 0.205556 0.0234375 0.0201389
1 0.111133 0.0378906 0.0585938 0.0429688
1 0.670703 0.807639 0.0210938 0.0375
1 0.452344 0.183681 0.00625 0.0166667
1 0.746094 0.00596788 0.0109375 0.00924479
1 0.385938 0.0890625 0.0101562 0.0173611
1 0.377539 0.128646 0.0113281 0.0111111
0 0.358203 0.157986 0.0242187 0.0260417
0 0.742578 0.0184462 0.0367187 0.0340278
0 0.965625 0.197222 0.034375 0.0430556
0 0.225391 0.221701 0.0476562 0.0440972
0 0.698438 0.00827908 0.0273438 0.0155165
0 0.433594 0.186806 0.015625 0.0319444
0 0.363281 0.155208 0.0132813 0.025
0 0.246289 0.271875 0.0390625 0.0458333
1 0.660937 0.807639 0.0171875 0.0333333
0 0.835938 0.0143663 0.0453125 0.028559
0 0.23125 0.425 0.0324219 0.0597222
0 0.971875 0.171701 0.05625 0.119097
1 0.386328 0.0904514 0.0140625 0.0194444
0 0.239063 0.294444 0.0601562 0.0763889
0 0.341406 0.183681 0.0109375 0.01875
0 0.678125 0.300694 0.0296875 0.0270833
0 0.101733 0 0.042627 0
0 0.815625 0.209071 0.04375 0.0881076
0 0.329102 0.239583 0.0503906 0.0930556
0 0.111328 0.037934 0.0585938 0.0430556
0 0.129102 0.0755208 0.0601562 0.0484375
1 0.665625 0.807639 0.0125 0.0305556
0 0.096582 0.0122179 0.0539063 0.0224392
1 0.729688 0.0161079 0.009375 0.0293294
0 0.255469 0.00257704 0.01875 0.00515408
0 0.83125 0.0115234 0.028125 0.0208333
0 0.255273 0.00349392 0.0191406 0.00572917
1 0.829687 0.808333 0.009375 0.0111111
0 0.101196 0.0101997 0.0444824 0.0175347
0 0.107617 0.0106337 0.0328125 0.0188368
0 0.256836 0.00368924 0.0234375 0.00672743
0 0.665625 0.807639 0.0125 0.0305556
1 0.127734 0.498958 0.0236328 0.0326389
0 0.0401367 0.0778646 0.0425781 0.0727431
0 0.961719 0.205903 0.0234375 0.0215278
1 0.973437 0.909722 0.009375 0.0166667
1 0.451562 0.183333 0.00625 0.0180556
1 0.0972656 0.0112196 0.053125 0.0203125
0 0.242188 0.270486 0.0476562 0.0451389
1 0.725781 0.0135851 0.0109375 0.0257812
0 0.127051 0.498611 0.0222656 0.0319444
0 0.45 0.184375 0.0046875 0.0173611
0 0.451562 0.183333 0.00625 0.0180556
1 0.973437 0.909722 0.0125 0.0194444
1 0.377734 0.128299 0.0109375 0.0107639
0 0.433594 0.186806 0.0140625 0.03125
0 0.245117 0.26441 0.0414063 0.0541667
0 0.70625 0.212326 0.0265625 0.0277778
1 0.661719 0.808333 0.0171875 0.0333333
1 0.45 0.184375 0.0046875 0.0173611
0 0.678125 0.301389 0.0296875 0.0277778
1 0.11123 0.0381944 0.0589844 0.0438368
0 0.239453 0.253472 0.053125 0.0722222
0 0.964844 0.200521 0.03125 0.034375
1 0.830469 0.809722 0.0109375 0.0152778
1 0.6625 0.884028 0.0132813 0.0236111
0 0.223438 0.222049 0.0515625 0.0489583
1 0.132715 0.500347 0.0341797 0.0354167
1 0.473047 0.0397135 0.00546875 0.0169271
0 0.697656 0.00549045 0.0296875 0.00963542
0 0.8375 0.015191 0.0484375 0.0300781
0 0.974219 0.167187 0.0515625 0.105208
0 0.20332 0.175868 0.0574219 0.0506944
1 0.342383 0.184722 0.00898437 0.01875
1 0.386133 0.0889757 0.00976562 0.0163194
1 0.454297 0.178299 0.00625 0.0236111
1 0.667969 0.808333 0.0164062 0.0319444
0 0.232812 0.258681 0.0617188 0.0604167
0 0.211914 0.178472 0.059375 0.0527778
1 0.454688 0.18125 0.0046875 0.0222222
0 0.696875 0.00742187 0.0359375 0.0137153
0 0.960938 0.207813 0.028125 0.0256944
1 0.386133 0.0907118 0.0128906 0.0184028
1 0.603125 0.158333 0.0078125 0.0125
0 0.225391 0.231424 0.0515625 0.0517361
0 0.0775391 0.0119141 0.0160156 0.0213976
0 0.20293 0.165885 0.0503906 0.0407986
0 0.815625 0.209201 0.04375 0.0878472
0 0.329102 0.239931 0.0503906 0.09375
0 0.11123 0.0382921 0.0587891 0.0442491
0 0.129004 0.0756076 0.0599609 0.0486111
1 0.665625 0.807639 0.0125 0.0305556
0 0.0961914 0.0130859 0.0552734 0.024349
1 0.729688 0.0159722 0.009375 0.0292535
0 0.255469 0.00244141 0.0195312 0.00488281
0 0.70625 0.212326 0.0265625 0.0274306
0 0.83125 0.0114366 0.028125 0.0207899
0 0.255078 0.00355903 0.0191406 0.00542535
0 0.101465 0.00966797 0.0439453 0.0166016
0 0.9625 0.206597 0.025 0.0236111
1 0.6625 0.884028 0.0140625 0.025
0 0.0407227 0.0791667 0.047168 0.0746528
1 0.829687 0.808333 0.009375 0.0111111
0 0.257031 0.0039822 0.0242187 0.0062717
1 0.741406 0.0173557 0.0367187 0.033431
0 0.665625 0.807639 0.0125 0.0305556
0 0.108008 0.0104492 0.0320312 0.0184245
0 0.0908447 0.0120226 0.0425293 0.0220052
0 0.973437 0.168576 0.053125 0.111806
0 0.740625 0.0182726 0.0390625 0.0340278
0 0.677344 0.304688 0.0296875 0.0357639
1 0.660937 0.807639 0.01875 0.0333333
0 0.0820312 0.0124349 0.0226563 0.0226997
0 0.223828 0.223264 0.0507812 0.0513889
0 0.243945 0.271528 0.0441406 0.0416667
1 0.726562 0.0139703 0.0125 0.0263997
1 0.377734 0.128299 0.0109375 0.0109375
1 0.386719 0.0886285 0.0109375 0.015625
1 0.0820312 0.0124349 0.0226563 0.0226997
1 0.11123 0.0382921 0.0587891 0.0442491
0 0.696875 0.00538194 0.0328125 0.00915799
0 0.9625 0.210069 0.028125 0.03125
1 0.473047 0.0394531 0.00546875 0.0184896
1 0.667969 0.808333 0.015625 0.0319444
1 0.127344 0.498611 0.0230469 0.0340278
0 0.0407715 0.083355 0.0606445 0.0874566
0 0.451562 0.183333 0.00625 0.01875
1 0.0970703 0.0114583 0.0541016 0.0210069
1 0.451562 0.183333 0.00625 0.01875
0 0.697656 0.00219727 0.028125 0.00439453
1 0.973437 0.909722 0.009375 0.0166667
1 0.386719 0.0905382 0.0140625 0.0182292
0 0.260156 0.00142687 0.0335938 0.00285373
0 0.829687 0.808333 0.009375 0.0111111
0 0.695312 0.00719401 0.0367187 0.0128689
0 0.097168 0.00399306 0.0546875 0.00798611
1 0.603125 0.157986 0.0078125 0.0131944
0 0.603125 0.157986 0.0078125 0.0131944
1 0.830469 0.810417 0.0109375 0.0152778
1 0.746875 0.00638021 0.0140625 0.0103733
1 0.45 0.184028 0.0046875 0.0180556
0 0.449609 0.184722 0.00625 0.0173611
0 0.220703 0.216319 0.0507812 0.0583333
0 0.6875 0.302431 0.0492188 0.03125
0 0.835156 0.0121745 0.034375 0.0235677
1 0.233594 0.408333 0.00859375 0.025
0 0.386719 0.0905382 0.0140625 0.0182292
0 0.815625 0.209201 0.04375 0.0878472
0 0.329102 0.239931 0.0503906 0.0930556
0 0.111157 0.0380642 0.0585449 0.043316
0 0.129102 0.0757378 0.0601562 0.0485243
1 0.665625 0.808333 0.0125 0.0305556
0 0.0962646 0.0116808 0.0547363 0.0212565
1 0.729688 0.016059 0.009375 0.0293403
0 0.103613 0.00945096 0.0392578 0.0159071
0 0.255859 0.00246311 0.0195312 0.00492622
0 0.0413086 0.0791667 0.0456055 0.0736111
0 0.83125 0.0116319 0.0296875 0.0211806
0 0.255078 0.00364583 0.0195312 0.00533854
1 0.662109 0.884028 0.0140625 0.025
0 0.70625 0.2125 0.0265625 0.0277778
0 0.257227 0.00405816 0.0242187 0.00611979
0 0.108398 0.0105143 0.0310547 0.0182943
0 0.9625 0.205903 0.025 0.021875
1 0.829687 0.808333 0.009375 0.0111111
1 0.386719 0.0883681 0.0109375 0.0152778
1 0.111157 0.0382921 0.0589355 0.0444227
1 0.973437 0.909722 0.009375 0.0166667
0 0.097876 0.0170356 0.0526855 0.0242622
0 0.084668 0.0126248 0.0277344 0.0228407
0 0.665625 0.808333 0.0125 0.0305556
1 0.661328 0.807639 0.0179687 0.0333333
0 0.698047 0.00211046 0.0273438 0.00422092
1 0.473437 0.0388889 0.0046875 0.0182292
0 0.975 0.172049 0.05 0.11875
0 0.102905 0.00442708 0.0410645 0.00885417
0 0.244336 0.271875 0.0433594 0.0416667
0 0.697266 0.00551215 0.03125 0.00885417
1 0.0970703 0.011046 0.0537109 0.0199219
1 0.084668 0.0126248 0.0277344 0.0228407
1 0.451562 0.182639 0.00703125 0.0201389
0 0.741406 0.0182726 0.0375 0.033941
0 0.0407715 0.0842231 0.0614258 0.0878038
1 0.386719 0.0905382 0.0148437 0.0182292
1 0.603125 0.157986 0.0078125 0.0128472
1 0.127441 0.498611 0.0232422 0.0333333
1 0.726562 0.0150119 0.0125 0.0282227
0 0.239648 0.268056 0.0523437 0.0489583
0 0.829687 0.808333 0.009375 0.0111111
0 0.451562 0.182639 0.00703125 0.0201389
1 0.341992 0.184549 0.009375 0.0184028
1 0.454688 0.177734 0.00625 0.0250868
0 0.386719 0.0905382 0.0148437 0.0182292
1 0.377539 0.128385 0.0109375 0.0107639
1 0.667969 0.808333 0.015625 0.0333333
0 0.603125 0.157986 0.0078125 0.0128472
0 0.695703 0.00719401 0.0351562 0.0123915
1 0.449609 0.185069 0.00625 0.0166667
1 0.742188 0.0183648 0.0367187 0.0339301
0 0.260352 0.00154622 0.0335938 0.00309245
0 0.687891 0.301389 0.0492188 0.0291667
0 0.224023 0.222049 0.053125 0.0545139
1 0.45 0.18316 0.0046875 0.0197917
0 0.237695 0.253125 0.05625 0.0743056
0 0.832031 0.0106445 0.03125 0.0212891
0 0.678125 0.301389 0.0304688 0.0284722
0 0.126953 0.497917 0.0226563 0.0333333
1 0.528125 0.39375 0.009375 0.0402778
1 0.103931 0.0100694 0.0397949 0.0176649
1 0.0757812 0.0127604 0.0107422 0.022092
1 0.746875 0.00609809 0.0109375 0.00967882
0 0.45 0.18316 0.0046875 0.0197917
0 0.884375 0.255729 0.04375 0.0465278
0 0.0908203 0.0184408 0.0425781 0.0351671
0 0.815625 0.209201 0.04375 0.0878472
0 0.329102 0.239931 0.0503906 0.0930556
0 0.111133 0.0382704 0.0585938 0.0444661
0 0.128906 0.0757378 0.0601562 0.0485243
1 0.665625 0.808333 0.0125 0.0305556
0 0.0962891 0.0118056 0.0544922 0.0217882
1 0.729688 0.0161404 0.00859375 0.0286567
0 0.104712 0.00938585 0.0370605 0.0159939
0 0.255859 0.00247938 0.0199219 0.00495877
0 0.0415039 0.0789063 0.0447266 0.0734375
0 0.70625 0.212674 0.0265625 0.0274306
0 0.255469 0.00355903 0.0195312 0.00542535
0 0.83125 0.0117405 0.0296875 0.0211806
1 0.662109 0.884028 0.0140625 0.025
0 0.961719 0.205035 0.0234375 0.0204861
1 0.973437 0.909722 0.0109375 0.0166667
0 0.697656 0.00221354 0.0265625 0.00442708
0 0.108887 0.0107096 0.0298828 0.0185981
1 0.726562 0.0148492 0.0125 0.0279405
0 0.975 0.172049 0.05 0.11875
1 0.661719 0.807639 0.0179687 0.0333333
1 0.0946289 0.0126682 0.0474609 0.0228407
1 0.127148 0.497917 0.021875 0.0319444
0 0.742578 0.0182292 0.0351562 0.0340278
1 0.386719 0.0883681 0.0109375 0.015625
0 0.697656 0.00539279 0.0296875 0.00874566
1 0.454688 0.177951 0.00625 0.0253472
1 0.452344 0.18125 0.00625 0.0229167
0 0.566797 0.369444 0.0078125 0.0298611
0 0.678125 0.301389 0.0296875 0.0284722
0 0.260156 0.00158963 0.0332031 0.00317925
1 0.111133 0.0382704 0.0585938 0.0444661
1 0.473437 0.0383247 0.0046875 0.0167535
0 0.04198 0.0830078 0.0607666 0.085026
1 0.386914 0.0903646 0.0144531 0.0184028
0 0.103711 0.00485026 0.0392578 0.00970052
0 0.455078 0.17921 0.00546875 0.0256076
0 0.967188 0.194444 0.0359375 0.0444444
0 0.244922 0.271528 0.0414063 0.0409722
1 0.829687 0.808333 0.009375 0.0111111
1 0.449609 0.185243 0.00625 0.0166667
0 0.0984375 0.0176649 0.0515625 0.024349
1 0.45 0.182639 0.0046875 0.0208333
0 0.452344 0.18125 0.00625 0.0229167
0 0.665625 0.808333 0.0125 0.0305556
0 0.829687 0.808333 0.009375 0.0111111
0 0.696094 0.00716146 0.034375 0.0125
1 0.603125 0.157986 0.0078125 0.0125
0 0.238672 0.267188 0.0539063 0.0513889
1 0.528125 0.393403 0.009375 0.0409722
0 0.0978516 0.00428602 0.0527344 0.00857205
0 0.45 0.182639 0.0046875 0.0208333
0 0.687891 0.301736 0.0492188 0.0298611
1 0.341797 0.184375 0.009375 0.01875
1 0.667969 0.807639 0.0164062 0.0319444
1 0.104395 0.0101345 0.0382813 0.0178385
0 0.126855 0.497917 0.0220703 0.0333333
1 0.746875 0.00732422 0.0117188 0.0122179
0 0.386914 0.0903646 0.0144531 0.0184028
0 0.0501953 0.0586806 0.046582 0.0440972
1 0.0762207 0.0126953 0.0114258 0.0217448
1 0.742969 0.0184245 0.0351562 0.034158
0 0.0501465 0.0773003 0.0525391 0.071441
0 0.729688 0.0161404 0.00859375 0.0286567
1 0.666406 0.811806 0.0140625 0.0388889
0 0.0916016 0.0181424 0.0431641 0.0342882
0 0.363672 0.155903 0.0128906 0.025
0 0.815625 0.209028 0.04375 0.0878472
0 0.329102 0.239757 0.0503906 0.0930556
0 0.111133 0.0380642 0.0585938 0.0445312
0 0.128906 0.0756944 0.0601562 0.0484375
1 0.665625 0.807639 0.0125 0.0305556
0 0.0963867 0.0118273 0.0542969 0.0217882
1 0.729688 0.016276 0.009375 0.0289063
0 0.040918 0.0783854 0.0443359 0.0723958
0 0.104468 0.00946181 0.0371582 0.0161892
0 0.256055 0.00252279 0.0203125 0.00504557
0 0.70625 0.212847 0.0265625 0.0270833
0 0.255469 0.00355903 0.0199219 0.00542535
0 0.83125 0.0117133 0.0296875 0.020931
1 0.662109 0.884028 0.0140625 0.025
0 0.961719 0.205035 0.0234375 0.0201389
0 0.109961 0.00967882 0.0273438 0.0162326
0 0.975 0.171571 0.05 0.117969
1 0.726172 0.0145616 0.0117188 0.0273438
1 0.0946289 0.0126519 0.0470703 0.0227431
1 0.455078 0.178993 0.00546875 0.0253472
0 0.697656 0.00244141 0.025 0.00488281
0 0.697656 0.00520833 0.0289063 0.00850694
0 0.241602 0.271007 0.0476562 0.0451389
1 0.452734 0.18125 0.00625 0.0229167
0 0.964063 0.199826 0.0296875 0.0319444
0 0.455078 0.178993 0.00546875 0.0253472
0 0.260156 0.00174154 0.0324219 0.00348307
1 0.661719 0.807639 0.0179687 0.0333333
1 0.528125 0.393056 0.009375 0.0416667
1 0.127148 0.497569 0.0214844 0.0319444
1 0.386719 0.0881944 0.0109375 0.0152778
1 0.973437 0.909722 0.0109375 0.0180556
0 0.742969 0.0181858 0.034375 0.033941
0 0.0492188 0.078125 0.0642578 0.0784722
0 0.45 0.182465 0.0046875 0.0211806
0 0.2375 0.252778 0.05625 0.0770833
0 0.677734 0.301215 0.0296875 0.028125
0 0.566797 0.369444 0.0078125 0.0298611
0 0.961719 0.207639 0.0265625 0.0256944
0 0.452734 0.18125 0.00625 0.0229167
1 0.45 0.182465 0.0046875 0.0211806
1 0.449219 0.185417 0.00625 0.0163194
0 0.0500977 0.0579861 0.0460938 0.0444444
1 0.111133 0.0380642 0.0585938 0.0445312
0 0.0429199 0.0611979 0.0414063 0.0451389
0 0.0988281 0.017627 0.0509766 0.0242079
1 0.104785 0.0101997 0.0373047 0.0179253
0 0.220508 0.216319 0.0535156 0.0652778
1 0.386719 0.0902778 0.0140625 0.0182292
0 0.696875 0.00692274 0.034375 0.0121528
0 0.103149 0.00571832 0.0405762 0.0114366
1 0.667969 0.807639 0.0164062 0.0319444
1 0.473047 0.037934 0.0046875 0.015625
0 0.665625 0.807639 0.0125 0.0305556
1 0.746875 0.00638021 0.0109375 0.0105035
0 0.262109 0.00477431 0.0351562 0.00837674
1 0.0762695 0.012717 0.0116211 0.021658
1 0.829687 0.808333 0.009375 0.0111111
0 0.729688 0.016276 0.009375 0.0289063
0 0.829687 0.808333 0.009375 0.0111111
0 0.11709 0.0678819 0.0421875 0.0321181
1 0.603125 0.157986 0.0078125 0.0123264
0 0.0510742 0.0663194 0.0470703 0.053125
0 0.245117 0.254861 0.0421875 0.0701389
0 0.224023 0.224826 0.053125 0.05625
1 0.341992 0.184375 0.009375 0.01875
0 0.449219 0.185417 0.00625 0.0163194
0 0.12666 0.497569 0.0212891 0.0326389
0 0.232031 0.272222 0.0664062 0.0541667
0 0.0978516 0.00483941 0.0527344 0.00967882
0 0.363672 0.156076 0.0128906 0.0243056
0 0.228125 0.249306 0.0703125 0.0840278
0 0.815625 0.209201 0.04375 0.0878472
0 0.329102 0.239757 0.0503906 0.0934028
0 0.111133 0.0381076 0.0585938 0.0447049
0 0.128906 0.075651 0.0601562 0.0483507
1 0.665625 0.808333 0.0125 0.0305556
0 0.0963867 0.012755 0.0541016 0.0237956
1 0.729688 0.0162326 0.009375 0.0289063
0 0.0409668 0.0782986 0.0447266 0.0723958
0 0.103027 0.00954861 0.0404297 0.0164062
0 0.25625 0.00254449 0.0203125 0.00508898
0 0.255664 0.00353733 0.0203125 0.00546875
0 0.83125 0.0116699 0.03125 0.0210178
0 0.70625 0.212674 0.0265625 0.0270833
0 0.961719 0.204861 0.0234375 0.0201389
1 0.662109 0.884028 0.0140625 0.025
0 0.109766 0.00976562 0.0277344 0.0164062
0 0.242188 0.270486 0.046875 0.0458333
0 0.975 0.172049 0.05 0.118056
0 0.2375 0.252604 0.0570313 0.078125
0 0.455078 0.179167 0.00546875 0.0253472
1 0.455078 0.179167 0.00546875 0.0253472
0 0.697656 0.00501302 0.028125 0.00828993
1 0.0963135 0.0128689 0.0507324 0.0232205
1 0.725781 0.0144097 0.0109375 0.0270833
0 0.45 0.182292 0.0046875 0.0222222
1 0.528125 0.393056 0.009375 0.0416667
0 0.260156 0.00187717 0.0320312 0.00375434
0 0.697656 0.0026964 0.025 0.00539279
1 0.452344 0.18125 0.00625 0.0229167
0 0.963281 0.202431 0.0265625 0.0263889
0 0.452344 0.18125 0.00625 0.0229167
1 0.386914 0.0881944 0.0113281 0.0149306
1 0.661719 0.807639 0.0179687 0.0333333
0 0.677734 0.301042 0.0296875 0.0277778
0 0.566797 0.369444 0.0078125 0.0298611
0 0.244922 0.254514 0.0421875 0.0715278
1 0.45 0.182292 0.0046875 0.0222222
1 0.449219 0.185243 0.00625 0.0166667
1 0.746875 0.00531684 0.009375 0.00859375
1 0.126953 0.497222 0.021875 0.0333333
1 0.667969 0.808333 0.0164062 0.0333333
0 0.0495239 0.0771701 0.0640381 0.0777778
1 0.386719 0.0902778 0.0140625 0.0180556
0 0.262109 0.00461155 0.034375 0.00833333
0 0.696094 0.00653212 0.0328125 0.0115017
0 0.042688 0.0613715 0.0417725 0.0453125
0 0.665625 0.808333 0.0125 0.0305556
0 0.232031 0.270312 0.0664062 0.0545139
1 0.110937 0.0382704 0.0582031 0.0442925
0 0.0499023 0.0580729 0.0464844 0.0442708
0 0.220508 0.215972 0.0535156 0.0663194
1 0.973437 0.909722 0.009375 0.0180556
0 0.742969 0.018099 0.0328125 0.033941
0 0.22832 0.25 0.0710938 0.084375
0 0.0994141 0.0181858 0.0503906 0.0239583
1 0.603125 0.157986 0.00625 0.0121528
0 0.449219 0.185243 0.00625 0.0166667
1 0.0763672 0.0126953 0.0121094 0.0217882
0 0.116895 0.0677517 0.0412109 0.0320312
1 0.104468 0.0102648 0.0379395 0.0180556
0 0.729688 0.0162326 0.009375 0.0289063
0 0.103491 0.00581597 0.0398926 0.0116319
0 0.386719 0.0902778 0.0140625 0.0180556
1 0.342187 0.184722 0.00898437 0.0184028
0 0.246484 0.276042 0.0414063 0.0479167
1 0.473047 0.0378472 0.0046875 0.0151042
0 0.224219 0.225 0.053125 0.0572917
0 0.829687 0.809028 0.009375 0.0111111
0 0.815625 0.209071 0.04375 0.0881076
0 0.329102 0.239757 0.0503906 0.0934028
0 0.111133 0.0382813 0.0585938 0.0449653
0 0.128906 0.0756076 0.0601562 0.0484375
1 0.665625 0.808333 0.0125 0.0305556
0 0.0963867 0.0128038 0.0541016 0.0237413
1 0.729688 0.0161513 0.009375 0.029503
0 0.0409668 0.0783203 0.0449219 0.072526
0 0.102173 0.00964627 0.0421387 0.0165582
0 0.25625 0.00256076 0.0203125 0.00512153
0 0.255859 0.00353733 0.0203125 0.00546875
0 0.832031 0.0116319 0.03125 0.0210069
0 0.70625 0.212847 0.0265625 0.0270833
0 0.2375 0.252604 0.0570313 0.0784722
0 0.961719 0.204861 0.0234375 0.0201389
0 0.242188 0.270312 0.046875 0.0461806
0 0.109668 0.00983073 0.0279297 0.0164497
1 0.662109 0.884722 0.0140625 0.025
0 0.697266 0.00501302 0.028125 0.00835503
0 0.455078 0.178993 0.00546875 0.025
1 0.455078 0.178993 0.00546875 0.025
0 0.260156 0.00188802 0.0320312 0.00377604
0 0.45 0.181944 0.00546875 0.0222222
0 0.452344 0.18125 0.00703125 0.0222222
1 0.452344 0.18125 0.00703125 0.0222222
0 0.975 0.172396 0.05 0.11875
1 0.725781 0.0141927 0.0117188 0.0266493
0 0.697656 0.00281033 0.025 0.00562066
1 0.0966797 0.0130642 0.0515625 0.0235677
0 0.244922 0.25434 0.0421875 0.0725694
1 0.528125 0.393056 0.009375 0.0416667
1 0.661719 0.807639 0.0179687 0.0333333
1 0.386914 0.0882813 0.0113281 0.0151042
0 0.566406 0.369444 0.0078125 0.0298611
0 0.677734 0.301042 0.0296875 0.0284722
1 0.746875 0.00516493 0.009375 0.00846354
0 0.262109 0.0046875 0.034375 0.00828993
0 0.233594 0.269965 0.0632813 0.0555556
1 0.449219 0.185069 0.00625 0.0166667
0 0.0488403 0.0768663 0.0630615 0.0768229
1 0.667969 0.808333 0.0164062 0.0333333
0 0.05 0.0579861 0.0464844 0.0440972
1 0.45 0.181944 0.00546875 0.0222222
1 0.386719 0.0902778 0.0140625 0.0180556
0 0.220313 0.215972 0.0539063 0.0666667
0 0.696094 0.00630425 0.0328125 0.0111762
0 0.0427612 0.0609375 0.0420166 0.0447917
0 0.0993896 0.0184245 0.0504395 0.0242187
1 0.126953 0.497222 0.0214844 0.0333333
0 0.116797 0.0676215 0.040625 0.0319444
0 0.665625 0.808333 0.0125 0.0305556
0 0.449219 0.185069 0.00625 0.0166667
1 0.603125 0.157899 0.00625 0.0119792
0 0.22793 0.260764 0.075 0.075
1 0.110937 0.0384549 0.0582031 0.0446181
1 0.0762695 0.0127387 0.0121094 0.0219184
0 0.246484 0.276042 0.0414063 0.0479167
0 0.729688 0.0162326 0.009375 0.0289063
0 0.742969 0.0180339 0.0328125 0.0338976
0 0.386719 0.0902778 0.0140625 0.0180556
0 0.250391 0.272917 0.0296875 0.0347222
0 0.117773 0.0814019 0.0691406 0.0514323
1 0.973437 0.909722 0.0109375 0.0166667
0 0.0512573 0.0668403 0.0467041 0.0543403
1 0.233984 0.409028 0.0078125 0.025
0 0.224219 0.225 0.0523437 0.0576389
1 0.104321 0.0103841 0.038623 0.0182075
0 0.832031 0.0109701 0.0328125 0.0219401
0 0.815625 0.209201 0.04375 0.0878472
0 0.329102 0.239757 0.0503906 0.0934028
0 0.111133 0.0381836 0.0585938 0.0448134
0 0.128906 0.0756076 0.0601562 0.0484375
1 0.665625 0.808333 0.0125 0.0305556
0 0.096582 0.0118544 0.0539063 0.0217773
1 0.729688 0.0161458 0.009375 0.0295139
0 0.0409668 0.0784722 0.0448242 0.0720486
0 0.102368 0.00959201 0.041748 0.0164062
0 0.25625 0.00257161 0.0203125 0.00514323
0 0.257422 0.00379774 0.0234375 0.00607639
0 0.83125 0.011594 0.03125 0.0209961
0 0.70625 0.212847 0.0265625 0.0270833
0 0.961719 0.204861 0.0234375 0.0197917
0 0.109766 0.00980903 0.0279297 0.0163628
0 0.237891 0.252431 0.05625 0.0791667
0 0.242969 0.270486 0.0453125 0.0458333
0 0.240625 0.261806 0.05 0.0604167
0 0.697656 0.00505642 0.028125 0.00852865
1 0.662109 0.884722 0.0140625 0.025
0 0.452344 0.182118 0.0078125 0.0211806
0 0.45 0.182292 0.00625 0.0222222
0 0.455078 0.179167 0.00546875 0.0246528
0 0.244922 0.254167 0.0421875 0.0736111
1 0.454688 0.177951 0.00625 0.0246528
0 0.259961 0.001926 0.03125 0.003852
1 0.452344 0.182118 0.0078125 0.0211806
0 0.697656 0.00297309 0.025 0.00594618
1 0.0957031 0.012934 0.0496094 0.0232205
1 0.386719 0.0883681 0.0117188 0.0152778
1 0.661719 0.807639 0.0179687 0.0333333
1 0.746875 0.00519748 0.009375 0.00852865
0 0.975 0.172743 0.05 0.119444
1 0.725781 0.0142741 0.0117188 0.0268338
0 0.261914 0.00481771 0.0339844 0.00828993
1 0.528125 0.393056 0.009375 0.0416667
0 0.696484 0.00626085 0.0328125 0.0111328
1 0.449609 0.185243 0.00625 0.0166667
0 0.235742 0.270486 0.0589844 0.0555556
0 0.0990479 0.0174262 0.0507324 0.0246528
0 0.0483887 0.0768663 0.0624023 0.0763021
0 0.677734 0.301042 0.0296875 0.028125
0 0.566797 0.369444 0.00859375 0.0298611
0 0.228125 0.249653 0.0703125 0.0840278
0 0.0501099 0.0579861 0.045874 0.0435764
1 0.667969 0.808333 0.0164062 0.0333333
1 0.386719 0.0903646 0.0140625 0.0182292
0 0.449609 0.185243 0.00625 0.0166667
0 0.220117 0.215799 0.0539063 0.0673611
1 0.45 0.182292 0.00625 0.0222222
1 0.126953 0.497222 0.0214844 0.0333333
0 0.665625 0.808333 0.0125 0.0305556
0 0.386719 0.0903646 0.0140625 0.0182292
0 0.116797 0.0676215 0.0400391 0.0317708
0 0.729688 0.0162326 0.009375 0.0289063
1 0.603125 0.157813 0.00625 0.0118056
0 0.24707 0.276389 0.040625 0.0472222
0 0.0427246 0.0609375 0.0416016 0.0440972
1 0.23418 0.409028 0.00820312 0.025
0 0.742969 0.0180773 0.0335938 0.0339844
1 0.111133 0.0385851 0.0583984 0.04375
0 0.251367 0.272917 0.0277344 0.0340278
0 0.117969 0.0809896 0.0697266 0.0510417
1 0.0762695 0.0127604 0.012207 0.0220052
0 0.0511597 0.0679687 0.0467041 0.0560764
1 0.973437 0.909722 0.0109375 0.0166667
1 0.104517 0.010395 0.0382324 0.0181858
0 0.227734 0.26875 0.0757812 0.0659722
0 0.450781 0.180729 0.0101562 0.0260417
0 0.224023 0.225347 0.0523437 0.0583333
0 0.244727 0.291319 0.0496094 0.0802083
0 0.102905 0.0061849 0.0414551 0.0123698
0 0.815625 0.209201 0.04375 0.0878472
0 0.329102 0.239757 0.0503906 0.0934028
0 0.111133 0.0381836 0.0585938 0.0448134
0 0.128906 0.0756076 0.0603516 0.0484375
1 0.665625 0.807639 0.0125 0.0305556
0 0.096582 0.0117622 0.0537109 0.0216146
1 0.729688 0.0161458 0.009375 0.0295139
0 0.0407227 0.0784505 0.0450195 0.0719184
0 0.25625 0.00252279 0.0203125 0.00504557
0 0.102319 0.00959201 0.0418457 0.0164931
0 0.257422 0.00379774 0.0234375 0.00603299
0 0.83125 0.0115885 0.03125 0.0210503
0 0.70625 0.212847 0.0265625 0.0270833
0 0.109766 0.00986328 0.0277344 0.0164714
0 0.961719 0.204861 0.021875 0.0194444
0 0.697656 0.00503472 0.028125 0.00863715
0 0.451953 0.182639 0.0078125 0.0201389
0 0.237891 0.252083 0.05625 0.0798611
1 0.662109 0.884722 0.0140625 0.025
0 0.45 0.182639 0.00625 0.021875
0 0.243164 0.270486 0.0449219 0.0458333
1 0.746875 0.00520833 0.009375 0.00872396
0 0.697656 0.00300564 0.025 0.00601128
1 0.454688 0.177734 0.00625 0.0243924
1 0.451953 0.182639 0.0078125 0.0201389
0 0.240625 0.260417 0.05 0.0625
0 0.259961 0.00193142 0.0308594 0.00386285
0 0.455078 0.17934 0.00546875 0.0246528
1 0.386719 0.0884549 0.0117188 0.015625
0 0.245117 0.253993 0.0417969 0.0739583
0 0.696875 0.00617405 0.0320312 0.0110894
1 0.0970703 0.0112847 0.053125 0.0207031
1 0.661719 0.807639 0.0179687 0.0333333
0 0.246094 0.264062 0.0390625 0.0520833
0 0.262109 0.00489366 0.0339844 0.00831163
1 0.449609 0.185243 0.00625 0.0166667
0 0.974219 0.165972 0.0515625 0.105208
1 0.725781 0.0144314 0.0117188 0.0271267
0 0.0991211 0.0173611 0.0505859 0.0246528
1 0.528125 0.393056 0.009375 0.0416667
0 0.449609 0.185243 0.00625 0.0166667
1 0.667969 0.808333 0.0164062 0.0333333
0 0.678125 0.301042 0.0296875 0.0284722
1 0.386523 0.0904514 0.0144531 0.0184028
0 0.0500854 0.0581597 0.0453369 0.0430556
0 0.386523 0.0904514 0.0144531 0.0184028
0 0.729688 0.0162109 0.009375 0.0289497
0 0.228125 0.249479 0.0710938 0.0850694
0 0.0476074 0.0765625 0.0624023 0.0756944
1 0.603125 0.157899 0.00625 0.0118056
0 0.235156 0.270486 0.0601562 0.0576389
0 0.665625 0.807639 0.0125 0.0305556
0 0.9625 0.207292 0.025 0.025
1 0.45 0.182639 0.00625 0.021875
1 0.126953 0.496528 0.0199219 0.0319444
0 0.219922 0.215972 0.0539063 0.0673611
0 0.450781 0.180556 0.0101562 0.0263889
1 0.234375 0.409028 0.00859375 0.025
0 0.116602 0.0673611 0.0394531 0.0314236
1 0.0763184 0.012717 0.0123047 0.0218316
0 0.0511597 0.0679687 0.0463135 0.0555556
0 0.566797 0.369444 0.00859375 0.0298611
0 0.117944 0.0807075 0.0703613 0.0503906
1 0.111133 0.0385851 0.0585938 0.04375
0 0.742969 0.0181478 0.034375 0.0345378
1 0.973437 0.909722 0.0109375 0.0166667
1 0.697656 0.00503472 0.028125 0.00863715
0 0.815625 0.209332 0.04375 0.0875868
0 0.329102 0.239931 0.0503906 0.09375
0 0.111133 0.0381836 0.0585938 0.0448134
0 0.128906 0.0755642 0.0605469 0.0483507
1 0.665625 0.807639 0.0125 0.0305556
0 0.0966797 0.0118001 0.0535156 0.0216254
1 0.729688 0.0160807 0.009375 0.0294705
0 0.040625 0.0784939 0.0451172 0.0718316
0 0.25625 0.00252279 0.0203125 0.00504557
0 0.257422 0.00381944 0.0234375 0.00598958
0 0.101978 0.00964627 0.0425293 0.0166016
0 0.83125 0.0116102 0.03125 0.0211806
0 0.70625 0.212674 0.0265625 0.0267361
0 0.109668 0.00991753 0.0279297 0.0165365
0 0.697656 0.00501302 0.0265625 0.00872396
0 0.451953 0.182986 0.0078125 0.0194444
1 0.662109 0.884722 0.0140625 0.025
0 0.961719 0.204514 0.021875 0.0194444
1 0.746875 0.00523003 0.009375 0.00885417
0 0.237695 0.252083 0.0566406 0.0805556
0 0.45 0.182986 0.00625 0.0211806
1 0.451953 0.182986 0.0078125 0.0194444
1 0.454688 0.177734 0.00625 0.0243924
0 0.697656 0.00311415 0.025 0.0062283
0 0.259766 0.0019477 0.0304688 0.0038954
1 0.386719 0.0884549 0.0117188 0.015625
0 0.245117 0.270139 0.040625 0.0427083
0 0.696875 0.00619575 0.03125 0.0111762
0 0.455078 0.179514 0.00546875 0.0243056
0 0.262109 0.00496962 0.0339844 0.00833333
1 0.661719 0.808333 0.0179687 0.0333333
0 0.245117 0.253819 0.0417969 0.0743056
1 0.449219 0.185243 0.00625 0.0166667
1 0.0970703 0.0113932 0.053125 0.0208767
0 0.0992432 0.0175347 0.0507324 0.0246528
0 0.449219 0.185243 0.00625 0.0166667
1 0.667969 0.808333 0.0164062 0.0333333
0 0.386523 0.0904514 0.0144531 0.0182292
1 0.386523 0.0904514 0.0144531 0.0182292
1 0.725781 0.0144151 0.0125 0.0271593
0 0.729688 0.0161404 0.009375 0.0288303
1 0.603125 0.157813 0.00625 0.0114583
0 0.0464966 0.0764323 0.0628662 0.0756076
0 0.0498901 0.0583333 0.0451416 0.0427083
1 0.528125 0.393403 0.009375 0.0409722
0 0.974219 0.166059 0.0515625 0.104687
0 0.22793 0.249306 0.0714844 0.0854167
0 0.678125 0.301042 0.0296875 0.0284722
0 0.235352 0.269792 0.0601562 0.0583333
1 0.234375 0.409028 0.00859375 0.0256944
0 0.665625 0.807639 0.0125 0.0305556
1 0.45 0.182986 0.00625 0.0211806
0 0.450781 0.180556 0.0101562 0.0263889
1 0.126953 0.496528 0.0203125 0.0319444
0 0.219727 0.216146 0.0542969 0.0677083
0 0.241211 0.274653 0.0503906 0.0506944
1 0.697656 0.00501302 0.0265625 0.00872396
0 0.117969 0.0803602 0.0708984 0.0496962
0 0.9625 0.207292 0.025 0.025
0 0.116602 0.0672309 0.0398437 0.0313368
0 0.0510254 0.0684896 0.0461914 0.05625
0 0.363672 0.15625 0.0125 0.0236111
0 0.742969 0.018099 0.0328125 0.0344618
1 0.0764648 0.0126953 0.0125 0.0217448
0 0.815625 0.208984 0.04375 0.0875868
0 0.329102 0.239757 0.0503906 0.0934028
0 0.111108 0.0381944 0.0586426 0.0448785
0 0.128906 0.0755642 0.0605469 0.0483507
1 0.665625 0.807639 0.0125 0.0305556
0 0.0967041 0.011811 0.0534668 0.0216905
1 0.729688 0.0160807 0.009375 0.0293837
0 0.0408691 0.0787977 0.0445312 0.0726128
0 0.25625 0.00254991 0.0203125 0.00509983
0 0.101978 0.00963542 0.0425293 0.0165799
0 0.255859 0.00351562 0.0203125 0.00551215
0 0.83125 0.0116374 0.03125 0.0212565
0 0.70625 0.212674 0.0265625 0.0263889
0 0.109668 0.00991753 0.028125 0.0165365
0 0.697656 0.00504557 0.0265625 0.00872396
0 0.451562 0.183507 0.0078125 0.01875
1 0.662109 0.884722 0.0140625 0.025
1 0.746875 0.00524089 0.009375 0.00881076
0 0.961719 0.204514 0.021875 0.0190972
0 0.237305 0.251736 0.0574219 0.08125
1 0.451562 0.183507 0.0078125 0.01875
0 0.697656 0.0031467 0.025 0.0062934
1 0.454688 0.177778 0.00625 0.0243056
0 0.45 0.183333 0.00625 0.0201389
0 0.0898438 0.012462 0.0386719 0.0221246
1 0.386719 0.0884549 0.0117188 0.0154514
0 0.262305 0.00505642 0.0347656 0.00833333
0 0.697266 0.00611979 0.0304688 0.0110243
0 0.244922 0.270139 0.040625 0.0430556
0 0.259961 0.00200738 0.0308594 0.00401476
1 0.454688 0.179861 0.0046875 0.0243056
0 0.0990479 0.0176866 0.051123 0.0248264
0 0.244922 0.253819 0.0421875 0.075
1 0.661719 0.808333 0.0171875 0.0333333
1 0.449609 0.185243 0.00703125 0.0166667
0 0.454688 0.179861 0.0046875 0.0243056
0 0.729688 0.0161079 0.009375 0.0287218
0 0.454688 0.177778 0.00625 0.0243056
0 0.386523 0.0904514 0.0144531 0.0180556
0 0.05 0.0582031 0.0446289 0.0424479
1 0.097168 0.0114095 0.0529297 0.020931
0 0.045752 0.075651 0.0620117 0.0742188
1 0.386523 0.0904514 0.0144531 0.0180556
1 0.667969 0.808333 0.0164062 0.0333333
1 0.603125 0.157813 0.00625 0.0114583
0 0.235547 0.269097 0.0601562 0.0583333
1 0.697656 0.00504557 0.0265625 0.00872396
1 0.528125 0.39375 0.00859375 0.0402778
1 0.234375 0.409028 0.00859375 0.0263889
1 0.725781 0.0145888 0.0125 0.0274197
0 0.241016 0.274826 0.0507812 0.0510417
0 0.222852 0.222222 0.0527344 0.0611111
0 0.678125 0.301042 0.0296875 0.028125
0 0.0511597 0.0674479 0.0457275 0.0541667
0 0.665625 0.807639 0.0125 0.0305556
0 0.450781 0.180556 0.0109375 0.0263889
0 0.975 0.165972 0.05 0.104167
1 0.126953 0.496875 0.0203125 0.0319444
1 0.076416 0.0126682 0.0125 0.0217122
0 0.363672 0.15625 0.0125 0.0236111
0 0.117993 0.0801215 0.0706543 0.0494792
0 0.228125 0.259375 0.075 0.0777778
0 0.742969 0.018061 0.0328125 0.034451
0 0.834375 0.0135851 0.040625 0.0271701
0 0.116602 0.0670573 0.0398437 0.0311632
0 0.362109 0.14401 0.015625 0.0477431
0 0.815625 0.208984 0.04375 0.0875868
0 0.329102 0.239757 0.0503906 0.0934028
0 0.111133 0.0382704 0.0587891 0.0448134
0 0.128906 0.0756076 0.0605469 0.0484375
1 0.665625 0.807639 0.0125 0.0305556
0 0.0968994 0.0108832 0.0530762 0.0195964
1 0.729688 0.016059 0.009375 0.0292969
0 0.25625 0.00259332 0.0199219 0.00518663
0 0.101929 0.00960286 0.042627 0.0165582
0 0.040625 0.0787326 0.0448242 0.0727431
0 0.255859 0.00352648 0.0203125 0.00549045
0 0.83125 0.0116374 0.03125 0.0212565
0 0.70625 0.2125 0.0265625 0.0263889
0 0.097168 0.0154297 0.0537109 0.0262153
0 0.10957 0.00989583 0.028125 0.0164497
0 0.697656 0.00505642 0.0265625 0.00876736
0 0.451562 0.184028 0.0078125 0.0180556
1 0.662109 0.884722 0.0140625 0.025
1 0.746875 0.00533854 0.009375 0.00896267
0 0.697656 0.00320095 0.025 0.00640191
0 0.961719 0.204514 0.021875 0.0190972
1 0.451562 0.184028 0.0078125 0.0180556
0 0.45 0.184028 0.00625 0.0194444
0 0.236914 0.251736 0.0582031 0.0826389
1 0.386719 0.0883681 0.0117188 0.0154514
0 0.0881836 0.0124946 0.0353516 0.0220595
0 0.262305 0.00518663 0.0347656 0.00842014
1 0.454688 0.177778 0.00625 0.0239583
0 0.729688 0.0161241 0.009375 0.0286024
0 0.244922 0.270139 0.0410156 0.0434028
1 0.454688 0.180208 0.0046875 0.0236111
1 0.662109 0.808333 0.0179687 0.0333333
0 0.259961 0.00206163 0.0308594 0.00412326
1 0.45 0.185417 0.00625 0.0163194
0 0.0501099 0.0577691 0.0445068 0.0424479
0 0.386523 0.0904514 0.0144531 0.0180556
1 0.697656 0.00505642 0.0265625 0.00876736
0 0.244141 0.259722 0.0429688 0.0618056
0 0.0449219 0.0749132 0.062207 0.0737847
1 0.667969 0.808333 0.0164062 0.0333333
0 0.454688 0.180208 0.0046875 0.0236111
1 0.386523 0.0904514 0.0144531 0.0180556
0 0.454688 0.177778 0.00625 0.0239583
1 0.603125 0.157899 0.00625 0.0114583
1 0.0945557 0.0128472 0.0468262 0.0228733
0 0.0511841 0.0664062 0.0454834 0.0526042
0 0.234766 0.269444 0.0617188 0.0590278
1 0.725781 0.0147624 0.0125 0.0276801
1 0.234375 0.409028 0.00859375 0.0263889
1 0.528125 0.39375 0.00859375 0.0402778
0 0.665625 0.807639 0.0125 0.0305556
0 0.118262 0.0798394 0.0701172 0.0490017
0 0.834375 0.0133898 0.040625 0.0267795
0 0.240625 0.275174 0.0515625 0.0517361
0 0.450781 0.180729 0.0109375 0.0260417
0 0.222656 0.222222 0.053125 0.0625
0 0.363672 0.156424 0.0125 0.0232639
0 0.362109 0.144444 0.015625 0.0472222
0 0.743359 0.0180501 0.0328125 0.0343859
1 0.0765137 0.0127116 0.012793 0.021799
0 0.116797 0.0672309 0.0414063 0.0315104
1 0.126953 0.496528 0.0203125 0.0319444
0 0.815625 0.209201 0.04375 0.0878472
0 0.329102 0.239757 0.0503906 0.0934028
0 0.111157 0.0382921 0.0589355 0.04477
0 0.128906 0.0756944 0.0609375 0.0484375
1 0.665625 0.807639 0.0125 0.0305556
0 0.0970459 0.0109809 0.0527832 0.0196615
1 0.729688 0.0160211 0.009375 0.0291558
0 0.101562 0.00966797 0.0433594 0.0166016
0 0.255859 0.00354818 0.0199219 0.00549045
0 0.25625 0.00265842 0.0195312 0.00531684
0 0.83125 0.0116699 0.03125 0.0212782
0 0.0402344 0.0787977 0.0455078 0.0729601
0 0.70625 0.2125 0.0265625 0.0263889
0 0.097168 0.015625 0.0537109 0.0263889
0 0.109375 0.00992839 0.0285156 0.016428
0 0.697656 0.00513238 0.0265625 0.00887587
1 0.662109 0.884722 0.0140625 0.025
0 0.698047 0.00337999 0.0257812 0.00675998
0 0.451562 0.184375 0.0078125 0.0177083
0 0.961719 0.204514 0.021875 0.01875
1 0.746875 0.0054145 0.009375 0.00904948
0 0.237109 0.251736 0.0578125 0.0826389
1 0.451562 0.184375 0.0078125 0.0177083
0 0.2625 0.00527344 0.0351562 0.00850694
1 0.386719 0.0883681 0.0117188 0.0152778
0 0.244922 0.270833 0.0410156 0.0423611
0 0.0895508 0.0125868 0.0378906 0.0221354
0 0.45 0.184375 0.00625 0.01875
1 0.697656 0.00513238 0.0265625 0.00887587
0 0.244141 0.260069 0.0429688 0.0611111
1 0.454688 0.177951 0.00625 0.0239583
1 0.662109 0.808333 0.0179687 0.0333333
0 0.729688 0.0160807 0.009375 0.0284722
0 0.386523 0.0903646 0.0144531 0.0180556
1 0.454688 0.180208 0.0046875 0.0236111
1 0.45 0.185417 0.00625 0.0163194
0 0.0499512 0.0575521 0.0446289 0.0425347
1 0.667969 0.808333 0.0164062 0.0333333
0 0.235547 0.268924 0.059375 0.0569444
0 0.260156 0.00210503 0.03125 0.00421007
1 0.386523 0.0903646 0.0144531 0.0180556
1 0.603125 0.157899 0.00625 0.0114583
0 0.0445312 0.074566 0.0634766 0.0737847
1 0.0972656 0.0115017 0.0527344 0.0210938
0 0.240625 0.275347 0.0515625 0.0506944
0 0.454688 0.177951 0.00625 0.0239583
0 0.454688 0.180208 0.0046875 0.0236111
0 0.697266 0.00718316 0.0242187 0.0134115
1 0.528125 0.39375 0.00859375 0.0388889
1 0.725781 0.0149251 0.0125 0.0279622
0 0.051123 0.0657118 0.0456055 0.0515625
0 0.222852 0.222569 0.0527344 0.0625
0 0.118457 0.0794922 0.0707031 0.0486545
0 0.665625 0.807639 0.0125 0.0305556
1 0.234766 0.409375 0.009375 0.0270833
0 0.833594 0.0132378 0.0390625 0.0264757
0 0.362305 0.144444 0.015625 0.0472222
0 0.363672 0.156337 0.0125 0.0234375
1 0.377344 0.128472 0.0109375 0.0104167
0 0.742969 0.0180501 0.0328125 0.0343859
1 0.0766602 0.0128689 0.0128906 0.0217882
0 0.116797 0.0675347 0.0421875 0.0319444
0 0.815625 0.209201 0.04375 0.0878472
0 0.329102 0.239757 0.0503906 0.0934028
0 0.111157 0.0383247 0.0589355 0.0447049
0 0.128906 0.0757378 0.0609375 0.0485243
1 0.665625 0.807639 0.0125 0.0305556
0 0.0970703 0.0111762 0.0527344 0.0199219
1 0.729297 0.0160373 0.009375 0.0289931
0 0.255859 0.00358073 0.0195312 0.00551215
0 0.25625 0.00263672 0.0195312 0.00527344
0 0.83125 0.0117405 0.0296875 0.0210503
0 0.0400391 0.0788411 0.0458008 0.0732205
0 0.70625 0.212674 0.0265625 0.0260417
0 0.097168 0.0158637 0.0537109 0.0266059
0 0.697656 0.00518663 0.0265625 0.00894097
0 0.10918 0.0100477 0.0289063 0.0164931
0 0.961719 0.204514 0.021875 0.01875
0 0.697656 0.00365668 0.0265625 0.00731337
1 0.662109 0.884722 0.0140625 0.025
0 0.451562 0.184375 0.0078125 0.0173611
1 0.747266 0.0054579 0.009375 0.00891927
0 0.244922 0.271181 0.0414063 0.0416667
0 0.237109 0.251563 0.0578125 0.0822917
0 0.262695 0.00536024 0.0351562 0.00863715
1 0.386719 0.0882813 0.0117188 0.0151042
1 0.451562 0.184375 0.0078125 0.0173611
0 0.244141 0.261111 0.0429688 0.0583333
1 0.662109 0.808333 0.0179687 0.0333333
0 0.45 0.184375 0.00625 0.01875
0 0.0870117 0.0127116 0.0326172 0.0220595
1 0.697656 0.00518663 0.0265625 0.00894097
1 0.454688 0.177951 0.00625 0.0243056
0 0.236328 0.26875 0.0578125 0.0541667
0 0.729688 0.0160645 0.009375 0.0283746
1 0.667969 0.808333 0.0164062 0.0333333
1 0.449219 0.185417 0.00625 0.0163194
1 0.454688 0.180556 0.0046875 0.0236111
0 0.386719 0.0902778 0.0140625 0.0180556
0 0.049707 0.0574219 0.0448242 0.0424479
0 0.240234 0.275347 0.0523437 0.0489583
0 0.449219 0.185417 0.00625 0.0163194
0 0.696875 0.00713976 0.025 0.0132813
1 0.603125 0.157899 0.00625 0.0112847
1 0.45 0.184375 0.00625 0.01875
0 0.0445801 0.0746528 0.0641602 0.0746528
1 0.386719 0.0902778 0.0140625 0.0180556
1 0.0972656 0.011697 0.0527344 0.0213976
1 0.528125 0.394444 0.0078125 0.0388889
0 0.260352 0.00212674 0.0316406 0.00425347
0 0.0507812 0.0659288 0.0458984 0.0521701
0 0.222852 0.222049 0.053125 0.0618056
0 0.454688 0.177951 0.00625 0.0243056
0 0.961719 0.207292 0.025 0.025
1 0.725781 0.0151693 0.0125 0.0282986
0 0.665625 0.807639 0.0125 0.0305556
0 0.103516 0.0103733 0.0421875 0.0177083
0 0.247266 0.277083 0.0398437 0.0461806
0 0.454688 0.180556 0.0046875 0.0236111
1 0.377344 0.128472 0.0113281 0.0105903
0 0.362305 0.144358 0.015625 0.0473958
0 0.363672 0.156076 0.0125 0.0239583
0 0.11853 0.0793403 0.0703613 0.0484375
1 0.234766 0.409722 0.009375 0.0277778
0 0.833594 0.0131944 0.0375 0.0263889
1 0.0767578 0.0130208 0.0130859 0.021658
0 0.742969 0.0180773 0.0335938 0.0343316
0 0.433984 0.188194 0.0132813 0.0302083
0 0.815625 0.208984 0.04375 0.0875868
0 0.329102 0.239931 0.0503906 0.0930556
0 0.111157 0.0383247 0.0589355 0.0447049
0 0.128809 0.0757378 0.0611328 0.0485243
1 0.665625 0.807639 0.0125 0.0305556
0 0.0970947 0.0113227 0.0526855 0.0200629
1 0.729297 0.016059 0.009375 0.0289063
0 0.255859 0.00362413 0.0195312 0.00551215
0 0.25625 0.00264757 0.0195312 0.00529514
0 0.83125 0.0118001 0.0296875 0.0210178
0 0.70625 0.2125 0.0265625 0.0256944
0 0.0397461 0.0789931 0.0466797 0.0734375
0 0.0972656 0.0159505 0.0535156 0.0266927
0 0.10918 0.0101454 0.0292969 0.0166016
0 0.697656 0.00527344 0.0265625 0.00894097
0 0.961719 0.204688 0.021875 0.0190972
0 0.244922 0.271354 0.0414063 0.0413194
0 0.697656 0.00368924 0.028125 0.00737847
1 0.747266 0.00566406 0.009375 0.00920139
0 0.451562 0.184375 0.0078125 0.0177083
0 0.237109 0.251389 0.0578125 0.0826389
1 0.662109 0.884722 0.0140625 0.025
0 0.263281 0.00537109 0.0363281 0.00872396
0 0.244141 0.261111 0.0425781 0.0586806
1 0.386719 0.0881944 0.0117188 0.0149306
1 0.662109 0.808333 0.0179687 0.0333333
1 0.451562 0.184375 0.0078125 0.0177083
0 0.45 0.184549 0.00625 0.01875
0 0.236719 0.267708 0.0570313 0.0545139
0 0.729688 0.0161024 0.00859375 0.0282986
0 0.0839844 0.0128038 0.0265625 0.0220486
0 0.240234 0.275347 0.0519531 0.0489583
1 0.667969 0.808333 0.0164062 0.0319444
0 0.449219 0.185417 0.00625 0.0163194
0 0.386719 0.0902778 0.0140625 0.0178819
0 0.697266 0.00716146 0.025 0.0131944
1 0.454688 0.178125 0.00625 0.0243056
1 0.0943359 0.0131076 0.0462891 0.0227865
1 0.449219 0.185417 0.00625 0.0163194
1 0.697656 0.00527344 0.0265625 0.00894097
0 0.9625 0.207292 0.025 0.025
1 0.454688 0.180556 0.0046875 0.0236111
0 0.0496582 0.0572917 0.0450195 0.0423611
1 0.603125 0.157899 0.00625 0.0112847
1 0.45 0.184549 0.00625 0.01875
0 0.0445801 0.075 0.065332 0.0762153
0 0.665625 0.807639 0.0125 0.0305556
0 0.260938 0.00219184 0.0328125 0.00438368
0 0.247266 0.277083 0.0398437 0.0465278
1 0.077002 0.0131076 0.0132813 0.0216146
1 0.528125 0.394444 0.0078125 0.0375
0 0.222656 0.221875 0.0539063 0.0618056
0 0.103296 0.0105252 0.0422363 0.0177083
1 0.387109 0.0896701 0.0140625 0.0170139
0 0.454688 0.178125 0.00625 0.0243056
1 0.377344 0.128472 0.0113281 0.0107639
0 0.223828 0.263542 0.0824219 0.0784722
0 0.363672 0.155903 0.0125 0.0243056
0 0.454688 0.180556 0.0046875 0.0236111
0 0.433594 0.188194 0.0140625 0.0305556
1 0.234766 0.409722 0.00976562 0.0277778
0 0.362305 0.144444 0.015625 0.0472222
1 0.726562 0.0153429 0.0125 0.0285156
0 0.118262 0.0793403 0.0697266 0.0482639
0 0.0506348 0.0667969 0.0459961 0.0537326
0 0.815625 0.209201 0.04375 0.0875
0 0.329102 0.239757 0.0503906 0.0934028
0 0.111157 0.0382813 0.0589355 0.0446181
0 0.128809 0.0758247 0.0611328 0.0485243
1 0.665625 0.807639 0.0125 0.0305556
0 0.097168 0.0114583 0.0525391 0.0202691
1 0.729297 0.0160645 0.009375 0.0288086
0 0.255859 0.00362413 0.0195312 0.00555556
0 0.25625 0.00262587 0.0195312 0.00525174
0 0.70625 0.2125 0.0265625 0.0256944
0 0.83125 0.0118544 0.0296875 0.0210829
0 0.0394409 0.0790799 0.0474854 0.0734375
0 0.697656 0.00528429 0.0265625 0.00896267
0 0.0972656 0.0161675 0.0535156 0.0269097
0 0.9625 0.204861 0.021875 0.0194444
0 0.108984 0.0102322 0.0296875 0.0166884
0 0.244531 0.271181 0.0414063 0.0409722
0 0.237109 0.251389 0.0578125 0.0819444
0 0.243945 0.26059 0.0429688 0.059375
1 0.747266 0.00575087 0.009375 0.00928819
0 0.697656 0.00373264 0.028125 0.00746528
0 0.451562 0.184375 0.0078125 0.0180556
1 0.6625 0.884722 0.0140625 0.025
0 0.263672 0.00521918 0.0367187 0.00870226
1 0.662109 0.807639 0.0179687 0.0319444
0 0.234375 0.269097 0.0625 0.0541667
1 0.451562 0.184375 0.0078125 0.0180556
0 0.240039 0.275521 0.0527344 0.0489583
1 0.386719 0.0881076 0.0117188 0.0149306
0 0.729688 0.016059 0.009375 0.0281684
0 0.0834473 0.0128689 0.025293 0.0220486
0 0.697266 0.00722656 0.025 0.0130642
0 0.449609 0.184549 0.00546875 0.0184028
1 0.667969 0.808333 0.0164062 0.0319444
1 0.454688 0.178082 0.00625 0.0243924
0 0.9625 0.207465 0.025 0.025
0 0.386523 0.0902778 0.0144531 0.0178819
1 0.094165 0.013151 0.0460449 0.0227865
1 0.449219 0.185417 0.00625 0.0163194
1 0.454688 0.180556 0.0046875 0.0236111
0 0.247461 0.277431 0.0394531 0.0465278
1 0.603125 0.157899 0.00625 0.0112847
0 0.220703 0.221007 0.05625 0.0645833
0 0.229687 0.258333 0.071875 0.0753472
0 0.665625 0.807639 0.0125 0.0305556
1 0.697656 0.00528429 0.0265625 0.00896267
1 0.0771484 0.0131727 0.0134766 0.021658
0 0.0496094 0.0573785 0.0451172 0.0420139
1 0.377344 0.128472 0.0113281 0.0107639
0 0.261328 0.0022895 0.0328125 0.00457899
1 0.528125 0.394444 0.0078125 0.0388889
0 0.0443359 0.0754774 0.0668945 0.0773437
0 0.454688 0.178082 0.00625 0.0243924
0 0.433594 0.188194 0.0140625 0.0305556
0 0.826563 0.0121745 0.034375 0.0226997
0 0.25332 0.273264 0.0234375 0.0333333
1 0.726562 0.015446 0.0125 0.0286567
0 0.363477 0.155729 0.0128906 0.0246528
0 0.454688 0.180556 0.0046875 0.0236111
0 0.103101 0.0105252 0.0418457 0.0175347
0 0.815625 0.209332 0.04375 0.0875868
0 0.329102 0.239931 0.0503906 0.0934028
0 0.111133 0.0383681 0.0589844 0.0446181
0 0.128809 0.0758681 0.0611328 0.0486111
1 0.665625 0.807639 0.0125 0.0305556
0 0.0974853 0.0120226 0.0526855 0.0218316
1 0.729297 0.0160536 0.009375 0.0287435
0 0.255859 0.00360243 0.0195312 0.00559896
0 0.70625 0.2125 0.0265625 0.0256944
0 0.25625 0.00262587 0.0195312 0.00525174
0 0.83125 0.0118707 0.0296875 0.0210503
0 0.0392578 0.0791667 0.0480469 0.0734375
0 0.10022 0.0100369 0.0464355 0.0170356
0 0.697656 0.00534939 0.0265625 0.00896267
0 0.0973633 0.0163683 0.0533203 0.0270725
0 0.9625 0.204861 0.021875 0.0194444
0 0.244531 0.271354 0.0414063 0.040625
0 0.108789 0.0102973 0.0300781 0.0168186
0 0.237109 0.251563 0.0578125 0.0815972
0 0.24375 0.259549 0.0429688 0.0607639
1 0.6625 0.884722 0.0140625 0.025
1 0.662109 0.808333 0.0179687 0.0333333
0 0.451562 0.184028 0.0078125 0.0180556
0 0.263672 0.00505642 0.0375 0.00863715
0 0.698047 0.00365126 0.028125 0.00730252
0 0.234766 0.269444 0.0613281 0.0534722
1 0.747266 0.00569661 0.009375 0.00907118
1 0.451562 0.184028 0.0078125 0.0180556
1 0.386719 0.0881076 0.0117188 0.0149306
0 0.239844 0.276042 0.053125 0.0493056
1 0.667969 0.808333 0.0164062 0.0319444
0 0.084668 0.0129557 0.0275391 0.0221788
0 0.729688 0.0160807 0.009375 0.028125
0 0.9625 0.207465 0.025 0.025
0 0.696875 0.00729167 0.025 0.0129774
1 0.454688 0.178299 0.00625 0.0243056
0 0.449609 0.184549 0.00546875 0.0184028
0 0.386523 0.0902778 0.0144531 0.0178819
1 0.449219 0.185417 0.00625 0.0163194
1 0.454688 0.180556 0.0046875 0.0236111
0 0.665625 0.807639 0.0125 0.0305556
0 0.247461 0.277778 0.0390625 0.0465278
0 0.230078 0.257986 0.0703125 0.075
1 0.0772949 0.0132324 0.0137695 0.0217122
1 0.0951172 0.0132433 0.0478516 0.0229926
1 0.603125 0.157986 0.00625 0.0111111
1 0.377344 0.128472 0.0113281 0.0107639
0 0.220703 0.220833 0.05625 0.0638889
0 0.740625 0.0176866 0.034375 0.0335503
0 0.433594 0.188194 0.0140625 0.0305556
0 0.826563 0.0121962 0.034375 0.0228299
0 0.454688 0.178299 0.00625 0.0243056
0 0.815625 0.209375 0.04375 0.0875
0 0.329102 0.239931 0.0503906 0.0934028
0 0.111133 0.0384115 0.0589844 0.0447049
0 0.128809 0.0758681 0.0611328 0.0486111
1 0.665625 0.807639 0.0125 0.0305556
0 0.0974853 0.0122179 0.0526855 0.0222222
1 0.729688 0.0161241 0.00859375 0.028125
0 0.255859 0.00355903 0.0195312 0.00577257
0 0.70625 0.2125 0.0265625 0.0256944
0 0.25625 0.00270182 0.0191406 0.00540365
0 0.83125 0.0119358 0.0296875 0.0210938
0 0.039209 0.0791884 0.0484375 0.0735677
0 0.100415 0.0100911 0.0460449 0.0171875
0 0.697656 0.00537109 0.0265625 0.00896267
0 0.9625 0.204861 0.021875 0.0194444
0 0.0974609 0.016645 0.053125 0.0273003
0 0.108887 0.0103516 0.0298828 0.0169705
1 0.662109 0.808333 0.0179687 0.0333333
0 0.244531 0.271181 0.0414063 0.040625
0 0.237109 0.251389 0.0578125 0.0819444
1 0.6625 0.884722 0.0140625 0.025
0 0.24375 0.258681 0.04375 0.0625
0 0.263672 0.0047526 0.0367187 0.00870226
0 0.451953 0.183681 0.00703125 0.01875
0 0.235156 0.269271 0.0605469 0.0538194
1 0.451953 0.183681 0.00703125 0.01875
1 0.386719 0.0881076 0.0117188 0.0149306
0 0.698047 0.00365668 0.028125 0.00731337
1 0.747656 0.00562066 0.009375 0.00885417
1 0.667969 0.808333 0.0164062 0.0319444
0 0.239844 0.276215 0.053125 0.0496528
0 0.0844238 0.0130642 0.0270508 0.0223524
1 0.454688 0.178299 0.00625 0.0243056
1 0.455078 0.180556 0.0046875 0.0236111
0 0.665625 0.807639 0.0125 0.0305556
0 0.9625 0.207465 0.025 0.025
1 0.449609 0.184722 0.00546875 0.0180556
0 0.696875 0.00729167 0.025 0.012934
0 0.386328 0.0902778 0.0148437 0.0178819
0 0.729688 0.0161241 0.00859375 0.028125
0 0.449219 0.185417 0.00625 0.0163194
1 0.0773926 0.0133247 0.0138672 0.021875
1 0.377344 0.128559 0.0113281 0.0105903
1 0.603125 0.157986 0.00625 0.0111111
0 0.740625 0.01773 0.034375 0.0334635
0 0.247656 0.278125 0.0390625 0.0472222
0 0.826563 0.0122016 0.034375 0.0229058
0 0.433594 0.188194 0.0140625 0.0305556
0 0.220703 0.220833 0.05625 0.0638889
0 0.815625 0.209375 0.04375 0.0875
0 0.328906 0.239931 0.05 0.0934028
0 0.111133 0.0384983 0.0589844 0.0447917
0 0.128809 0.0758681 0.0611328 0.0486111
1 0.665625 0.807639 0.0125 0.0305556
0 0.0974609 0.0125054 0.0527344 0.022819
1 0.729688 0.0161947 0.00859375 0.028201
0 0.256055 0.00351562 0.0195312 0.00590278
0 0.70625 0.2125 0.0265625 0.0256944
0 0.25625 0.0027181 0.01875 0.0054362
0 0.83125 0.0119358 0.0296875 0.0211372
0 0.0393066 0.079362 0.0487305 0.0735677
0 0.697656 0.00540365 0.0265625 0.00898437
0 0.961719 0.204861 0.0234375 0.0194444
1 0.662109 0.808333 0.0179687 0.0333333
0 0.100195 0.0102648 0.0464844 0.0175347
0 0.244531 0.271181 0.0414063 0.0409722
0 0.0976807 0.0172743 0.0530762 0.027691
0 0.237109 0.251389 0.0578125 0.0819444
1 0.6625 0.884722 0.0140625 0.025
0 0.264062 0.00440538 0.0375 0.00881076
0 0.243555 0.257812 0.04375 0.0638889
1 0.386719 0.0881944 0.0117188 0.0149306
1 0.452344 0.183333 0.00703125 0.01875
0 0.108887 0.0104601 0.0298828 0.0171875
0 0.235156 0.269097 0.0605469 0.0541667
1 0.667969 0.808333 0.015625 0.0319444
0 0.452344 0.183333 0.00703125 0.01875
0 0.0861328 0.0131944 0.0304688 0.0225694
0 0.698047 0.0035753 0.028125 0.00715061
1 0.45 0.184722 0.0046875 0.0180556
0 0.239648 0.276389 0.0535156 0.0503472
1 0.455078 0.180382 0.0046875 0.0232639
1 0.747656 0.00562066 0.009375 0.00885417
0 0.665625 0.807639 0.0125 0.0305556
1 0.454688 0.178472 0.00625 0.0243056
1 0.449219 0.185417 0.00625 0.0163194
0 0.386328 0.0902778 0.0148437 0.0178819
1 0.0774414 0.0134332 0.0140625 0.0219184
0 0.696875 0.00740017 0.025 0.012934
0 0.729688 0.0161947 0.00859375 0.028201
0 0.449219 0.185417 0.00625 0.0163194
0 0.826563 0.0121745 0.034375 0.0229601
1 0.377344 0.128559 0.0113281 0.0105903
1 0.603125 0.157986 0.00625 0.0111111
0 0.740625 0.0177734 0.034375 0.0332899
0 0.45 0.184722 0.0046875 0.0180556
0 0.815625 0.209375 0.04375 0.0875
0 0.328906 0.239931 0.05 0.0934028
0 0.111157 0.0385851 0.0589355 0.0448785
0 0.128809 0.0758681 0.0611328 0.0486111
1 0.665625 0.807639 0.0125 0.0305556
0 0.0974853 0.012679 0.0526855 0.023253
1 0.729688 0.0162543 0.00859375 0.0281684
0 0.255859 0.00346137 0.0195312 0.00609809
0 0.70625 0.212326 0.0257812 0.0260417
0 0.256055 0.00274523 0.0183594 0.00549045
0 0.83125 0.0119575 0.0296875 0.0210503
0 0.0393555 0.0793186 0.0491211 0.0736545
0 0.697656 0.00540365 0.0265625 0.00907118
0 0.961719 0.204861 0.0234375 0.0194444
1 0.662109 0.808333 0.0179687 0.0333333
0 0.237109 0.251389 0.0578125 0.0819444
0 0.244531 0.270833 0.0414063 0.0409722
1 0.6625 0.884722 0.0140625 0.025
0 0.264062 0.00426975 0.0367187 0.0085395
1 0.386719 0.0881076 0.0117188 0.0149306
1 0.667969 0.808333 0.015625 0.0319444
0 0.243359 0.257292 0.0441406 0.0652778
0 0.235156 0.269097 0.0601562 0.0545139
0 0.10061 0.020855 0.051123 0.0277344
1 0.452344 0.182986 0.00625 0.0194444
0 0.452344 0.182986 0.00625 0.0194444
1 0.449609 0.184722 0.0046875 0.0180556
0 0.0866211 0.0132813 0.03125 0.0227865
0 0.665625 0.807639 0.0125 0.0305556
0 0.239453 0.276736 0.0539063 0.0506944
0 0.698047 0.00353733 0.028125 0.00707465
0 0.386328 0.0902778 0.0148437 0.0178819
1 0.455078 0.180556 0.0046875 0.0229167
0 0.0999756 0.0104058 0.0469238 0.0177734
1 0.0775391 0.0134549 0.0140625 0.0220052
1 0.449219 0.185417 0.00625 0.0163194
1 0.747656 0.00560981 0.009375 0.00881076
0 0.826563 0.0121039 0.034375 0.0229275
1 0.454688 0.178472 0.00625 0.0243056
0 0.108789 0.010536 0.0300781 0.0173828
1 0.377344 0.128472 0.0109375 0.0104167
0 0.696875 0.00748698 0.025 0.0128906
0 0.729688 0.0162543 0.00859375 0.0281684
0 0.449219 0.185417 0.00625 0.0163194
1 0.603125 0.157986 0.00625 0.0111111
0 0.449609 0.184722 0.0046875 0.0180556
0 0.740234 0.0177734 0.034375 0.0330295
0 0.220703 0.220833 0.0566406 0.0631944
0 0.815625 0.209375 0.04375 0.0875
0 0.328906 0.239931 0.05 0.0934028
0 0.111133 0.0386393 0.0589844 0.0449436
0 0.128906 0.0759115 0.0611328 0.0485243
1 0.665625 0.807639 0.0125 0.0305556
0 0.0975586 0.0128906 0.0527344 0.0236979
1 0.729688 0.016276 0.00859375 0.028125
0 0.256055 0.00340712 0.0191406 0.00625
0 0.70625 0.212326 0.0257812 0.0260417
0 0.255859 0.00277778 0.0179687 0.00555556
0 0.83125 0.0119358 0.0296875 0.0210938
0 0.0388672 0.0791884 0.0483398 0.0732205
1 0.6625 0.808333 0.0171875 0.0333333
0 0.697656 0.00542535 0.0265625 0.00907118
0 0.961719 0.204861 0.0234375 0.0194444
0 0.236914 0.251389 0.0582031 0.0819444
1 0.6625 0.884722 0.0140625 0.025
0 0.264258 0.00417209 0.0375 0.00834418
0 0.244336 0.270833 0.0417969 0.0416667
1 0.667969 0.808333 0.015625 0.0333333
1 0.386719 0.0881076 0.0117188 0.0149306
0 0.243359 0.257118 0.0445312 0.065625
0 0.235156 0.268924 0.0601562 0.0545139
1 0.452344 0.182639 0.00625 0.0201389
0 0.100781 0.0210124 0.0509766 0.0278537
0 0.665625 0.807639 0.0125 0.0305556
0 0.0877197 0.0133735 0.0335449 0.0229926
0 0.452344 0.182639 0.00625 0.0201389
0 0.386328 0.0902778 0.0148437 0.0178819
1 0.449609 0.184722 0.0046875 0.0180556
1 0.0775391 0.0135471 0.0142578 0.0221246
1 0.377344 0.128646 0.0109375 0.0104167
0 0.239063 0.276563 0.0546875 0.0513889
1 0.455078 0.180382 0.0046875 0.0229167
1 0.449219 0.185417 0.00625 0.0163194
1 0.454688 0.178472 0.00625 0.0243056
0 0.698047 0.00349392 0.028125 0.00698785
1 0.747656 0.00567491 0.009375 0.00891927
0 0.729297 0.0163574 0.00859375 0.0287435
1 0.603125 0.157986 0.00625 0.0111111
0 0.697266 0.00756293 0.025 0.0128689
0 0.449219 0.185417 0.00625 0.0163194
0 0.739844 0.0177572 0.034375 0.0328885
0 0.118188 0.0790799 0.0702637 0.0477431
0 0.10752 0.0115885 0.0330078 0.0197049
0 0.815625 0.209375 0.04375 0.0875
0 0.328906 0.239931 0.05 0.0930556
0 0.111157 0.0387153 0.0589355 0.0449653
0 0.128906 0.0759115 0.0613281 0.0485243
1 0.665625 0.808333 0.0125 0.0305556
0 0.0975586 0.0130154 0.0527344 0.0239692
1 0.729688 0.0163411 0.00859375 0.0281684
0 0.255859 0.00336372 0.01875 0.00644531
0 0.70625 0.212153 0.0257812 0.0263889
0 0.255859 0.00278863 0.0179687 0.00557726
0 0.257812 0.00354818 0.0234375 0.00709635
0 0.83125 0.0119792 0.0296875 0.0211372
1 0.6625 0.808333 0.0179687 0.0319444
0 0.697656 0.00544705 0.0265625 0.00915799
0 0.038977 0.0791667 0.0484131 0.0730903
0 0.960938 0.204861 0.021875 0.0194444
0 0.236719 0.251736 0.0585938 0.0819444
0 0.265039 0.00410156 0.0386719 0.00820312
1 0.6625 0.884722 0.0140625 0.025
1 0.667969 0.808333 0.015625 0.0333333
1 0.386719 0.0881944 0.0117188 0.0149306
0 0.244141 0.270486 0.0421875 0.0423611
0 0.242969 0.256597 0.0445312 0.0666667
0 0.234766 0.26875 0.0609375 0.0548611
1 0.452734 0.182639 0.00703125 0.0201389
0 0.665625 0.808333 0.0125 0.0305556
0 0.100952 0.021186 0.0508301 0.0279405
0 0.0894287 0.0134494 0.0367676 0.0231879
0 0.386328 0.0902778 0.0148437 0.0180556
1 0.0776367 0.0136068 0.0142578 0.0221788
0 0.452734 0.182639 0.00703125 0.0201389
1 0.377344 0.128559 0.0109375 0.0104167
1 0.603125 0.157986 0.00625 0.0111111
0 0.238867 0.276563 0.0550781 0.0517361
1 0.449609 0.185069 0.0046875 0.0173611
0 0.729297 0.0164117 0.00859375 0.0288086
1 0.455078 0.180208 0.0046875 0.0229167
1 0.454688 0.178646 0.00625 0.0243056
0 0.697266 0.00761719 0.025 0.0128906
1 0.747656 0.00575087 0.009375 0.00907118
0 0.739844 0.0177572 0.034375 0.0327148
0 0.118384 0.0789063 0.0702637 0.0477431
0 0.698047 0.00343967 0.028125 0.00687934
0 0.815625 0.209375 0.04375 0.0875
0 0.328906 0.239931 0.05 0.0934028
0 0.111133 0.0387153 0.0589844 0.0449653
0 0.128809 0.0759115 0.0611328 0.0485243
1 0.665625 0.807639 0.0125 0.0305556
0 0.0975586 0.0130208 0.0527344 0.0240451
1 0.729688 0.0163411 0.00859375 0.0281684
0 0.255859 0.00336372 0.01875 0.00646701
0 0.70625 0.212153 0.0257812 0.0263889
0 0.255859 0.00278863 0.0179687 0.00557726
0 0.257812 0.0035536 0.0234375 0.0071072
0 0.83125 0.0119792 0.0296875 0.0211372
1 0.6625 0.808333 0.0179687 0.0319444
0 0.697656 0.00544705 0.0265625 0.00915799
0 0.038977 0.0790799 0.0484131 0.0730903
0 0.960938 0.204861 0.021875 0.0190972
0 0.236719 0.251736 0.0585938 0.0819444
0 0.265039 0.00411241 0.0386719 0.00822483
1 0.6625 0.884722 0.0140625 0.025
1 0.667969 0.808333 0.015625 0.0333333
1 0.386719 0.0881944 0.0117188 0.0149306
0 0.244141 0.270486 0.0421875 0.0423611
0 0.242969 0.256771 0.0445312 0.0663194
0 0.234766 0.26875 0.0609375 0.0548611
1 0.452734 0.182639 0.00703125 0.0201389
0 0.665625 0.807639 0.0125 0.0305556
0 0.100952 0.021186 0.0508301 0.0279405
0 0.0893555 0.0134494 0.0367187 0.0231879
0 0.386328 0.0902778 0.0148437 0.0180556
1 0.0776367 0.0136339 0.0142578 0.0222114
0 0.452734 0.182639 0.00703125 0.0201389
1 0.377344 0.128559 0.0109375 0.0104167
1 0.603125 0.157986 0.00625 0.0111111
0 0.238867 0.276563 0.0550781 0.0517361
1 0.449609 0.185069 0.0046875 0.0173611
0 0.729297 0.0164117 0.00859375 0.0288086
1 0.455078 0.180208 0.0046875 0.0229167
1 0.454688 0.178646 0.00625 0.0243056
0 0.697266 0.00761719 0.025 0.0128906
1 0.747656 0.00575087 0.009375 0.00907118
0 0.739844 0.0177517 0.034375 0.0327257
0 0.118384 0.0789063 0.0702637 0.0477431
0 0.698047 0.00346137 0.028125 0.00692274
