3 0.190186 0.254687 0.0610352 0.0857639
1 0.427344 0.25 0.009375 0.028125
1 0.424219 0.258681 0.0101562 0.0305556
1 0.423438 0.263021 0.009375 0.0326389
1 0.429688 0.250347 0.0109375 0.0291667
3 0.935938 0.115451 0.028125 0.0427083
1 0.420703 0.259549 0.0140625 0.0347222
1 0.0323486 0.352083 0.00805664 0.0173611
1 0.997656 0.194271 0.0046875 0.0135417
3 0.190234 0.254514 0.0609375 0.0868056
1 0.427734 0.250347 0.00859375 0.0284722
1 0.423828 0.259375 0.0101562 0.0319444
1 0.426172 0.251389 0.0117188 0.0305556
1 0.429688 0.250521 0.0109375 0.0295139
1 0.420312 0.259375 0.0140625 0.0347222
1 0.195508 0.271181 0.0105469 0.0270833
1 0.820312 0.990972 0.009375 0.0125
0 0.0751953 0.263542 0.147266 0.122917
3 0.190039 0.254514 0.0609375 0.0868056
1 0.428125 0.25 0.00859375 0.0291667
1 0.423828 0.260417 0.009375 0.0340278
1 0.426562 0.251215 0.0109375 0.0298611
1 0.421094 0.260069 0.0140625 0.0361111
3 0.190234 0.254861 0.0605469 0.0857639
1 0.428125 0.25 0.009375 0.0291667
1 0.423828 0.259375 0.009375 0.0329861
1 0.426562 0.251389 0.0109375 0.0305556
1 0.420312 0.259722 0.0140625 0.0354167
1 0.0301758 0.247569 0.00888672 0.0270833
1 0.257812 0.384722 0.00703125 0.0277778
1 0.424219 0.26441 0.0109375 0.0444444
3 0.190234 0.254861 0.0605469 0.0861111
1 0.428125 0.249826 0.009375 0.0291667
1 0.424219 0.257986 0.009375 0.0291667
1 0.426562 0.251042 0.0117188 0.0302083
1 0.423828 0.255382 0.0125 0.0336806
1 0.423438 0.262847 0.009375 0.0333333
1 0.421094 0.260417 0.0140625 0.0368056
0 0.424219 0.258854 0.009375 0.0291667
1 0.820312 0.991667 0.009375 0.0125
0 0.427734 0.25 0.009375 0.0291667
3 0.190186 0.254861 0.0602539 0.0861111
1 0.428125 0.249653 0.009375 0.0291667
1 0.423828 0.260243 0.009375 0.0319444
1 0.426562 0.251042 0.0109375 0.0298611
1 0.423438 0.256597 0.0117188 0.0347222
1 0.420703 0.26059 0.0140625 0.0350694
1 0.820312 0.991667 0.009375 0.0138889
0 0.426562 0.251042 0.0109375 0.0298611
0 0.423828 0.260243 0.009375 0.0319444
0 0.428125 0.25 0.009375 0.0291667
3 0.190186 0.254861 0.0602539 0.0861111
1 0.428125 0.249826 0.009375 0.0291667
1 0.423828 0.260069 0.009375 0.0326389
1 0.426172 0.251389 0.0117188 0.0305556
1 0.420703 0.260417 0.0140625 0.0361111
1 0.820312 0.991667 0.009375 0.0138889
0 0.426172 0.251389 0.0117188 0.0305556
0 0.423438 0.260764 0.009375 0.0340278
1 0.424219 0.264583 0.0109375 0.04375
0 0.427734 0.25 0.009375 0.0291667
3 0.190186 0.254861 0.0602539 0.0861111
1 0.428125 0.25 0.009375 0.0291667
1 0.423828 0.260243 0.009375 0.0329861
1 0.426172 0.251389 0.0117188 0.0305556
1 0.421094 0.260243 0.0140625 0.0364583
1 0.820312 0.991667 0.009375 0.0138889
0 0.426172 0.251389 0.0117188 0.0305556
1 0.424219 0.264236 0.0109375 0.0440972
0 0.870313 0.129601 0.028125 0.0439236
0 0.423828 0.260764 0.009375 0.034375
3 0.190186 0.254861 0.0602539 0.0861111
1 0.428125 0.25 0.009375 0.0291667
1 0.423828 0.260069 0.009375 0.0333333
1 0.426172 0.251389 0.0117188 0.03125
1 0.420312 0.260764 0.0140625 0.0361111
1 0.820312 0.991667 0.009375 0.0138889
1 0.424219 0.264062 0.0109375 0.0444444
0 0.870313 0.129601 0.028125 0.0439236
0 0.920313 0.0175781 0.046875 0.0341146
0 0.426172 0.251389 0.0117188 0.03125
0 0.859375 0.854167 0.14375 0.102778
0 0.423828 0.260764 0.009375 0.0347222
3 0.190186 0.254861 0.0602539 0.0861111
1 0.428125 0.25 0.009375 0.0291667
1 0.423828 0.260069 0.009375 0.0333333
1 0.426172 0.251736 0.0117188 0.03125
1 0.420312 0.26059 0.0140625 0.0364583
1 0.820312 0.991667 0.009375 0.0138889
0 0.921094 0.0176649 0.046875 0.0342014
0 0.870313 0.129514 0.028125 0.04375
1 0.424219 0.264062 0.0109375 0.0444444
0 0.942187 0.323264 0.025 0.0333333
0 0.423828 0.26059 0.009375 0.0347222
0 0.426172 0.251736 0.0117188 0.03125
0 0.859375 0.854167 0.14375 0.102778
3 0.190186 0.254861 0.0602539 0.0861111
1 0.428125 0.249826 0.009375 0.0288194
1 0.424219 0.260069 0.009375 0.0333333
1 0.426172 0.251736 0.0117188 0.03125
1 0.420312 0.260764 0.0140625 0.0361111
0 0.921094 0.0177734 0.046875 0.034158
1 0.820312 0.991667 0.009375 0.0138889
1 0.424219 0.264236 0.0109375 0.0444444
0 0.942187 0.323438 0.025 0.0329861
0 0.859375 0.852778 0.14375 0.1
0 0.870313 0.129427 0.028125 0.04375
0 0.423828 0.260764 0.009375 0.0347222
0 0.426172 0.251736 0.0117188 0.03125
3 0.190234 0.254861 0.0605469 0.0861111
1 0.428125 0.249826 0.009375 0.0288194
1 0.423828 0.260069 0.009375 0.0333333
1 0.426172 0.251389 0.0117188 0.0305556
1 0.420312 0.26059 0.0140625 0.0364583
0 0.921094 0.0178385 0.046875 0.0341146
1 0.820312 0.991667 0.009375 0.0138889
1 0.424219 0.264236 0.0109375 0.04375
0 0.859375 0.851389 0.14375 0.0986111
0 0.942187 0.323264 0.025 0.0329861
0 0.423828 0.260764 0.009375 0.0347222
0 0.870313 0.129514 0.028125 0.04375
3 0.190234 0.254861 0.0605469 0.0861111
1 0.428125 0.249826 0.009375 0.0288194
1 0.423828 0.260069 0.009375 0.0333333
1 0.426562 0.251389 0.0109375 0.0305556
1 0.420312 0.26059 0.0140625 0.0368056
1 0.820312 0.991667 0.009375 0.0138889
0 0.921094 0.017947 0.046875 0.0340712
0 0.859375 0.850694 0.14375 0.0972222
1 0.424219 0.26441 0.0109375 0.04375
0 0.942187 0.323264 0.025 0.0326389
0 0.423828 0.260764 0.009375 0.0347222
3 0.190234 0.254861 0.0605469 0.0861111
1 0.428125 0.249826 0.009375 0.0288194
1 0.423828 0.260243 0.009375 0.0333333
1 0.426562 0.251389 0.0109375 0.0305556
1 0.420312 0.26059 0.0140625 0.0368056
0 0.921094 0.0178385 0.046875 0.034809
1 0.820312 0.991667 0.009375 0.0138889
1 0.424219 0.26441 0.0109375 0.04375
0 0.859375 0.850694 0.14375 0.0972222
0 0.942187 0.323264 0.025 0.0326389
0 0.423828 0.260764 0.009375 0.034375
3 0.190234 0.254861 0.0601562 0.0861111
1 0.428125 0.249826 0.009375 0.0288194
1 0.423828 0.260243 0.009375 0.0333333
1 0.426562 0.251389 0.0109375 0.0305556
1 0.420703 0.26059 0.0140625 0.0368056
0 0.921094 0.017844 0.046875 0.0347114
1 0.820312 0.991667 0.009375 0.0138889
1 0.424219 0.26441 0.0109375 0.04375
1 0.329297 0.0399306 0.00625 0.009375
0 0.859375 0.851389 0.14375 0.0972222
3 0.190234 0.254861 0.0601562 0.0861111
1 0.428125 0.249826 0.009375 0.0288194
1 0.423828 0.260417 0.009375 0.0333333
1 0.426172 0.251389 0.0117188 0.0305556
0 0.921094 0.017844 0.046875 0.0346246
1 0.420703 0.26059 0.0140625 0.0368056
1 0.820312 0.991667 0.009375 0.0138889
1 0.424219 0.26441 0.0109375 0.0434028
0 0.859375 0.85 0.145313 0.1
3 0.190234 0.254861 0.0601562 0.0861111
1 0.428125 0.249826 0.009375 0.0288194
1 0.423828 0.260417 0.009375 0.0333333
1 0.426172 0.251389 0.0117188 0.0305556
1 0.420703 0.26059 0.0140625 0.0368056
0 0.921875 0.0179036 0.046875 0.0346788
1 0.820312 0.991667 0.009375 0.0138889
1 0.424219 0.264583 0.0109375 0.0430556
0 0.859375 0.85 0.145313 0.102778
3 0.190234 0.254861 0.0601562 0.0861111
1 0.428125 0.249826 0.009375 0.0288194
1 0.423828 0.260417 0.009375 0.0333333
1 0.426172 0.251389 0.0117188 0.0302083
1 0.421094 0.260069 0.0140625 0.0371528
1 0.820312 0.991667 0.009375 0.0138889
0 0.921875 0.0179687 0.046875 0.0348958
1 0.424219 0.264583 0.0109375 0.0430556
0 0.859375 0.85 0.145313 0.101389
3 0.190234 0.254861 0.0601562 0.0857639
1 0.428125 0.25 0.009375 0.0284722
1 0.423828 0.260243 0.009375 0.0333333
1 0.425781 0.251389 0.0109375 0.0305556
1 0.421094 0.260069 0.0140625 0.0371528
0 0.921875 0.0179199 0.046875 0.0349067
1 0.820312 0.991667 0.009375 0.0138889
1 0.424219 0.264583 0.0109375 0.0430556
0 0.859375 0.85 0.145313 0.1
3 0.190186 0.254861 0.0602539 0.0857639
1 0.428125 0.25 0.009375 0.0284722
1 0.423828 0.260069 0.009375 0.0333333
1 0.425781 0.251563 0.0109375 0.0305556
1 0.421094 0.260069 0.0140625 0.0368056
1 0.820312 0.991667 0.009375 0.0138889
1 0.424219 0.264583 0.0109375 0.0427083
0 0.921875 0.0179199 0.046875 0.0349935
0 0.85957 0.848611 0.146484 0.0972222
3 0.190234 0.254861 0.0605469 0.0857639
1 0.428125 0.25 0.009375 0.0284722
1 0.423828 0.260069 0.009375 0.0326389
1 0.425781 0.251563 0.0109375 0.0305556
1 0.421094 0.260069 0.0140625 0.0368056
1 0.820312 0.991667 0.009375 0.0138889
0 0.85957 0.848611 0.146484 0.0972222
1 0.424219 0.264583 0.0109375 0.0423611
3 0.190234 0.254861 0.0605469 0.0857639
1 0.428125 0.25 0.009375 0.0288194
1 0.423828 0.260069 0.009375 0.0326389
1 0.425781 0.251563 0.0109375 0.0305556
1 0.421094 0.260069 0.0140625 0.0368056
1 0.820312 0.991667 0.009375 0.0138889
0 0.859375 0.848611 0.146875 0.0972222
1 0.424219 0.264757 0.0109375 0.0423611
3 0.190234 0.254861 0.0605469 0.0857639
1 0.428125 0.25 0.009375 0.0288194
1 0.423828 0.260069 0.009375 0.0326389
1 0.425781 0.251736 0.0109375 0.0305556
1 0.421094 0.260069 0.0140625 0.0368056
1 0.820312 0.991667 0.009375 0.0138889
1 0.424219 0.264757 0.0109375 0.0423611
0 0.859375 0.849306 0.146875 0.0972222
3 0.190234 0.254861 0.0605469 0.0857639
1 0.428125 0.25 0.009375 0.0291667
1 0.423438 0.260069 0.009375 0.0326389
1 0.425781 0.251736 0.0109375 0.0309028
1 0.421094 0.260069 0.0140625 0.0368056
1 0.820312 0.991667 0.009375 0.0138889
1 0.424219 0.264931 0.0109375 0.0423611
0 0.859375 0.85 0.145313 0.0972222
3 0.190234 0.254861 0.0605469 0.0857639
1 0.428125 0.25 0.009375 0.0291667
1 0.423438 0.260069 0.009375 0.0326389
1 0.425781 0.251736 0.0109375 0.03125
1 0.421094 0.260069 0.0140625 0.0368056
1 0.820312 0.991667 0.009375 0.0138889
0 0.859375 0.850694 0.145313 0.0972222
1 0.424219 0.264757 0.0109375 0.0420139
3 0.190234 0.254861 0.0605469 0.0861111
1 0.428125 0.25 0.009375 0.0291667
1 0.423438 0.260069 0.009375 0.0326389
1 0.425781 0.251736 0.0109375 0.03125
1 0.421094 0.260069 0.0140625 0.0368056
1 0.820312 0.991667 0.009375 0.0138889
0 0.859375 0.850694 0.145313 0.0972222
1 0.424219 0.264757 0.0109375 0.0420139
