0 0.61875 0.309375 0.0640625 0.0777778
0 0.321289 0.560417 0.0726563 0.0861111
0 0.790625 0.663889 0.0640625 0.144444
0 0.610937 0.640972 0.08125 0.144444
0 0.746484 0.881944 0.0734375 0.227778
0 0.53125 0.906944 0.078125 0.183333
1 0.576563 0.514931 0.0125 0.025
0 0.99375 0.0438802 0.0125 0.0388021
1 0.577734 0.517708 0.0140625 0.0236111
1 0.633594 0.536806 0.0101562 0.0152778
0 0.0317871 1 0.0250977 0
1 0.610156 0.640972 0.08125 0.145833
0 0.0579102 0.0184462 0.0376953 0.0333333
0 0.470313 0.951389 0.028125 0.0916667
0 0.0113037 0.0373155 0.0207031 0.0179036
0 0.576563 0.515278 0.0125 0.025
0 0.0128174 0.0279297 0.0235352 0.0264323
1 0.790625 0.663889 0.0640625 0.145833
0 0.0282227 1 0.0239258 0
0 0.464844 0.95 0.0398437 0.0944444
1 0.746094 0.882639 0.0734375 0.226389
1 0.530469 0.90625 0.0796875 0.184722
1 0.257812 0.620139 0.0078125 0.0145833
0 0.61875 0.309722 0.0640625 0.0763889
0 0.320898 0.560417 0.0730469 0.0861111
0 0.746094 0.881944 0.0734375 0.227778
0 0.790625 0.664583 0.0640625 0.145833
0 0.610156 0.642014 0.0796875 0.145139
0 0.53125 0.906944 0.0796875 0.183333
1 0.576563 0.514931 0.0125 0.0256944
1 0.575781 0.51875 0.0125 0.0194444
0 0.99375 0.0436198 0.0125 0.0386285
0 0.0587891 0.0186198 0.0361328 0.0328993
1 0.633594 0.536806 0.0109375 0.0152778
1 0.578516 0.515972 0.0132813 0.025
0 0.576172 0.515278 0.0125 0.025
1 0.581641 0.523611 0.00703125 0.0131944
0 0.466797 0.947222 0.0351562 0.0888889
0 0.0126404 0.0290365 0.0231567 0.0272569
1 0.531641 0.906944 0.0796875 0.183333
0 0.984375 0.257812 0.028125 0.0454861
1 0.503906 0.989583 0.0132813 0.0180556
0 0.472656 0.934722 0.0226563 0.0638889
1 0.746094 0.882639 0.0742188 0.226389
1 0.577344 0.522222 0.0125 0.0277778
0 0.0510742 0.0207899 0.0189453 0.0277778
0 0.990625 0.948611 0.01875 0.1
0 0.988281 0.257292 0.0234375 0.0409722
1 0.79082 0.664583 0.0652344 0.145833
0 0.287891 0.682639 0.03125 0.0611111
1 0.610156 0.641667 0.0796875 0.145833
0 0.0126465 0.0387044 0.0241211 0.0317925
0 0.503906 0.989583 0.0132813 0.0180556
0 0.576953 0.513194 0.0101562 0.0236111
0 0.467969 0.936806 0.03125 0.0666667
1 0.53125 0.820833 0.0078125 0.0194444
0 0.471094 0.945833 0.0375 0.102778
0 0.0184021 0.033724 0.0342896 0.0335069
1 0.530469 0.816667 0.0078125 0.0111111
0 0.99375 0.053049 0.0125 0.0619575
1 0.634375 0.536806 0.0140625 0.0180556
0 0.474219 0.930556 0.0203125 0.0513889
0 0.945312 0.138628 0.021875 0.0303819
0 0.61875 0.309375 0.0640625 0.0770833
0 0.321094 0.561111 0.0726563 0.0861111
0 0.610156 0.640972 0.08125 0.143056
0 0.746094 0.881944 0.0734375 0.227778
0 0.790625 0.664583 0.0640625 0.145833
0 0.530859 0.906944 0.078125 0.183333
1 0.576563 0.514583 0.0140625 0.0263889
0 0.0587891 0.0183594 0.0355469 0.0332465
1 0.633594 0.536806 0.0109375 0.0152778
1 0.578125 0.516667 0.0140625 0.0277778
0 0.985937 0.257118 0.028125 0.0430556
0 0.576172 0.514931 0.0132813 0.0263889
1 0.582031 0.216319 0.0078125 0.0194444
0 0.995313 0.0435764 0.009375 0.0368056
0 0.992188 0.259028 0.015625 0.0375
0 0.287109 0.680556 0.0304688 0.0652778
0 0.467187 0.95 0.034375 0.0930556
0 0.471094 0.934722 0.025 0.0583333
0 0.293359 0.688889 0.0367187 0.05
0 0.295703 0.679514 0.0429688 0.06875
0 0.287891 0.690972 0.028125 0.0458333
0 0.464063 0.932639 0.040625 0.075
1 0.476953 0.91875 0.0140625 0.0263889
0 0.978906 0.258681 0.040625 0.0486111
1 0.635156 0.5375 0.0140625 0.0180556
0 0.990625 0.255208 0.0171875 0.0430556
1 0.503516 0.990972 0.0109375 0.0152778
1 0.53125 0.907639 0.078125 0.183333
0 0.463281 0.917361 0.040625 0.0861111
1 0.790625 0.664583 0.0640625 0.144444
1 0.610156 0.640278 0.08125 0.144444
1 0.479688 0.920833 0.00859375 0.0305556
1 0.473437 0.990278 0.0109375 0.0166667
0 0.886719 0.440972 0.0953125 0.134722
0 0.61875 0.309375 0.0640625 0.0770833
0 0.321094 0.561111 0.0726563 0.0861111
0 0.610156 0.640972 0.08125 0.144444
0 0.790625 0.663889 0.0640625 0.144444
0 0.746094 0.88125 0.0734375 0.225
0 0.53125 0.906944 0.078125 0.183333
1 0.575781 0.515278 0.0140625 0.0263889
0 0.575781 0.515278 0.0140625 0.0263889
0 0.994531 0.0437391 0.0109375 0.039605
1 0.633594 0.536806 0.0109375 0.0152778
0 0.46875 0.951389 0.0304688 0.0916667
0 0.0587891 0.0192708 0.0359375 0.0315104
0 0.471094 0.936111 0.025 0.0583333
1 0.582031 0.216319 0.0078125 0.0194444
0 0.8875 0.439236 0.09375 0.128472
0 0.9875 0.257639 0.025 0.0416667
0 0.992188 0.260069 0.015625 0.0361111
0 0.461328 0.952083 0.046875 0.0930556
0 0.982813 0.257986 0.03125 0.0434028
0 0.465625 0.936111 0.0359375 0.0694444
1 0.473437 0.990278 0.0109375 0.0166667
0 0.0120605 0.0356771 0.0234863 0.0366319
0 0.44375 0.951389 0.0804688 0.0916667
0 0.464063 0.923611 0.040625 0.0791667
1 0.503906 0.990278 0.0125 0.0166667
0 0.475 0.930556 0.0171875 0.0472222
1 0.790625 0.663542 0.0640625 0.14375
1 0.53125 0.906944 0.078125 0.186111
1 0.576563 0.520139 0.0140625 0.0319444
0 0.503906 0.988889 0.0132813 0.0166667
0 0.289062 0.695833 0.0273438 0.0361111
0 0.295703 0.694444 0.0398437 0.0444444
1 0.746094 0.880556 0.0734375 0.225
1 0.58125 0.218056 0.009375 0.0232639
0 0.618359 0.309201 0.0640625 0.0774306
0 0.321094 0.561111 0.0726563 0.0861111
0 0.610156 0.640625 0.08125 0.14375
0 0.790625 0.664236 0.0640625 0.145139
0 0.746094 0.880556 0.0734375 0.225
0 0.53125 0.906944 0.078125 0.184722
1 0.576172 0.514583 0.0132813 0.0256944
0 0.575781 0.514931 0.0140625 0.0256944
0 0.99375 0.0441081 0.0125 0.039388
0 0.46875 0.952778 0.0304688 0.0916667
0 0.0586914 0.0188151 0.0363281 0.0318142
0 0.471484 0.941667 0.0242187 0.0680556
0 0.0123779 0.0360243 0.023877 0.0388889
0 0.300781 0.680556 0.0523437 0.0694444
0 0.992188 0.26059 0.015625 0.0357639
0 0.295312 0.693056 0.0390625 0.0458333
0 0.986719 0.257639 0.0265625 0.0416667
1 0.633594 0.536806 0.0109375 0.0152778
1 0.582031 0.217014 0.00703125 0.0177083
0 0.473047 0.932639 0.0210938 0.05
1 0.577734 0.517361 0.0148437 0.0277778
1 0.503906 0.990278 0.0125 0.0166667
0 0.290039 0.695139 0.0285156 0.0375
0 0.300391 0.691319 0.0484375 0.0520833
0 0.0132568 0.0423611 0.0260254 0.0388021
0 0.290234 0.681944 0.0304688 0.0625
1 0.367969 0.419097 0.0101562 0.0145833
1 0.369141 0.418056 0.00859375 0.0125
0 0.0188416 0.037066 0.0375122 0.0454861
0 0.396484 0.811111 0.0578125 0.122222
1 0.473437 0.990278 0.0109375 0.0166667
0 0.990625 0.948611 0.01875 0.1
0 0.885938 0.439236 0.090625 0.13125
0 0.439844 0.952778 0.0890625 0.0916667
0 0.982031 0.259549 0.034375 0.0475694
0 0.466797 0.938889 0.0335938 0.0777778
1 0.53125 0.90625 0.078125 0.186111
1 0.789844 0.664236 0.0640625 0.145139
1 0.289453 0.695486 0.0242187 0.0368056
0 0.475781 0.929167 0.015625 0.0444444
1 0.610156 0.641319 0.0804688 0.14375
0 0.61875 0.309201 0.0640625 0.0774306
0 0.321094 0.561111 0.0730469 0.0875
0 0.610156 0.640972 0.08125 0.144444
0 0.790625 0.664583 0.0640625 0.145833
0 0.746094 0.880556 0.0734375 0.225
0 0.53125 0.906944 0.078125 0.186111
1 0.575781 0.514583 0.0140625 0.0263889
0 0.575781 0.514931 0.0140625 0.0256944
0 0.995313 0.0438368 0.009375 0.0402778
0 0.469531 0.952083 0.0296875 0.0916667
0 0.0580566 0.0188314 0.0353516 0.0317817
0 0.99375 0.0439128 0.0125 0.0432509
0 0.295703 0.692361 0.0398437 0.0458333
0 0.300781 0.680556 0.053125 0.0694444
0 0.289453 0.695139 0.0277344 0.0375
0 0.471094 0.936111 0.025 0.0583333
0 0.293359 0.683333 0.0382813 0.0597222
0 0.0123779 0.034375 0.0241699 0.0404514
0 0.992188 0.26059 0.015625 0.0357639
1 0.633594 0.5375 0.0117188 0.0152778
1 0.503906 0.988889 0.0125 0.0166667
0 0.9875 0.25816 0.025 0.0420139
1 0.577344 0.517014 0.0148437 0.0277778
0 0.398438 0.815972 0.0570313 0.123611
0 0.302734 0.69375 0.0546875 0.0513889
0 0.0129639 0.0407552 0.0253418 0.041059
0 0.460156 0.951389 0.0484375 0.0944444
0 0.990625 0.948611 0.01875 0.1
1 0.582031 0.217361 0.0078125 0.0180556
1 0.530859 0.906944 0.0789063 0.186111
0 0.0197021 0.0359375 0.0394043 0.0498264
0 0.0141113 0.0464844 0.0276367 0.0400174
1 0.289062 0.695139 0.025 0.0375
1 0.531641 0.822222 0.0078125 0.0194444
1 0.473437 0.990278 0.0109375 0.0166667
0 0.982031 0.260417 0.034375 0.0493056
0 0.396191 0.823611 0.0498047 0.0944444
0 0.61875 0.309375 0.0640625 0.0770833
0 0.321094 0.561111 0.0730469 0.0875
0 0.610547 0.640972 0.08125 0.144444
0 0.790625 0.664583 0.0640625 0.145833
0 0.746094 0.880556 0.0734375 0.225
0 0.53125 0.906944 0.078125 0.186111
1 0.575781 0.514583 0.0140625 0.0256944
0 0.575781 0.514931 0.0140625 0.0256944
0 0.995313 0.04375 0.009375 0.0407118
0 0.469141 0.951389 0.0304688 0.0916667
0 0.99375 0.0434462 0.0125 0.0440972
0 0.0577148 0.0189236 0.0337891 0.0315972
0 0.296289 0.691667 0.0414063 0.0458333
0 0.300781 0.679861 0.053125 0.0694444
0 0.471094 0.9375 0.0265625 0.0611111
0 0.290234 0.692361 0.028125 0.0416667
0 0.0122559 0.0335503 0.0240234 0.0365451
0 0.992969 0.260764 0.0140625 0.0354167
0 0.292969 0.682639 0.0375 0.0611111
0 0.472656 0.931944 0.0226563 0.05
0 0.988281 0.25816 0.0234375 0.0420139
1 0.633594 0.5375 0.0109375 0.0152778
1 0.503906 0.988889 0.0125 0.0166667
0 0.397266 0.815972 0.0546875 0.1125
0 0.0127686 0.0413194 0.0250488 0.0381944
0 0.990625 0.261111 0.01875 0.0381944
0 0.990625 0.948611 0.01875 0.0972222
0 0.461719 0.947917 0.0453125 0.0972222
1 0.577344 0.516667 0.0148437 0.0277778
0 0.982813 0.259722 0.0328125 0.0486111
0 0.399219 0.834722 0.0609375 0.136111
1 0.473047 0.990278 0.0109375 0.0166667
1 0.530859 0.90625 0.0789063 0.186111
0 0.467187 0.927778 0.0359375 0.133333
0 0.475781 0.929167 0.0171875 0.0444444
1 0.289062 0.695139 0.0246094 0.0361111
1 0.473437 0.983333 0.0125 0.0277778
0 0.61875 0.309375 0.0640625 0.0770833
0 0.321094 0.561111 0.0726563 0.0875
0 0.610547 0.640972 0.08125 0.144444
0 0.790625 0.664236 0.0640625 0.145139
0 0.746094 0.880556 0.0734375 0.225
0 0.53125 0.90625 0.078125 0.186111
1 0.575781 0.514583 0.0140625 0.0256944
0 0.575781 0.514931 0.0140625 0.0256944
0 0.469141 0.951389 0.0304688 0.0916667
0 0.995313 0.0439128 0.009375 0.0402995
0 0.0577148 0.018967 0.0337891 0.0315972
0 0.296484 0.692361 0.0414063 0.0444444
0 0.99375 0.0435004 0.0125 0.0437283
0 0.471094 0.936111 0.025 0.0583333
0 0.300781 0.680903 0.0523437 0.0673611
0 0.992969 0.260417 0.0140625 0.0354167
0 0.989062 0.257639 0.021875 0.0416667
0 0.290234 0.693056 0.028125 0.0402778
1 0.633594 0.5375 0.0109375 0.0152778
0 0.012146 0.0329427 0.0238525 0.0347222
0 0.292969 0.684028 0.0375 0.0583333
0 0.984375 0.258507 0.03125 0.0451389
1 0.503906 0.988889 0.0125 0.0166667
0 0.0126404 0.0405382 0.0248169 0.0369792
0 0.397266 0.816667 0.0539063 0.111111
0 0.463281 0.947917 0.0421875 0.0972222
0 0.990625 0.948611 0.01875 0.0972222
1 0.369141 0.418056 0.0078125 0.0125
1 0.367969 0.41875 0.009375 0.0138889
0 0.475 0.929167 0.0171875 0.0444444
0 0.990625 0.255208 0.015625 0.0423611
1 0.53125 0.90625 0.078125 0.186111
1 0.289062 0.695139 0.0242187 0.0347222
0 0.399219 0.836806 0.0625 0.145833
0 0.61875 0.309375 0.0640625 0.0770833
0 0.321094 0.561111 0.0726563 0.0868056
0 0.610547 0.640972 0.08125 0.144444
0 0.790625 0.664236 0.0640625 0.145139
0 0.746094 0.880556 0.0734375 0.225
0 0.53125 0.90625 0.078125 0.186111
1 0.575781 0.514583 0.0140625 0.025
0 0.575781 0.514931 0.0140625 0.025
0 0.469531 0.951389 0.0296875 0.0916667
0 0.0579102 0.0188151 0.0339844 0.0317274
0 0.995313 0.0437934 0.009375 0.0400174
0 0.471094 0.935417 0.025 0.0583333
0 0.296875 0.691667 0.0421875 0.0458333
0 0.992969 0.260243 0.0140625 0.0354167
0 0.989062 0.257639 0.021875 0.0423611
0 0.300586 0.68125 0.0523437 0.0666667
1 0.633594 0.537153 0.0109375 0.0152778
0 0.012085 0.0326172 0.0237305 0.0340712
0 0.290039 0.692361 0.028125 0.0416667
0 0.99375 0.0434462 0.0125 0.0436632
0 0.292969 0.684028 0.0371094 0.0583333
1 0.503906 0.988889 0.0125 0.0166667
0 0.0125427 0.0389757 0.0247192 0.0393229
0 0.984375 0.258681 0.03125 0.0461806
0 0.463281 0.947222 0.0421875 0.0986111
0 0.396973 0.816667 0.0529297 0.108333
0 0.990625 0.949306 0.01875 0.0972222
1 0.367969 0.419444 0.00976562 0.0138889
1 0.369141 0.418056 0.00859375 0.0125
0 0.475 0.929167 0.0171875 0.0444444
0 0.990625 0.255208 0.015625 0.0423611
0 0.303516 0.694444 0.0554687 0.05
0 0.399121 0.833333 0.0626953 0.144444
1 0.582031 0.216667 0.00625 0.01875
1 0.473047 0.990278 0.0109375 0.0166667
0 0.61875 0.309375 0.0640625 0.0770833
0 0.321094 0.561111 0.0726563 0.0861111
0 0.610547 0.640972 0.08125 0.144444
0 0.790625 0.664236 0.0640625 0.145139
0 0.746484 0.880556 0.0734375 0.225
0 0.53125 0.90625 0.078125 0.186111
1 0.575781 0.514583 0.0140625 0.025
0 0.575781 0.514931 0.0140625 0.025
0 0.469531 0.951389 0.0296875 0.0916667
0 0.0581543 0.0187934 0.034668 0.0318576
0 0.995313 0.043674 0.009375 0.0402561
0 0.471094 0.936111 0.025 0.0597222
0 0.99375 0.260417 0.0125 0.0354167
0 0.989062 0.257812 0.021875 0.0420139
0 0.992188 0.257639 0.015625 0.0409722
0 0.29707 0.691667 0.0429688 0.0458333
0 0.300781 0.68125 0.0527344 0.0666667
0 0.012085 0.0325087 0.0237305 0.033941
1 0.633594 0.5375 0.0109375 0.0152778
0 0.289844 0.691667 0.0277344 0.0416667
0 0.292969 0.684028 0.0375 0.0583333
0 0.0125977 0.0393338 0.0247559 0.0383464
0 0.99375 0.043099 0.0125 0.0442708
0 0.984375 0.258681 0.03125 0.0461806
0 0.397266 0.818056 0.0523437 0.105556
1 0.368164 0.420139 0.0101562 0.0152778
0 0.990625 0.948611 0.01875 0.0972222
1 0.368945 0.418056 0.00859375 0.0125
0 0.475391 0.929167 0.0171875 0.0444444
1 0.503906 0.988889 0.0125 0.0166667
0 0.461719 0.945833 0.0453125 0.1
1 0.582031 0.216667 0.00625 0.01875
0 0.399121 0.834028 0.0626953 0.145833
0 0.0137939 0.0462674 0.027002 0.0405382
0 0.304297 0.694444 0.0570313 0.0513889
0 0.61875 0.309375 0.0640625 0.0770833
0 0.321094 0.561111 0.0730469 0.0861111
0 0.746484 0.880556 0.0734375 0.225
0 0.610156 0.640972 0.08125 0.144444
0 0.790625 0.664583 0.0640625 0.145833
0 0.53125 0.90625 0.078125 0.186111
1 0.575781 0.514583 0.0140625 0.025
0 0.575781 0.514931 0.0132813 0.025
0 0.469531 0.951389 0.0296875 0.0916667
0 0.058252 0.0187717 0.0350586 0.0320747
0 0.995313 0.0435764 0.009375 0.040191
0 0.99375 0.260243 0.0125 0.0350694
0 0.471094 0.934722 0.025 0.0583333
0 0.992188 0.257639 0.015625 0.0409722
1 0.633594 0.537153 0.0109375 0.0145833
0 0.297266 0.691667 0.0429688 0.0458333
0 0.0121338 0.032921 0.023877 0.0345052
0 0.300781 0.680903 0.0527344 0.0673611
0 0.989062 0.256944 0.021875 0.0423611
0 0.463281 0.95 0.0421875 0.0944444
0 0.0126709 0.0404948 0.0248047 0.0366319
0 0.289844 0.691667 0.0273438 0.0416667
0 0.293359 0.684028 0.0375 0.0583333
0 0.397266 0.817361 0.0523437 0.105556
0 0.984375 0.258507 0.03125 0.0458333
1 0.367969 0.420139 0.0105469 0.0152778
0 0.475 0.929167 0.0171875 0.0472222
0 0.990625 0.948611 0.01875 0.0986111
1 0.503906 0.988889 0.0132813 0.0166667
1 0.36875 0.418056 0.00859375 0.0125
0 0.99375 0.0427083 0.0125 0.0449653
0 0.0139404 0.046951 0.0272949 0.038737
1 0.473437 0.990278 0.0109375 0.0166667
1 0.473828 0.982639 0.0125 0.0305556
1 0.99375 0.260243 0.0125 0.0350694
0 0.398828 0.833333 0.0617188 0.141667
0 0.467578 0.938194 0.034375 0.108333
0 0.618359 0.309375 0.0640625 0.0770833
0 0.321094 0.561111 0.0730469 0.0861111
0 0.610156 0.640972 0.08125 0.144444
0 0.790625 0.664583 0.0640625 0.145833
0 0.746484 0.880556 0.0734375 0.225
0 0.53125 0.90625 0.078125 0.186111
1 0.575781 0.514583 0.0140625 0.025
0 0.575781 0.514931 0.0132813 0.025
0 0.469531 0.951389 0.0296875 0.0916667
0 0.0586914 0.0184028 0.0365234 0.0319444
0 0.995313 0.0438477 0.009375 0.0390408
0 0.471875 0.934722 0.025 0.0569444
0 0.99375 0.260243 0.0125 0.0350694
1 0.633594 0.537153 0.0109375 0.0145833
0 0.989062 0.257639 0.021875 0.0416667
0 0.0121338 0.0330078 0.023877 0.0335503
0 0.297266 0.691667 0.04375 0.0458333
0 0.300781 0.68125 0.0527344 0.0666667
0 0.463281 0.95 0.0421875 0.0944444
0 0.0126953 0.0412326 0.0248047 0.0350694
0 0.292383 0.691667 0.0332031 0.0416667
0 0.397656 0.818056 0.0523437 0.105556
1 0.503906 0.988889 0.0132813 0.0166667
0 0.293359 0.684028 0.0378906 0.0583333
0 0.475 0.929167 0.0171875 0.0472222
0 0.984375 0.258681 0.03125 0.0458333
0 0.288281 0.695833 0.0242187 0.0347222
0 0.990625 0.948611 0.01875 0.0986111
1 0.367578 0.419444 0.0109375 0.0152778
0 0.991406 0.254861 0.015625 0.0430556
1 0.473437 0.990278 0.0109375 0.0166667
1 0.473828 0.983333 0.0125 0.0305556
1 0.36875 0.418056 0.00898437 0.0125
0 0.013916 0.0472222 0.0271973 0.0377604
1 0.99375 0.261285 0.0125 0.0333333
0 0.467578 0.938194 0.0335938 0.108333
0 0.39834 0.833333 0.0611328 0.141667
0 0.61875 0.309375 0.0640625 0.0770833
0 0.321094 0.561111 0.0730469 0.0861111
0 0.790625 0.664583 0.0640625 0.145833
0 0.610156 0.640972 0.08125 0.144444
0 0.746484 0.88125 0.0734375 0.226389
0 0.53125 0.906944 0.0789063 0.186111
1 0.575781 0.514583 0.0140625 0.025
0 0.575781 0.514583 0.0132813 0.025
0 0.469922 0.951389 0.0289063 0.0916667
0 0.0587402 0.0184028 0.0366211 0.0319444
0 0.995313 0.04375 0.009375 0.0392361
0 0.99375 0.260069 0.0125 0.0350694
0 0.471875 0.934722 0.0242187 0.0555556
0 0.989062 0.257639 0.021875 0.0416667
1 0.633594 0.537153 0.0109375 0.0145833
0 0.012146 0.032704 0.0238037 0.0323351
0 0.301172 0.680903 0.0535156 0.0673611
0 0.298047 0.691667 0.0445312 0.0458333
1 0.503906 0.988889 0.0132813 0.0166667
0 0.463281 0.95 0.0421875 0.0944444
0 0.0126953 0.0409722 0.0248047 0.0345486
0 0.397656 0.817361 0.0523437 0.105556
0 0.291797 0.691667 0.0320312 0.0416667
0 0.475 0.929167 0.0171875 0.0472222
0 0.984375 0.258681 0.03125 0.0458333
1 0.367578 0.419444 0.0109375 0.0152778
0 0.293945 0.684028 0.0390625 0.0583333
0 0.990625 0.948611 0.01875 0.1
0 0.991406 0.254861 0.015625 0.0430556
1 0.473828 0.983333 0.0125 0.0305556
1 0.473437 0.990278 0.0109375 0.0166667
1 0.99375 0.261458 0.0125 0.0333333
0 0.288281 0.695486 0.0242187 0.0340278
1 0.36875 0.418403 0.00898437 0.0131944
0 0.618359 0.309375 0.0640625 0.0770833
0 0.321094 0.561111 0.0730469 0.0861111
0 0.610156 0.640972 0.08125 0.144444
0 0.790625 0.664583 0.0640625 0.145833
0 0.746484 0.880556 0.0734375 0.225
0 0.53125 0.906944 0.0789063 0.186111
1 0.575781 0.514583 0.0140625 0.025
0 0.575781 0.514583 0.0132813 0.025
0 0.470313 0.952083 0.028125 0.0916667
0 0.0586914 0.0184028 0.0365234 0.0320312
0 0.99375 0.260069 0.0125 0.0354167
0 0.995313 0.043826 0.009375 0.0406467
0 0.471875 0.934722 0.0242187 0.0555556
0 0.992188 0.257292 0.015625 0.0409722
0 0.989062 0.257639 0.021875 0.0423611
1 0.633594 0.537153 0.0101562 0.0145833
0 0.0121338 0.0323785 0.0237305 0.0310764
1 0.503906 0.988889 0.0132813 0.0166667
0 0.301172 0.680556 0.0539063 0.0680556
0 0.463281 0.95 0.0421875 0.0944444
0 0.298047 0.691667 0.0449219 0.0458333
0 0.397754 0.825 0.0513672 0.0916667
0 0.0126892 0.040701 0.0247192 0.0342231
0 0.398047 0.817361 0.0570313 0.119444
0 0.983594 0.258681 0.0328125 0.0486111
0 0.291406 0.691667 0.03125 0.0416667
1 0.367578 0.419444 0.0109375 0.0152778
0 0.294141 0.683681 0.0398437 0.0590278
0 0.990625 0.948611 0.01875 0.1
1 0.473828 0.983333 0.0125 0.0305556
0 0.475391 0.929167 0.0171875 0.0472222
1 0.99375 0.261111 0.0125 0.0333333
1 0.473437 0.990278 0.0109375 0.0166667
1 0.577734 0.518056 0.0140625 0.025
0 0.474219 0.977778 0.015625 0.0402778
0 0.397656 0.845139 0.0609375 0.165278
1 0.36875 0.418403 0.00898437 0.0131944
0 0.288867 0.695139 0.0234375 0.0333333
0 0.61875 0.309375 0.0640625 0.0770833
0 0.321094 0.561111 0.0730469 0.0861111
0 0.610547 0.640972 0.08125 0.144444
0 0.746484 0.880556 0.0734375 0.225
0 0.790625 0.664583 0.0640625 0.145833
0 0.53125 0.906944 0.0796875 0.186111
1 0.575781 0.514583 0.0140625 0.025
0 0.575781 0.514583 0.0132813 0.025
0 0.470313 0.952083 0.028125 0.0916667
0 0.0587891 0.0184408 0.0367187 0.0320421
0 0.99375 0.259896 0.0125 0.0354167
0 0.992188 0.257292 0.015625 0.0413194
0 0.995313 0.0437934 0.009375 0.0408854
0 0.989062 0.257639 0.021875 0.0423611
0 0.471875 0.934028 0.0234375 0.0555556
1 0.633594 0.537153 0.0101562 0.0145833
0 0.0121338 0.0320964 0.0236328 0.0305122
0 0.301172 0.680556 0.0539063 0.0680556
1 0.503906 0.988889 0.0132813 0.0166667
0 0.397656 0.825 0.0515625 0.0916667
0 0.298047 0.691319 0.0449219 0.0465278
0 0.983594 0.258333 0.0328125 0.0479167
0 0.0127014 0.0403646 0.0246948 0.0342882
0 0.398047 0.818056 0.0570313 0.119444
0 0.463281 0.95 0.0421875 0.0958333
0 0.291406 0.691667 0.03125 0.0416667
0 0.990625 0.947917 0.01875 0.101389
1 0.367578 0.419444 0.0109375 0.0152778
1 0.99375 0.260938 0.0125 0.0336806
0 0.294336 0.683333 0.0398437 0.0597222
0 0.467187 0.944444 0.0328125 0.0861111
1 0.473828 0.983333 0.0125 0.0305556
1 0.473437 0.990278 0.0109375 0.0166667
0 0.475781 0.929167 0.0171875 0.0458333
1 0.577734 0.518056 0.0140625 0.025
0 0.473047 0.957639 0.0195312 0.0819444
0 0.397266 0.85 0.0617188 0.177778
0 0.61875 0.309375 0.0640625 0.0770833
0 0.321094 0.561111 0.0730469 0.0861111
0 0.746484 0.880556 0.0734375 0.225
0 0.610156 0.640972 0.08125 0.144444
0 0.790625 0.664583 0.0640625 0.145833
0 0.53125 0.906944 0.0796875 0.186111
1 0.575781 0.514583 0.0132813 0.025
0 0.575781 0.514583 0.0132813 0.025
0 0.470313 0.952083 0.028125 0.0916667
0 0.0588867 0.0184896 0.0371094 0.0319444
0 0.99375 0.259722 0.0125 0.0354167
0 0.992188 0.257292 0.015625 0.0413194
0 0.989062 0.257292 0.021875 0.0423611
1 0.633594 0.537153 0.0101562 0.0145833
0 0.995313 0.0439345 0.009375 0.0402561
0 0.471875 0.933333 0.0234375 0.0555556
0 0.0121338 0.0317274 0.023584 0.0302083
0 0.300977 0.680556 0.0535156 0.0680556
1 0.503906 0.988889 0.0132813 0.0166667
0 0.297656 0.691667 0.0441406 0.0458333
0 0.983594 0.257986 0.0328125 0.0472222
0 0.397656 0.825 0.0515625 0.0916667
0 0.0127014 0.0396267 0.0245972 0.0346354
0 0.398047 0.818056 0.0570313 0.119444
0 0.29082 0.691667 0.0296875 0.0402778
0 0.463672 0.95 0.0414063 0.0958333
1 0.99375 0.260764 0.0125 0.0340278
1 0.367578 0.419444 0.0109375 0.0152778
0 0.294141 0.683333 0.0394531 0.0597222
0 0.990625 0.948611 0.01875 0.1
1 0.577734 0.518056 0.0140625 0.025
0 0.475781 0.929167 0.0171875 0.0458333
1 0.473437 0.983333 0.0125 0.0291667
1 0.473437 0.990278 0.0109375 0.0166667
0 0.61875 0.309375 0.0640625 0.0770833
0 0.321094 0.561111 0.0730469 0.0861111
0 0.610156 0.640972 0.08125 0.144444
0 0.790625 0.664583 0.0640625 0.145833
0 0.746484 0.880556 0.0734375 0.225
0 0.53125 0.90625 0.0796875 0.186111
1 0.575781 0.514583 0.0132813 0.025
0 0.575781 0.514583 0.0132813 0.025
0 0.470313 0.952083 0.028125 0.0916667
0 0.0589844 0.0184896 0.0375 0.0319444
0 0.99375 0.259722 0.0125 0.0354167
0 0.472656 0.944444 0.0226563 0.0763889
0 0.992188 0.257292 0.015625 0.0409722
0 0.989062 0.257292 0.021875 0.0423611
0 0.0121094 0.0315104 0.0235352 0.0299479
0 0.995313 0.0440864 0.009375 0.0394314
1 0.633594 0.537153 0.0101562 0.0145833
0 0.472266 0.933333 0.0234375 0.0527778
0 0.300781 0.680903 0.053125 0.0673611
1 0.503906 0.988889 0.0132813 0.0166667
0 0.297461 0.691667 0.04375 0.0458333
0 0.0126404 0.0391927 0.0245239 0.0346354
0 0.985156 0.256597 0.028125 0.0444444
0 0.398047 0.825694 0.0515625 0.0888889
0 0.291406 0.690972 0.03125 0.0416667
1 0.577344 0.518056 0.0140625 0.025
0 0.294141 0.683333 0.0394531 0.0597222
0 0.463281 0.95 0.0421875 0.0972222
0 0.398047 0.819444 0.0570313 0.116667
0 0.475781 0.929167 0.0171875 0.0472222
1 0.99375 0.260764 0.0125 0.0340278
0 0.61875 0.309375 0.0640625 0.0770833
0 0.321094 0.561111 0.0726563 0.0861111
0 0.610156 0.640972 0.08125 0.144444
0 0.790625 0.664583 0.0640625 0.145833
0 0.746484 0.880556 0.0734375 0.225
0 0.53125 0.90625 0.0796875 0.186111
1 0.575781 0.514583 0.0132813 0.025
0 0.575781 0.514583 0.0132813 0.025
0 0.0591797 0.0184896 0.0382813 0.0320312
0 0.470313 0.952083 0.028125 0.0916667
0 0.99375 0.260764 0.0125 0.0340278
0 0.0121094 0.0312934 0.0235352 0.0302951
0 0.472656 0.94375 0.0226563 0.075
0 0.992188 0.257292 0.015625 0.0409722
1 0.633594 0.537153 0.0101562 0.0145833
0 0.988281 0.257639 0.0234375 0.0430556
0 0.996094 0.0441949 0.0078125 0.0388672
0 0.472266 0.933333 0.0234375 0.0527778
0 0.0126526 0.0387587 0.0245972 0.0350694
0 0.300781 0.680556 0.053125 0.0666667
0 0.297461 0.690972 0.04375 0.0472222
1 0.503906 0.988889 0.0132813 0.0166667
1 0.577344 0.517708 0.0140625 0.0256944
0 0.398047 0.826389 0.0523437 0.0888889
0 0.983594 0.257986 0.0328125 0.0472222
0 0.291992 0.689931 0.0324219 0.04375
0 0.294336 0.683333 0.0402344 0.0597222
0 0.462891 0.949306 0.0429688 0.0972222
0 0.0512695 0.020752 0.0220703 0.0273329
1 0.473437 0.983333 0.0125 0.0277778
0 0.61875 0.309549 0.0640625 0.0767361
0 0.321094 0.561111 0.0726563 0.0861111
0 0.610156 0.640972 0.08125 0.144444
0 0.746484 0.880556 0.0734375 0.225
0 0.790625 0.664583 0.0640625 0.145833
0 0.53125 0.90625 0.0796875 0.186111
1 0.575781 0.514583 0.0140625 0.025
0 0.0588867 0.0186252 0.0382813 0.0322808
0 0.575781 0.514583 0.0132813 0.025
0 0.469922 0.952083 0.0289063 0.0916667
0 0.0121338 0.0311632 0.0235352 0.0302083
0 0.99375 0.260764 0.0125 0.0340278
0 0.472656 0.944444 0.0234375 0.0763889
0 0.992188 0.257292 0.015625 0.0409722
1 0.633594 0.5375 0.0101562 0.0138889
0 0.988281 0.257639 0.0234375 0.0434028
0 0.0127014 0.0387153 0.0246948 0.0348958
0 0.472656 0.933333 0.0234375 0.0527778
0 0.996094 0.04426 0.0078125 0.0385634
0 0.0550781 0.0199707 0.0302734 0.0285482
0 0.300781 0.680556 0.053125 0.0666667
1 0.577344 0.517361 0.0140625 0.0263889
0 0.296875 0.690972 0.0429688 0.0472222
0 0.398047 0.826389 0.0523437 0.0888889
1 0.503906 0.988889 0.0140625 0.0166667
0 0.293945 0.683333 0.0394531 0.0597222
0 0.983594 0.257812 0.0328125 0.0475694
0 0.461328 0.949306 0.0453125 0.0972222
1 0.632812 0.538194 0.0125 0.0166667
0 0.291016 0.694444 0.0289063 0.0375
0 0.61875 0.309549 0.0640625 0.0767361
0 0.321094 0.561458 0.0726563 0.0861111
0 0.610156 0.640972 0.08125 0.144444
0 0.746484 0.880556 0.0734375 0.226389
0 0.790625 0.664583 0.0640625 0.144444
0 0.53125 0.90625 0.0789063 0.186111
1 0.575781 0.514583 0.0140625 0.025
0 0.0589844 0.0186198 0.0386719 0.0322917
0 0.470313 0.951389 0.0296875 0.0916667
0 0.575781 0.514583 0.0140625 0.025
0 0.0121582 0.0311415 0.0234375 0.0299045
0 0.99375 0.260764 0.0125 0.0340278
0 0.472656 0.944444 0.0234375 0.0763889
0 0.992188 0.256944 0.015625 0.0409722
1 0.633594 0.5375 0.0101562 0.0138889
0 0.988281 0.257465 0.0234375 0.0434028
0 0.0127014 0.0387153 0.0246948 0.0347222
1 0.577344 0.517361 0.0148437 0.0263889
0 0.472656 0.933333 0.0234375 0.0527778
0 0.300391 0.680556 0.0523437 0.0666667
0 0.0548828 0.0200738 0.0298828 0.0282552
0 0.995313 0.0442817 0.009375 0.03852
0 0.296484 0.690972 0.0421875 0.0458333
0 0.398535 0.827778 0.0529297 0.0888889
0 0.29375 0.682986 0.0390625 0.0590278
0 0.983594 0.257812 0.0328125 0.0479167
1 0.503906 0.988889 0.0140625 0.0166667
0 0.291016 0.694444 0.0289063 0.0375
0 0.61875 0.309549 0.0640625 0.0767361
0 0.321094 0.561111 0.0726563 0.0861111
0 0.610156 0.640972 0.08125 0.144444
0 0.790625 0.664236 0.0640625 0.145139
0 0.746484 0.880556 0.0734375 0.225
0 0.53125 0.90625 0.0796875 0.186111
1 0.575781 0.514583 0.0140625 0.025
0 0.0590332 0.0186849 0.0389648 0.0323351
0 0.470313 0.951389 0.0296875 0.0916667
0 0.575781 0.514931 0.0140625 0.025
0 0.0121338 0.0310764 0.0234375 0.0296007
0 0.99375 0.260764 0.0125 0.0340278
0 0.472656 0.941667 0.0234375 0.0694444
0 0.992188 0.257118 0.015625 0.0413194
1 0.633594 0.5375 0.0101562 0.0145833
1 0.577344 0.517014 0.0148437 0.0270833
0 0.989062 0.257465 0.021875 0.0434028
0 0.0126953 0.0386719 0.024707 0.0347222
0 0.300391 0.680556 0.0527344 0.0666667
0 0.0546875 0.0200901 0.0294922 0.028049
0 0.296484 0.690972 0.0421875 0.0458333
0 0.398438 0.828472 0.053125 0.0875
0 0.293555 0.682986 0.0386719 0.0590278
0 0.995313 0.0444336 0.009375 0.0373481
0 0.473437 0.93125 0.0210938 0.05
1 0.503906 0.988889 0.0140625 0.0180556
0 0.984375 0.257986 0.03125 0.0479167
0 0.291016 0.694097 0.0289063 0.0368056
0 0.61875 0.309549 0.0640625 0.0767361
0 0.321094 0.561458 0.0726563 0.0861111
0 0.610547 0.640972 0.08125 0.144444
0 0.746484 0.880556 0.0734375 0.225
0 0.789844 0.664236 0.0640625 0.145139
0 0.53125 0.90625 0.0796875 0.186111
1 0.575781 0.514583 0.0140625 0.025
0 0.059082 0.0187283 0.0392578 0.0322483
0 0.470313 0.951389 0.0296875 0.0916667
0 0.575781 0.514931 0.0140625 0.025
0 0.0121338 0.031033 0.0234375 0.0294271
0 0.99375 0.260764 0.0125 0.0340278
0 0.992188 0.257118 0.015625 0.0413194
0 0.473047 0.938889 0.0226563 0.0666667
1 0.577344 0.516667 0.0148437 0.0263889
1 0.633594 0.5375 0.0101562 0.0152778
0 0.989062 0.257639 0.021875 0.04375
0 0.0126709 0.0385851 0.024707 0.0348958
0 0.300391 0.680556 0.0523437 0.0666667
0 0.296094 0.690972 0.0414063 0.0458333
0 0.398438 0.828472 0.0523437 0.0861111
0 0.0544922 0.0201769 0.0289063 0.0278754
0 0.293359 0.683333 0.0382813 0.0583333
0 0.473828 0.93125 0.0203125 0.0486111
0 0.995313 0.0444336 0.009375 0.0373481
0 0.291016 0.694097 0.0289063 0.0368056
0 0.984375 0.25816 0.03125 0.0482639
0 0.61875 0.309549 0.0640625 0.0767361
0 0.321094 0.561458 0.0726563 0.0861111
0 0.610156 0.640972 0.08125 0.144444
0 0.789844 0.664236 0.0640625 0.145139
0 0.746484 0.880556 0.0734375 0.225
0 0.53125 0.90625 0.0796875 0.186111
1 0.575781 0.514583 0.0140625 0.025
0 0.0591797 0.0187554 0.0394531 0.0322808
0 0.469922 0.951389 0.0296875 0.0930556
0 0.575781 0.514931 0.0140625 0.025
0 0.0121338 0.031033 0.0234375 0.0293403
0 0.99375 0.260938 0.0125 0.0340278
0 0.992188 0.258333 0.0140625 0.0388889
1 0.577344 0.516667 0.0148437 0.0263889
0 0.473047 0.9375 0.0226563 0.0638889
1 0.633594 0.537153 0.0101562 0.0145833
0 0.990625 0.25625 0.01875 0.0427083
0 0.464063 0.951389 0.0421875 0.0916667
0 0.0126709 0.0388455 0.0246582 0.0342014
0 0.296094 0.690972 0.0414063 0.0458333
0 0.3 0.680208 0.0523437 0.0673611
0 0.398438 0.829167 0.053125 0.0861111
0 0.292969 0.683333 0.0375 0.0583333
0 0.474219 0.93125 0.0203125 0.0486111
0 0.29082 0.694097 0.0289063 0.0368056
0 0.0543945 0.0202908 0.0289063 0.0277344
0 0.984375 0.25816 0.03125 0.0482639
0 0.995313 0.0445312 0.009375 0.0375
0 0.61875 0.309549 0.0640625 0.0767361
0 0.321094 0.561111 0.0726563 0.0861111
0 0.610156 0.640972 0.08125 0.144444
0 0.79043 0.664236 0.0628906 0.145139
0 0.746484 0.880556 0.0734375 0.226389
0 0.53125 0.90625 0.0796875 0.186111
1 0.575781 0.514583 0.0140625 0.025
0 0.0591797 0.0187934 0.0398437 0.0323785
0 0.470313 0.951389 0.0296875 0.0916667
0 0.012146 0.0309679 0.0234131 0.0294705
0 0.575781 0.514931 0.0140625 0.025
0 0.99375 0.259375 0.0125 0.0361111
0 0.992188 0.256944 0.015625 0.0416667
1 0.577344 0.516667 0.0148437 0.0270833
1 0.633594 0.537153 0.0101562 0.0145833
0 0.989062 0.257465 0.021875 0.0440972
0 0.473047 0.936806 0.0226563 0.0625
0 0.0126709 0.0388021 0.0246582 0.0342014
0 0.295703 0.691319 0.0410156 0.0451389
0 0.3 0.680208 0.0523437 0.0673611
0 0.398438 0.828472 0.053125 0.0875
0 0.292578 0.683333 0.0371094 0.0583333
0 0.289258 0.693403 0.025 0.0354167
0 0.984375 0.258333 0.03125 0.0486111
0 0.61875 0.309549 0.0640625 0.0767361
0 0.610156 0.640972 0.08125 0.144444
0 0.321094 0.561111 0.0726563 0.0861111
0 0.79043 0.664583 0.0628906 0.145833
0 0.746484 0.880556 0.0734375 0.226389
0 0.53125 0.905556 0.0796875 0.186111
1 0.575781 0.514583 0.0140625 0.025
0 0.0592773 0.0187717 0.0400391 0.0324219
0 0.469922 0.951389 0.0304688 0.0916667
0 0.0121338 0.0309462 0.0233887 0.0294271
0 0.992969 0.259375 0.0140625 0.0364583
0 0.575781 0.514931 0.0140625 0.025
1 0.577344 0.516667 0.0148437 0.0270833
0 0.471875 0.942361 0.0257812 0.0736111
0 0.990625 0.25625 0.01875 0.0430556
1 0.633594 0.537153 0.0101562 0.0145833
0 0.0126465 0.0387587 0.0246094 0.0341146
0 0.295703 0.691319 0.040625 0.0451389
0 0.398438 0.828472 0.053125 0.0875
0 0.3 0.680208 0.0523437 0.0673611
0 0.472656 0.932639 0.0234375 0.0541667
0 0.292383 0.683333 0.0367187 0.0583333
0 0.289062 0.69375 0.025 0.0347222
0 0.984375 0.258333 0.03125 0.0486111
0 0.61875 0.309549 0.0640625 0.0767361
0 0.610156 0.640972 0.08125 0.144444
0 0.321094 0.561111 0.0726563 0.0861111
0 0.79043 0.664583 0.0628906 0.145833
0 0.746484 0.880556 0.0734375 0.226389
0 0.53125 0.905556 0.0796875 0.186111
1 0.575781 0.514583 0.0140625 0.025
0 0.0592773 0.0188151 0.0400391 0.0324219
0 0.0121338 0.0309462 0.0233887 0.0294271
0 0.469922 0.951389 0.0304688 0.0916667
0 0.992969 0.259375 0.0140625 0.0364583
0 0.575781 0.514931 0.0140625 0.025
1 0.577344 0.516667 0.0148437 0.0270833
0 0.471875 0.942361 0.0257812 0.0736111
0 0.990625 0.25625 0.01875 0.0430556
1 0.633594 0.537153 0.0101562 0.0145833
0 0.0126465 0.0387044 0.0246094 0.0340495
0 0.295703 0.691319 0.040625 0.0451389
0 0.398438 0.828472 0.053125 0.0875
0 0.3 0.680208 0.0523437 0.0673611
0 0.472656 0.932639 0.0234375 0.0541667
0 0.292383 0.683333 0.0367187 0.0583333
0 0.289062 0.69375 0.025 0.0347222
0 0.984375 0.258333 0.03125 0.0486111
