0 0.5375 0.777778 0.0640625 0.125
0 0.439844 0.0474935 0.0414063 0.0869575
0 0.823438 0.20625 0.01875 0.0465278
0 0.85625 0.0507378 0.0125 0.043316
1 0.632812 0.738889 0.0109375 0.025
0 0.739844 0.980556 0.0421875 0.0388889
0 0.471875 0.756944 0.0257812 0.0583333
1 0.580469 0.0386719 0.0109375 0.040191
1 0.580078 0.0255154 0.009375 0.0314345
0 0.789062 0.0827257 0.025 0.0291667
1 0.85625 0.0506185 0.0140625 0.0430339
0 0.580859 0.0406142 0.0109375 0.035612
1 0.633203 0.743056 0.0117188 0.0305556
0 0.580469 0.0484375 0.015625 0.0317708
0 0.853125 0.0508572 0.015625 0.0453342
1 0.740625 0.980556 0.0421875 0.0388889
0 0.580078 0.0255154 0.009375 0.0314345
0 0.892187 0.148958 0.01875 0.0279514
1 0.634375 0.738889 0.0140625 0.0277778
0 0.539062 0.0404405 0.128125 0.0784939
1 0.58125 0.0492188 0.015625 0.0305556
0 0.532422 0.0325304 0.1125 0.0621962
1 0.467969 0.761806 0.015625 0.0388889
1 0.825 0.197917 0.009375 0.0288194
0 0.753906 0.0334093 0.0140625 0.0317925
1 0.471875 0.756944 0.0257812 0.0583333
0 0.509375 0.0417969 0.0703125 0.0780382
1 0.687109 0.647222 0.0109375 0.0208333
1 0.439844 0.0472656 0.0421875 0.087066
1 0.578125 0.0376845 0.015625 0.0437283
0 0.510938 0.0213976 0.0484375 0.0367187
0 0.796875 0.00746528 0.0125 0.0141493
0 0.469141 0.755556 0.01875 0.0472222
0 0.521094 0.0271267 0.084375 0.049566
0 0.803125 0.0105903 0.028125 0.0193576
0 0.632812 0.738889 0.0109375 0.025
0 0.754687 0.030013 0.009375 0.0303385
0 0.798437 0.00766059 0.021875 0.0144965
1 0.604688 0.192535 0.0125 0.0503472
0 0.580859 0.053776 0.015625 0.0338542
0 0.503125 0.0194824 0.046875 0.0326497
1 0.603906 0.197569 0.009375 0.0395833
0 0.578125 0.0395725 0.0164062 0.041862
0 0.467187 0.764583 0.0171875 0.0430556
0 0.537891 0.777778 0.0640625 0.125
0 0.439844 0.047092 0.0414063 0.0872396
0 0.822656 0.206076 0.01875 0.0465278
0 0.471875 0.755556 0.0265625 0.0583333
0 0.85625 0.0505968 0.0125 0.0422092
1 0.632812 0.738889 0.0117188 0.025
0 0.739844 0.980556 0.0429688 0.0388889
1 0.58125 0.043099 0.009375 0.0296007
1 0.739844 0.979861 0.0421875 0.0388889
1 0.634766 0.738889 0.0140625 0.0277778
0 0.789844 0.0820312 0.025 0.0269097
1 0.85625 0.0506185 0.0125 0.0423394
1 0.579687 0.0349826 0.0078125 0.0359375
0 0.855469 0.0448351 0.0125 0.0393229
0 0.632812 0.738889 0.0117188 0.025
1 0.580469 0.020855 0.0078125 0.022092
0 0.582031 0.052474 0.015625 0.0236111
1 0.855469 0.0448351 0.0125 0.0393229
1 0.467969 0.761111 0.0164062 0.0416667
2 0.739844 0.979861 0.0421875 0.0388889
0 0.853125 0.050651 0.015625 0.0438368
1 0.471875 0.755556 0.0265625 0.0583333
1 0.982813 0.795139 0.009375 0.0152778
0 0.467969 0.765278 0.01875 0.0416667
0 0.581641 0.0431315 0.0101562 0.03023
0 0.577344 0.0609375 0.0234375 0.025
1 0.439844 0.046875 0.0414063 0.0878472
1 0.582031 0.052474 0.015625 0.0236111
0 0.803125 0.0104601 0.028125 0.0199653
0 0.580078 0.0445747 0.0140625 0.0302951
0 0.554297 0.220486 0.0601562 0.0770833
1 0.657031 0.713194 0.00625 0.00972222
0 0.5375 0.777778 0.0640625 0.125
0 0.439844 0.0471463 0.040625 0.0876519
0 0.823438 0.20625 0.01875 0.0465278
0 0.85625 0.0506944 0.0125 0.0419271
0 0.471484 0.75625 0.0257812 0.0597222
1 0.632812 0.738889 0.0109375 0.025
0 0.739844 0.979861 0.0421875 0.0388889
1 0.58125 0.0424913 0.009375 0.030816
1 0.580469 0.0209256 0.00625 0.0210829
1 0.580469 0.034809 0.0078125 0.0359375
1 0.739844 0.979861 0.0421875 0.0388889
1 0.634766 0.738889 0.0140625 0.0277778
1 0.58125 0.0230903 0.0078125 0.025434
1 0.85625 0.0507378 0.0125 0.0421007
0 0.580859 0.0423503 0.0101562 0.0312717
0 0.580859 0.0512587 0.0132813 0.024566
2 0.740234 0.979861 0.0421875 0.0388889
1 0.581641 0.0484375 0.0125 0.0295139
1 0.552344 0.0248481 0.0046875 0.0170573
0 0.355469 0.0373698 0.0363281 0.041059
3 0.740234 0.979861 0.0421875 0.0388889
1 0.823438 0.197396 0.0125 0.0284722
1 0.468359 0.754861 0.0148437 0.0375
1 0.982813 0.795833 0.009375 0.0166667
0 0.467969 0.763889 0.0171875 0.0444444
1 0.686719 0.647569 0.0109375 0.0215278
1 0.471484 0.75625 0.0257812 0.0597222
1 0.525781 0.0715278 0.00703125 0.0185764
0 0.853125 0.0510308 0.0140625 0.0435981
0 0.632812 0.738889 0.0109375 0.025
0 0.5375 0.777778 0.0640625 0.125
0 0.439844 0.0470378 0.040625 0.0876953
0 0.823438 0.206424 0.01875 0.0461806
0 0.85625 0.0507921 0.0125 0.041645
0 0.471484 0.75625 0.0265625 0.0597222
1 0.633203 0.738889 0.0109375 0.025
0 0.740234 0.979861 0.0429688 0.0388889
1 0.58125 0.0424371 0.009375 0.0316189
1 0.580469 0.0367947 0.00859375 0.0383898
1 0.634375 0.738889 0.0140625 0.0277778
1 0.579687 0.021837 0.00625 0.0240343
1 0.740234 0.979861 0.0429688 0.0388889
1 0.633203 0.742361 0.0125 0.0319444
1 0.552344 0.0253255 0.0046875 0.0172309
1 0.58125 0.0484375 0.0125 0.0298611
1 0.85625 0.0507921 0.0125 0.041645
0 0.580859 0.0503038 0.0132813 0.0267361
1 0.982813 0.795833 0.0109375 0.0166667
0 0.58125 0.0424371 0.009375 0.0316189
1 0.58125 0.0241808 0.0078125 0.0299371
0 0.468359 0.763889 0.0179687 0.0444444
1 0.471094 0.755556 0.0265625 0.0611111
1 0.739062 0.850694 0.00625 0.0111111
1 0.467969 0.756944 0.0164062 0.0430556
1 0.686719 0.647222 0.0109375 0.0208333
0 0.633203 0.738889 0.0117188 0.025
0 0.797656 0.00644531 0.0125 0.0118924
1 0.552344 0.0246745 0.00625 0.0197483
1 0.697656 0.0398003 0.00625 0.00902778
0 0.853125 0.0510417 0.0140625 0.04375
1 0.439844 0.0470595 0.040625 0.0874783
1 0.578125 0.0415365 0.015625 0.0356771
1 0.478125 0.738889 0.0109375 0.0277778
0 0.439844 0.0469618 0.040625 0.0878472
0 0.537891 0.777778 0.0640625 0.125
0 0.823438 0.20625 0.01875 0.0458333
0 0.85625 0.0507378 0.0125 0.0412326
0 0.471484 0.755556 0.0257812 0.0611111
1 0.632812 0.738889 0.0109375 0.025
0 0.740625 0.979861 0.04375 0.0388889
1 0.58125 0.0423611 0.009375 0.0322049
1 0.580469 0.037066 0.00859375 0.0387153
1 0.740234 0.979861 0.0429688 0.0388889
1 0.580078 0.0229601 0.00703125 0.0242187
1 0.579687 0.0424479 0.0117188 0.0342014
1 0.634375 0.738889 0.0140625 0.0277778
1 0.552734 0.0255859 0.00546875 0.0178385
1 0.58125 0.0469184 0.0109375 0.0328125
1 0.58125 0.025472 0.00859375 0.0316949
1 0.982813 0.795833 0.009375 0.0166667
0 0.580859 0.0420573 0.009375 0.0327257
1 0.471094 0.755556 0.0265625 0.0611111
0 0.796875 0.00617405 0.0125 0.0118273
1 0.85625 0.0507378 0.0125 0.0412326
0 0.580859 0.0486111 0.0125 0.0302951
1 0.739453 0.850694 0.00625 0.0111111
1 0.467578 0.755556 0.0148437 0.0388889
0 0.552734 0.0255859 0.00546875 0.0178385
1 0.439844 0.046658 0.0414063 0.0877604
0 0.467578 0.765278 0.0164062 0.0416667
0 0.632812 0.738889 0.0109375 0.025
1 0.687109 0.647569 0.0109375 0.0208333
0 0.583594 0.198264 0.05625 0.0881944
1 0.478906 0.739583 0.0109375 0.0277778
1 0.5375 0.777778 0.0640625 0.125
0 0.789844 0.0822049 0.025 0.0262153
1 0.697656 0.0396701 0.00625 0.00902778
1 0.525781 0.0714844 0.00703125 0.0193576
0 0.439844 0.047092 0.0414063 0.0881076
0 0.5375 0.777778 0.0640625 0.125
0 0.823438 0.20625 0.01875 0.0458333
0 0.85625 0.0507378 0.0125 0.0412326
0 0.471484 0.75625 0.0257812 0.0597222
1 0.632812 0.738889 0.0109375 0.025
0 0.740234 0.979861 0.0429688 0.0388889
1 0.58125 0.0430556 0.009375 0.0309028
1 0.580469 0.0356337 0.00859375 0.0362847
1 0.580078 0.0220432 0.00703125 0.0229275
1 0.634375 0.738889 0.0140625 0.0277778
1 0.740234 0.979861 0.0429688 0.0388889
1 0.633203 0.742361 0.0125 0.0333333
1 0.58125 0.0478733 0.0125 0.030816
1 0.552734 0.0256076 0.00546875 0.0177951
0 0.58125 0.0429688 0.009375 0.0310764
1 0.85625 0.0507704 0.0125 0.0413411
0 0.58125 0.0497396 0.0125 0.0279514
1 0.58125 0.0240506 0.00859375 0.0303711
1 0.439844 0.0469727 0.0414063 0.0879991
0 0.796875 0.00633681 0.0125 0.0117622
1 0.982813 0.795833 0.009375 0.0166667
1 0.471484 0.75625 0.0257812 0.0597222
0 0.632812 0.738194 0.0109375 0.025
1 0.697656 0.0396701 0.00625 0.00920139
1 0.687109 0.647222 0.0109375 0.0208333
1 0.467578 0.756944 0.0140625 0.0361111
1 0.739062 0.850694 0.00625 0.0111111
0 0.439844 0.0470052 0.0414063 0.087934
0 0.5375 0.778472 0.0640625 0.125
0 0.823438 0.206424 0.01875 0.0458333
0 0.471484 0.75625 0.0257812 0.0597222
0 0.855469 0.0507921 0.0125 0.0412977
1 0.632812 0.738889 0.0109375 0.025
0 0.740234 0.979861 0.0429688 0.0388889
1 0.58125 0.0434136 0.009375 0.0301866
1 0.634375 0.738889 0.0140625 0.0277778
1 0.580469 0.0334093 0.0078125 0.0335286
1 0.633203 0.742361 0.0125 0.0333333
1 0.580078 0.0213487 0.00703125 0.0223199
1 0.740234 0.979861 0.0429688 0.0388889
1 0.579687 0.0432726 0.0125 0.0329861
1 0.552734 0.0255425 0.00546875 0.0178385
1 0.58125 0.0487413 0.0109375 0.0289931
0 0.58125 0.0434462 0.009375 0.0301215
1 0.85625 0.0508789 0.0125 0.0414714
0 0.796875 0.00643446 0.0125 0.0119575
0 0.58125 0.0500868 0.0125 0.0272569
1 0.58125 0.0231717 0.00859375 0.0305664
1 0.471484 0.75625 0.0257812 0.0597222
1 0.467969 0.75625 0.0148437 0.0361111
0 0.85625 0.0457031 0.0125 0.0414063
1 0.982813 0.795833 0.009375 0.0166667
0 0.579687 0.0432726 0.0125 0.0329861
0 0.632812 0.738194 0.0109375 0.025
1 0.439844 0.0469618 0.0414063 0.0880208
1 0.698047 0.0395833 0.00625 0.009375
1 0.739062 0.850694 0.00625 0.0111111
0 0.439844 0.0469618 0.0414063 0.0880208
0 0.5375 0.777778 0.0640625 0.125
0 0.823438 0.206424 0.01875 0.0458333
0 0.855469 0.0508247 0.0125 0.0413194
0 0.471484 0.75625 0.0257812 0.0597222
1 0.632812 0.738889 0.0109375 0.025
0 0.740234 0.979861 0.0429688 0.0388889
1 0.58125 0.0435872 0.009375 0.0296658
1 0.634766 0.738889 0.0140625 0.0277778
1 0.633203 0.741667 0.0125 0.0333333
1 0.580469 0.0342882 0.0078125 0.0347222
1 0.580078 0.0212891 0.00703125 0.0223524
1 0.740234 0.979861 0.0429688 0.0388889
0 0.58125 0.0437609 0.009375 0.0293186
0 0.796875 0.00645616 0.0125 0.0117839
1 0.85625 0.0509115 0.0125 0.0414063
1 0.579687 0.0434136 0.0125 0.0327908
1 0.552734 0.025651 0.00546875 0.0176215
1 0.467969 0.755556 0.0140625 0.0333333
1 0.581641 0.0496528 0.0109375 0.0272569
0 0.58125 0.050651 0.0125 0.0261285
1 0.739062 0.851389 0.00625 0.0111111
1 0.471484 0.75625 0.0257812 0.0597222
1 0.470313 0.755556 0.015625 0.0388889
1 0.58125 0.0232856 0.00859375 0.0309462
0 0.632812 0.738194 0.0109375 0.025
0 0.85625 0.0457899 0.0125 0.0414931
1 0.477344 0.740278 0.0140625 0.0291667
0 0.579687 0.0434136 0.0125 0.0327908
0 0.439844 0.0469618 0.0414063 0.0881944
0 0.5375 0.777778 0.0640625 0.125
0 0.823438 0.206424 0.01875 0.0458333
0 0.855469 0.0507921 0.0125 0.0414714
0 0.471484 0.75625 0.0257812 0.0597222
1 0.632812 0.738889 0.0109375 0.025
0 0.740234 0.979861 0.0429688 0.0388889
1 0.58125 0.0437609 0.009375 0.0293186
1 0.580469 0.0403754 0.00859375 0.0352214
1 0.634766 0.738889 0.0140625 0.0277778
1 0.740234 0.979861 0.0429688 0.0388889
0 0.796875 0.00648872 0.0125 0.0118056
1 0.579687 0.0209256 0.00625 0.0218641
1 0.467969 0.755556 0.0140625 0.0333333
1 0.580469 0.0349935 0.0078125 0.0360894
0 0.58125 0.0441732 0.00859375 0.0283203
1 0.552734 0.0256076 0.00546875 0.0174479
1 0.85625 0.050944 0.0125 0.0413411
1 0.581641 0.0508681 0.0109375 0.0251736
1 0.579687 0.0435764 0.0125 0.0322049
0 0.58125 0.0515625 0.0125 0.0244792
1 0.470313 0.755556 0.015625 0.0388889
1 0.739062 0.851389 0.00625 0.0111111
1 0.471484 0.75625 0.0257812 0.0597222
0 0.632812 0.738194 0.0109375 0.025
0 0.789844 0.0820312 0.025 0.0262153
1 0.698047 0.0395833 0.00625 0.00928819
1 0.58125 0.0240451 0.00859375 0.0328993
0 0.582031 0.198264 0.05625 0.0916667
0 0.579687 0.0435764 0.0125 0.0322049
1 0.476953 0.741667 0.0140625 0.0305556
0 0.5375 0.777778 0.0640625 0.125
0 0.439844 0.0469184 0.0414063 0.0882813
0 0.823438 0.206424 0.01875 0.0458333
0 0.855469 0.0507812 0.0125 0.0414063
0 0.471484 0.75625 0.0257812 0.0597222
1 0.632812 0.738889 0.0109375 0.025
0 0.740234 0.979861 0.0429688 0.0388889
1 0.58125 0.0439236 0.009375 0.0289931
1 0.580469 0.039974 0.0078125 0.0353299
1 0.634375 0.738889 0.0140625 0.0277778
1 0.632812 0.741667 0.0125 0.0333333
0 0.796875 0.00646701 0.0109375 0.0118056
1 0.740234 0.979861 0.0429688 0.0388889
1 0.467969 0.755556 0.0140625 0.0361111
0 0.58125 0.0445747 0.00859375 0.0273438
1 0.579687 0.020752 0.00625 0.0214301
1 0.552734 0.0255642 0.00546875 0.0173611
1 0.85625 0.0509549 0.0125 0.0413194
1 0.581641 0.0514757 0.0109375 0.0237847
1 0.579687 0.0440104 0.0125 0.0314236
0 0.58125 0.0520833 0.0125 0.0232639
1 0.471484 0.75625 0.0257812 0.0597222
1 0.739062 0.851389 0.00703125 0.0111111
1 0.470703 0.755556 0.015625 0.0388889
0 0.579687 0.0440104 0.0125 0.0314236
0 0.58125 0.199002 0.0570313 0.0922743
0 0.632812 0.738194 0.0109375 0.025
1 0.698047 0.0395399 0.00625 0.00920139
0 0.789844 0.0821181 0.025 0.0265625
0 0.5375 0.777778 0.0640625 0.125
0 0.439844 0.046799 0.040625 0.0881727
0 0.823438 0.206424 0.01875 0.0458333
0 0.855469 0.0507812 0.0125 0.0414063
0 0.471484 0.75625 0.0257812 0.0597222
1 0.632812 0.738889 0.0109375 0.025
0 0.740234 0.979861 0.0429688 0.0388889
1 0.58125 0.0440104 0.009375 0.0289063
1 0.579687 0.0395725 0.0078125 0.0354384
1 0.634375 0.738889 0.0140625 0.0277778
1 0.632812 0.741667 0.0125 0.0333333
0 0.796875 0.00638021 0.0125 0.0116753
1 0.740234 0.979861 0.0429688 0.0388889
1 0.467969 0.755556 0.0140625 0.0361111
0 0.58125 0.0447157 0.00859375 0.0272352
1 0.579687 0.0208279 0.00625 0.021365
1 0.580469 0.0344618 0.0078125 0.0350694
1 0.552734 0.0255208 0.00546875 0.0174479
1 0.581641 0.0514757 0.0109375 0.0236111
1 0.85625 0.050944 0.0125 0.0413411
1 0.579687 0.0440972 0.0125 0.0310764
0 0.58125 0.0520833 0.0125 0.0230903
1 0.471484 0.755556 0.0257812 0.0611111
1 0.471094 0.754861 0.015625 0.0402778
1 0.739062 0.851389 0.00625 0.0111111
0 0.632812 0.738194 0.0109375 0.025
0 0.579687 0.0440972 0.0125 0.0310764
0 0.5375 0.777778 0.0640625 0.125
0 0.439844 0.046799 0.040625 0.0881727
0 0.823438 0.206597 0.01875 0.0458333
0 0.855469 0.0507812 0.0125 0.0414063
0 0.471484 0.755556 0.0257812 0.0611111
1 0.632812 0.738889 0.0109375 0.025
0 0.740234 0.979861 0.0429688 0.0388889
1 0.58125 0.0439996 0.009375 0.0288411
1 0.579687 0.039247 0.0078125 0.0355686
1 0.633203 0.741667 0.0125 0.0333333
0 0.796875 0.00635851 0.0109375 0.0116753
1 0.467969 0.755556 0.0140625 0.0361111
1 0.740234 0.979861 0.0429688 0.0388889
0 0.58125 0.0447157 0.00859375 0.0270616
1 0.635156 0.738889 0.0140625 0.0277778
1 0.580078 0.020638 0.00625 0.0210503
1 0.85625 0.0509115 0.0125 0.0414063
1 0.582031 0.0515625 0.0109375 0.0236111
1 0.580469 0.0344184 0.0078125 0.0351562
1 0.579687 0.044184 0.0125 0.0309896
1 0.552734 0.0254774 0.00546875 0.0174479
0 0.797656 0.00705295 0.0140625 0.0135851
1 0.470703 0.754861 0.015625 0.0402778
1 0.471484 0.755556 0.0257812 0.0611111
0 0.58125 0.0522135 0.0125 0.0228299
0 0.632812 0.738194 0.0109375 0.025
1 0.739062 0.851389 0.00625 0.0111111
0 0.51875 0.0211589 0.0578125 0.0370226
1 0.471094 0.747222 0.0164062 0.0416667
0 0.537891 0.777778 0.0632813 0.125
0 0.439844 0.0468641 0.040625 0.0882161
0 0.822656 0.206597 0.01875 0.0458333
0 0.855469 0.0507378 0.0125 0.0414931
0 0.471484 0.755556 0.0257812 0.0611111
1 0.632812 0.738889 0.0109375 0.025
0 0.740234 0.979861 0.0429688 0.0388889
1 0.58125 0.0440864 0.009375 0.0288411
1 0.579687 0.0391385 0.0078125 0.035612
1 0.634375 0.738889 0.0140625 0.0277778
0 0.796875 0.00638021 0.0125 0.0116753
1 0.468359 0.755556 0.0140625 0.0361111
1 0.739844 0.979861 0.0421875 0.0388889
0 0.58125 0.0448025 0.00859375 0.026888
1 0.582031 0.0515625 0.0109375 0.0234375
1 0.580469 0.034809 0.0078125 0.0355903
1 0.579687 0.0206977 0.00625 0.020931
1 0.85625 0.0509115 0.0125 0.0414931
1 0.552734 0.0254774 0.00546875 0.0173611
1 0.470703 0.754861 0.015625 0.0402778
1 0.471484 0.755556 0.0257812 0.0611111
0 0.58125 0.0523003 0.0125 0.0224826
1 0.739062 0.850694 0.00625 0.0111111
1 0.471484 0.747222 0.0164062 0.0416667
0 0.632812 0.738194 0.0109375 0.025
1 0.478906 0.740278 0.009375 0.0277778
1 0.476562 0.741667 0.0140625 0.0333333
0 0.537891 0.777778 0.0632813 0.125
0 0.439844 0.046799 0.0414063 0.0881727
0 0.822656 0.206597 0.01875 0.0458333
0 0.471484 0.755556 0.0257812 0.0611111
0 0.855469 0.0507378 0.0125 0.0415799
0 0.740234 0.979861 0.0429688 0.0388889
1 0.632812 0.738889 0.0109375 0.025
1 0.58125 0.0441081 0.009375 0.0287977
1 0.582031 0.0467014 0.0078125 0.0236111
1 0.579687 0.0394531 0.0078125 0.0355903
1 0.633594 0.741667 0.0125 0.0333333
0 0.796875 0.00640191 0.0125 0.0117622
1 0.46875 0.755556 0.0140625 0.0361111
1 0.739844 0.979861 0.0421875 0.0388889
1 0.582031 0.0516493 0.0109375 0.0230903
1 0.635156 0.738889 0.0140625 0.0277778
0 0.58125 0.0448676 0.00859375 0.0267578
1 0.580469 0.035026 0.0078125 0.0360243
1 0.85625 0.0509115 0.0125 0.0415799
1 0.579687 0.0206814 0.00625 0.0208767
1 0.552734 0.0254991 0.00546875 0.0173177
1 0.470703 0.754167 0.015625 0.0416667
0 0.58125 0.0524306 0.0125 0.0220486
1 0.471484 0.755556 0.0257812 0.0611111
1 0.739062 0.851389 0.00625 0.0111111
1 0.478906 0.739583 0.009375 0.0277778
1 0.471484 0.747222 0.0164062 0.0402778
0 0.789844 0.0820312 0.025 0.0267361
1 0.476562 0.741667 0.0140625 0.0333333
0 0.632812 0.738194 0.0109375 0.025
0 0.537891 0.777778 0.0632813 0.125
0 0.439844 0.046799 0.0414063 0.0881727
0 0.822656 0.206597 0.01875 0.0458333
0 0.471484 0.755556 0.0257812 0.0611111
0 0.855469 0.0507378 0.0125 0.0415799
0 0.740234 0.979861 0.0429688 0.0388889
1 0.633203 0.738889 0.0109375 0.025
1 0.58125 0.0441406 0.009375 0.0288194
1 0.582031 0.046658 0.0078125 0.0236979
1 0.579687 0.0397461 0.0078125 0.035612
1 0.633594 0.741667 0.0125 0.0333333
0 0.796875 0.00642361 0.0125 0.0118056
1 0.468359 0.755556 0.0140625 0.0361111
1 0.739844 0.979861 0.0421875 0.0388889
1 0.581641 0.0515625 0.0101562 0.0232639
1 0.635156 0.738889 0.0140625 0.0277778
0 0.58125 0.0449544 0.00859375 0.0267578
1 0.580469 0.0353407 0.0078125 0.0367839
1 0.579687 0.0206597 0.00625 0.0207465
1 0.85625 0.0509115 0.0125 0.0415799
1 0.552734 0.0255208 0.00546875 0.0172743
1 0.470703 0.754167 0.015625 0.0416667
1 0.739062 0.851389 0.00625 0.0111111
1 0.471484 0.755556 0.0257812 0.0611111
0 0.58125 0.0523437 0.0109375 0.0220486
1 0.478906 0.739583 0.009375 0.0277778
0 0.789844 0.0819444 0.025 0.0267361
0 0.632812 0.738194 0.0109375 0.025
1 0.476953 0.741667 0.0140625 0.0319444
1 0.471484 0.747222 0.0164062 0.0388889
0 0.537891 0.777778 0.0632813 0.125
0 0.439844 0.0468316 0.0414063 0.0882813
0 0.822656 0.206597 0.01875 0.0458333
0 0.471484 0.755556 0.0257812 0.0611111
0 0.855469 0.0507921 0.0125 0.041645
0 0.740234 0.979861 0.0429688 0.0388889
1 0.633203 0.738889 0.0109375 0.025
1 0.58125 0.0441949 0.009375 0.0287977
1 0.582031 0.0465278 0.0078125 0.0239583
1 0.580078 0.0400174 0.0078125 0.0355035
1 0.633594 0.741667 0.0125 0.0333333
0 0.796875 0.00653212 0.0125 0.0119358
1 0.468359 0.755556 0.0140625 0.0361111
1 0.635156 0.738889 0.0140625 0.0277778
1 0.581641 0.0514757 0.0101562 0.0234375
1 0.739844 0.979861 0.0421875 0.0388889
0 0.58125 0.0449544 0.00859375 0.0267578
1 0.85625 0.0509657 0.0125 0.041645
1 0.579687 0.020752 0.00625 0.0210829
1 0.552734 0.0255859 0.00546875 0.0173177
1 0.739062 0.851389 0.00625 0.0111111
1 0.471484 0.75625 0.0257812 0.0597222
1 0.470703 0.754861 0.015625 0.0402778
0 0.58125 0.0524306 0.0109375 0.0220486
0 0.789844 0.0820312 0.025 0.0269097
0 0.632812 0.738194 0.0109375 0.025
1 0.478906 0.738889 0.009375 0.0277778
0 0.5375 0.777778 0.0640625 0.125
0 0.439844 0.0468641 0.0414063 0.0880425
0 0.822656 0.206597 0.01875 0.0461806
0 0.471484 0.75625 0.0257812 0.0597222
0 0.855469 0.0507812 0.0125 0.0416667
0 0.740234 0.979861 0.0429688 0.0388889
1 0.633203 0.738889 0.0109375 0.025
1 0.58125 0.0442274 0.009375 0.0287326
1 0.579687 0.0400933 0.0078125 0.0354384
1 0.633594 0.741667 0.0125 0.0333333
0 0.796875 0.00664063 0.0125 0.012066
1 0.581641 0.0513021 0.0101562 0.0236111
1 0.635156 0.738889 0.0140625 0.0277778
1 0.740234 0.979861 0.0429688 0.0388889
1 0.468359 0.754861 0.0140625 0.0361111
0 0.58125 0.0448893 0.00859375 0.026888
0 0.798437 0.00730252 0.015625 0.0138672
1 0.85625 0.0509549 0.0125 0.0416667
1 0.580469 0.0358615 0.00859375 0.0374783
1 0.579687 0.0209581 0.00625 0.0216254
1 0.739062 0.851389 0.00625 0.0111111
1 0.552344 0.0255859 0.0046875 0.0172309
1 0.471875 0.75625 0.025 0.0597222
0 0.789844 0.0821181 0.025 0.0269097
0 0.58125 0.0523437 0.0109375 0.0220486
1 0.470703 0.754861 0.015625 0.0416667
0 0.632812 0.738889 0.0109375 0.025
0 0.537891 0.777778 0.0632813 0.125
0 0.439844 0.0468859 0.0414063 0.0879991
0 0.822656 0.206597 0.01875 0.0461806
0 0.471484 0.755556 0.0257812 0.0611111
0 0.855469 0.0507812 0.0125 0.0416667
0 0.740234 0.979861 0.0429688 0.0388889
1 0.633203 0.738889 0.0109375 0.025
1 0.58125 0.0442817 0.009375 0.0287977
1 0.580078 0.0402344 0.0078125 0.0354167
1 0.634375 0.738889 0.0140625 0.0277778
0 0.796875 0.00679253 0.0125 0.012283
1 0.581641 0.0513889 0.0101562 0.0236111
1 0.739844 0.979861 0.0421875 0.0388889
0 0.58125 0.0449219 0.0078125 0.0269965
1 0.468359 0.754861 0.0140625 0.0361111
1 0.85625 0.050944 0.0125 0.0416884
1 0.739062 0.851389 0.00625 0.0111111
1 0.579687 0.0212023 0.00625 0.0217448
1 0.552344 0.025651 0.0046875 0.0171875
1 0.471875 0.75625 0.025 0.0597222
0 0.789844 0.0827908 0.025 0.0285156
0 0.58125 0.0525608 0.0109375 0.0216146
0 0.537891 0.777778 0.0632813 0.125
0 0.439844 0.0468859 0.0414063 0.0879991
0 0.822656 0.206597 0.01875 0.0461806
0 0.471484 0.755556 0.0257812 0.0611111
0 0.855469 0.0507812 0.0125 0.0416667
0 0.740234 0.979861 0.0429688 0.0388889
1 0.632812 0.738889 0.0109375 0.025
1 0.58125 0.0441732 0.009375 0.0288411
1 0.580469 0.0403537 0.0078125 0.0354384
1 0.634375 0.738889 0.0140625 0.0277778
0 0.796875 0.00687934 0.0125 0.0123698
1 0.581641 0.0514757 0.0101562 0.0234375
0 0.58125 0.0448351 0.0078125 0.0271701
1 0.739844 0.979167 0.0421875 0.0388889
1 0.468359 0.755556 0.0140625 0.0361111
1 0.739062 0.851389 0.00625 0.0111111
1 0.85625 0.0509115 0.0125 0.0417535
1 0.580469 0.0363715 0.009375 0.0378472
1 0.579687 0.0215929 0.00625 0.0223524
1 0.552344 0.0256727 0.0046875 0.0171441
1 0.471875 0.75625 0.025 0.0597222
0 0.537891 0.777778 0.0632813 0.125
0 0.439844 0.0469727 0.0414063 0.0878255
0 0.822656 0.206597 0.01875 0.0461806
0 0.471484 0.755556 0.0257812 0.0611111
0 0.855469 0.0507812 0.0125 0.0416667
0 0.740234 0.979861 0.0429688 0.0388889
1 0.632812 0.738889 0.0109375 0.025
1 0.58125 0.044184 0.009375 0.0289931
1 0.580469 0.0404405 0.0078125 0.0354384
1 0.634375 0.738889 0.0140625 0.0277778
1 0.581641 0.0515191 0.0101562 0.0231771
0 0.796875 0.00698785 0.0125 0.0125
1 0.46875 0.754861 0.0140625 0.0361111
0 0.58125 0.0447483 0.0078125 0.0273438
1 0.739844 0.979167 0.0421875 0.0388889
1 0.85625 0.0509115 0.0125 0.0417535
1 0.739062 0.851389 0.00625 0.0111111
1 0.580469 0.036556 0.009375 0.0379991
1 0.579687 0.0217882 0.00625 0.0226997
1 0.471875 0.75625 0.025 0.0597222
1 0.470703 0.755556 0.015625 0.0416667
1 0.552344 0.0256944 0.0046875 0.0170139
0 0.537891 0.777778 0.0632813 0.125
0 0.439844 0.0469727 0.0414063 0.0878255
0 0.822656 0.206597 0.01875 0.0461806
0 0.471484 0.755556 0.0257812 0.0611111
0 0.855469 0.0507812 0.0125 0.0416667
1 0.632812 0.738889 0.0109375 0.025
0 0.740234 0.979861 0.0429688 0.0388889
1 0.58125 0.0441732 0.00859375 0.0290148
1 0.580469 0.0404948 0.0078125 0.0353299
1 0.634375 0.738889 0.0140625 0.0277778
1 0.581641 0.0518229 0.0101562 0.0225694
0 0.796875 0.00700955 0.0125 0.0124566
1 0.740234 0.979167 0.0429688 0.0388889
1 0.46875 0.754167 0.0140625 0.0361111
0 0.58125 0.0447917 0.0078125 0.0273438
1 0.85625 0.0509115 0.0125 0.0417535
1 0.579687 0.0444878 0.0125 0.0307292
1 0.739062 0.851389 0.00625 0.0111111
1 0.580469 0.0367296 0.009375 0.0379991
1 0.579687 0.0217882 0.00625 0.0227431
0 0.520312 0.021441 0.0609375 0.0371528
1 0.471875 0.75625 0.025 0.0597222
0 0.537891 0.777778 0.0632813 0.125
0 0.439844 0.0470378 0.0414063 0.0878689
0 0.822656 0.206597 0.01875 0.0465278
0 0.471484 0.75625 0.0257812 0.0597222
0 0.855469 0.0507812 0.0125 0.0416667
1 0.632812 0.738889 0.0109375 0.025
0 0.740234 0.979861 0.0429688 0.0388889
1 0.582031 0.0458767 0.0078125 0.025434
1 0.58125 0.0420247 0.009375 0.0343533
1 0.634375 0.738889 0.0140625 0.0277778
1 0.581641 0.0517795 0.0101562 0.0226563
0 0.796875 0.00705295 0.0125 0.0125
1 0.740234 0.979167 0.0429688 0.0388889
0 0.58125 0.0447157 0.0078125 0.0274089
1 0.85625 0.050944 0.0125 0.0416884
1 0.579687 0.0444444 0.0117188 0.030816
1 0.46875 0.754167 0.0140625 0.0375
1 0.580469 0.036849 0.009375 0.037934
1 0.739062 0.851389 0.00625 0.0111111
0 0.520312 0.0215061 0.0609375 0.0371962
1 0.471875 0.75625 0.025 0.0597222
1 0.579687 0.0217014 0.00625 0.0228299
0 0.5375 0.777778 0.0640625 0.125
0 0.439844 0.0470486 0.0414063 0.0878472
0 0.822656 0.206597 0.01875 0.0465278
0 0.855469 0.0507812 0.0125 0.0417535
0 0.471484 0.75625 0.0257812 0.0597222
1 0.632812 0.738889 0.0109375 0.025
0 0.740234 0.979861 0.0429688 0.0388889
1 0.582031 0.0456706 0.0078125 0.0258464
1 0.58125 0.0420573 0.009375 0.0342882
1 0.634375 0.738889 0.0140625 0.0277778
1 0.582031 0.0516927 0.009375 0.0228299
0 0.796875 0.0070855 0.0125 0.0124783
1 0.85625 0.0509115 0.0125 0.0417535
1 0.740234 0.979167 0.0429688 0.0388889
0 0.58125 0.0447157 0.0078125 0.0274089
1 0.579687 0.0444444 0.0117188 0.030816
1 0.46875 0.754167 0.0140625 0.0375
1 0.580859 0.0368924 0.00859375 0.037934
0 0.519531 0.0215278 0.059375 0.0371528
1 0.471484 0.75625 0.0257812 0.0597222
1 0.739062 0.851389 0.00625 0.0111111
0 0.5375 0.777778 0.0640625 0.125
0 0.439844 0.0470595 0.0414063 0.0878255
0 0.822656 0.206597 0.01875 0.0465278
0 0.855469 0.0508247 0.0125 0.0417535
0 0.471875 0.75625 0.025 0.0597222
1 0.632812 0.738889 0.0109375 0.025
0 0.740234 0.979861 0.0429688 0.0388889
1 0.582031 0.0453233 0.0078125 0.0263672
1 0.58125 0.0420573 0.009375 0.0342014
1 0.634375 0.738889 0.0140625 0.0277778
1 0.582031 0.0514757 0.009375 0.0231771
0 0.796875 0.00713976 0.0125 0.0125
1 0.85625 0.0509657 0.0125 0.0418186
0 0.8 0.0070855 0.015625 0.0124783
0 0.58125 0.0446181 0.0078125 0.0275174
1 0.740234 0.979167 0.0429688 0.0388889
0 0.519531 0.0215332 0.0601562 0.0372287
1 0.579687 0.0443576 0.0117188 0.0309896
1 0.46875 0.754167 0.0140625 0.0375
1 0.580859 0.0369358 0.00859375 0.037934
1 0.471484 0.75625 0.0257812 0.0597222
0 0.537891 0.777778 0.0632813 0.125
0 0.439844 0.0470595 0.0414063 0.0878255
0 0.822656 0.206597 0.01875 0.0465278
0 0.85625 0.0508247 0.0125 0.0418403
0 0.471875 0.75625 0.025 0.0597222
1 0.632812 0.738889 0.0109375 0.025
0 0.740234 0.979861 0.0429688 0.0388889
1 0.582031 0.0450412 0.0078125 0.0269314
1 0.58125 0.0420573 0.009375 0.0341146
1 0.634375 0.738889 0.0140625 0.0277778
1 0.582031 0.0513021 0.009375 0.0235243
0 0.796875 0.00718316 0.0125 0.0125434
1 0.85625 0.0509549 0.0125 0.0418403
0 0.58125 0.0444878 0.0078125 0.027691
0 0.519531 0.0215332 0.059375 0.0373155
0 0.8 0.00712891 0.015625 0.0126085
1 0.740234 0.979167 0.0429688 0.0388889
1 0.579687 0.04426 0.0117188 0.0310981
1 0.46875 0.754167 0.0140625 0.0388889
1 0.471484 0.75625 0.0257812 0.0597222
0 0.537891 0.777778 0.0632813 0.125
0 0.439844 0.0470595 0.0414063 0.0878255
0 0.822656 0.206597 0.01875 0.0465278
0 0.85625 0.0508247 0.0125 0.0418403
0 0.471875 0.75625 0.025 0.0597222
1 0.632812 0.738889 0.0109375 0.025
0 0.740234 0.979861 0.0429688 0.0388889
1 0.582031 0.0450521 0.0078125 0.0269097
1 0.58125 0.0420573 0.009375 0.0341146
1 0.634375 0.738889 0.0140625 0.0277778
1 0.582031 0.0513021 0.009375 0.0234375
0 0.796875 0.00719401 0.0125 0.0125651
1 0.85625 0.0509549 0.0125 0.0418403
0 0.58125 0.0444878 0.0078125 0.027691
0 0.519531 0.0215332 0.059375 0.0373155
0 0.8 0.00712891 0.015625 0.0126085
1 0.740234 0.979167 0.0429688 0.0388889
1 0.579687 0.04426 0.0117188 0.0310981
1 0.46875 0.754167 0.0140625 0.0388889
1 0.471484 0.75625 0.0257812 0.0597222
