0 0.427344 0.370833 0.0460938 0.0923611
0 0.6 0.297917 0.040625 0.0861111
0 0.357031 0.311806 0.0484375 0.0923611
0 0.732422 0.273611 0.0390625 0.0833333
0 0.262695 0.544444 0.0484375 0.1
0 0.194189 0.488194 0.0514648 0.0958333
0 0.294141 0.570139 0.0570313 0.113889
0 0.19292 0.187153 0.0454102 0.0743056
0 0.0319336 0.339063 0.0548828 0.0940972
0 0.329297 0.597917 0.0492188 0.108333
0 0.133594 0.149479 0.04375 0.0725694
0 0.0810547 0.114063 0.0373047 0.0569444
0 0.0184082 0.306944 0.0362305 0.0854167
0 0.548437 0.968056 0.0734375 0.0638889
1 0.548437 0.968056 0.0734375 0.0638889
1 0.154492 0.473611 0.0125 0.025
1 0.0184814 0.306944 0.0363281 0.0868056
0 0.0155518 0.177257 0.0300781 0.059375
0 0.00672607 0.265625 0.0128174 0.0569444
0 0.154492 0.473611 0.0125 0.025
1 0.746484 0.0675347 0.0109375 0.0211806
1 0.273438 0.489583 0.009375 0.01875
0 0.29375 0.0193142 0.0183594 0.0236111
1 0.23125 0.571528 0.0117188 0.0236111
1 0.273438 0.492361 0.0101562 0.0208333
1 0.294141 0.0200575 0.0171875 0.0217773
0 0.0753418 0.00910373 0.0192383 0.0152127
1 0.230469 0.572917 0.0140625 0.0291667
0 0.243359 0.134896 0.0257812 0.0413194
1 0.0155273 0.180208 0.0300781 0.0652778
1 0.174805 0.463194 0.00859375 0.0138889
0 0.251563 0.135243 0.0421875 0.0440972
1 0.153223 0.475347 0.015625 0.0305556
2 0.548437 0.968056 0.0734375 0.0638889
1 0.383008 0.3125 0.00625 0.0131944
1 0.329297 0.597917 0.0484375 0.109028
0 0.292188 0.0168783 0.021875 0.0283963
1 0.133594 0.149479 0.0433594 0.0725694
0 0.218311 0.243403 0.0875977 0.0597222
0 0.251563 0.142622 0.04375 0.0425347
0 0.427344 0.370486 0.046875 0.0930556
0 0.357031 0.311458 0.0488281 0.0930556
0 0.6 0.297917 0.040625 0.0864583
0 0.194482 0.487847 0.0508789 0.0958333
0 0.732031 0.273264 0.0390625 0.0840278
0 0.262695 0.544444 0.0484375 0.1
0 0.192969 0.186285 0.0457031 0.0756944
0 0.29375 0.570833 0.05625 0.113889
0 0.0318359 0.338542 0.0552734 0.09375
0 0.329688 0.597222 0.0476562 0.108333
0 0.133984 0.14809 0.0447266 0.0746528
0 0.0824707 0.112326 0.0411133 0.0607639
0 0.0182068 0.307292 0.0357544 0.0875
0 0.548437 0.968056 0.0734375 0.0638889
1 0.548828 0.968056 0.0742188 0.0638889
0 0.0160095 0.173611 0.0312622 0.0534722
0 0.00667725 0.266319 0.012915 0.0645833
1 0.746094 0.068099 0.0109375 0.0212674
1 0.273438 0.488889 0.00976562 0.0194444
0 0.154492 0.473958 0.0126953 0.025
0 0.0167969 0.184071 0.0331055 0.0735243
1 0.731641 0.0428819 0.0109375 0.0263889
1 0.154492 0.473958 0.0126953 0.025
1 0.174805 0.463889 0.00898437 0.0152778
1 0.752344 0.0713542 0.00625 0.0145833
2 0.548828 0.968056 0.0742188 0.0638889
0 0.00683594 0.256424 0.0135254 0.0579861
0 0.731641 0.0428711 0.0101562 0.0265842
1 0.675781 0.474306 0.0109375 0.0180556
1 0.329102 0.0135417 0.00820312 0.0245226
0 0.29375 0.0192925 0.01875 0.0236545
1 0.231641 0.570833 0.0109375 0.0208333
1 0.0577148 0.181771 0.0108398 0.0149306
1 0.271484 0.490278 0.0140625 0.0243056
0 0.0191406 0.193229 0.0381836 0.0923611
0 0.0812012 0.152778 0.0987305 0.0572917
1 0.0557129 0.183333 0.015332 0.0177083
0 0.104687 0.151215 0.0923828 0.0704861
1 0.352148 0.00666233 0.00703125 0.0114149
1 0.174219 0.465278 0.0101562 0.0208333
1 0.529688 0.675347 0.00625 0.0131944
1 0.210156 0.894444 0.0109375 0.0222222
0 0.0748047 0.402778 0.0617188 0.0486111
0 0.210156 0.894444 0.0109375 0.0222222
1 0.764844 0.0272786 0.00625 0.0142795
1 0.742969 0.159549 0.0078125 0.015625
0 0.158203 0.195833 0.0976562 0.0697917
0 0.131543 0.196875 0.100195 0.0673611
0 0.210938 0.244444 0.0972656 0.0569444
0 0.470313 0.185243 0.05 0.0513889
0 0.988281 0.939583 0.0234375 0.0430556
0 0.219336 0.218576 0.0984375 0.0649306
0 0.219141 0.197743 0.0941406 0.0690972
0 0.102368 0.171701 0.0972168 0.0638889
0 0.291992 0.0168403 0.0226563 0.0294705
0 0.477344 0.182335 0.0351562 0.0499132
1 0.267969 0.0154948 0.0078125 0.0248264
1 0.291602 0.623611 0.0078125 0.0194444
0 0.10603 0.131684 0.0914551 0.0769097
1 0.732422 0.273264 0.0390625 0.0840278
0 0.0157959 0.224826 0.0312012 0.139931
0 0.106543 0.111089 0.0927734 0.0819879
0 0.427344 0.37092 0.046875 0.0928819
0 0.6 0.297917 0.040625 0.0868056
0 0.732813 0.273264 0.0390625 0.0840278
0 0.357031 0.311632 0.0488281 0.0927083
0 0.194531 0.488542 0.0511719 0.0965278
0 0.262891 0.544444 0.0484375 0.1
0 0.193018 0.186285 0.0459961 0.0763889
0 0.293359 0.571875 0.0570313 0.117361
0 0.0315674 0.339236 0.0554199 0.0944444
0 0.329688 0.597222 0.0476562 0.108333
0 0.133789 0.148611 0.0445312 0.0739583
0 0.0828613 0.112413 0.0432617 0.0616319
0 0.0182861 0.307813 0.0360352 0.0885417
0 0.547656 0.968056 0.071875 0.0638889
1 0.547656 0.967361 0.071875 0.0638889
0 0.00689697 0.271354 0.013208 0.0697917
0 0.0161865 0.172873 0.03125 0.0521701
1 0.746484 0.0677951 0.0109375 0.0213542
0 0.00661621 0.259722 0.0132324 0.0604167
1 0.273047 0.489931 0.0101562 0.0208333
1 0.267578 0.0143609 0.009375 0.0257921
1 0.154297 0.473611 0.0128906 0.0243056
1 0.230078 0.572917 0.0140625 0.0263889
1 0.329492 0.0135362 0.0078125 0.0239692
2 0.548437 0.967361 0.0734375 0.0638889
1 0.273438 0.493403 0.0101562 0.0256944
1 0.382812 0.311806 0.00703125 0.0138889
0 0.0176758 0.186285 0.034668 0.0784722
0 0.7125 0.486806 0.01875 0.0222222
0 0.00638428 0.26875 0.0127686 0.0569444
0 0.154297 0.473611 0.0128906 0.0243056
1 0.731641 0.043099 0.0109375 0.0265625
1 0.492969 0.102083 0.00625 0.0166667
0 0.0759277 0.00940755 0.0197266 0.0156901
0 0.235547 0.139931 0.0320312 0.0453125
0 0.00551147 0.295139 0.0110229 0.0923611
0 0.293359 0.0178331 0.0195312 0.0255317
1 0.357031 0.311806 0.0484375 0.0930556
1 0.492188 0.0530816 0.00625 0.0205729
1 0.174805 0.463194 0.00898437 0.0152778
1 0.427344 0.370747 0.046875 0.0932292
0 0.236328 0.147049 0.034375 0.0430556
0 0.231641 0.135156 0.0382813 0.0501736
0 0.712109 0.481944 0.0210938 0.0319444
0 0.237305 0.133507 0.0308594 0.0489583
1 0.329688 0.596528 0.0476562 0.108333
0 0.0205994 0.196528 0.0405396 0.100694
0 0.249414 0.147135 0.0433594 0.0449653
0 0.239063 0.142014 0.0273438 0.0397569
0 0.021344 0.172917 0.0422729 0.0552083
0 0.0182617 0.222613 0.0355957 0.149913
0 0.233984 0.126389 0.0375 0.0638889
1 0.0182861 0.307813 0.0360352 0.0885417
1 0.742969 0.159549 0.0078125 0.0159722
0 0.0116333 0.258681 0.0229248 0.0736111
1 0.209766 0.541319 0.00742187 0.0125
0 0.282031 0.102431 0.0195312 0.021875
1 0.272656 0.499306 0.0125 0.0361111
1 0.319922 0.0148003 0.00703125 0.0148872
1 0.133691 0.148611 0.0439453 0.0739583
1 0.271094 0.492361 0.0144531 0.0277778
0 0.241602 0.148264 0.0277344 0.0378472
0 0.0120605 0.772917 0.0238281 0.0694444
1 0.0567383 0.182812 0.0130859 0.0159722
0 0.24375 0.137413 0.034375 0.0477431
0 0.226953 0.128819 0.0476562 0.0611111
0 0.0305176 0.195443 0.0610352 0.100781
1 0.764844 0.0279514 0.00625 0.0154514
1 0.290625 0.0247396 0.0117188 0.0157118
0 0.294141 0.0210124 0.0171875 0.0203016
1 0.720312 0.220486 0.0109375 0.0131944
0 0.25 0.138889 0.0414063 0.0444444
0 0.026416 0.208854 0.052832 0.122222
1 0.732422 0.273438 0.0390625 0.0836806
0 0.6 0.297917 0.040625 0.0861111
0 0.427344 0.370747 0.046875 0.0932292
0 0.357031 0.311458 0.0484375 0.0923611
0 0.732422 0.273438 0.0390625 0.0833333
0 0.194531 0.488194 0.0511719 0.0958333
0 0.262891 0.544792 0.0484375 0.0993056
0 0.293359 0.572222 0.0570313 0.118056
0 0.192969 0.186111 0.0453125 0.0760417
0 0.329688 0.596875 0.0484375 0.108333
0 0.0317871 0.338715 0.0550781 0.0940972
0 0.133789 0.148611 0.0441406 0.0743056
0 0.0833008 0.1125 0.04375 0.0607639
0 0.547656 0.967361 0.071875 0.0625
0 0.0181641 0.307986 0.0355957 0.0895833
0 0.00686035 0.272222 0.0131348 0.0743056
1 0.746094 0.068316 0.0109375 0.0217014
0 0.0191895 0.174002 0.0374023 0.0547743
1 0.273438 0.489583 0.0101562 0.0201389
1 0.548437 0.968056 0.0734375 0.0638889
0 0.00668945 0.257639 0.0133789 0.0611111
0 0.7125 0.486111 0.01875 0.0236111
1 0.731641 0.0433051 0.0101562 0.0267578
0 0.0207764 0.184549 0.0409668 0.0760417
1 0.230078 0.572917 0.0140625 0.0277778
1 0.751953 0.0711372 0.00625 0.0177951
1 0.415625 0.282639 0.0109375 0.0180556
0 0.0199158 0.208854 0.0388794 0.125347
1 0.427344 0.370486 0.046875 0.09375
0 0.711719 0.481944 0.0203125 0.0319444
1 0.492578 0.053125 0.00625 0.0210069
1 0.357031 0.311806 0.0484375 0.0923611
0 0.0120728 0.770139 0.0234131 0.0777778
1 0.382812 0.311806 0.00703125 0.0145833
1 0.271484 0.490972 0.0148437 0.025
1 0.267578 0.0139974 0.00859375 0.0251302
1 0.0571289 0.182465 0.0123047 0.0163194
2 0.548437 0.968056 0.0734375 0.0638889
0 0.525 0.165451 0.04375 0.0440972
1 0.416016 0.27934 0.0117188 0.0246528
1 0.0181641 0.307986 0.0355957 0.0895833
1 0.742969 0.159462 0.0078125 0.0157986
0 0.0289795 0.200868 0.0578613 0.113194
0 0.273438 0.489583 0.0101562 0.0201389
1 0.492969 0.101562 0.00625 0.0159722
0 0.0326904 0.183681 0.0653809 0.0805556
0 0.234375 0.131424 0.034375 0.0506944
1 0.329492 0.596875 0.0480469 0.108333
0 0.746094 0.068316 0.0109375 0.0217014
1 0.0626465 0.155122 0.00849609 0.0196181
0 0.243359 0.134722 0.0382813 0.0479167
1 0.29043 0.0250868 0.0105469 0.0149306
0 0.0189453 0.251042 0.0378906 0.109722
1 0.414844 0.283681 0.0140625 0.0215278
1 0.0833008 0.112413 0.0435547 0.0619792
0 0.238281 0.126736 0.0335938 0.0586806
0 0.090918 0.35842 0.0681641 0.0526042
0 0.0804688 0.361719 0.0761719 0.0612847
1 0.764844 0.0280816 0.00625 0.016059
0 0.0129883 0.172222 0.0243652 0.0479167
1 0.273438 0.499306 0.0125 0.0319444
0 0.00769043 0.236111 0.0147949 0.0715278
0 0.0695435 0.3625 0.0763428 0.0666667
1 0.0585938 0.18125 0.00869141 0.0145833
0 0.235547 0.144531 0.04375 0.0449653
1 0.675781 0.474306 0.0109375 0.0166667
0 0.0343262 0.170877 0.068457 0.0721354
0 0.238672 0.134375 0.0257812 0.0434028
0 0.075 0.00934245 0.0208984 0.0151259
0 0.0106689 0.189063 0.020752 0.0829861
0 0.235938 0.139236 0.0296875 0.0407986
0 0.271484 0.490972 0.0148437 0.025
0 0.00574951 0.346528 0.0111572 0.0736111
1 0.782031 0.0506076 0.009375 0.0164931
0 0.102246 0.357639 0.0640625 0.0506944
0 0.427344 0.370486 0.046875 0.0930556
0 0.6 0.298264 0.040625 0.0861111
0 0.357031 0.311458 0.0484375 0.0923611
0 0.732422 0.273264 0.0390625 0.0833333
0 0.194531 0.488194 0.0511719 0.0958333
0 0.262891 0.544444 0.0484375 0.1
0 0.29375 0.571528 0.0570313 0.116667
0 0.192969 0.185937 0.0457031 0.0763889
0 0.329883 0.596875 0.0476562 0.108333
0 0.0317871 0.338542 0.0548828 0.09375
0 0.133496 0.148264 0.0439453 0.0743056
0 0.0832031 0.111979 0.0435547 0.0621528
0 0.0183044 0.307813 0.0359497 0.0885417
0 0.547656 0.966667 0.071875 0.0638889
0 0.00683594 0.270833 0.0130371 0.0701389
1 0.548047 0.968056 0.0726563 0.0638889
0 0.0156311 0.173611 0.0297729 0.053125
1 0.746094 0.068316 0.0109375 0.0215278
0 0.00703125 0.256597 0.0138672 0.0614583
0 0.8125 0.0670573 0.046875 0.116233
1 0.230078 0.572569 0.0148437 0.0270833
1 0.273438 0.489583 0.0101562 0.0194444
0 0.0174805 0.212196 0.0338867 0.133247
0 0.0169922 0.187109 0.032959 0.0806424
0 0.7125 0.4875 0.01875 0.0222222
0 0.235938 0.134375 0.0335938 0.0447917
1 0.751953 0.0701823 0.00625 0.0186632
0 0.247461 0.132639 0.0457031 0.0501736
0 0.0197021 0.175694 0.0387207 0.0586806
0 0.235156 0.125347 0.0402344 0.0607639
1 0.267578 0.0140191 0.00859375 0.0257812
1 0.0577148 0.182465 0.0105469 0.0159722
1 0.357031 0.311632 0.0484375 0.0927083
1 0.731641 0.0431532 0.0101562 0.0261936
1 0.427344 0.370747 0.046875 0.0932292
1 0.018158 0.308507 0.0356567 0.0899306
0 0.229297 0.132292 0.04375 0.0506944
1 0.415625 0.283333 0.0109375 0.0166667
0 0.249219 0.140278 0.04375 0.0399306
0 0.00844727 0.238021 0.0159668 0.0555556
1 0.38916 0.206597 0.0123047 0.0347222
0 0.177148 0.12934 0.0414063 0.0607639
0 0.236523 0.142274 0.0300781 0.0352431
1 0.382812 0.311632 0.00703125 0.0159722
0 0.0242676 0.208637 0.0485352 0.12717
1 0.742969 0.159375 0.0078125 0.0152778
0 0.746094 0.068316 0.0109375 0.0215278
0 0.250781 0.126042 0.0546875 0.0628472
0 0.238672 0.142795 0.0445312 0.0447917
0 0.711719 0.481944 0.0203125 0.0319444
1 0.0626953 0.155816 0.00820312 0.0180556
1 0.0587891 0.18125 0.00791016 0.0138889
1 0.764844 0.0280816 0.00625 0.0152778
1 0.267188 0.0157769 0.0109375 0.0282118
1 0.174805 0.463194 0.009375 0.0166667
0 0.0135742 0.244792 0.0265625 0.0708333
0 0.22207 0.120833 0.05625 0.0670139
0 0.388672 0.207986 0.0132813 0.0381944
1 0.6 0.29809 0.040625 0.0861111
0 0.252344 0.143924 0.0546875 0.0444444
0 0.161328 0.149913 0.0765625 0.0755208
0 0.00913086 0.1875 0.0171875 0.0805556
0 0.0173828 0.237153 0.0347656 0.134722
0 0.182812 0.124479 0.0472656 0.0621528
0 0.326758 0.736111 0.0277344 0.0347222
0 0.0123047 0.199262 0.0237305 0.0924479
0 0.238477 0.150521 0.0371094 0.0395833
2 0.548047 0.968056 0.0726563 0.0638889
0 0.159375 0.1375 0.0820312 0.0802083
1 0.209766 0.540972 0.00703125 0.0125
0 0.273438 0.489583 0.0101562 0.0194444
0 0.108105 0.109549 0.0853516 0.0821181
0 0.470313 0.186068 0.05 0.0521701
0 0.186328 0.130208 0.0652344 0.0743056
0 0.22168 0.127083 0.0695312 0.0671875
0 0.0145081 0.229167 0.0284058 0.0638889
1 0.227148 0.572917 0.0207031 0.0305556
0 0.171582 0.134549 0.0763672 0.0756944
1 0.415625 0.279687 0.0125 0.0236111
0 0.0106201 0.259549 0.0206543 0.0697917
0 0.0123413 0.769444 0.0239502 0.0833333
1 0.0317383 0.338715 0.0550781 0.0940972
0 0.332031 0.7375 0.0398437 0.0388889
0 0.110352 0.131771 0.0775391 0.0788194
0 0.6 0.29809 0.040625 0.0864583
0 0.427344 0.370747 0.046875 0.0932292
0 0.357031 0.311458 0.0484375 0.0930556
0 0.732422 0.273264 0.0390625 0.0833333
0 0.2625 0.544097 0.0484375 0.1
0 0.19458 0.488542 0.0514648 0.0965278
0 0.29375 0.571528 0.0570313 0.116667
0 0.192773 0.185937 0.0457031 0.0767361
0 0.330078 0.596528 0.046875 0.108333
0 0.0317627 0.338889 0.0546387 0.09375
0 0.133398 0.148438 0.04375 0.0739583
0 0.0829102 0.112674 0.0425781 0.0611111
0 0.0182617 0.307813 0.0358398 0.0885417
0 0.547656 0.967361 0.071875 0.0638889
0 0.00688477 0.269444 0.0129883 0.06875
1 0.548047 0.968056 0.0726563 0.0638889
1 0.746484 0.0681858 0.0109375 0.0216146
0 0.015625 0.173307 0.0295898 0.052691
0 0.0069458 0.256597 0.0136963 0.0590278
1 0.273633 0.488889 0.0101562 0.0201389
1 0.230078 0.572917 0.0140625 0.0263889
1 0.748828 0.0688368 0.0117188 0.0217014
0 0.0173096 0.191319 0.0337891 0.0895833
1 0.267578 0.0139323 0.00859375 0.0259115
0 0.0174072 0.211979 0.0337402 0.133333
1 0.174805 0.463542 0.00898437 0.0166667
0 0.0210693 0.184071 0.041748 0.0742188
1 0.0181091 0.308681 0.0355591 0.0902778
1 0.0575684 0.181944 0.0105469 0.0152778
0 0.236328 0.135069 0.0320312 0.0423611
0 0.811719 0.0670139 0.0453125 0.117014
1 0.415625 0.28316 0.0109375 0.0173611
1 0.731641 0.0430447 0.0101562 0.0264106
0 0.746484 0.0681858 0.0109375 0.0216146
1 0.742969 0.159375 0.0078125 0.015625
1 0.389062 0.206597 0.0125 0.0361111
0 0.232227 0.129774 0.0402344 0.0524306
0 0.247266 0.133333 0.04375 0.0475694
1 0.382812 0.311806 0.00703125 0.0163194
1 0.22832 0.572569 0.01875 0.0284722
1 0.174707 0.464583 0.0101562 0.0263889
1 0.427344 0.370747 0.046875 0.0932292
0 0.00855713 0.238021 0.0159912 0.0520833
1 0.764844 0.0279514 0.00625 0.0151042
0 0.239258 0.126476 0.0398437 0.0564236
0 0.388672 0.207639 0.0132813 0.0375
0 0.0124756 0.768056 0.0241699 0.0875
1 0.0587891 0.180903 0.00800781 0.0138889
0 0.0253906 0.207465 0.0507812 0.124653
0 0.7125 0.487153 0.01875 0.0208333
0 0.227734 0.125087 0.0476562 0.0623264
0 0.273438 0.489583 0.0101562 0.0201389
0 0.249609 0.140625 0.0429688 0.0385417
1 0.329492 0.0132813 0.00820312 0.0237413
0 0.236719 0.142969 0.0289063 0.0326389
1 0.0627441 0.156163 0.00800781 0.0171875
1 0.357031 0.311806 0.0484375 0.0930556
1 0.271289 0.490278 0.0148437 0.0256944
1 0.268164 0.0154731 0.0109375 0.0291233
0 0.245898 0.142882 0.0339844 0.0340278
2 0.548047 0.968056 0.0726563 0.0638889
0 0.326562 0.736111 0.0273438 0.0333333
1 0.330078 0.596528 0.046875 0.108333
1 0.415625 0.279514 0.0125 0.0243056
0 0.230859 0.139236 0.0382813 0.0461806
0 0.0165283 0.236285 0.0330566 0.132986
0 0.177148 0.128299 0.0417969 0.0581597
1 0.0316895 0.338542 0.0549805 0.0944444
0 0.221875 0.119358 0.0539063 0.0654514
1 0.732422 0.273264 0.0390625 0.0833333
0 0.6 0.297917 0.040625 0.0868056
0 0.427344 0.370486 0.046875 0.0930556
0 0.357031 0.311458 0.0484375 0.0930556
0 0.194336 0.488542 0.0511719 0.0965278
0 0.2625 0.544444 0.0484375 0.1
0 0.732813 0.273264 0.0390625 0.0833333
0 0.29375 0.571528 0.0570313 0.116667
0 0.192773 0.185764 0.0453125 0.0767361
0 0.330078 0.596875 0.046875 0.108333
0 0.0317627 0.338889 0.0544434 0.09375
0 0.133105 0.148611 0.0431641 0.0739583
0 0.0825684 0.112847 0.0416992 0.0607639
0 0.547656 0.967361 0.071875 0.0638889
0 0.0181641 0.307639 0.0356445 0.0888889
0 0.00686035 0.270833 0.0129395 0.0715278
1 0.746484 0.0682292 0.0109375 0.0217014
0 0.0156738 0.173438 0.0300293 0.0538194
1 0.548437 0.968056 0.0734375 0.0638889
0 0.00693359 0.256597 0.013623 0.0604167
1 0.273633 0.488889 0.0101562 0.0194444
1 0.230078 0.572569 0.0144531 0.0256944
1 0.75 0.0692274 0.0101562 0.0210938
1 0.267383 0.0147786 0.009375 0.0273872
0 0.016626 0.182292 0.0324219 0.0715278
1 0.174805 0.463542 0.00898437 0.0166667
1 0.732031 0.0430447 0.0109375 0.0267578
0 0.01875 0.208333 0.0371094 0.125347
1 0.018042 0.308333 0.0353516 0.0902778
1 0.0572266 0.181597 0.0111328 0.0149306
0 0.0121338 0.768056 0.0235352 0.0833333
1 0.22832 0.572569 0.01875 0.0284722
0 0.0151367 0.220486 0.0295898 0.145833
0 0.235938 0.134635 0.0300781 0.0423611
1 0.329297 0.0133464 0.00859375 0.0240017
0 0.746484 0.0682292 0.0109375 0.0217014
1 0.742969 0.159375 0.0078125 0.015625
0 0.7125 0.4875 0.01875 0.0208333
0 0.0207275 0.193056 0.0407715 0.09375
1 0.415625 0.28316 0.0109375 0.0170139
1 0.427344 0.370486 0.046875 0.0930556
1 0.732422 0.273264 0.0390625 0.0833333
0 0.00853272 0.240104 0.0159424 0.0565972
0 0.232422 0.130208 0.0375 0.0510417
1 0.764844 0.0283854 0.00625 0.0157986
0 0.245312 0.135069 0.0429688 0.0472222
1 0.388672 0.207292 0.0132813 0.0361111
1 0.271484 0.489931 0.0148437 0.025
0 0.236328 0.141493 0.028125 0.0347222
1 0.383008 0.312153 0.00742187 0.0170139
0 0.22793 0.125087 0.0460938 0.0616319
0 0.810938 0.0669271 0.04375 0.117361
0 0.238672 0.127604 0.0351562 0.0534722
1 0.492969 0.0533854 0.00625 0.0210069
1 0.357031 0.311632 0.0484375 0.0934028
0 0.249805 0.140451 0.0429688 0.0395833
0 0.273633 0.488889 0.0101562 0.0194444
1 0.0585938 0.180903 0.00859375 0.0138889
1 0.174609 0.464583 0.0101562 0.0263889
2 0.548437 0.968056 0.0734375 0.0638889
0 0.0160645 0.242188 0.0321289 0.120486
0 0.427344 0.370486 0.046875 0.0930556
0 0.6 0.297917 0.040625 0.0861111
0 0.357031 0.311458 0.0484375 0.0923611
0 0.194336 0.488542 0.0511719 0.0965278
0 0.2625 0.544444 0.0484375 0.1
0 0.732422 0.27309 0.0390625 0.0836806
0 0.29375 0.571528 0.0570313 0.115972
0 0.192773 0.185937 0.0453125 0.0767361
0 0.330078 0.596528 0.046875 0.108333
0 0.0317383 0.338889 0.0542969 0.09375
0 0.133008 0.148611 0.0427734 0.0743056
0 0.0825195 0.112847 0.0414063 0.0607639
0 0.547656 0.968056 0.071875 0.0638889
0 0.0181885 0.307639 0.0356445 0.0888889
0 0.00683594 0.271181 0.0128906 0.0722222
1 0.746484 0.0682292 0.0109375 0.0217014
0 0.0155762 0.173264 0.029834 0.0538194
0 0.00690918 0.257292 0.0135254 0.0590278
1 0.273633 0.488889 0.0101562 0.01875
1 0.230078 0.572917 0.0144531 0.0263889
1 0.548437 0.968056 0.0734375 0.0638889
1 0.748828 0.0688368 0.0117188 0.0217014
1 0.267578 0.0148872 0.009375 0.0274306
1 0.174805 0.463542 0.00898437 0.0166667
1 0.731641 0.04324 0.0101562 0.0270616
1 0.0180664 0.308333 0.0353516 0.0902778
1 0.329492 0.0133681 0.00859375 0.0242187
0 0.235547 0.134201 0.03125 0.0430556
1 0.0573242 0.181597 0.0109375 0.0145833
0 0.0186951 0.208333 0.0372192 0.125347
0 0.746484 0.0682292 0.0109375 0.0217014
0 0.0121094 0.768056 0.0233887 0.0805556
0 0.0189209 0.183724 0.0368652 0.0749132
0 0.0142334 0.221528 0.0277832 0.146181
1 0.742969 0.159462 0.0078125 0.0157986
0 0.7125 0.486806 0.01875 0.0208333
1 0.174609 0.464236 0.0101562 0.0256944
0 0.231836 0.129688 0.0378906 0.0512153
0 0.00791016 0.23941 0.0148926 0.06875
1 0.427344 0.370486 0.046875 0.0930556
1 0.382812 0.311979 0.00703125 0.0159722
1 0.227734 0.573264 0.0195312 0.0305556
1 0.415625 0.283333 0.0109375 0.0170139
1 0.764844 0.0284288 0.00625 0.0157986
0 0.246289 0.136719 0.0402344 0.0425347
1 0.271484 0.489583 0.0148437 0.0236111
0 0.227734 0.125 0.0457031 0.0609375
1 0.492969 0.053559 0.00625 0.0215278
0 0.238086 0.12691 0.0351562 0.0543403
1 0.388672 0.207292 0.0132813 0.0361111
0 0.252344 0.141406 0.0453125 0.0399306
1 0.20957 0.540972 0.00664063 0.0125
1 0.732422 0.27309 0.0390625 0.0836806
0 0.246094 0.142014 0.0359375 0.0368056
0 0.230469 0.13776 0.0382813 0.0463542
0 0.240234 0.141493 0.0273438 0.0347222
0 0.427344 0.370486 0.046875 0.0930556
0 0.6 0.297917 0.040625 0.0861111
0 0.357031 0.311458 0.0484375 0.0923611
0 0.2625 0.544444 0.0484375 0.1
0 0.194336 0.488889 0.0511719 0.0958333
0 0.732422 0.27309 0.0390625 0.0836806
0 0.29375 0.571528 0.0570313 0.115972
0 0.192773 0.185937 0.0453125 0.0763889
0 0.330078 0.596528 0.046875 0.107639
0 0.0317627 0.338889 0.054248 0.09375
0 0.13291 0.148611 0.0427734 0.0743056
0 0.082373 0.112674 0.0411133 0.0611111
0 0.547656 0.968056 0.071875 0.0638889
0 0.018219 0.307639 0.03573 0.0888889
0 0.00683594 0.271181 0.0128418 0.0722222
1 0.746484 0.0682292 0.0109375 0.021875
0 0.00690918 0.257986 0.0134766 0.0583333
1 0.273828 0.488889 0.0101562 0.0180556
0 0.0155701 0.172569 0.0296021 0.0524306
1 0.230078 0.572569 0.0144531 0.0263889
1 0.548437 0.968056 0.0734375 0.0638889
1 0.267578 0.0149251 0.009375 0.0273546
1 0.174805 0.463542 0.00898437 0.0166667
1 0.732031 0.0432183 0.0109375 0.027105
0 0.0119995 0.770139 0.0234131 0.0791667
0 0.7125 0.486806 0.01875 0.0222222
1 0.0180664 0.308333 0.0354492 0.0902778
0 0.235352 0.133854 0.0328125 0.04375
0 0.0188049 0.206597 0.0375854 0.122222
1 0.329492 0.0133681 0.00859375 0.0242187
1 0.742969 0.159549 0.0078125 0.0159722
0 0.746484 0.0682292 0.0109375 0.021875
1 0.227734 0.573264 0.0195312 0.0305556
0 0.0169861 0.181424 0.0329224 0.0697917
1 0.057373 0.181424 0.0107422 0.0145833
0 0.233594 0.125694 0.0367187 0.0565972
1 0.271484 0.489931 0.0148437 0.0236111
0 0.0131592 0.222743 0.0257324 0.144097
1 0.415625 0.283333 0.0117188 0.0173611
1 0.174609 0.464236 0.0101562 0.025
0 0.00858154 0.241667 0.0158447 0.0569444
0 0.246289 0.136545 0.0410156 0.0432292
1 0.764844 0.0285156 0.00625 0.0157986
1 0.382812 0.311806 0.00703125 0.0159722
0 0.235156 0.131337 0.0453125 0.0522569
1 0.427344 0.370486 0.046875 0.0930556
0 0.252344 0.141146 0.0460938 0.040625
0 0.711719 0.481944 0.0203125 0.0319444
1 0.389062 0.206076 0.0125 0.034375
0 0.223047 0.120226 0.0515625 0.0633681
1 0.492578 0.0536892 0.00625 0.0215278
1 0.20957 0.540972 0.00664063 0.0125
0 0.427344 0.370486 0.046875 0.0930556
0 0.6 0.297917 0.040625 0.0861111
0 0.357031 0.311285 0.0484375 0.0927083
0 0.732813 0.273264 0.0390625 0.0833333
0 0.2625 0.544444 0.0484375 0.1
0 0.194336 0.488542 0.0511719 0.0958333
0 0.29375 0.571528 0.0570313 0.115278
0 0.192773 0.185937 0.0453125 0.0763889
0 0.330078 0.596528 0.046875 0.108333
0 0.0317871 0.338889 0.0541992 0.09375
0 0.132812 0.148611 0.0425781 0.0743056
0 0.082373 0.112674 0.0411133 0.0611111
0 0.547656 0.968056 0.071875 0.0638889
0 0.0181885 0.307639 0.0357422 0.0888889
0 0.00684814 0.271528 0.012915 0.0729167
1 0.746484 0.0682292 0.0109375 0.0217014
0 0.0069458 0.257986 0.0135498 0.0590278
1 0.273828 0.488889 0.0101562 0.0180556
0 0.0155762 0.17309 0.0297852 0.0538194
1 0.230078 0.572569 0.0144531 0.0263889
1 0.548437 0.968056 0.0734375 0.0638889
1 0.174805 0.463542 0.00898437 0.0166667
1 0.267578 0.0149523 0.009375 0.0274306
1 0.731641 0.0434462 0.0101562 0.0261285
0 0.7125 0.486806 0.01875 0.0222222
0 0.0169678 0.181771 0.0328125 0.0704861
1 0.174609 0.463889 0.0101562 0.025
0 0.0119873 0.770833 0.0233887 0.0777778
0 0.235547 0.133854 0.0335938 0.0439236
1 0.0180664 0.308333 0.0354492 0.0902778
0 0.0086792 0.242014 0.01604 0.0579861
1 0.329492 0.0133681 0.00898437 0.0242622
0 0.0185547 0.205382 0.0371094 0.119792
0 0.233789 0.125521 0.0371094 0.0565972
1 0.227734 0.572917 0.0195312 0.0305556
0 0.0125244 0.223568 0.0244629 0.141753
1 0.271484 0.489583 0.0148437 0.0236111
0 0.249219 0.136806 0.0445312 0.04375
1 0.382812 0.311806 0.00703125 0.0159722
1 0.742969 0.159549 0.0078125 0.0159722
1 0.492578 0.0532986 0.00625 0.0202257
0 0.746484 0.0682292 0.0109375 0.0217014
1 0.415625 0.28316 0.0117188 0.0177083
0 0.235352 0.131424 0.0464844 0.0524306
1 0.0573242 0.181597 0.0108398 0.0145833
0 0.711719 0.481944 0.0203125 0.0319444
0 0.241406 0.139844 0.03125 0.0387153
1 0.764844 0.028559 0.00625 0.0158854
0 0.231641 0.23941 0.105859 0.0572917
1 0.38916 0.206424 0.0123047 0.0340278
0 0.223047 0.115799 0.053125 0.0682292
1 0.492969 0.102083 0.00625 0.0166667
0 0.230469 0.137674 0.0390625 0.0472222
0 0.427344 0.370486 0.046875 0.0930556
0 0.6 0.297917 0.040625 0.0861111
0 0.357031 0.311285 0.0484375 0.0927083
0 0.732422 0.27309 0.0390625 0.0836806
0 0.2625 0.544444 0.0484375 0.1
0 0.194336 0.488889 0.0511719 0.0958333
0 0.29375 0.571528 0.0570313 0.115278
0 0.192969 0.185937 0.0453125 0.0763889
0 0.330078 0.596875 0.046875 0.108333
0 0.0317627 0.338889 0.054248 0.09375
0 0.13291 0.148438 0.0427734 0.0746528
0 0.0823242 0.112587 0.0410156 0.0612847
0 0.547656 0.968056 0.071875 0.0638889
0 0.0181885 0.307465 0.0356934 0.0885417
0 0.00683594 0.271701 0.0129395 0.0739583
1 0.746484 0.068316 0.0109375 0.0217014
1 0.273828 0.488889 0.0101562 0.0180556
0 0.00697021 0.257639 0.0135986 0.0604167
0 0.0156189 0.172569 0.0296997 0.0524306
1 0.230078 0.572222 0.0144531 0.0263889
1 0.548437 0.968056 0.0734375 0.0638889
1 0.748438 0.0684896 0.0125 0.0222222
1 0.174805 0.463542 0.00898437 0.0166667
1 0.267578 0.014974 0.009375 0.0273872
0 0.7125 0.486458 0.01875 0.0229167
1 0.731641 0.0434462 0.0101562 0.0261285
0 0.0171143 0.182812 0.0331543 0.0729167
1 0.174609 0.463889 0.0101562 0.025
0 0.235547 0.134028 0.0335938 0.04375
0 0.00876465 0.242708 0.0162598 0.0597222
0 0.249219 0.136719 0.0445312 0.0439236
1 0.018042 0.30816 0.0354004 0.0899306
0 0.711719 0.481944 0.0203125 0.0319444
1 0.329492 0.0133464 0.00898437 0.0242187
0 0.233984 0.125434 0.0367187 0.05625
0 0.0184326 0.205382 0.0368652 0.119792
1 0.382812 0.311632 0.00703125 0.015625
0 0.0119873 0.770833 0.0233887 0.075
1 0.271484 0.489583 0.0148437 0.0236111
0 0.0130127 0.22296 0.0254395 0.142274
1 0.492578 0.0532986 0.00625 0.0201389
1 0.415625 0.28316 0.0117188 0.0177083
1 0.227734 0.572917 0.0195312 0.0305556
0 0.235547 0.131771 0.0460938 0.0520833
1 0.742969 0.159549 0.0078125 0.0159722
0 0.746484 0.068316 0.0109375 0.0217014
0 0.241602 0.139757 0.0324219 0.0388889
0 0.231592 0.239583 0.104785 0.05625
1 0.0571289 0.181597 0.0113281 0.0149306
0 0.227734 0.125347 0.0453125 0.0597222
0 0.230811 0.216319 0.10166 0.0548611
1 0.603125 0.0448351 0.0046875 0.0122396
1 0.492969 0.102083 0.00625 0.0166667
1 0.764844 0.0285156 0.00625 0.0158854
0 0.0953125 0.269618 0.0923828 0.0545139
0 0.223047 0.115191 0.053125 0.0682292
0 0.245703 0.126389 0.0460938 0.0569444
0 0.23125 0.263194 0.108594 0.0569444
0 0.228857 0.195095 0.0946289 0.059809
0 0.427344 0.370486 0.046875 0.0930556
0 0.6 0.297917 0.040625 0.0861111
0 0.357031 0.311458 0.0484375 0.0930556
0 0.732422 0.272917 0.0390625 0.0840278
0 0.194336 0.488889 0.0511719 0.0958333
0 0.2625 0.544444 0.0484375 0.1
0 0.329883 0.597222 0.0472656 0.108333
0 0.29375 0.571528 0.0570313 0.115278
0 0.192773 0.185937 0.0453125 0.0767361
0 0.0317383 0.338889 0.0542969 0.09375
0 0.133008 0.148438 0.0429688 0.0743056
0 0.0822754 0.112587 0.040918 0.0612847
0 0.547656 0.968056 0.071875 0.0638889
0 0.0181885 0.307465 0.0356934 0.0885417
0 0.00686035 0.271528 0.0129395 0.0743056
1 0.746875 0.0681858 0.0109375 0.0219618
1 0.273828 0.488889 0.0101562 0.0180556
0 0.00697021 0.257292 0.0135986 0.0604167
0 0.0156311 0.172569 0.0297729 0.0527778
1 0.230078 0.572222 0.0140625 0.0263889
1 0.548047 0.968056 0.0726563 0.0638889
1 0.174805 0.463542 0.00898437 0.0166667
0 0.7125 0.486458 0.01875 0.0236111
1 0.267578 0.0150119 0.009375 0.0273546
1 0.731641 0.0435004 0.0101562 0.0261936
0 0.0172119 0.183984 0.0333496 0.0750868
1 0.174609 0.463889 0.0101562 0.025
0 0.235938 0.134201 0.0335938 0.0440972
0 0.249219 0.136806 0.0449219 0.04375
0 0.711719 0.481944 0.0203125 0.0319444
0 0.00878906 0.243056 0.0163086 0.0604167
1 0.018042 0.307986 0.0353027 0.0902778
0 0.0182068 0.205512 0.0363403 0.120226
0 0.23418 0.125694 0.0371094 0.0560764
1 0.382812 0.311632 0.00703125 0.015625
0 0.236328 0.132118 0.0464844 0.0520833
0 0.0119873 0.770833 0.0233887 0.075
1 0.271484 0.489583 0.0148437 0.0222222
0 0.241992 0.140017 0.0339844 0.0395833
1 0.415625 0.282986 0.0117188 0.0180556
1 0.329492 0.0133681 0.00898437 0.0242187
1 0.492578 0.0532986 0.00625 0.0201389
0 0.0140625 0.221181 0.0276367 0.144444
0 0.746484 0.068316 0.0109375 0.0217014
1 0.603125 0.0450087 0.0046875 0.0119792
0 0.231445 0.239931 0.105859 0.0555556
1 0.227734 0.572917 0.0195312 0.0305556
1 0.742969 0.159549 0.0078125 0.0159722
0 0.231055 0.217014 0.102734 0.0534722
1 0.764844 0.028559 0.00625 0.0161458
0 0.245898 0.12691 0.0464844 0.0565972
0 0.020166 0.19197 0.0396484 0.091059
0 0.230078 0.13316 0.0398437 0.0482639
0 0.106348 0.269097 0.0949219 0.0496528
1 0.0570801 0.181597 0.0114258 0.0152778
0 0.230859 0.263194 0.109375 0.0569444
1 0.492969 0.10217 0.00625 0.0168403
0 0.222656 0.114931 0.0535156 0.0684028
0 0.253125 0.143229 0.0546875 0.0465278
0 0.229102 0.195486 0.0949219 0.0586806
0 0.427344 0.370486 0.0460938 0.0930556
0 0.6 0.297917 0.040625 0.0861111
0 0.357031 0.311458 0.0484375 0.0930556
0 0.732422 0.272917 0.0390625 0.0836806
0 0.194336 0.488889 0.0511719 0.0958333
0 0.2625 0.544444 0.0484375 0.1
0 0.192773 0.186068 0.0453125 0.0764757
0 0.29375 0.571528 0.0570313 0.116667
0 0.329688 0.596875 0.0476562 0.108333
0 0.0317139 0.338889 0.0543457 0.09375
0 0.133008 0.148438 0.0429688 0.0743056
0 0.0823242 0.112587 0.0408203 0.0612847
0 0.547656 0.968056 0.071875 0.0638889
0 0.0181885 0.307292 0.0356934 0.0888889
0 0.00686035 0.271875 0.0129395 0.0753472
1 0.746875 0.0681858 0.0109375 0.0219618
1 0.273828 0.488889 0.0101562 0.0180556
0 0.00695801 0.257465 0.0135742 0.0607639
0 0.0156494 0.172569 0.029834 0.0527778
1 0.230078 0.572222 0.0140625 0.0263889
1 0.548047 0.968056 0.0726563 0.0638889
1 0.749219 0.0686632 0.0117188 0.0217014
1 0.273828 0.492361 0.0101562 0.0208333
1 0.174805 0.463889 0.00898437 0.0166667
1 0.267383 0.0149685 0.00976562 0.0272678
0 0.7125 0.486458 0.01875 0.0236111
1 0.174609 0.463542 0.0101562 0.0243056
1 0.731641 0.0435004 0.0101562 0.0261936
0 0.252344 0.140625 0.0453125 0.040625
0 0.249805 0.13316 0.0476562 0.0486111
0 0.00875244 0.243229 0.0162842 0.0614583
0 0.711719 0.481944 0.0203125 0.0319444
0 0.0172363 0.184549 0.0333984 0.0767361
0 0.235938 0.134375 0.0335938 0.04375
0 0.0180176 0.204905 0.0360352 0.119358
1 0.018042 0.307813 0.0353027 0.090625
0 0.234375 0.125868 0.0367187 0.0555556
1 0.271484 0.489583 0.0148437 0.0222222
1 0.329492 0.0134115 0.00898437 0.0242622
0 0.236719 0.132118 0.046875 0.0520833
0 0.231592 0.240278 0.105566 0.0548611
1 0.382812 0.311806 0.00703125 0.0159722
1 0.603125 0.0449653 0.0046875 0.0119792
0 0.0119751 0.770833 0.0234131 0.075
0 0.746484 0.068316 0.0109375 0.0217014
0 0.0136169 0.221181 0.02677 0.14375
0 0.106274 0.269271 0.094873 0.0489583
1 0.492578 0.0532986 0.00625 0.0203125
1 0.415625 0.282813 0.0117188 0.01875
0 0.231055 0.217361 0.101953 0.0520833
0 0.241992 0.140278 0.0332031 0.0388889
1 0.22793 0.572917 0.0191406 0.0305556
0 0.229687 0.122049 0.0421875 0.0618056
0 0.230859 0.263542 0.109375 0.05625
1 0.764844 0.0285156 0.00625 0.016059
2 0.548047 0.968056 0.0726563 0.0638889
0 0.246094 0.127083 0.046875 0.0559028
0 0.257227 0.261285 0.102734 0.0618056
0 0.0952148 0.284896 0.0939453 0.0569444
0 0.257227 0.241319 0.0992187 0.0569444
1 0.742969 0.159549 0.0078125 0.0159722
0 0.228906 0.196007 0.0941406 0.0572917
1 0.275781 0.490278 0.0125 0.0194444
1 0.0570313 0.181771 0.0115234 0.0152778
0 0.244922 0.219965 0.101172 0.0524306
0 0.21875 0.101128 0.05 0.0534722
0 0.480469 0.175521 0.028125 0.0663194
0 0.427344 0.370486 0.046875 0.0930556
0 0.6 0.297917 0.040625 0.0857639
0 0.357031 0.311458 0.0484375 0.0930556
0 0.732422 0.27309 0.0390625 0.0836806
0 0.194336 0.488889 0.0511719 0.0958333
0 0.2625 0.544097 0.0484375 0.1
0 0.192773 0.186068 0.0453125 0.0764757
0 0.293359 0.571528 0.0570313 0.116667
0 0.329688 0.597222 0.0476562 0.108333
0 0.0317383 0.338715 0.0543945 0.0934028
0 0.133203 0.148264 0.0433594 0.0746528
0 0.0823242 0.1125 0.0408203 0.0614583
0 0.547656 0.968056 0.071875 0.0638889
0 0.0181641 0.307292 0.0356445 0.0881944
0 0.00683594 0.271875 0.0129395 0.075
1 0.746875 0.0682292 0.0109375 0.021875
1 0.273828 0.488889 0.0101562 0.0180556
0 0.00693359 0.257465 0.0135742 0.0604167
0 0.015625 0.172613 0.0297852 0.052691
1 0.230078 0.572569 0.0140625 0.0263889
1 0.548047 0.968056 0.0726563 0.0638889
1 0.749219 0.0684462 0.0117188 0.0217882
1 0.273828 0.492361 0.0101562 0.0201389
1 0.174805 0.463889 0.00898437 0.0166667
1 0.267578 0.0150228 0.009375 0.0273329
1 0.174609 0.463542 0.00996094 0.0243056
0 0.7125 0.486806 0.01875 0.0236111
1 0.731641 0.0434896 0.0101562 0.0262153
0 0.0170898 0.184201 0.0332031 0.0756944
0 0.00869141 0.243403 0.0162109 0.0618056
0 0.0177979 0.205165 0.0355957 0.119531
0 0.249609 0.137066 0.0453125 0.0435764
0 0.711719 0.481944 0.0203125 0.0319444
1 0.0180176 0.307639 0.0352539 0.0902778
1 0.271484 0.489583 0.0148437 0.0222222
0 0.23125 0.240278 0.104687 0.0548611
0 0.106152 0.269444 0.0943359 0.0493056
0 0.235938 0.134722 0.0332031 0.04375
2 0.548047 0.968056 0.0726563 0.0638889
1 0.329492 0.0134332 0.00898437 0.0242622
0 0.230859 0.217708 0.100781 0.0520833
1 0.382812 0.311806 0.00703125 0.0159722
0 0.0135803 0.22053 0.0267456 0.143663
0 0.230811 0.263889 0.108691 0.0565972
1 0.22793 0.572917 0.0191406 0.0305556
0 0.23457 0.125694 0.0371094 0.0559028
0 0.0119629 0.770833 0.0234375 0.075
0 0.236719 0.132118 0.0476562 0.0520833
0 0.256641 0.261458 0.101562 0.0618056
0 0.746484 0.068316 0.0109375 0.0215278
0 0.256836 0.241319 0.0980469 0.0569444
0 0.0952881 0.284722 0.0937988 0.0576389
0 0.244727 0.220313 0.100391 0.0520833
1 0.275781 0.490278 0.0125 0.0194444
0 0.00738525 0.298264 0.0147705 0.0913194
1 0.764844 0.0284071 0.00625 0.015842
0 0.228564 0.196181 0.0928711 0.0569444
0 0.108008 0.197049 0.105859 0.0506944
1 0.415625 0.282639 0.0125 0.0194444
0 0.229687 0.121615 0.0429688 0.0621528
0 0.253125 0.142882 0.0554687 0.0461806
0 0.480469 0.175391 0.0265625 0.0665799
0 0.218359 0.100673 0.05 0.0531684
0 0.246484 0.12691 0.046875 0.0564236
0 0.241602 0.140799 0.0316406 0.0381944
0 0.216602 0.293056 0.106641 0.0680556
0 0.204883 0.100868 0.0460938 0.0505208
0 0.120508 0.267535 0.0996094 0.0454861
1 0.742969 0.159635 0.0078125 0.0161458
0 0.107031 0.111372 0.0771484 0.0671875
0 0.255664 0.284201 0.106641 0.0607639
1 0.492578 0.0532986 0.00625 0.0203125
0 0.427344 0.370486 0.046875 0.0930556
0 0.357031 0.311458 0.0484375 0.0930556
0 0.6 0.297917 0.040625 0.0861111
0 0.732422 0.27309 0.0390625 0.0836806
0 0.194336 0.488542 0.0511719 0.0965278
0 0.2625 0.544097 0.0484375 0.1
0 0.192773 0.186068 0.0457031 0.0764757
0 0.293359 0.571528 0.0570313 0.116667
0 0.329688 0.597222 0.0476562 0.108333
0 0.0316895 0.338715 0.0544922 0.0934028
0 0.133398 0.148264 0.04375 0.0746528
0 0.547656 0.968056 0.071875 0.0638889
0 0.0824219 0.112413 0.0408203 0.0618056
0 0.0181396 0.306944 0.0355957 0.0881944
0 0.00682373 0.271701 0.012915 0.0753472
1 0.746875 0.0682292 0.0109375 0.021875
1 0.273828 0.488889 0.0101562 0.0173611
0 0.0069458 0.257639 0.0135498 0.0604167
1 0.230078 0.572569 0.0140625 0.0263889
0 0.0156311 0.172396 0.0297729 0.0524306
1 0.273828 0.492361 0.0101562 0.0201389
1 0.548047 0.968056 0.0726563 0.0638889
1 0.174805 0.463889 0.00898437 0.0166667
1 0.267383 0.0149957 0.00976562 0.0272569
1 0.174609 0.463194 0.0101562 0.025
1 0.731641 0.0435004 0.0101562 0.0261936
0 0.712109 0.486806 0.0195312 0.0236111
2 0.548047 0.968056 0.0726563 0.0638889
0 0.231201 0.240278 0.102441 0.0548611
1 0.0179626 0.307639 0.0351685 0.0902778
1 0.271484 0.489583 0.0148437 0.0222222
0 0.00861816 0.243576 0.0160645 0.0625
0 0.017041 0.184549 0.0330078 0.0767361
0 0.711719 0.481944 0.0203125 0.0319444
0 0.10625 0.269444 0.0931641 0.0493056
0 0.017749 0.205382 0.035498 0.120139
0 0.249609 0.137153 0.0445312 0.0434028
0 0.230664 0.264236 0.106641 0.0569444
0 0.230811 0.217882 0.0985352 0.0520833
1 0.228125 0.572917 0.01875 0.0305556
0 0.256641 0.261458 0.0984375 0.0625
0 0.256641 0.241319 0.0953125 0.0576389
0 0.0130615 0.220833 0.0258301 0.142708
1 0.329297 0.0134549 0.009375 0.0242622
1 0.382812 0.311806 0.00703125 0.0159722
0 0.00737305 0.298264 0.0147461 0.0923611
0 0.235938 0.134809 0.0324219 0.0435764
0 0.0956055 0.284375 0.0927734 0.0579861
0 0.244531 0.220486 0.0984375 0.0520833
1 0.275977 0.490278 0.0125 0.0194444
0 0.107983 0.197049 0.105127 0.0506944
0 0.746484 0.0683594 0.0109375 0.0216146
0 0.0119507 0.770833 0.0234619 0.075
0 0.236523 0.132031 0.0464844 0.0519097
0 0.216602 0.294097 0.105469 0.0701389
0 0.480859 0.175304 0.0265625 0.066059
0 0.218359 0.215104 0.0914062 0.0520833
0 0.234766 0.125347 0.0367187 0.05625
0 0.22832 0.196181 0.0902344 0.0569444
0 0.120508 0.267708 0.0982422 0.0454861
0 0.242773 0.288542 0.105469 0.0625
0 0.255078 0.284375 0.103125 0.0618056
1 0.764844 0.0284071 0.00625 0.0159288
0 0.108594 0.147222 0.0806641 0.0670139
0 0.204688 0.100608 0.0457031 0.0503472
0 0.134155 0.220833 0.101611 0.0541667
0 0.106812 0.111458 0.0754395 0.0670139
0 0.218359 0.100521 0.05 0.0538194
0 0.269531 0.244444 0.0914062 0.0611111
0 0.253125 0.142882 0.0554687 0.0461806
0 0.0102661 0.260764 0.0197021 0.0736111
0 0.106348 0.165712 0.0921875 0.0571181
1 0.415625 0.282465 0.0125 0.0197917
0 0.427344 0.370486 0.046875 0.0930556
0 0.6 0.297917 0.040625 0.0861111
0 0.357031 0.311458 0.0484375 0.0930556
0 0.732422 0.27309 0.0390625 0.0836806
0 0.2625 0.54375 0.0484375 0.1
0 0.194189 0.488542 0.0514648 0.0965278
0 0.192773 0.186111 0.0457031 0.0767361
0 0.293359 0.571528 0.0570313 0.116667
0 0.329688 0.597222 0.0476562 0.108333
0 0.0317383 0.338715 0.0544922 0.0934028
0 0.133398 0.148264 0.04375 0.0746528
0 0.547656 0.968056 0.071875 0.0638889
0 0.0824219 0.112326 0.0410156 0.0621528
0 0.0180908 0.306944 0.0355469 0.0881944
0 0.00675049 0.26875 0.0129639 0.0680556
1 0.746875 0.0682292 0.0109375 0.021875
1 0.273828 0.488889 0.0101562 0.0180556
1 0.230078 0.572569 0.0140625 0.0263889
0 0.0069458 0.257465 0.0135498 0.0604167
0 0.0156189 0.172179 0.0297974 0.0521701
1 0.273828 0.492361 0.0105469 0.0201389
1 0.548047 0.968056 0.071875 0.0638889
1 0.174805 0.463889 0.00917969 0.0166667
1 0.267383 0.0150174 0.00976562 0.0272135
1 0.731641 0.0435872 0.0101562 0.0263672
0 0.712109 0.486111 0.0195312 0.0236111
2 0.548047 0.968056 0.0726563 0.0638889
1 0.174609 0.463194 0.0105469 0.0263889
0 0.231299 0.239931 0.101465 0.0548611
0 0.106421 0.269444 0.0941895 0.0493056
1 0.271484 0.490278 0.0148437 0.0222222
0 0.230469 0.264062 0.105859 0.0572917
1 0.0179749 0.307639 0.035144 0.0902778
0 0.230469 0.217708 0.0976562 0.0520833
0 0.25625 0.261458 0.096875 0.0631944
1 0.228125 0.572917 0.01875 0.0305556
0 0.00864258 0.243403 0.0161133 0.0631944
0 0.25625 0.240972 0.0945313 0.0583333
0 0.0186035 0.186068 0.0363281 0.0799479
0 0.00740967 0.298264 0.0148193 0.09375
0 0.107837 0.196875 0.105029 0.0506944
0 0.244531 0.220486 0.0976562 0.0520833
0 0.0178467 0.20434 0.0356934 0.118056
0 0.249609 0.137326 0.0453125 0.0432292
0 0.270117 0.258854 0.0898438 0.065625
0 0.0958008 0.284375 0.0931641 0.0590278
1 0.382812 0.311806 0.00703125 0.0159722
0 0.108618 0.146875 0.0808105 0.0673611
0 0.227539 0.290972 0.105078 0.0659722
0 0.218164 0.214583 0.0902344 0.0520833
1 0.275977 0.490278 0.0125 0.0194444
0 0.204492 0.100521 0.0453125 0.05
0 0.255078 0.284375 0.101562 0.0618056
0 0.228125 0.196007 0.0898438 0.0576389
0 0.133813 0.220833 0.101514 0.0548611
0 0.0128418 0.221224 0.025293 0.140191
0 0.106543 0.111285 0.0740234 0.0670139
0 0.106348 0.165278 0.0921875 0.0572917
0 0.269141 0.244444 0.0898438 0.0618056
0 0.197656 0.10625 0.0640625 0.0590278
0 0.13291 0.194965 0.0867188 0.0572917
0 0.207373 0.297222 0.113379 0.0746528
0 0.218164 0.100369 0.0496094 0.0541233
1 0.329297 0.0138943 0.0101562 0.0248155
0 0.24375 0.196875 0.0929687 0.0569444
0 0.235938 0.134983 0.0324219 0.0435764
0 0.0119141 0.770833 0.0234375 0.075
0 0.148242 0.195139 0.084375 0.0565972
0 0.746484 0.0684028 0.0109375 0.0217014
0 0.0102539 0.260764 0.0196777 0.0736111
0 0.194873 0.0951389 0.0430664 0.0512153
0 0.108765 0.12934 0.0719238 0.0701389
0 0.0982666 0.148785 0.0815918 0.0597222
0 0.10791 0.244792 0.104102 0.05
0 0.106934 0.218403 0.105664 0.0506944
0 0.48125 0.175868 0.0265625 0.0649306
0 0.13479 0.23941 0.104639 0.0576389
1 0.764844 0.0284071 0.00625 0.0159288
0 0.084082 0.268056 0.0912109 0.0555556
0 0.236328 0.131597 0.0472656 0.0522569
0 0.206836 0.0934028 0.0464844 0.0508681
0 0.427344 0.370486 0.0460938 0.0923611
0 0.6 0.297917 0.040625 0.0861111
0 0.357031 0.311458 0.0484375 0.0930556
0 0.732422 0.272917 0.0390625 0.0833333
0 0.194189 0.488542 0.0514648 0.0965278
0 0.2625 0.544097 0.0484375 0.1
0 0.192773 0.186111 0.0457031 0.0767361
0 0.293359 0.571528 0.0570313 0.116667
0 0.329688 0.597222 0.0476562 0.108333
0 0.0317383 0.338715 0.0544922 0.0934028
0 0.133398 0.148177 0.04375 0.0748264
0 0.548047 0.968056 0.0726563 0.0638889
0 0.0826172 0.112326 0.0410156 0.0621528
0 0.0180664 0.306944 0.0354492 0.0881944
0 0.00673828 0.268056 0.0129395 0.0673611
1 0.746875 0.0682726 0.0109375 0.0219618
1 0.273828 0.488889 0.0101562 0.0180556
1 0.230078 0.572569 0.0144531 0.0263889
0 0.0069458 0.257292 0.0135498 0.0597222
0 0.0156494 0.172049 0.029834 0.0517361
1 0.273828 0.492361 0.0101562 0.0194444
1 0.548437 0.968056 0.071875 0.0638889
1 0.174805 0.463889 0.00917969 0.0166667
1 0.267578 0.0150553 0.009375 0.027181
1 0.731641 0.0435764 0.0101562 0.0263021
0 0.230664 0.240278 0.100781 0.0555556
2 0.548437 0.968056 0.0734375 0.0638889
0 0.712109 0.486111 0.0195312 0.0236111
0 0.106055 0.269444 0.0949219 0.0493056
0 0.229883 0.264583 0.105859 0.0583333
0 0.255859 0.261458 0.0960938 0.0642361
0 0.229883 0.217882 0.0964844 0.0527778
1 0.228125 0.573264 0.01875 0.0298611
0 0.255859 0.241493 0.09375 0.0600694
1 0.271484 0.489931 0.0148437 0.0229167
0 0.269922 0.259028 0.0882813 0.0666667
1 0.0179443 0.307639 0.0351074 0.0902778
0 0.24375 0.220833 0.0960938 0.053125
0 0.107422 0.196875 0.105078 0.0506944
0 0.108203 0.146788 0.0802734 0.0675347
0 0.00732422 0.298611 0.0146484 0.09375
0 0.0957031 0.284375 0.0939453 0.0597222
0 0.00864258 0.243403 0.0161133 0.0628472
0 0.204346 0.100326 0.0459961 0.0500434
0 0.119824 0.267882 0.0982422 0.0454861
1 0.382812 0.311979 0.00703125 0.0159722
0 0.105835 0.111458 0.0719238 0.0666667
0 0.0187744 0.186068 0.0366699 0.0799479
0 0.227539 0.196007 0.0890625 0.0586806
0 0.133228 0.220833 0.101904 0.0548611
0 0.241797 0.289062 0.104687 0.0638889
0 0.249219 0.137326 0.0453125 0.0434028
0 0.217529 0.21441 0.0891602 0.0527778
0 0.26875 0.244792 0.0886719 0.0638889
1 0.174707 0.463542 0.0107422 0.0270833
0 0.254297 0.284722 0.101953 0.0625
0 0.195361 0.0951389 0.0444336 0.0512153
0 0.106274 0.165104 0.0921387 0.0576389
0 0.216016 0.294792 0.106641 0.071875
0 0.243359 0.197222 0.0921875 0.0576389
1 0.275781 0.490278 0.0125 0.0194444
0 0.217969 0.100347 0.0507812 0.0550347
0 0.19707 0.105903 0.0628906 0.0588542
0 0.107324 0.245139 0.105078 0.05
0 0.132227 0.194097 0.0863281 0.0586806
0 0.0180176 0.203125 0.0360352 0.115625
0 0.206641 0.0932292 0.0472656 0.0512153
0 0.108203 0.129167 0.0708984 0.0704861
0 0.106445 0.218576 0.106055 0.0506944
0 0.134277 0.239931 0.104883 0.0576389
0 0.0100708 0.269097 0.0195557 0.075
0 0.0836914 0.268056 0.0919922 0.0555556
0 0.147656 0.194488 0.0839844 0.0582465
0 0.235742 0.134896 0.0320312 0.04375
0 0.197607 0.0912326 0.0727539 0.0597222
0 0.427344 0.370226 0.0460938 0.0928819
0 0.6 0.297917 0.040625 0.0861111
0 0.357031 0.311458 0.0484375 0.0930556
0 0.732422 0.272917 0.0390625 0.0833333
0 0.194189 0.488542 0.0514648 0.0965278
0 0.2625 0.54375 0.0484375 0.1
0 0.192773 0.186111 0.0457031 0.0767361
0 0.293359 0.571528 0.0570313 0.116667
0 0.329688 0.597222 0.0476562 0.108333
0 0.0317139 0.338889 0.054541 0.0930556
0 0.133398 0.14809 0.04375 0.075
0 0.548047 0.968056 0.0726563 0.0638889
0 0.0826172 0.112153 0.0410156 0.0621528
0 0.0180603 0.306944 0.0353638 0.0881944
1 0.746875 0.0682726 0.0117188 0.0219618
0 0.00673828 0.267708 0.0129395 0.0659722
1 0.273828 0.488889 0.0101562 0.0180556
1 0.230078 0.572569 0.0144531 0.0263889
1 0.273047 0.490972 0.0109375 0.0180556
0 0.00693359 0.257118 0.0134766 0.0590278
0 0.0156189 0.171832 0.0296997 0.0514757
1 0.548437 0.968056 0.071875 0.0638889
1 0.174805 0.463889 0.009375 0.0166667
1 0.267578 0.0150553 0.009375 0.0270942
1 0.731641 0.0436198 0.0101562 0.0263889
0 0.230078 0.240278 0.101562 0.05625
2 0.548437 0.968056 0.0734375 0.0638889
0 0.105859 0.269618 0.0962891 0.0503472
0 0.712109 0.486111 0.0195312 0.0236111
1 0.228125 0.572917 0.01875 0.0291667
0 0.229492 0.218229 0.0964844 0.053125
0 0.255469 0.261806 0.0976562 0.0652778
0 0.255469 0.241667 0.0953125 0.0611111
0 0.229248 0.265278 0.107129 0.0597222
0 0.243359 0.221007 0.096875 0.0538194
0 0.269336 0.259375 0.0902344 0.0680556
0 0.106836 0.197222 0.105469 0.0513889
0 0.107813 0.146788 0.0798828 0.0675347
0 0.00703125 0.297743 0.0140625 0.0920139
0 0.0956055 0.284375 0.0943359 0.0604167
1 0.271484 0.490278 0.0148437 0.0236111
0 0.132617 0.221181 0.102148 0.0555556
1 0.382812 0.311979 0.00703125 0.0159722
0 0.268359 0.244965 0.090625 0.0649306
0 0.105493 0.111458 0.0710449 0.0659722
1 0.0179199 0.307292 0.0350586 0.0902778
0 0.241016 0.289236 0.10625 0.0652778
0 0.226953 0.195833 0.0894531 0.0597222
0 0.204346 0.100087 0.0459961 0.0503472
0 0.217383 0.214583 0.0890625 0.0534722
0 0.242969 0.197222 0.0929687 0.0583333
0 0.105859 0.165017 0.0919922 0.0578125
0 0.253711 0.285069 0.103516 0.0638889
0 0.106836 0.245312 0.105859 0.0513889
0 0.105835 0.21875 0.106689 0.0513889
0 0.131543 0.194097 0.0865234 0.059375
0 0.133887 0.240278 0.105078 0.0590278
0 0.01875 0.18572 0.0366211 0.0792535
0 0.217969 0.100347 0.0507812 0.0559028
0 0.107813 0.12908 0.0699219 0.0699653
0 0.21582 0.295139 0.108984 0.0729167
0 0.249219 0.137153 0.0453125 0.04375
0 0.00866699 0.242882 0.0161133 0.0614583
0 0.0834961 0.268056 0.0929687 0.05625
0 0.195361 0.0952257 0.0444336 0.0517361
0 0.146973 0.194141 0.0837891 0.058941
1 0.275781 0.490972 0.0125 0.0194444
0 0.427344 0.370226 0.0460938 0.0928819
0 0.6 0.297743 0.040625 0.0857639
0 0.357031 0.311458 0.0484375 0.0930556
0 0.732422 0.272917 0.0390625 0.0833333
0 0.194189 0.488542 0.0514648 0.0965278
0 0.2625 0.54375 0.0480469 0.1
0 0.192773 0.186111 0.0457031 0.0767361
0 0.293359 0.571528 0.0570313 0.116667
0 0.329492 0.597222 0.0480469 0.108333
0 0.0317383 0.338542 0.0544922 0.09375
0 0.133203 0.14809 0.0433594 0.075
0 0.548437 0.967361 0.0734375 0.0638889
0 0.0826172 0.11224 0.0410156 0.0621528
0 0.0180176 0.306597 0.0352539 0.0881944
1 0.746875 0.0682292 0.0125 0.0220486
0 0.00672607 0.267535 0.012915 0.065625
1 0.274023 0.488889 0.0101562 0.0180556
1 0.230078 0.572569 0.0144531 0.0263889
1 0.273047 0.490972 0.0113281 0.0180556
0 0.0069458 0.257118 0.013501 0.0583333
0 0.0155701 0.171875 0.0296021 0.0513889
1 0.548437 0.968056 0.0726563 0.0638889
1 0.174805 0.463889 0.009375 0.0166667
1 0.267578 0.0149957 0.009375 0.0269531
1 0.731641 0.0434896 0.0101562 0.0269965
0 0.229639 0.240278 0.100879 0.05625
2 0.548437 0.968056 0.0734375 0.0638889
0 0.255078 0.241667 0.0945313 0.0614583
0 0.105762 0.269618 0.0962891 0.0510417
0 0.255078 0.262153 0.0976562 0.0659722
0 0.228955 0.218056 0.0959961 0.0527778
0 0.228906 0.265625 0.107031 0.0600694
1 0.228125 0.572917 0.01875 0.0291667
0 0.268945 0.259549 0.0902344 0.0677083
0 0.242773 0.221007 0.0960938 0.0534722
0 0.106445 0.197222 0.105273 0.0520833
0 0.107617 0.147049 0.0800781 0.0677083
0 0.712109 0.486111 0.0195312 0.0236111
0 0.00693359 0.297569 0.0138672 0.0916667
0 0.267969 0.244965 0.0898438 0.0645833
0 0.116626 0.22066 0.105029 0.0545139
1 0.382812 0.311806 0.00703125 0.0159722
0 0.105566 0.165104 0.0917969 0.0579861
0 0.130859 0.194097 0.0876953 0.0597222
0 0.0953125 0.284549 0.0933594 0.0600694
0 0.242383 0.197396 0.0925781 0.0586806
0 0.105176 0.111632 0.0708984 0.0659722
0 0.217187 0.214583 0.0886719 0.0534722
0 0.226562 0.196007 0.0890625 0.0600694
0 0.240283 0.288715 0.106934 0.0649306
0 0.25332 0.284549 0.103516 0.0635417
0 0.106274 0.245139 0.10542 0.0517361
0 0.133398 0.240278 0.103516 0.0590278
0 0.145801 0.220486 0.0990234 0.0545139
0 0.21543 0.294097 0.110156 0.071875
0 0.0973633 0.147396 0.0800781 0.0604167
0 0.204297 0.0999132 0.0457031 0.0503472
1 0.271484 0.490278 0.0148437 0.0236111
0 0.107593 0.129427 0.0695801 0.0697917
0 0.146387 0.194444 0.0841797 0.0590278
0 0.0942383 0.172049 0.100586 0.05
0 0.156543 0.241319 0.107227 0.0590278
0 0.083252 0.268056 0.0926758 0.0569444
0 0.249219 0.137326 0.0457031 0.0440972
0 0.217969 0.100174 0.0507812 0.0559028
1 0.275781 0.490972 0.0125 0.0194444
0 0.195508 0.0955078 0.0445312 0.0516927
0 0.427344 0.370226 0.0460938 0.0928819
0 0.6 0.297743 0.040625 0.0857639
0 0.357031 0.311458 0.0488281 0.0923611
0 0.732422 0.272917 0.0390625 0.0833333
0 0.194189 0.488889 0.0514648 0.0958333
0 0.2625 0.54375 0.0480469 0.1
0 0.192773 0.186111 0.0453125 0.0767361
0 0.293555 0.571528 0.0570313 0.116667
0 0.329688 0.597222 0.0476562 0.109028
0 0.0317383 0.338542 0.0544922 0.09375
0 0.133203 0.14809 0.0433594 0.075
0 0.548437 0.968056 0.0734375 0.0638889
0 0.0825684 0.112326 0.040918 0.0621528
0 0.0179932 0.306597 0.0352051 0.0881944
1 0.746875 0.0682292 0.0125 0.0220486
0 0.00672607 0.267708 0.012915 0.0652778
1 0.274023 0.488889 0.0101562 0.0180556
1 0.230078 0.572917 0.0140625 0.0263889
1 0.273047 0.490972 0.0117188 0.0180556
0 0.0069458 0.257292 0.013501 0.0576389
0 0.0155518 0.171701 0.029541 0.0510417
1 0.548437 0.968056 0.0726563 0.0638889
1 0.174902 0.463889 0.009375 0.0166667
1 0.731641 0.0435004 0.0101562 0.0272352
0 0.229687 0.240451 0.100781 0.0565972
1 0.267578 0.0149957 0.009375 0.0268229
2 0.548437 0.968056 0.0734375 0.0638889
0 0.255078 0.241667 0.0945313 0.0618056
0 0.254883 0.262326 0.0976562 0.0663194
0 0.269141 0.259549 0.090625 0.0680556
0 0.228857 0.266146 0.107129 0.0604167
0 0.242578 0.221181 0.0953125 0.0534722
0 0.228955 0.218403 0.0952148 0.0534722
1 0.228125 0.572917 0.01875 0.0291667
0 0.106055 0.269444 0.0978516 0.0513889
0 0.106641 0.196875 0.105273 0.0527778
0 0.268359 0.244965 0.0898438 0.0645833
0 0.10791 0.146875 0.0802734 0.0684028
0 0.00683594 0.296875 0.0136719 0.0916667
0 0.116699 0.220486 0.105273 0.0548611
1 0.382812 0.311979 0.00703125 0.015625
0 0.242578 0.197569 0.0921875 0.0590278
0 0.105762 0.164931 0.0916016 0.0583333
0 0.13064 0.193576 0.0879395 0.0604167
0 0.711719 0.485764 0.0195312 0.0243056
0 0.105103 0.111632 0.0702637 0.0659722
0 0.240283 0.288542 0.106934 0.0645833
0 0.217383 0.214931 0.0882813 0.0541667
0 0.253125 0.284549 0.103906 0.0635417
0 0.226758 0.196224 0.0886719 0.0603299
0 0.215576 0.293403 0.111035 0.0708333
0 0.133301 0.240278 0.103711 0.0586806
0 0.0956787 0.284896 0.0937988 0.0607639
0 0.106445 0.244965 0.105859 0.0517361
0 0.145703 0.220486 0.0992187 0.0548611
1 0.271484 0.490278 0.0148437 0.0229167
0 0.107788 0.129688 0.0691895 0.0704861
0 0.0945068 0.171918 0.10083 0.0506076
0 0.146191 0.194097 0.0845703 0.0597222
1 0.275781 0.490972 0.0125 0.0194444
0 0.203955 0.0996528 0.0459961 0.0503472
0 0.156543 0.241493 0.107227 0.059375
0 0.010144 0.268576 0.0196045 0.0715278
0 0.0806641 0.195139 0.10957 0.0527778
0 0.0835083 0.268229 0.0935303 0.0572917
0 0.249023 0.1375 0.0457031 0.0440972
0 0.206201 0.268056 0.114941 0.0548611
0 0.427344 0.370226 0.0460938 0.0928819
0 0.6 0.297743 0.040625 0.0857639
0 0.357031 0.311458 0.0488281 0.0923611
0 0.732422 0.27309 0.0390625 0.0833333
0 0.194141 0.488542 0.0515625 0.0965278
0 0.2625 0.54375 0.0476562 0.1
0 0.192773 0.186111 0.0453125 0.0767361
0 0.293555 0.571181 0.0570313 0.115972
0 0.329688 0.597222 0.0476562 0.109028
0 0.0316895 0.338542 0.0545898 0.09375
0 0.133203 0.14809 0.0433594 0.075
0 0.548437 0.968056 0.0734375 0.0638889
0 0.0824707 0.112413 0.0407227 0.0619792
0 0.0179687 0.306597 0.0351074 0.0881944
1 0.746875 0.0682292 0.0125 0.0220486
1 0.274023 0.488889 0.0101562 0.0180556
0 0.00664063 0.267708 0.0125977 0.0666667
1 0.230078 0.572917 0.0140625 0.0263889
1 0.273047 0.490625 0.0117188 0.0180556
0 0.0069458 0.257292 0.0134521 0.0572917
0 0.0155212 0.171832 0.0295044 0.0507812
1 0.175 0.463194 0.009375 0.0166667
1 0.548437 0.968056 0.0734375 0.0638889
0 0.229736 0.240625 0.100684 0.05625
1 0.731641 0.043533 0.0101562 0.0272569
2 0.548437 0.968056 0.0734375 0.0638889
0 0.255078 0.242014 0.0945313 0.0618056
1 0.267578 0.0149957 0.009375 0.0268229
0 0.254883 0.262674 0.0980469 0.0663194
0 0.269141 0.259896 0.0910156 0.0680556
0 0.229297 0.266667 0.107813 0.0604167
0 0.242773 0.221181 0.0949219 0.0534722
1 0.228125 0.573264 0.01875 0.0291667
0 0.229102 0.218576 0.0945313 0.053125
0 0.268359 0.245139 0.090625 0.0645833
0 0.106836 0.196875 0.105469 0.0524306
0 0.106445 0.269271 0.100195 0.0520833
0 0.108105 0.146962 0.0796875 0.0685764
0 0.116992 0.22066 0.105859 0.0545139
0 0.216211 0.292188 0.113672 0.0690972
0 0.240576 0.288194 0.10791 0.0645833
0 0.242578 0.197743 0.0921875 0.0586806
1 0.382812 0.311806 0.00703125 0.0152778
0 0.130566 0.193576 0.0882813 0.0600694
0 0.105859 0.164931 0.0914062 0.0579861
1 0.271484 0.490278 0.0148437 0.0229167
0 0.10498 0.111719 0.0693359 0.0652778
0 0.00675049 0.296875 0.013501 0.0913194
0 0.217627 0.215278 0.0881836 0.0541667
0 0.133301 0.240278 0.104492 0.0583333
0 0.106641 0.244792 0.106641 0.0513889
0 0.226758 0.196484 0.0886719 0.059809
0 0.0977539 0.146701 0.0800781 0.0607639
0 0.145605 0.220486 0.0998047 0.0548611
0 0.107813 0.129514 0.0685547 0.0706597
0 0.711719 0.485764 0.0195312 0.0243056
0 0.2375 0.31684 0.112109 0.0850694
0 0.0945557 0.172179 0.101123 0.0500868
0 0.107202 0.283681 0.101221 0.0576389
1 0.275781 0.490972 0.0128906 0.0194444
0 0.0808594 0.195486 0.109766 0.0527778
0 0.145996 0.194271 0.0849609 0.059375
0 0.206445 0.268403 0.116406 0.0545139
0 0.156641 0.241493 0.107813 0.059375
0 0.0793945 0.174826 0.104492 0.0482639
0 0.203906 0.099566 0.0460938 0.0503472
0 0.0102051 0.268576 0.0197266 0.0711806
0 0.266992 0.282292 0.101953 0.0645833
0 0.195654 0.0955729 0.0454102 0.0515625
0 0.427344 0.370226 0.0460938 0.0928819
0 0.6 0.297743 0.040625 0.0857639
0 0.357031 0.311458 0.0484375 0.0923611
0 0.732422 0.27309 0.0390625 0.0833333
0 0.194141 0.488542 0.0515625 0.0965278
0 0.262305 0.54375 0.0480469 0.101389
0 0.192773 0.186111 0.0453125 0.0767361
0 0.293555 0.571181 0.0570313 0.115972
0 0.329688 0.597222 0.0476562 0.109028
0 0.0316895 0.338542 0.0545898 0.09375
0 0.133203 0.148003 0.0433594 0.0751736
0 0.548437 0.968056 0.0734375 0.0638889
0 0.0823242 0.1125 0.0404297 0.0618056
0 0.017926 0.306771 0.0350464 0.0885417
1 0.746875 0.0682292 0.0125 0.0220486
1 0.273828 0.489583 0.0101562 0.0180556
0 0.00661621 0.267361 0.0125488 0.0659722
1 0.230078 0.572917 0.0140625 0.0263889
1 0.273633 0.493056 0.0105469 0.0194444
0 0.0069458 0.257292 0.0134521 0.0565972
0 0.0155029 0.171832 0.029541 0.0507812
1 0.548437 0.968056 0.0734375 0.0638889
1 0.175 0.463194 0.009375 0.0166667
0 0.229736 0.240799 0.0999023 0.0565972
0 0.254883 0.242188 0.0949219 0.0618056
0 0.254883 0.262847 0.0980469 0.0659722
1 0.731641 0.043533 0.0101562 0.0273438
0 0.229297 0.266667 0.107422 0.0604167
0 0.269141 0.260243 0.0914062 0.0677083
1 0.267578 0.0150119 0.009375 0.026747
0 0.242578 0.221181 0.0941406 0.0534722
2 0.548437 0.968056 0.0734375 0.0638889
1 0.228125 0.573264 0.0183594 0.0291667
0 0.268555 0.245139 0.0910156 0.0638889
0 0.229102 0.218924 0.09375 0.053125
0 0.106836 0.196875 0.104687 0.0527778
0 0.216797 0.291319 0.114063 0.0673611
0 0.108203 0.146875 0.0791016 0.06875
0 0.24043 0.287847 0.107422 0.0645833
0 0.116895 0.220486 0.104883 0.0548611
0 0.106445 0.269097 0.100781 0.0527778
0 0.130273 0.193576 0.0875 0.0600694
0 0.242578 0.197917 0.0914062 0.0586806
0 0.105835 0.164757 0.0906738 0.0579861
1 0.382812 0.311806 0.00703125 0.0152778
0 0.133105 0.240625 0.103711 0.0583333
0 0.104687 0.111892 0.0685547 0.0649306
1 0.271484 0.490278 0.0148437 0.0229167
0 0.237939 0.315972 0.111621 0.0840278
0 0.217383 0.215451 0.0875 0.0545139
0 0.0977539 0.146354 0.0791016 0.0611111
0 0.145508 0.220486 0.0992187 0.0548611
0 0.10647 0.244792 0.106201 0.0513889
0 0.206592 0.26875 0.115723 0.0541667
0 0.226758 0.196528 0.0878906 0.0597222
0 0.0945313 0.172266 0.100391 0.0506076
0 0.00667725 0.297222 0.0133545 0.0916667
0 0.107715 0.129514 0.0681641 0.0708333
0 0.0806641 0.195833 0.10918 0.0527778
0 0.145801 0.194271 0.0845703 0.0597222
1 0.275781 0.490972 0.0128906 0.0194444
0 0.156543 0.241493 0.107227 0.0597222
0 0.266992 0.282292 0.101953 0.0642361
0 0.0791504 0.175043 0.103809 0.0485243
0 0.0197815 0.174479 0.038562 0.0565972
0 0.267969 0.222569 0.0976562 0.0597222
0 0.107129 0.284028 0.101172 0.0583333
0 0.711719 0.486111 0.0195312 0.0236111
0 0.427344 0.370226 0.0460938 0.0928819
0 0.6 0.297743 0.040625 0.0857639
0 0.357031 0.311458 0.0488281 0.0923611
0 0.732422 0.27309 0.0390625 0.0833333
0 0.194189 0.488889 0.0514648 0.0965278
0 0.2625 0.54375 0.0480469 0.1
0 0.192773 0.186111 0.0453125 0.0767361
0 0.29375 0.570833 0.0570313 0.115278
0 0.329688 0.597222 0.0476562 0.109028
0 0.0317139 0.338542 0.054541 0.09375
0 0.133203 0.148003 0.0431641 0.0751736
0 0.548437 0.968056 0.0734375 0.0638889
0 0.0823242 0.112674 0.0404297 0.0618056
0 0.0179138 0.306771 0.0349731 0.0885417
1 0.746875 0.0682292 0.0125 0.021875
1 0.273828 0.489583 0.0101562 0.0180556
0 0.006604 0.267014 0.0125244 0.0652778
1 0.230078 0.572917 0.0140625 0.0263889
1 0.273633 0.493056 0.0105469 0.0194444
0 0.00693359 0.257292 0.0134277 0.05625
0 0.0155334 0.171832 0.0296753 0.0507812
0 0.229883 0.240972 0.1 0.0569444
0 0.254883 0.263194 0.0988281 0.0659722
0 0.255078 0.242535 0.0960938 0.0621528
0 0.229346 0.267014 0.107715 0.0604167
0 0.269141 0.260417 0.0929687 0.0680556
1 0.175 0.463542 0.00957031 0.0173611
1 0.731641 0.0435655 0.0101562 0.0274523
0 0.242578 0.221354 0.0941406 0.0534722
0 0.216992 0.290799 0.114844 0.0659722
1 0.548437 0.968056 0.0734375 0.0638889
0 0.268555 0.245139 0.0925781 0.0638889
1 0.267578 0.0150119 0.009375 0.026747
0 0.229102 0.219097 0.09375 0.0534722
0 0.106934 0.196875 0.104492 0.0534722
0 0.240625 0.287847 0.107813 0.0642361
0 0.117017 0.220486 0.104639 0.0548611
0 0.108496 0.146701 0.0785156 0.0690972
0 0.130176 0.193229 0.0873047 0.0604167
0 0.106641 0.269097 0.101758 0.0534722
0 0.242578 0.197917 0.0914062 0.0590278
1 0.382812 0.311806 0.00703125 0.0152778
0 0.238281 0.315278 0.112109 0.0833333
2 0.548437 0.968056 0.0734375 0.0638889
0 0.133105 0.240625 0.103711 0.0583333
0 0.206641 0.268924 0.116016 0.0541667
0 0.106152 0.16441 0.0902344 0.0583333
0 0.14541 0.220486 0.0990234 0.0548611
0 0.217383 0.215625 0.0875 0.0548611
0 0.0980225 0.146007 0.0781738 0.0614583
0 0.10459 0.112153 0.0681641 0.0649306
0 0.106445 0.244792 0.106445 0.0513889
0 0.0201416 0.174479 0.0393066 0.0569444
0 0.267188 0.282292 0.103125 0.0645833
0 0.0804688 0.195833 0.109375 0.0534722
1 0.271484 0.490278 0.0148437 0.0222222
0 0.156641 0.241667 0.107422 0.0597222
0 0.0946289 0.172049 0.0998047 0.0510417
0 0.107813 0.130035 0.0679687 0.071875
0 0.226611 0.196354 0.0881836 0.0600694
0 0.145605 0.194271 0.0845703 0.0600694
0 0.0789551 0.175 0.103809 0.0486111
0 0.267969 0.222396 0.0984375 0.059375
1 0.275781 0.490972 0.0128906 0.0194444
0 0.107324 0.284375 0.101562 0.0583333
0 0.18125 0.268056 0.117578 0.05625
0 0.00661621 0.297917 0.0132324 0.0923611
0 0.206641 0.24375 0.1 0.0506944
0 0.246484 0.133681 0.0527344 0.0520833
0 0.356836 0.311458 0.0484375 0.09375
0 0.427344 0.370226 0.0460938 0.0928819
0 0.6 0.297743 0.040625 0.0857639
0 0.732422 0.272917 0.0390625 0.0833333
0 0.262305 0.54375 0.0480469 0.101389
0 0.194189 0.488889 0.0514648 0.0965278
0 0.192773 0.186068 0.0453125 0.0764757
0 0.29375 0.570833 0.0570313 0.115278
0 0.329688 0.597222 0.0476562 0.109028
0 0.0316895 0.338542 0.0544922 0.09375
0 0.133203 0.14809 0.0431641 0.075
0 0.548437 0.968056 0.0734375 0.0638889
0 0.0823242 0.113021 0.040625 0.0614583
0 0.017926 0.306944 0.0349487 0.0881944
1 0.746875 0.0682292 0.0125 0.021875
1 0.273828 0.489583 0.0101562 0.0180556
0 0.0065918 0.266493 0.0125 0.0638889
1 0.230078 0.572917 0.0140625 0.0263889
1 0.273633 0.493056 0.0105469 0.0194444
0 0.0069458 0.257292 0.0134033 0.0555556
0 0.0155518 0.171832 0.0297363 0.0507812
0 0.255078 0.263542 0.1 0.0666667
0 0.230127 0.241319 0.100684 0.0576389
0 0.229687 0.267361 0.108203 0.0611111
0 0.255078 0.242708 0.096875 0.0631944
0 0.217578 0.290625 0.115625 0.0652778
0 0.242773 0.221528 0.0945313 0.0541667
0 0.26875 0.245312 0.09375 0.0645833
1 0.731641 0.0435872 0.0101562 0.0275825
0 0.24082 0.287847 0.108203 0.0645833
0 0.229248 0.219271 0.0938477 0.0538194
0 0.107129 0.196875 0.104297 0.0545139
1 0.175 0.463194 0.00976562 0.0180556
0 0.117188 0.22066 0.104492 0.0552083
1 0.267578 0.0149251 0.009375 0.0266602
0 0.130249 0.193229 0.0871582 0.0611111
1 0.548437 0.968056 0.0734375 0.0638889
0 0.108691 0.146701 0.078125 0.0697917
0 0.280469 0.261285 0.09375 0.0677083
0 0.224023 0.316667 0.110937 0.0847222
0 0.206836 0.269444 0.116406 0.0548611
1 0.382812 0.311806 0.00703125 0.0149306
0 0.133105 0.240972 0.104102 0.0586806
0 0.242773 0.197917 0.0921875 0.0597222
0 0.106836 0.269444 0.103125 0.0541667
0 0.145508 0.220486 0.0992187 0.0555556
0 0.106445 0.164149 0.0898438 0.0588542
0 0.267188 0.282292 0.103125 0.0645833
0 0.217383 0.215625 0.0878906 0.05625
0 0.156836 0.241667 0.107813 0.0604167
0 0.0981445 0.14566 0.0775391 0.0625
0 0.0804199 0.196181 0.109668 0.0541667
0 0.10647 0.244965 0.106982 0.0520833
0 0.0203186 0.174349 0.0397339 0.0568576
0 0.104321 0.1125 0.0679199 0.0649306
0 0.145508 0.194271 0.0847656 0.0611111
0 0.0948975 0.172049 0.0992676 0.0520833
0 0.268359 0.222569 0.0992187 0.0597222
0 0.0789063 0.175174 0.103906 0.0496528
0 0.196143 0.290625 0.127246 0.0638889
0 0.107715 0.130208 0.0679687 0.0729167
0 0.226562 0.196181 0.0886719 0.0611111
0 0.181348 0.268403 0.117383 0.0569444
0 0.208154 0.323264 0.118848 0.09375
0 0.206641 0.244097 0.100781 0.0520833
2 0.548437 0.968056 0.0734375 0.0638889
1 0.271484 0.490278 0.0148437 0.0222222
0 0.10752 0.285069 0.102539 0.0597222
0 0.132983 0.264583 0.105127 0.0534722
1 0.275781 0.490972 0.0128906 0.0194444
0 0.237695 0.338021 0.112891 0.0885417
0 0.427344 0.370226 0.0460938 0.0928819
0 0.6 0.297743 0.040625 0.0857639
0 0.357031 0.311285 0.0484375 0.0927083
0 0.2625 0.54375 0.0480469 0.1
0 0.194141 0.488542 0.0511719 0.0965278
0 0.732422 0.272917 0.0390625 0.0833333
0 0.192529 0.186068 0.0454102 0.0764757
0 0.29375 0.570833 0.0570313 0.115278
0 0.329688 0.597222 0.0476562 0.109722
0 0.0316895 0.338542 0.0544922 0.09375
0 0.133203 0.14809 0.0431641 0.075
0 0.548437 0.968056 0.0734375 0.0638889
0 0.0821289 0.113021 0.0402344 0.0614583
0 0.0177673 0.307292 0.0347778 0.0895833
1 0.746875 0.0682292 0.0125 0.021875
1 0.273828 0.489583 0.0101562 0.0180556
0 0.00656738 0.265972 0.0124512 0.0625
1 0.230078 0.572569 0.0140625 0.0256944
1 0.273633 0.493056 0.0105469 0.0194444
0 0.0155823 0.171832 0.0298706 0.0507812
0 0.255078 0.263542 0.0992187 0.0673611
0 0.217773 0.290625 0.116797 0.065625
0 0.255078 0.243056 0.096875 0.0638889
0 0.229883 0.267535 0.108594 0.0618056
0 0.230078 0.241493 0.100781 0.0586806
0 0.242773 0.221701 0.0941406 0.0548611
0 0.26875 0.24566 0.09375 0.065625
0 0.240576 0.288194 0.10791 0.0652778
1 0.732031 0.043533 0.0109375 0.0276042
0 0.229248 0.219444 0.0938477 0.0548611
0 0.253516 0.284028 0.104687 0.0645833
0 0.116577 0.196528 0.0953613 0.05625
0 0.224609 0.315625 0.111719 0.0826389
1 0.228125 0.573611 0.0179687 0.0291667
0 0.20708 0.269792 0.11709 0.0555556
0 0.131543 0.221528 0.101367 0.0569444
0 0.280469 0.261458 0.0929687 0.06875
1 0.267578 0.0149251 0.009375 0.0266602
0 0.130078 0.193056 0.0871094 0.0618056
1 0.548437 0.968056 0.0734375 0.0638889
1 0.382812 0.311806 0.00703125 0.0149306
0 0.108789 0.146615 0.0773437 0.0699653
0 0.13291 0.241146 0.104492 0.0597222
0 0.242773 0.197917 0.0925781 0.0604167
0 0.208203 0.321181 0.120312 0.0902778
0 0.157031 0.241667 0.108203 0.0618056
0 0.196094 0.290625 0.127344 0.0638889
0 0.10686 0.269618 0.104248 0.0552083
0 0.0205322 0.174349 0.0401855 0.0568576
0 0.217236 0.215625 0.0881836 0.0576389
0 0.268359 0.222569 0.0992187 0.0604167
0 0.106641 0.163889 0.0890625 0.059375
0 0.105762 0.219444 0.106445 0.0545139
0 0.0801758 0.196528 0.10957 0.0552083
0 0.181348 0.268403 0.117773 0.0576389
0 0.0982422 0.145139 0.0765625 0.0631944
1 0.175098 0.463194 0.00996094 0.01875
0 0.145313 0.193924 0.0847656 0.0625
0 0.103809 0.112674 0.0671875 0.0645833
0 0.0787598 0.175 0.103223 0.0503472
0 0.0949219 0.171701 0.0984375 0.053125
0 0.106445 0.245139 0.107422 0.0534722
0 0.157715 0.218056 0.101367 0.0569444
0 0.10752 0.130035 0.0675781 0.0732639
0 0.226172 0.195833 0.0890625 0.0625
0 0.206641 0.244097 0.101562 0.053125
0 0.238086 0.338194 0.113281 0.0888889
0 0.280469 0.282292 0.0992187 0.0635417
0 0.133008 0.264931 0.105859 0.0548611
0 0.427344 0.370226 0.0460938 0.0928819
0 0.6 0.297743 0.040625 0.0857639
0 0.357031 0.311285 0.0484375 0.0927083
0 0.2625 0.54375 0.0480469 0.1
0 0.194189 0.488542 0.0514648 0.0965278
0 0.732422 0.272917 0.0390625 0.0833333
0 0.192529 0.186068 0.0454102 0.0764757
0 0.29375 0.570833 0.0570313 0.115278
0 0.329688 0.597222 0.0476562 0.109722
0 0.0316895 0.338542 0.0544922 0.09375
0 0.133203 0.14809 0.0431641 0.075
0 0.548437 0.968056 0.0734375 0.0638889
0 0.0821289 0.113021 0.0402344 0.0614583
0 0.0177979 0.307292 0.0347656 0.0895833
1 0.746875 0.0682292 0.0125 0.021875
1 0.273828 0.489583 0.0101562 0.0180556
0 0.00657959 0.265972 0.0124268 0.0625
1 0.230078 0.572569 0.0140625 0.0256944
1 0.273633 0.493056 0.0105469 0.0194444
0 0.0069458 0.257292 0.0133545 0.0548611
0 0.0155823 0.171832 0.0298706 0.0507812
0 0.255078 0.263542 0.0992187 0.0673611
0 0.217773 0.290625 0.116797 0.0652778
0 0.255078 0.243056 0.096875 0.0638889
0 0.229883 0.267535 0.108594 0.0618056
0 0.230078 0.241493 0.100781 0.0586806
0 0.242773 0.221875 0.0941406 0.0548611
0 0.26875 0.24566 0.09375 0.065625
0 0.240576 0.288194 0.10791 0.0652778
1 0.732031 0.043533 0.0109375 0.0276042
0 0.229248 0.219444 0.0938477 0.0548611
0 0.253516 0.284028 0.104687 0.0645833
0 0.224609 0.315625 0.111719 0.0826389
0 0.116577 0.196528 0.0953613 0.05625
1 0.228125 0.573611 0.0179687 0.0291667
0 0.20708 0.269792 0.11709 0.0555556
0 0.131543 0.221528 0.101367 0.0569444
1 0.267578 0.0149306 0.009375 0.0266927
0 0.280469 0.261458 0.0929687 0.06875
0 0.130078 0.193056 0.0871094 0.0618056
1 0.548437 0.968056 0.0734375 0.0638889
1 0.382812 0.311806 0.00703125 0.0149306
0 0.108789 0.146615 0.0773437 0.0699653
0 0.13291 0.241146 0.104492 0.0597222
0 0.242773 0.197917 0.0925781 0.0604167
0 0.208203 0.321181 0.120312 0.0902778
0 0.157031 0.241667 0.108203 0.0618056
0 0.196094 0.290625 0.127344 0.0638889
0 0.10686 0.269444 0.104248 0.0555556
0 0.217236 0.215625 0.0881836 0.0576389
0 0.0205322 0.174349 0.0401855 0.0568576
0 0.268359 0.222569 0.0992187 0.0604167
0 0.106641 0.163889 0.0890625 0.059375
0 0.105762 0.219444 0.106445 0.0545139
0 0.0801758 0.196528 0.10957 0.0552083
0 0.181348 0.268403 0.117773 0.0576389
0 0.0982422 0.145139 0.0765625 0.0631944
0 0.145313 0.193924 0.0847656 0.0625
0 0.103809 0.112674 0.0671875 0.0645833
1 0.175098 0.463194 0.00996094 0.01875
0 0.0788086 0.175 0.10332 0.0503472
0 0.0949219 0.171701 0.0984375 0.053125
0 0.106445 0.245139 0.107422 0.0534722
0 0.157715 0.218056 0.101367 0.0569444
0 0.10752 0.130035 0.0675781 0.0732639
0 0.226172 0.195833 0.0890625 0.0625
0 0.237939 0.338194 0.113184 0.0888889
0 0.206641 0.244097 0.101562 0.053125
0 0.280469 0.282292 0.0992187 0.0635417
0 0.133008 0.264931 0.105664 0.0548611
