0 0.486719 0.214757 0.0359375 0.0753472
0 0.484375 0.5625 0.0515625 0.0777778
0 0.502344 0.454167 0.0484375 0.0708333
0 0.525391 0.091645 0.0335938 0.0740017
0 0.473047 0.0580295 0.0335938 0.0681424
0 0.461719 0.136545 0.03125 0.0626736
0 0.555859 0.173307 0.0375 0.0735243
0 0.0825684 0.947222 0.0624023 0.0972222
0 0.673437 0.21875 0.040625 0.0583333
0 0.570312 0.461806 0.0328125 0.0555556
1 0.652734 0.181944 0.00859375 0.0197917
0 0.329492 0.0231337 0.04375 0.0462674
0 0.766406 0.0558919 0.0265625 0.054362
0 0.750781 0.104687 0.0265625 0.0444444
0 0.328906 0.0176432 0.0429688 0.0325955
0 0.980469 0.150521 0.0390625 0.08125
0 0.652734 0.181944 0.00859375 0.0197917
1 0.639844 0.174262 0.0148437 0.0306424
0 0.648828 0.240278 0.0101562 0.0208333
1 0.651172 0.181597 0.0109375 0.0222222
1 0.654688 0.181597 0.0117188 0.021875
0 0.758594 0.0777995 0.04375 0.0989149
0 0.339844 0.0265191 0.0660156 0.0528646
0 0.661719 0.113108 0.0171875 0.0376736
1 0.647266 0.240625 0.00703125 0.01875
0 0.979688 0.17066 0.034375 0.0402778
0 0.661719 0.118837 0.015625 0.0251736
0 0.340625 0.0117839 0.0210938 0.021658
0 0.639844 0.175043 0.015625 0.0311632
0 0.328516 0.0371636 0.009375 0.0162977
0 0.664062 0.109028 0.021875 0.046875
0 0.341016 0.0239583 0.0398437 0.0430556
0 0.66875 0.11875 0.0296875 0.0336806
0 0.292969 0.441667 0.00703125 0.0194444
1 0.321484 0.0370551 0.00703125 0.0180773
0 0.647266 0.240625 0.00703125 0.01875
1 0.00308838 0.565278 0.00578613 0.0138889
0 0.753516 0.084375 0.0320312 0.0852431
1 0.292969 0.440625 0.00625 0.0173611
0 0.651953 0.240625 0.0179687 0.025
0 0.651172 0.181597 0.0109375 0.0222222
1 0.0032959 0.567361 0.00634766 0.01875
0 0.660156 0.121441 0.0125 0.0185764
1 0.641406 0.167187 0.009375 0.0166667
0 0.321484 0.0370551 0.00703125 0.0180773
0 0.670313 0.111979 0.034375 0.0430556
1 0.642969 0.175304 0.0125 0.028559
0 0.630078 0.347569 0.0351562 0.03125
0 0.973437 0.174132 0.021875 0.0326389
1 0.328516 0.0371636 0.009375 0.0162977
0 0.326172 0.975 0.0484375 0.05
0 0.320312 0.0377604 0.009375 0.0195312
0 0.484375 0.5625 0.0515625 0.0770833
0 0.502344 0.454167 0.0492188 0.0708333
0 0.525391 0.0914931 0.0335938 0.0744792
0 0.486719 0.214583 0.0359375 0.0756944
0 0.461719 0.136806 0.03125 0.0625
0 0.555469 0.17309 0.0375 0.0732639
0 0.473047 0.0578125 0.0335938 0.0682292
0 0.0824219 0.947222 0.0636719 0.1
0 0.673047 0.218576 0.0414063 0.0583333
0 0.571875 0.461111 0.0359375 0.0555556
1 0.652734 0.181597 0.00859375 0.0201389
0 0.750781 0.104514 0.0265625 0.0451389
0 0.766797 0.0562392 0.0265625 0.0559245
0 0.650781 0.239236 0.0125 0.0243056
0 0.980469 0.151215 0.0390625 0.0795139
0 0.653125 0.238542 0.0203125 0.0270833
0 0.66875 0.11849 0.0304688 0.0328125
0 0.664844 0.118663 0.0234375 0.028125
0 0.759375 0.0776476 0.04375 0.100608
0 0.647656 0.240972 0.0078125 0.0184028
0 0.651953 0.23559 0.0164062 0.0302083
0 0.967969 0.0979167 0.0640625 0.189583
0 0.655469 0.234028 0.0234375 0.0354167
1 0.00302734 0.565278 0.00556641 0.0131944
0 0.657031 0.238889 0.0265625 0.03125
0 0.652734 0.181597 0.00859375 0.0201389
0 0.670313 0.113628 0.034375 0.0407986
1 0.292969 0.440278 0.00625 0.0152778
1 0.651172 0.18125 0.0109375 0.0229167
1 0.00332031 0.567361 0.00639648 0.0173611
0 0.660937 0.121007 0.0148437 0.0211806
1 0.103027 0.488194 0.0101562 0.0138889
0 0.328125 0.0146918 0.0421875 0.0293837
1 0.336328 0.012717 0.0101562 0.024566
0 0.339844 0.01352 0.021875 0.0254774
1 0.647656 0.240972 0.0078125 0.0184028
1 0.337109 0.0147081 0.0125 0.0285699
1 0.654688 0.18125 0.0117188 0.0225694
0 0.0305664 0.601389 0.0611328 0.0902778
0 0.948438 0.0367296 0.025 0.0315755
0 0.96875 0.146788 0.0625 0.0921875
0 0.662109 0.117014 0.0179687 0.0295139
0 0.664844 0.109635 0.0234375 0.0460069
0 0.980469 0.16658 0.0375 0.0487847
0 0.639844 0.175347 0.015625 0.0309028
0 0.337891 0.014974 0.0160156 0.0289931
1 0.0391113 0.304514 0.0119141 0.0152778
0 0.948438 0.0315538 0.021875 0.021441
0 0.665625 0.234375 0.0453125 0.0541667
0 0.976562 0.171007 0.028125 0.0395833
1 0.585547 0.225347 0.00546875 0.0149306
0 0.486719 0.214931 0.0359375 0.0763889
0 0.484375 0.5625 0.053125 0.0777778
0 0.502344 0.454167 0.0484375 0.0722222
0 0.525391 0.091645 0.0335938 0.0746962
0 0.473437 0.0580295 0.034375 0.0679687
0 0.555469 0.173264 0.0375 0.0732639
0 0.461719 0.136458 0.0320312 0.0625
0 0.0825195 0.947222 0.0636719 0.0986111
0 0.673047 0.218576 0.0414063 0.0579861
0 0.571094 0.460417 0.034375 0.0569444
0 0.750781 0.104774 0.0265625 0.0442708
1 0.652734 0.181597 0.00859375 0.0208333
0 0.766406 0.0580295 0.028125 0.0594618
0 0.970312 0.0965278 0.059375 0.192708
0 0.980469 0.151736 0.0390625 0.0788194
0 0.665625 0.116493 0.0242187 0.0322917
0 0.649219 0.240278 0.0109375 0.0215278
0 0.647266 0.241319 0.00625 0.0180556
0 0.0308594 0.605556 0.0615234 0.102778
0 0.66875 0.115712 0.0296875 0.0366319
0 0.330078 0.0203179 0.0429688 0.0391385
0 0.667188 0.107726 0.028125 0.0505208
0 0.326367 0.0378906 0.0136719 0.0154514
1 0.323828 0.037424 0.0136719 0.0171658
1 0.647266 0.241319 0.00625 0.0180556
0 0.660937 0.119271 0.015625 0.0243056
0 0.651172 0.239236 0.0148437 0.0243056
0 0.662109 0.113715 0.0171875 0.0364583
0 0.650391 0.236458 0.0125 0.0277778
1 0.326367 0.0378906 0.0136719 0.0154514
0 0.323828 0.037424 0.0136719 0.0171658
0 0.670313 0.102409 0.034375 0.061849
0 0.331641 0.0147569 0.0375 0.0276042
0 0.639844 0.174653 0.015625 0.0329861
1 0.0392578 0.304514 0.0112305 0.0142361
0 0.758984 0.0792535 0.04375 0.0967014
1 0.392188 0.119618 0.00625 0.0229167
0 0.652734 0.181597 0.00859375 0.0208333
1 0.651172 0.180556 0.0109375 0.0243056
0 0.339063 0.0128689 0.0203125 0.0241753
0 0.324219 0.0348199 0.0195312 0.0225477
0 0.658594 0.236632 0.0296875 0.0361111
1 0.995313 0.659722 0.009375 0.0138889
0 0.0310547 0.649306 0.0621094 0.190278
0 0.332422 0.0126736 0.028125 0.0234375
1 0.639844 0.174653 0.015625 0.0329861
0 0.335156 0.0233941 0.0472656 0.0458333
0 0.327344 0.0376302 0.01875 0.0169271
1 0.00335693 0.565972 0.00634766 0.0152778
1 0.138477 0.550347 0.0105469 0.0138889
1 0.292969 0.441667 0.00625 0.0166667
1 0.102637 0.488889 0.0107422 0.0152778
0 0.829687 0.132378 0.0453125 0.0453125
3 0.969531 0.0457031 0.0578125 0.0905382
1 0.654688 0.180903 0.0125 0.025
0 0.0428711 0.613889 0.0357422 0.0569444
0 0.00456543 0.774306 0.00852051 0.0305556
3 0.970312 0.0978299 0.059375 0.194271
0 0.948438 0.0365451 0.021875 0.0305556
0 0.00490723 0.780556 0.00927734 0.0444444
1 0.644922 0.175 0.009375 0.0243056
1 0.321094 0.0371528 0.0128906 0.0175347
1 0.00412598 0.568056 0.00791016 0.0194444
0 0.661719 0.229861 0.0328125 0.04375
1 0.639844 0.166146 0.0125 0.0152778
0 0.654688 0.234201 0.021875 0.034375
0 0.597656 0.397222 0.03125 0.05
0 0.502344 0.454167 0.0484375 0.0715278
0 0.484375 0.5625 0.0515625 0.0770833
0 0.486719 0.214583 0.0359375 0.0756944
0 0.525391 0.0915799 0.0335938 0.0748264
0 0.555469 0.172917 0.0375 0.0736111
0 0.473047 0.057997 0.0335938 0.0676866
0 0.461719 0.136372 0.0320312 0.0626736
0 0.0824219 0.947222 0.0640625 0.0986111
0 0.571875 0.460417 0.0359375 0.0569444
0 0.672656 0.218229 0.0421875 0.0579861
0 0.766406 0.0585938 0.0273438 0.0609375
1 0.652734 0.181597 0.00859375 0.0215278
0 0.980469 0.153299 0.0390625 0.075
0 0.75 0.104861 0.0265625 0.04375
0 0.757812 0.0786458 0.0453125 0.102083
0 0.669531 0.115365 0.03125 0.0376736
0 0.664062 0.11224 0.021875 0.0413194
0 0.666406 0.106337 0.0265625 0.0529514
0 0.665625 0.117708 0.025 0.0326389
1 0.321484 0.0375 0.00703125 0.0167535
0 0.671094 0.108507 0.0359375 0.0515625
0 0.662109 0.113281 0.0171875 0.0359375
1 0.651172 0.180903 0.0109375 0.0246528
1 0.327734 0.0385417 0.0105469 0.0140625
0 0.329883 0.0177951 0.0449219 0.0350694
1 0.321094 0.0380208 0.009375 0.0179687
0 0.969531 0.096441 0.0609375 0.192882
1 0.00310059 0.565278 0.00568848 0.0138889
0 0.660937 0.117014 0.015625 0.0295139
1 0.325391 0.0376736 0.0148437 0.0186632
1 0.649609 0.17921 0.0109375 0.0256076
1 0.640234 0.175738 0.0132813 0.0311632
0 0.675 0.100499 0.04375 0.0674045
1 0.654688 0.180903 0.0125 0.0256944
1 0.102832 0.489583 0.0117188 0.0166667
1 0.0394531 0.304514 0.0118164 0.0145833
0 0.327734 0.0385417 0.0105469 0.0140625
1 0.994531 0.660069 0.009375 0.0138889
1 0.392188 0.119271 0.00703125 0.0229167
1 0.647266 0.240972 0.00703125 0.0194444
0 0.338477 0.0145454 0.0230469 0.0275065
0 0.652734 0.181597 0.00859375 0.0215278
0 0.647266 0.240972 0.00703125 0.0194444
1 0.319531 0.0369792 0.009375 0.0165799
1 0.640625 0.165625 0.0109375 0.0142361
0 0.660547 0.121528 0.0132813 0.0222222
0 0.649219 0.239236 0.0109375 0.0229167
0 0.669531 0.0923611 0.034375 0.0788194
1 0.652734 0.189236 0.0101562 0.0291667
0 0.650391 0.236458 0.0132813 0.0291667
0 0.640234 0.175651 0.0164062 0.0327257
1 0.292969 0.441667 0.00625 0.0166667
0 0.3375 0.012679 0.015625 0.023253
1 0.585547 0.225 0.00546875 0.0166667
0 0.030542 0.6 0.061084 0.0902778
1 0.610937 0.220486 0.0078125 0.0222222
0 0.341406 0.0124566 0.01875 0.0212674
1 0.155078 0.267361 0.0078125 0.00902778
1 0.082373 0.947222 0.0639648 0.1
1 0.653125 0.175521 0.0132813 0.0340278
0 0.337695 0.0236545 0.0519531 0.0456597
0 0.484375 0.5625 0.0523437 0.0763889
0 0.502344 0.454167 0.0484375 0.0715278
0 0.486719 0.214583 0.0359375 0.0756944
0 0.525391 0.0914714 0.0335938 0.0750434
0 0.555859 0.172873 0.0382813 0.0730035
0 0.461719 0.136372 0.0320312 0.0630208
0 0.473047 0.0578885 0.0335938 0.0679036
0 0.0825195 0.947222 0.0638672 0.0986111
0 0.670313 0.219965 0.046875 0.0611111
0 0.571094 0.460417 0.034375 0.0569444
0 0.766406 0.0588976 0.028125 0.0613715
1 0.652734 0.181597 0.00859375 0.0215278
0 0.750391 0.104687 0.0273438 0.0440972
0 0.758594 0.0779297 0.0453125 0.100738
0 0.980469 0.151823 0.0390625 0.0779514
0 0.665625 0.105295 0.025 0.0557292
1 0.322461 0.0375 0.0101562 0.0171875
0 0.968359 0.0963542 0.0632813 0.192708
0 0.663281 0.112153 0.0203125 0.0418403
0 0.669141 0.114757 0.03125 0.0388889
1 0.325781 0.0379449 0.0144531 0.0164714
1 0.994531 0.660069 0.009375 0.0131944
0 0.328906 0.0166884 0.0429688 0.0329861
1 0.323242 0.0378364 0.0148437 0.0187717
1 0.00321045 0.565972 0.0060791 0.0138889
0 0.671875 0.107465 0.0359375 0.0538194
1 0.651172 0.180903 0.0109375 0.0246528
1 0.654688 0.180556 0.0125 0.0260417
0 0.325781 0.0379449 0.0144531 0.0164714
0 0.660937 0.115972 0.0140625 0.03125
1 0.647266 0.242361 0.00625 0.01875
0 0.337891 0.0146484 0.0226563 0.0276476
0 0.652734 0.181597 0.00859375 0.0215278
1 0.320703 0.0371094 0.0121094 0.0174479
1 0.641797 0.177431 0.0109375 0.028125
0 0.675781 0.0984375 0.0453125 0.0715278
0 0.665234 0.119271 0.0234375 0.0385417
1 0.337305 0.0112196 0.0125 0.0204427
0 0.669531 0.0994575 0.0335938 0.064974
1 0.640625 0.166493 0.009375 0.015625
1 0.328516 0.0152398 0.0414063 0.0284614
1 0.648438 0.177951 0.0109375 0.0263889
1 0.0393066 0.304514 0.0118164 0.0152778
1 0.292969 0.440972 0.00625 0.0166667
0 0.340234 0.0127658 0.0199219 0.0224718
1 0.102344 0.634722 0.0078125 0.0152778
1 0.639844 0.172569 0.0140625 0.0277778
0 0.660547 0.120486 0.0132813 0.0236111
1 0.610937 0.220486 0.0078125 0.0215278
1 0.138086 0.551389 0.00917969 0.0111111
1 0.102832 0.489583 0.0119141 0.0166667
0 0.580469 0.449653 0.0546875 0.0784722
0 0.96875 0.145573 0.0625 0.0935764
1 0.652734 0.189063 0.0101562 0.0305556
1 0.337891 0.0146484 0.0226563 0.0276476
1 0.653125 0.175651 0.0125 0.0341146
0 0.333594 0.0203559 0.0390625 0.0375
0 0.484375 0.5625 0.0515625 0.0763889
0 0.486719 0.214583 0.0359375 0.0756944
0 0.502344 0.454167 0.0492188 0.0715278
0 0.525391 0.0915148 0.0335938 0.0749566
0 0.555469 0.172873 0.0375 0.0730035
0 0.461719 0.136458 0.0320312 0.0631944
0 0.473047 0.0578993 0.0335938 0.0680556
0 0.0824219 0.947222 0.0642578 0.0972222
0 0.669922 0.219965 0.0476562 0.0611111
0 0.570312 0.460417 0.0328125 0.0569444
1 0.652734 0.181771 0.00859375 0.0211806
0 0.766406 0.0586806 0.0273438 0.0607639
0 0.980469 0.152344 0.0390625 0.0772569
0 0.750781 0.104687 0.0265625 0.0454861
0 0.758984 0.0780382 0.0445312 0.0994792
1 0.323438 0.037576 0.0125 0.0173828
0 0.968359 0.096441 0.0632813 0.192882
0 0.6625 0.112674 0.01875 0.040625
0 0.664062 0.107986 0.021875 0.0513889
1 0.994531 0.660069 0.009375 0.0131944
1 0.325781 0.0380642 0.0140625 0.0164931
1 0.651563 0.18125 0.0109375 0.0243056
0 0.328906 0.0168403 0.04375 0.0311198
1 0.324219 0.0379232 0.0179687 0.0191189
0 0.652734 0.181771 0.00859375 0.0211806
0 0.6625 0.118924 0.0171875 0.0284722
0 0.666406 0.116146 0.025 0.0354167
1 0.335156 0.0148003 0.0234375 0.0277778
1 0.336719 0.0107964 0.0109375 0.0198568
0 0.667188 0.111198 0.028125 0.0449653
1 0.00322266 0.565972 0.00620117 0.0138889
1 0.654688 0.18125 0.0125 0.0246528
0 0.325781 0.0380642 0.0140625 0.0164931
1 0.320312 0.037066 0.0109375 0.0173611
1 0.138574 0.550347 0.0101562 0.0131944
0 0.81875 0.361806 0.034375 0.0666667
1 0.646875 0.241319 0.00625 0.0180556
0 0.338672 0.0131293 0.01875 0.0252604
1 0.641406 0.177778 0.0109375 0.0277778
0 0.671094 0.108767 0.0359375 0.0526042
1 0.610937 0.220833 0.0078125 0.0222222
0 0.664062 0.119271 0.0210938 0.0371528
1 0.641016 0.165799 0.009375 0.0142361
0 0.335156 0.0148003 0.0234375 0.0277778
1 0.283594 0.0273872 0.00703125 0.00980903
1 0.647656 0.177951 0.0109375 0.0260417
0 0.660547 0.121354 0.0132813 0.0215278
1 0.392578 0.11901 0.00625 0.0215278
0 0.323438 0.037576 0.0125 0.0173828
1 0.639844 0.172917 0.0140625 0.028125
1 0.338672 0.0131293 0.01875 0.0252604
0 0.484375 0.5625 0.0515625 0.0763889
0 0.502344 0.454167 0.0484375 0.0715278
0 0.486719 0.214583 0.0359375 0.0756944
0 0.525391 0.0915148 0.0335938 0.0749566
0 0.555469 0.172917 0.0375 0.0729167
0 0.461719 0.136545 0.0320312 0.0630208
0 0.473047 0.0579427 0.0335938 0.0681424
0 0.0823242 0.947222 0.0644531 0.1
0 0.670703 0.219618 0.0460938 0.0604167
0 0.569922 0.460417 0.0320312 0.0569444
1 0.652344 0.181597 0.0078125 0.0208333
0 0.766406 0.0588108 0.0273438 0.0606771
0 0.750391 0.104601 0.0273438 0.0449653
0 0.980469 0.152951 0.0390625 0.0767361
0 0.758984 0.0781467 0.0453125 0.0996094
1 0.652344 0.183854 0.009375 0.025
1 0.324805 0.0377496 0.0152344 0.0173828
0 0.328906 0.0174533 0.04375 0.0322808
0 0.652344 0.181597 0.0078125 0.0208333
1 0.994531 0.659722 0.009375 0.0125
0 0.967969 0.0965278 0.0640625 0.193056
1 0.392188 0.119097 0.00625 0.0215278
0 0.81875 0.361892 0.034375 0.0664931
1 0.00319824 0.565278 0.00615234 0.0138889
0 0.662109 0.113194 0.0179687 0.0395833
1 0.336914 0.0107313 0.0113281 0.01977
0 0.663672 0.108854 0.0210938 0.0496528
1 0.337891 0.0144965 0.0164062 0.0271701
0 0.661719 0.117274 0.015625 0.0300347
0 0.339063 0.0123915 0.0175781 0.0238715
0 0.325391 0.0382378 0.0148437 0.0162326
1 0.32168 0.0373264 0.0136719 0.0177083
1 0.646875 0.241493 0.00625 0.0177083
1 0.138477 0.550694 0.00996094 0.0125
1 0.654688 0.18125 0.0125 0.0243056
0 0.666016 0.116319 0.0242187 0.0354167
1 0.640625 0.17678 0.0125 0.0290799
1 0.283398 0.0274523 0.00703125 0.00972222
1 0.610937 0.221007 0.0078125 0.0225694
1 0.641406 0.165885 0.009375 0.0140625
0 0.646875 0.241493 0.00625 0.0177083
0 0.336914 0.0107313 0.0113281 0.01977
0 0.502344 0.454167 0.0484375 0.0715278
0 0.484375 0.5625 0.0515625 0.0763889
0 0.486719 0.214583 0.0359375 0.0756944
0 0.461719 0.136458 0.0320312 0.0628472
0 0.555469 0.172917 0.0375 0.0732639
0 0.525391 0.0915148 0.0335938 0.0749566
0 0.473047 0.0579861 0.0335938 0.0680556
0 0.082373 0.947222 0.0643555 0.1
0 0.673047 0.21875 0.0414063 0.0583333
0 0.570312 0.460417 0.0328125 0.0569444
1 0.652344 0.181771 0.0078125 0.0208333
0 0.766406 0.0588542 0.0273438 0.0605903
0 0.750781 0.104774 0.0265625 0.0456597
0 0.759375 0.0782118 0.0453125 0.0994792
0 0.980469 0.152778 0.0390625 0.0767361
1 0.652344 0.184028 0.009375 0.025
1 0.392188 0.118924 0.00625 0.0206597
1 0.324609 0.0377496 0.0140625 0.0170356
0 0.328906 0.0175781 0.04375 0.0324653
1 0.00322266 0.565278 0.00610352 0.0138889
0 0.652344 0.181771 0.0078125 0.0208333
1 0.994531 0.660069 0.009375 0.0125
1 0.336719 0.0103733 0.0109375 0.0190104
1 0.651563 0.18125 0.0109375 0.0246528
0 0.96875 0.0963542 0.0625 0.192708
1 0.3375 0.0146918 0.0175781 0.0275608
0 0.339063 0.0121908 0.0171875 0.0234483
0 0.661719 0.113715 0.0171875 0.0388889
1 0.138477 0.550694 0.0101562 0.0125
0 0.664062 0.109201 0.021875 0.0496528
1 0.646875 0.241493 0.00625 0.0177083
0 0.819531 0.361458 0.034375 0.0666667
1 0.339063 0.0121908 0.0171875 0.0234483
0 0.661328 0.117882 0.015625 0.0288194
1 0.320703 0.0371962 0.0117188 0.0171875
0 0.326172 0.0384115 0.0132813 0.0154514
1 0.610937 0.221181 0.0078125 0.0225694
1 0.654297 0.181597 0.0117188 0.0243056
0 0.3375 0.0146918 0.0175781 0.0275608
1 0.640234 0.176042 0.0132813 0.0298611
0 0.646875 0.241493 0.00625 0.0177083
1 0.283594 0.0275174 0.00703125 0.00980903
1 0.641016 0.166146 0.009375 0.0145833
0 0.341406 0.0122396 0.0164062 0.0208767
0 0.502344 0.454167 0.0492188 0.0715278
0 0.484375 0.5625 0.0515625 0.0763889
0 0.486719 0.214583 0.0359375 0.0756944
0 0.555469 0.17309 0.0375 0.0732639
0 0.525391 0.0914931 0.0335938 0.0748264
0 0.473047 0.0579427 0.0335938 0.0681424
0 0.461719 0.136458 0.0320312 0.0631944
0 0.0823242 0.946528 0.0642578 0.0986111
0 0.671484 0.219271 0.0445312 0.0597222
0 0.570312 0.460417 0.0328125 0.0569444
1 0.652344 0.181597 0.0078125 0.0208333
0 0.766406 0.0587565 0.0273438 0.0602648
0 0.980469 0.152691 0.0390625 0.0769097
0 0.750781 0.104687 0.0265625 0.0451389
0 0.759375 0.0782769 0.0453125 0.099349
1 0.652344 0.184028 0.009375 0.025
0 0.328906 0.0178168 0.04375 0.0331163
1 0.325 0.0384115 0.0164062 0.0176215
1 0.00319824 0.565278 0.00605469 0.0138889
1 0.392188 0.118924 0.00625 0.0204861
1 0.337109 0.0111979 0.0117188 0.0208767
1 0.326562 0.0384657 0.0128906 0.0152561
1 0.338086 0.014388 0.0148437 0.0271267
0 0.652344 0.181597 0.0078125 0.0208333
1 0.994531 0.660069 0.009375 0.0125
1 0.138574 0.550694 0.0101562 0.0125
0 0.338867 0.0125217 0.0167969 0.0242622
1 0.651563 0.18125 0.0109375 0.0246528
0 0.661719 0.113889 0.0171875 0.0385417
0 0.96875 0.096441 0.0625 0.192882
0 0.664453 0.108767 0.0226563 0.0503472
1 0.610937 0.221181 0.0078125 0.0229167
1 0.654297 0.181424 0.0117188 0.0243056
0 0.661328 0.117708 0.015625 0.0291667
0 0.341016 0.0121528 0.0171875 0.0215278
1 0.320312 0.0371636 0.0109375 0.0171658
1 0.640234 0.175738 0.0132813 0.0297743
0 0.81875 0.361806 0.034375 0.0652778
1 0.646875 0.241667 0.00625 0.0180556
1 0.341016 0.0121528 0.0171875 0.0215278
0 0.326562 0.0384657 0.0128906 0.0152561
0 0.337109 0.0111979 0.0117188 0.0208767
1 0.641016 0.166233 0.009375 0.0147569
1 0.283398 0.0275174 0.00703125 0.00980903
1 0.292578 0.441319 0.00625 0.0152778
0 0.502344 0.454167 0.0492188 0.0715278
0 0.484375 0.5625 0.0515625 0.0763889
0 0.486719 0.214583 0.0359375 0.0756944
0 0.525391 0.0915148 0.0335938 0.0749566
0 0.555469 0.17309 0.0375 0.0732639
0 0.473047 0.0579427 0.0335938 0.0681424
0 0.461719 0.136458 0.0320312 0.0631944
0 0.082373 0.947222 0.0641602 0.0972222
0 0.671875 0.219444 0.04375 0.0597222
0 0.570703 0.460417 0.0335938 0.0569444
1 0.652344 0.181597 0.0078125 0.0208333
0 0.766406 0.0587674 0.0273438 0.0602431
0 0.750781 0.104514 0.0265625 0.0451389
0 0.980469 0.152778 0.0390625 0.0767361
0 0.759375 0.0783854 0.0453125 0.0993056
1 0.652344 0.184028 0.009375 0.025
0 0.328906 0.018099 0.04375 0.0337674
1 0.00323486 0.565278 0.0060791 0.0138889
1 0.337109 0.0118435 0.0117188 0.0221463
1 0.324805 0.0383681 0.0167969 0.0177083
1 0.337891 0.0143012 0.0140625 0.0269965
1 0.138574 0.550347 0.0101562 0.0125
0 0.339063 0.0127604 0.0171875 0.0247396
1 0.326562 0.0384549 0.0125 0.015191
1 0.392188 0.119097 0.00625 0.0204861
1 0.994531 0.660069 0.009375 0.0125
1 0.651563 0.18125 0.0109375 0.0243056
0 0.652734 0.180556 0.00859375 0.0236111
0 0.661719 0.113889 0.0171875 0.0381944
0 0.664844 0.108854 0.0234375 0.05
1 0.654297 0.18125 0.0117188 0.0243056
0 0.661719 0.119184 0.015625 0.0279514
0 0.969531 0.0965278 0.0609375 0.193056
1 0.610937 0.221181 0.0078125 0.0236111
1 0.340625 0.0121474 0.0179687 0.0219727
1 0.639844 0.175347 0.0140625 0.0298611
0 0.337109 0.0118435 0.0117188 0.0221463
1 0.121875 0.520833 0.0113281 0.0138889
0 0.665625 0.115972 0.025 0.0354167
0 0.326562 0.0384549 0.0125 0.015191
1 0.320508 0.0371528 0.0113281 0.0171875
1 0.640625 0.166667 0.009375 0.015625
1 0.102734 0.489583 0.0121094 0.0173611
0 0.484375 0.5625 0.0515625 0.0763889
0 0.502344 0.454167 0.0492188 0.0715278
0 0.486719 0.214583 0.0359375 0.0756944
0 0.525391 0.0915799 0.0335938 0.075
0 0.555469 0.17309 0.0375 0.0732639
0 0.473047 0.0579427 0.0335938 0.0681424
0 0.461719 0.136458 0.0320312 0.0631944
0 0.0823242 0.946528 0.0640625 0.0986111
0 0.570703 0.460417 0.0335938 0.0569444
0 0.673047 0.219097 0.0414063 0.0590278
1 0.652344 0.181597 0.0078125 0.0208333
0 0.766406 0.0586806 0.0273438 0.0600694
0 0.980469 0.152778 0.0390625 0.0770833
0 0.750781 0.104514 0.0265625 0.0451389
0 0.759375 0.0784939 0.0453125 0.0992622
1 0.652344 0.184028 0.009375 0.025
1 0.00324707 0.565278 0.00610352 0.0138889
1 0.337109 0.012028 0.0117188 0.0225586
0 0.328906 0.0192329 0.04375 0.0360135
1 0.324609 0.0383572 0.0171875 0.01773
1 0.138672 0.550347 0.0101562 0.0125
1 0.323828 0.037717 0.0125 0.0168403
1 0.338672 0.0128906 0.0164062 0.025
0 0.339844 0.0122613 0.0199219 0.0233073
1 0.326562 0.0384549 0.0125 0.0151042
0 0.661719 0.113889 0.0171875 0.0381944
1 0.651563 0.18125 0.0109375 0.0243056
1 0.994531 0.660069 0.009375 0.0125
1 0.392188 0.119097 0.00625 0.0208333
0 0.652734 0.180556 0.00859375 0.0236111
0 0.664844 0.108854 0.0234375 0.0496528
0 0.661719 0.118924 0.015625 0.0284722
1 0.121875 0.520833 0.0113281 0.0138889
1 0.610937 0.221181 0.0078125 0.0236111
1 0.654297 0.18125 0.0117188 0.0243056
0 0.969531 0.0965278 0.0609375 0.193056
1 0.639844 0.175043 0.0140625 0.0297743
0 0.665625 0.115972 0.025 0.0357639
1 0.102734 0.489583 0.0117188 0.0166667
0 0.337109 0.012028 0.0117188 0.0225586
1 0.641016 0.167014 0.0101562 0.0163194
0 0.484375 0.5625 0.0523437 0.0763889
0 0.502344 0.454167 0.0492188 0.0715278
0 0.486719 0.214583 0.0359375 0.0756944
0 0.525391 0.091645 0.0335938 0.0750434
0 0.472656 0.0579861 0.034375 0.0680556
0 0.555469 0.173307 0.0375 0.0735243
0 0.461719 0.136458 0.0320312 0.0631944
0 0.082373 0.947222 0.0641602 0.1
0 0.673047 0.218924 0.0414063 0.0586806
0 0.570703 0.460417 0.0335938 0.0576389
1 0.652734 0.181597 0.00859375 0.0208333
0 0.766406 0.0586372 0.0265625 0.0599826
0 0.750781 0.104514 0.0265625 0.0451389
0 0.980469 0.152517 0.0390625 0.0772569
0 0.759375 0.0783854 0.0453125 0.0991319
1 0.00324707 0.565278 0.00610352 0.0138889
1 0.3375 0.0141005 0.0132813 0.0266602
1 0.138672 0.550347 0.0101562 0.0125
1 0.324609 0.0383789 0.0171875 0.017513
0 0.328711 0.0184896 0.0425781 0.0369792
0 0.339844 0.0124132 0.0199219 0.0236979
1 0.651563 0.18125 0.0109375 0.0243056
1 0.326758 0.0385525 0.0125 0.0150825
1 0.392188 0.119184 0.00625 0.0208333
0 0.661719 0.113802 0.0171875 0.0383681
1 0.994531 0.659722 0.009375 0.0125
0 0.664844 0.108507 0.0234375 0.0503472
0 0.652734 0.181597 0.00859375 0.0208333
1 0.121875 0.520833 0.0113281 0.0138889
1 0.340625 0.012321 0.0179687 0.0223199
1 0.610937 0.221181 0.0078125 0.0236111
1 0.654297 0.18125 0.0117188 0.0243056
1 0.639844 0.175043 0.0140625 0.0297743
1 0.10293 0.488889 0.0117188 0.0166667
0 0.665625 0.115972 0.025 0.0357639
0 0.970312 0.0965278 0.059375 0.193056
0 0.336914 0.0120605 0.0117188 0.0226671
1 0.641016 0.167057 0.0101562 0.0165799
0 0.484375 0.5625 0.0523437 0.0763889
0 0.502344 0.454167 0.0492188 0.0715278
0 0.486719 0.214583 0.0359375 0.0756944
0 0.473047 0.0579861 0.034375 0.0680556
0 0.525391 0.0916884 0.0335938 0.0749566
0 0.461719 0.136632 0.0320312 0.0631944
0 0.555469 0.173307 0.0375 0.0735243
0 0.0824219 0.947222 0.0640625 0.0972222
0 0.571094 0.460417 0.034375 0.0576389
0 0.673047 0.218924 0.0414063 0.0586806
1 0.652734 0.181597 0.00859375 0.0208333
0 0.980469 0.152431 0.0390625 0.0774306
0 0.750781 0.104514 0.0265625 0.0454861
0 0.766406 0.058431 0.0265625 0.0597005
0 0.759375 0.0783854 0.0453125 0.0991319
1 0.00324707 0.565278 0.00605469 0.0138889
1 0.337305 0.0141981 0.0128906 0.0268121
1 0.138672 0.550347 0.0101562 0.0125
1 0.324609 0.0383681 0.0171875 0.0174479
0 0.328516 0.0178385 0.0421875 0.0356771
0 0.339844 0.0125651 0.0195312 0.0239149
1 0.651563 0.18125 0.0109375 0.0243056
1 0.326562 0.038444 0.0132813 0.0152995
0 0.661719 0.113715 0.0171875 0.0385417
1 0.121973 0.520833 0.0113281 0.0138889
0 0.664844 0.108507 0.0234375 0.0503472
1 0.392188 0.119184 0.00625 0.0208333
1 0.340625 0.0124566 0.0175781 0.022526
1 0.995313 0.659722 0.009375 0.0125
0 0.652734 0.181597 0.00859375 0.0208333
1 0.654297 0.18125 0.0117188 0.0243056
1 0.610937 0.221181 0.0078125 0.0236111
1 0.640234 0.175174 0.0132813 0.0295139
1 0.103027 0.489236 0.0119141 0.0159722
0 0.666016 0.115712 0.025 0.0361111
0 0.970312 0.0965278 0.059375 0.193056
0 0.502344 0.454167 0.0492188 0.0715278
0 0.484375 0.5625 0.0523437 0.0763889
0 0.486719 0.214583 0.0359375 0.0756944
0 0.473047 0.0579861 0.034375 0.0680556
0 0.525391 0.0916884 0.0335938 0.0749566
0 0.461719 0.136632 0.0320312 0.0631944
0 0.555469 0.173264 0.0375 0.0736111
0 0.0824219 0.947222 0.0640625 0.0972222
0 0.571094 0.460417 0.034375 0.0576389
0 0.672266 0.219097 0.0429688 0.0597222
1 0.652734 0.181597 0.00859375 0.0208333
0 0.750781 0.104427 0.0265625 0.0454861
0 0.980469 0.152257 0.0390625 0.0777778
0 0.766406 0.0584201 0.0265625 0.0597222
0 0.759375 0.0783854 0.0453125 0.0991319
1 0.3375 0.0142307 0.0132813 0.0270074
1 0.138672 0.550694 0.0101562 0.0125
1 0.00327148 0.565278 0.00610352 0.0138889
1 0.324805 0.0383572 0.0171875 0.0173828
0 0.328516 0.0174045 0.0421875 0.034809
0 0.339844 0.0126302 0.0195312 0.0241319
1 0.651563 0.18125 0.0109375 0.0243056
0 0.661719 0.113715 0.0171875 0.0385417
1 0.326367 0.0384549 0.0132813 0.0153646
1 0.121875 0.520833 0.0113281 0.0138889
1 0.340625 0.0125434 0.0175781 0.0226128
0 0.664844 0.10816 0.0234375 0.0510417
1 0.103125 0.489236 0.0119141 0.0159722
1 0.392188 0.119271 0.00625 0.0208333
1 0.995313 0.659722 0.009375 0.0125
0 0.666016 0.115712 0.025 0.0361111
1 0.610937 0.221181 0.0078125 0.0236111
0 0.969922 0.0966146 0.0601562 0.193229
1 0.654297 0.18125 0.0117188 0.0243056
0 0.652734 0.181597 0.00859375 0.0208333
1 0.335156 0.0161241 0.021875 0.0319878
1 0.640625 0.175174 0.0140625 0.0295139
0 0.660547 0.118576 0.0132813 0.0260417
0 0.502344 0.454167 0.0492188 0.0715278
0 0.484375 0.5625 0.0523437 0.0763889
0 0.486719 0.214583 0.0359375 0.0763889
0 0.473437 0.0579861 0.034375 0.0680556
0 0.525391 0.0916667 0.0335938 0.075
0 0.461719 0.136632 0.0320312 0.0631944
0 0.555469 0.173264 0.0375 0.0736111
0 0.0824707 0.947222 0.0641602 0.0972222
0 0.571094 0.460417 0.034375 0.0576389
0 0.672266 0.219097 0.0429688 0.0597222
1 0.652344 0.181597 0.0078125 0.0208333
0 0.750781 0.104514 0.0265625 0.0454861
0 0.767187 0.0572808 0.0265625 0.057487
0 0.980469 0.152083 0.0390625 0.078125
1 0.652344 0.184028 0.009375 0.025
1 0.138672 0.550694 0.00996094 0.0125
1 0.3375 0.0143717 0.0132813 0.0273329
1 0.00327148 0.565278 0.00610352 0.0138889
0 0.759375 0.0783854 0.0453125 0.0991319
1 0.325 0.0383789 0.0171875 0.0171658
1 0.651563 0.18125 0.0109375 0.0243056
1 0.326562 0.0385417 0.0132813 0.015191
0 0.339844 0.0126356 0.0195312 0.0241211
0 0.661719 0.113715 0.0171875 0.0387153
0 0.328906 0.0168837 0.0410156 0.0337674
1 0.34082 0.0126736 0.0167969 0.0223524
1 0.121875 0.520833 0.0113281 0.0138889
0 0.664844 0.107986 0.0234375 0.0513889
1 0.610937 0.221181 0.0078125 0.0243056
0 0.665625 0.115799 0.025 0.0361111
1 0.0396973 0.303819 0.0119141 0.0149306
1 0.654297 0.18125 0.0117188 0.0243056
1 0.103125 0.489236 0.0117188 0.0159722
0 0.969922 0.0966146 0.0601562 0.193229
0 0.652344 0.181597 0.0078125 0.0208333
1 0.995313 0.659722 0.009375 0.0125
1 0.392188 0.119271 0.00625 0.0208333
1 0.640625 0.175174 0.0140625 0.0295139
0 0.502344 0.454167 0.0492188 0.0715278
0 0.484375 0.5625 0.0523437 0.0763889
0 0.486719 0.214583 0.0359375 0.0756944
0 0.473437 0.057997 0.034375 0.0680339
0 0.525391 0.0916667 0.0335938 0.075
0 0.461719 0.136632 0.0320312 0.0631944
0 0.555859 0.173264 0.0375 0.0736111
0 0.0824707 0.947222 0.0641602 0.0972222
0 0.673047 0.219097 0.0414063 0.0590278
0 0.571094 0.460417 0.034375 0.0583333
1 0.652344 0.181597 0.0078125 0.0208333
0 0.750781 0.104427 0.0265625 0.0456597
0 0.980469 0.152083 0.0390625 0.0784722
0 0.767187 0.0570421 0.0265625 0.0570964
1 0.652344 0.184028 0.009375 0.025
1 0.138672 0.550694 0.00996094 0.0125
1 0.00325928 0.565278 0.0060791 0.0138889
1 0.3375 0.0144477 0.0132813 0.027181
1 0.336719 0.0115451 0.0113281 0.0215278
0 0.759375 0.0783854 0.0453125 0.0991319
1 0.651563 0.18125 0.0109375 0.0243056
1 0.324805 0.0383572 0.0171875 0.0170356
0 0.661719 0.113542 0.0171875 0.0388889
1 0.326562 0.0385417 0.0132813 0.015191
1 0.341016 0.0126519 0.0164062 0.0217448
0 0.328516 0.0197103 0.0429688 0.0368815
0 0.339844 0.0125488 0.0195312 0.0237739
1 0.0397339 0.303819 0.0119385 0.0149306
1 0.121973 0.520833 0.0115234 0.0138889
0 0.664453 0.10816 0.0226563 0.0510417
1 0.654297 0.18125 0.0117188 0.0243056
1 0.610937 0.221181 0.0078125 0.0243056
0 0.665625 0.115799 0.025 0.0361111
1 0.640625 0.175 0.0140625 0.0295139
0 0.652344 0.181597 0.0078125 0.0208333
1 0.995313 0.659722 0.009375 0.0125
0 0.502344 0.454167 0.0484375 0.0715278
0 0.484375 0.5625 0.0523437 0.0763889
0 0.486719 0.214583 0.0359375 0.0760417
0 0.473437 0.0580621 0.034375 0.0680773
0 0.525391 0.0916667 0.0335938 0.075
0 0.461719 0.136632 0.0320312 0.0631944
0 0.555859 0.173264 0.0375 0.0736111
0 0.0825195 0.947222 0.0640625 0.0972222
0 0.672656 0.219097 0.040625 0.059375
0 0.570703 0.460069 0.0335938 0.0576389
1 0.652734 0.181597 0.00859375 0.0208333
0 0.767187 0.0568685 0.0265625 0.0567491
0 0.750781 0.104514 0.0265625 0.0456597
0 0.980469 0.152083 0.0390625 0.078125
1 0.00322266 0.565278 0.00600586 0.0138889
1 0.138672 0.550694 0.00976562 0.0125
1 0.336719 0.0113227 0.0113281 0.0208442
1 0.3375 0.0144314 0.0132813 0.0270399
1 0.651563 0.181424 0.0109375 0.0239583
0 0.759375 0.0783854 0.0453125 0.0989583
1 0.324805 0.0384549 0.0171875 0.0169271
1 0.0395996 0.303472 0.0125977 0.0152778
0 0.661719 0.116493 0.015625 0.0319444
0 0.328516 0.0195367 0.0429688 0.0364475
1 0.341016 0.0125 0.0164062 0.0215278
0 0.339844 0.0124566 0.0195312 0.0234375
1 0.326953 0.0386285 0.0125 0.0149306
0 0.664062 0.113889 0.021875 0.0378472
1 0.654297 0.18125 0.0117188 0.0243056
1 0.121973 0.520833 0.0115234 0.0138889
1 0.640625 0.175174 0.0132813 0.0295139
1 0.610937 0.221007 0.0078125 0.0243056
1 0.336719 0.0162109 0.0164062 0.0312934
1 0.995313 0.659722 0.009375 0.0125
0 0.502344 0.454167 0.0484375 0.0715278
0 0.486719 0.214583 0.0359375 0.0763889
0 0.484375 0.5625 0.0523437 0.0763889
0 0.473437 0.0580621 0.034375 0.0680773
0 0.525391 0.0916667 0.0335938 0.075
0 0.461719 0.136458 0.0320312 0.0631944
0 0.555859 0.173264 0.0375 0.0736111
0 0.0824707 0.947222 0.0639648 0.0972222
0 0.672656 0.218924 0.040625 0.0586806
0 0.570703 0.460417 0.0335938 0.0576389
1 0.652734 0.181597 0.00859375 0.0208333
0 0.750781 0.10434 0.0265625 0.0456597
0 0.980469 0.152083 0.0390625 0.0784722
0 0.767187 0.0568142 0.0265625 0.0565104
1 0.00324707 0.565278 0.00595703 0.0138889
1 0.336719 0.0113336 0.0113281 0.0208225
1 0.138672 0.550694 0.00976562 0.0125
1 0.337695 0.0144151 0.0136719 0.0268121
1 0.651563 0.181424 0.0109375 0.0239583
1 0.0396484 0.303472 0.0126953 0.0152778
0 0.661719 0.116146 0.0164062 0.0326389
0 0.759375 0.0783854 0.0453125 0.0987847
1 0.325 0.0384549 0.0167969 0.0167535
0 0.339844 0.012462 0.0195312 0.023253
0 0.328516 0.0196832 0.0429688 0.0366753
0 0.664062 0.113542 0.021875 0.0385417
1 0.340625 0.0124132 0.0171875 0.0215712
1 0.327148 0.0387261 0.0121094 0.0147352
1 0.654297 0.18125 0.0117188 0.0243056
1 0.610937 0.221007 0.0078125 0.0243056
1 0.640625 0.175347 0.0132813 0.0295139
1 0.12207 0.520833 0.0113281 0.0138889
1 0.995313 0.659722 0.009375 0.0125
0 0.502344 0.454167 0.0484375 0.0715278
0 0.484375 0.5625 0.0523437 0.0763889
0 0.486719 0.214583 0.0359375 0.0763889
0 0.525391 0.0916667 0.0335938 0.0751736
0 0.473437 0.0580295 0.034375 0.0681424
0 0.461719 0.136458 0.0320312 0.0631944
0 0.555859 0.17322 0.0375 0.0736979
0 0.0824707 0.947222 0.0639648 0.0972222
0 0.672656 0.219097 0.0421875 0.059375
0 0.570703 0.460417 0.0335938 0.0576389
1 0.652734 0.181771 0.00859375 0.0211806
0 0.980469 0.15191 0.0390625 0.0788194
0 0.750391 0.10434 0.0273438 0.0458333
0 0.767187 0.0566949 0.0265625 0.0564019
1 0.00322266 0.565278 0.00595703 0.0138889
1 0.138672 0.550694 0.00976562 0.0125
1 0.336914 0.0114149 0.0117188 0.0209201
1 0.337891 0.0143717 0.0140625 0.0267253
1 0.0396484 0.303472 0.012793 0.015625
0 0.661719 0.115799 0.0164062 0.0336806
0 0.339844 0.0123915 0.0195312 0.0230469
0 0.328516 0.0197266 0.0429688 0.0367622
0 0.664062 0.113194 0.021875 0.0390625
1 0.324805 0.038444 0.0167969 0.016862
1 0.654297 0.18125 0.0117188 0.0243056
0 0.759375 0.0782986 0.0453125 0.0987847
1 0.34043 0.012283 0.0175781 0.021658
1 0.610937 0.221007 0.0078125 0.0246528
1 0.640625 0.175391 0.0140625 0.0297743
1 0.327344 0.0387044 0.0117188 0.014605
1 0.103223 0.488889 0.0115234 0.0152778
1 0.12207 0.520833 0.0113281 0.0138889
1 0.110156 0.149306 0.00507812 0.00972222
0 0.502344 0.454167 0.0492188 0.0715278
0 0.484375 0.5625 0.0523437 0.0763889
0 0.486719 0.214583 0.0359375 0.0763889
0 0.461719 0.136545 0.0320312 0.0630208
0 0.525391 0.0916667 0.0335938 0.0751736
0 0.473437 0.0580295 0.034375 0.0681424
0 0.555859 0.17322 0.0375 0.0736979
0 0.0824707 0.947222 0.0639648 0.0972222
0 0.672656 0.219097 0.0414063 0.0590278
0 0.570312 0.460417 0.0328125 0.0576389
1 0.652734 0.181771 0.00859375 0.0211806
0 0.980469 0.151736 0.0390625 0.0791667
0 0.750781 0.10434 0.028125 0.0458333
0 0.767187 0.0566406 0.0257812 0.0561632
1 0.00319824 0.564931 0.00585938 0.0131944
1 0.651563 0.181424 0.0109375 0.0239583
1 0.138672 0.550694 0.00976562 0.0125
1 0.337109 0.0115072 0.0121094 0.0210829
1 0.338086 0.0142849 0.0144531 0.0266385
1 0.0396484 0.303472 0.012793 0.0159722
0 0.661719 0.115451 0.0171875 0.034375
1 0.0034668 0.566667 0.00678711 0.0166667
0 0.328516 0.0196615 0.0429688 0.0366319
0 0.339844 0.012283 0.0195312 0.0227865
0 0.664062 0.11276 0.021875 0.0399306
1 0.654297 0.18125 0.0117188 0.025
1 0.325 0.0384657 0.0164062 0.0168186
1 0.610937 0.221007 0.0078125 0.0246528
1 0.110156 0.149219 0.00507812 0.00972222
1 0.640625 0.175694 0.0140625 0.0295139
1 0.340234 0.0121745 0.0179687 0.021658
0 0.759375 0.0783854 0.0460938 0.0986111
0 0.502344 0.454167 0.0492188 0.0715278
0 0.484375 0.5625 0.0523437 0.0763889
0 0.486719 0.214757 0.0359375 0.0760417
0 0.525391 0.0916667 0.0335938 0.0751736
0 0.473437 0.0579753 0.034375 0.0680773
0 0.461719 0.136545 0.0320312 0.0630208
0 0.555859 0.17322 0.0375 0.0736979
0 0.0824219 0.947222 0.0640625 0.0972222
0 0.672656 0.219097 0.0414063 0.0590278
0 0.571094 0.460417 0.0328125 0.0569444
1 0.652734 0.181597 0.00859375 0.0215278
0 0.980469 0.151649 0.0390625 0.0793403
0 0.750781 0.104427 0.028125 0.0456597
0 0.766797 0.0577691 0.0265625 0.0582465
1 0.00319824 0.565278 0.00585938 0.0125
1 0.337109 0.0113498 0.0117188 0.0209201
0 0.662109 0.115278 0.0171875 0.034375
1 0.138672 0.550694 0.00976562 0.0125
0 0.328516 0.0199002 0.04375 0.0371962
1 0.0395996 0.303472 0.012793 0.0159722
1 0.338281 0.0142144 0.0148437 0.0266059
1 0.0034668 0.566667 0.0067627 0.0166667
0 0.339844 0.0122016 0.0195312 0.0227322
0 0.664062 0.112587 0.021875 0.0401042
1 0.654688 0.181076 0.0109375 0.025
1 0.110156 0.149132 0.00507812 0.00972222
1 0.654688 0.177821 0.0125 0.0290799
1 0.325 0.0384549 0.0164062 0.0165799
1 0.610937 0.220833 0.0078125 0.025
1 0.641406 0.175868 0.0125 0.0295139
0 0.502344 0.454167 0.0492188 0.0715278
0 0.484375 0.5625 0.0523437 0.0763889
0 0.486719 0.214757 0.0359375 0.0760417
0 0.525391 0.0916667 0.0335938 0.0751736
0 0.473047 0.0579753 0.0335938 0.0680773
0 0.461719 0.136545 0.0320312 0.0630208
0 0.555859 0.17322 0.0375 0.0736979
0 0.0824707 0.947222 0.0639648 0.0972222
0 0.671875 0.219097 0.0429688 0.0597222
0 0.571094 0.460417 0.0328125 0.0569444
1 0.652734 0.181771 0.00859375 0.0211806
0 0.980469 0.151649 0.0390625 0.0793403
0 0.750781 0.104427 0.028125 0.0456597
0 0.766797 0.0577691 0.0265625 0.0582465
1 0.651563 0.181424 0.0109375 0.0239583
1 0.00319824 0.565278 0.00581055 0.0125
0 0.6625 0.115191 0.0171875 0.0347222
1 0.337109 0.0114529 0.0125 0.0212782
0 0.339844 0.0121094 0.0195312 0.0226563
0 0.328516 0.0200521 0.0433594 0.0377604
1 0.338281 0.0141005 0.0148437 0.0265734
1 0.00345459 0.566667 0.0067627 0.0166667
0 0.664062 0.112326 0.021875 0.0402778
1 0.138672 0.550694 0.00976562 0.0125
1 0.0395996 0.303472 0.012793 0.0159722
1 0.654688 0.18125 0.0109375 0.025
1 0.654688 0.177778 0.0125 0.0288194
1 0.110059 0.149132 0.00507812 0.00972222
1 0.325781 0.0385851 0.0148437 0.0162326
1 0.610937 0.220833 0.0078125 0.025
0 0.667188 0.110851 0.028125 0.0456597
0 0.502344 0.454167 0.0492188 0.0715278
0 0.484375 0.562153 0.0523437 0.0770833
0 0.486719 0.214583 0.0359375 0.0763889
0 0.525391 0.0915799 0.0335938 0.0753472
0 0.473047 0.0579861 0.0335938 0.0680556
0 0.461719 0.136545 0.0320312 0.0630208
0 0.555859 0.17322 0.0375 0.0736979
0 0.0825195 0.947222 0.0640625 0.0972222
0 0.672656 0.219097 0.040625 0.0590278
0 0.571094 0.460417 0.0328125 0.0569444
1 0.652734 0.181771 0.00859375 0.0211806
0 0.980469 0.151215 0.0390625 0.0802083
1 0.00318604 0.564931 0.00578613 0.0125
0 0.766797 0.0576389 0.0265625 0.0579861
0 0.750781 0.104427 0.028125 0.0458333
0 0.6625 0.115278 0.0171875 0.0347222
0 0.339844 0.0119358 0.0195312 0.0223958
0 0.328516 0.0198134 0.04375 0.0374566
1 0.337305 0.0112793 0.0125 0.0210178
1 0.00344238 0.566667 0.00673828 0.0166667
0 0.664062 0.11224 0.021875 0.0404514
1 0.338281 0.0139377 0.0148437 0.0264648
1 0.13877 0.550347 0.00996094 0.0131944
1 0.654688 0.18125 0.0109375 0.025
1 0.654688 0.178082 0.0125 0.028559
1 0.610937 0.220833 0.0078125 0.025
1 0.0395996 0.303472 0.012793 0.0159722
0 0.667188 0.110764 0.028125 0.0458333
0 0.502344 0.454167 0.0492188 0.0715278
0 0.484375 0.562153 0.0523437 0.0770833
0 0.486719 0.214757 0.0359375 0.0760417
0 0.525391 0.0915799 0.0335938 0.0753472
0 0.473437 0.0579753 0.034375 0.0679036
0 0.461719 0.136458 0.0320312 0.0628472
0 0.555859 0.17322 0.0375 0.0736979
0 0.0825195 0.947222 0.0640625 0.0972222
0 0.672656 0.21875 0.0414063 0.0590278
0 0.571094 0.460417 0.0328125 0.0569444
1 0.652734 0.181771 0.00859375 0.0211806
1 0.00316162 0.564931 0.0057373 0.0125
1 0.651563 0.181424 0.0109375 0.0239583
0 0.979688 0.151215 0.040625 0.0802083
0 0.766797 0.0574653 0.0265625 0.0576389
0 0.750781 0.104427 0.028125 0.0458333
0 0.6625 0.115278 0.0179687 0.0347222
0 0.339844 0.0117188 0.0195312 0.0220486
0 0.328516 0.0200521 0.04375 0.0380208
1 0.00341797 0.566667 0.00666504 0.0152778
0 0.664062 0.112066 0.021875 0.0407986
1 0.337305 0.0109049 0.0125 0.0203776
1 0.654688 0.18125 0.0109375 0.025
1 0.338672 0.0137099 0.015625 0.0261393
1 0.13877 0.550347 0.00996094 0.0131944
1 0.654688 0.178125 0.0125 0.0284722
0 0.667188 0.11059 0.028125 0.0461806
1 0.610937 0.220833 0.0078125 0.025
0 0.502344 0.454167 0.0492188 0.0715278
0 0.484375 0.562153 0.0523437 0.0770833
0 0.486719 0.214757 0.0359375 0.0760417
0 0.525391 0.0915799 0.0335938 0.0753472
0 0.473437 0.0579427 0.034375 0.0679687
0 0.461719 0.136458 0.0320312 0.0628472
0 0.555859 0.17322 0.0375 0.0736979
0 0.0825195 0.947222 0.0640625 0.0972222
0 0.672656 0.21875 0.0421875 0.0586806
0 0.571094 0.460417 0.0328125 0.0569444
1 0.652734 0.181771 0.00859375 0.0211806
1 0.00313721 0.564931 0.00568848 0.0125
1 0.651563 0.181424 0.0109375 0.0239583
0 0.979688 0.151042 0.040625 0.0805556
0 0.767187 0.0573025 0.0265625 0.05727
0 0.6625 0.115278 0.0179687 0.034375
0 0.750781 0.104427 0.028125 0.0458333
0 0.328516 0.020204 0.04375 0.0385851
1 0.00339355 0.566667 0.00664063 0.0152778
0 0.339844 0.0115234 0.0195312 0.0218316
0 0.664453 0.111979 0.021875 0.0409722
1 0.337109 0.0105469 0.0125 0.0198785
0 0.665234 0.106424 0.0242187 0.0538194
1 0.654688 0.18125 0.0109375 0.025
1 0.338672 0.0135417 0.015625 0.0260417
1 0.654688 0.178125 0.0125 0.0284722
1 0.13877 0.550347 0.00996094 0.0131944
1 0.610937 0.220833 0.0078125 0.025
0 0.502344 0.454167 0.0492188 0.0708333
0 0.484375 0.562153 0.0523437 0.0770833
0 0.486719 0.214757 0.0359375 0.0760417
0 0.525391 0.0915799 0.0335938 0.0753472
0 0.473437 0.0579427 0.034375 0.0679687
0 0.461719 0.136458 0.0320312 0.0628472
0 0.555859 0.17322 0.0375 0.0736979
0 0.0825195 0.947222 0.0640625 0.0972222
0 0.672656 0.21875 0.0414063 0.0586806
0 0.571094 0.460417 0.0328125 0.0569444
1 0.652734 0.181771 0.00859375 0.0211806
1 0.003125 0.564931 0.00566406 0.0125
1 0.651563 0.181424 0.0109375 0.0239583
0 0.979688 0.151042 0.040625 0.0805556
0 0.767187 0.0573025 0.0265625 0.05727
0 0.6625 0.115278 0.0179687 0.034375
0 0.750781 0.104427 0.028125 0.0458333
0 0.328516 0.0201823 0.04375 0.0385417
1 0.00339355 0.566667 0.00664063 0.0152778
0 0.339844 0.0115072 0.0195312 0.0218641
0 0.664453 0.111979 0.021875 0.0409722
1 0.337305 0.0105577 0.0125 0.0199002
0 0.665234 0.106424 0.0242187 0.0538194
1 0.654688 0.18125 0.0109375 0.025
1 0.338672 0.0135417 0.015625 0.0260417
1 0.654688 0.178125 0.0125 0.0284722
1 0.13877 0.550347 0.00996094 0.0131944
1 0.610937 0.220833 0.0078125 0.025
