3 0.596484 0.444444 0.06875 0.106944
1 0.352734 0.299826 0.0113281 0.0361111
0 0.162305 0.747917 0.0664062 0.0875
1 0.125391 0.214236 0.0175781 0.0277778
0 0.198828 0.751389 0.141797 0.0916667
0 0.0886719 0.547222 0.159766 0.128472
1 0.12627 0.210764 0.0130859 0.0208333
0 0.352539 0.299826 0.0109375 0.0357639
1 0.000317383 0.0205729 0.000634766 0.0342882
1 0.319922 0.545833 0.0117188 0.0166667
3 0.596875 0.444444 0.06875 0.106944
1 0.352734 0.299653 0.0113281 0.0361111
0 0.162012 0.748611 0.0697266 0.0888889
0 0.11543 0.717361 0.162891 0.158333
1 0.432813 0.0180773 0.00546875 0.00976562
1 0.442578 0.0245226 0.00546875 0.00980903
1 0.892187 0.502778 0.0125 0.0194444
0 0.596484 0.444444 0.06875 0.106944
1 0.125977 0.213889 0.0179687 0.0270833
3 0.596875 0.430208 0.025 0.0472222
1 0.890625 0.498611 0.009375 0.0111111
3 0.596875 0.444444 0.06875 0.107639
1 0.352734 0.299653 0.0109375 0.0361111
0 0.162305 0.747917 0.0683594 0.0888889
1 0.89375 0.505556 0.0125 0.0152778
1 0.892187 0.503819 0.0125 0.01875
1 0.175391 0.779167 0.0105469 0.0194444
3 0.596875 0.444444 0.0679687 0.106944
1 0.352539 0.299653 0.0113281 0.0361111
0 0.162012 0.747222 0.0681641 0.0861111
1 0.175391 0.779167 0.0105469 0.0194444
1 0.432031 0.0186632 0.0046875 0.0078559
0 0.0838867 0.565972 0.166406 0.102778
0 0.0852539 0.5375 0.164258 0.158333
0 0.352734 0.299653 0.0113281 0.0364583
1 0.892187 0.504514 0.0125 0.0173611
0 0.083252 0.583333 0.164746 0.0666667
1 0.76875 0.657292 0.01875 0.0277778
1 0.441797 0.0260417 0.0046875 0.00763889
3 0.596094 0.444444 0.0679687 0.106944
1 0.352734 0.299653 0.0109375 0.0361111
0 0.16123 0.747917 0.0681641 0.0875
1 0.432031 0.0190104 0.0046875 0.00763889
0 0.0841797 0.555556 0.165039 0.122222
1 0.175586 0.779167 0.0105469 0.0194444
1 0.769531 0.656944 0.0203125 0.0277778
1 0.892187 0.503819 0.0125 0.0180556
0 0.352734 0.299653 0.0113281 0.0361111
1 0.442187 0.0259549 0.0046875 0.00807292
3 0.596875 0.444444 0.06875 0.106944
1 0.352734 0.299653 0.0109375 0.0361111
1 0.432813 0.0191189 0.0046875 0.00742187
0 0.0838867 0.559375 0.164258 0.115972
1 0.442187 0.0257378 0.0046875 0.00763889
1 0.175684 0.779861 0.0119141 0.0208333
1 0.769531 0.656597 0.0203125 0.0277778
0 0.154297 0.747222 0.0824219 0.0888889
1 0.125488 0.21441 0.0175781 0.0274306
0 0.352734 0.299826 0.0113281 0.0364583
1 0.312891 0.644444 0.0109375 0.0173611
0 0.0976562 0.734896 0.195312 0.135764
1 0.442578 0.0244792 0.0046875 0.00789931
0 0.241797 0.927778 0.0128906 0.0138889
1 0.320508 0.546528 0.0105469 0.0145833
1 0.432031 0.0193576 0.0046875 0.00789931
3 0.596875 0.444444 0.06875 0.106944
1 0.352734 0.299653 0.0109375 0.0361111
1 0.432813 0.0189887 0.0046875 0.00750868
1 0.442187 0.0257812 0.0046875 0.00763889
1 0.175781 0.779167 0.0117188 0.0194444
1 0.769531 0.656597 0.0203125 0.0277778
1 0.125586 0.214583 0.0175781 0.0277778
1 0.432031 0.0193576 0.0046875 0.00807292
0 0.352734 0.299653 0.0113281 0.0361111
0 0.157617 0.747222 0.0757812 0.0888889
1 0.267578 0.893056 0.0078125 0.0111111
1 0.370898 0.291667 0.0078125 0.0194444
1 0.3125 0.645139 0.0109375 0.0166667
0 0.241797 0.927778 0.0125 0.0138889
3 0.596875 0.444444 0.06875 0.106944
1 0.352734 0.299653 0.0109375 0.0361111
1 0.432813 0.0190104 0.0046875 0.00746528
1 0.442187 0.0258247 0.0046875 0.00755208
1 0.175586 0.779167 0.0115234 0.0194444
1 0.432031 0.0192491 0.0046875 0.00820312
0 0.158105 0.747222 0.0751953 0.0888889
1 0.267773 0.893056 0.0078125 0.0111111
0 0.352734 0.299653 0.0109375 0.0361111
1 0.125488 0.214583 0.0175781 0.0277778
1 0.769141 0.656944 0.0195312 0.0277778
1 0.370703 0.29184 0.0078125 0.0197917
1 0.3125 0.644792 0.0109375 0.0166667
3 0.596875 0.444792 0.06875 0.106944
1 0.352734 0.299653 0.0109375 0.0361111
1 0.432813 0.0190321 0.0046875 0.00742187
1 0.442187 0.0258464 0.0046875 0.00750868
0 0.157617 0.747917 0.0765625 0.0888889
1 0.175488 0.779167 0.0107422 0.0194444
1 0.432031 0.0191623 0.0046875 0.00837674
1 0.442187 0.0246094 0.00546875 0.00833333
1 0.125586 0.214583 0.0175781 0.0277778
1 0.267773 0.893056 0.0078125 0.0111111
1 0.321484 0.883333 0.00546875 0.00833333
1 0.370508 0.291667 0.00820312 0.0201389
3 0.596875 0.444792 0.06875 0.106944
1 0.352734 0.299653 0.0109375 0.0361111
1 0.432813 0.0190104 0.0046875 0.00737847
1 0.442187 0.0257378 0.0046875 0.00729167
0 0.158594 0.747222 0.0738281 0.0888889
1 0.125586 0.21441 0.0175781 0.0274306
1 0.175488 0.779167 0.0107422 0.0194444
1 0.432031 0.0191406 0.0046875 0.00833333
1 0.442187 0.024566 0.00546875 0.00850694
3 0.596875 0.444792 0.0679687 0.106944
1 0.352734 0.299653 0.0109375 0.0361111
1 0.432813 0.0190104 0.0046875 0.00737847
1 0.442187 0.0256944 0.0046875 0.00729167
0 0.158398 0.747222 0.0742188 0.0888889
1 0.125586 0.214236 0.0173828 0.0274306
1 0.175488 0.779167 0.0113281 0.0194444
1 0.442187 0.024566 0.00546875 0.00842014
1 0.432031 0.0191623 0.0046875 0.00828993
3 0.596875 0.444792 0.06875 0.106944
1 0.352734 0.299653 0.0109375 0.0361111
1 0.432813 0.0190104 0.0046875 0.00733507
1 0.442187 0.0256293 0.0046875 0.00729167
0 0.158008 0.747222 0.075 0.0888889
1 0.175391 0.779167 0.0105469 0.0194444
1 0.125586 0.214236 0.0173828 0.0270833
1 0.442187 0.024566 0.00546875 0.00842014
1 0.432031 0.0192708 0.0046875 0.00815972
3 0.596875 0.444792 0.06875 0.106944
1 0.352734 0.299653 0.0109375 0.0361111
1 0.432813 0.018967 0.0046875 0.00720486
1 0.442187 0.0255642 0.0046875 0.00720486
0 0.15791 0.747222 0.0755859 0.0888889
1 0.175391 0.779167 0.0105469 0.0194444
1 0.432031 0.0193576 0.0046875 0.00807292
1 0.442187 0.0246311 0.00546875 0.00837674
1 0.125488 0.214236 0.0173828 0.0274306
3 0.596875 0.444792 0.06875 0.106944
1 0.352734 0.299653 0.0109375 0.0361111
1 0.432813 0.018967 0.0046875 0.00729167
1 0.442187 0.0255425 0.0046875 0.00733507
0 0.158301 0.747222 0.0748047 0.0888889
1 0.432031 0.0193576 0.0046875 0.00807292
1 0.175391 0.779167 0.0113281 0.0194444
1 0.442187 0.0246528 0.00546875 0.00850694
1 0.125488 0.214931 0.0173828 0.0291667
3 0.596875 0.444792 0.06875 0.106944
1 0.352734 0.299653 0.0109375 0.0361111
1 0.432813 0.0190104 0.0046875 0.00746528
1 0.442187 0.0255208 0.0046875 0.00746528
0 0.159277 0.747222 0.0728516 0.0888889
1 0.175488 0.779167 0.0111328 0.0194444
1 0.442187 0.0246528 0.00546875 0.00859375
1 0.432031 0.0193576 0.0046875 0.00824653
1 0.125391 0.214931 0.0171875 0.0291667
1 0.371094 0.290278 0.00703125 0.0166667
3 0.596875 0.444792 0.06875 0.106944
1 0.352734 0.299653 0.0109375 0.0361111
1 0.432813 0.0190538 0.0046875 0.00755208
1 0.442187 0.0255208 0.0046875 0.00755208
0 0.160059 0.747222 0.0716797 0.0888889
1 0.175391 0.779167 0.0109375 0.0194444
1 0.125391 0.215104 0.0171875 0.0291667
1 0.442187 0.0246528 0.00546875 0.00868056
1 0.432031 0.0193793 0.0046875 0.00837674
1 0.371094 0.290278 0.00742187 0.0159722
3 0.596875 0.444792 0.06875 0.106944
1 0.352734 0.299653 0.0109375 0.0361111
1 0.432813 0.0190755 0.0046875 0.00763889
1 0.442187 0.0255642 0.0046875 0.00755208
0 0.160254 0.747222 0.0712891 0.0888889
1 0.175488 0.779167 0.0109375 0.0194444
1 0.125391 0.215104 0.0171875 0.0291667
3 0.596875 0.444792 0.06875 0.106944
1 0.352734 0.299653 0.0109375 0.0361111
1 0.432813 0.0190972 0.0046875 0.0078125
0 0.160742 0.747222 0.0703125 0.0888889
1 0.175488 0.779167 0.0109375 0.0194444
1 0.442187 0.0256076 0.0046875 0.00755208
1 0.125391 0.214931 0.0171875 0.0291667
3 0.596875 0.444792 0.06875 0.106944
1 0.352734 0.299653 0.0109375 0.0361111
0 0.160742 0.747222 0.0699219 0.0888889
1 0.432813 0.0190972 0.0046875 0.00798611
1 0.175488 0.779167 0.0109375 0.0194444
1 0.442187 0.025651 0.0046875 0.00772569
1 0.125391 0.214931 0.0171875 0.0288194
3 0.596875 0.444792 0.06875 0.106944
1 0.352734 0.299653 0.0109375 0.0361111
0 0.160742 0.747222 0.0699219 0.0888889
1 0.432813 0.0190972 0.0046875 0.00807292
1 0.175488 0.779167 0.0109375 0.0194444
1 0.442187 0.0256727 0.0046875 0.0077691
3 0.596875 0.444792 0.06875 0.106944
1 0.352734 0.299653 0.0109375 0.0361111
0 0.160742 0.747222 0.0699219 0.0888889
1 0.432813 0.0190972 0.0046875 0.00815972
1 0.175391 0.779167 0.0101562 0.0194444
1 0.442187 0.0256944 0.0046875 0.0078125
3 0.596875 0.444792 0.06875 0.106944
1 0.352734 0.299653 0.0109375 0.0361111
0 0.160547 0.747222 0.0703125 0.0888889
1 0.432813 0.0190972 0.0046875 0.00815972
1 0.175391 0.779167 0.0103516 0.0194444
1 0.442187 0.0256944 0.0046875 0.0078125
3 0.596875 0.444792 0.06875 0.106944
1 0.352734 0.299653 0.0109375 0.0361111
1 0.432813 0.0191189 0.0046875 0.00811632
0 0.160449 0.747222 0.0705078 0.0888889
1 0.442187 0.0256944 0.0046875 0.0078125
1 0.175391 0.779167 0.0103516 0.0194444
3 0.596875 0.444792 0.06875 0.106944
1 0.352734 0.299653 0.0109375 0.0361111
1 0.432813 0.0191406 0.0046875 0.00815972
0 0.160449 0.747222 0.0708984 0.0888889
1 0.175391 0.779167 0.0103516 0.0194444
1 0.442187 0.0257378 0.0046875 0.0078125
3 0.596875 0.444792 0.06875 0.106944
1 0.352734 0.299653 0.0117188 0.0368056
1 0.175391 0.779167 0.0103516 0.0194444
0 0.160254 0.747222 0.0712891 0.0888889
1 0.432813 0.0191189 0.0046875 0.00828993
1 0.442187 0.0257595 0.0046875 0.00794271
3 0.596875 0.444792 0.06875 0.106944
1 0.352734 0.299653 0.0113281 0.0368056
1 0.175391 0.779167 0.0103516 0.0194444
0 0.160254 0.747222 0.0712891 0.0888889
1 0.432813 0.0191189 0.0046875 0.00828993
1 0.442187 0.0257595 0.0046875 0.00794271
