0 0.569922 0.550694 0.0515625 0.0944444
0 0.619922 0.470833 0.0453125 0.0791667
0 0.945312 0.0892361 0.040625 0.0657986
0 0.659375 0.392361 0.05 0.0819444
0 0.754687 0.456944 0.046875 0.0847222
0 0.394531 0.823611 0.0398437 0.119444
0 0.703906 0.311806 0.0484375 0.0881944
0 0.836719 0.077691 0.0390625 0.0625
0 0.804688 0.134462 0.0421875 0.0682292
0 0.760938 0.210764 0.04375 0.075
0 0.8 0.369531 0.046875 0.0776042
0 0.910937 0.158854 0.0390625 0.0694444
0 0.879687 0.218056 0.04375 0.0743056
0 0.716406 0.526389 0.0445312 0.0708333
0 0.624219 0.695139 0.0515625 0.0833333
0 0.573438 0.794444 0.040625 0.0944444
0 0.873438 0.0278863 0.05 0.0536024
1 0.300977 0.53125 0.0121094 0.0243056
1 0.583203 0.722222 0.00859375 0.0222222
0 0.663281 0.612153 0.040625 0.0854167
0 0.478516 0.968056 0.04375 0.0583333
0 0.55625 0.213889 0.0226563 0.0909722
0 0.331836 0.915278 0.0164062 0.05
1 0.56875 0.733333 0.009375 0.0194444
1 0.905469 0.217014 0.0125 0.0236111
1 0.26875 0.597917 0.00625 0.0166667
1 0.349609 0.776389 0.00898437 0.0166667
1 0.349219 0.820833 0.00703125 0.0111111
1 0.558984 0.898611 0.00859375 0.0194444
0 0.698438 0.820833 0.065625 0.102778
0 0.726953 0.259028 0.0164062 0.0284722
1 0.904688 0.221007 0.0125 0.0295139
1 0.264844 0.585764 0.0046875 0.0194444
0 0.619531 0.0078559 0.0265625 0.0141493
1 0.248437 0.534028 0.0046875 0.0152778
1 0.267188 0.588542 0.00859375 0.0263889
1 0.560938 0.898611 0.0125 0.025
1 0.727344 0.259028 0.015625 0.0270833
1 0.267969 0.591319 0.0101562 0.0298611
0 0.349609 0.776389 0.009375 0.0166667
0 0.70625 0.011697 0.025 0.0218316
0 0.833594 0.461111 0.025 0.0319444
0 0.43125 0.993056 0.0289063 0.0111111
1 0.584375 0.752778 0.0109375 0.0111111
0 0.905469 0.217014 0.0125 0.0236111
0 0.760938 0.0119792 0.03125 0.0207899
1 0.557813 0.898611 0.0109375 0.0222222
1 0.582812 0.755556 0.009375 0.0166667
1 0.478516 0.968056 0.0445312 0.0583333
1 0.587109 0.754167 0.0109375 0.0138889
1 0.560156 0.894444 0.0109375 0.0277778
1 0.570312 0.727778 0.0140625 0.0305556
1 0.559375 0.904167 0.0109375 0.0333333
1 0.561719 0.893056 0.015625 0.0333333
0 0.257812 0.713194 0.0460938 0.0652778
1 0.546875 0.879167 0.0109375 0.0208333
0 0.239453 0.00421007 0.0140625 0.00789931
0 0.552344 0.88125 0.0234375 0.0319444
0 0.33125 0.961111 0.01875 0.0222222
1 0.90625 0.212153 0.0125 0.0284722
1 0.683203 0.052691 0.0078125 0.0111111
0 0.301172 0.53125 0.0125 0.0236111
1 0.332031 0.914583 0.0164062 0.05
0 0.619531 0.00980903 0.0296875 0.0175781
1 0.873438 0.0280382 0.05 0.0534722
1 0.560547 0.905556 0.0148437 0.0416667
0 0.556641 0.886111 0.03125 0.0444444
0 0.622656 0.0251953 0.0375 0.0485677
1 0.573438 0.795139 0.0414063 0.0944444
0 0.724219 0.259722 0.0210938 0.0305556
0 0.560156 0.894444 0.0109375 0.0277778
0 0.292383 0.927778 0.0105469 0.025
0 0.561719 0.893056 0.015625 0.0333333
0 0.548437 0.878472 0.015625 0.0236111
0 0.725 0.261806 0.015625 0.03125
1 0.717969 0.100955 0.015625 0.0277778
0 0.291602 0.925 0.0136719 0.0305556
0 0.55 0.214931 0.0296875 0.0902778
1 0.366797 0.272917 0.00898437 0.0291667
1 0.548437 0.878472 0.015625 0.0236111
1 0.864062 0.244444 0.015625 0.025
0 0.726953 0.253819 0.0171875 0.0361111
0 0.830469 0.461806 0.025 0.0361111
0 0.26875 0.597917 0.00625 0.0166667
1 0.583203 0.727778 0.0101562 0.0291667
1 0.564062 0.898611 0.0203125 0.0347222
1 0.585547 0.722917 0.0132813 0.0236111
1 0.562891 0.897222 0.015625 0.0263889
1 0.725 0.261806 0.015625 0.03125
0 0.896875 0.00490451 0.0125 0.00750868
0 0.569922 0.550694 0.0515625 0.0944444
0 0.658594 0.392361 0.05 0.0819444
0 0.619922 0.470833 0.0453125 0.0798611
0 0.703906 0.311806 0.0484375 0.0881944
0 0.754687 0.456944 0.046875 0.0847222
0 0.760938 0.210764 0.04375 0.0746528
0 0.835938 0.0777778 0.0375 0.0619792
0 0.804688 0.134549 0.0421875 0.0677083
0 0.8 0.369444 0.046875 0.0763889
0 0.394531 0.824306 0.0398437 0.118056
0 0.945312 0.0888021 0.040625 0.0654514
0 0.878906 0.218056 0.0453125 0.0753472
0 0.910937 0.158507 0.0390625 0.0701389
0 0.624219 0.695486 0.0507812 0.0840278
0 0.716406 0.527083 0.0453125 0.0722222
0 0.874219 0.0280382 0.053125 0.0538194
0 0.572656 0.795139 0.040625 0.0930556
0 0.663672 0.611111 0.0421875 0.0881944
0 0.478516 0.968056 0.04375 0.0583333
1 0.301172 0.53125 0.0117188 0.0243056
1 0.583203 0.722222 0.00859375 0.0222222
0 0.331836 0.915278 0.0164062 0.05
0 0.555469 0.215625 0.025 0.0940972
1 0.569141 0.733333 0.009375 0.0194444
1 0.905469 0.217361 0.0125 0.025
1 0.349609 0.776389 0.00976562 0.0166667
1 0.268945 0.597917 0.00625 0.0159722
1 0.349023 0.820833 0.00703125 0.0111111
1 0.558984 0.898611 0.00859375 0.0194444
0 0.619922 0.00792101 0.0242187 0.0142361
0 0.696875 0.821528 0.065625 0.0986111
1 0.264648 0.584722 0.00507812 0.0173611
1 0.248437 0.534028 0.0046875 0.0159722
1 0.349609 0.820833 0.0078125 0.0138889
0 0.760938 0.0116753 0.03125 0.0211806
1 0.266602 0.588194 0.00859375 0.0263889
0 0.703516 0.0116102 0.0203125 0.0226997
1 0.728125 0.258507 0.0132813 0.0267361
1 0.558984 0.900694 0.009375 0.0263889
0 0.349609 0.776389 0.0101562 0.0166667
1 0.267578 0.591667 0.0109375 0.0298611
1 0.560938 0.897917 0.0125 0.0222222
0 0.558984 0.898611 0.00859375 0.0194444
0 0.727344 0.258681 0.015625 0.0288194
0 0.832812 0.460417 0.025 0.0319444
0 0.331445 0.961111 0.0179687 0.0222222
1 0.546875 0.879167 0.0117188 0.0208333
1 0.557813 0.898611 0.0109375 0.0222222
0 0.548437 0.879167 0.015625 0.0236111
0 0.551953 0.881944 0.0234375 0.0305556
0 0.723828 0.816667 0.117188 0.111111
1 0.904688 0.223438 0.0125 0.0371528
1 0.720312 0.00544705 0.009375 0.0101128
0 0.55 0.215625 0.034375 0.0951389
2 0.619922 0.00792101 0.0242187 0.0142361
0 0.609375 0.246528 0.0585938 0.0690972
1 0.683203 0.0527344 0.0078125 0.0117188
1 0.702734 0.0116374 0.01875 0.0222982
0 0.619141 0.00959201 0.028125 0.0178819
0 0.326758 0.923611 0.0230469 0.0333333
0 0.758203 0.0126085 0.0390625 0.025217
0 0.258594 0.711111 0.0457031 0.0652778
1 0.583984 0.753472 0.0109375 0.0125
0 0.429688 0.99375 0.0203125 0.0111111
1 0.569531 0.729167 0.0109375 0.0305556
0 0.905469 0.217361 0.0125 0.025
0 0.238477 0.00434028 0.0132813 0.0078776
1 0.559375 0.904167 0.0109375 0.0333333
1 0.997656 0.515278 0.0046875 0.0152778
1 0.555859 0.215278 0.025 0.09375
0 0.684375 0.71684 0.0390625 0.096875
0 0.268945 0.597917 0.00625 0.0159722
0 0.546875 0.879167 0.0117188 0.0208333
1 0.583203 0.727778 0.0101562 0.0277778
1 0.246875 0.579167 0.0117188 0.0166667
0 0.619531 0.00638021 0.025 0.0127604
1 0.585156 0.722917 0.0125 0.0236111
0 0.559375 0.904167 0.0109375 0.0333333
0 0.569141 0.733333 0.009375 0.0194444
0 0.349023 0.820833 0.00703125 0.0111111
0 0.560938 0.897917 0.0125 0.0222222
1 0.582812 0.755556 0.009375 0.0222222
0 0.432422 0.994444 0.0265625 0.0111111
0 0.698438 0.780556 0.0703125 0.180556
1 0.332031 0.915278 0.0164062 0.05
1 0.874219 0.0280382 0.053125 0.0536458
1 0.572656 0.795833 0.040625 0.0930556
1 0.864844 0.246181 0.0140625 0.025
0 0.301172 0.53125 0.0125 0.025
1 0.347656 0.820833 0.0101562 0.0138889
1 0.709375 0.00913628 0.0242187 0.0179253
1 0.867188 0.116319 0.00625 0.00815972
0 0.555859 0.885417 0.0320312 0.0430556
0 0.559375 0.89375 0.0109375 0.0291667
0 0.709375 0.00913628 0.0242187 0.0179253
0 0.331641 0.907639 0.015625 0.0458333
1 0.860937 0.245833 0.0125 0.0243056
0 0.622656 0.0212619 0.034375 0.0406359
0 0.589063 0.220486 0.0953125 0.0930556
0 0.620313 0.470833 0.0453125 0.0791667
0 0.703906 0.312153 0.0476562 0.0881944
0 0.569531 0.550694 0.0515625 0.0944444
0 0.658984 0.392361 0.05 0.0819444
0 0.760938 0.210938 0.04375 0.0746528
0 0.754297 0.45625 0.0460938 0.0847222
0 0.835938 0.0774306 0.0375 0.0614583
0 0.804688 0.134549 0.0421875 0.0677083
0 0.394434 0.823611 0.0392578 0.119444
0 0.8 0.369097 0.046875 0.0763889
0 0.878906 0.217361 0.0453125 0.075
0 0.945312 0.0886936 0.040625 0.0656684
0 0.910937 0.158247 0.040625 0.0699653
0 0.716406 0.526389 0.0453125 0.0715278
0 0.624219 0.695486 0.0515625 0.0840278
0 0.873438 0.0278212 0.053125 0.0532118
0 0.572656 0.795833 0.0398437 0.0944444
0 0.478906 0.968056 0.0429688 0.0583333
1 0.301172 0.53125 0.0117188 0.0243056
0 0.662891 0.611806 0.040625 0.0875
1 0.583203 0.722222 0.00859375 0.0222222
0 0.55625 0.215278 0.025 0.0930556
1 0.569141 0.733333 0.009375 0.0194444
0 0.332031 0.914583 0.0164062 0.05
1 0.905469 0.217708 0.0125 0.0263889
1 0.349219 0.820833 0.00703125 0.0111111
1 0.268945 0.597917 0.00585938 0.0152778
1 0.349609 0.776389 0.009375 0.0166667
1 0.558984 0.898611 0.00859375 0.0194444
0 0.705469 0.0117622 0.0234375 0.022309
1 0.248242 0.534028 0.0046875 0.0152778
1 0.727344 0.258681 0.015625 0.0277778
0 0.619531 0.00805122 0.025 0.0140191
1 0.264844 0.584028 0.0046875 0.0159722
0 0.727344 0.258333 0.015625 0.0274306
1 0.558984 0.900694 0.009375 0.0263889
0 0.349609 0.776389 0.009375 0.0166667
1 0.683203 0.0525608 0.0078125 0.0107639
1 0.410937 0.681944 0.00625 0.0152778
0 0.760156 0.011849 0.03125 0.0204861
1 0.560938 0.898611 0.0125 0.0222222
0 0.694922 0.820833 0.0726563 0.1
0 0.558984 0.898611 0.00859375 0.0194444
0 0.327734 0.918056 0.0226563 0.0472222
0 0.273438 0.95 0.0539063 0.0944444
0 0.331641 0.961111 0.0179687 0.0222222
1 0.904688 0.222917 0.0125 0.0375
1 0.266797 0.588194 0.00859375 0.025
0 0.708203 0.0128689 0.0304688 0.0253472
1 0.247266 0.579167 0.0101562 0.0152778
1 0.55625 0.215104 0.025 0.0934028
1 0.557813 0.898611 0.0109375 0.0222222
1 0.546875 0.880556 0.0117188 0.0222222
0 0.564844 0.826389 0.0242187 0.0347222
1 0.267969 0.591667 0.0101562 0.0291667
0 0.414453 0.682292 0.0140625 0.0194444
0 0.547656 0.214931 0.0335938 0.0934028
1 0.585156 0.723611 0.0125 0.025
0 0.410937 0.681944 0.00625 0.0152778
0 0.268945 0.597917 0.00585938 0.0152778
1 0.559375 0.89375 0.0109375 0.0291667
0 0.904688 0.217014 0.0125 0.0263889
1 0.704687 0.0115234 0.0226563 0.0215712
1 0.583594 0.727083 0.0109375 0.0291667
1 0.332031 0.915278 0.0164062 0.05
0 0.547656 0.879167 0.0140625 0.0222222
1 0.584375 0.752778 0.0117188 0.0125
0 0.417188 0.679167 0.0203125 0.0263889
1 0.682031 0.0533854 0.0101562 0.0138889
0 0.674219 0.133333 0.0476562 0.0913194
1 0.721094 0.00494792 0.0078125 0.00850694
0 0.566406 0.819444 0.028125 0.0472222
0 0.569141 0.733333 0.009375 0.0194444
1 0.347852 0.820833 0.00976562 0.0138889
0 0.237891 0.00405816 0.0140625 0.00755208
0 0.349219 0.820833 0.00703125 0.0111111
1 0.904688 0.212326 0.0125 0.0295139
0 0.289844 0.920833 0.0164062 0.0402778
1 0.633203 0.0611979 0.0078125 0.0151042
0 0.694531 0.7875 0.0734375 0.170833
1 0.478906 0.968056 0.04375 0.0583333
0 0.558984 0.900694 0.009375 0.0263889
0 0.583203 0.722222 0.00859375 0.0222222
1 0.94375 0.645833 0.0125 0.0152778
0 0.552344 0.882639 0.0242187 0.0319444
1 0.253906 0.895833 0.0132813 0.0194444
0 0.563672 0.21684 0.0351562 0.0940972
1 0.367578 0.271875 0.0078125 0.0305556
0 0.699219 0.0124349 0.0296875 0.0238715
1 0.569141 0.738889 0.0101562 0.0277778
1 0.946875 0.633333 0.01875 0.0388889
0 0.559375 0.89375 0.0109375 0.0291667
0 0.291797 0.927083 0.0117188 0.0263889
1 0.682813 0.0552083 0.009375 0.0170139
1 0.586719 0.752778 0.0125 0.0138889
0 0.430469 0.994444 0.0203125 0.0111111
0 0.304688 0.754167 0.00703125 0.025
1 0.559375 0.904167 0.0109375 0.0319444
0 0.834375 0.461806 0.028125 0.0347222
0 0.560938 0.898611 0.0125 0.0222222
0 0.301172 0.53125 0.0117188 0.0236111
0 0.757031 0.0127821 0.040625 0.0234375
1 0.703906 0.0701389 0.00859375 0.0185764
1 0.572266 0.795833 0.0398437 0.0944444
0 0.688281 0.576389 0.09375 0.147222
0 0.882812 0 0.0375 0
1 0.951563 0.623264 0.0125 0.0208333
1 0.561719 0.893056 0.015625 0.0333333
1 0.569531 0.727778 0.0109375 0.0305556
0 0.653906 0.625 0.021875 0.0611111
1 0.0319336 0.646528 0.0144531 0.0215278
1 0.874219 0.0277127 0.053125 0.0528212
1 0.908594 0.218229 0.0171875 0.0302083
1 0.5625 0.898611 0.015625 0.0277778
0 0.620313 0.470486 0.0453125 0.0791667
0 0.569922 0.55 0.0515625 0.0944444
0 0.754297 0.456597 0.0460938 0.0840278
0 0.703906 0.311979 0.0484375 0.0871528
0 0.658984 0.392361 0.05 0.0819444
0 0.804492 0.134375 0.0410156 0.0673611
0 0.8 0.369358 0.0453125 0.0765625
0 0.760938 0.21059 0.04375 0.075
0 0.835938 0.077474 0.0375 0.0622396
0 0.878906 0.218403 0.0453125 0.075
0 0.394531 0.824306 0.0390625 0.119444
0 0.910937 0.15816 0.040625 0.0697917
0 0.945312 0.0886936 0.040625 0.0660156
0 0.624219 0.696528 0.0515625 0.0847222
0 0.716406 0.526389 0.0453125 0.0708333
0 0.572656 0.795139 0.040625 0.0944444
0 0.874219 0.027908 0.053125 0.052691
0 0.663672 0.610764 0.0429688 0.0902778
0 0.478125 0.968056 0.0453125 0.0597222
1 0.301172 0.53125 0.0121094 0.0236111
0 0.55625 0.215278 0.0242187 0.0934028
1 0.583594 0.722222 0.009375 0.0222222
1 0.569141 0.733333 0.009375 0.0194444
0 0.332031 0.915278 0.0171875 0.05
1 0.905469 0.217361 0.0125 0.0256944
1 0.349609 0.776389 0.0101562 0.0166667
1 0.349219 0.820833 0.00703125 0.0111111
0 0.695312 0.820139 0.0710938 0.101389
1 0.268945 0.597917 0.00625 0.0152778
1 0.558984 0.898611 0.00859375 0.0194444
1 0.264844 0.582986 0.0046875 0.0138889
1 0.727344 0.258333 0.015625 0.0263889
0 0.727344 0.25816 0.015625 0.0270833
0 0.705469 0.0121039 0.0234375 0.0221463
0 0.619531 0.00818142 0.0257812 0.0145399
1 0.248242 0.533681 0.0046875 0.0159722
0 0.35 0.776389 0.0101562 0.0166667
1 0.682813 0.0527778 0.0078125 0.0116319
0 0.760156 0.0121094 0.0328125 0.0199219
1 0.266406 0.588889 0.00859375 0.0263889
1 0.560547 0.897917 0.0125 0.0236111
0 0.327539 0.918056 0.0230469 0.0472222
1 0.478125 0.968056 0.0445312 0.0583333
1 0.410937 0.682292 0.00625 0.0152778
0 0.268945 0.597917 0.00625 0.0152778
1 0.254687 0.895139 0.0148437 0.0180556
1 0.557813 0.898611 0.0109375 0.0222222
1 0.267773 0.591319 0.0105469 0.0291667
1 0.547656 0.880556 0.0125 0.025
1 0.901563 0.219444 0.0125 0.0295139
1 0.348047 0.820833 0.0101562 0.0138889
0 0.6 0.236111 0.034375 0.0486111
0 0.413672 0.682639 0.0125 0.0180556
0 0.430469 0.994444 0.0203125 0.0111111
0 0.558984 0.898611 0.00859375 0.0208333
1 0.584375 0.752778 0.0109375 0.0111111
0 0.69375 0.796528 0.075 0.15
0 0.554688 0.883333 0.028125 0.0361111
1 0.682813 0.0556424 0.009375 0.0180556
0 0.904688 0.216667 0.0125 0.0263889
0 0.557813 0.884722 0.0359375 0.0444444
0 0.549219 0.215451 0.034375 0.0947917
0 0.548437 0.879167 0.0148437 0.0236111
0 0.238281 0.00403646 0.0140625 0.00685764
1 0.25625 0.895833 0.0171875 0.0222222
0 0.602344 0.240625 0.0421875 0.0597222
1 0.905469 0.223264 0.0140625 0.0375
1 0.583594 0.727778 0.0109375 0.0305556
0 0.601953 0.228472 0.0382813 0.0555556
0 0.417578 0.679861 0.0203125 0.0263889
1 0.247656 0.579167 0.0101562 0.0145833
0 0.600391 0.216667 0.0351562 0.0673611
0 0.410937 0.682292 0.00625 0.0152778
1 0.557813 0.892361 0.0140625 0.0333333
1 0.55625 0.215278 0.0234375 0.09375
0 0.304883 0.754167 0.00742187 0.0277778
1 0.905469 0.212153 0.0125 0.0291667
1 0.562891 0.897222 0.0171875 0.0277778
0 0.557813 0.892361 0.0140625 0.0333333
1 0.721875 0.00450304 0.0078125 0.00768229
1 0.632812 0.0611111 0.00703125 0.0164931
0 0.331641 0.961111 0.0179687 0.0222222
1 0.572656 0.795833 0.040625 0.0944444
1 0.332031 0.915278 0.0167969 0.05
0 0.292578 0.926389 0.0121094 0.0291667
0 0.292188 0.920833 0.0148437 0.0416667
1 0.909375 0.217708 0.015625 0.0291667
1 0.569141 0.738889 0.0101562 0.0277778
1 0.559375 0.904167 0.0109375 0.0319444
0 0.589063 0.223438 0.0484375 0.0777778
0 0.301172 0.53125 0.0121094 0.0236111
0 0.349219 0.820833 0.00703125 0.0111111
1 0.634375 0.0632378 0.009375 0.0222222
0 0.558594 0.891667 0.025 0.0361111
0 0.598437 0.231944 0.0257812 0.0381944
1 0.71875 0.0967014 0.0132813 0.01875
0 0.267773 0.591319 0.0105469 0.0291667
0 0.589844 0.236111 0.0523437 0.0666667
0 0.414844 0.678472 0.0148437 0.0263889
0 0.415234 0.682639 0.015625 0.0236111
0 0.674219 0.133681 0.046875 0.0909722
1 0.569141 0.727778 0.0117188 0.0305556
1 0.775781 0.824306 0.0140625 0.0347222
0 0.637891 0.0655382 0.0179687 0.0276042
1 0.586719 0.752778 0.0125 0.0125
1 0.329492 0.545486 0.00820312 0.0215278
0 0.331641 0.905556 0.015625 0.0416667
1 0.704687 0.0118924 0.0234375 0.0217014
0 0.565234 0.826389 0.0242187 0.0361111
0 0.658594 0.853472 0.0359375 0.0791667
0 0.564844 0.897222 0.0234375 0.0305556
1 0.718359 0.0980035 0.0148437 0.0244792
0 0.709375 0.0150391 0.034375 0.0291233
0 0.573438 0.218576 0.05 0.0892361
1 0.703906 0.0700521 0.00859375 0.0175347
1 0.582031 0.758333 0.0109375 0.025
0 0.622656 0.0263455 0.0375 0.0509549
0 0.262891 0.898611 0.0328125 0.0333333
0 0.326562 0.925694 0.0234375 0.0347222
0 0.569141 0.733333 0.009375 0.0194444
1 0.663281 0.611458 0.0414063 0.0881944
1 0.558594 0.891667 0.025 0.0361111
0 0.594531 0.237326 0.0359375 0.0559028
0 0.552344 0.886806 0.0203125 0.0388889
1 0.585547 0.722917 0.0132813 0.025
1 0.555469 0.897917 0.0148437 0.0222222
0 0.258594 0.897222 0.0234375 0.025
0 0.724219 0.258681 0.0203125 0.0284722
0 0.560938 0.897917 0.0132813 0.0222222
1 0.867188 0.116406 0.00625 0.00920139
1 0.276563 0.689236 0.0078125 0.0180556
0 0.605078 0.213194 0.0460938 0.0715278
0 0.599219 0.247396 0.0359375 0.0642361
0 0.698438 0.0130859 0.0296875 0.0242187
1 0.873438 0.027908 0.053125 0.052691
0 0.569922 0.550347 0.0515625 0.0944444
0 0.619922 0.470486 0.0453125 0.0791667
0 0.658594 0.392361 0.05 0.0819444
0 0.703906 0.311806 0.0484375 0.0875
0 0.754297 0.456597 0.046875 0.0840278
0 0.803906 0.134462 0.0421875 0.0675347
0 0.760938 0.210764 0.04375 0.075
0 0.800195 0.369444 0.0464844 0.0770833
0 0.835938 0.077691 0.0375 0.0623264
0 0.878906 0.218403 0.0453125 0.0743056
0 0.394531 0.824306 0.0398437 0.118056
0 0.910937 0.15842 0.040625 0.0706597
0 0.624219 0.695833 0.0515625 0.0847222
0 0.945312 0.0888672 0.040625 0.0663629
0 0.716406 0.526389 0.0453125 0.0708333
0 0.573047 0.794444 0.040625 0.0944444
0 0.874219 0.027908 0.053125 0.0533854
0 0.477734 0.968056 0.0453125 0.0597222
0 0.663281 0.611111 0.0421875 0.0888889
1 0.301172 0.53125 0.0121094 0.0236111
0 0.55625 0.215104 0.0242187 0.0927083
1 0.582812 0.722222 0.009375 0.0222222
0 0.332031 0.915278 0.0167969 0.05
1 0.56875 0.733333 0.009375 0.0194444
1 0.905469 0.217361 0.0125 0.025
1 0.349805 0.776389 0.0101562 0.0166667
1 0.349219 0.820833 0.00703125 0.0125
0 0.696094 0.81875 0.06875 0.105556
1 0.558984 0.898611 0.00859375 0.0208333
1 0.268945 0.597569 0.00625 0.0159722
1 0.264844 0.583333 0.00507812 0.0145833
0 0.704687 0.0121094 0.0234375 0.0220052
1 0.727344 0.258507 0.0148437 0.0256944
1 0.248437 0.534028 0.0046875 0.0152778
0 0.349805 0.776389 0.0101562 0.0180556
0 0.619922 0.00822483 0.0257812 0.0146267
1 0.268359 0.597917 0.0078125 0.01875
0 0.760156 0.0118924 0.03125 0.0198351
0 0.727344 0.258333 0.015625 0.0270833
1 0.267188 0.590278 0.0101562 0.0298611
1 0.682813 0.052908 0.0078125 0.0110243
0 0.698047 0.801389 0.0757812 0.143056
0 0.267383 0.591667 0.0109375 0.0298611
1 0.560547 0.898611 0.0125 0.025
1 0.477734 0.968056 0.0453125 0.0597222
0 0.268945 0.597569 0.00625 0.0159722
1 0.410937 0.681944 0.00703125 0.0152778
1 0.547266 0.879861 0.0125 0.0236111
1 0.901563 0.218056 0.0125 0.0284722
0 0.905469 0.216667 0.0125 0.025
1 0.255078 0.895833 0.0152344 0.0194444
0 0.414062 0.682639 0.0125 0.0194444
1 0.584375 0.752778 0.0109375 0.0111111
0 0.325391 0.920833 0.0210938 0.0416667
0 0.547656 0.879167 0.0140625 0.025
1 0.682031 0.0560764 0.009375 0.0180556
0 0.262891 0.898611 0.0332031 0.0333333
0 0.268359 0.597917 0.0078125 0.01875
0 0.304883 0.754167 0.00742187 0.0263889
0 0.292578 0.925 0.0117188 0.0319444
0 0.558984 0.898611 0.00859375 0.0208333
0 0.258984 0.899306 0.025 0.0305556
0 0.291406 0.919444 0.0148437 0.0416667
0 0.263281 0.904861 0.034375 0.0444444
1 0.559375 0.894444 0.009375 0.0291667
1 0.256836 0.897917 0.0207031 0.025
1 0.704297 0.0118978 0.0226563 0.0215169
1 0.348047 0.820833 0.0101562 0.0138889
1 0.583594 0.727778 0.0109375 0.0291667
0 0.331641 0.906944 0.015625 0.0444444
0 0.430469 0.994444 0.0203125 0.0111111
0 0.257031 0.897222 0.0210938 0.025
0 0.410937 0.681944 0.00703125 0.0152778
1 0.55625 0.215278 0.0242187 0.09375
1 0.329492 0.545833 0.00898437 0.0222222
0 0.55 0.216319 0.0320312 0.09375
0 0.417188 0.679861 0.0203125 0.025
1 0.585156 0.722222 0.0125 0.025
0 0.619531 0.00605469 0.0265625 0.0121094
0 0.553125 0.883333 0.0265625 0.0361111
0 0.331641 0.959722 0.0175781 0.025
0 0.602734 0.214236 0.0390625 0.0645833
1 0.586719 0.752778 0.0125 0.0125
1 0.721094 0.00513238 0.0078125 0.00861545
1 0.867188 0.116319 0.00625 0.00868056
1 0.632812 0.0612847 0.00703125 0.0175347
0 0.2875 0.922917 0.0226563 0.0430556
1 0.904688 0.223611 0.0125 0.0375
0 0.301172 0.53125 0.0121094 0.0236111
1 0.559375 0.904167 0.0109375 0.0333333
0 0.258398 0.906944 0.0269531 0.0444444
1 0.635938 0.0635417 0.0125 0.0230903
0 0.638281 0.0649306 0.0171875 0.0282986
0 0.708594 0.0154731 0.0328125 0.0296441
0 0.349219 0.820833 0.00703125 0.0125
0 0.674219 0.133247 0.046875 0.0901042
1 0.6625 0.611806 0.040625 0.0861111
1 0.569141 0.727778 0.0117188 0.0291667
1 0.572656 0.795139 0.040625 0.0930556
0 0.546875 0.879167 0.0109375 0.0222222
0 0.9875 0.0599826 0.025 0.0390625
0 0.291797 0.915278 0.0167969 0.0527778
0 0.414844 0.678125 0.0140625 0.0256944
0 0.878125 0 0.046875 0
0 0.599219 0.22309 0.03125 0.0538194
0 0.582812 0.722222 0.009375 0.0222222
1 0.56875 0.738889 0.009375 0.0277778
0 0.610156 0.2125 0.0546875 0.0680556
0 0.622656 0.0267578 0.0359375 0.0516927
0 0.834375 0.461111 0.025 0.0319444
0 0.291797 0.927778 0.0117188 0.025
1 0.703906 0.0703993 0.00859375 0.0180556
1 0.247461 0.579167 0.0101562 0.0152778
1 0.367188 0.281597 0.00820312 0.0128472
1 0.582422 0.757639 0.0101562 0.0263889
1 0.248437 0.535764 0.00546875 0.0201389
0 0.269141 0.911111 0.046875 0.0569444
0 0.601562 0.236458 0.0375 0.0506944
1 0.90625 0.211458 0.0125 0.0291667
1 0.945312 0.0889106 0.0421875 0.0666233
0 0.414844 0.681944 0.0148437 0.0236111
0 0.569141 0.733333 0.009375 0.0194444
0 0.583984 0.221007 0.0664062 0.0878472
0 0.255078 0.895833 0.0152344 0.0194444
1 0.332031 0.915278 0.0164062 0.05
1 0.394434 0.824306 0.0392578 0.119444
0 0.569922 0.550347 0.0515625 0.0944444
0 0.619922 0.470486 0.0453125 0.0791667
0 0.754297 0.456597 0.0460938 0.0840278
0 0.658984 0.392361 0.0507812 0.0819444
0 0.703906 0.311458 0.0484375 0.0875
0 0.835938 0.0776476 0.0375 0.0622396
0 0.803906 0.134201 0.0421875 0.0670139
0 0.760938 0.210764 0.04375 0.075
0 0.800195 0.369444 0.0464844 0.0763889
0 0.878906 0.218403 0.0453125 0.075
0 0.624219 0.695833 0.0515625 0.0847222
0 0.394531 0.824306 0.0398437 0.118056
0 0.945312 0.0889757 0.040625 0.0668403
0 0.910937 0.158333 0.040625 0.0704861
0 0.716406 0.526389 0.0453125 0.0708333
0 0.572656 0.794444 0.040625 0.0944444
0 0.874219 0.0279514 0.053125 0.0532986
0 0.477734 0.968056 0.0453125 0.0597222
0 0.663281 0.610417 0.0421875 0.0902778
1 0.301172 0.53125 0.0117188 0.0236111
0 0.55625 0.214931 0.0234375 0.0916667
0 0.332031 0.915278 0.0164062 0.05
1 0.583203 0.722222 0.00859375 0.0222222
1 0.905469 0.217361 0.0125 0.025
1 0.56875 0.733333 0.009375 0.0194444
1 0.349805 0.776389 0.0101562 0.0180556
1 0.349219 0.820833 0.00703125 0.0125
1 0.558984 0.898611 0.00859375 0.0208333
1 0.26875 0.596528 0.00664063 0.0180556
1 0.268164 0.59375 0.00820312 0.0236111
1 0.266992 0.590278 0.00898437 0.0291667
0 0.704297 0.0122179 0.0226563 0.0219618
0 0.619922 0.00821398 0.0257812 0.0143012
0 0.696094 0.818056 0.06875 0.105556
1 0.727344 0.258681 0.0148437 0.0243056
1 0.248437 0.534028 0.0046875 0.0152778
0 0.267578 0.590972 0.0105469 0.0305556
0 0.760938 0.0119412 0.0296875 0.0200412
1 0.682813 0.0530816 0.0078125 0.0111111
0 0.349805 0.776389 0.0101562 0.0180556
0 0.727344 0.258333 0.015625 0.0263889
1 0.560547 0.898611 0.0125 0.0236111
0 0.268164 0.59375 0.00820312 0.0236111
0 0.26875 0.596528 0.00664063 0.0180556
0 0.600781 0.215972 0.0351562 0.0631944
1 0.477734 0.968056 0.0453125 0.0611111
0 0.702344 0.805556 0.0828125 0.133333
1 0.546875 0.879167 0.0125 0.025
0 0.607031 0.216667 0.0476562 0.0680556
0 0.905469 0.217361 0.0125 0.025
0 0.327344 0.916667 0.021875 0.05
1 0.583594 0.727778 0.0109375 0.0305556
0 0.292578 0.923611 0.0125 0.0333333
1 0.682422 0.0558594 0.009375 0.0173611
0 0.292578 0.918056 0.0148437 0.0472222
1 0.410937 0.681944 0.0078125 0.0152778
1 0.901563 0.217361 0.0125 0.0291667
0 0.558984 0.898611 0.00859375 0.0222222
0 0.619531 0.00638021 0.0265625 0.0127604
0 0.600781 0.232986 0.0359375 0.0548611
1 0.556641 0.215104 0.0226563 0.0920139
1 0.559375 0.894444 0.009375 0.0291667
1 0.583594 0.751389 0.0109375 0.0111111
1 0.329688 0.545833 0.00859375 0.0222222
1 0.704687 0.0119141 0.0226563 0.021441
1 0.585156 0.722917 0.0125 0.025
0 0.598437 0.225 0.0265625 0.0430556
0 0.548047 0.879167 0.0140625 0.025
0 0.708594 0.0143446 0.03125 0.0272135
0 0.430078 0.994444 0.0195312 0.00972222
1 0.632812 0.0610243 0.00703125 0.0170139
0 0.989844 0.059809 0.01875 0.0373264
1 0.348047 0.820833 0.0101562 0.0138889
1 0.721484 0.00536024 0.0078125 0.00894097
1 0.559375 0.904167 0.0109375 0.0333333
0 0.331641 0.959722 0.0171875 0.025
0 0.600391 0.260069 0.04375 0.114236
0 0.553125 0.883333 0.025 0.0361111
0 0.289453 0.920833 0.01875 0.0416667
1 0.248437 0.535417 0.00585938 0.0208333
1 0.635156 0.0627604 0.0109375 0.0208333
0 0.834375 0.461111 0.025 0.0319444
0 0.638281 0.0646701 0.0171875 0.0270833
0 0.304883 0.754167 0.00742187 0.0263889
1 0.56875 0.738889 0.009375 0.0277778
1 0.703906 0.0697049 0.00859375 0.0166667
0 0.413281 0.682639 0.0125 0.0194444
1 0.254492 0.895833 0.0140625 0.0194444
1 0.582031 0.757639 0.0109375 0.0263889
1 0.367188 0.282292 0.00820312 0.0118056
1 0.90625 0.223611 0.0125 0.0371528
0 0.9875 0.0567708 0.025 0.0432292
1 0.867188 0.116233 0.00625 0.00885417
0 0.617188 0.2125 0.065625 0.06875
1 0.247656 0.579167 0.0101562 0.0152778
1 0.569141 0.727778 0.0117188 0.0305556
0 0.550781 0.215972 0.0304688 0.09375
0 0.291797 0.928472 0.0117188 0.025
1 0.33125 0.913889 0.015625 0.0472222
0 0.248437 0.534028 0.0046875 0.0152778
0 0.59375 0.217708 0.03125 0.0666667
1 0.572656 0.794444 0.040625 0.0944444
1 0.725 0.261111 0.0140625 0.0284722
1 0.775781 0.825 0.0140625 0.0361111
0 0.349219 0.820833 0.00703125 0.0125
1 0.719531 0.0967882 0.0125 0.0175347
1 0.394531 0.824306 0.0398437 0.119444
0 0.264062 0.9 0.0363281 0.0388889
1 0.663281 0.611111 0.040625 0.0875
1 0.714063 0.10651 0.0078125 0.0128472
0 0.258594 0.897222 0.0242187 0.0277778
0 0.301172 0.530903 0.0121094 0.0243056
0 0.725 0.261111 0.0140625 0.0284722
0 0.583594 0.223611 0.0671875 0.0923611
0 0.569922 0.55 0.0515625 0.0944444
0 0.619922 0.470486 0.0453125 0.0791667
0 0.754297 0.456597 0.0460938 0.0840278
0 0.658984 0.392361 0.0507812 0.0819444
0 0.703906 0.311458 0.0484375 0.0875
0 0.803906 0.134288 0.0421875 0.0671875
0 0.760938 0.210764 0.04375 0.075
0 0.800195 0.369444 0.0464844 0.0763889
0 0.835938 0.0775608 0.0375 0.062066
0 0.878906 0.218229 0.0453125 0.075
0 0.716406 0.526389 0.0453125 0.0715278
0 0.623828 0.696181 0.0507812 0.0840278
0 0.394531 0.823611 0.0398437 0.119444
0 0.945312 0.0888889 0.040625 0.0666667
0 0.910937 0.158333 0.040625 0.0704861
0 0.874219 0.0278646 0.053125 0.0532986
0 0.572656 0.794444 0.040625 0.0944444
0 0.663281 0.610069 0.0421875 0.0902778
0 0.477734 0.968056 0.0453125 0.0597222
1 0.301172 0.53125 0.0117188 0.0236111
0 0.55625 0.215278 0.0234375 0.0916667
0 0.332031 0.915278 0.0164062 0.05
1 0.583203 0.722222 0.00859375 0.0222222
1 0.905469 0.217361 0.0125 0.025
1 0.56875 0.733333 0.009375 0.0194444
1 0.349805 0.776389 0.0101562 0.0180556
1 0.558984 0.898611 0.00859375 0.0208333
1 0.349219 0.820833 0.00703125 0.0125
1 0.26875 0.595833 0.00703125 0.0208333
0 0.704687 0.0121528 0.0234375 0.0218316
1 0.267969 0.591667 0.00859375 0.0277778
0 0.619922 0.00834418 0.0257812 0.0144314
0 0.696094 0.818056 0.06875 0.105556
1 0.248242 0.534028 0.0046875 0.0152778
0 0.267578 0.590972 0.0109375 0.0305556
1 0.727344 0.258681 0.0148437 0.0243056
0 0.26875 0.595833 0.00703125 0.0208333
0 0.761719 0.0118869 0.0289063 0.0200629
1 0.682813 0.0530382 0.0078125 0.0109375
0 0.349805 0.776389 0.0101562 0.0180556
1 0.560938 0.898611 0.0125 0.025
0 0.727344 0.258333 0.015625 0.0263889
0 0.600781 0.21684 0.034375 0.0621528
0 0.701563 0.806944 0.0796875 0.130556
0 0.905469 0.217361 0.0125 0.025
0 0.292578 0.918056 0.0152344 0.0472222
0 0.292578 0.923611 0.0125 0.0347222
1 0.410937 0.681944 0.0078125 0.0152778
0 0.707812 0.0137153 0.0304688 0.0257812
0 0.605078 0.221875 0.04375 0.0631944
0 0.609375 0.2125 0.0523437 0.0673611
0 0.600781 0.234375 0.0359375 0.0520833
1 0.546875 0.879167 0.0117188 0.0222222
0 0.327734 0.916667 0.021875 0.05
1 0.583594 0.727778 0.0109375 0.0305556
1 0.682031 0.0544271 0.0101562 0.015625
0 0.558984 0.898611 0.00859375 0.0222222
1 0.583984 0.751389 0.0109375 0.0111111
1 0.559375 0.894444 0.009375 0.0291667
0 0.430078 0.994444 0.0195312 0.0111111
0 0.598437 0.227778 0.0265625 0.0392361
0 0.619531 0.00634766 0.0265625 0.0126953
0 0.331445 0.961111 0.0175781 0.0222222
1 0.329102 0.545833 0.00898437 0.0222222
0 0.604297 0.256597 0.0453125 0.105556
0 0.548437 0.879167 0.0140625 0.025
1 0.556641 0.214931 0.0226563 0.0916667
1 0.704687 0.0118707 0.0226563 0.021441
0 0.289648 0.920139 0.01875 0.0430556
1 0.585547 0.722222 0.0125 0.025
1 0.477734 0.968056 0.0453125 0.0611111
1 0.347852 0.820833 0.00976562 0.0138889
1 0.721094 0.00563151 0.0078125 0.00961372
1 0.248437 0.535417 0.00625 0.0208333
0 0.553125 0.884722 0.025 0.0361111
1 0.559375 0.904167 0.0109375 0.0319444
0 0.291797 0.928472 0.0117188 0.025
1 0.56875 0.738889 0.009375 0.0277778
1 0.548437 0.879167 0.0140625 0.025
0 0.597656 0.222743 0.0296875 0.0524306
1 0.582422 0.75625 0.0101562 0.025
1 0.367188 0.282639 0.00820312 0.0107639
0 0.413281 0.682639 0.0125 0.0194444
1 0.905469 0.211458 0.0125 0.0284722
1 0.246484 0.579167 0.0125 0.0159722
0 0.594531 0.217535 0.0328125 0.0677083
0 0.700391 0.0124566 0.028125 0.0227865
0 0.248242 0.534028 0.0046875 0.0152778
0 0.990625 0.0597222 0.01875 0.0385417
0 0.638281 0.0650174 0.0171875 0.0256944
0 0.289258 0.913194 0.0207031 0.0569444
1 0.632812 0.0607639 0.0078125 0.0168403
1 0.901563 0.217708 0.0125 0.0319444
1 0.90625 0.223611 0.0125 0.0371528
0 0.601953 0.24566 0.0390625 0.0663194
0 0.585547 0.224306 0.0648438 0.0888889
0 0.721094 0.00563151 0.0078125 0.00961372
0 0.301172 0.530903 0.0121094 0.0243056
1 0.332031 0.914583 0.0164062 0.05
0 0.550781 0.216319 0.0296875 0.0940972
1 0.703906 0.0695747 0.00859375 0.0161458
1 0.874219 0.027908 0.053125 0.0528646
0 0.878906 0 0.046875 0
0 0.546875 0.879167 0.0117188 0.0222222
0 0.590234 0.240104 0.0578125 0.0951389
1 0.569141 0.727778 0.0117188 0.0305556
1 0.662891 0.611111 0.040625 0.0875
1 0.714063 0.106597 0.0078125 0.0125
0 0.28457 0.918056 0.0300781 0.0527778
0 0.71875 0.0113064 0.0117188 0.0205295
0 0.569922 0.55 0.0515625 0.0944444
0 0.619922 0.470486 0.0453125 0.0791667
0 0.658984 0.392361 0.0507812 0.0819444
0 0.754297 0.456597 0.0460938 0.0840278
0 0.703906 0.311458 0.0484375 0.0875
0 0.803906 0.134288 0.0421875 0.0671875
0 0.760938 0.210764 0.04375 0.075
0 0.800195 0.369444 0.0464844 0.0763889
0 0.835938 0.0775174 0.0375 0.0621528
0 0.878906 0.218056 0.0453125 0.075
0 0.623828 0.696181 0.0507812 0.0840278
0 0.394531 0.823611 0.0398437 0.119444
0 0.945312 0.0888021 0.040625 0.0664931
0 0.910937 0.158507 0.040625 0.0708333
0 0.716016 0.526389 0.0445312 0.0708333
0 0.874219 0.0278646 0.053125 0.0532986
0 0.572266 0.795139 0.0398437 0.0930556
0 0.663281 0.610069 0.0421875 0.0895833
0 0.478125 0.968056 0.0453125 0.0597222
1 0.301172 0.53125 0.0117188 0.0236111
0 0.55625 0.215278 0.0234375 0.0916667
0 0.332031 0.915278 0.0164062 0.05
1 0.583203 0.722222 0.00859375 0.0222222
1 0.905469 0.217361 0.0125 0.025
1 0.56875 0.733333 0.009375 0.0194444
1 0.349805 0.776389 0.0101562 0.0166667
1 0.349219 0.820833 0.00703125 0.0125
1 0.558984 0.898611 0.00859375 0.0208333
1 0.26875 0.595139 0.00703125 0.0215278
1 0.267969 0.591667 0.00859375 0.0291667
0 0.704687 0.0121311 0.0234375 0.0217448
0 0.619922 0.00835503 0.0257812 0.0142795
1 0.248242 0.534028 0.0046875 0.0152778
0 0.267578 0.590972 0.0101562 0.0305556
0 0.696094 0.818056 0.06875 0.105556
1 0.727344 0.258681 0.0140625 0.0243056
0 0.26875 0.595139 0.00703125 0.0215278
1 0.682813 0.0530382 0.0078125 0.0109375
0 0.35 0.776389 0.0101562 0.0180556
0 0.761719 0.0119141 0.028125 0.0200955
0 0.727344 0.258333 0.015625 0.0263889
0 0.268164 0.594097 0.00820312 0.0263889
1 0.560938 0.898611 0.0125 0.0222222
0 0.905469 0.217361 0.0125 0.025
0 0.600391 0.218403 0.034375 0.0631944
0 0.707812 0.0135796 0.0304688 0.0255317
1 0.410937 0.681944 0.0078125 0.0152778
0 0.702344 0.806944 0.0796875 0.130556
0 0.600781 0.233681 0.0367187 0.0527778
0 0.291797 0.920833 0.0148437 0.0416667
0 0.327734 0.916667 0.021875 0.05
0 0.558984 0.898611 0.00859375 0.0222222
0 0.292773 0.923611 0.0128906 0.0333333
1 0.546875 0.879167 0.0117188 0.0222222
1 0.583594 0.727778 0.0109375 0.0305556
0 0.605469 0.22309 0.0453125 0.0631944
1 0.583594 0.751389 0.0109375 0.0111111
0 0.599219 0.228472 0.028125 0.0420139
0 0.430078 0.994444 0.0195312 0.0111111
0 0.548437 0.879167 0.0148437 0.025
0 0.609375 0.213194 0.0523437 0.0680556
0 0.331445 0.960417 0.0175781 0.0236111
1 0.682031 0.0545139 0.0101562 0.0159722
1 0.559375 0.894444 0.0101562 0.0305556
1 0.329102 0.545833 0.00898437 0.0222222
0 0.553125 0.884722 0.0257812 0.0375
0 0.619531 0.00639106 0.0265625 0.0127821
1 0.348047 0.820833 0.0101562 0.0138889
1 0.585156 0.722222 0.0125 0.025
1 0.721094 0.00551215 0.0078125 0.0093316
0 0.600781 0.246875 0.0453125 0.0833333
1 0.705078 0.0118869 0.0234375 0.021365
0 0.289453 0.916667 0.0203125 0.05
0 0.288672 0.923611 0.0210938 0.0416667
1 0.55625 0.214931 0.021875 0.0909722
1 0.248437 0.535417 0.00625 0.0208333
0 0.293359 0.927778 0.0121094 0.0277778
1 0.24668 0.579167 0.0117188 0.0159722
1 0.56875 0.738889 0.009375 0.0277778
1 0.367188 0.282292 0.00859375 0.0118056
1 0.559375 0.904167 0.0109375 0.0319444
0 0.638281 0.0649306 0.0171875 0.0263889
0 0.594531 0.218229 0.0328125 0.0690972
0 0.238281 0.00425347 0.0140625 0.00690104
0 0.878125 0 0.046875 0
1 0.905469 0.211458 0.0125 0.0284722
0 0.292188 0.913889 0.0171875 0.0555556
1 0.478125 0.968056 0.0453125 0.0611111
0 0.588281 0.224306 0.059375 0.0861111
1 0.582422 0.755556 0.0101562 0.025
0 0.56875 0.733333 0.009375 0.0194444
0 0.550781 0.216146 0.0296875 0.0940972
0 0.301172 0.530903 0.0121094 0.0243056
0 0.413281 0.682639 0.0125 0.01875
1 0.586328 0.751389 0.0125 0.0138889
1 0.703906 0.0688368 0.0078125 0.0137153
1 0.874219 0.0277995 0.053125 0.0527344
0 0.721094 0.00551215 0.0078125 0.0093316
1 0.331055 0.913889 0.0152344 0.0472222
1 0.569141 0.727778 0.0117188 0.0305556
0 0.591406 0.238542 0.0578125 0.0895833
0 0.248242 0.534028 0.0046875 0.0152778
0 0.569922 0.55 0.0515625 0.0944444
0 0.619922 0.470486 0.0453125 0.0791667
0 0.658594 0.392361 0.05 0.0819444
0 0.754297 0.45625 0.0460938 0.0833333
0 0.703906 0.311458 0.0476562 0.0875
0 0.800195 0.369444 0.0464844 0.0763889
0 0.760938 0.210764 0.04375 0.075
0 0.803906 0.134288 0.0421875 0.0671875
0 0.835938 0.0776476 0.0375 0.0622396
0 0.878906 0.218056 0.0453125 0.075
0 0.623828 0.695833 0.0507812 0.0847222
0 0.394434 0.824306 0.0392578 0.118056
0 0.945312 0.0888889 0.040625 0.0664931
0 0.910937 0.158333 0.040625 0.0708333
0 0.716406 0.526389 0.0453125 0.0708333
0 0.874219 0.0278646 0.053125 0.0532986
0 0.572266 0.795139 0.0398437 0.0930556
0 0.663281 0.609722 0.0421875 0.0902778
0 0.478125 0.968056 0.0453125 0.0597222
1 0.301172 0.53125 0.0117188 0.0236111
0 0.55625 0.215104 0.0234375 0.0916667
0 0.332031 0.915278 0.0164062 0.05
1 0.583203 0.722222 0.00859375 0.0222222
1 0.905469 0.217361 0.0125 0.025
1 0.56875 0.733333 0.009375 0.0194444
1 0.349805 0.776389 0.0101562 0.0166667
1 0.349219 0.820833 0.00703125 0.0125
1 0.558984 0.898611 0.00859375 0.0208333
1 0.268555 0.595139 0.00703125 0.0222222
1 0.267969 0.591667 0.00859375 0.0291667
0 0.705078 0.0121311 0.0234375 0.0218316
0 0.619922 0.00831163 0.025 0.0142795
0 0.696094 0.818056 0.06875 0.105556
1 0.248242 0.534028 0.0046875 0.0152778
0 0.267578 0.590972 0.0105469 0.0305556
1 0.727344 0.258681 0.0140625 0.0236111
0 0.268555 0.595139 0.00703125 0.0222222
1 0.682813 0.0530382 0.0078125 0.0111111
0 0.35 0.776389 0.0101562 0.0180556
0 0.761719 0.0119303 0.028125 0.0202365
0 0.727344 0.258333 0.015625 0.0260417
1 0.560938 0.898611 0.0125 0.025
0 0.701953 0.806944 0.0796875 0.130556
0 0.905469 0.217361 0.0125 0.025
1 0.557813 0.898611 0.0109375 0.0236111
0 0.6 0.21875 0.034375 0.0638889
0 0.707812 0.0134983 0.0296875 0.025434
1 0.410937 0.681944 0.0078125 0.0152778
0 0.292383 0.918056 0.015625 0.0472222
0 0.558594 0.898611 0.009375 0.0222222
0 0.600781 0.231944 0.0367187 0.0555556
0 0.327734 0.916667 0.021875 0.05
1 0.583594 0.727778 0.0109375 0.0305556
0 0.292773 0.923611 0.0128906 0.0333333
1 0.546875 0.879167 0.0117188 0.0222222
0 0.548437 0.879167 0.0148437 0.025
0 0.33125 0.961111 0.0179687 0.0222222
0 0.599219 0.227778 0.0296875 0.0451389
1 0.682031 0.0546441 0.0109375 0.0161458
1 0.348047 0.820833 0.0101562 0.0138889
0 0.619531 0.00659722 0.0265625 0.0131944
1 0.583594 0.751389 0.0109375 0.0111111
0 0.553125 0.884028 0.0257812 0.0375
1 0.559375 0.894444 0.0101562 0.0305556
0 0.60625 0.218056 0.046875 0.0680556
0 0.430078 0.994444 0.0195312 0.0111111
0 0.289453 0.921528 0.0195312 0.0402778
1 0.585547 0.722222 0.0125 0.025
1 0.721484 0.00549045 0.0078125 0.00928819
1 0.24668 0.579167 0.0117188 0.0159722
1 0.329102 0.545833 0.00898437 0.0222222
1 0.705078 0.0118924 0.0234375 0.0215278
0 0.238281 0.00425347 0.0140625 0.00694444
1 0.56875 0.738889 0.009375 0.0277778
0 0.293359 0.927778 0.0121094 0.0277778
0 0.594531 0.218403 0.0328125 0.0708333
0 0.600781 0.242708 0.0453125 0.0777778
1 0.248437 0.535764 0.00625 0.0201389
1 0.559375 0.904167 0.0109375 0.0333333
0 0.638281 0.0651042 0.0171875 0.0258681
1 0.367188 0.281597 0.00859375 0.0128472
0 0.878125 0 0.046875 0
0 0.590625 0.223785 0.0546875 0.0840278
1 0.905469 0.211458 0.0125 0.0284722
0 0.56875 0.733333 0.009375 0.0194444
1 0.478125 0.968056 0.0453125 0.0611111
1 0.55625 0.214931 0.021875 0.0913194
1 0.703906 0.0690972 0.0078125 0.0141493
1 0.569141 0.727778 0.0117188 0.0305556
0 0.550781 0.216146 0.0296875 0.0940972
1 0.582422 0.755556 0.0101562 0.025
0 0.288867 0.9125 0.021875 0.0583333
0 0.700391 0.0125217 0.0289063 0.0230903
0 0.559375 0.894444 0.0101562 0.0305556
0 0.301172 0.530903 0.0121094 0.0243056
1 0.905469 0.223611 0.0125 0.0368056
0 0.569922 0.55 0.0515625 0.0944444
0 0.619922 0.470486 0.0453125 0.0791667
0 0.658594 0.392361 0.05 0.0819444
0 0.703906 0.311458 0.0476562 0.0875
0 0.754297 0.45625 0.0460938 0.0833333
0 0.760938 0.21059 0.04375 0.075
0 0.803906 0.134288 0.0421875 0.0671875
0 0.800195 0.369358 0.0464844 0.0765625
0 0.835938 0.0776042 0.0375 0.0621528
0 0.878125 0.218056 0.04375 0.075
0 0.394434 0.824306 0.0392578 0.118056
0 0.624219 0.695833 0.0515625 0.0847222
0 0.945312 0.0888889 0.040625 0.0664931
0 0.910937 0.15816 0.040625 0.0704861
0 0.716406 0.526389 0.0445312 0.0708333
0 0.874219 0.0278646 0.053125 0.0532986
0 0.572266 0.795139 0.0398437 0.0930556
0 0.663672 0.609722 0.0429688 0.0902778
0 0.478125 0.968056 0.0453125 0.0597222
1 0.301172 0.53125 0.0117188 0.0236111
0 0.55625 0.215104 0.0234375 0.0916667
0 0.332031 0.915278 0.0164062 0.05
1 0.583203 0.722222 0.00859375 0.0222222
1 0.905469 0.217361 0.0125 0.025
1 0.56875 0.733333 0.009375 0.0194444
1 0.349805 0.776389 0.0101562 0.0166667
1 0.349219 0.820833 0.00703125 0.0125
1 0.558984 0.898611 0.00859375 0.0208333
1 0.268359 0.594097 0.00703125 0.0229167
1 0.267969 0.591319 0.00859375 0.0291667
0 0.705078 0.0121094 0.0234375 0.0217882
0 0.619531 0.00828993 0.025 0.0142361
0 0.696094 0.818056 0.06875 0.105556
1 0.26875 0.597222 0.00742187 0.0194444
1 0.727344 0.258681 0.0140625 0.0239583
1 0.248242 0.534028 0.0046875 0.0152778
0 0.267578 0.590972 0.0105469 0.0298611
0 0.268359 0.594097 0.00703125 0.0229167
0 0.761719 0.0118869 0.0289063 0.0202365
0 0.6 0.219444 0.0335938 0.0645833
0 0.35 0.776389 0.0101562 0.0180556
1 0.682813 0.0530382 0.0078125 0.0110243
0 0.727344 0.258333 0.015625 0.0260417
1 0.560547 0.898611 0.0125 0.025
0 0.6 0.230035 0.0359375 0.059375
0 0.707812 0.01352 0.0296875 0.0254774
0 0.905469 0.217361 0.0125 0.025
0 0.701563 0.806944 0.0796875 0.130556
1 0.410937 0.681944 0.00703125 0.0145833
0 0.558594 0.898611 0.009375 0.0222222
0 0.327734 0.915972 0.0222656 0.05
0 0.548437 0.879167 0.0140625 0.0236111
1 0.583594 0.727778 0.0109375 0.0305556
0 0.601562 0.214236 0.0421875 0.0694444
0 0.291992 0.920833 0.0148437 0.0416667
1 0.546875 0.879167 0.0117188 0.0222222
0 0.33125 0.961111 0.0179687 0.0222222
1 0.348047 0.820833 0.0101562 0.0138889
0 0.292773 0.924306 0.0128906 0.0333333
1 0.583594 0.752083 0.0109375 0.0125
0 0.553125 0.883333 0.0257812 0.0361111
0 0.6 0.239931 0.04375 0.0756944
0 0.594531 0.21875 0.0328125 0.0722222
0 0.619531 0.00638021 0.0265625 0.0127604
1 0.559375 0.894444 0.0101562 0.0305556
1 0.682031 0.0547743 0.0109375 0.0164931
1 0.705469 0.0118707 0.0234375 0.0214844
1 0.246484 0.579167 0.0125 0.0166667
1 0.585156 0.722222 0.0125 0.025
0 0.6 0.228819 0.0296875 0.0472222
1 0.56875 0.738889 0.009375 0.0277778
1 0.721484 0.0054579 0.0078125 0.00917969
0 0.289453 0.922222 0.01875 0.0388889
0 0.430469 0.994444 0.01875 0.0111111
0 0.592969 0.223611 0.0484375 0.0833333
0 0.26875 0.597222 0.00742187 0.0194444
0 0.238281 0.00423177 0.0140625 0.00690104
1 0.329297 0.545833 0.009375 0.0222222
1 0.559375 0.904167 0.0109375 0.0333333
1 0.248437 0.536111 0.00625 0.0194444
1 0.367383 0.281076 0.00820312 0.0138889
0 0.878906 0 0.0453125 0
0 0.594531 0.230903 0.0390625 0.0715278
0 0.292383 0.914583 0.0167969 0.0541667
0 0.638281 0.0653212 0.0171875 0.0259549
1 0.478125 0.968056 0.0445312 0.0611111
1 0.569531 0.727778 0.0125 0.0305556
0 0.56875 0.733333 0.009375 0.0194444
1 0.905469 0.211458 0.0125 0.028125
0 0.559375 0.894444 0.0101562 0.0305556
0 0.615625 0.213368 0.0632813 0.0694444
1 0.582031 0.755556 0.0109375 0.025
0 0.291797 0.929167 0.0125 0.025
1 0.55625 0.214931 0.021875 0.0909722
1 0.331836 0.915278 0.0164062 0.05
0 0.550391 0.216146 0.0289063 0.0940972
1 0.905469 0.223611 0.0125 0.0368056
0 0.569922 0.55 0.0515625 0.0944444
0 0.619922 0.470139 0.0453125 0.0791667
0 0.703906 0.311458 0.0476562 0.0875
0 0.658984 0.392361 0.0507812 0.0819444
0 0.754297 0.45625 0.0460938 0.0833333
0 0.760938 0.21059 0.04375 0.075
0 0.803906 0.134288 0.0421875 0.0671875
0 0.800195 0.369444 0.0464844 0.0770833
0 0.835938 0.0776042 0.0375 0.0621528
0 0.878125 0.218056 0.04375 0.075
0 0.394531 0.823611 0.0398437 0.119444
0 0.624219 0.695833 0.0515625 0.0847222
0 0.945312 0.0886936 0.040625 0.0663629
0 0.910937 0.15816 0.040625 0.0704861
0 0.716406 0.526389 0.0445312 0.0708333
0 0.875 0.0277778 0.053125 0.0532986
0 0.572656 0.795139 0.040625 0.0930556
0 0.663672 0.609722 0.0429688 0.0902778
0 0.478125 0.968056 0.0445312 0.0597222
1 0.301172 0.53125 0.0117188 0.0236111
0 0.55625 0.214931 0.0234375 0.0916667
0 0.332031 0.915278 0.0164062 0.05
1 0.583203 0.722222 0.00859375 0.0222222
1 0.905469 0.217361 0.0125 0.025
1 0.56875 0.733333 0.009375 0.0194444
1 0.349805 0.776389 0.0101562 0.0180556
1 0.349219 0.820833 0.00703125 0.0138889
1 0.558984 0.898611 0.00859375 0.0208333
1 0.268359 0.593403 0.0078125 0.0243056
1 0.267188 0.590972 0.009375 0.0291667
0 0.705078 0.0121094 0.0234375 0.021875
0 0.619531 0.00824653 0.025 0.0141927
0 0.696094 0.818056 0.06875 0.105556
1 0.26875 0.597222 0.00742187 0.0194444
1 0.727344 0.258681 0.0140625 0.0243056
1 0.248242 0.534028 0.0046875 0.0152778
0 0.267578 0.590972 0.0101562 0.0298611
0 0.599609 0.219444 0.0328125 0.0659722
0 0.761719 0.0118924 0.0289063 0.0202691
0 0.268359 0.593403 0.0078125 0.0243056
0 0.727344 0.258333 0.015625 0.0260417
0 0.35 0.776389 0.0101562 0.0180556
1 0.682813 0.0529948 0.0078125 0.0110243
1 0.560547 0.898611 0.0125 0.025
0 0.601953 0.232292 0.0382813 0.0618056
0 0.707812 0.0135417 0.0296875 0.0256076
0 0.558594 0.898611 0.009375 0.0222222
1 0.410937 0.681944 0.00703125 0.0152778
0 0.905469 0.217361 0.0125 0.0246528
0 0.701563 0.806944 0.0796875 0.130556
0 0.548437 0.879167 0.0140625 0.0236111
0 0.60625 0.214236 0.046875 0.0694444
1 0.547656 0.880556 0.0132813 0.025
0 0.33125 0.961111 0.0179687 0.0222222
0 0.327734 0.915972 0.0222656 0.05
0 0.594531 0.222569 0.034375 0.0729167
1 0.583594 0.727778 0.0109375 0.0305556
1 0.348047 0.820833 0.0101562 0.0138889
0 0.292188 0.921528 0.0148437 0.0402778
0 0.292969 0.925 0.0125 0.0333333
0 0.553125 0.883333 0.025 0.0361111
1 0.583984 0.752083 0.0117188 0.0125
0 0.600391 0.229167 0.0304688 0.0486111
1 0.246289 0.579514 0.0125 0.0166667
1 0.559375 0.894444 0.0109375 0.0305556
0 0.619531 0.00616319 0.0265625 0.0123264
1 0.705469 0.0118544 0.0234375 0.0215169
1 0.682031 0.0548611 0.0109375 0.0165799
1 0.56875 0.738889 0.009375 0.0277778
1 0.585156 0.722222 0.0125 0.025
1 0.721484 0.00540365 0.0078125 0.00911458
0 0.59375 0.224306 0.0460938 0.0829861
0 0.430469 0.994444 0.01875 0.0111111
0 0.238281 0.00418837 0.0140625 0.00694444
0 0.26875 0.597222 0.00742187 0.0194444
0 0.292188 0.915278 0.0164062 0.0527778
1 0.558984 0.904167 0.0109375 0.0333333
1 0.329297 0.545833 0.009375 0.0222222
0 0.289453 0.918056 0.0207031 0.0472222
1 0.367383 0.281597 0.00820312 0.0128472
1 0.248437 0.536111 0.00625 0.0194444
0 0.288672 0.925 0.0210938 0.0388889
1 0.569531 0.727778 0.0125 0.0305556
0 0.638281 0.0653646 0.0171875 0.0260417
0 0.56875 0.733333 0.009375 0.0194444
1 0.905469 0.211458 0.0125 0.028125
0 0.559375 0.894444 0.0109375 0.0305556
0 0.600781 0.261806 0.046875 0.112847
0 0.879687 0 0.04375 0
1 0.478125 0.968056 0.0445312 0.0611111
0 0.291797 0.929167 0.0125 0.025
0 0.275 0.947222 0.0539063 0.0916667
0 0.569922 0.55 0.0515625 0.0944444
0 0.619922 0.470486 0.0453125 0.0791667
0 0.658984 0.392014 0.0507812 0.08125
0 0.703906 0.311632 0.0476562 0.0871528
0 0.754297 0.45625 0.0460938 0.0833333
0 0.760938 0.21059 0.04375 0.075
0 0.803906 0.134288 0.0421875 0.0671875
0 0.800195 0.369444 0.0464844 0.0770833
0 0.835938 0.0776042 0.0375 0.0621528
0 0.394531 0.823611 0.0398437 0.119444
0 0.878125 0.218056 0.04375 0.075
0 0.945312 0.0887153 0.040625 0.0663194
0 0.623828 0.695833 0.0507812 0.0847222
0 0.910937 0.15816 0.040625 0.0701389
0 0.716406 0.526389 0.0445312 0.0708333
0 0.875 0.0277778 0.053125 0.0532986
0 0.572656 0.795139 0.040625 0.0930556
0 0.663672 0.609375 0.0429688 0.0902778
0 0.478125 0.968056 0.0453125 0.0583333
1 0.301172 0.53125 0.0117188 0.0236111
0 0.332031 0.915278 0.0164062 0.05
0 0.55625 0.214931 0.0234375 0.0916667
1 0.583203 0.722222 0.00859375 0.0222222
1 0.905469 0.217361 0.0125 0.025
1 0.56875 0.733333 0.009375 0.0194444
1 0.349805 0.776389 0.0101562 0.0180556
1 0.349219 0.820833 0.00703125 0.0138889
1 0.558984 0.898611 0.00859375 0.0208333
1 0.268359 0.593056 0.0078125 0.025
1 0.267188 0.590972 0.009375 0.0291667
0 0.705078 0.0120877 0.0234375 0.0219184
0 0.619922 0.00817057 0.025 0.0142144
1 0.26875 0.597222 0.0078125 0.0194444
0 0.696094 0.818056 0.06875 0.105556
1 0.727344 0.258681 0.0140625 0.0239583
0 0.599609 0.219792 0.0328125 0.0673611
1 0.248242 0.534028 0.0046875 0.0152778
0 0.267578 0.590972 0.0101562 0.0298611
0 0.761719 0.0118924 0.0296875 0.0203125
0 0.268359 0.593056 0.0078125 0.025
0 0.727344 0.258333 0.015625 0.0260417
0 0.601562 0.230903 0.0375 0.0652778
0 0.35 0.776389 0.0101562 0.0180556
1 0.682813 0.0529948 0.0078125 0.0111111
1 0.560547 0.898611 0.0125 0.0236111
0 0.707812 0.0134983 0.0296875 0.0256076
0 0.558594 0.898611 0.009375 0.0222222
1 0.410937 0.681944 0.0078125 0.0145833
0 0.594531 0.222569 0.034375 0.0743056
0 0.905469 0.217361 0.0125 0.0243056
0 0.548437 0.879167 0.0140625 0.0236111
0 0.605469 0.214757 0.0460938 0.0704861
1 0.547656 0.880556 0.0125 0.025
1 0.348047 0.820833 0.0101562 0.0138889
1 0.583203 0.727778 0.0101562 0.0305556
0 0.701563 0.806944 0.0796875 0.130556
0 0.331445 0.961111 0.0175781 0.0222222
0 0.292188 0.921528 0.0148437 0.0402778
1 0.246484 0.579514 0.0125 0.0166667
1 0.583984 0.751389 0.0117188 0.0111111
0 0.327734 0.915972 0.021875 0.05
0 0.292969 0.925 0.0125 0.0319444
1 0.559375 0.894444 0.0101562 0.0305556
0 0.600391 0.229514 0.0296875 0.0493056
0 0.619531 0.00603299 0.0265625 0.012066
0 0.553125 0.883333 0.025 0.0361111
1 0.705469 0.011849 0.0234375 0.0215712
1 0.56875 0.738889 0.009375 0.0277778
1 0.721484 0.00537109 0.0078125 0.00909288
0 0.238281 0.00416667 0.0140625 0.00698785
0 0.594531 0.224306 0.04375 0.0836806
1 0.682031 0.0549045 0.0109375 0.0166667
1 0.585156 0.722222 0.0125 0.025
0 0.430469 0.994444 0.01875 0.0111111
0 0.289648 0.923611 0.0191406 0.0375
0 0.600391 0.259722 0.0453125 0.110417
1 0.367383 0.281597 0.00820312 0.0131944
1 0.329297 0.545833 0.00898437 0.0222222
1 0.558984 0.904167 0.0109375 0.0333333
0 0.26875 0.597222 0.0078125 0.0194444
1 0.248242 0.536111 0.00625 0.0201389
0 0.638281 0.065408 0.0171875 0.0261285
1 0.905469 0.211458 0.0125 0.028125
0 0.610937 0.220139 0.0546875 0.0701389
0 0.619531 0.00431858 0.0273438 0.00863715
1 0.569141 0.727778 0.0117188 0.0305556
0 0.56875 0.733333 0.009375 0.0194444
1 0.901563 0.217708 0.0125 0.0298611
0 0.559375 0.894444 0.0101562 0.0305556
0 0.274609 0.947222 0.0539063 0.0888889
1 0.478125 0.968056 0.0445312 0.0611111
0 0.291992 0.929167 0.0125 0.025
0 0.721484 0.00537109 0.0078125 0.00909288
0 0.594531 0.238715 0.040625 0.0732639
1 0.276563 0.689236 0.00859375 0.0215278
0 0.292578 0.915278 0.0167969 0.0527778
0 0.569922 0.55 0.0515625 0.0944444
0 0.619922 0.470139 0.0453125 0.0791667
0 0.703906 0.311632 0.0476562 0.0871528
0 0.658984 0.392361 0.0507812 0.0819444
0 0.754297 0.45625 0.0460938 0.0833333
0 0.760938 0.21059 0.04375 0.075
0 0.803906 0.134288 0.0421875 0.0671875
0 0.800195 0.369444 0.0464844 0.0770833
0 0.835938 0.0776476 0.0375 0.062066
0 0.394531 0.823611 0.0398437 0.119444
0 0.878906 0.218056 0.0453125 0.075
0 0.623828 0.695833 0.0507812 0.0847222
0 0.945312 0.0887153 0.040625 0.0663194
0 0.910937 0.15816 0.040625 0.0701389
0 0.716406 0.526389 0.0445312 0.0708333
0 0.875 0.0277778 0.053125 0.0533854
0 0.572656 0.794444 0.040625 0.0944444
0 0.663281 0.609028 0.0421875 0.0902778
0 0.478125 0.968056 0.0445312 0.0583333
1 0.301172 0.53125 0.0117188 0.0236111
0 0.332031 0.915278 0.0164062 0.05
0 0.55625 0.214931 0.0234375 0.0916667
1 0.905469 0.217187 0.0125 0.0246528
1 0.583203 0.722222 0.00859375 0.0222222
1 0.56875 0.733333 0.009375 0.0194444
1 0.349805 0.776389 0.0101562 0.0180556
1 0.349219 0.820833 0.00703125 0.0138889
1 0.558984 0.898611 0.00859375 0.0208333
1 0.268359 0.593056 0.0078125 0.025
1 0.267188 0.590972 0.009375 0.0291667
0 0.705078 0.012066 0.0234375 0.0219184
1 0.26875 0.596181 0.00742187 0.01875
0 0.619922 0.00818142 0.025 0.0142361
0 0.696094 0.818056 0.06875 0.105556
1 0.727344 0.258681 0.0140625 0.0243056
0 0.599219 0.219792 0.0328125 0.06875
1 0.248242 0.534028 0.0046875 0.0152778
0 0.267578 0.590972 0.0101562 0.0298611
0 0.761719 0.0118707 0.0296875 0.0203125
0 0.727344 0.258333 0.015625 0.0256944
0 0.268359 0.593056 0.0078125 0.025
0 0.601562 0.229861 0.0375 0.0680556
0 0.349805 0.776389 0.0101562 0.0180556
1 0.557813 0.898611 0.0109375 0.0236111
1 0.560547 0.898611 0.0125 0.0236111
1 0.682813 0.0530382 0.0078125 0.0112847
0 0.707812 0.0132867 0.0296875 0.0252496
0 0.558594 0.898611 0.009375 0.0222222
1 0.410937 0.681944 0.0078125 0.0152778
0 0.594531 0.222396 0.034375 0.0753472
0 0.604688 0.215278 0.0445312 0.0708333
0 0.548437 0.879167 0.0140625 0.025
1 0.547656 0.880556 0.0125 0.025
1 0.348047 0.820833 0.0101562 0.0138889
1 0.583594 0.727778 0.0109375 0.0305556
0 0.331445 0.961111 0.0175781 0.0222222
0 0.905469 0.217361 0.0125 0.0243056
0 0.292383 0.922222 0.0144531 0.0388889
1 0.583984 0.751389 0.0117188 0.0111111
1 0.246484 0.579514 0.0125 0.0166667
1 0.559375 0.894444 0.0109375 0.0305556
0 0.701563 0.804167 0.08125 0.136111
0 0.238281 0.00418837 0.0140625 0.00694444
0 0.26875 0.596181 0.00742187 0.01875
0 0.619531 0.00592448 0.0265625 0.011849
0 0.600391 0.229514 0.0296875 0.05
0 0.327734 0.915972 0.0222656 0.05
0 0.292578 0.927083 0.0125 0.0277778
1 0.721484 0.0054362 0.0078125 0.00917969
1 0.705469 0.0118273 0.0234375 0.0215712
1 0.56875 0.738889 0.009375 0.0277778
0 0.552734 0.884722 0.025 0.0361111
1 0.585156 0.722222 0.0125 0.025
0 0.430078 0.994444 0.0195312 0.0111111
1 0.682031 0.0550347 0.0109375 0.0168403
0 0.289844 0.923611 0.01875 0.0361111
0 0.600391 0.258681 0.0445312 0.109722
1 0.901563 0.217708 0.0125 0.0291667
1 0.558984 0.904167 0.0109375 0.0333333
1 0.367383 0.281597 0.00820312 0.0125
0 0.595312 0.234549 0.0453125 0.0847222
1 0.329297 0.545833 0.00898437 0.0222222
1 0.905469 0.211458 0.0125 0.028125
0 0.546875 0.879167 0.0117188 0.0222222
0 0.610156 0.221701 0.053125 0.0697917
0 0.638281 0.065408 0.0171875 0.0261285
0 0.619531 0.00425347 0.0265625 0.00850694
1 0.248242 0.536111 0.00625 0.0201389
1 0.569141 0.727778 0.0117188 0.0305556
0 0.603125 0.241319 0.0398437 0.0729167
0 0.56875 0.733333 0.009375 0.0194444
0 0.559375 0.894444 0.0109375 0.0305556
1 0.586328 0.752083 0.0125 0.0125
1 0.276563 0.689583 0.00859375 0.0222222
0 0.274609 0.947917 0.0539063 0.0888889
0 0.569922 0.55 0.0515625 0.0944444
0 0.619922 0.470139 0.0453125 0.0791667
0 0.703906 0.311632 0.0476562 0.0871528
0 0.658984 0.392361 0.0507812 0.0819444
0 0.754297 0.45625 0.0460938 0.0833333
0 0.760938 0.21059 0.04375 0.075
0 0.803906 0.134288 0.0421875 0.0671875
0 0.800195 0.369444 0.0464844 0.0770833
0 0.835938 0.0776042 0.0375 0.0621528
0 0.394531 0.823611 0.0398437 0.119444
0 0.878906 0.218056 0.0453125 0.075
0 0.945312 0.088737 0.040625 0.066276
0 0.623828 0.695833 0.0507812 0.0847222
0 0.910937 0.15816 0.040625 0.0704861
0 0.716406 0.526389 0.0445312 0.0708333
0 0.875 0.0277344 0.053125 0.0533854
0 0.572656 0.794444 0.040625 0.0944444
0 0.663672 0.609722 0.0429688 0.0902778
0 0.478125 0.968056 0.0445312 0.0583333
1 0.301172 0.53125 0.0117188 0.0236111
0 0.332031 0.915278 0.0164062 0.05
0 0.55625 0.214931 0.0234375 0.0916667
1 0.905469 0.217187 0.0125 0.0246528
1 0.583203 0.722222 0.00859375 0.0222222
1 0.56875 0.733333 0.009375 0.0194444
1 0.349805 0.776389 0.0101562 0.0180556
1 0.349219 0.820833 0.00703125 0.0138889
1 0.558984 0.898611 0.00859375 0.0208333
1 0.268359 0.59375 0.00742187 0.0243056
1 0.267188 0.590972 0.009375 0.0291667
0 0.705078 0.0120443 0.0234375 0.0219184
1 0.26875 0.596528 0.00742187 0.0180556
0 0.619922 0.00817057 0.025 0.0142144
0 0.696094 0.818056 0.06875 0.105556
1 0.727344 0.258681 0.0140625 0.0243056
0 0.599609 0.220139 0.0328125 0.0694444
1 0.248242 0.534028 0.0046875 0.0152778
0 0.267578 0.590972 0.0101562 0.0298611
0 0.761328 0.0118924 0.0296875 0.0203559
0 0.727344 0.258333 0.015625 0.0256944
0 0.268359 0.59375 0.00742187 0.0243056
0 0.349805 0.776389 0.0101562 0.0180556
1 0.557813 0.898611 0.0109375 0.0236111
0 0.601562 0.230035 0.0375 0.0684028
1 0.560547 0.898611 0.0125 0.0236111
0 0.707812 0.013151 0.0296875 0.0249566
1 0.682813 0.0530382 0.0078125 0.0112847
0 0.558594 0.898611 0.009375 0.0222222
1 0.410937 0.681944 0.0078125 0.0152778
0 0.594531 0.222743 0.034375 0.0760417
1 0.547656 0.880556 0.0125 0.025
0 0.603906 0.215625 0.04375 0.0711806
0 0.548437 0.879167 0.0140625 0.025
1 0.348047 0.820833 0.0101562 0.0138889
1 0.583594 0.727778 0.0109375 0.0305556
0 0.331445 0.961111 0.0175781 0.0222222
1 0.584375 0.751389 0.0109375 0.0111111
1 0.246484 0.579167 0.0125 0.0166667
0 0.292969 0.925 0.0125 0.0305556
0 0.292383 0.922222 0.0144531 0.0388889
0 0.238281 0.00423177 0.0140625 0.00698785
1 0.559375 0.894444 0.0109375 0.0305556
0 0.905469 0.217361 0.0125 0.0243056
1 0.721484 0.00546875 0.0078125 0.00915799
1 0.705469 0.011811 0.0234375 0.0215169
0 0.701953 0.801389 0.0820312 0.141667
0 0.619922 0.00594618 0.0257812 0.0118924
0 0.26875 0.596528 0.00742187 0.0180556
0 0.600391 0.229514 0.0296875 0.0503472
1 0.56875 0.738889 0.009375 0.0277778
0 0.552734 0.884722 0.025 0.0361111
0 0.430469 0.994444 0.01875 0.0111111
1 0.585156 0.722222 0.0125 0.025
1 0.558984 0.904167 0.0109375 0.0333333
0 0.327734 0.915972 0.0222656 0.05
0 0.289844 0.924306 0.01875 0.0361111
1 0.905469 0.211458 0.0125 0.0277778
1 0.367383 0.281944 0.00820312 0.0118056
0 0.595703 0.234375 0.0445312 0.0833333
1 0.329688 0.545139 0.00859375 0.0208333
0 0.603125 0.240625 0.0398437 0.0722222
0 0.609375 0.222743 0.0515625 0.06875
1 0.682031 0.0550347 0.0109375 0.0169271
0 0.546875 0.879167 0.0117188 0.0222222
1 0.901563 0.217882 0.0125 0.0295139
1 0.586328 0.752083 0.0125 0.0125
0 0.619531 0.00423177 0.0265625 0.00846354
0 0.559375 0.894444 0.0109375 0.0305556
0 0.600391 0.259201 0.04375 0.109028
0 0.638281 0.0652778 0.0171875 0.0267361
0 0.289453 0.918056 0.0203125 0.0472222
0 0.292188 0.929167 0.0125 0.025
1 0.569141 0.727778 0.0117188 0.0305556
1 0.248242 0.536111 0.00625 0.0201389
1 0.276563 0.689583 0.00859375 0.0208333
0 0.56875 0.733333 0.009375 0.0194444
0 0.274805 0.947917 0.0535156 0.0888889
1 0.5625 0.897917 0.015625 0.0263889
1 0.703906 0.0708333 0.00859375 0.01875
0 0.754687 0.45625 0.046875 0.0833333
0 0.569531 0.55 0.0515625 0.0944444
0 0.619922 0.470139 0.0453125 0.0791667
0 0.703906 0.311632 0.0476562 0.0871528
0 0.658984 0.392361 0.0507812 0.0819444
0 0.760938 0.21059 0.04375 0.075
0 0.803906 0.134288 0.0421875 0.0671875
0 0.800195 0.369444 0.0464844 0.0770833
0 0.835938 0.0776042 0.0375 0.0621528
0 0.394531 0.823611 0.0398437 0.119444
0 0.878906 0.218056 0.0453125 0.075
0 0.945312 0.0886285 0.040625 0.0661458
0 0.623828 0.695833 0.0507812 0.0847222
0 0.910937 0.15816 0.040625 0.0701389
0 0.716406 0.526389 0.0445312 0.0708333
0 0.875 0.0277778 0.053125 0.0533854
0 0.572656 0.794444 0.040625 0.0944444
0 0.663672 0.609375 0.0429688 0.0902778
0 0.478125 0.968056 0.0445312 0.0583333
1 0.301172 0.53125 0.0117188 0.0236111
0 0.332031 0.915278 0.0164062 0.05
0 0.55625 0.215104 0.0234375 0.0920139
1 0.905469 0.217187 0.0125 0.0246528
1 0.583203 0.722222 0.00859375 0.0222222
1 0.56875 0.733333 0.009375 0.0194444
1 0.349805 0.776389 0.0101562 0.0180556
1 0.349219 0.820833 0.00703125 0.0125
1 0.558984 0.898611 0.00859375 0.0208333
1 0.268359 0.59375 0.00742187 0.0243056
1 0.267188 0.590972 0.009375 0.0291667
0 0.705469 0.0119575 0.0234375 0.0218316
1 0.26875 0.596528 0.00742187 0.0180556
0 0.696094 0.818056 0.06875 0.105556
0 0.619531 0.00817057 0.025 0.0142144
1 0.727344 0.258854 0.0140625 0.0239583
0 0.599219 0.220486 0.0328125 0.0694444
1 0.248242 0.534375 0.0046875 0.0152778
0 0.267578 0.590972 0.0101562 0.0298611
0 0.761328 0.0119141 0.0296875 0.0204427
0 0.268359 0.59375 0.00742187 0.0243056
0 0.601562 0.230208 0.0359375 0.0684028
0 0.727344 0.258507 0.0148437 0.0256944
1 0.557813 0.898611 0.0109375 0.0236111
1 0.560547 0.898611 0.0125 0.0236111
0 0.349805 0.776389 0.0101562 0.0180556
0 0.707812 0.0129829 0.0296875 0.0246419
0 0.558594 0.898611 0.009375 0.0222222
1 0.682813 0.0530382 0.0078125 0.0112847
1 0.547656 0.880556 0.0125 0.025
0 0.594531 0.22309 0.034375 0.0760417
0 0.603516 0.215799 0.0429688 0.071875
1 0.410937 0.681944 0.0078125 0.0152778
1 0.348047 0.820833 0.0101562 0.0138889
0 0.602344 0.237847 0.0421875 0.0743056
0 0.548437 0.879167 0.0140625 0.025
1 0.584375 0.751389 0.0109375 0.0111111
1 0.583594 0.727778 0.0109375 0.0305556
0 0.331445 0.961111 0.0175781 0.0222222
0 0.293164 0.925694 0.0121094 0.0305556
1 0.246484 0.579167 0.0125 0.0166667
0 0.292578 0.922222 0.0140625 0.0388889
1 0.558984 0.89375 0.0109375 0.0305556
1 0.721484 0.00553385 0.0078125 0.00924479
1 0.705469 0.0118056 0.0234375 0.0215278
0 0.238281 0.00421007 0.0140625 0.00698785
1 0.56875 0.738889 0.009375 0.0277778
0 0.697656 0.791667 0.0765625 0.161111
0 0.619531 0.00572917 0.0265625 0.0114583
0 0.26875 0.596528 0.00742187 0.0180556
0 0.6 0.229687 0.0296875 0.0513889
0 0.905469 0.217361 0.0125 0.0243056
0 0.552734 0.884722 0.025 0.0361111
1 0.558984 0.904167 0.0109375 0.0319444
1 0.585156 0.722222 0.0125 0.025
0 0.327734 0.915972 0.0222656 0.05
0 0.430469 0.994444 0.0195312 0.0111111
0 0.289844 0.924306 0.01875 0.0361111
1 0.905469 0.211458 0.0125 0.0277778
1 0.367383 0.282292 0.00820312 0.0118056
1 0.586328 0.752083 0.0117188 0.0125
0 0.595703 0.234549 0.04375 0.08125
1 0.901563 0.218056 0.0125 0.0291667
0 0.558984 0.89375 0.0109375 0.0305556
1 0.682031 0.0550781 0.0109375 0.0169271
0 0.608984 0.223611 0.0507812 0.06875
0 0.292188 0.929167 0.0125 0.025
0 0.546875 0.879167 0.0117188 0.0222222
1 0.329688 0.545139 0.00859375 0.0208333
0 0.289648 0.918056 0.0203125 0.0472222
0 0.638281 0.0652344 0.0171875 0.0266493
1 0.569141 0.727778 0.0117188 0.0305556
1 0.5625 0.897917 0.015625 0.0263889
0 0.292578 0.916667 0.015625 0.05
1 0.276563 0.689583 0.00859375 0.0208333
0 0.721484 0.00553385 0.0078125 0.00924479
0 0.600391 0.259722 0.0429688 0.106597
0 0.569531 0.55 0.0515625 0.0944444
0 0.619922 0.470486 0.0453125 0.0791667
0 0.703906 0.311458 0.0476562 0.0875
0 0.658984 0.392361 0.0507812 0.0819444
0 0.754297 0.45625 0.0460938 0.0833333
0 0.760938 0.21059 0.04375 0.075
0 0.803906 0.134288 0.0421875 0.0671875
0 0.835938 0.0776042 0.0375 0.0621528
0 0.800195 0.369444 0.0464844 0.0770833
0 0.394434 0.824306 0.0392578 0.118056
0 0.878906 0.218056 0.0453125 0.075
0 0.945312 0.0886285 0.040625 0.0661458
0 0.623828 0.696181 0.0507812 0.0840278
0 0.910937 0.15816 0.040625 0.0701389
0 0.716406 0.526389 0.0445312 0.0708333
0 0.875 0.0277778 0.053125 0.0533854
0 0.572656 0.794444 0.040625 0.0944444
0 0.663672 0.609375 0.0429688 0.0902778
0 0.478125 0.968056 0.0445312 0.0583333
1 0.301172 0.53125 0.0117188 0.0236111
0 0.332031 0.915278 0.0164062 0.05
0 0.55625 0.215104 0.0234375 0.0920139
1 0.905469 0.217361 0.0125 0.0243056
1 0.583203 0.722222 0.00859375 0.0222222
1 0.56875 0.733333 0.009375 0.0194444
1 0.349609 0.776389 0.0101562 0.0180556
1 0.349219 0.820833 0.00703125 0.0125
1 0.558984 0.898611 0.00859375 0.0208333
1 0.268359 0.59375 0.00742187 0.0243056
0 0.705469 0.0119575 0.0234375 0.0217448
1 0.267188 0.590972 0.009375 0.0291667
1 0.26875 0.596528 0.00742187 0.0180556
0 0.696094 0.818056 0.06875 0.105556
0 0.619531 0.00823568 0.025 0.014171
1 0.727734 0.259028 0.0140625 0.0236111
0 0.599219 0.220486 0.0328125 0.0694444
1 0.248242 0.534375 0.0046875 0.0152778
0 0.267578 0.590972 0.0101562 0.0298611
0 0.601172 0.230382 0.0359375 0.0673611
0 0.760938 0.0119358 0.0296875 0.0203993
0 0.268359 0.59375 0.00742187 0.0243056
0 0.727344 0.258507 0.0148437 0.0256944
1 0.557813 0.898611 0.0109375 0.0236111
1 0.560547 0.898611 0.0125 0.0236111
0 0.349805 0.776389 0.0101562 0.0180556
1 0.547656 0.880556 0.0125 0.025
0 0.558984 0.898611 0.009375 0.0222222
1 0.682813 0.053125 0.00859375 0.0116319
1 0.348047 0.820833 0.0101562 0.0138889
0 0.603125 0.215625 0.0421875 0.0722222
1 0.583594 0.727778 0.0109375 0.0305556
1 0.410937 0.681944 0.0078125 0.0152778
0 0.548437 0.879167 0.0140625 0.025
1 0.584375 0.752083 0.0109375 0.0125
0 0.331445 0.961111 0.0175781 0.0222222
0 0.293359 0.925 0.0117188 0.0305556
1 0.24668 0.579167 0.0121094 0.0166667
0 0.292383 0.922222 0.0140625 0.0388889
1 0.721094 0.00572917 0.0078125 0.0094184
1 0.705469 0.0118056 0.0234375 0.021441
1 0.558594 0.89375 0.0117188 0.0305556
1 0.56875 0.738889 0.009375 0.0277778
0 0.26875 0.596528 0.00742187 0.0180556
0 0.238281 0.00421007 0.0140625 0.00694444
1 0.558984 0.904167 0.0109375 0.0319444
0 0.619531 0.00559896 0.0265625 0.0111979
0 0.595312 0.223958 0.0390625 0.0826389
0 0.6 0.230035 0.0289063 0.0513889
0 0.552734 0.884722 0.025 0.0361111
1 0.585156 0.722222 0.0125 0.025
0 0.905469 0.217361 0.0125 0.0243056
1 0.901563 0.218229 0.0125 0.0284722
0 0.696875 0.790278 0.075 0.1625
0 0.603125 0.240278 0.0398437 0.0722222
1 0.905469 0.211285 0.0125 0.0277778
0 0.558594 0.89375 0.0117188 0.0305556
1 0.367383 0.282292 0.00820312 0.0118056
0 0.289844 0.923611 0.01875 0.0361111
0 0.430469 0.994444 0.0203125 0.0111111
0 0.546875 0.879167 0.0117188 0.0222222
0 0.327734 0.915972 0.021875 0.05
0 0.607031 0.224653 0.0453125 0.0673611
1 0.329102 0.545833 0.00898437 0.0222222
1 0.682031 0.0553385 0.0109375 0.0174479
0 0.292188 0.929167 0.0121094 0.025
1 0.569141 0.727778 0.0117188 0.0305556
1 0.5625 0.897917 0.015625 0.0263889
0 0.713281 0.0112413 0.0234375 0.0206163
1 0.703906 0.0715278 0.00859375 0.0201389
0 0.638281 0.065191 0.0171875 0.0272569
0 0.569531 0.55 0.0515625 0.0944444
0 0.619922 0.470486 0.0453125 0.0791667
0 0.658984 0.392361 0.0507812 0.0819444
0 0.703906 0.311458 0.0476562 0.0875
0 0.754297 0.45625 0.0460938 0.0833333
0 0.760938 0.21059 0.04375 0.075
0 0.803906 0.134288 0.0421875 0.0671875
0 0.835938 0.0776042 0.0375 0.0619792
0 0.800195 0.369444 0.0464844 0.0770833
0 0.394434 0.824306 0.0392578 0.118056
0 0.878125 0.218056 0.04375 0.075
0 0.945312 0.0886285 0.040625 0.0659722
0 0.623828 0.696181 0.0507812 0.0840278
0 0.910937 0.15816 0.040625 0.0701389
0 0.716406 0.526389 0.0445312 0.0708333
0 0.874219 0.0278212 0.053125 0.0533854
0 0.572656 0.795139 0.040625 0.0930556
0 0.663672 0.609375 0.0429688 0.0902778
0 0.478125 0.968056 0.0453125 0.0583333
1 0.301172 0.53125 0.0117188 0.0236111
0 0.332031 0.915278 0.0164062 0.05
0 0.55625 0.215104 0.0234375 0.0920139
1 0.905469 0.217187 0.0125 0.0243056
1 0.583203 0.722222 0.00859375 0.0222222
1 0.56875 0.733333 0.009375 0.0194444
1 0.349609 0.776389 0.0101562 0.0166667
1 0.349219 0.820833 0.00703125 0.0125
1 0.558984 0.898611 0.00859375 0.0208333
1 0.268359 0.594444 0.00742187 0.0236111
1 0.267969 0.591667 0.00859375 0.0277778
0 0.705469 0.0119575 0.0234375 0.021658
1 0.26875 0.596875 0.00703125 0.0173611
0 0.619531 0.00831163 0.025 0.0141493
0 0.696094 0.818056 0.06875 0.105556
1 0.727734 0.259028 0.0140625 0.0236111
1 0.248242 0.534375 0.0046875 0.0152778
0 0.267578 0.590972 0.0101562 0.0298611
0 0.6 0.228472 0.0328125 0.065625
0 0.760938 0.0120226 0.0296875 0.0203993
1 0.560547 0.898611 0.0125 0.0236111
1 0.557813 0.899306 0.0109375 0.0236111
0 0.268359 0.594444 0.00742187 0.0236111
1 0.350781 0.776389 0.0121094 0.0194444
0 0.727344 0.258333 0.0148437 0.0256944
0 0.349805 0.776389 0.0101562 0.0180556
1 0.547656 0.880556 0.0125 0.025
1 0.348047 0.820833 0.0101562 0.0138889
0 0.603125 0.220486 0.0390625 0.0708333
0 0.558984 0.898611 0.009375 0.0222222
1 0.583594 0.727778 0.0109375 0.0305556
0 0.600781 0.2375 0.0390625 0.0694444
0 0.548437 0.879861 0.0140625 0.0236111
1 0.682813 0.0531684 0.00859375 0.0117188
1 0.584375 0.751389 0.0109375 0.0111111
1 0.410937 0.681944 0.0078125 0.0152778
0 0.293164 0.925 0.0117188 0.0305556
1 0.246875 0.579167 0.0117188 0.0166667
1 0.705469 0.0117839 0.0234375 0.0213108
1 0.56875 0.738889 0.009375 0.0277778
0 0.292578 0.922222 0.0140625 0.0388889
0 0.331641 0.961111 0.0171875 0.0222222
1 0.558594 0.893056 0.0125 0.0305556
1 0.721094 0.00581597 0.0078125 0.0094184
1 0.558984 0.904167 0.0109375 0.0319444
1 0.901563 0.218403 0.0125 0.0277778
0 0.594531 0.223611 0.0335938 0.0729167
1 0.585156 0.722222 0.0125 0.025
0 0.26875 0.596875 0.00703125 0.0173611
0 0.238281 0.00423177 0.0140625 0.00690104
0 0.552734 0.884722 0.025 0.0375
0 0.619531 0.00523003 0.0265625 0.0104601
0 0.728516 0.261111 0.0140625 0.0270833
0 0.558594 0.893056 0.0125 0.0305556
0 0.6 0.230729 0.028125 0.0506944
1 0.905469 0.211111 0.0125 0.0277778
0 0.905469 0.217361 0.0125 0.0243056
1 0.585938 0.751389 0.0125 0.0138889
0 0.289844 0.923611 0.01875 0.0361111
1 0.367383 0.282292 0.00820312 0.0121528
0 0.292188 0.929167 0.0121094 0.025
0 0.696875 0.788194 0.075 0.166667
1 0.329297 0.545833 0.00898437 0.0222222
1 0.5625 0.897917 0.015625 0.0263889
1 0.569531 0.727778 0.0125 0.0305556
1 0.682031 0.0555122 0.0109375 0.0177083
1 0.582031 0.755556 0.0109375 0.0222222
0 0.430469 0.994444 0.0203125 0.0111111
1 0.703906 0.0716146 0.00859375 0.0203125
0 0.7125 0.011263 0.025 0.0206163
0 0.637891 0.0651476 0.0179687 0.0273438
0 0.569531 0.55 0.0515625 0.0944444
0 0.619922 0.470486 0.0453125 0.0791667
0 0.658984 0.392361 0.0507812 0.0819444
0 0.754297 0.45625 0.0460938 0.0833333
0 0.703906 0.311458 0.0476562 0.0875
0 0.760938 0.210764 0.04375 0.075
0 0.803906 0.134375 0.0421875 0.0670139
0 0.835938 0.077691 0.0375 0.0619792
0 0.394434 0.824306 0.0392578 0.118056
0 0.800195 0.369444 0.0464844 0.0763889
0 0.878125 0.218056 0.04375 0.075
0 0.945312 0.08852 0.040625 0.0660156
0 0.623828 0.695833 0.0507812 0.0833333
0 0.910937 0.15816 0.040625 0.0701389
0 0.716406 0.526389 0.04375 0.0708333
0 0.572656 0.795139 0.040625 0.0930556
0 0.874219 0.0280382 0.053125 0.0532118
0 0.664062 0.609028 0.04375 0.0902778
0 0.478125 0.968056 0.0453125 0.0583333
1 0.301172 0.53125 0.0117188 0.0236111
0 0.332031 0.915278 0.0164062 0.05
0 0.55625 0.215104 0.0234375 0.0920139
1 0.905469 0.217187 0.0125 0.0243056
1 0.583203 0.722222 0.00859375 0.0222222
1 0.56875 0.733333 0.009375 0.0194444
1 0.349609 0.776389 0.0101562 0.0166667
1 0.349219 0.820833 0.00703125 0.0125
1 0.558984 0.898611 0.00859375 0.0208333
1 0.268359 0.594792 0.00703125 0.0222222
1 0.267969 0.592014 0.00859375 0.0277778
0 0.705469 0.0119792 0.0242187 0.0215278
1 0.268945 0.597222 0.00703125 0.0173611
0 0.619531 0.00835503 0.025 0.0141059
1 0.727734 0.259028 0.0140625 0.0232639
0 0.696094 0.818056 0.06875 0.105556
1 0.248242 0.534375 0.0046875 0.0152778
0 0.267578 0.590972 0.0101562 0.0305556
0 0.6 0.229514 0.0328125 0.0631944
1 0.560547 0.898611 0.0125 0.0236111
1 0.557813 0.899306 0.0109375 0.0236111
0 0.760938 0.0120877 0.0296875 0.0203559
1 0.350781 0.776389 0.0121094 0.0194444
0 0.268359 0.594792 0.00703125 0.0222222
0 0.600781 0.218924 0.034375 0.0708333
0 0.727344 0.258507 0.0148437 0.0253472
0 0.349805 0.776389 0.0101562 0.0180556
1 0.348047 0.820833 0.0101562 0.0138889
1 0.547656 0.880556 0.0125 0.025
0 0.600781 0.237326 0.0390625 0.0670139
1 0.583594 0.727778 0.0109375 0.0305556
0 0.548047 0.879861 0.0140625 0.0236111
0 0.558984 0.898611 0.009375 0.0222222
1 0.584375 0.751389 0.0109375 0.0111111
1 0.682813 0.0532986 0.00859375 0.0118056
1 0.410937 0.681944 0.0078125 0.0152778
1 0.56875 0.738889 0.009375 0.0277778
0 0.293164 0.925 0.0117188 0.0305556
1 0.705469 0.0118273 0.0234375 0.0211806
1 0.246875 0.579167 0.0117188 0.0166667
1 0.558594 0.893056 0.0125 0.0305556
1 0.558984 0.904167 0.0109375 0.0319444
1 0.902344 0.218403 0.0125 0.0270833
0 0.331641 0.961111 0.0171875 0.0222222
0 0.292383 0.921528 0.0140625 0.0402778
0 0.238281 0.00425347 0.0140625 0.00690104
1 0.585156 0.722222 0.0125 0.025
1 0.721094 0.00607639 0.0078125 0.00967882
0 0.594531 0.224132 0.0328125 0.0708333
0 0.268945 0.597222 0.00703125 0.0173611
0 0.558594 0.893056 0.0125 0.0305556
0 0.552344 0.884722 0.025 0.0361111
1 0.905469 0.211111 0.0125 0.0277778
0 0.619531 0.00491536 0.0265625 0.00983073
0 0.90625 0.217361 0.0125 0.0243056
0 0.594531 0.223264 0.040625 0.0819444
1 0.367383 0.282465 0.00820312 0.0118056
1 0.585938 0.751389 0.0125 0.0138889
0 0.289648 0.924306 0.01875 0.0361111
0 0.607031 0.225694 0.04375 0.0652778
0 0.292188 0.929167 0.0117188 0.025
1 0.329297 0.545833 0.00859375 0.0222222
1 0.582031 0.755556 0.0109375 0.0222222
1 0.682031 0.0554687 0.0109375 0.0173611
0 0.6 0.256597 0.0421875 0.0923611
0 0.696484 0.7875 0.0742188 0.166667
0 0.569531 0.55 0.0515625 0.0944444
0 0.835938 0.0775608 0.0375 0.0618924
0 0.619531 0.470486 0.0453125 0.0791667
0 0.658984 0.392361 0.0507812 0.0819444
0 0.754297 0.45625 0.0460938 0.0833333
0 0.703906 0.311111 0.0476562 0.0875
0 0.394531 0.824306 0.0398437 0.118056
0 0.760938 0.210764 0.04375 0.075
0 0.803906 0.134375 0.0421875 0.0673611
0 0.800195 0.369444 0.0464844 0.0763889
0 0.878125 0.218056 0.04375 0.075
0 0.945312 0.0885634 0.040625 0.0659288
0 0.623828 0.695833 0.0507812 0.0833333
0 0.910937 0.15816 0.040625 0.0701389
0 0.716406 0.526389 0.04375 0.0715278
0 0.572656 0.795139 0.040625 0.0930556
0 0.664062 0.609028 0.04375 0.0902778
0 0.874219 0.0279948 0.053125 0.0532118
0 0.478125 0.968056 0.0445312 0.0583333
1 0.301172 0.53125 0.0117188 0.0236111
0 0.332031 0.915278 0.0164062 0.05
0 0.55625 0.215104 0.0234375 0.0920139
1 0.905469 0.217187 0.0125 0.0243056
1 0.583203 0.722222 0.00859375 0.0222222
1 0.56875 0.733333 0.009375 0.0194444
1 0.349609 0.776389 0.0101562 0.0166667
1 0.349219 0.820833 0.00703125 0.0125
1 0.558984 0.898611 0.00859375 0.0208333
1 0.268359 0.594792 0.00703125 0.0222222
0 0.705469 0.0119846 0.0242187 0.0214301
1 0.267969 0.592014 0.00859375 0.0277778
1 0.26875 0.597917 0.00742187 0.01875
0 0.619531 0.00837674 0.025 0.0140191
1 0.727734 0.259028 0.0140625 0.0236111
0 0.696094 0.818056 0.06875 0.105556
1 0.248242 0.534375 0.0046875 0.0152778
0 0.267578 0.590972 0.0101562 0.0305556
0 0.6 0.230903 0.0335938 0.0618056
0 0.760938 0.0120877 0.0296875 0.0203559
1 0.560547 0.898611 0.0125 0.0236111
1 0.557813 0.899306 0.0109375 0.0236111
1 0.350781 0.776389 0.0121094 0.0194444
0 0.599609 0.219097 0.0328125 0.0715278
0 0.268359 0.594792 0.00703125 0.0222222
0 0.727344 0.258507 0.0148437 0.0256944
0 0.349609 0.776389 0.0101562 0.0166667
1 0.348047 0.820833 0.0101562 0.0138889
1 0.547656 0.880556 0.0125 0.025
0 0.600781 0.238021 0.0390625 0.0666667
1 0.583594 0.727778 0.0101562 0.0305556
0 0.548047 0.879861 0.0140625 0.0236111
1 0.584375 0.751389 0.0109375 0.0125
1 0.56875 0.738889 0.009375 0.0277778
0 0.558984 0.898611 0.00859375 0.0222222
0 0.603516 0.215451 0.0429688 0.0746528
1 0.410937 0.681944 0.0078125 0.0152778
1 0.682813 0.0532986 0.00859375 0.0118056
0 0.293359 0.925694 0.0117188 0.0305556
0 0.331641 0.960417 0.0171875 0.0236111
1 0.558984 0.904167 0.0101562 0.0319444
1 0.705469 0.011849 0.0242187 0.0211372
0 0.238281 0.00426432 0.0140625 0.00692274
1 0.902344 0.218576 0.0125 0.0270833
1 0.246875 0.579167 0.0117188 0.0166667
0 0.292578 0.922222 0.0140625 0.0388889
1 0.558594 0.893056 0.0125 0.0305556
1 0.585156 0.722917 0.0125 0.0236111
1 0.721094 0.00634766 0.0078125 0.0100911
0 0.558594 0.893056 0.0125 0.0305556
1 0.905469 0.210938 0.0125 0.0274306
0 0.594531 0.225 0.0335938 0.0694444
0 0.552344 0.884722 0.025 0.0375
0 0.606641 0.227083 0.04375 0.0649306
1 0.367383 0.282813 0.00820312 0.0114583
1 0.585938 0.751389 0.0125 0.0138889
0 0.619531 0.00457899 0.0265625 0.00915799
0 0.594531 0.223264 0.040625 0.0826389
0 0.90625 0.217361 0.0125 0.0243056
0 0.289844 0.924306 0.01875 0.0361111
0 0.710156 0.0114366 0.028125 0.0207031
0 0.6 0.254514 0.04375 0.0875
0 0.26875 0.597917 0.00742187 0.01875
0 0.292383 0.929167 0.0121094 0.025
1 0.582031 0.755556 0.0109375 0.0222222
1 0.248437 0.536111 0.00625 0.0194444
1 0.329688 0.545139 0.00859375 0.0208333
1 0.276563 0.689583 0.00859375 0.0201389
0 0.595312 0.235069 0.04375 0.0763889
0 0.569531 0.55 0.0515625 0.0944444
0 0.619531 0.470486 0.0453125 0.0791667
0 0.658984 0.392361 0.0507812 0.0819444
0 0.754297 0.45625 0.0460938 0.0833333
0 0.703906 0.311458 0.0476562 0.0875
0 0.760938 0.210764 0.04375 0.075
0 0.803906 0.134375 0.0421875 0.0670139
0 0.835938 0.077691 0.0375 0.0619792
0 0.394434 0.823611 0.0392578 0.119444
0 0.800195 0.369444 0.0464844 0.0763889
0 0.878125 0.218056 0.04375 0.075
0 0.945312 0.0885417 0.040625 0.0659722
0 0.623828 0.696181 0.0507812 0.0840278
0 0.910937 0.15816 0.040625 0.0701389
0 0.716406 0.526389 0.04375 0.0715278
0 0.572656 0.795139 0.040625 0.0930556
0 0.664062 0.609375 0.0429688 0.0895833
0 0.874219 0.0280382 0.053125 0.053125
0 0.478125 0.968056 0.0445312 0.0583333
1 0.301172 0.53125 0.0117188 0.0236111
0 0.332031 0.915278 0.0164062 0.05
0 0.55625 0.214931 0.0234375 0.0916667
1 0.905469 0.217014 0.0125 0.0243056
1 0.583203 0.722222 0.00859375 0.0222222
1 0.56875 0.733333 0.009375 0.0194444
1 0.349609 0.776389 0.0101562 0.0166667
1 0.349219 0.820833 0.00703125 0.0125
1 0.558984 0.898611 0.00859375 0.0208333
1 0.268359 0.595139 0.00703125 0.0208333
0 0.705469 0.0119846 0.025 0.0213433
1 0.267969 0.592361 0.00859375 0.0263889
1 0.268945 0.597222 0.00703125 0.0166667
0 0.619531 0.00837674 0.025 0.0140191
1 0.248242 0.534375 0.0046875 0.0152778
1 0.727734 0.259028 0.0140625 0.0236111
0 0.696094 0.818056 0.06875 0.105556
0 0.267578 0.590972 0.0101562 0.0305556
0 0.600391 0.232465 0.034375 0.0600694
0 0.761328 0.0120877 0.0296875 0.0202691
1 0.560547 0.898611 0.0125 0.0236111
0 0.599219 0.222569 0.03125 0.0673611
1 0.557813 0.899306 0.0109375 0.0236111
1 0.350781 0.776389 0.0121094 0.0194444
1 0.904688 0.220313 0.0125 0.0295139
0 0.268359 0.595139 0.00703125 0.0208333
1 0.348047 0.820833 0.0101562 0.0138889
0 0.349805 0.776389 0.0101562 0.0166667
0 0.727344 0.258507 0.0148437 0.0256944
1 0.547266 0.880556 0.0125 0.025
1 0.583594 0.727778 0.0101562 0.0305556
0 0.600391 0.215278 0.0382813 0.075
1 0.584375 0.751389 0.0109375 0.0125
1 0.56875 0.738889 0.009375 0.0277778
0 0.548047 0.879861 0.0140625 0.0236111
0 0.293359 0.925694 0.0117188 0.0305556
0 0.558984 0.898611 0.00859375 0.0222222
0 0.603125 0.240799 0.040625 0.0663194
1 0.410937 0.681944 0.0078125 0.0152778
1 0.902344 0.218576 0.0125 0.0267361
0 0.292578 0.922222 0.0132813 0.0388889
0 0.331445 0.960417 0.0175781 0.0236111
1 0.558984 0.904167 0.0101562 0.0319444
1 0.585156 0.722917 0.0125 0.0236111
1 0.246875 0.579167 0.0117188 0.0166667
0 0.238281 0.00425347 0.0136719 0.00690104
1 0.705469 0.0118707 0.0242187 0.0210938
1 0.682813 0.053342 0.00859375 0.0118056
1 0.558594 0.893056 0.0125 0.0305556
0 0.60625 0.228125 0.04375 0.0645833
1 0.905469 0.210764 0.0125 0.0270833
1 0.721094 0.00651042 0.0078125 0.0103299
0 0.268945 0.597222 0.00703125 0.0166667
0 0.558594 0.893056 0.0125 0.0305556
1 0.585938 0.751389 0.0125 0.0138889
0 0.6 0.25191 0.0445312 0.0819444
0 0.594531 0.225868 0.0335938 0.0670139
1 0.367188 0.282813 0.0078125 0.0114583
0 0.594531 0.223264 0.0421875 0.0826389
0 0.292578 0.929167 0.0117188 0.025
0 0.552344 0.884722 0.025 0.0375
0 0.289844 0.925 0.01875 0.0361111
1 0.582031 0.755556 0.0109375 0.0222222
0 0.90625 0.217187 0.0125 0.0239583
1 0.248242 0.536111 0.00625 0.0194444
1 0.276563 0.689583 0.00820312 0.0194444
1 0.136914 0.13967 0.00820312 0.0131944
1 0.329688 0.545139 0.00859375 0.0208333
0 0.569531 0.55 0.0515625 0.0944444
0 0.619531 0.470486 0.0453125 0.0791667
0 0.658984 0.392014 0.0507812 0.08125
0 0.754297 0.45625 0.0460938 0.0833333
0 0.703906 0.311458 0.0476562 0.0875
0 0.760938 0.210764 0.04375 0.075
0 0.803906 0.134375 0.0421875 0.0670139
0 0.394434 0.823611 0.0392578 0.119444
0 0.835938 0.077691 0.0375 0.0619792
0 0.800195 0.369444 0.0464844 0.0763889
0 0.878125 0.218056 0.04375 0.075
0 0.945312 0.0885417 0.040625 0.0659722
0 0.623828 0.695833 0.0507812 0.0833333
0 0.910937 0.15816 0.040625 0.0701389
0 0.716406 0.526389 0.04375 0.0722222
0 0.572656 0.795139 0.040625 0.0930556
0 0.664062 0.609375 0.04375 0.0895833
0 0.873438 0.0280382 0.053125 0.053125
0 0.478125 0.968056 0.0445312 0.0583333
1 0.301172 0.53125 0.0117188 0.0236111
0 0.332031 0.915278 0.0164062 0.05
0 0.55625 0.214931 0.0234375 0.0916667
1 0.90625 0.217014 0.0125 0.0243056
1 0.583203 0.722222 0.00859375 0.0222222
1 0.56875 0.733333 0.009375 0.0194444
1 0.349609 0.776389 0.0101562 0.0166667
1 0.349219 0.820833 0.00703125 0.0125
1 0.558984 0.898611 0.00859375 0.0208333
1 0.268359 0.595139 0.00703125 0.0208333
0 0.705469 0.0119846 0.025 0.0212565
1 0.267969 0.592361 0.00859375 0.0263889
1 0.268945 0.597222 0.00703125 0.0173611
1 0.248242 0.534375 0.0046875 0.0152778
0 0.619531 0.00836589 0.025 0.0139106
1 0.727734 0.259201 0.0140625 0.0232639
0 0.267578 0.590972 0.0101562 0.0305556
0 0.696094 0.818056 0.06875 0.105556
0 0.6 0.232986 0.034375 0.0597222
0 0.761328 0.0121582 0.0296875 0.0202148
1 0.560547 0.898611 0.0125 0.0236111
0 0.599219 0.222917 0.03125 0.0666667
1 0.557813 0.899306 0.0109375 0.0236111
1 0.350781 0.776389 0.0125 0.0194444
1 0.904688 0.220313 0.0125 0.0295139
0 0.268359 0.595139 0.00703125 0.0208333
1 0.348047 0.820833 0.0101562 0.0138889
1 0.547266 0.880556 0.0125 0.025
1 0.583594 0.727778 0.0101562 0.0305556
0 0.349609 0.776389 0.0101562 0.0166667
0 0.727344 0.258507 0.0148437 0.0256944
1 0.584375 0.751389 0.0109375 0.0111111
0 0.600391 0.215451 0.0382813 0.0746528
1 0.56875 0.738889 0.009375 0.0277778
0 0.548047 0.879167 0.0140625 0.0222222
0 0.293359 0.925694 0.0117188 0.0305556
0 0.603125 0.240972 0.040625 0.0666667
0 0.558984 0.898611 0.00859375 0.0222222
1 0.410937 0.681944 0.0078125 0.0152778
1 0.902344 0.218403 0.0125 0.0263889
0 0.619531 0.0101128 0.028125 0.0177951
0 0.292578 0.922222 0.0132813 0.0388889
0 0.331445 0.960417 0.0175781 0.0236111
1 0.558984 0.904167 0.0101562 0.0319444
1 0.246875 0.579167 0.0117188 0.0159722
1 0.585156 0.722917 0.0125 0.0236111
0 0.238281 0.00423177 0.0136719 0.00690104
1 0.558594 0.893056 0.0125 0.0305556
1 0.705469 0.0118707 0.0242187 0.0210503
1 0.905469 0.210764 0.0125 0.0270833
0 0.601562 0.250694 0.046875 0.0805556
1 0.682813 0.0533854 0.00859375 0.0117188
0 0.60625 0.228472 0.04375 0.0652778
0 0.268945 0.597222 0.00703125 0.0173611
1 0.586328 0.751389 0.0117188 0.0138889
1 0.721094 0.00659722 0.0078125 0.0104167
0 0.558594 0.893056 0.0125 0.0305556
0 0.594531 0.223611 0.0421875 0.0826389
1 0.367188 0.282986 0.0078125 0.0111111
0 0.594531 0.226389 0.034375 0.0659722
1 0.582031 0.755556 0.0101562 0.0222222
0 0.289844 0.925 0.01875 0.0361111
0 0.292578 0.929167 0.0117188 0.025
1 0.136914 0.139757 0.00820312 0.0131944
0 0.552344 0.884722 0.025 0.0375
0 0.90625 0.217187 0.0125 0.0239583
1 0.276563 0.689236 0.0078125 0.0194444
0 0.547656 0.218056 0.0328125 0.0930556
1 0.248242 0.536111 0.00625 0.0194444
0 0.569531 0.55 0.0515625 0.0944444
0 0.619531 0.470486 0.0453125 0.0791667
0 0.658984 0.392014 0.0507812 0.08125
0 0.754297 0.45625 0.0460938 0.0833333
0 0.703906 0.311458 0.0484375 0.0875
0 0.760938 0.210764 0.04375 0.075
0 0.835938 0.0777344 0.0375 0.0618924
0 0.804492 0.134375 0.0410156 0.0670139
0 0.394434 0.823611 0.0392578 0.119444
0 0.800195 0.369444 0.0464844 0.0770833
0 0.878125 0.218056 0.04375 0.075
0 0.945312 0.0885417 0.040625 0.0659722
0 0.623828 0.696181 0.0507812 0.0840278
0 0.910937 0.15816 0.040625 0.0701389
0 0.716406 0.526389 0.04375 0.0722222
0 0.572656 0.795139 0.040625 0.0930556
0 0.664062 0.609375 0.0429688 0.0895833
0 0.873438 0.0280382 0.053125 0.053125
0 0.478125 0.968056 0.0453125 0.0583333
1 0.301172 0.53125 0.0117188 0.0236111
0 0.332031 0.915278 0.0164062 0.05
0 0.55625 0.214931 0.0234375 0.0916667
1 0.90625 0.217014 0.0125 0.0243056
1 0.583203 0.722222 0.00859375 0.0222222
1 0.56875 0.733333 0.009375 0.0194444
1 0.349609 0.776389 0.0101562 0.0166667
1 0.349219 0.820833 0.00703125 0.0125
1 0.558984 0.898611 0.00859375 0.0208333
1 0.268359 0.595833 0.00703125 0.0208333
0 0.705469 0.0120009 0.025 0.0211372
1 0.267969 0.592708 0.00859375 0.0263889
1 0.248242 0.534375 0.0046875 0.0152778
0 0.619531 0.00833333 0.025 0.0138021
1 0.727734 0.259028 0.0140625 0.0232639
0 0.267578 0.590972 0.0101562 0.0305556
0 0.696094 0.816667 0.06875 0.105556
0 0.6 0.232986 0.034375 0.0597222
0 0.599219 0.223264 0.03125 0.0670139
0 0.760938 0.0121908 0.0296875 0.0201497
1 0.560547 0.898611 0.0125 0.025
1 0.350781 0.776389 0.0125 0.0194444
1 0.557813 0.899306 0.0109375 0.0236111
1 0.904688 0.220486 0.0125 0.0291667
1 0.348047 0.820833 0.0101562 0.0138889
0 0.268359 0.595833 0.00703125 0.0208333
1 0.547266 0.880556 0.0125 0.025
1 0.583594 0.727778 0.0101562 0.0305556
0 0.600391 0.215799 0.0382813 0.075
0 0.349805 0.776389 0.0101562 0.0166667
0 0.603125 0.240972 0.040625 0.0666667
1 0.584375 0.751389 0.0109375 0.0111111
1 0.56875 0.738889 0.009375 0.0277778
0 0.727344 0.258333 0.0148437 0.0256944
0 0.75625 0.0125651 0.040625 0.0210503
0 0.548047 0.879167 0.0140625 0.0222222
0 0.558984 0.898611 0.00859375 0.0222222
0 0.293359 0.925694 0.0117188 0.0305556
0 0.619531 0.0100803 0.028125 0.01773
1 0.902344 0.218403 0.0125 0.0263889
0 0.292578 0.921528 0.0136719 0.0402778
1 0.410937 0.681944 0.0078125 0.0152778
1 0.24707 0.579167 0.0113281 0.0159722
1 0.558984 0.904167 0.0101562 0.0319444
0 0.331445 0.959722 0.0175781 0.025
0 0.6 0.249306 0.0453125 0.0763889
1 0.585156 0.722917 0.0125 0.0236111
0 0.60625 0.228646 0.04375 0.065625
1 0.905469 0.210764 0.0125 0.0270833
0 0.238281 0.00427517 0.0132813 0.00690104
1 0.705469 0.0119141 0.025 0.0209201
1 0.558594 0.893056 0.0125 0.0305556
0 0.594531 0.223611 0.0414063 0.0826389
0 0.594531 0.226736 0.0328125 0.0659722
1 0.585938 0.751389 0.0125 0.0138889
1 0.582031 0.755556 0.0109375 0.0208333
0 0.558594 0.893056 0.0125 0.0305556
1 0.682813 0.0534288 0.00859375 0.0117188
1 0.721094 0.00687934 0.0078125 0.0109809
1 0.367188 0.282813 0.0078125 0.0114583
0 0.289844 0.925 0.01875 0.0361111
0 0.292578 0.929167 0.0117188 0.025
1 0.136914 0.139931 0.00820312 0.0131944
1 0.276563 0.689236 0.0078125 0.01875
0 0.90625 0.217187 0.0125 0.0239583
0 0.552344 0.884722 0.0242187 0.0375
0 0.569531 0.55 0.0515625 0.0944444
0 0.619531 0.470139 0.0453125 0.0791667
0 0.658984 0.392361 0.0507812 0.0819444
0 0.754297 0.45625 0.0460938 0.0833333
0 0.703906 0.311285 0.0476562 0.0878472
0 0.760938 0.210764 0.04375 0.075
0 0.804492 0.134375 0.0410156 0.0670139
0 0.394434 0.823611 0.0392578 0.119444
0 0.835938 0.0777344 0.0375 0.062066
0 0.800195 0.369444 0.0464844 0.0770833
0 0.878125 0.218056 0.04375 0.075
0 0.945312 0.0885417 0.040625 0.0657986
0 0.623438 0.695833 0.05 0.0847222
0 0.910937 0.15816 0.040625 0.0701389
0 0.716406 0.526736 0.04375 0.0722222
0 0.572656 0.795139 0.040625 0.0930556
0 0.664062 0.609375 0.0429688 0.0895833
0 0.873438 0.0280382 0.053125 0.053125
0 0.478125 0.968056 0.04375 0.0583333
1 0.301172 0.53125 0.0117188 0.0236111
0 0.332031 0.915278 0.0164062 0.05
0 0.55625 0.214757 0.0234375 0.0916667
1 0.90625 0.217014 0.0125 0.0243056
1 0.583203 0.722222 0.00859375 0.0222222
1 0.56875 0.733333 0.009375 0.0194444
1 0.349609 0.776389 0.0101562 0.0166667
1 0.349219 0.820833 0.00703125 0.0138889
1 0.558984 0.898611 0.00859375 0.0208333
1 0.268359 0.595486 0.00703125 0.0208333
0 0.705859 0.0120443 0.025 0.0210503
1 0.267969 0.592361 0.00859375 0.0263889
1 0.248242 0.534375 0.0046875 0.0152778
0 0.619531 0.00830078 0.025 0.0136936
1 0.727734 0.259028 0.0140625 0.0232639
0 0.267578 0.590972 0.0101562 0.0305556
0 0.6 0.232986 0.034375 0.0604167
0 0.696094 0.816667 0.06875 0.105556
0 0.599219 0.223264 0.03125 0.0680556
1 0.350781 0.776389 0.0125 0.0194444
0 0.760938 0.0121908 0.0296875 0.0201497
1 0.560547 0.898611 0.0125 0.025
1 0.557813 0.899306 0.0109375 0.0236111
1 0.904688 0.220486 0.0125 0.0291667
0 0.268359 0.595486 0.00703125 0.0208333
0 0.600391 0.215972 0.0382813 0.0756944
0 0.755469 0.0125054 0.0421875 0.0218641
0 0.602734 0.240625 0.040625 0.0673611
1 0.583594 0.727778 0.0101562 0.0305556
0 0.349805 0.776389 0.0101562 0.0166667
1 0.547656 0.880556 0.0125 0.025
1 0.584375 0.751389 0.0109375 0.0111111
1 0.56875 0.738889 0.009375 0.0277778
0 0.293359 0.925 0.0117188 0.0305556
0 0.548047 0.879167 0.0140625 0.0222222
0 0.558984 0.898611 0.00859375 0.0222222
0 0.619531 0.0100694 0.028125 0.0176649
0 0.727344 0.258333 0.0148437 0.0256944
0 0.292578 0.921528 0.0140625 0.0402778
1 0.902344 0.218403 0.0125 0.0263889
1 0.410937 0.681944 0.0078125 0.0152778
1 0.247656 0.579167 0.00976562 0.0145833
1 0.558984 0.904167 0.0101562 0.0305556
0 0.60625 0.228819 0.0429688 0.0659722
1 0.585156 0.722917 0.0125 0.0236111
1 0.905469 0.210764 0.0125 0.0267361
0 0.331445 0.959722 0.0175781 0.025
1 0.705469 0.0119141 0.025 0.0208767
0 0.594531 0.226389 0.0335938 0.0666667
0 0.594531 0.223611 0.040625 0.0829861
0 0.238281 0.00425347 0.0132813 0.00685764
1 0.558594 0.893056 0.0125 0.0305556
1 0.585938 0.751389 0.0125 0.0138889
1 0.582031 0.755556 0.0109375 0.0208333
0 0.558594 0.893056 0.0125 0.0305556
0 0.289844 0.924306 0.01875 0.0361111
0 0.292578 0.929167 0.0117188 0.025
1 0.720312 0.00719401 0.0078125 0.0115234
0 0.594531 0.194618 0.0765625 0.0756944
1 0.136914 0.139931 0.00820312 0.0131944
1 0.367188 0.282813 0.0078125 0.0114583
0 0.547266 0.218056 0.0335938 0.09375
1 0.276563 0.689236 0.0078125 0.01875
0 0.569531 0.55 0.0515625 0.0944444
0 0.619922 0.470139 0.0445312 0.0791667
0 0.658984 0.392361 0.0507812 0.0819444
0 0.754297 0.45625 0.0460938 0.0833333
0 0.703906 0.311285 0.0476562 0.0878472
0 0.760938 0.210417 0.04375 0.075
0 0.804492 0.134375 0.0410156 0.0670139
0 0.394434 0.823611 0.0392578 0.119444
0 0.835938 0.077691 0.0375 0.0619792
0 0.800195 0.369444 0.0464844 0.0770833
0 0.878125 0.218056 0.04375 0.075
0 0.945312 0.0885417 0.040625 0.0659722
0 0.623828 0.695833 0.0507812 0.0847222
0 0.910937 0.15816 0.040625 0.0701389
0 0.716406 0.526736 0.04375 0.0722222
0 0.572656 0.795139 0.040625 0.0930556
0 0.664062 0.609722 0.0429688 0.0888889
0 0.873438 0.0279514 0.053125 0.0532986
0 0.478125 0.968056 0.04375 0.0583333
1 0.301172 0.53125 0.0117188 0.0236111
0 0.332031 0.915278 0.0164062 0.05
0 0.55625 0.214583 0.0234375 0.0916667
1 0.90625 0.217014 0.0125 0.0243056
1 0.583203 0.722222 0.00859375 0.0222222
1 0.56875 0.733333 0.009375 0.0194444
1 0.349609 0.776389 0.0101562 0.0166667
1 0.349219 0.820833 0.00703125 0.0138889
1 0.558984 0.898611 0.00859375 0.0208333
1 0.268359 0.595486 0.00703125 0.0208333
0 0.705859 0.0120226 0.025 0.0210069
1 0.267969 0.592708 0.00859375 0.0263889
1 0.248242 0.534722 0.0046875 0.0152778
0 0.619531 0.00826823 0.025 0.0135851
1 0.727734 0.259028 0.0140625 0.0232639
0 0.267578 0.591319 0.0101562 0.0298611
0 0.6 0.232639 0.034375 0.0611111
0 0.696094 0.816667 0.06875 0.105556
0 0.599219 0.22309 0.03125 0.0684028
1 0.350781 0.776389 0.0125 0.0194444
1 0.557813 0.899306 0.0109375 0.0236111
1 0.904688 0.220313 0.0125 0.0291667
0 0.760938 0.0122016 0.0304688 0.0202148
1 0.560547 0.898611 0.0125 0.025
0 0.600391 0.216319 0.0382813 0.0756944
0 0.268359 0.595486 0.00703125 0.0208333
0 0.754687 0.0125488 0.04375 0.021951
0 0.602734 0.240451 0.040625 0.0677083
1 0.583594 0.727778 0.0101562 0.0305556
0 0.349609 0.776389 0.0101562 0.0166667
1 0.584375 0.752083 0.0109375 0.0125
1 0.547656 0.880556 0.0125 0.025
1 0.56875 0.738889 0.009375 0.0277778
0 0.293359 0.925694 0.0117188 0.0305556
0 0.619531 0.0100803 0.028125 0.0176432
0 0.548047 0.879167 0.0140625 0.0222222
0 0.558984 0.898611 0.00859375 0.0222222
0 0.292578 0.921528 0.0132813 0.0402778
0 0.727344 0.258333 0.0148437 0.0256944
1 0.902344 0.218576 0.0125 0.0270833
1 0.247656 0.579167 0.009375 0.0145833
1 0.410937 0.681944 0.0078125 0.0152778
1 0.558984 0.904167 0.0101562 0.0305556
0 0.60625 0.228472 0.0429688 0.0666667
1 0.905469 0.210764 0.0125 0.0267361
1 0.585156 0.722917 0.0125 0.0236111
0 0.594531 0.226389 0.0335938 0.0670139
0 0.594922 0.223264 0.040625 0.0833333
1 0.705859 0.0119412 0.025 0.0208225
0 0.331445 0.959722 0.0175781 0.025
1 0.582031 0.755556 0.0109375 0.0208333
0 0.238281 0.00425347 0.0132813 0.00690104
1 0.585938 0.751389 0.0125 0.0138889
1 0.557813 0.893056 0.0125 0.0305556
0 0.557813 0.893056 0.0125 0.0305556
0 0.289648 0.925 0.0191406 0.0361111
1 0.136914 0.140104 0.00820312 0.0131944
0 0.594531 0.194965 0.0765625 0.0760417
0 0.292578 0.929167 0.0117188 0.025
0 0.547266 0.217708 0.0335938 0.0944444
0 0.749219 0.0144748 0.0578125 0.0266927
1 0.276563 0.689236 0.0078125 0.01875
0 0.607813 0.189931 0.0765625 0.0725694
0 0.569531 0.55 0.0515625 0.0944444
0 0.703906 0.311458 0.0476562 0.0875
0 0.619922 0.470139 0.0445312 0.0791667
0 0.658984 0.392014 0.0507812 0.08125
0 0.754297 0.45625 0.0460938 0.0833333
0 0.760938 0.210764 0.04375 0.075
0 0.804492 0.134375 0.0410156 0.0670139
0 0.394434 0.824306 0.0392578 0.118056
0 0.800195 0.369444 0.0464844 0.0770833
0 0.835938 0.077691 0.0375 0.0619792
0 0.878125 0.218229 0.04375 0.0746528
0 0.945312 0.0884549 0.040625 0.0657986
0 0.623438 0.695833 0.05 0.0847222
0 0.910937 0.15816 0.040625 0.0701389
0 0.716406 0.526736 0.04375 0.0722222
0 0.572656 0.795139 0.040625 0.0930556
0 0.664062 0.609722 0.0429688 0.0888889
0 0.478125 0.968056 0.0445312 0.0583333
0 0.873438 0.0279731 0.053125 0.053342
1 0.301172 0.53125 0.0117188 0.0236111
0 0.332031 0.914583 0.0164062 0.05
0 0.55625 0.214583 0.0234375 0.0916667
1 0.90625 0.217014 0.0125 0.0243056
1 0.583203 0.722222 0.00859375 0.0222222
1 0.56875 0.733333 0.009375 0.0194444
1 0.349609 0.776389 0.0101562 0.0166667
1 0.349219 0.820833 0.00703125 0.0138889
1 0.558984 0.898611 0.00859375 0.0208333
1 0.268359 0.595486 0.00703125 0.0208333
0 0.705859 0.0120009 0.025 0.0209635
1 0.267969 0.592708 0.00859375 0.0263889
1 0.248242 0.534722 0.0046875 0.0152778
0 0.619531 0.00825738 0.025 0.0135634
0 0.267773 0.591319 0.0101562 0.0298611
0 0.6 0.232986 0.034375 0.0611111
1 0.727734 0.259028 0.0140625 0.0236111
0 0.696094 0.816667 0.06875 0.105556
0 0.599219 0.223264 0.03125 0.0680556
1 0.350781 0.776389 0.0125 0.0194444
1 0.904688 0.220313 0.0125 0.0291667
1 0.557813 0.899306 0.0109375 0.0236111
1 0.560547 0.898611 0.0125 0.025
0 0.760938 0.0121039 0.0296875 0.0194553
0 0.600391 0.216319 0.0382813 0.0763889
0 0.753125 0.0125922 0.046875 0.0221246
0 0.268359 0.595486 0.00703125 0.0208333
0 0.602344 0.240625 0.040625 0.0680556
1 0.583594 0.727778 0.0101562 0.0305556
1 0.584375 0.752083 0.0109375 0.0125
0 0.349609 0.776389 0.0101562 0.0166667
0 0.619531 0.0100586 0.028125 0.0176432
1 0.56875 0.738889 0.009375 0.0277778
1 0.547656 0.880556 0.0125 0.025
0 0.293359 0.925694 0.0117188 0.0305556
0 0.548047 0.879167 0.0140625 0.0222222
0 0.558984 0.898611 0.00859375 0.0222222
0 0.292578 0.922222 0.0132813 0.0388889
1 0.410937 0.681944 0.0078125 0.0152778
1 0.247656 0.579167 0.009375 0.0145833
0 0.727344 0.258333 0.0148437 0.0256944
1 0.902344 0.218576 0.0125 0.0274306
1 0.905469 0.210764 0.0125 0.0263889
1 0.558594 0.904167 0.0109375 0.0305556
0 0.60625 0.228819 0.0429688 0.0666667
0 0.594531 0.226736 0.0328125 0.0666667
1 0.585156 0.723611 0.0125 0.025
0 0.607813 0.235764 0.0507812 0.0722222
0 0.594531 0.22309 0.040625 0.0840278
1 0.582031 0.755556 0.0109375 0.0208333
1 0.585938 0.751389 0.0125 0.0138889
1 0.705859 0.0119358 0.025 0.0207465
0 0.331445 0.959722 0.0175781 0.025
0 0.238281 0.00428602 0.0132813 0.00692274
1 0.558203 0.893056 0.0117188 0.0305556
0 0.749219 0.0144314 0.0578125 0.0265191
1 0.136914 0.140104 0.00820312 0.0131944
0 0.289648 0.925 0.0191406 0.0347222
0 0.558203 0.893056 0.0117188 0.0305556
0 0.547266 0.217708 0.034375 0.0944444
0 0.594531 0.195139 0.0757812 0.0767361
0 0.292578 0.929167 0.0117188 0.025
1 0.167578 0.0846354 0.00742187 0.0123264
1 0.276563 0.689236 0.0078125 0.01875
0 0.569531 0.55 0.0515625 0.0944444
0 0.703906 0.311458 0.0476562 0.0875
0 0.619922 0.470139 0.0445312 0.0791667
0 0.658984 0.392014 0.0507812 0.08125
0 0.754297 0.45625 0.0460938 0.0833333
0 0.760938 0.210764 0.04375 0.075
0 0.804492 0.134375 0.0410156 0.0670139
0 0.394434 0.824306 0.0392578 0.118056
0 0.800195 0.369444 0.0464844 0.0770833
0 0.835938 0.077691 0.0375 0.0619792
0 0.878125 0.218229 0.04375 0.0746528
0 0.945312 0.0884549 0.040625 0.0657986
0 0.910937 0.15816 0.040625 0.0701389
0 0.623438 0.695833 0.05 0.0847222
0 0.716406 0.526736 0.04375 0.0722222
0 0.572656 0.795139 0.040625 0.0930556
0 0.664062 0.609722 0.04375 0.0888889
0 0.478125 0.968056 0.04375 0.0583333
0 0.873438 0.0279948 0.053125 0.0532986
1 0.301172 0.53125 0.0117188 0.0236111
0 0.332031 0.914583 0.0164062 0.05
0 0.55625 0.214583 0.0234375 0.0916667
1 0.90625 0.217014 0.0125 0.0243056
1 0.583203 0.722222 0.00859375 0.0222222
1 0.56875 0.733333 0.009375 0.0194444
1 0.349609 0.776389 0.0101562 0.0166667
1 0.349219 0.820833 0.00703125 0.0138889
1 0.558984 0.898611 0.00859375 0.0208333
1 0.268359 0.595486 0.00703125 0.0208333
0 0.705859 0.0120009 0.025 0.0209635
1 0.267969 0.592708 0.00859375 0.0263889
1 0.248242 0.534722 0.0046875 0.0152778
0 0.619531 0.00825738 0.025 0.0135634
0 0.267773 0.590972 0.0101562 0.0291667
0 0.6 0.232986 0.034375 0.0607639
1 0.727734 0.259028 0.0140625 0.0236111
0 0.696094 0.816667 0.06875 0.105556
0 0.599219 0.223264 0.03125 0.0680556
1 0.350781 0.776389 0.0125 0.0194444
1 0.904688 0.220313 0.0125 0.0291667
1 0.557813 0.899306 0.0109375 0.0236111
1 0.560547 0.898611 0.0125 0.025
0 0.760938 0.0121094 0.0296875 0.0194878
0 0.600391 0.216319 0.0382813 0.0763889
0 0.753125 0.0125868 0.046875 0.022092
0 0.268359 0.595486 0.00703125 0.0208333
0 0.602344 0.240625 0.040625 0.0677083
1 0.583594 0.727778 0.0101562 0.0305556
1 0.584375 0.752083 0.0109375 0.0125
0 0.349609 0.776389 0.0101562 0.0166667
0 0.619531 0.0100586 0.028125 0.0176432
1 0.56875 0.738889 0.009375 0.0277778
1 0.547656 0.880556 0.0125 0.025
0 0.293359 0.925 0.0117188 0.0305556
0 0.548047 0.879167 0.0140625 0.0222222
0 0.558984 0.898611 0.00859375 0.0222222
0 0.292578 0.922222 0.0132813 0.0388889
1 0.410937 0.681944 0.0078125 0.0152778
1 0.247656 0.579167 0.009375 0.0145833
0 0.727344 0.258333 0.0148437 0.0256944
1 0.902344 0.218576 0.0125 0.0274306
1 0.905469 0.210764 0.0125 0.0267361
1 0.558594 0.904167 0.0109375 0.0305556
0 0.60625 0.228819 0.0429688 0.0666667
0 0.594531 0.226736 0.0328125 0.0666667
1 0.585156 0.723611 0.0125 0.025
0 0.607813 0.235764 0.0507812 0.0722222
0 0.594531 0.222917 0.040625 0.0840278
1 0.582031 0.755556 0.0101562 0.0208333
1 0.585938 0.751389 0.0125 0.0138889
1 0.705859 0.0119358 0.025 0.0207465
0 0.331445 0.959722 0.0175781 0.025
0 0.238281 0.00428602 0.0132813 0.00692274
1 0.558203 0.893056 0.0117188 0.0305556
0 0.749219 0.0144314 0.0578125 0.0265191
1 0.136914 0.140104 0.00820312 0.0131944
0 0.289648 0.925 0.0191406 0.0347222
0 0.558203 0.893056 0.0117188 0.0305556
0 0.547266 0.217708 0.034375 0.0944444
0 0.594531 0.195139 0.0757812 0.0767361
0 0.292578 0.929167 0.0117188 0.025
1 0.167578 0.0846354 0.00742187 0.0123264
1 0.276563 0.689236 0.0078125 0.01875
