0 0.566406 0.865278 0.0757812 0.177778
0 0.604297 0.382639 0.0640625 0.0944444
0 0.913281 0.0373264 0.053125 0.0729167
0 0.751562 0.807639 0.0546875 0.166667
0 0.383594 0.908333 0.0304688 0.0611111
0 0.551562 0.617361 0.025 0.0430556
0 0.737891 0.979167 0.0601562 0.0402778
1 0.595703 0.628819 0.0101562 0.03125
0 0.555469 0.619792 0.0296875 0.0451389
0 0.873438 0.0684028 0.03125 0.0364583
1 0.897656 0.0927083 0.0140625 0.0152778
0 0.594922 0.630903 0.0109375 0.0347222
0 0.897656 0.0927083 0.0140625 0.0152778
0 0.878125 0.0704861 0.021875 0.0357639
0 0.759766 0.24566 0.00859375 0.0173611
0 0.796875 0.888889 0.040625 0.0388889
1 0.759766 0.24566 0.00859375 0.0173611
0 0.984375 0.9625 0.03125 0.0722222
1 0.576563 0.733333 0.0125 0.0222222
1 0.854688 0.126389 0.00625 0.0166667
1 0.551953 0.616667 0.025 0.0430556
1 0.742188 0.559375 0.009375 0.0194444
1 0.761328 0.247049 0.00859375 0.0229167
1 0.878125 0.0704861 0.021875 0.0357639
0 0.739844 0.288368 0.0117188 0.0194444
0 0.85625 0.114757 0.0078125 0.0270833
1 0.85625 0.114757 0.0078125 0.0270833
0 0.904688 0.0349392 0.065625 0.0698785
0 0.828906 0.176042 0.0171875 0.0232639
0 0.595703 0.623611 0.0203125 0.0402778
1 0.595703 0.623611 0.0203125 0.0402778
0 0.565625 0.864583 0.075 0.175
0 0.604688 0.382292 0.0625 0.0951389
0 0.913281 0.0378472 0.053125 0.0727431
0 0.750781 0.806944 0.0546875 0.166667
0 0.383984 0.908333 0.0304688 0.0611111
0 0.551562 0.617361 0.0242187 0.0423611
0 0.7375 0.979167 0.0578125 0.0388889
1 0.596094 0.628472 0.0109375 0.0298611
0 0.873438 0.06773 0.03125 0.0360677
0 0.289453 0.928472 0.0765625 0.140278
1 0.898438 0.0913194 0.015625 0.0149306
0 0.595312 0.630556 0.0109375 0.0347222
0 0.898438 0.0913194 0.015625 0.0149306
0 0.596094 0.630208 0.0109375 0.0270833
0 0.878125 0.0719618 0.04375 0.0421875
1 0.742188 0.557986 0.0078125 0.0194444
1 0.7375 0.979167 0.0578125 0.0388889
1 0.271094 0.710417 0.0109375 0.0166667
1 0.9125 0.0375868 0.053125 0.0720486
0 0.898438 0.021441 0.025 0.0401042
1 0.565625 0.865278 0.0765625 0.175
1 0.748828 0.445139 0.0117188 0.0291667
0 0.985937 0.963194 0.028125 0.0708333
1 0.604688 0.382639 0.0625 0.0958333
1 0.551562 0.617361 0.025 0.0430556
1 0.576172 0.731944 0.0117188 0.0222222
1 0.750781 0.806944 0.0546875 0.166667
0 0.566016 0.863889 0.0757812 0.177778
0 0.604688 0.381944 0.0625 0.0972222
0 0.913281 0.037934 0.053125 0.0736111
0 0.750781 0.807639 0.0546875 0.166667
0 0.384375 0.908333 0.0289063 0.0611111
0 0.551953 0.617361 0.025 0.0402778
0 0.7375 0.979167 0.059375 0.0416667
1 0.596094 0.627778 0.0109375 0.0291667
0 0.873438 0.0691189 0.03125 0.0357205
0 0.595703 0.631944 0.0109375 0.0333333
1 0.897656 0.0918403 0.0140625 0.0135417
1 0.742188 0.559722 0.0078125 0.0236111
1 0.597656 0.629167 0.0109375 0.0256944
0 0.897656 0.0918403 0.0140625 0.0135417
0 0.597656 0.629167 0.0109375 0.0256944
0 0.985937 0.965278 0.028125 0.0694444
1 0.271484 0.711111 0.0117188 0.0138889
1 0.740625 0.562847 0.00859375 0.025
1 0.748438 0.447917 0.0101562 0.025
1 0.552344 0.615625 0.0242187 0.0388889
1 0.749219 0.449653 0.009375 0.0201389
1 0.898438 0.0930556 0.01875 0.0177083
0 0.898438 0.0930556 0.01875 0.0177083
1 0.782031 0.591667 0.00625 0.0180556
1 0.607422 0.803472 0.0078125 0.0166667
1 0.791406 0.453472 0.009375 0.025
1 0.779492 0.735417 0.00976562 0.0236111
0 0.287695 0.929167 0.0808594 0.141667
1 0.742188 0.564583 0.009375 0.0291667
1 0.810938 0.901389 0.0125 0.025
1 0.791406 0.456944 0.0078125 0.0222222
0 0.389453 0.909722 0.028125 0.0527778
1 0.483594 0.387847 0.0117188 0.0229167
1 0.496875 0.753472 0.0109375 0.0263889
1 0.78125 0.5875 0.009375 0.0222222
0 0.749219 0.449653 0.009375 0.0201389
1 0.750781 0.447917 0.0140625 0.0263889
1 0.737891 0.979167 0.059375 0.0388889
0 0.764063 0.0425347 0.0125 0.0265625
1 0.758203 0.5375 0.0117188 0.0180556
0 0.764063 0.0466146 0.0109375 0.0208333
1 0.566016 0.863889 0.0757812 0.175
1 0.779688 0.468056 0.00625 0.0152778
1 0.913281 0.0376736 0.053125 0.0739583
1 0.502344 0.751389 0.009375 0.025
0 0.604688 0.381944 0.0632813 0.0965278
0 0.566016 0.863889 0.0773437 0.175
0 0.9125 0.0374132 0.053125 0.0737847
0 0.383691 0.908333 0.0294922 0.0611111
0 0.751172 0.806944 0.0554687 0.166667
0 0.551562 0.617708 0.025 0.0423611
0 0.7375 0.978472 0.059375 0.0402778
1 0.596094 0.627778 0.009375 0.0277778
1 0.594531 0.63125 0.009375 0.0333333
0 0.280859 0.927778 0.0949219 0.141667
1 0.898438 0.0928819 0.015625 0.0128472
0 0.596875 0.629167 0.009375 0.0270833
0 0.594531 0.63125 0.009375 0.0333333
0 0.898438 0.0928819 0.015625 0.0128472
1 0.742188 0.560417 0.009375 0.0243056
0 0.873438 0.0682075 0.03125 0.0361545
1 0.551562 0.617361 0.025 0.0416667
1 0.577344 0.733333 0.0101562 0.0222222
0 0.761719 0.0463976 0.0148437 0.025434
0 0.764063 0.0451389 0.0117188 0.0253472
1 0.913281 0.0372287 0.053125 0.073112
1 0.607813 0.803472 0.0078125 0.0236111
0 0.985937 0.964583 0.028125 0.0694444
1 0.420312 0.994097 0.009375 0.0118056
0 0.875 0.0739583 0.0375 0.0460069
1 0.496484 0.752778 0.0078125 0.025
0 0.763281 0.0424479 0.0140625 0.0296875
1 0.741016 0.562847 0.0101562 0.0284722
0 0.88125 0.0751953 0.0375 0.0402344
1 0.742188 0.563194 0.0109375 0.0340278
0 0.420312 0.994097 0.009375 0.0118056
0 0.921875 0.440278 0.046875 0.0930556
0 0.566406 0.863889 0.0765625 0.175
0 0.604688 0.382292 0.0640625 0.0958333
0 0.750781 0.806944 0.0546875 0.163889
0 0.913281 0.0374132 0.0546875 0.0727431
0 0.383984 0.908333 0.0296875 0.0638889
0 0.551562 0.616667 0.025 0.0430556
0 0.736719 0.978472 0.05625 0.0402778
1 0.596094 0.624306 0.009375 0.0208333
1 0.596875 0.629167 0.009375 0.0236111
0 0.594531 0.635417 0.0078125 0.0256944
1 0.594531 0.635417 0.0078125 0.0256944
0 0.596094 0.624306 0.009375 0.0208333
0 0.985937 0.965278 0.028125 0.0694444
1 0.897656 0.0926215 0.015625 0.0151042
0 0.596875 0.629167 0.009375 0.0236111
0 0.280078 0.927778 0.0992187 0.141667
0 0.897656 0.0926215 0.015625 0.0151042
1 0.742578 0.560417 0.00859375 0.0222222
0 0.763281 0.429514 0.040625 0.0666667
1 0.576563 0.731944 0.0117188 0.0194444
0 0.873438 0.0685981 0.03125 0.0367622
1 0.607031 0.804167 0.00625 0.0222222
1 0.759766 0.244444 0.00859375 0.0166667
1 0.782031 0.592014 0.0078125 0.0180556
1 0.757812 0.538194 0.0125 0.0166667
1 0.503906 0.750694 0.0078125 0.0263889
1 0.574219 0.733333 0.0140625 0.0236111
0 0.701172 0.0506944 0.0492188 0.0598958
1 0.740625 0.561111 0.009375 0.0243056
1 0.270312 0.711111 0.0101562 0.0138889
0 0.604688 0.381944 0.0640625 0.0958333
0 0.565625 0.865278 0.0765625 0.175
0 0.75 0.806944 0.0546875 0.166667
0 0.914062 0.0373698 0.053125 0.0736979
0 0.383594 0.908333 0.0296875 0.0611111
0 0.551953 0.617014 0.0242187 0.0423611
0 0.736719 0.979167 0.0578125 0.0388889
1 0.596094 0.626389 0.009375 0.0263889
1 0.595312 0.632292 0.0101562 0.0319444
0 0.595312 0.632292 0.0101562 0.0319444
1 0.898438 0.0918403 0.015625 0.0138889
0 0.596094 0.626389 0.009375 0.0263889
1 0.742188 0.560764 0.00859375 0.0215278
0 0.985937 0.965278 0.028125 0.0694444
0 0.898438 0.0918403 0.015625 0.0138889
0 0.873438 0.0689019 0.03125 0.036849
1 0.502734 0.75 0.009375 0.025
0 0.695703 0.0548611 0.0515625 0.0565972
0 0.710156 0.0335069 0.0484375 0.0527778
1 0.551953 0.616667 0.0242187 0.0416667
1 0.576563 0.731944 0.0132813 0.0222222
0 0.696094 0.0409722 0.053125 0.0536458
0 0.733594 0.0333767 0.0515625 0.0499132
0 0.566016 0.865278 0.0757812 0.175
0 0.604297 0.381944 0.0632813 0.0965278
0 0.913281 0.0375 0.0546875 0.0739583
0 0.75 0.806944 0.0546875 0.166667
0 0.383594 0.908333 0.0296875 0.0625
0 0.551953 0.616667 0.025 0.0423611
0 0.736719 0.979167 0.0578125 0.0388889
1 0.596094 0.625694 0.009375 0.025
1 0.595703 0.629514 0.0109375 0.0284722
0 0.595312 0.632639 0.0109375 0.03125
1 0.897656 0.0923611 0.015625 0.0145833
0 0.897656 0.0923611 0.015625 0.0145833
0 0.596094 0.625694 0.009375 0.025
1 0.742578 0.560069 0.00859375 0.0229167
0 0.632031 0.0607422 0.053125 0.0538628
0 0.985937 0.965278 0.028125 0.0694444
0 0.873438 0.0682292 0.03125 0.0359375
1 0.576563 0.732639 0.0125 0.0208333
0 0.635547 0.0508247 0.0523437 0.0615451
0 0.708594 0.0328125 0.046875 0.0486111
0 0.694531 0.0405382 0.046875 0.0503472
1 0.740625 0.561806 0.009375 0.025
1 0.592969 0.625694 0.0140625 0.0305556
0 0.695312 0.0532118 0.0484375 0.0519097
1 0.758203 0.537847 0.0117188 0.0173611
0 0.656641 0.0618924 0.0890625 0.0628472
0 0.565625 0.864583 0.0765625 0.175
0 0.604688 0.382292 0.0632813 0.0965278
0 0.913281 0.0374023 0.0546875 0.0734592
0 0.750781 0.807639 0.0546875 0.166667
0 0.383594 0.908333 0.0296875 0.0625
0 0.551562 0.616667 0.025 0.0423611
0 0.737109 0.979167 0.0585938 0.0402778
1 0.596094 0.627778 0.0109375 0.0291667
0 0.595312 0.631597 0.0109375 0.0326389
1 0.595312 0.631597 0.0109375 0.0326389
0 0.596094 0.627778 0.0109375 0.0291667
1 0.742578 0.560417 0.00859375 0.0243056
0 0.873438 0.0682075 0.03125 0.0358073
1 0.576172 0.731944 0.0125 0.0208333
1 0.897656 0.0925347 0.015625 0.0151042
1 0.740625 0.5625 0.009375 0.0263889
1 0.574219 0.733333 0.0140625 0.0222222
1 0.483594 0.386458 0.0109375 0.025
0 0.897656 0.0925347 0.015625 0.0151042
1 0.554297 0.945833 0.0117188 0.0222222
1 0.758594 0.537847 0.0125 0.0180556
1 0.741797 0.563889 0.0109375 0.0305556
1 0.55625 0.925694 0.015625 0.0555556
0 0.565625 0.864583 0.0765625 0.175
0 0.604688 0.382639 0.0632813 0.0958333
0 0.9125 0.0373372 0.053125 0.0739366
0 0.750781 0.808333 0.0546875 0.166667
0 0.383984 0.908333 0.0296875 0.0625
0 0.551562 0.616667 0.025 0.0423611
0 0.7375 0.978472 0.0578125 0.0402778
1 0.596094 0.627083 0.0109375 0.0277778
1 0.595312 0.631597 0.0109375 0.0319444
0 0.595312 0.631597 0.0109375 0.0319444
0 0.596094 0.627083 0.0109375 0.0277778
1 0.742578 0.561111 0.00859375 0.025
0 0.873438 0.0684028 0.03125 0.0364583
1 0.897656 0.0923611 0.015625 0.0149306
1 0.576563 0.731944 0.0125 0.0208333
1 0.758594 0.538194 0.0109375 0.0166667
0 0.897656 0.0923611 0.015625 0.0149306
1 0.574219 0.733333 0.0140625 0.0222222
1 0.741406 0.564583 0.0109375 0.0305556
0 0.565625 0.864583 0.0765625 0.175
0 0.604688 0.382639 0.0640625 0.0958333
0 0.9125 0.0372287 0.053125 0.0738064
0 0.750781 0.806944 0.0546875 0.166667
0 0.383594 0.908333 0.0296875 0.0625
0 0.551562 0.616667 0.025 0.0423611
0 0.737109 0.978472 0.0585938 0.0402778
1 0.595703 0.627083 0.0101562 0.0263889
1 0.595312 0.631944 0.0109375 0.0319444
0 0.595312 0.631944 0.0109375 0.0319444
0 0.873438 0.0685764 0.03125 0.0368056
0 0.595703 0.627083 0.0101562 0.0263889
1 0.742578 0.560764 0.00859375 0.0243056
1 0.576172 0.731944 0.0132813 0.0208333
1 0.897656 0.0921875 0.015625 0.0149306
0 0.897656 0.0921875 0.015625 0.0149306
1 0.758203 0.538194 0.0101562 0.0166667
0 0.985937 0.965972 0.028125 0.0680556
1 0.740625 0.563194 0.009375 0.0270833
1 0.551562 0.616667 0.025 0.0416667
0 0.565625 0.864583 0.0765625 0.175
0 0.604688 0.382639 0.0640625 0.0958333
0 0.9125 0.0373372 0.053125 0.0735894
0 0.750781 0.806944 0.0546875 0.166667
0 0.383496 0.908333 0.0298828 0.0638889
0 0.551562 0.616667 0.025 0.0423611
0 0.736719 0.979167 0.0578125 0.0388889
1 0.595703 0.626389 0.0101562 0.0263889
1 0.595312 0.632292 0.0109375 0.0319444
0 0.595312 0.632292 0.0109375 0.0319444
0 0.873438 0.0685981 0.03125 0.0367622
1 0.576172 0.731944 0.0132813 0.0208333
1 0.742578 0.561111 0.00859375 0.025
0 0.595703 0.626389 0.0101562 0.0263889
1 0.897656 0.0921875 0.015625 0.0149306
0 0.897656 0.0921875 0.015625 0.0149306
1 0.758203 0.537847 0.0101562 0.0173611
0 0.985937 0.966319 0.028125 0.0673611
1 0.551953 0.616667 0.0242187 0.0423611
1 0.740625 0.563194 0.009375 0.0277778
0 0.565625 0.864583 0.0765625 0.175
0 0.604688 0.382639 0.0632813 0.0958333
0 0.9125 0.0373264 0.053125 0.0736111
0 0.750781 0.806944 0.0546875 0.166667
0 0.383496 0.908333 0.0298828 0.0625
0 0.551562 0.616667 0.025 0.0423611
0 0.736719 0.979167 0.0578125 0.0388889
1 0.595703 0.627083 0.0101562 0.0270833
1 0.595312 0.631944 0.0109375 0.0319444
0 0.595312 0.631944 0.0109375 0.0319444
0 0.873438 0.0685764 0.03125 0.0366319
1 0.576172 0.731944 0.0132813 0.0194444
0 0.595703 0.627083 0.0101562 0.0270833
1 0.742188 0.561111 0.009375 0.025
1 0.897656 0.0921875 0.015625 0.0149306
0 0.897656 0.0921875 0.015625 0.0149306
1 0.758203 0.537847 0.0101562 0.0173611
0 0.985937 0.966319 0.028125 0.0673611
1 0.551953 0.616667 0.0242187 0.0423611
1 0.592969 0.625694 0.0140625 0.0319444
0 0.566016 0.865278 0.0765625 0.175
0 0.604688 0.382639 0.0632813 0.0958333
0 0.9125 0.0373264 0.053125 0.0736111
0 0.750781 0.806944 0.0546875 0.166667
0 0.383496 0.908333 0.0298828 0.0625
0 0.551562 0.616667 0.025 0.0423611
0 0.736719 0.979167 0.0578125 0.0388889
1 0.595703 0.627083 0.0101562 0.0277778
1 0.595312 0.631944 0.0109375 0.0319444
0 0.595312 0.631944 0.0109375 0.0319444
0 0.873438 0.0685547 0.03125 0.0365017
1 0.576172 0.731944 0.0132813 0.0194444
0 0.595703 0.627083 0.0101562 0.0277778
1 0.742188 0.561111 0.00859375 0.0236111
1 0.897656 0.0920139 0.015625 0.0152778
0 0.897656 0.0920139 0.015625 0.0152778
1 0.758594 0.5375 0.0109375 0.0166667
0 0.985937 0.965972 0.028125 0.0680556
1 0.551953 0.616667 0.0242187 0.0423611
0 0.604688 0.382639 0.0632813 0.0958333
0 0.566016 0.865278 0.0765625 0.175
0 0.9125 0.037283 0.053125 0.0740451
0 0.750781 0.806944 0.0546875 0.166667
0 0.383594 0.908333 0.0296875 0.0625
0 0.551562 0.616667 0.025 0.0423611
0 0.736719 0.979167 0.0578125 0.0388889
1 0.595703 0.627083 0.0101562 0.0277778
1 0.595312 0.631944 0.0109375 0.0326389
0 0.595312 0.631944 0.0109375 0.0326389
0 0.873438 0.0685764 0.03125 0.0364583
1 0.576172 0.731944 0.0132813 0.0194444
0 0.595703 0.627083 0.0101562 0.0277778
1 0.897656 0.0920139 0.015625 0.0152778
1 0.742188 0.561111 0.00859375 0.0243056
0 0.897656 0.0920139 0.015625 0.0152778
1 0.758594 0.5375 0.0109375 0.0173611
0 0.985937 0.965972 0.028125 0.0680556
1 0.551953 0.616667 0.025 0.0423611
0 0.604688 0.382639 0.0632813 0.0958333
0 0.565625 0.865278 0.0765625 0.175
0 0.9125 0.037283 0.053125 0.0740451
0 0.750781 0.806944 0.0546875 0.166667
0 0.383594 0.908333 0.0296875 0.0625
0 0.551953 0.616667 0.025 0.0423611
0 0.737109 0.978472 0.0578125 0.0402778
1 0.595703 0.627083 0.0101562 0.0277778
1 0.595312 0.631944 0.0109375 0.0326389
0 0.595312 0.631944 0.0109375 0.0326389
0 0.873438 0.0685764 0.03125 0.0364583
1 0.576563 0.73125 0.0125 0.0194444
0 0.595703 0.627083 0.0101562 0.0277778
1 0.742188 0.561111 0.00859375 0.0243056
1 0.897656 0.0918403 0.015625 0.0151042
1 0.574609 0.731944 0.0140625 0.0208333
0 0.897656 0.0918403 0.015625 0.0151042
1 0.758203 0.5375 0.0109375 0.0173611
0 0.985937 0.965972 0.028125 0.0680556
1 0.551953 0.616667 0.025 0.0423611
0 0.604688 0.382639 0.0632813 0.0958333
0 0.566016 0.865278 0.0765625 0.175
0 0.9125 0.0372504 0.053125 0.0741102
0 0.750781 0.806944 0.0546875 0.166667
0 0.383594 0.908333 0.0296875 0.0625
0 0.551953 0.616667 0.025 0.0423611
0 0.737109 0.978472 0.0578125 0.0402778
1 0.595703 0.627083 0.0101562 0.0270833
1 0.595312 0.631944 0.0109375 0.0319444
0 0.595312 0.631944 0.0109375 0.0319444
0 0.873438 0.0685764 0.03125 0.0366319
1 0.576563 0.73125 0.0125 0.0194444
1 0.742188 0.561111 0.00859375 0.0236111
0 0.595703 0.627083 0.0101562 0.0270833
1 0.897656 0.0918403 0.015625 0.0149306
1 0.574609 0.731944 0.0140625 0.0208333
0 0.897656 0.0918403 0.015625 0.0149306
1 0.758203 0.537847 0.0109375 0.0173611
0 0.985937 0.965972 0.028125 0.0680556
1 0.551953 0.616667 0.025 0.0423611
0 0.604688 0.382292 0.0632813 0.0965278
0 0.566016 0.865278 0.0765625 0.175
0 0.9125 0.0372504 0.053125 0.0741102
0 0.750781 0.806944 0.0546875 0.166667
0 0.383594 0.908333 0.0296875 0.0638889
0 0.551953 0.616667 0.025 0.0430556
0 0.7375 0.978472 0.0578125 0.0402778
1 0.595703 0.627083 0.0101562 0.0277778
1 0.595312 0.631944 0.0109375 0.0326389
0 0.872656 0.0687283 0.0328125 0.0365017
0 0.595312 0.631944 0.0109375 0.0326389
1 0.576563 0.73125 0.0125 0.0194444
1 0.897656 0.0917535 0.015625 0.0149306
1 0.742188 0.561111 0.009375 0.0236111
0 0.595703 0.627083 0.0101562 0.0277778
1 0.574609 0.731944 0.0140625 0.0208333
0 0.897656 0.0917535 0.015625 0.0149306
1 0.758594 0.537847 0.0109375 0.0173611
0 0.985937 0.965625 0.028125 0.06875
0 0.604688 0.382292 0.0632813 0.0965278
0 0.566406 0.865278 0.0765625 0.175
0 0.9125 0.0373155 0.053125 0.0741536
0 0.750781 0.806944 0.0546875 0.166667
0 0.383594 0.909028 0.0296875 0.0625
0 0.551953 0.616667 0.025 0.0430556
0 0.7375 0.978472 0.0578125 0.0402778
1 0.595703 0.627431 0.0101562 0.0277778
0 0.872656 0.06875 0.0328125 0.0366319
0 0.595312 0.631597 0.0109375 0.0326389
1 0.576563 0.73125 0.0125 0.0194444
1 0.897656 0.0916667 0.015625 0.0149306
1 0.742188 0.561111 0.009375 0.0236111
0 0.897656 0.0916667 0.015625 0.0149306
1 0.758594 0.5375 0.0109375 0.0166667
0 0.985937 0.965625 0.028125 0.06875
0 0.604688 0.382639 0.0632813 0.0958333
0 0.566016 0.865278 0.0765625 0.175
0 0.9125 0.0372504 0.053125 0.0741102
0 0.750781 0.806944 0.0546875 0.166667
0 0.383594 0.909028 0.0296875 0.0625
0 0.551953 0.616667 0.025 0.0430556
0 0.7375 0.978472 0.0578125 0.0402778
1 0.595703 0.627431 0.0109375 0.0277778
1 0.595312 0.631944 0.0109375 0.0319444
0 0.873438 0.0685547 0.03125 0.036849
0 0.595312 0.631944 0.0109375 0.0319444
1 0.576563 0.73125 0.0125 0.0194444
1 0.897656 0.0916667 0.015625 0.0149306
0 0.595703 0.627431 0.0109375 0.0277778
1 0.742188 0.561458 0.009375 0.0243056
0 0.897656 0.0916667 0.015625 0.0149306
0 0.985937 0.965625 0.028125 0.06875
1 0.758203 0.537847 0.0117188 0.0173611
0 0.604688 0.382639 0.0632813 0.0958333
0 0.566016 0.865278 0.0765625 0.175
0 0.9125 0.037283 0.053125 0.0738715
0 0.750781 0.806944 0.0546875 0.166667
0 0.383594 0.909028 0.0296875 0.0625
0 0.551953 0.616667 0.025 0.0430556
0 0.737109 0.978472 0.0578125 0.0402778
1 0.595703 0.627778 0.0109375 0.0277778
0 0.873438 0.0685981 0.03125 0.0371094
0 0.595312 0.631944 0.0109375 0.0326389
1 0.576563 0.73125 0.0125 0.0194444
1 0.897656 0.0916667 0.015625 0.0147569
1 0.742188 0.561806 0.009375 0.0236111
0 0.897656 0.0916667 0.015625 0.0147569
0 0.985937 0.965625 0.028125 0.06875
1 0.758203 0.537847 0.0117188 0.0173611
0 0.604688 0.382639 0.0632813 0.0958333
0 0.9125 0.0373372 0.053125 0.0739366
0 0.566016 0.865278 0.0765625 0.175
0 0.750781 0.806944 0.0546875 0.166667
0 0.383594 0.909028 0.0296875 0.0625
0 0.551953 0.616667 0.025 0.0430556
0 0.737109 0.978472 0.0578125 0.0402778
1 0.595703 0.627778 0.0109375 0.0277778
0 0.873438 0.0685547 0.03125 0.0371962
0 0.595312 0.631597 0.0109375 0.0326389
1 0.576563 0.73125 0.0125 0.0194444
1 0.897656 0.0916667 0.015625 0.0149306
1 0.742188 0.561806 0.009375 0.0236111
0 0.897656 0.0916667 0.015625 0.0149306
0 0.985937 0.965625 0.028125 0.06875
1 0.758203 0.537847 0.0117188 0.0173611
0 0.604688 0.382639 0.0632813 0.0958333
0 0.9125 0.0373264 0.053125 0.0739583
0 0.566016 0.865278 0.0765625 0.175
0 0.751172 0.806944 0.0554687 0.166667
0 0.383594 0.909028 0.0296875 0.0625
0 0.551953 0.616667 0.025 0.0430556
0 0.7375 0.978472 0.0578125 0.0402778
1 0.595703 0.627778 0.0109375 0.0277778
0 0.873438 0.0686632 0.03125 0.0373264
0 0.595312 0.631597 0.0109375 0.0326389
1 0.576563 0.73125 0.0132813 0.0194444
1 0.897656 0.0916667 0.015625 0.0149306
0 0.897656 0.0916667 0.015625 0.0149306
1 0.742188 0.561806 0.009375 0.0236111
0 0.985937 0.965625 0.028125 0.06875
0 0.604688 0.382639 0.0632813 0.0958333
0 0.9125 0.0373264 0.053125 0.0739583
0 0.566016 0.865278 0.0765625 0.176389
0 0.751172 0.806944 0.0554687 0.166667
0 0.383594 0.908333 0.0296875 0.0638889
0 0.551953 0.616667 0.025 0.0430556
0 0.737109 0.978472 0.0578125 0.0402778
1 0.595703 0.627778 0.0109375 0.0277778
0 0.873438 0.0687717 0.03125 0.0367622
0 0.595312 0.631597 0.0109375 0.0326389
1 0.576563 0.73125 0.0132813 0.0194444
1 0.897656 0.0916667 0.015625 0.0149306
0 0.897656 0.0916667 0.015625 0.0149306
1 0.742188 0.561806 0.009375 0.0236111
0 0.985937 0.965625 0.028125 0.06875
0 0.604688 0.382639 0.0632813 0.0958333
0 0.9125 0.0373264 0.053125 0.0739583
0 0.566016 0.865278 0.0765625 0.176389
0 0.750781 0.806944 0.0546875 0.166667
0 0.383594 0.908333 0.0304688 0.0638889
0 0.551953 0.616667 0.025 0.0430556
0 0.7375 0.978472 0.0578125 0.0402778
1 0.595703 0.627778 0.0109375 0.0277778
0 0.873438 0.0686632 0.03125 0.0366319
0 0.595312 0.631597 0.0109375 0.0326389
1 0.576563 0.73125 0.0132813 0.0194444
1 0.897656 0.0915799 0.015625 0.0149306
0 0.897656 0.0915799 0.015625 0.0149306
1 0.742188 0.561458 0.009375 0.0236111
0 0.985937 0.965625 0.028125 0.06875
0 0.604688 0.382639 0.0632813 0.0958333
0 0.9125 0.0373372 0.053125 0.0739366
0 0.566016 0.865278 0.0765625 0.176389
0 0.751172 0.806944 0.0554687 0.166667
0 0.383594 0.908333 0.0304688 0.0638889
0 0.551953 0.616667 0.025 0.0430556
0 0.737109 0.979167 0.0578125 0.0388889
1 0.595703 0.627778 0.0109375 0.0277778
0 0.873438 0.0686632 0.03125 0.0366319
0 0.595312 0.63125 0.0109375 0.0326389
1 0.576563 0.73125 0.0132813 0.0194444
1 0.897656 0.0915799 0.015625 0.0149306
0 0.897656 0.0915799 0.015625 0.0149306
1 0.742188 0.561458 0.009375 0.0236111
0 0.985937 0.965625 0.028125 0.06875
0 0.604688 0.382639 0.0632813 0.0958333
0 0.9125 0.0373372 0.053125 0.0739366
0 0.566016 0.865278 0.0765625 0.176389
0 0.751172 0.806944 0.0554687 0.166667
0 0.383594 0.908333 0.0304688 0.0638889
0 0.551953 0.616667 0.025 0.0430556
0 0.737109 0.978472 0.0578125 0.0402778
1 0.595703 0.627778 0.0109375 0.0277778
0 0.873438 0.0687717 0.03125 0.0367622
0 0.595312 0.63125 0.0109375 0.0326389
1 0.576563 0.730556 0.0132813 0.0194444
1 0.897656 0.0915799 0.015625 0.0149306
0 0.897656 0.0915799 0.015625 0.0149306
1 0.742188 0.561458 0.009375 0.0236111
0 0.985937 0.965625 0.028125 0.06875
