3 0.540625 0.326042 0.0796875 0.120139
1 0.330273 0.631597 0.0164062 0.0333333
1 0.878125 0.309028 0.0125 0.0215278
0 0.330273 0.63125 0.0164062 0.0333333
0 0.0771484 0.800694 0.0148437 0.0194444
1 0.54375 0.102604 0.0171875 0.0274306
1 0.0771484 0.800694 0.0148437 0.0194444
0 0.0435547 0.819444 0.0822266 0.0986111
1 0.333789 0.631944 0.0230469 0.0361111
0 0.241406 0.705556 0.0125 0.0263889
0 0.0667969 0.934722 0.01875 0.0222222
1 0.241406 0.705556 0.0125 0.0263889
0 0.878125 0.309028 0.0125 0.0215278
1 0.878125 0.309722 0.01875 0.0263889
3 0.540625 0.325347 0.08125 0.119444
0 0.329883 0.63125 0.015625 0.0319444
1 0.329883 0.631597 0.015625 0.0319444
0 0.0416504 0.819444 0.0776367 0.1
0 0.0767578 0.800694 0.015625 0.0208333
1 0.542969 0.103472 0.015625 0.0243056
1 0.0594727 0.853472 0.0181641 0.0236111
0 0.242188 0.705556 0.0136719 0.0277778
0 0.241211 0.701389 0.0152344 0.0361111
1 0.242188 0.705556 0.0136719 0.0277778
1 0.0755859 0.800694 0.0166016 0.0222222
1 0.878125 0.309028 0.015625 0.0208333
1 0.330469 0.628819 0.0179687 0.0409722
0 0.0206543 0.822222 0.0304688 0.0694444
1 0.0574219 0.855556 0.0242187 0.025
0 0.0594727 0.853472 0.0181641 0.0236111
0 0.0574219 0.855556 0.0242187 0.025
0 0.330469 0.628819 0.0179687 0.0409722
0 0.0379395 0.85 0.0651367 0.0388889
1 0.241211 0.701389 0.0152344 0.0361111
3 0.540625 0.325 0.08125 0.120833
1 0.329688 0.63125 0.0164062 0.0319444
0 0.329688 0.63125 0.0164062 0.0319444
1 0.0585938 0.852778 0.0165039 0.0208333
0 0.0763428 0.800694 0.0164551 0.0208333
1 0.241406 0.706944 0.0125 0.0222222
1 0.878125 0.311111 0.0140625 0.0229167
0 0.0498535 0.81875 0.0956055 0.1
0 0.0669922 0.934722 0.0191406 0.0222222
0 0.0585938 0.852778 0.0165039 0.0208333
1 0.542969 0.102431 0.015625 0.0253472
1 0.199609 0.531944 0.0203125 0.0180556
0 0.241406 0.706944 0.0125 0.0222222
1 0.216406 0.509028 0.0078125 0.0166667
1 0.875781 0.311111 0.0171875 0.0263889
1 0.198633 0.635417 0.0113281 0.01875
0 0.0375 0.831944 0.0703125 0.0694444
0 0.0654297 0.818056 0.125977 0.0888889
1 0.0598633 0.853472 0.0212891 0.0236111
1 0.178516 0.958333 0.00820312 0.0138889
1 0.0763428 0.800694 0.0164551 0.0208333
0 0.0376953 0.841667 0.0704102 0.0472222
0 0.0598633 0.853472 0.0212891 0.0236111
0 0.0312012 0.648264 0.0592773 0.0659722
1 0.878125 0.318403 0.015625 0.0326389
1 0.546094 0.0984375 0.0140625 0.0295139
1 0.268359 0.936111 0.00625 0.0138889
3 0.540625 0.324653 0.0804688 0.120833
0 0.330078 0.630903 0.0152344 0.03125
0 0.0761719 0.801389 0.0164062 0.0194444
1 0.0584473 0.851389 0.0178711 0.0194444
0 0.241992 0.70625 0.0105469 0.0222222
1 0.241992 0.70625 0.0105469 0.0222222
1 0.879687 0.309549 0.0125 0.0190972
0 0.0584473 0.851389 0.0178711 0.0194444
1 0.240625 0.704167 0.0117188 0.0194444
0 0.0379395 0.848611 0.0644531 0.0333333
0 0.240625 0.704167 0.0117188 0.0194444
0 0.0256958 0.8125 0.0204834 0.0333333
1 0.542188 0.103472 0.0148437 0.0239583
0 0.0234131 0.815278 0.0243652 0.0333333
1 0.0756104 0.801389 0.016748 0.0194444
0 0.0161377 0.841667 0.0165527 0.0166667
1 0.197852 0.529861 0.0160156 0.0145833
0 0.0234375 0.815972 0.0248047 0.0472222
0 0.197852 0.529861 0.0160156 0.0145833
0 0.2 0.532639 0.0152344 0.0138889
1 0.761719 0.386806 0.009375 0.0208333
1 0.875 0.307986 0.0140625 0.0225694
1 0.2 0.532639 0.0152344 0.0138889
0 0.0675293 0.934722 0.0192383 0.0222222
0 0.0395996 0.829167 0.0673828 0.0527778
1 0.545703 0.102604 0.0125 0.0213542
1 0.0586914 0.855556 0.0207031 0.025
1 0.714844 0.298438 0.0109375 0.0204861
0 0.0418945 0.813889 0.0685547 0.0875
3 0.540625 0.325 0.0796875 0.119444
0 0.330273 0.63125 0.0160156 0.03125
1 0.0589844 0.852083 0.0181641 0.025
1 0.330273 0.63125 0.0160156 0.03125
1 0.241797 0.70625 0.0121094 0.0236111
1 0.075293 0.801389 0.0160156 0.0208333
1 0.878125 0.309375 0.0125 0.0215278
0 0.0445801 0.820833 0.081543 0.1
0 0.241797 0.70625 0.0121094 0.0236111
0 0.0762695 0.800694 0.0164062 0.0208333
0 0.0589844 0.852083 0.0181641 0.025
1 0.0250977 0.813889 0.0227539 0.0416667
1 0.0160645 0.840278 0.0191406 0.0208333
0 0.067334 0.934722 0.0200195 0.0222222
1 0.875781 0.309722 0.0171875 0.025
0 0.0222168 0.813889 0.0297852 0.0694444
0 0.0387695 0.834722 0.0649414 0.0611111
3 0.540625 0.325 0.0796875 0.120139
0 0.330078 0.63125 0.015625 0.0319444
1 0.330078 0.63125 0.015625 0.0319444
1 0.0585938 0.852083 0.0164062 0.025
1 0.241992 0.706944 0.0121094 0.0222222
1 0.878906 0.307986 0.0125 0.0194444
1 0.0754883 0.801389 0.0166016 0.0208333
1 0.0270508 0.816667 0.0188477 0.0347222
1 0.0169678 0.838889 0.015625 0.0194444
1 0.200391 0.533333 0.0171875 0.0152778
0 0.0763428 0.800694 0.0164551 0.0208333
1 0.0608887 0.854167 0.0198242 0.0277778
0 0.241992 0.706944 0.0121094 0.0222222
1 0.198828 0.53125 0.0195312 0.0166667
1 0.875 0.306944 0.015625 0.0208333
1 0.0220459 0.827083 0.0229004 0.0263889
1 0.0173828 0.831944 0.0192383 0.0333333
0 0.0669922 0.813889 0.128906 0.0861111
0 0.0478027 0.816667 0.0868164 0.0944444
1 0.0521484 0.85 0.0328125 0.0305556
1 0.0898438 0.840278 0.0109375 0.0138889
1 0.542188 0.102951 0.0140625 0.0255208
1 0.11875 0.940278 0.0105469 0.0277778
1 0.117871 0.944444 0.00957031 0.025
1 0.241016 0.702083 0.0132813 0.0305556
0 0.0412109 0.816667 0.0666992 0.0847222
1 0.178516 0.959722 0.00859375 0.0166667
3 0.540625 0.325347 0.0796875 0.120139
1 0.330078 0.631597 0.0160156 0.0319444
0 0.330078 0.631597 0.0160156 0.0319444
1 0.242188 0.706944 0.0117188 0.0222222
1 0.0591797 0.852778 0.0167969 0.025
1 0.878906 0.308854 0.0109375 0.0173611
0 0.242188 0.706944 0.0117188 0.0222222
0 0.0762695 0.801389 0.0162109 0.0194444
1 0.0754883 0.801389 0.0154297 0.0194444
0 0.0460449 0.819444 0.0801758 0.0986111
1 0.200781 0.534028 0.015625 0.0118056
1 0.198828 0.531597 0.0171875 0.0138889
1 0.241602 0.701389 0.0136719 0.0305556
1 0.0273926 0.815278 0.0182617 0.0277778
1 0.0164551 0.839583 0.0158203 0.0194444
1 0.214258 0.509028 0.0109375 0.0166667
1 0.875 0.307118 0.0140625 0.0194444
1 0.0152832 0.836111 0.0162109 0.0222222
1 0.332227 0.628125 0.01875 0.0395833
0 0.0388184 0.823611 0.068457 0.0833333
0 0.0642578 0.816667 0.118945 0.0958333
3 0.540625 0.325347 0.0796875 0.120139
1 0.330078 0.63125 0.015625 0.0319444
0 0.330078 0.63125 0.015625 0.0319444
1 0.241797 0.706944 0.0117188 0.0222222
1 0.0587891 0.852083 0.0158203 0.0222222
0 0.241797 0.706944 0.0117188 0.0222222
1 0.878125 0.309375 0.0125 0.0201389
1 0.0605469 0.852778 0.0200195 0.0263889
1 0.0755859 0.801389 0.015625 0.0194444
0 0.0763672 0.801389 0.0162109 0.0194444
1 0.332812 0.627778 0.0183594 0.0416667
0 0.0441406 0.820139 0.0800781 0.1
1 0.241602 0.701389 0.0136719 0.0305556
1 0.0155273 0.835417 0.0171875 0.0194444
1 0.201562 0.534028 0.0140625 0.0125
1 0.197656 0.529861 0.0152344 0.0152778
1 0.0167236 0.840972 0.0160645 0.0194444
0 0.241602 0.701389 0.0136719 0.0305556
1 0.179297 0.960417 0.00703125 0.0166667
1 0.0269043 0.815278 0.0188477 0.0305556
1 0.0205566 0.827083 0.0195312 0.0194444
1 0.220117 0.622569 0.0148437 0.0201389
1 0.875 0.307986 0.015625 0.0215278
1 0.199414 0.636806 0.0101562 0.0194444
0 0.0587891 0.852083 0.0158203 0.0222222
3 0.540625 0.325347 0.0796875 0.120139
1 0.330078 0.63125 0.0160156 0.0319444
0 0.330078 0.63125 0.0160156 0.0319444
1 0.241992 0.706944 0.0117188 0.0222222
1 0.0589355 0.852778 0.0165039 0.0222222
1 0.878125 0.310069 0.0125 0.0208333
1 0.0754883 0.802778 0.0158203 0.0194444
0 0.241992 0.706944 0.0117188 0.0222222
0 0.0448242 0.820833 0.0791016 0.1
1 0.200781 0.534375 0.0148437 0.0125
1 0.198437 0.53125 0.0171875 0.0152778
1 0.333594 0.627778 0.0199219 0.0458333
1 0.0605469 0.854167 0.0200195 0.0277778
1 0.0168457 0.840278 0.0157227 0.0180556
0 0.0762695 0.801389 0.0160156 0.0194444
1 0.0203857 0.827083 0.0190918 0.0180556
0 0.0376953 0.822917 0.0664062 0.0847222
1 0.0154297 0.834028 0.0168945 0.0180556
0 0.0589355 0.852778 0.0165039 0.0222222
1 0.219922 0.621875 0.0148437 0.0166667
1 0.0258789 0.815972 0.0196289 0.0277778
1 0.241602 0.701389 0.0140625 0.0305556
0 0.0154297 0.834028 0.0168945 0.0180556
1 0.221094 0.647222 0.0140625 0.0194444
1 0.214453 0.509028 0.0109375 0.0180556
1 0.875781 0.309375 0.015625 0.0222222
3 0.540625 0.325347 0.0796875 0.120139
1 0.330078 0.63125 0.0164062 0.0319444
1 0.0589844 0.852778 0.0167969 0.0222222
0 0.330078 0.63125 0.0164062 0.0319444
1 0.241797 0.706944 0.0117188 0.0222222
1 0.878125 0.310069 0.0125 0.0201389
1 0.0753906 0.802778 0.0158203 0.0194444
1 0.0172363 0.839583 0.015918 0.0166667
0 0.241797 0.706944 0.0117188 0.0222222
1 0.0605469 0.854167 0.0201172 0.0277778
1 0.0162598 0.834722 0.0174805 0.0166667
1 0.333398 0.628472 0.0203125 0.0472222
1 0.0202148 0.827083 0.0189453 0.0180556
1 0.200781 0.534375 0.015625 0.0125
0 0.0162598 0.834722 0.0174805 0.0166667
0 0.0445312 0.820833 0.078125 0.1
1 0.198828 0.53125 0.0171875 0.0152778
1 0.0260864 0.818056 0.0185303 0.025
0 0.0589844 0.852778 0.0167969 0.0222222
0 0.0762695 0.801389 0.0162109 0.0208333
3 0.540625 0.325608 0.0796875 0.119618
1 0.330078 0.63125 0.0164062 0.0319444
1 0.0589844 0.852778 0.0166016 0.0222222
1 0.241797 0.706944 0.0117188 0.0222222
0 0.330078 0.63125 0.0164062 0.0319444
1 0.878125 0.309722 0.0125 0.0194444
1 0.0753906 0.802778 0.0160156 0.0194444
1 0.0605469 0.854167 0.0199219 0.0277778
1 0.0171875 0.839583 0.0155273 0.0166667
0 0.241797 0.706944 0.0117188 0.0222222
1 0.334375 0.628472 0.0226563 0.0527778
1 0.0155273 0.834722 0.0166992 0.0166667
1 0.2 0.534028 0.0164062 0.0131944
1 0.198828 0.530556 0.0171875 0.0152778
0 0.0446289 0.820833 0.0787109 0.1
1 0.0202637 0.827778 0.0192383 0.0194444
0 0.0155273 0.834722 0.0166992 0.0166667
1 0.334375 0.63125 0.021875 0.0347222
1 0.241406 0.701389 0.0140625 0.0333333
3 0.540625 0.325608 0.0796875 0.119618
1 0.330273 0.63125 0.0164062 0.0319444
1 0.0589844 0.852778 0.0167969 0.0222222
1 0.241797 0.706944 0.0117188 0.0222222
0 0.330273 0.63125 0.0164062 0.0319444
1 0.878125 0.309722 0.0125 0.0194444
1 0.0753906 0.802083 0.0160156 0.0194444
1 0.0604492 0.854167 0.0199219 0.0277778
1 0.334375 0.628819 0.0226563 0.0534722
1 0.0172852 0.839583 0.0152344 0.0166667
1 0.199805 0.534028 0.0167969 0.0138889
0 0.241797 0.706944 0.0117188 0.0222222
1 0.0152344 0.834722 0.0160156 0.0166667
1 0.198633 0.530556 0.0175781 0.0166667
1 0.334375 0.631597 0.021875 0.0347222
1 0.0206543 0.827778 0.0191406 0.0194444
1 0.214258 0.509722 0.0105469 0.0180556
1 0.241406 0.701389 0.0136719 0.0333333
3 0.540625 0.325347 0.0796875 0.119444
1 0.330273 0.63125 0.0164062 0.0319444
1 0.0589844 0.852778 0.0167969 0.0236111
1 0.241797 0.706944 0.0117188 0.0222222
0 0.330273 0.63125 0.0164062 0.0319444
1 0.878125 0.309722 0.0125 0.01875
1 0.0753906 0.802083 0.0162109 0.0194444
1 0.334766 0.629167 0.0234375 0.0569444
1 0.199609 0.533681 0.0171875 0.0145833
1 0.198437 0.530556 0.0179687 0.0166667
1 0.015625 0.834722 0.0164062 0.0166667
0 0.241797 0.706944 0.0117188 0.0222222
1 0.017334 0.838889 0.015332 0.0166667
1 0.214453 0.510069 0.0105469 0.0180556
1 0.334375 0.63125 0.021875 0.0347222
1 0.0209473 0.827083 0.0194336 0.0194444
1 0.241406 0.701389 0.0136719 0.0333333
3 0.540625 0.325694 0.0796875 0.119444
1 0.330273 0.63125 0.0164062 0.0319444
1 0.0589844 0.852778 0.0167969 0.0236111
1 0.241797 0.706944 0.0117188 0.0222222
0 0.330273 0.63125 0.0164062 0.0319444
1 0.878906 0.309549 0.0109375 0.01875
1 0.0753662 0.801389 0.0160645 0.0194444
1 0.334766 0.629167 0.0242187 0.0597222
1 0.199609 0.533333 0.0175781 0.0152778
1 0.0158203 0.834722 0.0165039 0.0166667
1 0.198633 0.530556 0.0179687 0.0166667
0 0.241797 0.706944 0.0117188 0.0222222
1 0.0173828 0.838889 0.0151367 0.0166667
1 0.214453 0.510069 0.0101562 0.0180556
1 0.334375 0.63125 0.021875 0.0347222
1 0.0254883 0.81875 0.0189453 0.0277778
1 0.0210449 0.827083 0.0192383 0.0194444
1 0.241406 0.702083 0.0136719 0.0319444
1 0.536719 0.347222 0.0101562 0.0319444
3 0.540625 0.325694 0.0796875 0.119444
1 0.330273 0.63125 0.0164062 0.0319444
1 0.0588867 0.852778 0.0166016 0.0222222
1 0.241797 0.706944 0.0117188 0.0222222
0 0.330273 0.63125 0.0164062 0.0319444
1 0.878906 0.309549 0.0109375 0.0184028
1 0.0752197 0.801389 0.0159668 0.0194444
1 0.335156 0.629167 0.025 0.0611111
1 0.199609 0.533333 0.0175781 0.0152778
1 0.0158203 0.834722 0.0164062 0.0166667
1 0.334375 0.63125 0.021875 0.0347222
1 0.198633 0.530556 0.0179687 0.0166667
0 0.241797 0.706944 0.0117188 0.0222222
1 0.0173828 0.838889 0.0149414 0.0166667
1 0.214844 0.510417 0.0101562 0.0180556
1 0.0252808 0.81875 0.0189697 0.0277778
1 0.241406 0.702083 0.0140625 0.0319444
3 0.540625 0.325694 0.0796875 0.119444
1 0.330469 0.63125 0.0164062 0.0319444
1 0.0587891 0.852778 0.0164062 0.0222222
1 0.241602 0.706944 0.0121094 0.0222222
0 0.330469 0.63125 0.0164062 0.0319444
1 0.878125 0.309549 0.0125 0.0184028
1 0.0751953 0.801389 0.0158203 0.0194444
1 0.334766 0.629167 0.025 0.0597222
1 0.334375 0.63125 0.021875 0.0347222
1 0.199609 0.533333 0.0179687 0.0159722
1 0.198633 0.530556 0.0183594 0.0180556
0 0.241602 0.706944 0.0121094 0.0222222
1 0.214844 0.510417 0.0101562 0.0180556
1 0.0158447 0.834722 0.0165527 0.0166667
1 0.0604492 0.854167 0.0201172 0.0263889
1 0.241406 0.702083 0.0140625 0.0319444
1 0.0173828 0.838889 0.0148437 0.0166667
1 0.536719 0.346528 0.0109375 0.0319444
1 0.875 0.307465 0.0125 0.01875
3 0.540625 0.325694 0.0796875 0.119444
1 0.330469 0.63125 0.0164062 0.0319444
1 0.0587402 0.852778 0.0163086 0.0222222
1 0.241797 0.706944 0.0125 0.0222222
0 0.330469 0.63125 0.0164062 0.0319444
1 0.878125 0.309722 0.0125 0.0190972
1 0.0750977 0.801389 0.015625 0.0194444
1 0.33457 0.629167 0.0242187 0.0576389
1 0.334375 0.63125 0.0214844 0.0347222
1 0.199609 0.533333 0.0179687 0.0166667
1 0.198437 0.530556 0.01875 0.0180556
0 0.0449707 0.820833 0.0776367 0.102778
0 0.241797 0.706944 0.0125 0.0222222
1 0.241406 0.702083 0.0140625 0.0319444
1 0.214844 0.510417 0.0101562 0.0180556
1 0.875 0.307465 0.0125 0.0190972
1 0.536719 0.346181 0.0109375 0.0319444
1 0.0254028 0.81875 0.0189209 0.0277778
1 0.0157959 0.834722 0.016748 0.0166667
3 0.540625 0.325694 0.0796875 0.119444
1 0.330469 0.63125 0.0164062 0.0319444
1 0.241797 0.706944 0.0125 0.0236111
1 0.0586914 0.852778 0.0162109 0.0222222
0 0.330469 0.63125 0.0164062 0.0319444
1 0.878125 0.310069 0.0125 0.0194444
1 0.0752197 0.801389 0.0155762 0.0194444
1 0.199609 0.532986 0.01875 0.0166667
0 0.0452148 0.820833 0.0779297 0.102778
1 0.334375 0.63125 0.0214844 0.0347222
1 0.875 0.307639 0.0140625 0.0194444
1 0.334375 0.629167 0.0246094 0.0583333
1 0.241406 0.702778 0.0140625 0.0333333
0 0.241797 0.706944 0.0125 0.0236111
1 0.198437 0.530556 0.01875 0.0180556
1 0.214844 0.510417 0.0101562 0.0180556
1 0.536719 0.345486 0.0109375 0.0319444
1 0.0253906 0.81875 0.01875 0.0277778
3 0.540625 0.325608 0.0796875 0.119618
1 0.330469 0.63125 0.0164062 0.0319444
1 0.241797 0.706944 0.0125 0.0236111
1 0.0585938 0.852778 0.0160156 0.0222222
0 0.330469 0.63125 0.0164062 0.0319444
1 0.878125 0.310417 0.0125 0.0201389
1 0.0750977 0.801389 0.0154297 0.0194444
0 0.0454102 0.820833 0.0783203 0.102778
1 0.199414 0.532986 0.01875 0.0173611
1 0.334375 0.631597 0.0214844 0.0340278
1 0.875 0.307813 0.0140625 0.0197917
1 0.241406 0.702778 0.0140625 0.0333333
1 0.334375 0.628819 0.025 0.0597222
1 0.198437 0.530556 0.01875 0.0180556
0 0.241797 0.706944 0.0125 0.0236111
1 0.536719 0.345139 0.0109375 0.0319444
1 0.0254395 0.81875 0.0185547 0.0263889
1 0.214844 0.510069 0.0101562 0.0180556
3 0.540625 0.325608 0.0796875 0.119618
1 0.330469 0.63125 0.0164062 0.0319444
1 0.241797 0.706944 0.0125 0.025
1 0.0585938 0.852778 0.0160156 0.0222222
0 0.330469 0.63125 0.0164062 0.0319444
1 0.878125 0.310764 0.0125 0.0211806
1 0.075 0.801389 0.0152344 0.0194444
1 0.334375 0.631597 0.021875 0.0340278
1 0.241406 0.702778 0.0140625 0.0333333
1 0.875 0.307813 0.0140625 0.0201389
0 0.0456055 0.820833 0.0783203 0.102778
1 0.199414 0.532986 0.01875 0.0173611
1 0.0253418 0.819444 0.018457 0.025
1 0.536719 0.344792 0.0101562 0.0333333
0 0.241797 0.706944 0.0125 0.025
1 0.33418 0.628472 0.0246094 0.0583333
3 0.540625 0.325608 0.0796875 0.119618
1 0.330273 0.63125 0.0167969 0.0319444
1 0.241797 0.706944 0.0125 0.025
1 0.0585938 0.852778 0.0160156 0.0222222
0 0.330273 0.63125 0.0167969 0.0319444
1 0.878125 0.311458 0.0125 0.0222222
1 0.0749023 0.801389 0.0150391 0.0194444
1 0.241406 0.702778 0.0140625 0.0333333
1 0.334375 0.631597 0.021875 0.0340278
1 0.875 0.307986 0.0140625 0.0208333
1 0.0250488 0.820833 0.01875 0.025
1 0.199609 0.532986 0.0195312 0.0180556
1 0.536719 0.344444 0.0101562 0.0340278
0 0.241797 0.706944 0.0125 0.025
0 0.0456055 0.821528 0.0779297 0.102778
1 0.333789 0.628472 0.0226563 0.0527778
3 0.540625 0.325608 0.0796875 0.119618
1 0.330273 0.63125 0.0167969 0.0319444
1 0.241797 0.706944 0.0125 0.025
1 0.0585449 0.852083 0.0160156 0.0222222
0 0.330273 0.63125 0.0167969 0.0319444
1 0.878125 0.311806 0.0125 0.0229167
1 0.0748047 0.801389 0.0150391 0.0194444
1 0.241406 0.702778 0.0140625 0.0333333
1 0.0248535 0.820833 0.0189453 0.0236111
1 0.334375 0.631597 0.021875 0.0340278
1 0.875 0.308333 0.015625 0.0211806
1 0.199414 0.532639 0.0195312 0.0180556
1 0.536719 0.34375 0.009375 0.0340278
1 0.0221191 0.825 0.0203125 0.0194444
1 0.333398 0.628472 0.0210938 0.0479167
0 0.241797 0.706944 0.0125 0.025
3 0.540625 0.325608 0.0796875 0.119618
1 0.330273 0.63125 0.0167969 0.0319444
1 0.241797 0.706944 0.0125 0.025
1 0.0584961 0.852083 0.015918 0.0222222
0 0.330273 0.63125 0.0167969 0.0319444
1 0.878125 0.311806 0.0125 0.0229167
1 0.024585 0.820833 0.0192871 0.0222222
1 0.074707 0.801389 0.0148437 0.0194444
1 0.334375 0.631944 0.021875 0.0333333
1 0.241406 0.702778 0.0140625 0.0333333
1 0.199414 0.532639 0.0199219 0.0180556
1 0.02229 0.825 0.020459 0.0194444
1 0.875 0.308507 0.015625 0.0215278
1 0.332812 0.628472 0.0195312 0.0444444
1 0.536719 0.343403 0.009375 0.0347222
3 0.540625 0.325608 0.0796875 0.119618
1 0.330273 0.63125 0.0167969 0.0319444
1 0.241797 0.70625 0.0125 0.025
1 0.0584473 0.851389 0.0158203 0.0222222
0 0.330273 0.63125 0.0167969 0.0319444
1 0.878125 0.311806 0.0125 0.0229167
1 0.0244629 0.821528 0.0194336 0.0236111
1 0.0603516 0.852778 0.0201172 0.025
1 0.33418 0.631944 0.0214844 0.0333333
1 0.241406 0.702778 0.0140625 0.0333333
1 0.0745117 0.801389 0.0146484 0.0194444
1 0.0223877 0.825 0.020459 0.0194444
1 0.199414 0.532986 0.0203125 0.01875
1 0.875 0.308507 0.015625 0.0215278
1 0.332422 0.628472 0.01875 0.0416667
3 0.540625 0.325608 0.0796875 0.119618
1 0.330469 0.63125 0.0164062 0.0319444
1 0.241797 0.70625 0.0128906 0.025
1 0.0583984 0.851389 0.0158203 0.0222222
0 0.330469 0.63125 0.0164062 0.0319444
1 0.878125 0.312153 0.0125 0.0236111
1 0.0243408 0.821528 0.0196777 0.0236111
1 0.33418 0.631944 0.0214844 0.0333333
1 0.0224854 0.825 0.020459 0.0194444
1 0.241406 0.702778 0.0140625 0.0333333
1 0.0603516 0.852778 0.0201172 0.025
1 0.0745117 0.801389 0.0144531 0.0194444
1 0.199414 0.532639 0.0203125 0.0194444
1 0.332031 0.628472 0.01875 0.0402778
1 0.875 0.308681 0.015625 0.021875
3 0.540625 0.325608 0.0796875 0.119618
1 0.330273 0.63125 0.0167969 0.0319444
1 0.241797 0.70625 0.0128906 0.025
1 0.0583984 0.851389 0.0158203 0.0222222
0 0.330273 0.63125 0.0167969 0.0319444
1 0.878125 0.312153 0.0125 0.0236111
1 0.0243408 0.821528 0.0196777 0.0236111
1 0.33418 0.631944 0.0214844 0.0333333
1 0.0224854 0.825 0.020459 0.0194444
1 0.241406 0.702778 0.0140625 0.0333333
1 0.0603516 0.852778 0.0201172 0.025
1 0.0745117 0.801389 0.0144531 0.0194444
1 0.199414 0.532639 0.0203125 0.0194444
1 0.332031 0.628472 0.01875 0.0402778
1 0.875 0.308681 0.015625 0.021875
