0 0.492969 0.262674 0.0453125 0.0815972
0 0.415625 0.321875 0.0421875 0.0861111
0 0.383984 0.231944 0.0351562 0.0673611
0 0.455469 0.172396 0.040625 0.08125
0 0.622656 0.307639 0.0523437 0.0826389
0 0.955469 0.023253 0.0546875 0.0448134
0 0.960938 0.182595 0.065625 0.0917535
0 0.715625 0.121007 0.0421875 0.106597
0 0.721484 0.105642 0.0304688 0.0730903
0 0.607031 0.183681 0.0140625 0.03125
0 0.948438 0.649306 0.015625 0.0229167
0 0.609375 0.171181 0.0203125 0.05625
0 0.612891 0.175 0.0257812 0.0520833
0 0.359766 0.236632 0.0117188 0.028125
0 0.296484 0.0789931 0.0125 0.0256944
1 0.215234 0.0502604 0.0140625 0.0154514
0 0.614844 0.169097 0.0304688 0.0621528
0 0.708203 0.157986 0.0289063 0.0458333
0 0.920313 0.0569444 0.028125 0.0414931
1 0.764063 0.0248698 0.0125 0.0172743
0 0.646094 0.248611 0.015625 0.0263889
0 0.241602 0.0861979 0.0230469 0.0571181
0 0.221484 0.134462 0.0160156 0.0189236
0 0.95 0.647222 0.015625 0.0222222
0 0.224023 0.13533 0.0210938 0.0213542
1 0.5875 0.247396 0.0164062 0.028125
0 0.265234 0.0888889 0.0132813 0.0211806
1 0.296484 0.0789931 0.0125 0.0256944
0 0.5875 0.247396 0.0164062 0.028125
0 0.803125 0.186806 0.0375 0.0652778
1 0.95 0.647222 0.015625 0.0222222
1 0.948438 0.649306 0.015625 0.0229167
1 0.904688 0.634722 0.01875 0.0277778
1 0.113086 0.0838542 0.00703125 0.0197917
0 0.215234 0.0502604 0.0140625 0.0154514
1 0.221484 0.134462 0.0160156 0.0189236
0 0.5875 0.254514 0.0171875 0.0416667
0 0.932031 0.222049 0.0125 0.0190972
0 0.803906 0.172222 0.03125 0.0354167
0 0.617188 0.159375 0.0351562 0.0822917
1 0.359766 0.236632 0.0117188 0.028125
0 0.764063 0.0248698 0.0125 0.0172743
1 0.752344 0.415278 0.0117188 0.0201389
1 0.382422 0.589931 0.0078125 0.0229167
0 0.523438 0.318403 0.0125 0.0208333
1 0.313672 0.0953993 0.0117188 0.0213542
1 0.298828 0.0881076 0.00898437 0.0348958
1 0.382031 0.586806 0.0078125 0.0208333
0 0.799219 0.202083 0.0453125 0.0965278
0 0.613672 0.182639 0.0257812 0.0451389
0 0.623047 0.167187 0.046875 0.0684028
0 0.360547 0.240451 0.0105469 0.0458333
1 0.310937 0.0953125 0.0128906 0.0239583
0 0.611719 0.157595 0.0296875 0.084809
0 0.294531 0.0768229 0.0179687 0.0241319
0 0.0197266 0.486458 0.0216797 0.0333333
1 0.177734 0.12908 0.009375 0.0145833
0 0.961719 0.150304 0.0765625 0.157031
0 0.816406 0.611806 0.18125 0.415278
0 0.807813 0.167014 0.021875 0.0222222
0 0.80625 0.198611 0.0375 0.0798611
0 0.298828 0.0881076 0.00898437 0.0348958
0 0.922656 0.0502604 0.040625 0.0494792
0 0.915625 0.0711806 0.0375 0.0571181
1 0.360547 0.240451 0.0105469 0.0458333
0 0.752344 0.415278 0.0117188 0.0201389
0 0.705859 0.122743 0.0609375 0.112153
0 0.935938 0.213889 0.01875 0.0336806
0 0.9375 0.204167 0.025 0.0513889
1 0.904688 0.670486 0.0125 0.0354167
1 0.5875 0.254514 0.0171875 0.0416667
0 0.804688 0.164931 0.03125 0.0222222
0 0.042688 0.353819 0.0386475 0.0722222
0 0.785156 0.328125 0.021875 0.0534722
0 0.382031 0.586806 0.0078125 0.0208333
1 0.646094 0.248611 0.015625 0.0263889
0 0.811719 0.172917 0.0171875 0.0340278
0 0.878125 0.621528 0.028125 0.0375
0 0.782617 0.331944 0.0160156 0.0458333
0 0.64375 0.250347 0.01875 0.0284722
0 0.282813 0.0821181 0.0367187 0.0355903
1 0.265234 0.0888889 0.0132813 0.0211806
1 0.814844 0.822222 0.0109375 0.0166667
0 0.177734 0.12908 0.009375 0.0145833
0 0.310937 0.0953125 0.0128906 0.0239583
0 0.619531 0.180729 0.034375 0.0517361
0 0.252344 0.0857639 0.0359375 0.0479167
1 0.196484 0.625 0.0078125 0.0208333
0 0.814844 0.822222 0.0109375 0.0166667
0 0.790625 0.324653 0.028125 0.0618056
0 0.798242 0.220833 0.0472656 0.1375
0 0.248242 0.0844618 0.0367187 0.0557292
1 0.96875 0.825 0.0125 0.0166667
0 0.828125 0.519444 0.009375 0.0194444
0 0.795508 0.184028 0.0496094 0.0618056
0 0.313672 0.0953993 0.0117188 0.0213542
0 0.814062 0.845833 0.0125 0.025
0 0.801562 0.167882 0.0375 0.0322917
0 0.0308594 0.508333 0.046875 0.0743056
0 0.949219 0.653472 0.01875 0.0333333
0 0.709375 0.100694 0.0484375 0.0673611
0 0.238281 0.0918403 0.034375 0.0717014
0 0.0239502 0.488542 0.0213379 0.0333333
1 0.828125 0.519444 0.009375 0.0194444
1 0.90625 0.655556 0.015625 0.0215278
0 0.236523 0.0375 0.00703125 0.0201389
0 0.882031 0.634028 0.04375 0.0611111
1 0.904688 0.672569 0.015625 0.0423611
1 0.224023 0.13533 0.0210938 0.0213542
0 0.910937 0.0646701 0.04375 0.0451389
0 0.528906 0.0821181 0.0125 0.0239583
0 0.521875 0.0815972 0.028125 0.0305556
0 0.716016 0.141146 0.04375 0.0868056
1 0.415625 0.321528 0.0429688 0.0861111
0 0.550781 0.118142 0.015625 0.0210069
1 0.932031 0.222049 0.0125 0.0190972
0 0.440625 0.727778 0.05625 0.0833333
1 0.839063 0.773611 0.0109375 0.0166667
0 0.521875 0.188889 0.0164062 0.0302083
0 0.942187 0.209722 0.025 0.0388889
0 0.295703 0.0930556 0.0148437 0.0451389
1 0.460938 0.840278 0.0171875 0.0194444
1 0.899219 0.640278 0.0234375 0.0319444
0 0.610937 0.12691 0.046875 0.0711806
1 0.236523 0.0375 0.00703125 0.0201389
1 0.967188 0.827778 0.0125 0.0194444
0 0.382422 0.589931 0.0078125 0.0229167
0 0.882812 0.647222 0.05 0.0805556
1 0.989062 0.803472 0.0125 0.0208333
0 0.810938 0.847222 0.0140625 0.0277778
2 0.442187 0.725 0.053125 0.0805556
0 0.258594 0.0963542 0.0308594 0.0416667
0 0.477344 0.740972 0.0125 0.0263889
0 0.0510742 0.425 0.0208984 0.0319444
1 0.492188 0.261458 0.0453125 0.0819444
0 0.736328 0.390972 0.0203125 0.0229167
0 0.992969 0.0174913 0.0125 0.030816
0 0.504297 0.161111 0.0132813 0.01875
0 0.736719 0.395833 0.0203125 0.0270833
1 0.742188 0.329253 0.0078125 0.0164931
1 0.523438 0.318403 0.0125 0.0208333
0 0.796875 0.326476 0.040625 0.0595486
0 0.619531 0.132812 0.0585938 0.0868056
1 0.622656 0.307639 0.053125 0.0826389
0 0.469531 0.747222 0.0289063 0.0416667
1 0.310547 0.100608 0.0125 0.0302083
0 0.793945 0.314236 0.0402344 0.0819444
1 0.313086 0.100521 0.0136719 0.03125
0 0.523438 0.185937 0.0125 0.0256944
0 0.647656 0.246181 0.01875 0.0315972
0 0.517187 0.225174 0.0359375 0.0725694
0 0.903125 0.636111 0.025 0.0333333
0 0.0682129 0.404167 0.0426758 0.0652778
0 0.313086 0.100521 0.0136719 0.03125
0 0.903906 0.634028 0.0203125 0.0263889
0 0.253516 0.0795139 0.04375 0.0444444
1 0.916406 0.896528 0.0125 0.0194444
0 0.603906 0.181944 0.0179687 0.0347222
0 0.529688 0.0786458 0.0132813 0.0298611
1 0.455078 0.172222 0.0398437 0.0826389
0 0.0548828 0.419792 0.0185547 0.0361111
0 0.470703 0.75 0.0226563 0.0333333
0 0.984375 0.106076 0.03125 0.053125
0 0.595312 0.243576 0.0320312 0.0458333
1 0.814062 0.845833 0.0125 0.025
1 0.903125 0.636111 0.025 0.0333333
0 0.707812 0.0729384 0.03125 0.0544705
0 0.925 0.0746311 0.0375 0.0559462
0 0.627734 0.154557 0.0570313 0.0860243
1 0.938281 0.875 0.025 0.0333333
1 0.978125 0.816667 0.015625 0.0222222
1 0.141211 0.85 0.0113281 0.0277778
2 0.622656 0.307639 0.053125 0.0826389
1 0.986719 0.805556 0.0171875 0.025
1 0.364844 0.179167 0.0109375 0.0131944
0 0.223047 0.125694 0.0285156 0.0381944
0 0.702344 0.0454861 0.0375 0.0361111
0 0.492969 0.261979 0.04375 0.0822917
0 0.415625 0.321528 0.0421875 0.0854167
0 0.455469 0.172049 0.0398437 0.0833333
0 0.384473 0.231597 0.0357422 0.0680556
0 0.622656 0.307813 0.0515625 0.0850694
0 0.951563 0.0226997 0.04375 0.0438368
0 0.714453 0.124826 0.0460938 0.114236
1 0.214258 0.0504774 0.0136719 0.016059
0 0.297266 0.0768229 0.0109375 0.0243056
0 0.721094 0.104948 0.03125 0.0734375
1 0.297266 0.0768229 0.0109375 0.0243056
1 0.113477 0.0818576 0.00761719 0.0177083
1 0.237891 0.0394965 0.00859375 0.0199653
0 0.707812 0.155252 0.0296875 0.0499132
0 0.920313 0.0570964 0.028125 0.0392795
1 0.764063 0.0258247 0.0109375 0.0168403
0 0.803125 0.171528 0.0359375 0.0326389
0 0.249219 0.0855903 0.0390625 0.0555556
1 0.359766 0.238889 0.0101562 0.0263889
0 0.244141 0.0883681 0.028125 0.0538194
0 0.948438 0.65 0.015625 0.0236111
0 0.607813 0.173611 0.0171875 0.0555556
0 0.607813 0.181944 0.015625 0.0368056
0 0.801562 0.177083 0.0390625 0.04375
1 0.381641 0.586111 0.0078125 0.0194444
0 0.960938 0.184201 0.06875 0.0902778
1 0.303125 0.220139 0.00742187 0.01875
0 0.801562 0.186111 0.0421875 0.0586806
1 0.311523 0.0974826 0.0132813 0.0272569
0 0.646875 0.247743 0.015625 0.0260417
1 0.220117 0.134722 0.0117188 0.0194444
0 0.522656 0.318403 0.0117188 0.0215278
0 0.942187 0.0299045 0.05 0.0417535
0 0.214258 0.0504774 0.0136719 0.016059
0 0.804688 0.169444 0.03125 0.0256944
0 0.878125 0.621528 0.025 0.0347222
0 0.440234 0.731944 0.0601562 0.0944444
1 0.239258 0.0416667 0.0105469 0.0202257
0 0.93125 0.221181 0.0125 0.0201389
0 0.359766 0.238889 0.0101562 0.0263889
1 0.313281 0.0963542 0.0132813 0.0243056
0 0.610937 0.179861 0.021875 0.0486111
1 0.761719 0.0264323 0.0140625 0.0168403
1 0.196484 0.625347 0.0078125 0.0208333
1 0.297656 0.0899306 0.00859375 0.0326389
0 0.237891 0.0394965 0.00859375 0.0199653
0 0.262891 0.0861979 0.0164062 0.0387153
1 0.522656 0.318403 0.0117188 0.0215278
1 0.461719 0.838194 0.0148437 0.0180556
0 0.901563 0.635417 0.025 0.0333333
0 0.253125 0.0927083 0.0449219 0.0572917
1 0.646875 0.247743 0.015625 0.0260417
0 0.702734 0.121788 0.06875 0.11684
1 0.742188 0.329167 0.00625 0.0138889
1 0.892969 0.373611 0.0109375 0.0194444
1 0.00600586 0.381944 0.0106445 0.0166667
1 0.96875 0.826389 0.0125 0.0152778
0 0.960938 0.159722 0.071875 0.137847
1 0.9875 0.802778 0.0125 0.0194444
1 0.382031 0.589236 0.0078125 0.0243056
0 0.311523 0.0974826 0.0132813 0.0272569
0 0.889063 0.648611 0.0484375 0.0888889
0 0.295703 0.0907986 0.0148437 0.0486111
1 0.415625 0.321528 0.0421875 0.0854167
1 0.985937 0.804861 0.015625 0.0236111
0 0.24375 0.0970486 0.0453125 0.0725694
0 0.607813 0.159679 0.025 0.0861979
0 0.297656 0.0899306 0.00859375 0.0326389
0 0.0313477 0.506944 0.0458984 0.0736111
0 0.649219 0.246875 0.015625 0.0270833
1 0.588281 0.247743 0.0140625 0.0288194
0 0.903906 0.634722 0.0203125 0.0277778
3 0.439844 0.731944 0.0609375 0.0958333
3 0.782617 0.41875 0.0160156 0.025
0 0.141602 0.85 0.00976562 0.025
1 0.915625 0.897222 0.0125 0.0194444
0 0.920313 0.0684028 0.03125 0.0585069
0 0.94375 0.203125 0.0375 0.0552083
0 0.550781 0.115885 0.0148437 0.0178819
0 0.801562 0.198264 0.046875 0.0756944
0 0.549219 0.118229 0.0171875 0.0232639
0 0.528906 0.0840278 0.0140625 0.0208333
1 0.951563 0.0225694 0.04375 0.0436632
0 0.524219 0.0835069 0.0226563 0.025
0 0.29375 0.0786458 0.0164062 0.0310764
0 0.507031 0.162674 0.0148437 0.0229167
0 0.964844 0.188889 0.05 0.0770833
0 0.165234 0.511806 0.0695312 0.0847222
0 0.722656 0.0955729 0.028125 0.0633681
1 0.236328 0.0351128 0.0117188 0.0278646
1 0.456641 0.829167 0.0132813 0.0208333
0 0.991406 0.0159831 0.0140625 0.0314019
1 0.492969 0.261979 0.04375 0.0826389
1 0.649219 0.246875 0.015625 0.0270833
0 0.964063 0.0217448 0.05 0.0426215
1 0.455469 0.172049 0.040625 0.0833333
0 0.816406 0.194444 0.0609375 0.0638889
0 0.220117 0.134722 0.0117188 0.0194444
0 0.313281 0.0963542 0.0132813 0.0243056
1 0.244141 0.0883681 0.028125 0.0538194
0 0.525 0.318229 0.015625 0.0232639
1 0.3625 0.244444 0.0125 0.0409722
0 0.764063 0.0258247 0.0109375 0.0168403
1 0.815625 0.822222 0.009375 0.0138889
0 0.573047 0.25625 0.0742188 0.136806
0 0.886719 0.636806 0.04375 0.0694444
1 0.752344 0.415972 0.0125 0.0208333
0 0.814844 0.185069 0.0546875 0.0583333
1 0.965625 0.829167 0.0109375 0.0166667
1 0.364844 0.613194 0.00820312 0.0180556
1 0.978125 0.816667 0.01875 0.025
0 0.809375 0.206944 0.053125 0.0666667
1 0.365625 0.181076 0.009375 0.0177083
0 0.948438 0.654167 0.01875 0.0319444
0 0.995313 0.270833 0.0078125 0.0173611
1 0.478125 0.738889 0.0109375 0.025
1 0.383496 0.231597 0.0361328 0.0690972
1 0.464844 0.838194 0.021875 0.0208333
1 0.903125 0.635417 0.021875 0.0291667
0 0.514844 0.227431 0.03125 0.0628472
0 0.527734 0.0787326 0.015625 0.0310764
0 0.742188 0.329167 0.00625 0.0138889
1 0.367188 0.614236 0.00703125 0.0194444
1 0.597266 0.0303819 0.0132813 0.0227431
1 0.104102 0.00568576 0.0134766 0.0113715
1 0.93125 0.221181 0.0125 0.0201389
1 0.939062 0.876389 0.021875 0.0277778
0 0.495313 0.140799 0.0171875 0.025
0 0.697656 0.111458 0.0625 0.0809028
1 0.365625 0.607986 0.0101562 0.0236111
0 0.49375 0.109549 0.025 0.0291667
1 0.622656 0.307639 0.0515625 0.0847222
0 0.0275513 0.500347 0.0335693 0.0604167
0 0.496875 0.147569 0.0125 0.0211806
0 0.245312 0.0921875 0.0273438 0.0375
0 0.752344 0.415972 0.0125 0.0208333
0 0.225586 0.134462 0.0214844 0.0223958
0 0.618359 0.180556 0.0351562 0.0513889
1 0.467187 0.756944 0.0132813 0.0222222
0 0.892187 0.656944 0.040625 0.0736111
0 0.368164 0.028125 0.0324219 0.0541667
0 0.524219 0.184722 0.0203125 0.0291667
0 0.985156 0.108594 0.0296875 0.0541667
1 0.4625 0.836111 0.0171875 0.025
0 0.196484 0.625347 0.0078125 0.0208333
0 0.381641 0.586111 0.0078125 0.0194444
0 0.514063 0.163715 0.0296875 0.0329861
0 0.618359 0.169444 0.0421875 0.0694444
0 0.0243164 0.494444 0.0303711 0.0486111
0 0.523438 0.184375 0.0140625 0.025
1 0.359766 0.237153 0.0117188 0.0375
0 0.951563 0.0224935 0.046875 0.0442491
0 0.492578 0.261979 0.0445312 0.0829861
0 0.623438 0.307639 0.0515625 0.0847222
0 0.415625 0.322569 0.0421875 0.0861111
0 0.455469 0.171832 0.040625 0.0841146
0 0.383203 0.23125 0.0375 0.0701389
0 0.714063 0.12526 0.046875 0.114063
1 0.216016 0.050434 0.0125 0.0152778
1 0.764063 0.0250868 0.0109375 0.0171875
1 0.112305 0.0814236 0.00664063 0.0149306
1 0.297266 0.0769097 0.0117188 0.0237847
1 0.359375 0.2375 0.0109375 0.0260417
0 0.296484 0.0788194 0.0132813 0.0270833
0 0.359375 0.2375 0.0109375 0.0260417
0 0.959375 0.183377 0.06875 0.0894965
0 0.522656 0.318056 0.0125 0.0215278
0 0.717188 0.101389 0.0390625 0.0670139
1 0.38125 0.586806 0.0078125 0.0208333
1 0.360156 0.245139 0.0125 0.0416667
1 0.382031 0.589583 0.00859375 0.0236111
0 0.360156 0.245139 0.0125 0.0416667
1 0.236719 0.0391493 0.00664063 0.0175347
0 0.709375 0.154123 0.034375 0.0528646
0 0.359766 0.236111 0.0128906 0.0319444
1 0.522656 0.318056 0.0125 0.0215278
1 0.196484 0.625694 0.00703125 0.0222222
1 0.586328 0.245486 0.0148437 0.0256944
0 0.611328 0.184375 0.0234375 0.0388889
1 0.359766 0.236111 0.0128906 0.0319444
1 0.970312 0.825694 0.015625 0.0166667
1 0.220703 0.133854 0.0117188 0.0201389
0 0.607813 0.184549 0.015625 0.0309028
0 0.515625 0.317708 0.028125 0.0291667
0 0.920313 0.0559028 0.028125 0.0336806
1 0.948438 0.65 0.015625 0.0222222
0 0.932813 0.220139 0.015625 0.0208333
0 0.524219 0.318576 0.0171875 0.021875
0 0.91875 0.0511285 0.025 0.0286458
1 0.917188 0.897222 0.0125 0.0194444
0 0.216016 0.050434 0.0125 0.0152778
0 0.901563 0.635417 0.025 0.0319444
1 0.457812 0.840278 0.00625 0.0166667
1 0.742969 0.328819 0.0078125 0.0138889
0 0.528906 0.0830729 0.0132813 0.0194444
1 0.141895 0.848611 0.00957031 0.025
0 0.251172 0.0844618 0.0375 0.0496528
0 0.948438 0.65 0.015625 0.0222222
0 0.259766 0.0814236 0.0195312 0.040625
0 0.808594 0.168576 0.0203125 0.0229167
0 0.608594 0.174653 0.0195312 0.0493056
1 0.985937 0.804167 0.015625 0.0222222
0 0.287891 0.0795139 0.028125 0.0322917
0 0.763281 0.0267361 0.0101562 0.0171875
0 0.80625 0.169792 0.028125 0.0291667
0 0.719531 0.0923611 0.0359375 0.0586806
1 0.213281 0.0521267 0.0164062 0.0184896
0 0.241406 0.081684 0.0230469 0.0456597
0 0.225 0.135243 0.0195312 0.01875
0 0.714063 0.0888889 0.040625 0.0611111
0 0.264648 0.0884549 0.0117188 0.021875
1 0.477344 0.738889 0.0125 0.0222222
0 0.249609 0.0923611 0.0410156 0.0604167
0 0.220703 0.133854 0.0117188 0.0201389
0 0.878125 0.621875 0.025 0.0319444
0 0.803125 0.186111 0.040625 0.0583333
1 0.456641 0.829167 0.0078125 0.0180556
0 0.244141 0.084375 0.0351562 0.0552083
1 0.752344 0.416319 0.0125 0.0229167
0 0.960938 0.156207 0.071875 0.141059
1 0.952344 0.0225586 0.0453125 0.0439453
1 0.351953 0.149479 0.0125 0.0291667
0 0.0419922 0.525694 0.0742188 0.113889
0 0.597656 0.0279948 0.015625 0.0194444
0 0.586328 0.245486 0.0148437 0.0256944
1 0.89375 0.372917 0.0109375 0.0180556
0 0.0567383 0.532639 0.102539 0.127778
0 0.29707 0.0897569 0.0117188 0.0326389
0 0.0205322 0.4875 0.0206543 0.0347222
1 0.528906 0.0830729 0.0132813 0.0194444
0 0.617969 0.182812 0.0359375 0.0451389
1 0.907031 0.65625 0.0140625 0.0263889
0 0.515234 0.229167 0.03125 0.0680556
1 0.264648 0.0884549 0.0117188 0.021875
1 0.314063 0.0956597 0.0113281 0.0201389
0 0.235352 0.123351 0.0449219 0.0463542
0 0.904688 0.674653 0.0140625 0.04375
0 0.6125 0.175174 0.0265625 0.05625
0 0.703125 0.127951 0.0578125 0.107986
1 0.461328 0.835417 0.0078125 0.0194444
1 0.197852 0.629167 0.00898437 0.01875
0 0.525 0.0829861 0.0203125 0.021875
0 0.917188 0.0596354 0.03125 0.0378472
0 0.939062 0.873611 0.0234375 0.0305556
0 0.259766 0.0788194 0.025 0.0399306
1 0.347656 0.140104 0.009375 0.0184028
0 0.261914 0.0966146 0.0214844 0.0418403
0 0.520312 0.083941 0.0328125 0.0270833
1 0.916406 0.901389 0.0125 0.0263889
1 0.239063 0.0435764 0.0117188 0.0168403
0 0.236719 0.0391493 0.00664063 0.0175347
1 0.29707 0.0897569 0.0117188 0.0326389
0 0.240625 0.109983 0.0585938 0.0744792
1 0.828125 0.517361 0.009375 0.0194444
1 0.235938 0.0425781 0.0109375 0.0165799
1 0.177734 0.12908 0.00976562 0.0168403
1 0.348828 0.149653 0.0121094 0.0298611
1 0.597656 0.0279948 0.015625 0.0194444
0 0.803125 0.171007 0.034375 0.0381944
0 0.38125 0.586806 0.0078125 0.0208333
0 0.807813 0.173958 0.03125 0.0361111
0 0.6 0.0240343 0.0203125 0.0291884
1 0.647656 0.248611 0.0148437 0.0236111
0 0.742969 0.328819 0.0078125 0.0138889
1 0.714063 0.123351 0.046875 0.112326
1 0.96875 0.827778 0.015625 0.0166667
1 0.351758 0.14401 0.0113281 0.0244792
1 0.365234 0.182465 0.0109375 0.0201389
0 0.597656 0.0359375 0.015625 0.0227431
0 0.538281 0.533681 0.0203125 0.05625
1 0.975781 0.816667 0.028125 0.0361111
0 0.240234 0.0963542 0.0210938 0.0401042
0 0.382031 0.589583 0.00859375 0.0236111
0 0.714844 0.115799 0.040625 0.0861111
0 0.16709 0.515972 0.0658203 0.0736111
1 0.814062 0.818056 0.0125 0.0194444
0 0.541016 0.529861 0.0257812 0.0652778
0 0.492969 0.261806 0.04375 0.08125
0 0.455469 0.172049 0.040625 0.0826389
0 0.415625 0.322049 0.0421875 0.0864583
0 0.622656 0.307813 0.0523437 0.0850694
0 0.383594 0.231424 0.0367187 0.0701389
0 0.951563 0.0223958 0.046875 0.0447917
1 0.112305 0.0804688 0.00664063 0.0178819
1 0.215625 0.0500868 0.0125 0.0147569
0 0.714844 0.12474 0.046875 0.11684
0 0.249219 0.0868924 0.0382813 0.0574653
0 0.721875 0.101302 0.03125 0.0644097
1 0.359766 0.239063 0.0101562 0.0277778
0 0.215625 0.0500868 0.0125 0.0147569
0 0.296875 0.0788194 0.0128906 0.0253472
0 0.359766 0.239063 0.0101562 0.0277778
1 0.764063 0.0250868 0.0109375 0.0149306
1 0.236719 0.0387153 0.0078125 0.0166667
0 0.919531 0.0541667 0.025 0.0350694
1 0.297461 0.0769097 0.0117188 0.0225694
1 0.360352 0.244965 0.0101562 0.0423611
0 0.96875 0.184549 0.053125 0.0836806
0 0.523438 0.318576 0.0125 0.021875
1 0.762891 0.0263889 0.009375 0.0164931
0 0.948438 0.65 0.015625 0.0222222
0 0.932813 0.220486 0.0125 0.01875
0 0.710547 0.149306 0.0351562 0.0635417
0 0.708203 0.157943 0.0296875 0.0466146
0 0.921875 0.0576172 0.025 0.0351128
1 0.38125 0.586806 0.0078125 0.0208333
0 0.810156 0.171181 0.021875 0.0291667
0 0.803125 0.186111 0.0375 0.0611111
0 0.610937 0.183333 0.0234375 0.0395833
0 0.607813 0.184896 0.015625 0.0319444
1 0.219531 0.134722 0.0109375 0.0189236
1 0.196484 0.625 0.00703125 0.0222222
0 0.360352 0.244965 0.0101562 0.0423611
0 0.608594 0.174653 0.01875 0.0520833
0 0.213086 0.0511285 0.0167969 0.0171875
0 0.919531 0.0596354 0.028125 0.0449653
1 0.523438 0.318576 0.0125 0.021875
1 0.588281 0.247222 0.0140625 0.0270833
0 0.359766 0.233333 0.0125 0.0409722
0 0.28125 0.0807292 0.0429688 0.0368056
0 0.0427734 0.526389 0.0740234 0.10625
0 0.243359 0.087934 0.0285156 0.0585069
1 0.752344 0.415625 0.0109375 0.0201389
0 0.611719 0.173958 0.0265625 0.0576389
0 0.932813 0.218229 0.0171875 0.025
1 0.297266 0.0924479 0.0109375 0.0282986
0 0.516406 0.226736 0.03125 0.0736111
0 0.810156 0.184722 0.0296875 0.05625
0 0.807031 0.191667 0.0328125 0.0625
0 0.617578 0.181944 0.0359375 0.0458333
0 0.043457 0.481944 0.0869141 0.208333
1 0.951563 0.022092 0.046875 0.044184
1 0.762109 0.0255208 0.0125 0.0147569
1 0.382031 0.590278 0.0078125 0.0243056
1 0.970312 0.826389 0.0125 0.0138889
0 0.272656 0.0823785 0.0601562 0.0397569
1 0.213086 0.0511285 0.0167969 0.0171875
1 0.607422 0.183681 0.0179687 0.0340278
0 0.939844 0.0771701 0.0140625 0.0243056
1 0.828125 0.51875 0.009375 0.0208333
0 0.297266 0.0924479 0.0109375 0.0282986
0 0.723437 0.0929687 0.028125 0.0581597
0 0.29707 0.0914931 0.0144531 0.0472222
1 0.314258 0.0956597 0.0101562 0.0194444
0 0.935938 0.198958 0.021875 0.0618056
0 0.80625 0.18125 0.028125 0.0416667
0 0.236719 0.0387153 0.0078125 0.0166667
1 0.359766 0.233333 0.0125 0.0409722
0 0.710938 0.107205 0.0359375 0.0680556
0 0.0203125 0.4875 0.0213867 0.0319444
0 0.0333496 0.522917 0.0543945 0.1
1 0.364453 0.610417 0.00703125 0.0166667
1 0.238672 0.0414931 0.0117188 0.0175347
0 0.569531 0.0796007 0.0703125 0.0942708
0 0.764063 0.0250868 0.0109375 0.0149306
0 0.360938 0.249306 0.0148437 0.0513889
1 0.351953 0.152734 0.0117188 0.0341146
0 0.439844 0.730556 0.059375 0.0930556
1 0.177148 0.12934 0.0101562 0.0159722
0 0.311328 0.0962674 0.0148437 0.0265625
0 0.294336 0.0798611 0.0171875 0.0284722
1 0.95625 0.138715 0.009375 0.0208333
0 0.716016 0.0988715 0.0382813 0.0744792
0 0.79668 0.189583 0.0472656 0.0659722
0 0.219531 0.134722 0.0109375 0.0189236
0 0.959375 0.188889 0.040625 0.0777778
1 0.366016 0.181076 0.009375 0.0211806
1 0.302734 0.220833 0.00898437 0.0180556
0 0.0640137 0.555556 0.0305664 0.0458333
1 0.905469 0.5625 0.0125 0.025
1 0.249219 0.0878472 0.0375 0.0572917
0 0.38125 0.586806 0.0078125 0.0208333
0 0.241211 0.102257 0.0535156 0.0888889
1 0.966406 0.829167 0.009375 0.0111111
1 0.917188 0.895833 0.0109375 0.0166667
0 0.250391 0.0970486 0.0382813 0.0633681
1 0.89375 0.372569 0.009375 0.0173611
0 0.782617 0.418056 0.0160156 0.0222222
0 0.528906 0.0823785 0.0125 0.0204861
0 0.752344 0.415625 0.0109375 0.0201389
0 0.226953 0.135243 0.0160156 0.0184028
1 0.986719 0.806944 0.0140625 0.0222222
0 0.61875 0.168576 0.040625 0.0631944
1 0.588281 0.255035 0.015625 0.0385417
1 0.599219 0.0272569 0.0179687 0.0208333
1 0.948438 0.65 0.015625 0.0222222
0 0.523828 0.0818576 0.0234375 0.0246528
1 0.555469 0.314063 0.0078125 0.0197917
1 0.9875 0.802778 0.0125 0.0194444
0 0.020752 0.440972 0.0411133 0.138889
0 0.705078 0.114497 0.0625 0.103299
0 0.492969 0.261806 0.0445312 0.0819444
0 0.415234 0.322049 0.0429688 0.0864583
0 0.622656 0.307292 0.0523437 0.0847222
0 0.951563 0.0225586 0.046875 0.0442925
0 0.455469 0.172266 0.040625 0.0825521
0 0.383594 0.230903 0.0375 0.0708333
1 0.112793 0.0811632 0.00703125 0.0163194
1 0.215625 0.0500868 0.0132813 0.0154514
0 0.948438 0.65 0.015625 0.0229167
0 0.714844 0.125087 0.0453125 0.110937
0 0.296875 0.0784722 0.0132813 0.0263889
1 0.38125 0.5875 0.0078125 0.0208333
0 0.960156 0.183333 0.0671875 0.0895833
1 0.764063 0.0253472 0.0109375 0.0163194
1 0.762891 0.0265191 0.009375 0.0164931
0 0.810938 0.167708 0.021875 0.0225694
1 0.382031 0.590278 0.0078125 0.0222222
1 0.364453 0.609722 0.00625 0.0166667
1 0.219531 0.134809 0.009375 0.01875
0 0.919531 0.0565104 0.0265625 0.0378472
0 0.359375 0.239236 0.0101562 0.0298611
0 0.717578 0.107118 0.0390625 0.0741319
0 0.804688 0.172743 0.034375 0.0357639
1 0.296875 0.0784722 0.0132813 0.0263889
1 0.359375 0.239236 0.0101562 0.0298611
1 0.2375 0.0397569 0.0078125 0.0196181
0 0.721875 0.0963542 0.0296875 0.053125
1 0.587109 0.247049 0.0148437 0.0256944
0 0.7125 0.143837 0.0390625 0.0737847
1 0.196484 0.625 0.0078125 0.0222222
0 0.613281 0.183681 0.028125 0.0395833
0 0.607813 0.184375 0.015625 0.0319444
0 0.807813 0.167535 0.025 0.0260417
0 0.215625 0.0500868 0.0132813 0.0154514
1 0.366016 0.607292 0.0078125 0.01875
0 0.294531 0.0796875 0.0179687 0.0284722
0 0.285352 0.0800347 0.0355469 0.0357639
0 0.608984 0.174132 0.0203125 0.0524306
0 0.807813 0.183333 0.03125 0.0520833
0 0.932813 0.220833 0.0125 0.01875
0 0.264844 0.087934 0.0132813 0.0208333
0 0.708203 0.161068 0.0296875 0.0382813
0 0.709375 0.154687 0.0351562 0.0524306
1 0.458203 0.838889 0.00625 0.0166667
0 0.620313 0.181597 0.040625 0.0451389
0 0.903125 0.635417 0.021875 0.0291667
0 0.721484 0.130816 0.0601562 0.116493
0 0.948438 0.653472 0.01875 0.0305556
0 0.896875 0.635417 0.034375 0.0402778
0 0.467969 0.758333 0.0140625 0.0152778
0 0.35957 0.236285 0.0121094 0.0388889
0 0.919531 0.0678819 0.0296875 0.0569444
0 0.611719 0.178472 0.0242187 0.0458333
1 0.742578 0.329167 0.00625 0.0125
0 0.262891 0.0833333 0.0132813 0.0274306
1 0.297656 0.0880208 0.0113281 0.0315972
0 0.798437 0.180556 0.046875 0.0493056
0 0.272656 0.0787326 0.0339844 0.0411458
1 0.239063 0.0422743 0.0105469 0.0199653
1 0.970312 0.826389 0.0140625 0.0138889
0 0.617188 0.17309 0.0359375 0.0600694
0 0.802344 0.186806 0.040625 0.059375
1 0.361328 0.24375 0.009375 0.0388889
0 0.232031 0.0940972 0.0578125 0.0736111
0 0.225586 0.134549 0.0183594 0.0182292
0 0.889844 0.631944 0.046875 0.0583333
0 0.0203613 0.4875 0.0208008 0.0319444
1 0.461328 0.834722 0.00703125 0.0166667
1 0.366992 0.6125 0.00664063 0.0222222
1 0.828125 0.51875 0.00625 0.0194444
0 0.38125 0.5875 0.0078125 0.0208333
0 0.382031 0.590278 0.0078125 0.0222222
0 0.233594 0.105469 0.05 0.0772569
0 0.889063 0.610069 0.05 0.0972222
0 0.297656 0.0880208 0.0113281 0.0315972
1 0.467969 0.758333 0.0140625 0.0152778
0 0.0309082 0.506597 0.0467773 0.0763889
0 0.782812 0.418403 0.015625 0.0222222
0 0.261914 0.0831597 0.0195312 0.0361111
0 0.904688 0.672222 0.0125 0.0416667
0 0.762891 0.0265191 0.009375 0.0164931
1 0.213281 0.0518229 0.0164062 0.0185764
0 0.219531 0.134809 0.009375 0.01875
1 0.105273 0.617361 0.00800781 0.0180556
0 0.764063 0.0253472 0.0109375 0.0163194
0 0.707422 0.117708 0.0585938 0.111806
0 0.752344 0.415625 0.0101562 0.01875
1 0.9875 0.804861 0.015625 0.0208333
1 0.215625 0.130729 0.009375 0.0229167
1 0.313672 0.0960069 0.0117188 0.0215278
0 0.878125 0.620833 0.021875 0.0340278
1 0.555469 0.314236 0.00703125 0.0229167
1 0.45625 0.827778 0.00703125 0.0166667
0 0.946094 0.198437 0.0421875 0.0628472
1 0.177539 0.129167 0.009375 0.0170139
0 0.713281 0.114497 0.0375 0.0727431
0 0.244531 0.0899306 0.0304688 0.0661458
1 0.647656 0.248958 0.0140625 0.0222222
0 0.295898 0.0914062 0.015625 0.0473958
0 0.992969 0.579861 0.0109375 0.0208333
1 0.309766 0.100694 0.0105469 0.0260417
1 0.752344 0.415625 0.0101562 0.01875
1 0.180273 0.629514 0.0109375 0.025
1 0.167773 0.649306 0.009375 0.01875
0 0.721875 0.0866319 0.03125 0.0482639
1 0.948438 0.65 0.015625 0.0229167
1 0.528906 0.0833333 0.0125 0.0204861
0 0.2375 0.0397569 0.0078125 0.0196181
0 0.492969 0.261979 0.0445312 0.0826389
0 0.622656 0.306944 0.0523437 0.0854167
0 0.455469 0.172049 0.040625 0.0833333
0 0.415234 0.321875 0.0421875 0.0861111
0 0.951563 0.0224718 0.0453125 0.0441189
0 0.383594 0.230208 0.0375 0.0708333
1 0.21543 0.0500868 0.0128906 0.0154514
0 0.714844 0.125694 0.0453125 0.110417
0 0.29668 0.0799479 0.0140625 0.0286458
1 0.763281 0.0272569 0.009375 0.015191
0 0.919531 0.0556424 0.0265625 0.0369792
1 0.112695 0.0814236 0.00703125 0.0164931
1 0.38125 0.5875 0.00859375 0.0222222
1 0.219141 0.134722 0.0101562 0.01875
1 0.29668 0.0799479 0.0140625 0.0286458
0 0.948438 0.649306 0.015625 0.0215278
0 0.810938 0.166493 0.01875 0.0197917
1 0.359766 0.239583 0.0109375 0.0291667
1 0.237305 0.0401042 0.0078125 0.0189236
0 0.359766 0.239583 0.0109375 0.0291667
0 0.809375 0.170139 0.021875 0.028125
0 0.285937 0.0809028 0.034375 0.0368056
0 0.803125 0.177778 0.034375 0.0451389
0 0.965625 0.183854 0.059375 0.0875
0 0.294336 0.08125 0.0195312 0.0315972
0 0.248828 0.0857639 0.0398437 0.0569444
0 0.91875 0.0679687 0.03125 0.0609375
0 0.29707 0.0857639 0.0144531 0.0357639
0 0.440625 0.727778 0.0578125 0.0861111
1 0.364453 0.609722 0.00742187 0.0152778
0 0.803125 0.169792 0.034375 0.0347222
0 0.243359 0.0864583 0.0277344 0.0572917
1 0.360547 0.245833 0.0101562 0.0388889
0 0.23418 0.104427 0.0445312 0.0800347
0 0.252734 0.0815972 0.0492188 0.0472222
1 0.586328 0.247222 0.0140625 0.025
0 0.723047 0.0946181 0.0273438 0.0493056
0 0.360547 0.245833 0.0101562 0.0388889
0 0.21543 0.0500868 0.0128906 0.0154514
0 0.219141 0.134722 0.0101562 0.01875
0 0.725 0.125521 0.0625 0.118056
0 0.932031 0.221181 0.0125 0.0194444
0 0.607813 0.191493 0.0140625 0.0326389
0 0.46875 0.752083 0.01875 0.0291667
0 0.225 0.134635 0.0210938 0.0199653
1 0.196484 0.625694 0.0078125 0.0222222
0 0.80625 0.182639 0.034375 0.0520833
0 0.264062 0.0854167 0.0179687 0.0340278
1 0.213281 0.0513021 0.0164062 0.0178819
1 0.742188 0.329167 0.00625 0.0125
0 0.801562 0.185937 0.0375 0.0569444
0 0.710547 0.151562 0.0375 0.0597222
0 0.954687 0.193056 0.025 0.0680556
0 0.763281 0.0272569 0.009375 0.015191
0 0.25293 0.0940104 0.0472656 0.0578125
1 0.366016 0.606944 0.00820312 0.0208333
0 0.38125 0.5875 0.00859375 0.0222222
0 0.231641 0.10842 0.0367187 0.0626736
1 0.225 0.134635 0.0210938 0.0199653
1 0.29707 0.0857639 0.0144531 0.0357639
0 0.752344 0.415278 0.0109375 0.0194444
0 0.611719 0.188889 0.0226563 0.0465278
1 0.752344 0.415278 0.0109375 0.0194444
1 0.177344 0.129167 0.0105469 0.0161458
0 0.900781 0.637153 0.028125 0.0368056
1 0.96875 0.826389 0.0125 0.0138889
1 0.141602 0.85 0.0109375 0.025
1 0.815625 0.820833 0.009375 0.0138889
1 0.314063 0.0943576 0.0109375 0.0196181
0 0.360156 0.237326 0.0125 0.0364583
1 0.239063 0.0425781 0.0109375 0.0204861
0 0.238867 0.0986979 0.0246094 0.0498264
0 0.298828 0.0821181 0.0171875 0.0333333
0 0.608594 0.177083 0.0179687 0.0520833
0 0.7125 0.138542 0.0390625 0.0840278
0 0.213281 0.0513021 0.0164062 0.0178819
0 0.472266 0.747917 0.0226563 0.0347222
0 0.249023 0.101476 0.0652344 0.0748264
0 0.91875 0.0835069 0.0375 0.0791667
0 0.246875 0.0914931 0.0324219 0.0428819
0 0.903125 0.636111 0.021875 0.0305556
1 0.461719 0.834722 0.0078125 0.0166667
0 0.951563 0.211458 0.0203125 0.0326389
1 0.842969 0.460764 0.009375 0.0180556
0 0.237305 0.0401042 0.0078125 0.0189236
0 0.476953 0.738889 0.0125 0.0236111
0 0.948438 0.654167 0.01875 0.0319444
1 0.809375 0.451736 0.009375 0.0166667
0 0.228906 0.112674 0.046875 0.0598958
1 0.105566 0.00692274 0.0113281 0.0138455
1 0.217187 0.131858 0.0125 0.0234375
1 0.476953 0.738889 0.0125 0.0236111
1 0.828125 0.51875 0.009375 0.0194444
1 0.236328 0.0421007 0.0109375 0.0180556
0 0.609375 0.196181 0.0171875 0.0423611
0 0.935938 0.207292 0.021875 0.0472222
0 0.0479492 0.503125 0.0958984 0.224306
1 0.710547 0.7 0.00703125 0.0166667
0 0.904688 0.673611 0.0125 0.0430556
0 0.889063 0.609722 0.0515625 0.1
1 0.459375 0.838889 0.0078125 0.0152778
0 0.99375 0.580556 0.0109375 0.0180556
0 0.607813 0.189236 0.01875 0.0347222
1 0.46875 0.752083 0.01875 0.0291667
0 0.276563 0.0924479 0.0507812 0.0560764
0 0.804688 0.195486 0.034375 0.0586806
1 0.966406 0.828472 0.009375 0.0138889
0 0.415234 0.322222 0.0421875 0.0861111
0 0.455469 0.171918 0.040625 0.0832465
0 0.492969 0.261806 0.0445312 0.0819444
0 0.622656 0.307639 0.053125 0.0854167
0 0.951563 0.0223199 0.046875 0.0444227
0 0.383594 0.230556 0.0382813 0.0715278
1 0.112695 0.0810764 0.00664063 0.0149306
1 0.764063 0.0260417 0.0109375 0.0157986
1 0.215625 0.0498698 0.0125 0.0148437
0 0.29707 0.0800347 0.0132813 0.028125
1 0.38125 0.5875 0.009375 0.0236111
0 0.810938 0.166667 0.0171875 0.0194444
0 0.948438 0.649653 0.015625 0.0215278
1 0.586719 0.246875 0.015625 0.0243056
0 0.809375 0.17066 0.021875 0.0288194
1 0.2375 0.0405382 0.00742187 0.0188368
0 0.802344 0.180556 0.034375 0.0493056
1 0.29707 0.0800347 0.0132813 0.028125
1 0.218359 0.134028 0.00859375 0.0190972
0 0.809375 0.166667 0.01875 0.0243056
1 0.359961 0.239063 0.0105469 0.0277778
0 0.713672 0.126215 0.0445312 0.111111
0 0.215625 0.0498698 0.0125 0.0148437
0 0.807031 0.182986 0.03125 0.0506944
0 0.297656 0.0866319 0.0125 0.0331597
0 0.359961 0.239063 0.0105469 0.0277778
1 0.196484 0.625694 0.0078125 0.0222222
0 0.796875 0.184722 0.0453125 0.05625
0 0.920313 0.0565972 0.0265625 0.0354167
0 0.964063 0.183507 0.059375 0.0878472
1 0.761719 0.0272569 0.0109375 0.015625
0 0.719531 0.103299 0.034375 0.0684028
1 0.360547 0.245312 0.009375 0.0364583
1 0.364844 0.609722 0.00820312 0.0180556
0 0.719141 0.115104 0.0367187 0.0940972
0 0.708203 0.156944 0.0304688 0.0461806
0 0.932031 0.221875 0.0125 0.0184028
0 0.763281 0.0273872 0.009375 0.0152778
0 0.288086 0.0802083 0.0292969 0.0354167
1 0.297656 0.0866319 0.0125 0.0331597
0 0.91875 0.0622396 0.028125 0.04375
0 0.722656 0.0954861 0.028125 0.0526042
0 0.242969 0.0872396 0.0242187 0.0513889
1 0.587109 0.252604 0.0164062 0.0357639
0 0.218359 0.134028 0.00859375 0.0190972
0 0.803125 0.193924 0.0375 0.0583333
1 0.238672 0.043316 0.0109375 0.01875
0 0.251172 0.0831597 0.0359375 0.0479167
0 0.226562 0.134549 0.015625 0.0184028
1 0.313672 0.0953125 0.0109375 0.0197917
0 0.792969 0.196007 0.0421875 0.046875
0 0.712891 0.107378 0.0398437 0.0694444
0 0.294336 0.0810764 0.0183594 0.0305556
0 0.613281 0.1875 0.025 0.0402778
0 0.608594 0.190972 0.015625 0.0302083
0 0.360352 0.236458 0.0121094 0.0368056
0 0.264844 0.0873264 0.0132813 0.0232639
0 0.246875 0.0932292 0.0375 0.0621528
0 0.360547 0.245312 0.009375 0.0364583
0 0.900781 0.636806 0.0265625 0.0319444
0 0.963281 0.186458 0.04375 0.0815972
0 0.234766 0.113194 0.0382813 0.0611111
0 0.213281 0.0513021 0.0164062 0.0175347
1 0.236328 0.0424479 0.0109375 0.0175347
0 0.255078 0.0793403 0.0363281 0.0397569
0 0.608984 0.175694 0.0195312 0.0520833
1 0.310156 0.0947917 0.0121094 0.0225694
1 0.366016 0.606944 0.00859375 0.0236111
1 0.96875 0.825694 0.009375 0.0125
0 0.91875 0.070638 0.0328125 0.0590712
0 0.932813 0.219097 0.015625 0.0236111
0 0.297266 0.0918403 0.0136719 0.0451389
0 0.797656 0.2 0.040625 0.0565972
0 0.38125 0.5875 0.009375 0.0236111
0 0.112695 0.0810764 0.00664063 0.0149306
1 0.176904 0.128993 0.0102539 0.0159722
1 0.19707 0.627778 0.00976562 0.0215278
1 0.461328 0.835417 0.0078125 0.0152778
1 0.213281 0.0513021 0.0164062 0.0175347
0 0.257031 0.0798611 0.0242187 0.0361111
1 0.226562 0.134549 0.015625 0.0184028
1 0.105469 0.00703125 0.0109375 0.0140625
0 0.61875 0.185764 0.0359375 0.0472222
0 0.948438 0.653819 0.01875 0.0298611
0 0.0205566 0.4875 0.0205078 0.0319444
1 0.555859 0.314236 0.0078125 0.0194444
0 0.2375 0.0405382 0.00742187 0.0188368
0 0.752344 0.415278 0.0109375 0.0194444
1 0.00656738 0.38125 0.010498 0.0180556
0 0.707031 0.125694 0.0617188 0.115625
0 0.23125 0.115104 0.0242187 0.0399306
1 0.828125 0.519444 0.009375 0.0222222
0 0.622656 0.307292 0.053125 0.0854167
0 0.492969 0.262153 0.0445312 0.0819444
0 0.415625 0.322049 0.0421875 0.0864583
0 0.455469 0.171571 0.040625 0.0832465
0 0.383496 0.230556 0.0376953 0.0715278
0 0.951563 0.0225694 0.046875 0.0442708
1 0.112598 0.0810764 0.00664063 0.0149306
1 0.763281 0.0269531 0.0101562 0.0157986
0 0.810156 0.167187 0.01875 0.0211806
1 0.215625 0.0498264 0.0125 0.0149306
1 0.38125 0.5875 0.009375 0.0236111
0 0.296875 0.0794271 0.0140625 0.0265625
0 0.801562 0.181076 0.034375 0.0503472
0 0.809375 0.170833 0.021875 0.0291667
1 0.297656 0.0779514 0.0125 0.0246528
0 0.920313 0.0565972 0.0265625 0.0373264
1 0.219141 0.133767 0.0101562 0.0192708
0 0.803125 0.173958 0.0328125 0.0409722
1 0.2375 0.0405382 0.00703125 0.0182292
0 0.80625 0.183333 0.03125 0.0524306
1 0.35957 0.239757 0.0101562 0.0263889
0 0.796875 0.186111 0.0453125 0.0583333
0 0.948438 0.65 0.015625 0.0208333
0 0.964063 0.18329 0.059375 0.0882813
1 0.196484 0.625694 0.0078125 0.0229167
1 0.585938 0.247222 0.0140625 0.0263889
0 0.215625 0.0498264 0.0125 0.0149306
0 0.800781 0.194965 0.040625 0.0659722
0 0.285937 0.0814236 0.034375 0.0333333
1 0.360742 0.246528 0.00820312 0.0340278
1 0.364844 0.609375 0.0078125 0.0180556
0 0.298047 0.0866319 0.0125 0.0326389
0 0.249219 0.0868924 0.0367187 0.0564236
0 0.35957 0.239757 0.0101562 0.0263889
0 0.763281 0.0269531 0.0101562 0.0157986
0 0.24375 0.0868056 0.0265625 0.0510417
0 0.711328 0.103125 0.0484375 0.0736111
0 0.919531 0.0700521 0.03125 0.0602431
0 0.721094 0.100174 0.03125 0.0645833
0 0.219141 0.133767 0.0101562 0.0192708
0 0.613281 0.187847 0.0265625 0.0420139
1 0.298047 0.0866319 0.0125 0.0326389
0 0.932031 0.221354 0.0140625 0.0190972
1 0.313672 0.0951389 0.0109375 0.0199653
0 0.226953 0.134375 0.0140625 0.0180556
1 0.226953 0.134375 0.0140625 0.0180556
0 0.112598 0.0810764 0.00664063 0.0149306
0 0.252344 0.0807292 0.0429688 0.0409722
0 0.607813 0.191319 0.015625 0.0315972
1 0.752344 0.415625 0.0109375 0.0201389
0 0.265234 0.0868056 0.0132813 0.0239583
0 0.717188 0.107292 0.0375 0.0791667
0 0.360742 0.246528 0.00820312 0.0340278
0 0.241797 0.0940972 0.0203125 0.0465278
0 0.707031 0.156424 0.028125 0.05
0 0.213477 0.0508681 0.0167969 0.0170139
0 0.61875 0.186111 0.0375 0.0461806
1 0.197266 0.628125 0.00898437 0.0208333
0 0.608594 0.17691 0.0203125 0.0538194
1 0.366016 0.607639 0.00859375 0.0222222
1 0.00693359 0.380903 0.0109863 0.01875
1 0.238672 0.0440972 0.0109375 0.0178819
1 0.310156 0.0942708 0.0125 0.0225694
0 0.611719 0.179514 0.0242187 0.0458333
1 0.104785 0.617361 0.00878906 0.0166667
1 0.460938 0.834722 0.0078125 0.0152778
1 0.213477 0.0508681 0.0167969 0.0170139
1 0.294531 0.0799479 0.01875 0.0279514
0 0.932813 0.218576 0.0171875 0.025
0 0.234766 0.119444 0.0351562 0.0486111
1 0.176904 0.129167 0.0102539 0.0159722
1 0.0121094 0.382639 0.00810547 0.0201389
0 0.914062 0.0751519 0.0375 0.0639323
0 0.752344 0.415625 0.0109375 0.0201389
1 0.828125 0.519792 0.009375 0.0243056
1 0.180078 0.629167 0.0101562 0.0236111
1 0.141602 0.85 0.0101562 0.025
1 0.5875 0.252604 0.015625 0.0364583
0 0.939062 0.205903 0.028125 0.0486111
1 0.236328 0.0428819 0.0109375 0.0166667
0 0.0314453 0.507986 0.0494141 0.0756944
1 0.95625 0.138194 0.009375 0.025
0 0.622656 0.307639 0.053125 0.0854167
0 0.415234 0.322222 0.0421875 0.0861111
0 0.492969 0.261979 0.0445312 0.0822917
0 0.455469 0.171918 0.040625 0.0832465
0 0.383594 0.230729 0.0382813 0.0715278
0 0.951563 0.0225586 0.046875 0.0441189
1 0.763281 0.0270399 0.0101562 0.0157118
1 0.112793 0.0810764 0.00664063 0.0152778
0 0.810156 0.167361 0.01875 0.0215278
0 0.296875 0.0795139 0.0140625 0.0270833
1 0.215625 0.0498264 0.0125 0.0151042
0 0.802344 0.179514 0.034375 0.0479167
0 0.808594 0.170833 0.021875 0.0291667
1 0.38125 0.5875 0.009375 0.0222222
0 0.920313 0.0564236 0.0265625 0.0373264
1 0.218555 0.133941 0.00859375 0.0185764
1 0.297266 0.0783854 0.0132813 0.0256944
0 0.8 0.186111 0.0375 0.0583333
0 0.964844 0.183377 0.059375 0.0881076
1 0.2375 0.0403646 0.00742187 0.01875
1 0.586719 0.247569 0.0148437 0.0270833
0 0.948438 0.65 0.015625 0.0222222
1 0.359375 0.240278 0.00976562 0.0270833
0 0.807813 0.182292 0.028125 0.0506944
0 0.285937 0.08125 0.0351562 0.0329861
0 0.801562 0.195486 0.040625 0.0677083
0 0.297656 0.0855903 0.0132813 0.034375
0 0.215625 0.0498264 0.0125 0.0151042
1 0.360547 0.246701 0.00859375 0.034375
0 0.91875 0.0692925 0.03125 0.0603733
0 0.613672 0.185764 0.0273438 0.0423611
0 0.718359 0.109462 0.0382813 0.0855903
0 0.932031 0.221007 0.0140625 0.0197917
0 0.763281 0.0270399 0.0101562 0.0157118
1 0.364844 0.609028 0.0078125 0.0180556
1 0.227734 0.134288 0.0132813 0.0177083
1 0.196484 0.625694 0.0078125 0.0229167
0 0.61875 0.184375 0.0375 0.0458333
0 0.265234 0.0871528 0.0140625 0.0229167
0 0.360547 0.246701 0.00859375 0.034375
0 0.359375 0.240278 0.00976562 0.0270833
0 0.244531 0.0872396 0.0273438 0.0576389
0 0.249609 0.0862847 0.0378906 0.0538194
0 0.609766 0.176042 0.021875 0.0541667
0 0.720703 0.101389 0.0320312 0.065625
0 0.932813 0.216319 0.01875 0.0284722
1 0.297656 0.0855903 0.0132813 0.034375
0 0.6125 0.178819 0.025 0.0461806
1 0.00668945 0.380903 0.0105469 0.01875
0 0.611719 0.190625 0.0234375 0.0402778
0 0.227734 0.134288 0.0132813 0.0177083
1 0.313672 0.0953125 0.0109375 0.0203125
0 0.246484 0.0932292 0.0390625 0.0621528
0 0.257422 0.0805556 0.0414063 0.0395833
0 0.218555 0.133941 0.00859375 0.0185764
1 0.105078 0.617361 0.00859375 0.0173611
0 0.608594 0.187153 0.0171875 0.0319444
1 0.0123047 0.382639 0.00732422 0.0194444
0 0.914062 0.0740451 0.0390625 0.0638889
0 0.714844 0.123438 0.04375 0.109375
0 0.610156 0.185937 0.0234375 0.0371528
1 0.176953 0.128819 0.0101562 0.015625
1 0.892969 0.372917 0.009375 0.0166667
1 0.460938 0.834722 0.009375 0.0166667
1 0.752344 0.415972 0.0101562 0.0194444
0 0.112793 0.0810764 0.00664063 0.0152778
0 0.941406 0.205903 0.0328125 0.0489583
1 0.5875 0.252778 0.0164062 0.0375
0 0.707031 0.156771 0.0289063 0.0506944
0 0.235547 0.115278 0.0355469 0.0557292
0 0.241406 0.0947917 0.0210938 0.0458333
0 0.615625 0.175694 0.0328125 0.0590278
1 0.238672 0.0438368 0.0109375 0.0180556
1 0.459375 0.8375 0.009375 0.0194444
1 0.294531 0.0803819 0.01875 0.0288194
3 0.782812 0.41875 0.015625 0.0222222
1 0.36582 0.607639 0.00859375 0.0229167
1 0.608594 0.190972 0.015625 0.0319444
1 0.213477 0.0506944 0.0164062 0.0170139
0 0.609766 0.196528 0.01875 0.0444444
0 0.955469 0.187847 0.065625 0.0854167
0 0.213477 0.0506944 0.0164062 0.0170139
0 0.299219 0.0786458 0.0164062 0.0270833
0 0.951563 0.201562 0.0234375 0.0513889
0 0.713281 0.100521 0.040625 0.0611111
0 0.622656 0.307639 0.053125 0.0854167
0 0.492969 0.262153 0.0445312 0.0826389
0 0.455469 0.171875 0.040625 0.0829861
0 0.415625 0.322222 0.0421875 0.0861111
0 0.951563 0.0224935 0.046875 0.0442491
0 0.383594 0.230729 0.0382813 0.0711806
1 0.763281 0.0270833 0.0101562 0.0159722
1 0.112793 0.0810764 0.00683594 0.0149306
0 0.296875 0.0793403 0.0140625 0.0267361
1 0.38125 0.5875 0.009375 0.0222222
0 0.810156 0.167361 0.01875 0.0215278
0 0.801562 0.18125 0.034375 0.0506944
1 0.218555 0.133854 0.00820312 0.0184028
1 0.215625 0.0498698 0.0125 0.0150174
0 0.808594 0.170833 0.021875 0.0291667
1 0.297461 0.0782986 0.0128906 0.025
0 0.920313 0.05625 0.028125 0.0375
0 0.803125 0.173611 0.034375 0.0409722
1 0.364844 0.609375 0.0078125 0.0173611
0 0.964063 0.183333 0.059375 0.0881944
1 0.2375 0.040408 0.00703125 0.0186632
0 0.948438 0.65 0.015625 0.0222222
0 0.796875 0.185243 0.0453125 0.0565972
0 0.807031 0.182639 0.0296875 0.0513889
1 0.359375 0.240451 0.009375 0.0274306
0 0.91875 0.0616102 0.0296875 0.0465712
0 0.801562 0.195139 0.040625 0.0666667
1 0.586719 0.247743 0.0148437 0.0267361
0 0.286328 0.0810764 0.0339844 0.0322917
1 0.196484 0.625694 0.0078125 0.0222222
0 0.215625 0.0498698 0.0125 0.0150174
1 0.227344 0.134549 0.0132813 0.0177083
0 0.719141 0.109288 0.0382813 0.0838542
1 0.460938 0.834722 0.009375 0.0152778
0 0.298047 0.0857639 0.0125 0.0340278
0 0.763281 0.0270833 0.0101562 0.0159722
0 0.932031 0.221181 0.0140625 0.0197917
0 0.721875 0.103299 0.0296875 0.06875
1 0.360938 0.246007 0.00859375 0.0364583
1 0.298047 0.0857639 0.0125 0.0340278
1 0.365625 0.607639 0.00859375 0.0222222
0 0.359375 0.240451 0.009375 0.0274306
1 0.105176 0.617708 0.00820312 0.0166667
0 0.934375 0.216319 0.021875 0.0298611
1 0.752344 0.415625 0.0101562 0.0194444
0 0.613281 0.185417 0.0265625 0.0409722
0 0.707031 0.156771 0.0296875 0.0506944
0 0.714453 0.123351 0.0445312 0.108854
0 0.914062 0.0730035 0.0390625 0.0635417
1 0.458203 0.8375 0.0078125 0.0166667
1 0.0125977 0.382639 0.00693359 0.0194444
1 0.313867 0.0951389 0.0109375 0.0201389
0 0.24375 0.0866319 0.0257812 0.0559028
0 0.265625 0.0869792 0.0132813 0.0232639
0 0.360938 0.246007 0.00859375 0.0364583
0 0.619141 0.183681 0.0382813 0.0451389
1 0.177148 0.128819 0.00976562 0.0159722
0 0.227344 0.134549 0.0132813 0.0177083
1 0.00632324 0.38125 0.00991211 0.0173611
1 0.197266 0.627778 0.00859375 0.0208333
0 0.921094 0.0708333 0.034375 0.0581597
0 0.942187 0.205556 0.034375 0.0506944
0 0.608594 0.185069 0.0203125 0.0340278
0 0.218555 0.133854 0.00820312 0.0184028
0 0.249609 0.0852431 0.0355469 0.0510417
0 0.611328 0.178472 0.0234375 0.0444444
1 0.455859 0.829167 0.00859375 0.0166667
1 0.180469 0.628125 0.009375 0.0194444
0 0.112793 0.0810764 0.00683594 0.0149306
1 0.892187 0.372569 0.009375 0.0166667
0 0.608203 0.187153 0.015625 0.0298611
0 0.713281 0.101649 0.040625 0.0618056
0 0.264453 0.0805556 0.0414063 0.0397569
0 0.608594 0.175 0.0195312 0.0527778
0 0.611719 0.190799 0.0234375 0.0388889
0 0.594531 0.637847 0.0492188 0.0513889
0 0.622656 0.307465 0.053125 0.0857639
0 0.415625 0.322049 0.0421875 0.0864583
0 0.455469 0.172179 0.040625 0.0827257
0 0.492969 0.262153 0.0445312 0.0826389
0 0.383594 0.230729 0.0382813 0.0711806
0 0.951563 0.0224392 0.046875 0.044184
1 0.763281 0.0269965 0.0101562 0.0161458
1 0.112695 0.0809028 0.00703125 0.0149306
1 0.38125 0.5875 0.009375 0.0222222
0 0.801562 0.182639 0.0359375 0.0534722
0 0.29668 0.0795139 0.0140625 0.0267361
0 0.809375 0.167708 0.01875 0.021875
1 0.218555 0.133854 0.00859375 0.01875
1 0.215625 0.05 0.0125 0.0149306
0 0.807813 0.171181 0.025 0.0305556
1 0.29668 0.0795139 0.0140625 0.0267361
0 0.920313 0.0561632 0.028125 0.0375
1 0.364844 0.609375 0.0078125 0.0180556
0 0.964063 0.18329 0.059375 0.0875868
0 0.795508 0.188368 0.0464844 0.059375
1 0.237305 0.0404514 0.00742187 0.0185764
0 0.948438 0.649653 0.015625 0.0215278
0 0.91875 0.0617188 0.0296875 0.046875
1 0.359375 0.240625 0.009375 0.0277778
0 0.286719 0.0809896 0.0335938 0.0319444
1 0.586719 0.247743 0.0148437 0.0267361
1 0.196484 0.625694 0.0078125 0.0222222
1 0.460156 0.834722 0.00859375 0.0138889
0 0.917969 0.0686632 0.0328125 0.0597222
1 0.365625 0.607986 0.00859375 0.0222222
0 0.215625 0.05 0.0125 0.0149306
1 0.226367 0.134722 0.0148437 0.0184028
0 0.8 0.193056 0.04375 0.0722222
0 0.297852 0.0857639 0.0125 0.0340278
0 0.717969 0.111719 0.040625 0.0876736
0 0.763281 0.0269965 0.0101562 0.0161458
0 0.932031 0.221181 0.0140625 0.0201389
1 0.297852 0.0857639 0.0125 0.0340278
1 0.457812 0.8375 0.0078125 0.0166667
0 0.721484 0.103472 0.0304688 0.06875
1 0.361133 0.245486 0.00898437 0.0375
0 0.359375 0.240625 0.009375 0.0277778
1 0.105273 0.617361 0.00820312 0.0166667
1 0.180469 0.627778 0.009375 0.0194444
1 0.752344 0.415278 0.0101562 0.0194444
0 0.226367 0.134722 0.0148437 0.0184028
1 0.455469 0.828472 0.0078125 0.0152778
1 0.197266 0.627778 0.00859375 0.0208333
0 0.714063 0.124566 0.0453125 0.111285
0 0.935938 0.215799 0.025 0.0305556
0 0.942969 0.203472 0.0359375 0.0541667
1 0.892187 0.372222 0.009375 0.0166667
1 0.0126465 0.382639 0.00722656 0.0194444
0 0.707422 0.157248 0.0296875 0.0500868
0 0.269336 0.0854167 0.0199219 0.0267361
0 0.361133 0.245486 0.00898437 0.0375
0 0.613281 0.185069 0.0265625 0.0413194
0 0.594531 0.638194 0.0492188 0.0513889
1 0.313867 0.0953125 0.0109375 0.0204861
1 0.176953 0.128646 0.00976562 0.015625
0 0.218555 0.133854 0.00859375 0.01875
1 0.00644531 0.38125 0.0100098 0.0166667
0 0.24375 0.0853299 0.0246094 0.0532986
0 0.250781 0.083941 0.0351562 0.0487847
0 0.27168 0.0803819 0.0449219 0.0399306
0 0.619531 0.183333 0.0390625 0.0458333
0 0.112695 0.0809028 0.00703125 0.0149306
0 0.796094 0.177951 0.0453125 0.053125
1 0.141406 0.85 0.00976562 0.025
0 0.610937 0.178472 0.0234375 0.04375
0 0.622656 0.307465 0.053125 0.0857639
0 0.415625 0.321875 0.0421875 0.0861111
0 0.455469 0.172179 0.040625 0.0827257
0 0.492969 0.262153 0.0445312 0.0826389
0 0.383594 0.230729 0.0382813 0.0711806
0 0.951563 0.0223958 0.046875 0.0440972
1 0.763281 0.0269531 0.0101562 0.016059
1 0.38125 0.5875 0.009375 0.0215278
0 0.801562 0.182986 0.0359375 0.0541667
1 0.112695 0.0809896 0.00703125 0.0149306
0 0.29668 0.0795139 0.0140625 0.0267361
0 0.809375 0.167708 0.01875 0.0222222
1 0.215625 0.05 0.0125 0.0147569
0 0.807031 0.171528 0.025 0.03125
1 0.21875 0.133767 0.00859375 0.01875
1 0.364844 0.609028 0.0078125 0.0180556
1 0.29668 0.0795139 0.0140625 0.0267361
0 0.920313 0.0563368 0.028125 0.0373264
0 0.795508 0.188021 0.0464844 0.0600694
0 0.963281 0.183507 0.0625 0.0885417
0 0.286719 0.0809028 0.0335938 0.0319444
1 0.237305 0.0403646 0.00742187 0.0182292
0 0.91875 0.0624132 0.03125 0.046875
0 0.948438 0.649306 0.015625 0.0208333
1 0.359375 0.240799 0.009375 0.0277778
1 0.365625 0.607986 0.00859375 0.0222222
1 0.196484 0.625694 0.0078125 0.0222222
1 0.460156 0.834028 0.0078125 0.0138889
0 0.215625 0.05 0.0125 0.0147569
1 0.586719 0.247917 0.0140625 0.0263889
1 0.226172 0.134722 0.0148437 0.0185764
0 0.297656 0.0857639 0.0125 0.0336806
0 0.763281 0.0269531 0.0101562 0.016059
0 0.932031 0.221181 0.0140625 0.0201389
1 0.457812 0.8375 0.0078125 0.0166667
0 0.913281 0.0735894 0.040625 0.0635851
1 0.297656 0.0857639 0.0125 0.0336806
1 0.455469 0.828472 0.0078125 0.0152778
1 0.105273 0.617361 0.00820312 0.0166667
1 0.892969 0.372569 0.009375 0.0166667
1 0.180078 0.627778 0.009375 0.01875
0 0.613281 0.184722 0.0265625 0.0409722
0 0.717188 0.113021 0.04375 0.0885417
0 0.226172 0.134722 0.0148437 0.0185764
0 0.359375 0.240799 0.009375 0.0277778
0 0.271094 0.0847222 0.0234375 0.0277778
1 0.752344 0.415625 0.0101562 0.0201389
1 0.361328 0.244965 0.009375 0.0381944
0 0.242969 0.0873264 0.0289063 0.0487847
0 0.250195 0.084375 0.0347656 0.0496528
0 0.721094 0.103472 0.03125 0.0690972
0 0.271875 0.0803819 0.0460938 0.0399306
0 0.21875 0.133767 0.00859375 0.01875
1 0.366016 0.611458 0.00898437 0.0236111
0 0.935938 0.217014 0.021875 0.028125
0 0.942187 0.20434 0.034375 0.0524306
1 0.0128418 0.382639 0.00712891 0.0194444
0 0.619531 0.182986 0.0390625 0.0458333
0 0.776367 0.179861 0.0847656 0.065625
1 0.197266 0.627778 0.00859375 0.0208333
0 0.361328 0.244965 0.009375 0.0381944
0 0.921875 0.0720269 0.034375 0.0559462
0 0.607813 0.186632 0.015625 0.0295139
1 0.00656738 0.38125 0.0101074 0.0173611
0 0.791406 0.202431 0.046875 0.0597222
0 0.611328 0.178646 0.0226563 0.0434028
0 0.714063 0.124653 0.0453125 0.111111
0 0.786719 0.198611 0.0453125 0.0472222
0 0.707812 0.157292 0.0296875 0.05
0 0.622656 0.307465 0.053125 0.0857639
0 0.455469 0.172049 0.040625 0.0826389
0 0.492969 0.261979 0.0445312 0.0822917
0 0.415625 0.321875 0.0421875 0.0861111
0 0.383594 0.230903 0.0382813 0.0708333
0 0.951563 0.022385 0.046875 0.0441189
1 0.763281 0.0268229 0.0109375 0.0161458
0 0.801562 0.182986 0.0375 0.0541667
1 0.38125 0.5875 0.009375 0.0222222
0 0.296484 0.0795139 0.0140625 0.0267361
0 0.809375 0.167708 0.01875 0.021875
1 0.112695 0.0809028 0.00703125 0.0149306
1 0.215625 0.0499566 0.0125 0.0146701
1 0.21875 0.133681 0.00859375 0.01875
0 0.80625 0.171528 0.025 0.03125
1 0.365039 0.609375 0.0078125 0.0180556
0 0.795313 0.187847 0.046875 0.0597222
1 0.296484 0.0795139 0.0140625 0.0267361
0 0.917188 0.0584201 0.03125 0.0414931
0 0.285937 0.0809896 0.034375 0.0321181
0 0.964063 0.183333 0.0609375 0.0878472
0 0.294141 0.0798611 0.0195312 0.028125
1 0.2375 0.0404948 0.0078125 0.0184028
0 0.808594 0.167361 0.0234375 0.025
1 0.359375 0.240625 0.009375 0.0277778
0 0.948438 0.649653 0.015625 0.0208333
0 0.215625 0.0499566 0.0125 0.0146701
0 0.297656 0.0855903 0.0132813 0.0340278
1 0.586719 0.247917 0.0140625 0.0263889
1 0.459375 0.834028 0.0078125 0.0138889
1 0.196484 0.625694 0.00820312 0.0222222
0 0.917188 0.0697917 0.034375 0.0595486
0 0.763281 0.0268229 0.0109375 0.0161458
0 0.276953 0.0838542 0.034375 0.0295139
1 0.225781 0.134549 0.015625 0.0190972
1 0.457812 0.8375 0.0078125 0.0166667
0 0.932031 0.221181 0.0140625 0.0197917
0 0.275586 0.0805556 0.046875 0.0399306
0 0.613672 0.184201 0.0273438 0.040625
0 0.225781 0.134549 0.015625 0.0190972
1 0.892969 0.372569 0.009375 0.0166667
1 0.45625 0.828472 0.0078125 0.0152778
0 0.242578 0.0878472 0.0289063 0.0517361
1 0.752344 0.415625 0.009375 0.0201389
0 0.9125 0.0746311 0.0421875 0.0632378
0 0.250195 0.084375 0.0351562 0.0496528
1 0.105371 0.617361 0.00820312 0.0166667
0 0.619531 0.182292 0.0390625 0.0458333
0 0.777344 0.180729 0.084375 0.0649306
1 0.297656 0.0855903 0.0132813 0.0340278
0 0.716406 0.113889 0.0453125 0.0895833
0 0.359375 0.240625 0.009375 0.0277778
1 0.180078 0.627778 0.009375 0.0180556
0 0.21875 0.133681 0.00859375 0.01875
0 0.608203 0.186458 0.015625 0.0291667
1 0.366016 0.611458 0.00898437 0.0236111
0 0.721094 0.103299 0.03125 0.0690972
0 0.608984 0.174653 0.0195312 0.0520833
1 0.0128418 0.382986 0.00703125 0.0194444
0 0.791406 0.202431 0.0484375 0.0597222
0 0.612109 0.178646 0.0242187 0.0434028
0 0.935156 0.217361 0.021875 0.0274306
0 0.612109 0.189236 0.0234375 0.0381944
0 0.940625 0.204514 0.03125 0.0517361
1 0.361523 0.244444 0.009375 0.0395833
1 0.00654297 0.38125 0.00996094 0.0180556
0 0.361523 0.244444 0.009375 0.0395833
1 0.176953 0.128559 0.00976562 0.0154514
0 0.264062 0.0857639 0.0523437 0.0479167
0 0.622656 0.307639 0.053125 0.0854167
0 0.455469 0.172179 0.040625 0.0827257
0 0.492969 0.261979 0.0445312 0.0822917
0 0.415625 0.321875 0.0421875 0.0861111
0 0.383594 0.230903 0.0382813 0.0711806
0 0.951563 0.0223524 0.046875 0.0440972
1 0.763281 0.0268229 0.0101562 0.0161458
0 0.801562 0.183681 0.0375 0.0548611
1 0.38125 0.5875 0.009375 0.0222222
0 0.296484 0.0795139 0.0140625 0.0267361
0 0.809375 0.167708 0.01875 0.021875
1 0.112598 0.0809028 0.00722656 0.0147569
1 0.215625 0.0499566 0.0125 0.0146701
1 0.21875 0.133854 0.00898437 0.01875
0 0.80625 0.171875 0.0265625 0.03125
1 0.365039 0.609028 0.0078125 0.0180556
0 0.795313 0.188021 0.046875 0.0600694
1 0.296484 0.0795139 0.0140625 0.0267361
0 0.294141 0.0796875 0.0195312 0.028125
0 0.286523 0.0809028 0.0335938 0.0321181
0 0.964063 0.183333 0.059375 0.0878472
0 0.920313 0.0562717 0.028125 0.0364149
0 0.808594 0.167187 0.0234375 0.025
1 0.2375 0.0405816 0.0078125 0.0184028
1 0.359375 0.240972 0.009375 0.0277778
0 0.948438 0.649653 0.015625 0.0208333
0 0.297266 0.0854167 0.0132813 0.034375
0 0.215625 0.0499566 0.0125 0.0146701
1 0.196484 0.625694 0.00820312 0.0222222
1 0.586719 0.247743 0.0140625 0.0260417
1 0.459375 0.833333 0.0078125 0.0138889
0 0.763281 0.0268229 0.0101562 0.0161458
0 0.276563 0.0838542 0.034375 0.0295139
1 0.225195 0.134462 0.0167969 0.0194444
0 0.613672 0.184028 0.0273438 0.0402778
0 0.932031 0.221181 0.0140625 0.0197917
0 0.917188 0.0637153 0.03125 0.0458333
0 0.276563 0.0802951 0.0460938 0.0397569
0 0.225195 0.134462 0.0167969 0.0194444
0 0.917188 0.0706597 0.0359375 0.0598958
1 0.457812 0.8375 0.0078125 0.0166667
1 0.892969 0.372569 0.009375 0.0166667
1 0.45625 0.827778 0.0078125 0.0138889
1 0.752344 0.415625 0.0101562 0.0201389
0 0.619531 0.181944 0.0390625 0.0458333
0 0.242188 0.0881944 0.0296875 0.0519097
0 0.776367 0.18125 0.0847656 0.0645833
1 0.105371 0.617361 0.00839844 0.0166667
0 0.608203 0.186458 0.015625 0.0291667
0 0.250781 0.0835069 0.0351562 0.0482639
0 0.359375 0.240972 0.009375 0.0277778
0 0.608984 0.174653 0.0195312 0.0517361
0 0.21875 0.133854 0.00898437 0.01875
1 0.180078 0.627778 0.009375 0.01875
0 0.715234 0.115625 0.046875 0.0920139
0 0.791406 0.202083 0.0484375 0.0597222
1 0.0128418 0.382639 0.00703125 0.0194444
0 0.611719 0.178819 0.0234375 0.0427083
0 0.612109 0.189063 0.0234375 0.0375
0 0.716406 0.2 0.114063 0.0722222
0 0.911719 0.0758898 0.0421875 0.063151
1 0.00666504 0.38125 0.0100098 0.0180556
1 0.297266 0.0854167 0.0132813 0.034375
0 0.7875 0.198264 0.046875 0.0486111
0 0.934375 0.218056 0.021875 0.0263889
1 0.366016 0.611458 0.009375 0.0236111
0 0.721094 0.103212 0.03125 0.0689236
0 0.361719 0.244097 0.009375 0.0395833
0 0.938281 0.20625 0.0265625 0.0486111
0 0.622656 0.307639 0.053125 0.0861111
0 0.455469 0.172179 0.040625 0.0827257
0 0.492969 0.261979 0.0445312 0.0822917
0 0.415625 0.321875 0.0421875 0.0861111
0 0.383594 0.230903 0.0382813 0.0708333
0 0.951563 0.0224067 0.046875 0.0440755
1 0.763281 0.0267795 0.0109375 0.0162326
0 0.801562 0.183681 0.0375 0.0548611
1 0.38125 0.5875 0.009375 0.0222222
0 0.296484 0.0796007 0.0140625 0.0269097
0 0.809375 0.167708 0.01875 0.0215278
1 0.112598 0.0809028 0.00722656 0.0149306
1 0.215625 0.05 0.0125 0.0147569
1 0.21875 0.133767 0.00859375 0.01875
0 0.80625 0.171701 0.0265625 0.03125
1 0.365039 0.609028 0.0078125 0.0180556
0 0.795313 0.188194 0.046875 0.0597222
0 0.294141 0.0796007 0.0195312 0.0279514
1 0.296484 0.0796007 0.0140625 0.0269097
0 0.286719 0.0809028 0.0335938 0.0322917
0 0.964063 0.183333 0.059375 0.0875
1 0.2375 0.040625 0.0078125 0.0184896
1 0.359375 0.240972 0.009375 0.0277778
0 0.919531 0.0564236 0.0265625 0.0359375
0 0.297266 0.0854167 0.0140625 0.034375
0 0.948438 0.649653 0.015625 0.0208333
0 0.215625 0.05 0.0125 0.0147569
1 0.196484 0.625694 0.00820312 0.0222222
0 0.613281 0.183681 0.0265625 0.0402778
1 0.459375 0.833333 0.0078125 0.0125
1 0.586719 0.247743 0.0140625 0.0260417
0 0.276563 0.0836806 0.034375 0.0298611
0 0.763281 0.0267795 0.0109375 0.0162326
1 0.225 0.134375 0.0171875 0.0197917
0 0.932031 0.221181 0.0140625 0.0194444
0 0.276563 0.0802951 0.0460938 0.0397569
0 0.225 0.134375 0.0171875 0.0197917
0 0.241797 0.0882813 0.0296875 0.053125
0 0.619531 0.181597 0.0382813 0.0458333
0 0.917188 0.0640625 0.03125 0.0453125
1 0.892969 0.372569 0.009375 0.0166667
1 0.45625 0.827778 0.0078125 0.0138889
0 0.609375 0.174653 0.0203125 0.0513889
0 0.608594 0.185937 0.015625 0.0295139
1 0.105371 0.617361 0.00839844 0.0166667
0 0.77832 0.18125 0.0839844 0.0631944
0 0.917188 0.0710938 0.0359375 0.059375
1 0.457812 0.8375 0.0078125 0.0166667
0 0.250391 0.0840278 0.0351562 0.0493056
1 0.752344 0.415972 0.009375 0.0194444
0 0.359375 0.240972 0.009375 0.0277778
0 0.6125 0.188542 0.0234375 0.0375
1 0.180078 0.627778 0.009375 0.0180556
0 0.791406 0.202431 0.046875 0.0583333
0 0.717188 0.200347 0.114063 0.0715278
0 0.21875 0.133767 0.00859375 0.01875
1 0.0127686 0.382986 0.00708008 0.01875
0 0.361523 0.244097 0.009375 0.0388889
1 0.00678711 0.380903 0.0101562 0.0173611
0 0.714844 0.115972 0.0484375 0.0913194
0 0.608594 0.189931 0.0140625 0.0291667
1 0.361523 0.244097 0.009375 0.0388889
0 0.616406 0.173958 0.034375 0.0572917
0 0.622656 0.307639 0.053125 0.0854167
0 0.455469 0.171832 0.040625 0.0827257
0 0.492969 0.261979 0.0445312 0.0822917
0 0.415625 0.321875 0.0421875 0.0854167
0 0.383594 0.230903 0.0382813 0.0708333
0 0.951563 0.0223199 0.046875 0.0440755
1 0.763281 0.0267795 0.0101562 0.0162326
0 0.801562 0.183681 0.0375 0.0548611
0 0.296484 0.0796875 0.0140625 0.0267361
1 0.38125 0.5875 0.009375 0.0222222
1 0.112598 0.0809028 0.00722656 0.0149306
0 0.809375 0.167535 0.01875 0.0211806
1 0.215625 0.05 0.0125 0.0147569
1 0.218555 0.133854 0.00898437 0.01875
0 0.80625 0.172049 0.0265625 0.0315972
1 0.365039 0.609028 0.0078125 0.0180556
0 0.795313 0.188542 0.046875 0.0597222
0 0.294141 0.0796875 0.0195312 0.0277778
1 0.296484 0.0796875 0.0140625 0.0267361
0 0.287109 0.080816 0.0320312 0.0319444
0 0.964063 0.183377 0.0609375 0.0874132
1 0.2375 0.0406684 0.0078125 0.0186632
1 0.359375 0.241146 0.009375 0.0277778
0 0.297266 0.0853299 0.0140625 0.034375
0 0.919531 0.0563368 0.0265625 0.0357639
0 0.948438 0.649653 0.015625 0.0208333
0 0.215625 0.05 0.0125 0.0147569
1 0.196484 0.625694 0.00820312 0.0222222
0 0.613672 0.183507 0.0273438 0.0399306
1 0.225 0.134375 0.0171875 0.0197917
1 0.586719 0.247917 0.0140625 0.0263889
1 0.459375 0.833333 0.0078125 0.0125
0 0.763281 0.0267795 0.0101562 0.0162326
0 0.241797 0.0883681 0.0296875 0.0538194
0 0.932031 0.221181 0.0140625 0.0194444
0 0.225 0.134375 0.0171875 0.0197917
0 0.272461 0.0841146 0.0269531 0.0289931
0 0.275391 0.0802083 0.0460938 0.0399306
0 0.619531 0.181424 0.0390625 0.0458333
0 0.917188 0.0642144 0.03125 0.0451823
1 0.892969 0.372569 0.009375 0.0166667
0 0.608594 0.186111 0.015625 0.0291667
1 0.105469 0.617014 0.00859375 0.0159722
0 0.609375 0.174653 0.0203125 0.0517361
1 0.45625 0.828472 0.0078125 0.0152778
0 0.777344 0.180729 0.0859375 0.0628472
0 0.359375 0.241146 0.009375 0.0277778
0 0.249609 0.0846354 0.0351562 0.0506944
1 0.752344 0.415972 0.009375 0.0194444
1 0.361328 0.244444 0.00898437 0.0378472
0 0.917188 0.0712674 0.0375 0.0595486
1 0.457812 0.8375 0.0078125 0.0166667
0 0.361328 0.244444 0.00898437 0.0378472
1 0.179883 0.627431 0.00976562 0.0180556
0 0.717188 0.201562 0.115625 0.0711806
0 0.6125 0.188542 0.0234375 0.0371528
1 0.00700684 0.38125 0.0104004 0.0180556
1 0.0127441 0.382639 0.00737305 0.0180556
0 0.791406 0.202604 0.046875 0.0586806
0 0.218555 0.133854 0.00898437 0.01875
1 0.365625 0.611111 0.009375 0.0236111
0 0.622656 0.307639 0.053125 0.0854167
0 0.455469 0.172049 0.040625 0.0829861
0 0.492969 0.261979 0.0445312 0.0822917
0 0.415625 0.321875 0.0421875 0.0854167
0 0.383496 0.230903 0.0376953 0.0708333
0 0.951563 0.022309 0.046875 0.0440104
1 0.763281 0.0268229 0.0101562 0.0161458
0 0.296484 0.0796875 0.0140625 0.0270833
0 0.801562 0.183333 0.0375 0.0541667
1 0.38125 0.5875 0.009375 0.0222222
1 0.1125 0.0809028 0.00703125 0.0149306
0 0.809375 0.167708 0.01875 0.0215278
1 0.215625 0.05 0.0125 0.0147569
1 0.218555 0.133941 0.00898437 0.01875
0 0.80625 0.171875 0.0265625 0.03125
1 0.365234 0.609028 0.0078125 0.01875
1 0.296484 0.0796875 0.0140625 0.0270833
0 0.795508 0.188542 0.0464844 0.0590278
0 0.2875 0.0809028 0.0320312 0.0322917
0 0.919531 0.05625 0.0265625 0.0361111
0 0.964063 0.183377 0.0625 0.0874132
1 0.359375 0.241319 0.009375 0.0277778
1 0.2375 0.0407986 0.0078125 0.0189236
0 0.29707 0.0853299 0.0144531 0.034375
0 0.948438 0.649653 0.015625 0.0208333
0 0.613672 0.183681 0.0273438 0.0392361
1 0.196484 0.625694 0.00820312 0.0222222
0 0.215625 0.05 0.0125 0.0147569
0 0.917188 0.0635634 0.03125 0.0454427
1 0.224805 0.134462 0.0171875 0.0199653
0 0.241406 0.0887153 0.0296875 0.0545139
1 0.586719 0.247917 0.0140625 0.0263889
0 0.763281 0.0268229 0.0101562 0.0161458
1 0.459375 0.833333 0.00859375 0.0125
0 0.273242 0.0841146 0.0285156 0.0289931
0 0.932031 0.221181 0.0140625 0.0194444
0 0.608594 0.186111 0.015625 0.0291667
0 0.276563 0.0802951 0.0460938 0.0401042
0 0.796094 0.178472 0.0453125 0.0548611
1 0.892969 0.372917 0.009375 0.0166667
0 0.619531 0.181597 0.0390625 0.0451389
0 0.224805 0.134462 0.0171875 0.0199653
1 0.105469 0.616667 0.00859375 0.0166667
0 0.609375 0.174653 0.0203125 0.0517361
0 0.917188 0.0706597 0.0359375 0.0600694
0 0.359375 0.241319 0.009375 0.0277778
1 0.361328 0.244618 0.00898437 0.0375
1 0.45625 0.828472 0.0078125 0.0152778
0 0.361328 0.244618 0.00898437 0.0375
1 0.752344 0.415972 0.009375 0.0194444
1 0.00712891 0.380903 0.0103516 0.0173611
0 0.6125 0.188542 0.0234375 0.0368056
1 0.0126953 0.382639 0.00742187 0.0180556
0 0.249609 0.0849826 0.0351562 0.0515625
0 0.776563 0.179861 0.0875 0.0631944
1 0.179688 0.627431 0.00976562 0.0180556
1 0.457812 0.8375 0.0078125 0.0166667
0 0.707031 0.157465 0.0296875 0.0493056
0 0.716406 0.202083 0.111719 0.0708333
1 0.365625 0.611458 0.009375 0.0236111
0 0.296875 0.0913194 0.015625 0.0454861
0 0.455469 0.172049 0.040625 0.0829861
0 0.622656 0.307639 0.053125 0.0854167
0 0.492969 0.261806 0.0445312 0.0826389
0 0.415625 0.321875 0.0421875 0.0854167
0 0.383496 0.230903 0.0376953 0.0708333
0 0.951563 0.0222656 0.046875 0.0439236
1 0.763281 0.0268663 0.0101562 0.0161458
0 0.296484 0.0798611 0.0140625 0.0270833
1 0.38125 0.5875 0.009375 0.0222222
0 0.801562 0.183507 0.0375 0.0541667
1 0.1125 0.0809896 0.00703125 0.0151042
1 0.215625 0.0500868 0.0125 0.0147569
0 0.810156 0.167708 0.01875 0.0208333
1 0.218555 0.134028 0.00898437 0.01875
0 0.80625 0.172049 0.0265625 0.0315972
1 0.365039 0.609028 0.00820312 0.01875
1 0.296484 0.0798611 0.0140625 0.0270833
0 0.287305 0.0810764 0.0320312 0.0322917
0 0.795508 0.188889 0.0464844 0.0583333
0 0.919531 0.05625 0.0265625 0.0362847
1 0.359375 0.241319 0.009375 0.0277778
1 0.237305 0.0407986 0.0078125 0.0189236
0 0.296875 0.0854167 0.0148437 0.034375
0 0.964063 0.183377 0.0625 0.0874132
0 0.807813 0.167014 0.021875 0.0243056
0 0.917188 0.0631076 0.03125 0.0456597
0 0.948438 0.649653 0.015625 0.0208333
1 0.196484 0.625694 0.00820312 0.0222222
0 0.215625 0.0500868 0.0125 0.0147569
1 0.225 0.134549 0.0171875 0.0201389
0 0.613672 0.184028 0.0273438 0.0385417
0 0.277344 0.0802083 0.0453125 0.0397569
0 0.763281 0.0268663 0.0101562 0.0161458
0 0.274414 0.0838542 0.0308594 0.0291667
1 0.361133 0.244965 0.00898437 0.0364583
1 0.892969 0.372917 0.009375 0.0166667
1 0.586719 0.247743 0.0148437 0.0260417
0 0.241406 0.0888889 0.0304688 0.0545139
0 0.917188 0.0701172 0.0359375 0.0601128
1 0.459375 0.833333 0.00859375 0.0125
0 0.359375 0.241319 0.009375 0.0277778
0 0.796094 0.178472 0.0453125 0.0541667
1 0.105469 0.616667 0.00859375 0.0166667
0 0.361133 0.244965 0.00898437 0.0364583
0 0.93125 0.221181 0.0125 0.0194444
0 0.608203 0.186458 0.015625 0.0284722
1 0.00710449 0.380903 0.0102539 0.0173611
0 0.619531 0.181771 0.0390625 0.0447917
1 0.752344 0.415972 0.009375 0.0194444
0 0.225 0.134549 0.0171875 0.0201389
1 0.45625 0.828472 0.0078125 0.0152778
1 0.0125977 0.382986 0.00742187 0.0180556
1 0.179492 0.627083 0.0101562 0.0180556
0 0.609375 0.174653 0.0203125 0.0513889
0 0.25 0.0845486 0.0359375 0.0508681
0 0.611719 0.179167 0.0234375 0.0423611
0 0.776563 0.180035 0.0859375 0.0628472
0 0.707031 0.157292 0.0296875 0.0493056
0 0.612109 0.188542 0.0234375 0.0361111
1 0.365625 0.611458 0.009375 0.0236111
1 0.457812 0.8375 0.0078125 0.0166667
0 0.455469 0.172179 0.040625 0.0827257
0 0.622656 0.307639 0.053125 0.0854167
0 0.492969 0.261979 0.0445312 0.0829861
0 0.415625 0.321875 0.0421875 0.0854167
0 0.383496 0.230903 0.0376953 0.0708333
0 0.951563 0.0223199 0.0453125 0.0439019
1 0.763281 0.0268229 0.0101562 0.0163194
0 0.296484 0.0797743 0.0140625 0.0269097
1 0.1125 0.0809028 0.00722656 0.0149306
0 0.801562 0.18316 0.0359375 0.0534722
1 0.38125 0.5875 0.009375 0.0222222
1 0.215625 0.0500868 0.0125 0.0149306
0 0.809375 0.167361 0.01875 0.0208333
1 0.218555 0.134028 0.00898437 0.0190972
0 0.80625 0.171875 0.0265625 0.03125
1 0.365234 0.609028 0.00859375 0.01875
0 0.803125 0.176042 0.034375 0.0451389
1 0.296484 0.0797743 0.0140625 0.0269097
0 0.287305 0.0809028 0.0320312 0.0319444
0 0.794531 0.189236 0.046875 0.0576389
1 0.2375 0.0407986 0.0078125 0.0189236
1 0.359375 0.241319 0.009375 0.0277778
0 0.919531 0.0563368 0.0265625 0.0364583
0 0.29707 0.0854167 0.0144531 0.034375
0 0.9625 0.18329 0.0625 0.0875868
0 0.798437 0.194444 0.046875 0.0725694
0 0.917188 0.0632161 0.03125 0.0457899
0 0.215625 0.0500868 0.0125 0.0149306
1 0.225 0.134722 0.0167969 0.0201389
0 0.613281 0.184028 0.0265625 0.0381944
0 0.278711 0.0800347 0.0449219 0.0392361
1 0.196484 0.625694 0.00820312 0.0222222
1 0.586719 0.247743 0.0148437 0.0260417
0 0.276563 0.0836806 0.0351562 0.0295139
0 0.763281 0.0268229 0.0101562 0.0163194
1 0.892969 0.372917 0.009375 0.0166667
0 0.948438 0.649653 0.015625 0.0208333
1 0.00712891 0.380903 0.0103027 0.0173611
1 0.361133 0.244792 0.00898437 0.0364583
1 0.105566 0.616667 0.00878906 0.0166667
0 0.359375 0.241319 0.009375 0.0277778
0 0.796094 0.177778 0.0453125 0.0534722
1 0.752344 0.415972 0.009375 0.0194444
0 0.917188 0.0703125 0.0359375 0.0604167
0 0.361133 0.244792 0.00898437 0.0364583
0 0.608203 0.186458 0.015625 0.0284722
1 0.0125488 0.382986 0.00761719 0.0180556
1 0.459375 0.833333 0.009375 0.0138889
0 0.241016 0.0888889 0.03125 0.0534722
0 0.619531 0.181597 0.0390625 0.0444444
0 0.93125 0.221181 0.0125 0.0194444
0 0.225 0.134722 0.0167969 0.0201389
1 0.179297 0.627083 0.0101562 0.0180556
0 0.609375 0.174653 0.0203125 0.0513889
0 0.611719 0.178993 0.0234375 0.0423611
1 0.45625 0.828472 0.0078125 0.0152778
0 0.775781 0.17934 0.0875 0.0628472
0 0.296875 0.0915799 0.015625 0.0449653
0 0.707422 0.157292 0.0289063 0.0489583
0 0.455469 0.172179 0.040625 0.0827257
0 0.622656 0.307639 0.053125 0.0854167
0 0.492969 0.261806 0.0445312 0.0833333
0 0.415625 0.321875 0.0421875 0.0854167
0 0.383496 0.230903 0.0376953 0.0708333
0 0.951563 0.022309 0.0453125 0.04375
1 0.763281 0.0268229 0.0101562 0.0163194
0 0.296484 0.0798611 0.0140625 0.0270833
1 0.1125 0.0809028 0.00703125 0.0149306
1 0.215625 0.0500868 0.0125 0.0149306
0 0.801562 0.182812 0.0359375 0.0524306
1 0.38125 0.5875 0.009375 0.0222222
0 0.809375 0.167535 0.01875 0.0208333
0 0.80625 0.171875 0.0265625 0.03125
1 0.218359 0.134028 0.009375 0.0190972
0 0.803125 0.175347 0.034375 0.04375
1 0.296484 0.0798611 0.0140625 0.0270833
1 0.365234 0.609028 0.00859375 0.01875
0 0.796094 0.185243 0.0453125 0.05625
0 0.2875 0.0809896 0.0320312 0.0319444
1 0.2375 0.0409722 0.0078125 0.0190972
1 0.359375 0.241319 0.009375 0.0274306
0 0.8 0.192361 0.04375 0.0607639
0 0.296875 0.0855903 0.0148437 0.0342014
0 0.808594 0.167014 0.0234375 0.0243056
0 0.919531 0.0563368 0.0265625 0.0364583
0 0.963281 0.183507 0.0640625 0.0875
0 0.215625 0.0500868 0.0125 0.0149306
0 0.917188 0.0633464 0.03125 0.0455295
0 0.279102 0.0800347 0.0445312 0.0390625
1 0.5875 0.247569 0.0132813 0.0270833
1 0.224805 0.134722 0.0167969 0.0204861
0 0.278516 0.0833333 0.0382813 0.0300347
0 0.613672 0.183854 0.0273438 0.0378472
0 0.763281 0.0268229 0.0101562 0.0163194
1 0.196484 0.625694 0.00820312 0.0222222
1 0.00708008 0.380556 0.0102051 0.0166667
1 0.892969 0.372917 0.009375 0.0166667
0 0.948438 0.65 0.015625 0.0208333
1 0.752344 0.415972 0.009375 0.0194444
1 0.105664 0.616667 0.00898437 0.0166667
0 0.359375 0.241319 0.009375 0.0274306
0 0.608203 0.186458 0.015625 0.0284722
1 0.0125488 0.382986 0.00756836 0.0180556
0 0.619531 0.181597 0.0390625 0.0440972
1 0.361328 0.244618 0.009375 0.0368056
0 0.917188 0.0704644 0.0375 0.0604601
0 0.361328 0.244618 0.009375 0.0368056
1 0.459375 0.833333 0.009375 0.0138889
0 0.609375 0.174653 0.0203125 0.0513889
0 0.241016 0.0890625 0.0320312 0.0524306
0 0.611719 0.178819 0.0234375 0.0423611
0 0.93125 0.221181 0.0125 0.0194444
0 0.224805 0.134722 0.0167969 0.0204861
1 0.179102 0.627083 0.0105469 0.0180556
0 0.707422 0.157465 0.0289063 0.0486111
1 0.238672 0.0446615 0.0109375 0.0172743
0 0.455469 0.172179 0.040625 0.0827257
0 0.492969 0.261806 0.0445312 0.0833333
0 0.622656 0.307639 0.053125 0.0861111
0 0.415625 0.321875 0.0421875 0.0854167
0 0.951563 0.0223199 0.0453125 0.0437283
0 0.383496 0.230903 0.0376953 0.0704861
1 0.763281 0.0268229 0.0101562 0.0163194
0 0.296484 0.0798611 0.0140625 0.0270833
0 0.801562 0.182639 0.034375 0.0520833
1 0.215625 0.0500868 0.0125 0.0149306
1 0.1125 0.0809028 0.00703125 0.0152778
1 0.38125 0.587847 0.009375 0.0222222
0 0.809375 0.167361 0.01875 0.0208333
0 0.80625 0.171875 0.0265625 0.03125
1 0.218359 0.134028 0.009375 0.0190972
0 0.803125 0.175 0.034375 0.0430556
1 0.365234 0.609028 0.00859375 0.01875
1 0.296484 0.0798611 0.0140625 0.0270833
0 0.796094 0.185069 0.0453125 0.05625
0 0.2875 0.0802083 0.0320312 0.0333333
1 0.2375 0.0409722 0.0078125 0.0190104
1 0.35918 0.241319 0.009375 0.0270833
0 0.29707 0.0854167 0.0148437 0.034375
0 0.8 0.192361 0.0421875 0.0604167
0 0.808594 0.16684 0.0234375 0.0243056
0 0.919531 0.0564019 0.0265625 0.0361545
1 0.5875 0.247569 0.0132813 0.0270833
0 0.279687 0.0799479 0.0445312 0.0388889
0 0.215625 0.0500868 0.0125 0.0149306
0 0.9625 0.183333 0.065625 0.0888889
1 0.224805 0.134722 0.0167969 0.0204861
0 0.613672 0.184028 0.0273438 0.0375
0 0.917188 0.0636285 0.03125 0.0453125
1 0.00712891 0.380556 0.0102539 0.0166667
1 0.196484 0.625694 0.00820312 0.0222222
0 0.763281 0.0268229 0.0101562 0.0163194
1 0.892969 0.372917 0.009375 0.0166667
1 0.752344 0.415972 0.009375 0.0194444
1 0.105664 0.616667 0.00917969 0.0166667
0 0.948438 0.65 0.015625 0.0208333
0 0.35918 0.241319 0.009375 0.0270833
0 0.608203 0.186458 0.015625 0.028125
0 0.619531 0.181597 0.0390625 0.04375
0 0.29668 0.0914931 0.015625 0.0447917
1 0.0124756 0.382986 0.00776367 0.0180556
1 0.361328 0.244444 0.009375 0.0368056
0 0.361328 0.244444 0.009375 0.0368056
1 0.458984 0.833333 0.009375 0.0138889
0 0.611328 0.178819 0.0226563 0.0423611
1 0.238672 0.0446615 0.0109375 0.0172743
1 0.179102 0.627431 0.0105469 0.0180556
0 0.707422 0.157465 0.0289063 0.0486111
0 0.622656 0.307639 0.053125 0.0861111
0 0.455469 0.172179 0.040625 0.0827257
0 0.492969 0.261806 0.0453125 0.0833333
0 0.415625 0.321875 0.0421875 0.0854167
0 0.951563 0.022309 0.0453125 0.0436632
0 0.383496 0.230903 0.0376953 0.0708333
1 0.763281 0.0268229 0.0101562 0.0163194
0 0.296484 0.0799479 0.0140625 0.0272569
0 0.801562 0.182465 0.034375 0.0517361
1 0.215625 0.0500868 0.0125 0.0149306
1 0.1125 0.0809028 0.00703125 0.0149306
1 0.38125 0.587847 0.009375 0.0222222
0 0.809375 0.167361 0.01875 0.0208333
0 0.80625 0.171875 0.0265625 0.03125
1 0.218359 0.134115 0.009375 0.0192708
0 0.803125 0.174653 0.034375 0.0423611
1 0.296484 0.0799479 0.0140625 0.0272569
0 0.796094 0.185069 0.0453125 0.0559028
1 0.365039 0.609028 0.00859375 0.0194444
0 0.2875 0.0802083 0.0320312 0.0333333
1 0.35918 0.241319 0.009375 0.0270833
0 0.29707 0.0854167 0.0148437 0.034375
1 0.2375 0.0410156 0.0078125 0.0190104
0 0.8 0.192014 0.0421875 0.0604167
1 0.5875 0.247569 0.0140625 0.0270833
0 0.279687 0.0800347 0.0445312 0.0388889
0 0.919531 0.0565104 0.0265625 0.0361111
0 0.215625 0.0500868 0.0125 0.0149306
0 0.9625 0.183333 0.065625 0.0888889
1 0.225 0.134635 0.0164062 0.0206597
0 0.613672 0.184028 0.0273438 0.0375
1 0.752344 0.415972 0.009375 0.0194444
1 0.00712891 0.380556 0.0102539 0.0166667
1 0.892969 0.372917 0.009375 0.0173611
0 0.763281 0.0268229 0.0101562 0.0163194
1 0.196484 0.625694 0.0078125 0.0222222
0 0.917188 0.063737 0.03125 0.0454427
0 0.296484 0.0914062 0.015625 0.0449653
1 0.105762 0.616319 0.009375 0.0166667
0 0.35918 0.241319 0.009375 0.0270833
0 0.948438 0.65 0.0171875 0.0208333
0 0.619531 0.181771 0.0390625 0.04375
0 0.607813 0.186458 0.015625 0.028125
1 0.0123535 0.382986 0.00791016 0.0180556
1 0.361328 0.244444 0.009375 0.0368056
0 0.361328 0.244444 0.009375 0.0368056
1 0.238672 0.0445312 0.0109375 0.0173611
0 0.611328 0.178819 0.0226563 0.0423611
0 0.3 0.0833333 0.0171875 0.0322917
0 0.24375 0.0871528 0.0269531 0.0569444
0 0.622656 0.307639 0.053125 0.0854167
0 0.492969 0.261806 0.0453125 0.0833333
0 0.455469 0.172179 0.040625 0.0827257
0 0.415625 0.321875 0.0421875 0.0854167
0 0.951563 0.0222982 0.0453125 0.0435981
0 0.383496 0.230903 0.0376953 0.0704861
1 0.763281 0.0268229 0.0101562 0.0163194
0 0.296484 0.0799479 0.0140625 0.0274306
0 0.801562 0.182812 0.034375 0.0520833
1 0.215625 0.0500868 0.0125 0.0149306
0 0.809375 0.167361 0.01875 0.0204861
1 0.38125 0.587847 0.009375 0.0222222
1 0.112402 0.080816 0.00722656 0.0149306
0 0.80625 0.172396 0.028125 0.0319444
1 0.218359 0.134028 0.009375 0.0194444
0 0.809375 0.170833 0.021875 0.0284722
0 0.803125 0.175 0.034375 0.0423611
1 0.296484 0.0799479 0.0140625 0.0274306
0 0.796094 0.185243 0.0453125 0.0559028
0 0.287695 0.0802083 0.0316406 0.0333333
1 0.35918 0.241493 0.009375 0.0267361
0 0.29707 0.0854167 0.0148437 0.034375
1 0.365234 0.609028 0.00859375 0.0194444
0 0.8 0.19184 0.0421875 0.0604167
1 0.2375 0.041059 0.0078125 0.0189236
1 0.586719 0.247743 0.0148437 0.0256944
0 0.280664 0.0825521 0.0414063 0.0315972
1 0.752344 0.416319 0.009375 0.0194444
0 0.215625 0.0500868 0.0125 0.0149306
0 0.919531 0.0565104 0.0265625 0.0361111
0 0.613672 0.183681 0.0273438 0.0375
0 0.961719 0.183507 0.0671875 0.0885417
1 0.225 0.134549 0.0164062 0.0208333
1 0.00717773 0.380903 0.0103516 0.0173611
1 0.892969 0.372917 0.009375 0.0173611
0 0.29668 0.0913194 0.0160156 0.0451389
0 0.763281 0.0268229 0.0101562 0.0163194
1 0.196484 0.625694 0.0078125 0.0222222
0 0.35918 0.241493 0.009375 0.0267361
0 0.917188 0.0637153 0.03125 0.0451389
0 0.619531 0.181771 0.0382813 0.0440972
0 0.608203 0.186285 0.015625 0.028125
1 0.105762 0.615972 0.00957031 0.0166667
0 0.948438 0.65 0.0171875 0.0208333
1 0.361328 0.244444 0.009375 0.0368056
0 0.3 0.0835069 0.0171875 0.0322917
0 0.361328 0.244444 0.009375 0.0368056
1 0.0122559 0.382986 0.00800781 0.0180556
0 0.611328 0.178819 0.0226563 0.0423611
1 0.238867 0.0444878 0.0105469 0.0172743
0 0.24375 0.087066 0.0273438 0.0569444
0 0.622656 0.307639 0.053125 0.0854167
0 0.492969 0.261806 0.0445312 0.0826389
0 0.455469 0.171918 0.040625 0.0825521
0 0.415625 0.321875 0.0421875 0.0854167
0 0.951563 0.022309 0.0453125 0.0435764
0 0.383496 0.230903 0.0376953 0.0701389
0 0.296484 0.0800347 0.0140625 0.0274306
1 0.763281 0.0268229 0.0101562 0.0163194
0 0.801562 0.182986 0.034375 0.0520833
0 0.810156 0.167361 0.01875 0.0204861
0 0.80625 0.172569 0.028125 0.0319444
1 0.215625 0.0500868 0.0125 0.0149306
1 0.112402 0.080816 0.00722656 0.0149306
1 0.38125 0.587847 0.009375 0.0222222
0 0.809375 0.170833 0.021875 0.0284722
1 0.218359 0.134028 0.009375 0.0194444
0 0.796094 0.185243 0.0453125 0.0559028
0 0.803125 0.174826 0.034375 0.0423611
1 0.296484 0.0800347 0.0140625 0.0274306
0 0.287891 0.0802083 0.03125 0.0333333
1 0.35918 0.241493 0.009375 0.0263889
0 0.29707 0.0853299 0.0152344 0.0345486
0 0.8 0.191667 0.0421875 0.0604167
1 0.365234 0.608681 0.00859375 0.0194444
1 0.2375 0.041059 0.0078125 0.0189236
0 0.807813 0.166667 0.021875 0.0239583
1 0.586719 0.247743 0.0148437 0.0256944
0 0.281055 0.0822917 0.0417969 0.0319444
1 0.752344 0.416319 0.009375 0.0194444
0 0.215625 0.0500868 0.0125 0.0149306
0 0.613672 0.183681 0.0273438 0.0381944
1 0.892969 0.372917 0.009375 0.0173611
1 0.00722656 0.380556 0.0103516 0.0166667
0 0.919531 0.0564236 0.0265625 0.0359375
0 0.961719 0.183377 0.0671875 0.0888021
1 0.225 0.134549 0.0164062 0.0211806
0 0.35918 0.241493 0.009375 0.0263889
0 0.763281 0.0268229 0.0101562 0.0163194
0 0.3 0.0834201 0.0171875 0.0324653
1 0.196484 0.625694 0.0078125 0.0222222
0 0.619531 0.181771 0.0382813 0.0440972
1 0.361328 0.244444 0.009375 0.0368056
0 0.361328 0.244444 0.009375 0.0368056
0 0.608203 0.186458 0.015625 0.0284722
0 0.948438 0.65 0.0171875 0.0208333
1 0.105762 0.615972 0.00976562 0.0166667
1 0.0121582 0.382986 0.0081543 0.0180556
0 0.917188 0.0639757 0.03125 0.0449653
0 0.611328 0.178819 0.021875 0.0423611
0 0.244141 0.0871528 0.0273438 0.0569444
1 0.238867 0.0444878 0.0105469 0.0171875
0 0.622656 0.307639 0.053125 0.0854167
0 0.492969 0.261806 0.0453125 0.0833333
0 0.455469 0.172049 0.040625 0.0826389
0 0.415625 0.321875 0.0421875 0.0854167
0 0.951563 0.0223524 0.0453125 0.0434896
0 0.383496 0.231076 0.0376953 0.0704861
0 0.296484 0.0799479 0.0140625 0.0276042
1 0.763281 0.0268229 0.0101562 0.0161458
0 0.801562 0.182986 0.0359375 0.0520833
0 0.810156 0.167361 0.01875 0.0201389
0 0.80625 0.172917 0.028125 0.0326389
1 0.215625 0.0500868 0.0125 0.0149306
1 0.38125 0.587847 0.009375 0.0222222
1 0.112402 0.080816 0.00722656 0.0149306
0 0.809375 0.170833 0.021875 0.0284722
1 0.218359 0.134028 0.00898437 0.0194444
0 0.796094 0.185417 0.0453125 0.0555556
0 0.803125 0.174653 0.034375 0.0423611
1 0.296484 0.0799479 0.0140625 0.0276042
0 0.287891 0.0801215 0.03125 0.0331597
1 0.35918 0.241319 0.009375 0.0263889
0 0.29707 0.0852431 0.0152344 0.0347222
0 0.8 0.191493 0.0421875 0.0600694
1 0.2375 0.041059 0.0078125 0.0189236
0 0.807813 0.166667 0.021875 0.0236111
1 0.365039 0.608333 0.00898437 0.0194444
1 0.586719 0.247743 0.0148437 0.0256944
0 0.28125 0.0821181 0.0421875 0.0322917
1 0.752344 0.416319 0.009375 0.0194444
0 0.215625 0.0500868 0.0125 0.0149306
0 0.613672 0.183681 0.0273438 0.0381944
1 0.892969 0.372917 0.009375 0.0173611
0 0.299805 0.0833333 0.0171875 0.0326389
1 0.00727539 0.380903 0.0103516 0.0173611
0 0.796094 0.197569 0.0453125 0.0659722
1 0.225 0.134549 0.0164062 0.0211806
0 0.35918 0.241319 0.009375 0.0263889
0 0.796094 0.176736 0.04375 0.0513889
0 0.9625 0.183377 0.06875 0.0888021
1 0.361328 0.244444 0.009375 0.0361111
0 0.763281 0.0268229 0.0101562 0.0161458
0 0.919531 0.0564019 0.0265625 0.0358073
1 0.196484 0.625347 0.0078125 0.0222222
0 0.619531 0.181771 0.0382813 0.0444444
0 0.608203 0.186285 0.015625 0.0284722
0 0.361328 0.244444 0.009375 0.0361111
1 0.105762 0.615972 0.00976562 0.0166667
0 0.948438 0.65 0.0171875 0.0208333
0 0.611328 0.178646 0.021875 0.0427083
1 0.0120605 0.382986 0.00830078 0.0180556
0 0.78418 0.200347 0.0378906 0.0427083
0 0.788867 0.186806 0.0503906 0.0506944
0 0.622656 0.307639 0.053125 0.0854167
0 0.492969 0.261979 0.04375 0.0829861
0 0.455469 0.171918 0.040625 0.0825521
0 0.415625 0.321875 0.0421875 0.0854167
0 0.951563 0.0223524 0.0453125 0.0434896
0 0.383496 0.231076 0.0376953 0.0704861
0 0.296484 0.0798611 0.0140625 0.0274306
1 0.763281 0.0268663 0.0101562 0.0162326
0 0.801562 0.182986 0.034375 0.0520833
0 0.810156 0.167361 0.01875 0.0201389
0 0.80625 0.172743 0.028125 0.0322917
1 0.215625 0.0500868 0.0125 0.0149306
1 0.38125 0.587847 0.009375 0.0222222
1 0.112402 0.080816 0.00722656 0.0149306
0 0.809375 0.170833 0.021875 0.0284722
1 0.218359 0.134028 0.00898437 0.0194444
0 0.803125 0.174653 0.034375 0.0420139
1 0.296484 0.0798611 0.0140625 0.0274306
0 0.287891 0.0801215 0.03125 0.0331597
1 0.35918 0.241667 0.009375 0.0263889
0 0.29707 0.0852431 0.0152344 0.0347222
0 0.794531 0.188715 0.046875 0.0565972
0 0.807813 0.166667 0.021875 0.0236111
1 0.2375 0.041059 0.0078125 0.0189236
1 0.365039 0.608333 0.00898437 0.0194444
1 0.586719 0.247917 0.0148437 0.0256944
0 0.28125 0.0821181 0.0421875 0.0322917
1 0.752344 0.416319 0.009375 0.0194444
0 0.215625 0.0500868 0.0125 0.0149306
0 0.613672 0.183681 0.0273438 0.0381944
0 0.8 0.194792 0.04375 0.0722222
1 0.892969 0.372917 0.009375 0.0166667
0 0.299805 0.0833333 0.0171875 0.0326389
1 0.00727539 0.380903 0.0103516 0.0173611
1 0.225 0.134549 0.0164062 0.0211806
0 0.35918 0.241667 0.009375 0.0263889
0 0.796094 0.176736 0.04375 0.0513889
0 0.9625 0.183377 0.06875 0.0888021
1 0.361328 0.244444 0.009375 0.0361111
0 0.763281 0.0268663 0.0101562 0.0162326
0 0.919531 0.0564019 0.0265625 0.0358073
1 0.196484 0.625347 0.0078125 0.0222222
0 0.619531 0.181771 0.0382813 0.0444444
0 0.608203 0.186285 0.015625 0.0284722
0 0.361328 0.244444 0.009375 0.0361111
1 0.105762 0.615972 0.00976562 0.0166667
0 0.948438 0.65 0.0171875 0.0208333
0 0.610937 0.178646 0.021875 0.0427083
1 0.0120605 0.382986 0.00830078 0.0180556
0 0.78418 0.200347 0.0378906 0.0427083
