3 0.595703 0.444444 0.0695312 0.108333
1 0.352539 0.303819 0.0113281 0.0361111
1 0.304883 0.554167 0.0121094 0.0208333
1 0.31875 0.547917 0.0128906 0.0222222
0 0.311133 0.643056 0.0167969 0.025
1 0.311133 0.643056 0.0167969 0.025
1 0.614062 0.246528 0.0171875 0.0229167
0 0.307813 0.670139 0.0164062 0.025
1 0.35 0.304514 0.0148437 0.0368056
1 0.891406 0.503125 0.0140625 0.025
1 0.350781 0.289236 0.00859375 0.0354167
0 0.314453 0.677778 0.0289063 0.0486111
0 0.352344 0.303819 0.0109375 0.0350694
1 0.189453 0.736806 0.009375 0.025
1 0.189453 0.740278 0.0109375 0.0194444
0 0.30918 0.646528 0.0195312 0.0319444
0 0.124414 0.214757 0.0203125 0.0243056
0 0.306641 0.636111 0.0265625 0.0333333
1 0.307813 0.670139 0.0164062 0.025
1 0.30918 0.646528 0.0195312 0.0319444
0 0.304883 0.554167 0.0121094 0.0208333
1 0.369922 0.289236 0.0101562 0.0173611
0 0.0601074 0.786806 0.0134766 0.0222222
1 0.28418 0.645486 0.0132813 0.0180556
1 0.296875 0.633681 0.0125 0.0263889
1 0.299219 0.6375 0.0203125 0.0291667
1 0.122461 0.214236 0.0171875 0.0229167
0 0.299219 0.6375 0.0203125 0.0291667
0 0.28418 0.645486 0.0132813 0.0180556
0 0.183398 0.851389 0.0136719 0.0194444
3 0.596094 0.44375 0.06875 0.106944
1 0.351953 0.303646 0.0117188 0.0361111
1 0.318359 0.547917 0.0140625 0.025
1 0.310937 0.550347 0.0214844 0.025
1 0.122461 0.214062 0.0164062 0.0222222
1 0.31875 0.544444 0.0125 0.0243056
1 0.441406 0.024566 0.0078125 0.0147569
1 0.313672 0.643056 0.0148437 0.0236111
1 0.311328 0.644444 0.01875 0.0263889
0 0.311328 0.644444 0.01875 0.0263889
1 0.17207 0.778472 0.0117188 0.0236111
1 0.314844 0.552778 0.0226563 0.0333333
1 0.307031 0.670139 0.0160156 0.025
0 0.351953 0.303993 0.0117188 0.0354167
1 0.613672 0.245833 0.015625 0.025
0 0.162109 0.749306 0.0648438 0.0861111
0 0.312109 0.658681 0.0257812 0.0479167
0 0.313672 0.643056 0.0148437 0.0236111
0 0.441406 0.024566 0.0078125 0.0147569
1 0.352148 0.293056 0.0128906 0.0503472
0 0.326367 0.695833 0.0140625 0.0305556
0 0.307031 0.670139 0.0160156 0.025
1 0.315234 0.530556 0.0179687 0.0541667
0 0.318164 0.676389 0.034375 0.0652778
1 0.326953 0.702083 0.0125 0.0208333
1 0.312695 0.545833 0.0257812 0.0305556
3 0.595703 0.44375 0.0695312 0.106944
1 0.352148 0.304167 0.0128906 0.0368056
1 0.123047 0.214757 0.01875 0.0229167
1 0.891406 0.503819 0.0140625 0.0263889
1 0.188672 0.738889 0.0105469 0.0277778
1 0.8 0.448611 0.0125 0.0131944
1 0.122852 0.211806 0.0164062 0.025
1 0.310742 0.641667 0.015625 0.0208333
1 0.8 0.451389 0.009375 0.0180556
1 0.243359 0.929167 0.0152344 0.0166667
1 0.316992 0.549306 0.015625 0.0263889
0 0.352148 0.304167 0.0128906 0.0368056
1 0.189063 0.740278 0.0132813 0.0194444
1 0.310937 0.64375 0.0140625 0.0284722
1 0.186719 0.733333 0.0148437 0.0305556
1 0.306641 0.552778 0.015625 0.0222222
1 0.127148 0.213194 0.0226563 0.0236111
1 0.0575195 0.8375 0.0123047 0.0194444
1 0.326758 0.703472 0.0109375 0.0180556
0 0.161719 0.751389 0.0648438 0.0805556
1 0.288281 0.0768229 0.00625 0.0175347
1 0.614062 0.246181 0.015625 0.0229167
0 0.124023 0.214236 0.0197266 0.0229167
1 0.277734 0.269444 0.00859375 0.0197917
1 0.294922 0.636806 0.0117188 0.0236111
1 0.059082 0.835417 0.0142578 0.0166667
1 0.890625 0.507639 0.015625 0.0333333
1 0.613281 0.243403 0.0140625 0.0319444
1 0.441406 0.0239583 0.0078125 0.0137153
1 0.341797 0.930556 0.0109375 0.0277778
1 0.297266 0.636806 0.0148437 0.0201389
1 0.29082 0.0736111 0.0078125 0.0190972
1 0.183203 0.85 0.0125 0.0194444
0 0.188672 0.738889 0.0105469 0.0277778
1 0.951563 0.608681 0.0140625 0.0201389
1 0.769531 0.657292 0.0203125 0.0291667
1 0.569531 0.0158963 0.00703125 0.0211589
3 0.596094 0.443056 0.06875 0.106944
1 0.352344 0.303819 0.0109375 0.0354167
1 0.190039 0.743056 0.0101562 0.0166667
1 0.892187 0.504167 0.015625 0.0263889
1 0.172949 0.780556 0.0111328 0.0180556
0 0.352344 0.303819 0.0109375 0.0354167
1 0.319336 0.549306 0.00976562 0.0208333
1 0.189453 0.740972 0.0121094 0.0180556
0 0.442187 0.022309 0.0078125 0.0141493
0 0.190039 0.743056 0.0101562 0.0166667
1 0.442187 0.022309 0.0078125 0.0141493
1 0.612891 0.246875 0.0140625 0.0222222
0 0.892187 0.504167 0.015625 0.0263889
1 0.798437 0.447917 0.0125 0.0138889
1 0.311328 0.648958 0.0109375 0.0173611
0 0.189453 0.740972 0.0121094 0.0180556
1 0.349805 0.301215 0.0128906 0.0295139
0 0.162207 0.751389 0.0658203 0.0805556
0 0.326562 0.695833 0.0109375 0.025
1 0.569141 0.014974 0.00703125 0.0189236
1 0.120996 0.215104 0.0154297 0.0225694
1 0.571094 0.0496528 0.0078125 0.0171875
1 0.310156 0.645486 0.0140625 0.0145833
1 0.115137 0.816667 0.0101562 0.0166667
1 0.307031 0.552083 0.0125 0.0194444
3 0.595703 0.443056 0.06875 0.106944
1 0.352344 0.303819 0.0117188 0.0354167
1 0.189453 0.742361 0.0109375 0.0180556
1 0.172656 0.780556 0.0121094 0.0194444
1 0.189063 0.740278 0.0128906 0.0194444
1 0.891406 0.503472 0.015625 0.0263889
1 0.35 0.30434 0.0140625 0.0350694
1 0.317187 0.547917 0.0164062 0.0236111
1 0.243164 0.929861 0.0179687 0.0166667
0 0.352344 0.303819 0.0117188 0.0354167
1 0.440625 0.0243056 0.0078125 0.0166667
1 0.176172 0.78125 0.0144531 0.0194444
1 0.439844 0.0258681 0.0078125 0.0180556
1 0.314063 0.642014 0.0128906 0.0194444
1 0.114648 0.815278 0.0117188 0.0208333
1 0.182617 0.85 0.0128906 0.0194444
1 0.0634277 0.836111 0.0262695 0.0222222
1 0.1875 0.736806 0.0148437 0.0277778
1 0.188867 0.744444 0.0128906 0.025
1 0.370313 0.290972 0.0078125 0.0166667
1 0.121973 0.215972 0.0162109 0.0229167
1 0.311133 0.643056 0.015625 0.0180556
0 0.440625 0.0243056 0.0078125 0.0166667
1 0.800781 0.448264 0.0125 0.0111111
0 0.163086 0.751389 0.065625 0.0861111
3 0.595703 0.443056 0.06875 0.106944
1 0.351758 0.303472 0.0125 0.0361111
1 0.317578 0.547917 0.015625 0.0222222
1 0.310937 0.644444 0.0140625 0.0180556
1 0.121582 0.215625 0.0160156 0.0236111
1 0.17207 0.780556 0.0125 0.0194444
1 0.189453 0.741667 0.0109375 0.0180556
1 0.313086 0.549306 0.0238281 0.025
1 0.371094 0.289757 0.0078125 0.0149306
0 0.351758 0.303472 0.0125 0.0361111
1 0.892187 0.503125 0.0140625 0.025
1 0.242969 0.929167 0.01875 0.0166667
1 0.0638672 0.835417 0.0259766 0.0194444
1 0.441406 0.0236111 0.0078125 0.0159722
1 0.182812 0.85 0.0125 0.0194444
2 0.595703 0.44375 0.06875 0.106944
1 0.305859 0.672917 0.0125 0.0222222
1 0.176172 0.780556 0.0132813 0.0194444
1 0.296094 0.6375 0.0105469 0.0236111
0 0.595703 0.44375 0.06875 0.106944
0 0.0638672 0.835417 0.0259766 0.0194444
1 0.187109 0.7375 0.0148437 0.025
1 0.315234 0.554167 0.0210938 0.0305556
1 0.326953 0.695833 0.0117188 0.0291667
1 0.152148 0.745139 0.0166016 0.0319444
1 0.301172 0.639583 0.0117188 0.0180556
3 0.595312 0.44375 0.06875 0.106944
1 0.351562 0.298958 0.0117188 0.0263889
1 0.352539 0.304167 0.0117188 0.0354167
1 0.311133 0.64375 0.0132813 0.01875
1 0.172461 0.780556 0.0117188 0.0194444
1 0.313281 0.643056 0.0132813 0.0194444
1 0.349609 0.297569 0.0125 0.0225694
1 0.189063 0.741667 0.0109375 0.0166667
1 0.319141 0.547917 0.0132813 0.0208333
1 0.35 0.302778 0.0140625 0.0333333
1 0.297656 0.635764 0.0117188 0.0173611
1 0.121094 0.216319 0.0140625 0.0222222
1 0.296484 0.636111 0.0101562 0.0222222
1 0.242969 0.929861 0.0171875 0.0166667
1 0.307031 0.552431 0.0140625 0.0201389
1 0.123926 0.214236 0.01875 0.0236111
1 0.891406 0.503125 0.0140625 0.0243056
1 0.296875 0.632639 0.0105469 0.0236111
1 0.305078 0.672569 0.0109375 0.0201389
1 0.175781 0.781944 0.0132813 0.0194444
1 0.0625977 0.834722 0.0233398 0.0166667
1 0.326953 0.695833 0.0117188 0.0277778
1 0.8 0.448611 0.0125 0.0125
1 0.371094 0.290625 0.00859375 0.0159722
1 0.441406 0.0248264 0.0078125 0.0126736
0 0.0625977 0.834722 0.0233398 0.0166667
0 0.595312 0.44375 0.06875 0.106944
1 0.187305 0.738889 0.0144531 0.0236111
3 0.595312 0.444444 0.06875 0.10625
1 0.351562 0.300521 0.0113281 0.0298611
1 0.313281 0.643056 0.0125 0.0194444
1 0.189063 0.741667 0.0101562 0.0166667
1 0.349609 0.298264 0.0125 0.0243056
1 0.172461 0.780556 0.0109375 0.0180556
1 0.35 0.303125 0.0140625 0.0347222
1 0.297656 0.636111 0.0105469 0.0180556
1 0.12168 0.215799 0.0152344 0.0225694
1 0.242578 0.929167 0.015625 0.0166667
1 0.891406 0.503819 0.0140625 0.025
1 0.318164 0.548264 0.0148437 0.0222222
1 0.441406 0.0262153 0.0078125 0.0145833
1 0.296094 0.636111 0.009375 0.0222222
0 0.352148 0.303472 0.0117188 0.0361111
1 0.304688 0.672917 0.0101562 0.0208333
1 0.8 0.448264 0.0125 0.0131944
1 0.440625 0.0277344 0.0078125 0.0150174
1 0.296875 0.631944 0.0101562 0.0222222
1 0.307031 0.552778 0.0140625 0.0194444
1 0.17583 0.781944 0.0124023 0.0180556
1 0.121484 0.215278 0.0199219 0.0270833
3 0.595703 0.44375 0.06875 0.106944
1 0.352344 0.303472 0.0117188 0.0364583
1 0.189063 0.742361 0.0101562 0.0152778
1 0.172266 0.780556 0.0117188 0.0194444
1 0.35 0.303472 0.0140625 0.0354167
1 0.313086 0.643056 0.0128906 0.0194444
1 0.349609 0.299306 0.0125 0.0263889
0 0.352344 0.303472 0.0117188 0.0364583
1 0.298438 0.635764 0.0109375 0.0173611
1 0.242578 0.929167 0.0148437 0.0166667
1 0.313281 0.549306 0.0230469 0.0236111
1 0.122168 0.215972 0.0166016 0.0215278
1 0.189453 0.740972 0.0117188 0.0194444
1 0.441406 0.0255208 0.00703125 0.0128472
1 0.305078 0.672569 0.0101562 0.0215278
1 0.891406 0.503819 0.0140625 0.025
1 0.295703 0.636111 0.009375 0.0222222
1 0.17583 0.781944 0.0131836 0.0194444
3 0.595703 0.44375 0.06875 0.106944
1 0.352344 0.303472 0.0117188 0.0361111
1 0.189063 0.742361 0.0101562 0.0152778
1 0.172461 0.780556 0.0113281 0.0194444
1 0.35 0.303646 0.0140625 0.0357639
1 0.311914 0.645486 0.0132813 0.0229167
1 0.312891 0.643056 0.0132813 0.0194444
0 0.352344 0.303472 0.0117188 0.0361111
1 0.313086 0.549653 0.0238281 0.0243056
1 0.122266 0.215972 0.0171875 0.0215278
1 0.298633 0.636111 0.0105469 0.0166667
1 0.304688 0.672569 0.0101562 0.0215278
1 0.189258 0.740972 0.0117188 0.0194444
1 0.242383 0.929167 0.0148437 0.0166667
1 0.892187 0.503472 0.0125 0.0236111
1 0.441406 0.0250868 0.00703125 0.0135417
1 0.175977 0.78125 0.0125 0.0180556
1 0.295898 0.636806 0.00898437 0.0222222
3 0.595703 0.44375 0.06875 0.106944
1 0.351953 0.303472 0.0121094 0.0361111
1 0.189063 0.742361 0.0101562 0.0152778
1 0.35 0.302083 0.0128906 0.0315972
1 0.172461 0.780556 0.0109375 0.0194444
1 0.311328 0.64375 0.0132813 0.0194444
1 0.122266 0.216319 0.0167969 0.0211806
1 0.314453 0.548958 0.0210938 0.0229167
0 0.351953 0.303472 0.0121094 0.0361111
1 0.304688 0.672569 0.0101562 0.0215278
1 0.892187 0.502778 0.0125 0.0236111
1 0.298438 0.635764 0.0101562 0.0166667
1 0.189063 0.740972 0.0117188 0.0194444
1 0.242188 0.929167 0.0148437 0.0166667
1 0.441406 0.0249132 0.00703125 0.0140625
1 0.331445 0.594444 0.0109375 0.0208333
1 0.295898 0.636111 0.00898437 0.0222222
3 0.595703 0.44375 0.06875 0.10625
1 0.351953 0.303472 0.0121094 0.0361111
1 0.189063 0.742361 0.0101562 0.0152778
1 0.35 0.302778 0.0132813 0.0326389
1 0.311328 0.64375 0.0132813 0.0194444
1 0.172363 0.780556 0.0107422 0.0194444
1 0.314844 0.549306 0.0203125 0.0236111
1 0.122266 0.216319 0.0166016 0.0208333
1 0.304883 0.672569 0.0105469 0.0215278
1 0.892187 0.502778 0.0125 0.0236111
0 0.351953 0.303472 0.0121094 0.0361111
1 0.298438 0.635417 0.0101562 0.0166667
1 0.189063 0.740972 0.0117188 0.0194444
1 0.331445 0.594444 0.0109375 0.0215278
1 0.295898 0.636111 0.009375 0.0222222
1 0.310937 0.551389 0.021875 0.0222222
1 0.242188 0.929167 0.0152344 0.0166667
3 0.595703 0.44375 0.06875 0.10625
1 0.351953 0.303819 0.0121094 0.0361111
1 0.311328 0.64375 0.0132813 0.0194444
1 0.35 0.302778 0.0132813 0.0326389
1 0.189063 0.742361 0.0101562 0.0152778
1 0.172363 0.780556 0.0107422 0.0194444
1 0.315234 0.549306 0.0203125 0.0236111
1 0.12207 0.216667 0.0164062 0.0208333
1 0.124023 0.214757 0.0195312 0.0232639
1 0.891406 0.502778 0.0140625 0.0236111
1 0.304883 0.672569 0.0105469 0.0215278
1 0.331445 0.594444 0.0109375 0.0222222
1 0.298438 0.635417 0.0105469 0.0166667
0 0.351953 0.303819 0.0121094 0.0361111
1 0.310937 0.551389 0.0226563 0.0222222
1 0.189063 0.740972 0.0117188 0.0194444
1 0.295898 0.636111 0.00976562 0.0229167
1 0.441406 0.0247396 0.00703125 0.0142361
3 0.595703 0.44375 0.06875 0.10625
1 0.351758 0.303646 0.0121094 0.0361111
1 0.311328 0.64375 0.0132813 0.0194444
1 0.189063 0.742361 0.0101562 0.0152778
1 0.172266 0.780556 0.0105469 0.0194444
1 0.315234 0.549306 0.0195312 0.0236111
1 0.122266 0.216493 0.0167969 0.0208333
1 0.892187 0.502778 0.0125 0.0222222
1 0.33125 0.594444 0.0109375 0.0222222
1 0.305078 0.672569 0.0109375 0.0215278
1 0.311328 0.551389 0.0230469 0.0222222
1 0.189063 0.740972 0.0117188 0.0194444
0 0.351758 0.303646 0.0121094 0.0361111
1 0.298633 0.636111 0.0105469 0.0173611
1 0.295703 0.636111 0.00976562 0.0236111
3 0.595703 0.44375 0.06875 0.10625
1 0.351562 0.303819 0.0125 0.0361111
1 0.311133 0.64375 0.0132813 0.0194444
1 0.189258 0.742361 0.0101562 0.0152778
1 0.31582 0.549306 0.0191406 0.0236111
1 0.172266 0.780556 0.0105469 0.0194444
1 0.122266 0.216493 0.0167969 0.0208333
1 0.331445 0.594444 0.0113281 0.0222222
1 0.892187 0.502778 0.0125 0.0222222
1 0.311719 0.551389 0.0238281 0.0236111
1 0.305078 0.672222 0.0109375 0.0222222
1 0.189063 0.740972 0.0117188 0.0194444
3 0.595703 0.44375 0.06875 0.10625
1 0.351562 0.303819 0.0125 0.0361111
1 0.310937 0.64375 0.0132813 0.0194444
1 0.189453 0.741667 0.0101562 0.0138889
1 0.316797 0.549306 0.0171875 0.0229167
1 0.172266 0.780556 0.0105469 0.0180556
1 0.33125 0.594444 0.0117188 0.0222222
1 0.122266 0.216667 0.0167969 0.0208333
1 0.124121 0.214583 0.0193359 0.0229167
1 0.311719 0.551389 0.0234375 0.0236111
1 0.891406 0.503125 0.0140625 0.0229167
1 0.305078 0.672569 0.0105469 0.0215278
3 0.595703 0.44375 0.06875 0.10625
1 0.351562 0.303819 0.0125 0.0361111
1 0.311133 0.644097 0.0128906 0.0194444
1 0.317773 0.549306 0.0152344 0.0222222
1 0.189258 0.741667 0.00976562 0.0138889
1 0.172266 0.780556 0.0101562 0.0180556
1 0.33125 0.594444 0.0117188 0.0222222
1 0.12207 0.21684 0.0164062 0.0201389
1 0.124219 0.214583 0.0191406 0.0229167
1 0.311133 0.552083 0.0222656 0.0236111
1 0.305078 0.672917 0.0109375 0.0222222
1 0.891406 0.503125 0.0140625 0.0229167
3 0.595703 0.44375 0.06875 0.10625
1 0.351562 0.303819 0.0125 0.0361111
1 0.31875 0.548958 0.0136719 0.0215278
1 0.311133 0.644097 0.0128906 0.0194444
1 0.189063 0.741667 0.0101562 0.0138889
1 0.172266 0.780556 0.0101562 0.0180556
1 0.33125 0.594792 0.0117188 0.0222222
1 0.12207 0.217014 0.0162109 0.0201389
1 0.124316 0.21441 0.0191406 0.0229167
1 0.308203 0.552778 0.0171875 0.0215278
1 0.305078 0.672917 0.0109375 0.0208333
1 0.891406 0.503472 0.0140625 0.0222222
3 0.595703 0.44375 0.06875 0.106944
1 0.351562 0.303819 0.0125 0.0361111
1 0.319141 0.548611 0.0132813 0.0222222
1 0.310937 0.644444 0.0125 0.0194444
1 0.312109 0.645833 0.0125 0.0236111
1 0.189063 0.741667 0.009375 0.0152778
1 0.33125 0.595139 0.0117188 0.0222222
1 0.122168 0.21684 0.0166016 0.0201389
1 0.17207 0.780556 0.0101562 0.0180556
1 0.30625 0.553472 0.0132813 0.0208333
1 0.124219 0.21441 0.0191406 0.0229167
1 0.305078 0.672917 0.0109375 0.0208333
1 0.891406 0.503472 0.0140625 0.0229167
1 0.242188 0.929167 0.0175781 0.0166667
3 0.595703 0.44375 0.06875 0.106944
1 0.351562 0.303819 0.0125 0.0361111
1 0.319141 0.548611 0.0125 0.0215278
1 0.310937 0.644444 0.0125 0.0194444
1 0.189063 0.741667 0.009375 0.0152778
1 0.313086 0.64375 0.0128906 0.0194444
1 0.33125 0.595139 0.0117188 0.0222222
1 0.122656 0.216493 0.0175781 0.0211806
1 0.305664 0.554167 0.0121094 0.0194444
1 0.17207 0.780556 0.0101562 0.0180556
1 0.891406 0.503472 0.0140625 0.0222222
1 0.305078 0.672917 0.0109375 0.0208333
1 0.242188 0.929167 0.0175781 0.0166667
3 0.595703 0.44375 0.06875 0.106944
1 0.351562 0.303819 0.0125 0.0361111
1 0.319531 0.548611 0.0125 0.0215278
1 0.310937 0.644444 0.0125 0.01875
1 0.189063 0.741667 0.009375 0.0152778
1 0.122754 0.216319 0.0177734 0.021875
1 0.33125 0.595139 0.0117188 0.0222222
1 0.313086 0.64375 0.0128906 0.0194444
1 0.305664 0.554514 0.0117188 0.0194444
1 0.171973 0.780556 0.00996094 0.0180556
1 0.892187 0.503819 0.0125 0.0222222
1 0.242188 0.929167 0.0171875 0.0166667
1 0.305078 0.672917 0.0109375 0.0208333
3 0.595312 0.44375 0.06875 0.10625
1 0.351562 0.303819 0.0125 0.0357639
1 0.349805 0.302431 0.0128906 0.0319444
1 0.319531 0.548611 0.0125 0.0215278
1 0.310937 0.644444 0.0125 0.0180556
1 0.122852 0.216319 0.0179687 0.0222222
1 0.33125 0.595139 0.0117188 0.0222222
1 0.312891 0.64375 0.0132813 0.0194444
1 0.189063 0.741667 0.009375 0.0152778
1 0.305859 0.554861 0.0117188 0.0194444
1 0.171875 0.780556 0.00976562 0.0180556
1 0.892187 0.504167 0.0125 0.0222222
1 0.242188 0.929167 0.0171875 0.0166667
3 0.595312 0.44375 0.06875 0.10625
1 0.351758 0.303819 0.0121094 0.0361111
1 0.349805 0.30191 0.0128906 0.03125
1 0.319727 0.548611 0.0125 0.0215278
1 0.310937 0.644444 0.0128906 0.0180556
1 0.122852 0.216319 0.0179687 0.0222222
1 0.33125 0.595139 0.0117188 0.0222222
1 0.312891 0.64375 0.0132813 0.0194444
1 0.189063 0.741667 0.009375 0.0138889
1 0.305859 0.554861 0.0117188 0.01875
1 0.892187 0.504167 0.0125 0.0222222
1 0.242188 0.929167 0.0171875 0.0166667
1 0.171875 0.780556 0.00976562 0.0180556
3 0.595312 0.44375 0.06875 0.10625
1 0.351758 0.303646 0.0121094 0.0357639
1 0.349805 0.301562 0.0128906 0.0305556
1 0.319727 0.548611 0.0125 0.0208333
1 0.310937 0.644444 0.0128906 0.0180556
1 0.122852 0.216319 0.0179687 0.0222222
1 0.33125 0.595139 0.0117188 0.0222222
1 0.312891 0.64375 0.0132813 0.0180556
1 0.305859 0.554861 0.0113281 0.01875
1 0.189063 0.741667 0.009375 0.0138889
1 0.892187 0.504167 0.0125 0.0222222
1 0.242188 0.929167 0.0171875 0.0166667
3 0.595312 0.44375 0.06875 0.106944
1 0.351758 0.303646 0.0121094 0.0357639
1 0.349805 0.301042 0.0125 0.0298611
1 0.319922 0.548611 0.0125 0.0208333
1 0.122852 0.216319 0.0179687 0.0222222
1 0.310937 0.644444 0.0128906 0.0180556
1 0.33125 0.595139 0.0117188 0.0222222
1 0.312891 0.64375 0.0132813 0.0180556
1 0.305859 0.554861 0.0113281 0.01875
1 0.189063 0.740972 0.009375 0.0152778
1 0.892187 0.504167 0.0125 0.0222222
3 0.595312 0.44375 0.06875 0.10625
1 0.351758 0.303646 0.0121094 0.0357639
1 0.349805 0.301042 0.0125 0.0298611
1 0.319922 0.548611 0.0125 0.0208333
1 0.122852 0.216319 0.0179687 0.0225694
1 0.310937 0.644444 0.0128906 0.0180556
1 0.33125 0.595139 0.0117188 0.0222222
1 0.312891 0.64375 0.0132813 0.0180556
1 0.305859 0.554861 0.0113281 0.01875
1 0.189063 0.740972 0.009375 0.0152778
1 0.892187 0.504167 0.0125 0.0222222
