0 0.526953 0.246354 0.0453125 0.0864583
0 0.247266 0.936111 0.078125 0.127778
0 0.403125 0.561806 0.0515625 0.108333
0 0.0629883 0.595833 0.0818359 0.0638889
0 0.441406 0.595486 0.0632813 0.129861
0 0.444141 0.451389 0.0523437 0.104167
0 0.312305 0.110417 0.0625 0.0489583
0 0.914062 0.121007 0.11875 0.09375
0 0.223047 0.299132 0.0742188 0.0572917
0 0.33125 0.0654514 0.0546875 0.0501736
0 0.939062 0.351997 0.11875 0.105729
0 0.247656 0.241319 0.065625 0.053125
0 0.268359 0.195139 0.0632813 0.0541667
0 0.415625 0.262847 0.0515625 0.0791667
0 0.848437 0.402778 0.06875 0.0708333
0 0.434375 0.192708 0.05 0.0861111
0 0.0141602 0.745139 0.0267578 0.0583333
0 0.371875 0.015842 0.0570313 0.031684
0 0.389453 0.298611 0.0382813 0.0597222
0 0.300391 0.542361 0.078125 0.105556
0 0.236328 0.558333 0.034375 0.075
1 0.145898 0.342014 0.0205078 0.0395833
0 0.239844 0.568056 0.0414063 0.0944444
1 0.149023 0.338194 0.0171875 0.0340278
0 0.257812 0.584375 0.0773437 0.130556
0 0.245117 0.575 0.0515625 0.108333
1 0.0245361 0.830556 0.023291 0.0361111
0 0.275391 0.515278 0.0273438 0.0513889
0 0.145703 0.342361 0.0210938 0.0416667
0 0.267969 0.584722 0.101562 0.158333
0 0.237109 0.654167 0.046875 0.0847222
0 0.257422 0.654167 0.0875 0.0861111
1 0.407031 0.856944 0.0125 0.0277778
1 0.185156 0.21875 0.0101562 0.0229167
0 0.314844 0.558333 0.0460938 0.0666667
0 0.0481567 0.0979167 0.095874 0.195833
0 0.229297 0.651389 0.034375 0.0736111
0 0.0181396 0.830556 0.0362793 0.0416667
0 0.391016 0.313194 0.0414063 0.0861111
0 0.126758 0.235069 0.0150391 0.0333333
1 0.144141 0.347222 0.0195312 0.0486111
1 0.186328 0.222569 0.009375 0.0298611
0 0.127539 0.22934 0.0128906 0.0277778
0 0.149023 0.338194 0.0171875 0.0340278
0 0.252148 0.564931 0.0753906 0.106944
0 0.0231201 0.830556 0.0269043 0.0361111
1 0.127539 0.22934 0.0128906 0.0277778
0 0.119727 0.0490451 0.0742188 0.0961806
0 0.121973 0.241493 0.0146484 0.0326389
1 0.219922 0.634028 0.0210938 0.0388889
0 0.801562 0.0183051 0.053125 0.0357856
0 0.242773 0.659722 0.0597656 0.0930556
0 0.220703 0.64375 0.028125 0.0597222
0 0.077832 0.101128 0.155664 0.202257
1 0.275391 0.515278 0.0273438 0.0513889
0 0.225 0.646528 0.0257812 0.0638889
0 0.280469 0.618056 0.059375 0.0555556
0 0.270508 0.64375 0.0652344 0.0805556
0 0.383984 0.294444 0.0320312 0.0513889
0 0.903125 0.372569 0.178125 0.148611
0 0.275977 0.554861 0.105078 0.118056
0 0.396973 0.31684 0.0529297 0.0989583
1 0.220703 0.64375 0.028125 0.0597222
0 0.124414 0.232639 0.0160156 0.0326389
0 0.318359 0.565625 0.0390625 0.0513889
0 0.0988525 0.171701 0.130811 0.227083
0 0.0105469 0.015842 0.0206543 0.0306424
0 0.195898 0.0158203 0.0410156 0.0316406
0 0.271484 0.604861 0.0929687 0.0791667
0 0.219922 0.634028 0.0210938 0.0388889
0 0.406641 0.854861 0.0125 0.0236111
1 0.126758 0.235069 0.0150391 0.0333333
1 0.225 0.646528 0.0257812 0.0638889
0 0.221094 0.648264 0.0351562 0.0701389
0 0.187891 0.0368924 0.0480469 0.0682292
0 0.175391 0.0472331 0.0433594 0.0817491
0 0.228516 0.0201823 0.0117188 0.028125
0 0.309375 0.574306 0.05625 0.105556
1 0.185547 0.232292 0.0148437 0.0416667
0 0.280078 0.596528 0.127344 0.195833
0 0.244531 0.560417 0.0476562 0.0763889
0 0.118774 0.144271 0.171826 0.286458
0 0.29375 0.579167 0.0945313 0.170833
1 0.124414 0.232639 0.0160156 0.0326389
0 0.168945 0.0487847 0.053125 0.0913194
1 0.142285 0.342014 0.0267578 0.0465278
0 0.29043 0.611458 0.0773437 0.0708333
1 0.121973 0.241493 0.0146484 0.0326389
0 0.174219 0.033724 0.0253906 0.0507812
0 0.0823242 0.146571 0.164648 0.292969
0 0.0134521 0.0290365 0.0269043 0.056684
0 0.179883 0.0323351 0.0230469 0.0474826
0 0.0168945 0.0232205 0.0330078 0.0450521
0 0.174023 0.0277018 0.0316406 0.0515408
0 0.290039 0.598611 0.0878906 0.0895833
2 0.847656 0.402431 0.0671875 0.0708333
1 0.412891 0.856944 0.0234375 0.0305556
1 0.236719 0.559028 0.0351562 0.0770833
0 0.140918 0.343142 0.0236328 0.0456597
0 0.143555 0.0501302 0.122656 0.0997396
1 0.224805 0.647917 0.0339844 0.0694444
1 0.0143799 0.745833 0.026709 0.0583333
0 0.015625 0.766667 0.0282227 0.0972222
0 0.205273 0.0191949 0.0515625 0.0379991
0 0.11123 0.0432726 0.0625 0.0851562
0 0.314453 0.574306 0.0476562 0.0875
1 0.433203 0.190278 0.046875 0.08125
0 0.105664 0.242361 0.0140625 0.0256944
0 0.255664 0.665625 0.0769531 0.0770833
0 0.168945 0.058138 0.0675781 0.103516
0 0.0109131 0.128212 0.0218262 0.0664931
0 0.163965 0.0488715 0.0904297 0.0949653
0 0.0316895 0.0475694 0.062207 0.0916667
0 0.280469 0.636111 0.0683594 0.075
0 0.168848 0.0336372 0.0478516 0.066059
0 0.108984 0.3625 0.0144531 0.0291667
0 0.115723 0.242708 0.0365234 0.0618056
0 0.410937 0.282465 0.059375 0.101736
0 0.0173828 0.806944 0.0347656 0.0847222
1 0.415234 0.263194 0.0523437 0.08125
0 0.575 0.00651042 0.025 0.0130208
0 0.0959961 0.205252 0.126172 0.183941
0 0.0245605 0.0861111 0.0491211 0.172222
0 0.0163818 0.779167 0.0327637 0.143056
0 0.116992 0.343403 0.0214844 0.0513889
0 0.0104004 0.111372 0.0204102 0.0560764
0 0.0120117 0.142882 0.0240234 0.0996528
1 0.145508 0.353819 0.021875 0.0611111
1 0.407031 0.8625 0.015625 0.0388889
0 0.185156 0.21875 0.0101562 0.0229167
0 0.0592773 0.0357639 0.0242187 0.0409722
0 0.283984 0.511458 0.0429688 0.0520833
0 0.113867 0.244444 0.0214844 0.0381944
1 0.85625 0.0314236 0.015625 0.0324653
0 0.019751 0.136806 0.039502 0.130556
0 0.0978516 0.0261285 0.034375 0.0517361
0 0.0186279 0.846528 0.036084 0.0736111
1 0.389453 0.298611 0.0382813 0.0597222
0 0.198633 0.0350694 0.0542969 0.0623264
1 0.542969 0.149957 0.00625 0.0271701
1 0.318359 0.565625 0.0390625 0.0513889
0 0.107324 0.365972 0.0195312 0.0333333
0 0.318359 0.580556 0.0445312 0.0666667
1 0.228516 0.0201823 0.0117188 0.028125
0 0.440625 0.222396 0.0671875 0.145486
0 0.0499512 0.0463976 0.0239258 0.0544271
0 0.166797 0.0915799 0.01875 0.0361111
0 0.905469 0.404167 0.184375 0.211806
0 0.062793 0.0348524 0.0193359 0.0361979
1 0.122266 0.330469 0.0148437 0.0446181
0 0.282422 0.597917 0.115625 0.140278
0 0.119434 0.249826 0.0224609 0.0444444
1 0.0181396 0.830556 0.0362793 0.0416667
0 0.165039 0.0960069 0.0195312 0.0357639
0 0.39375 0.338194 0.046875 0.144444
1 0.365625 0.017079 0.0453125 0.034158
0 0.0834961 0.217882 0.0964844 0.132292
1 0.0105469 0.015842 0.0206543 0.0306424
1 0.300391 0.542361 0.078125 0.104167
0 0.407129 0.306944 0.0716797 0.0972222
0 0.0251953 0.847222 0.0256836 0.0666667
0 0.178516 0.0524306 0.0722656 0.0998264
1 0.24707 0.936111 0.0789063 0.127778
1 0.847656 0.402083 0.0671875 0.0708333
0 0.127539 0.320139 0.0173828 0.0291667
0 0.0175293 0.752083 0.0328125 0.0819444
1 0.15332 0.34158 0.0308594 0.0432292
0 0.0588867 0.246007 0.0474609 0.0746528
1 0.534766 0.112847 0.0140625 0.0357639
0 0.0230225 0.0902561 0.0458496 0.0781684
0 0.0273438 0.466667 0.0544922 0.105556
0 0.525781 0.113976 0.0203125 0.0354167
1 0.105664 0.242361 0.0140625 0.0256944
1 0.0834961 0.00581597 0.0119141 0.0116319
1 0.144141 0.331944 0.0263672 0.0513889
1 0.036377 0.0788194 0.0208008 0.0315972
0 0.526953 0.246528 0.04375 0.0854167
0 0.939062 0.352083 0.115625 0.109722
0 0.913281 0.122396 0.117188 0.0934028
0 0.445312 0.451389 0.0484375 0.101389
0 0.247266 0.936111 0.0765625 0.127778
0 0.441406 0.595833 0.0609375 0.13125
0 0.404687 0.561111 0.0484375 0.106944
0 0.848437 0.403472 0.06875 0.0694444
0 0.0636719 0.595139 0.0814453 0.0638889
0 0.312305 0.108507 0.0621094 0.0496528
0 0.267188 0.194444 0.0625 0.0520833
0 0.247656 0.241146 0.0648438 0.0513889
0 0.331055 0.0657769 0.0535156 0.0496962
0 0.223438 0.297569 0.075 0.0576389
0 0.434375 0.189236 0.05 0.08125
0 0.414844 0.261111 0.05 0.0791667
0 0.372656 0.0155382 0.0539063 0.0310764
0 0.014209 0.745833 0.0260742 0.0583333
0 0.388965 0.292535 0.0376953 0.0465278
0 0.236328 0.563194 0.0351562 0.0861111
0 0.235547 0.55 0.0335938 0.0597222
0 0.391406 0.298958 0.040625 0.0576389
0 0.299609 0.542361 0.075 0.106944
1 0.142871 0.345833 0.0134766 0.0333333
1 0.146582 0.339236 0.0189453 0.0347222
0 0.286719 0.522569 0.05 0.0673611
1 0.150293 0.334809 0.0136719 0.0262153
0 0.225195 0.648611 0.0339844 0.0680556
0 0.243164 0.568056 0.0480469 0.0958333
1 0.40625 0.854167 0.0125 0.0222222
0 0.394141 0.308681 0.046875 0.075
0 0.317383 0.554514 0.0425781 0.0805556
0 0.308984 0.548958 0.0640625 0.0930556
1 0.185156 0.220833 0.0109375 0.025
1 0.145117 0.347569 0.0162109 0.04375
0 0.801562 0.0178385 0.05 0.0355035
0 0.0253418 0.830556 0.0235352 0.0361111
0 0.12832 0.143403 0.185156 0.281597
1 0.416406 0.857639 0.0171875 0.025
0 0.279687 0.514583 0.034375 0.0569444
1 0.439844 0.882639 0.009375 0.0208333
0 0.147266 0.341319 0.0214844 0.0381944
0 0.276172 0.513194 0.0296875 0.0486111
1 0.0256714 0.830556 0.0220947 0.0361111
0 0.0147705 0.759028 0.027002 0.0736111
1 0.24707 0.936111 0.0769531 0.127778
0 0.250391 0.571875 0.05 0.107639
0 0.124219 0.0454861 0.0576172 0.0894097
0 0.0141846 0.765278 0.0268066 0.102778
0 0.381641 0.0138021 0.0414063 0.0276042
0 0.286328 0.5125 0.04375 0.0625
0 0.142871 0.345833 0.0134766 0.0333333
1 0.276172 0.513194 0.0296875 0.0486111
0 0.246094 0.554167 0.05 0.0680556
0 0.323828 0.572917 0.0289063 0.0430556
0 0.27793 0.619444 0.0480469 0.0444444
0 0.317578 0.574306 0.04375 0.0770833
0 0.574219 0.0038303 0.0242187 0.00766059
0 0.150293 0.334809 0.0136719 0.0262153
1 0.224805 0.647917 0.0320312 0.0652778
1 0.00439453 0.444097 0.00839844 0.025
1 0.185937 0.23125 0.0140625 0.0430556
0 0.235547 0.615972 0.0453125 0.118056
0 0.385254 0.286806 0.0294922 0.0506944
1 0.371875 0.015408 0.0554687 0.030816
1 0.411328 0.855556 0.0234375 0.0277778
0 0.244531 0.645139 0.0644531 0.0722222
1 0.407813 0.863889 0.015625 0.0333333
0 0.261719 0.601389 0.0539063 0.0666667
1 0.267383 0.194097 0.0628906 0.0506944
0 0.32168 0.580903 0.0371094 0.0597222
1 0.331445 0.0657118 0.0535156 0.0496528
0 0.574219 0.00564236 0.0234375 0.0112847
1 0.388965 0.292535 0.0376953 0.0465278
1 0.869531 0.884722 0.0125 0.0166667
1 0.247656 0.241319 0.0648438 0.0513889
0 0.245312 0.616667 0.0625 0.138889
0 0.232422 0.660417 0.0460938 0.0916667
0 0.195508 0.0802951 0.0855469 0.16059
1 0.183984 0.955556 0.0167969 0.0277778
1 0.127148 0.228472 0.0113281 0.0229167
1 0.434375 0.189236 0.05 0.08125
0 0.278711 0.609722 0.0496094 0.0604167
1 0.414844 0.262153 0.0515625 0.0798611
0 0.311719 0.578472 0.0515625 0.0875
1 0.54375 0.148785 0.0046875 0.0229167
1 0.223047 0.297569 0.0734375 0.0576389
0 0.298047 0.565278 0.0730469 0.138889
1 0.0141357 0.745833 0.0262207 0.0583333
1 0.526563 0.246528 0.04375 0.0850694
0 0.0249756 0.848611 0.0266113 0.075
0 0.40625 0.291493 0.0625 0.0822917
0 0.439844 0.882639 0.009375 0.0208333
1 0.144043 0.35625 0.0181641 0.0527778
0 0.0791016 0.213932 0.0857422 0.149219
0 0.0353394 0.394444 0.0689697 0.10625
0 0.292188 0.595833 0.0695312 0.0791667
1 0.408594 0.844444 0.015625 0.0375
0 0.127148 0.228472 0.0113281 0.0229167
0 0.403906 0.287153 0.059375 0.0576389
1 0.311914 0.108941 0.0617188 0.0503472
1 0.267188 0.866667 0.0113281 0.0263889
0 0.329883 0.570833 0.0398437 0.0694444
1 0.445703 0.451736 0.0484375 0.103472
1 0.441406 0.595833 0.0609375 0.13125
1 0.939062 0.353472 0.117188 0.110417
0 0.391309 0.321875 0.0423828 0.102083
1 0.0835937 0.00915799 0.0148437 0.018316
0 0.30957 0.529167 0.0792969 0.0958333
0 0.296484 0.511458 0.059375 0.0701389
0 0.185156 0.220833 0.0109375 0.025
1 0.913281 0.121962 0.117188 0.0925347
1 0.0847656 0.0138021 0.0148437 0.0276042
0 0.00439453 0.444097 0.00839844 0.025
0 0.325586 0.554861 0.0519531 0.0888889
1 0.855469 0.0315104 0.015625 0.0375
0 0.402344 0.315972 0.0609375 0.0833333
0 0.985937 0.0152995 0.028125 0.030599
1 0.0635254 0.594444 0.0807617 0.0638889
1 0.144922 0.326389 0.0222656 0.0402778
0 0.281641 0.628819 0.0578125 0.0569444
0 0.788281 0.0223524 0.0625 0.0434896
1 0.236133 0.559028 0.0347656 0.0777778
1 0.388281 0.882639 0.0109375 0.0263889
0 0.40625 0.854167 0.0125 0.0222222
0 0.145117 0.347569 0.0162109 0.04375
0 0.00561523 0.0160482 0.0108398 0.0304036
1 0.404687 0.561458 0.0484375 0.10625
0 0.79707 0.038151 0.0621094 0.0709201
0 0.866406 0.881944 0.01875 0.0194444
1 0.126563 0.318229 0.0167969 0.0260417
0 0.201562 0.747222 0.0160156 0.0486111
1 0.00561523 0.0160482 0.0108398 0.0304036
1 0.12373 0.31875 0.0146484 0.0243056
0 0.233594 0.573611 0.0375 0.0902778
0 0.869531 0.884722 0.0125 0.0166667
0 0.020752 0.863889 0.0342773 0.1
0 0.0268677 0.4 0.0507568 0.0909722
0 0.221875 0.660417 0.0382813 0.0875
1 0.139453 0.345833 0.0212891 0.0375
0 0.274023 0.633333 0.0519531 0.0576389
1 0.0875977 0.0230903 0.0177734 0.0447917
1 0.296094 0.536111 0.0695312 0.0944444
1 0.284375 0.519097 0.0445312 0.0604167
1 0.577344 0.163194 0.009375 0.0184028
0 0.526563 0.246875 0.04375 0.0854167
0 0.444531 0.452083 0.0507812 0.102778
0 0.247266 0.936111 0.078125 0.125
0 0.441016 0.595833 0.0625 0.133333
0 0.403125 0.561806 0.05 0.105556
0 0.312305 0.109201 0.0632813 0.0508681
0 0.0634277 0.595486 0.0817383 0.0666667
0 0.9375 0.350347 0.1125 0.10625
0 0.331055 0.0657118 0.0546875 0.05
0 0.247656 0.242014 0.0640625 0.0534722
0 0.914062 0.121875 0.115625 0.0927083
0 0.223438 0.297743 0.0742188 0.0572917
0 0.267578 0.194444 0.0625 0.0520833
0 0.847656 0.403472 0.0671875 0.0694444
0 0.435937 0.195139 0.053125 0.0916667
0 0.416406 0.263542 0.053125 0.0840278
0 0.371289 0.015842 0.0582031 0.031684
0 0.245703 0.575 0.053125 0.109722
0 0.299609 0.542361 0.0773437 0.106944
0 0.0141846 0.748611 0.0260254 0.0611111
0 0.391406 0.296528 0.0429688 0.0569444
0 0.392578 0.309201 0.0453125 0.0802083
1 0.143555 0.346528 0.0152344 0.0319444
1 0.146484 0.342361 0.0203125 0.0361111
0 0.22793 0.661806 0.0425781 0.0916667
1 0.407031 0.858333 0.0132813 0.0277778
1 0.149805 0.335069 0.0160156 0.0270833
0 0.399121 0.303993 0.0580078 0.0822917
0 0.0253052 0.830556 0.023999 0.0375
0 0.146875 0.341667 0.021875 0.0375
0 0.143555 0.346528 0.0152344 0.0319444
0 0.397266 0.319097 0.05 0.0951389
0 0.801562 0.0187066 0.053125 0.0374132
1 0.0252441 0.829861 0.0234375 0.0361111
0 0.365234 0.0142361 0.0421875 0.0284722
1 0.542969 0.148915 0.00625 0.0230035
1 0.441406 0.884722 0.009375 0.0194444
0 0.407031 0.858333 0.0132813 0.0277778
0 0.149805 0.335069 0.0160156 0.0270833
1 0.185547 0.219444 0.0101562 0.025
0 0.0240479 0.846528 0.0282715 0.0694444
1 0.187109 0.224826 0.0125 0.0333333
1 0.127734 0.230903 0.0128906 0.0256944
0 0.132031 0.0459635 0.0757812 0.0914062
1 0.411719 0.859028 0.0203125 0.0291667
0 0.223438 0.652083 0.0296875 0.0736111
0 0.365234 0.643403 0.0140625 0.05
1 0.183203 0.955556 0.015625 0.0222222
1 0.223438 0.652083 0.0296875 0.0736111
1 0.228711 0.656944 0.0371094 0.0847222
0 0.366992 0.636806 0.0113281 0.03125
1 0.124023 0.237674 0.0164062 0.0329861
0 0.316211 0.560417 0.0429688 0.0652778
0 0.257422 0.59375 0.084375 0.147222
0 0.0931641 0.205512 0.115234 0.169531
0 0.251172 0.657639 0.0828125 0.126389
1 0.407422 0.8625 0.015625 0.0361111
1 0.328906 0.573958 0.0167969 0.0333333
0 0.407422 0.8625 0.015625 0.0361111
0 0.0209961 0.859028 0.0322266 0.0833333
0 0.192188 0.227778 0.0242187 0.0402778
0 0.0334839 0.860417 0.0367432 0.0805556
1 0.99375 0.357639 0.009375 0.0236111
1 0.245312 0.574306 0.0515625 0.108333
1 0.344141 0.686806 0.00859375 0.0208333
0 0.8 0.03125 0.059375 0.0609375
1 0.126367 0.235764 0.015625 0.0319444
0 0.194531 0.235069 0.021875 0.0402778
0 0.223242 0.654861 0.0390625 0.0805556
1 0.440625 0.885417 0.0109375 0.0263889
0 0.589063 0.0169705 0.05625 0.0334201
0 0.124023 0.237674 0.0164062 0.0329861
1 0.371289 0.0157335 0.0574219 0.031467
0 0.126367 0.235764 0.015625 0.0319444
0 0.384375 0.293403 0.0328125 0.0472222
1 0.247266 0.936111 0.078125 0.125
0 0.127734 0.230903 0.0128906 0.0256944
0 0.280859 0.621181 0.053125 0.0576389
0 0.388281 0.290625 0.0359375 0.05625
0 0.328906 0.573958 0.0167969 0.0333333
1 0.391309 0.296181 0.0423828 0.05625
0 0.282227 0.589236 0.0835937 0.153472
0 0.0157959 0.7625 0.0243652 0.0694444
0 0.0487793 0.101042 0.0969727 0.202083
0 0.284375 0.538889 0.0460938 0.1
0 0.247656 0.658681 0.0625 0.0923611
0 0.245312 0.677951 0.0695312 0.116319
0 0.326367 0.572569 0.025 0.0451389
1 0.194531 0.235069 0.021875 0.0402778
1 0.14668 0.350694 0.0230469 0.0472222
0 0.197266 0.2375 0.0207031 0.0385417
0 0.317187 0.751389 0.0117188 0.0263889
1 0.251953 0.128819 0.0101562 0.0236111
0 0.0795898 0.212326 0.0876953 0.150694
1 0.192188 0.227778 0.0242187 0.0402778
0 0.187109 0.224826 0.0125 0.0333333
0 0.202295 0.0838542 0.10166 0.162847
1 0.123047 0.319792 0.0125 0.0243056
1 0.413281 0.855556 0.0234375 0.0305556
1 0.145898 0.328385 0.0207031 0.0418403
1 0.488281 0.7375 0.0078125 0.025
0 0.00891113 0.0158746 0.017334 0.0310981
0 0.185547 0.219444 0.0101562 0.025
0 0.202539 0.746528 0.0164062 0.0416667
0 0.366016 0.652083 0.0117188 0.0569444
0 0.99375 0.357639 0.009375 0.0236111
0 0.344141 0.686806 0.00859375 0.0208333
1 0.869531 0.886111 0.0125 0.0166667
1 0.848437 0.403472 0.065625 0.0701389
0 0.0523437 0.153819 0.0941406 0.152778
1 0.3 0.542361 0.0773437 0.108333
0 0.10332 0.178472 0.198437 0.35625
0 0.6875 0.0342014 0.0140625 0.0199653
0 0.0191406 0.843056 0.0349609 0.0666667
1 0.489844 0.731944 0.00859375 0.0166667
1 0.415625 0.263542 0.053125 0.0836806
0 0.411719 0.859028 0.0203125 0.0291667
1 0.247266 0.24184 0.0632813 0.0538194
0 0.29375 0.615972 0.0742188 0.075
1 0.0850586 0.0151476 0.0150391 0.0302951
0 0.354492 0.658333 0.0378906 0.0763889
0 0.695312 0.496181 0.10625 0.172222
1 0.387109 0.881944 0.009375 0.0277778
1 0.384375 0.293403 0.0328125 0.0472222
0 0.101562 0.252778 0.203125 0.505556
1 0.326367 0.572569 0.025 0.0451389
1 0.435547 0.194271 0.053125 0.0899306
1 0.00891113 0.0158746 0.017334 0.0310981
1 0.197266 0.2375 0.0207031 0.0385417
1 0.366992 0.636806 0.0113281 0.03125
0 0.0487305 0.840972 0.0619141 0.0555556
1 0.0146729 0.748611 0.0253418 0.0611111
0 0.324023 0.582292 0.0300781 0.0513889
0 0.0560059 0.872222 0.0610352 0.0847222
1 0.938281 0.350781 0.115625 0.105382
0 0.403125 0.986111 0.0304688 0.0277778
1 0.365234 0.0142361 0.0421875 0.0284722
0 0.0560547 0.147613 0.112109 0.292274
0 0.0135498 0.763889 0.0254395 0.0958333
1 0.149219 0.326042 0.01875 0.0381944
0 0.100171 0.281771 0.0715332 0.133681
0 0.653125 0.496181 0.0679687 0.160417
0 0.268945 0.623611 0.0328125 0.0527778
0 0.230469 0.649306 0.053125 0.106944
0 0.0748535 0.328125 0.135059 0.283333
0 0.295312 0.577083 0.078125 0.1375
1 0.108789 0.363889 0.015625 0.0263889
1 0.152539 0.339931 0.0230469 0.0354167
0 0.278516 0.646181 0.121094 0.18125
0 0.792383 0.0234809 0.0621094 0.0452257
1 0.126563 0.319792 0.0160156 0.025
0 0.440625 0.885417 0.0109375 0.0263889
0 0.285742 0.63125 0.0621094 0.0638889
0 0.0178223 0.788194 0.0265625 0.0819444
1 0.3125 0.109375 0.0632813 0.0506944
1 0.331445 0.0653646 0.0558594 0.0496528
0 0.386328 0.889583 0.0125 0.0222222
1 0.268164 0.194792 0.0636719 0.0527778
0 0.796875 0.050651 0.0625 0.0681424
1 0.177393 0.805556 0.0139648 0.025
0 0.0188965 0.833333 0.034082 0.05
1 0.186328 0.954167 0.021875 0.0305556
0 0.246875 0.935417 0.0789063 0.126389
0 0.526953 0.247049 0.0445312 0.0857639
0 0.914062 0.121788 0.117188 0.0925347
0 0.9375 0.35 0.1125 0.104167
0 0.444531 0.452083 0.05 0.102778
0 0.441406 0.596528 0.0617188 0.13125
0 0.403516 0.561806 0.0507812 0.105556
0 0.33125 0.0652561 0.0539063 0.0479601
0 0.312109 0.109201 0.0625 0.0489583
0 0.846875 0.402778 0.06875 0.0680556
0 0.247656 0.240625 0.0640625 0.0506944
0 0.223438 0.297917 0.0742188 0.05625
0 0.0637207 0.594444 0.0819336 0.0652778
0 0.267578 0.194097 0.0625 0.0506944
0 0.434375 0.192014 0.05 0.0854167
0 0.414844 0.263368 0.05 0.0788194
0 0.372266 0.0156684 0.05625 0.0305556
0 0.243164 0.574306 0.0496094 0.109722
0 0.0145508 0.746528 0.025293 0.0611111
0 0.389062 0.291667 0.0359375 0.0465278
0 0.286719 0.520139 0.0503906 0.0638889
0 0.299414 0.542361 0.0769531 0.108333
0 0.237109 0.556944 0.0359375 0.075
1 0.142773 0.347917 0.0132813 0.0291667
1 0.150977 0.334635 0.0140625 0.0265625
1 0.146875 0.336111 0.0162109 0.0284722
1 0.407031 0.858333 0.0125 0.0277778
0 0.224414 0.650694 0.0355469 0.0708333
0 0.0234375 0.848611 0.0295898 0.0777778
0 0.392578 0.307813 0.04375 0.0774306
1 0.185156 0.219965 0.0117188 0.0246528
0 0.0248291 0.834722 0.0250488 0.0472222
0 0.225391 0.659028 0.0414063 0.0888889
0 0.142773 0.347917 0.0132813 0.0291667
1 0.147852 0.341319 0.0203125 0.0368056
0 0.0217285 0.859722 0.0332031 0.0972222
0 0.407031 0.858333 0.0125 0.0277778
0 0.316211 0.564583 0.0433594 0.0625
0 0.146875 0.336111 0.0162109 0.0284722
0 0.150977 0.334635 0.0140625 0.0265625
0 0.0276245 0.856944 0.0326416 0.0916667
0 0.315625 0.55 0.046875 0.0868056
1 0.543359 0.149132 0.00625 0.0222222
0 0.286914 0.585069 0.05625 0.114583
1 0.0252075 0.832639 0.0236084 0.0416667
0 0.279297 0.621181 0.0492188 0.0458333
0 0.803125 0.0197917 0.05 0.0395833
1 0.127734 0.228125 0.0117188 0.0236111
1 0.183398 0.958333 0.0140625 0.0166667
1 0.386719 0.886111 0.009375 0.0222222
0 0.0158203 0.761111 0.0238281 0.0722222
0 0.231641 0.663889 0.0523437 0.0958333
1 0.407813 0.863889 0.0140625 0.0347222
0 0.38125 0.0152344 0.0421875 0.0276042
0 0.0148926 0.768056 0.0265625 0.109722
0 0.147852 0.341319 0.0203125 0.0368056
1 0.223047 0.650694 0.034375 0.0722222
0 0.280078 0.540278 0.0390625 0.0805556
1 0.389062 0.291667 0.0359375 0.0465278
1 0.189063 0.224306 0.0199219 0.0354167
1 0.187109 0.230556 0.0164062 0.0416667
0 0.235547 0.545833 0.0324219 0.0527778
0 0.0200439 0.840278 0.0343262 0.0611111
0 0.28125 0.515278 0.0390625 0.0597222
0 0.299023 0.573611 0.0785156 0.135417
0 0.382031 0.291146 0.028125 0.0430556
0 0.126563 0.236979 0.0144531 0.0302083
0 0.286523 0.603472 0.0597656 0.0756944
0 0.253711 0.578472 0.071875 0.123611
0 0.127734 0.228125 0.0117188 0.0236111
1 0.126563 0.236979 0.0144531 0.0302083
0 0.0191895 0.794444 0.0295898 0.111111
1 0.441406 0.884722 0.00859375 0.0194444
0 0.0221191 0.8875 0.0371094 0.141667
1 0.995313 0.358681 0.009375 0.0277778
0 0.316992 0.751389 0.00976562 0.025
1 0.408594 0.834722 0.0109375 0.0152778
0 0.185547 0.220833 0.0109375 0.0277778
1 0.122656 0.319965 0.0113281 0.0260417
1 0.0236816 0.843056 0.028418 0.0625
0 0.385938 0.890278 0.0109375 0.0194444
1 0.124219 0.23125 0.0140625 0.0270833
1 0.385938 0.890278 0.0109375 0.0194444
0 0.308594 0.531597 0.0742188 0.100694
0 0.297266 0.516667 0.0679687 0.0680556
1 0.452734 0.7125 0.009375 0.0166667
0 0.189063 0.224306 0.0199219 0.0354167
0 0.109766 0.364236 0.0148437 0.0263889
0 0.543359 0.149132 0.00625 0.0222222
0 0.245898 0.5625 0.05 0.0833333
0 0.477344 0.932639 0.1 0.134722
1 0.327344 0.575 0.0203125 0.0381944
1 0.372266 0.0159722 0.05625 0.0310764
1 0.343359 0.688194 0.0078125 0.0166667
0 0.327344 0.575 0.0203125 0.0381944
0 0.0318359 0.891667 0.0446289 0.1375
0 0.124219 0.23125 0.0140625 0.0270833
0 0.452734 0.7125 0.009375 0.0166667
1 0.410937 0.858333 0.0203125 0.0291667
0 0.122852 0.240625 0.0154297 0.0298611
1 0.147852 0.325694 0.0179687 0.0375
1 0.846875 0.402778 0.06875 0.06875
0 0.20293 0.746528 0.0164062 0.0458333
0 0.386719 0.886111 0.009375 0.0222222
1 0.0144775 0.745139 0.0251465 0.0611111
0 0.127246 0.319618 0.0154297 0.0253472
1 0.136914 0.337587 0.0193359 0.0428819
1 0.122852 0.240625 0.0154297 0.0298611
0 0.315625 0.583681 0.0460938 0.0694444
0 0.108496 0.367361 0.0154297 0.0305556
1 0.367773 0.63125 0.009375 0.0208333
0 0.394531 0.324306 0.0507812 0.10625
1 0.285547 0.519792 0.0484375 0.0631944
1 0.14834 0.350347 0.0132813 0.0381944
0 0.298438 0.586458 0.0734375 0.0951389
1 0.434375 0.191493 0.05 0.0847222
1 0.127246 0.319618 0.0154297 0.0253472
0 0.147852 0.325694 0.0179687 0.0375
0 0.22207 0.671181 0.0433594 0.103472
0 0.187109 0.230556 0.0164062 0.0416667
1 0.415625 0.263542 0.046875 0.0763889
0 0.318359 0.745833 0.0125 0.0305556
0 0.113477 0.361806 0.0148437 0.0263889
1 0.138281 0.348611 0.0179687 0.0347222
0 0.0244141 0.820833 0.0306641 0.0611111
1 0.0046875 0.440972 0.00927734 0.03125
0 0.262695 0.636806 0.0519531 0.0680556
0 0.366406 0.636806 0.009375 0.0236111
1 0.237109 0.556944 0.0359375 0.075
0 0.490625 0.934722 0.0734375 0.127778
1 0.153223 0.336198 0.0224609 0.0303819
1 0.526563 0.247222 0.0453125 0.0854167
0 0.0338379 0.861806 0.0428711 0.0875
1 0.248437 0.552083 0.0195312 0.0527778
0 0.122656 0.319965 0.0113281 0.0260417
0 0.138281 0.348611 0.0179687 0.0347222
1 0.187109 0.954167 0.01875 0.0277778
1 0.193555 0.231944 0.0226563 0.0395833
0 0.367773 0.63125 0.009375 0.0208333
1 0.577734 0.163715 0.00859375 0.0190972
1 0.439453 0.881944 0.0078125 0.0180556
1 0.246875 0.936111 0.0789063 0.127778
0 0.305469 0.6 0.0632813 0.0861111
0 0.407813 0.863889 0.0140625 0.0347222
0 0.304297 0.780556 0.0078125 0.0222222
0 0.392188 0.322917 0.0421875 0.0840278
1 0.252344 0.128993 0.009375 0.0222222
0 0.323047 0.583333 0.0320312 0.0583333
0 0.343359 0.688194 0.0078125 0.0166667
1 0.938281 0.350694 0.117188 0.104167
1 0.444531 0.451736 0.05 0.102778
1 0.403906 0.561111 0.05 0.104861
0 0.0317871 0.847222 0.037207 0.0666667
1 0.365625 0.652083 0.009375 0.0208333
1 0.233984 0.0913194 0.0117188 0.0182292
1 0.410156 0.826389 0.0109375 0.0194444
1 0.382031 0.291146 0.028125 0.0430556
0 0.256641 0.642361 0.0867188 0.120833
0 0.526563 0.246875 0.04375 0.0847222
0 0.246875 0.936111 0.0785156 0.126389
0 0.913281 0.121181 0.115625 0.0923611
0 0.938281 0.351476 0.115625 0.106771
0 0.444531 0.451042 0.05 0.102083
0 0.441406 0.596875 0.0609375 0.132639
0 0.403906 0.561111 0.05 0.105556
0 0.33125 0.0645833 0.0539063 0.0479167
0 0.311914 0.109201 0.0617188 0.0479167
0 0.0635254 0.595139 0.080957 0.0638889
0 0.846875 0.403125 0.06875 0.0708333
0 0.223438 0.29809 0.0734375 0.0552083
0 0.247852 0.240278 0.0636719 0.0506944
0 0.267773 0.193403 0.0617188 0.0513889
0 0.415625 0.262847 0.0515625 0.0791667
0 0.434766 0.190799 0.0507812 0.0836806
0 0.371484 0.0159288 0.0570313 0.0306424
0 0.240234 0.571528 0.04375 0.102083
0 0.0141113 0.747917 0.0260742 0.0625
0 0.389062 0.29375 0.0367187 0.0493056
0 0.28418 0.520833 0.0449219 0.0652778
0 0.224023 0.655556 0.0394531 0.0833333
1 0.407031 0.861111 0.0125 0.0333333
1 0.14248 0.347222 0.0128906 0.0291667
0 0.289062 0.525694 0.0558594 0.075
1 0.150586 0.334375 0.0148437 0.025
0 0.298438 0.538194 0.0742188 0.0972222
1 0.147852 0.335069 0.0183594 0.0263889
0 0.237305 0.554861 0.0367187 0.0680556
0 0.390625 0.306771 0.0421875 0.0732639
0 0.307813 0.543056 0.0632813 0.102778
1 0.407813 0.865278 0.0140625 0.0333333
0 0.0251953 0.832639 0.0240234 0.0402778
1 0.185156 0.220139 0.0109375 0.025
0 0.312109 0.542708 0.104687 0.109028
0 0.0234863 0.845833 0.0293945 0.0694444
0 0.229297 0.660764 0.0484375 0.0923611
0 0.0198486 0.838889 0.0350098 0.0541667
1 0.0254028 0.831944 0.0230225 0.0388889
0 0.316797 0.550694 0.0492188 0.0861111
0 0.319922 0.558333 0.0398437 0.0722222
1 0.148242 0.340191 0.0195312 0.0362847
0 0.0149902 0.761111 0.0249023 0.0694444
0 0.407031 0.861111 0.0125 0.0333333
1 0.421875 0.859722 0.009375 0.0208333
0 0.147852 0.335069 0.0183594 0.0263889
1 0.543359 0.149696 0.00625 0.0221354
1 0.127637 0.228472 0.0115234 0.0229167
0 0.0838135 0.211762 0.0995605 0.151476
1 0.182812 0.956944 0.0148437 0.0194444
1 0.386328 0.886111 0.009375 0.0222222
0 0.141992 0.347222 0.0125 0.0291667
1 0.441406 0.884028 0.009375 0.0194444
0 0.0221436 0.8625 0.0352051 0.102778
0 0.327344 0.565972 0.0320312 0.0576389
0 0.125781 0.235417 0.0154297 0.0298611
0 0.252148 0.569444 0.0621094 0.120833
1 0.122559 0.239931 0.0142578 0.0291667
1 0.00415039 0.440972 0.00830078 0.0263889
0 0.148242 0.340191 0.0195312 0.0362847
0 0.150586 0.334375 0.0148437 0.025
0 0.385938 0.890278 0.0109375 0.0208333
0 0.803125 0.0181424 0.053125 0.0362847
0 0.380469 0.0144965 0.0445312 0.0289931
1 0.233203 0.0923611 0.0101562 0.0184028
1 0.125781 0.235417 0.0154297 0.0298611
0 0.0223877 0.858333 0.0319824 0.0791667
0 0.127637 0.228472 0.0115234 0.0229167
0 0.240234 0.657639 0.065625 0.0930556
0 0.0136719 0.763889 0.0263672 0.102778
1 0.385938 0.890278 0.0109375 0.0208333
0 0.122559 0.239931 0.0142578 0.0291667
0 0.295703 0.568056 0.08125 0.141667
0 0.194141 0.230556 0.0242187 0.0416667
0 0.264062 0.565625 0.0796875 0.105556
0 0.378906 0.293403 0.0226563 0.0434028
1 0.186719 0.23125 0.01875 0.0423611
0 0.451953 0.7125 0.0109375 0.0166667
1 0.99375 0.357639 0.009375 0.025
0 0.332812 0.573611 0.0289063 0.0444444
0 0.0172852 0.7875 0.028125 0.102778
1 0.388965 0.296528 0.0361328 0.0527778
0 0.407813 0.865278 0.0140625 0.0333333
1 0.329297 0.575694 0.01875 0.0361111
0 0.329297 0.575694 0.01875 0.0361111
1 0.409375 0.832639 0.0109375 0.0180556
0 0.386328 0.886111 0.009375 0.0222222
0 0.283203 0.616319 0.0558594 0.0576389
0 0.332812 0.539583 0.146875 0.106944
0 0.327734 0.581944 0.0257812 0.0527778
0 0.185156 0.220139 0.0109375 0.025
1 0.252539 0.128299 0.00859375 0.0211806
0 0.330469 0.556944 0.0398437 0.0777778
1 0.423438 0.854167 0.0132813 0.025
1 0.451953 0.7125 0.0109375 0.0166667
0 0.330078 0.543056 0.0515625 0.0972222
0 0.321484 0.582639 0.0382813 0.0659722
0 0.39375 0.324219 0.0484375 0.0987847
0 0.421875 0.859722 0.009375 0.0208333
0 0.186719 0.23125 0.01875 0.0423611
1 0.426562 0.852778 0.0109375 0.0236111
0 0.00415039 0.440972 0.00830078 0.0263889
0 0.109277 0.164974 0.146289 0.246441
0 0.279687 0.601389 0.0570313 0.0777778
0 0.788281 0.023112 0.0765625 0.046224
0 0.294922 0.606597 0.0734375 0.0826389
0 0.389941 0.334809 0.0451172 0.0859375
0 0.99375 0.357639 0.009375 0.025
1 0.223047 0.655556 0.0375 0.0805556
0 0.306445 0.5875 0.0636719 0.0916667
1 0.124316 0.319792 0.0134766 0.0229167
1 0.156055 0.336806 0.0175781 0.0277778
0 0.580859 0.0149197 0.0375 0.0274523
1 0.149512 0.325347 0.0177734 0.0368056
0 0.0237305 0.819444 0.0327148 0.0638889
0 0.401953 0.984722 0.0320312 0.0277778
1 0.20625 0.160764 0.00859375 0.0184028
1 0.535156 0.116406 0.0078125 0.0269097
0 0.273828 0.618056 0.040625 0.0416667
1 0.0244141 0.845833 0.0269531 0.0666667
1 0.284375 0.519444 0.0460938 0.0625
0 0.801562 0.0139323 0.046875 0.0278646
0 0.316797 0.75 0.009375 0.0277778
0 0.246875 0.936111 0.078125 0.127778
0 0.526563 0.246528 0.04375 0.0847222
0 0.441016 0.597222 0.0617188 0.132639
0 0.444531 0.451389 0.05 0.102778
0 0.403516 0.561806 0.0507812 0.105556
0 0.914062 0.120833 0.115625 0.0934028
0 0.9375 0.351389 0.115625 0.10625
0 0.33125 0.064388 0.0539063 0.0476128
0 0.0634888 0.595139 0.0814209 0.0645833
0 0.311719 0.109722 0.0625 0.0486111
0 0.247852 0.240278 0.0640625 0.0493056
0 0.267578 0.193056 0.0617188 0.05
0 0.223047 0.297569 0.0734375 0.0555556
0 0.846875 0.403819 0.0671875 0.06875
0 0.414453 0.2625 0.0492188 0.0798611
0 0.371875 0.0157227 0.0570313 0.0307075
0 0.435156 0.189583 0.0515625 0.0805556
0 0.238281 0.567361 0.0398437 0.09375
0 0.284766 0.51875 0.0460938 0.0597222
0 0.0141113 0.743056 0.0257812 0.0555556
0 0.385938 0.291493 0.03125 0.0434028
0 0.223828 0.654861 0.0398437 0.0805556
1 0.142383 0.348611 0.0125 0.0291667
1 0.150586 0.334028 0.0146484 0.025
1 0.406641 0.859722 0.0132813 0.0333333
0 0.389844 0.296701 0.0398437 0.0545139
0 0.148145 0.334722 0.0181641 0.0263889
1 0.183594 0.956944 0.0148437 0.0194444
1 0.186328 0.220139 0.0109375 0.0243056
0 0.801562 0.0196289 0.0578125 0.0392144
0 0.0257812 0.830556 0.0230469 0.0388889
1 0.148242 0.340972 0.0195312 0.0361111
0 0.301172 0.540972 0.0792969 0.101389
0 0.312109 0.547222 0.0554687 0.0944444
1 0.0260254 0.830556 0.0219727 0.0361111
0 0.406641 0.859722 0.0132813 0.0333333
0 0.141797 0.348611 0.0125 0.0291667
0 0.0246094 0.844444 0.0266602 0.0666667
0 0.125781 0.235243 0.0164062 0.0295139
1 0.127148 0.228472 0.0128906 0.0236111
0 0.148242 0.340972 0.0195312 0.0361111
0 0.123438 0.238194 0.0160156 0.0291667
0 0.320312 0.566667 0.0398437 0.0527778
0 0.792383 0.025217 0.0714844 0.050434
0 0.127148 0.228472 0.0128906 0.0236111
1 0.18457 0.955556 0.0167969 0.025
0 0.242188 0.576389 0.0390625 0.101389
1 0.233594 0.0913194 0.0105469 0.01875
0 0.321484 0.556944 0.0425781 0.0680556
0 0.798437 0.0325521 0.0671875 0.0635417
1 0.542969 0.148611 0.0078125 0.021875
1 0.411328 0.859722 0.0203125 0.0333333
0 0.225586 0.668056 0.0441406 0.104167
1 0.125781 0.235243 0.0164062 0.0295139
1 0.284766 0.51875 0.0464844 0.0597222
0 0.332031 0.572222 0.025 0.0416667
1 0.123438 0.238194 0.0160156 0.0291667
0 0.290234 0.547222 0.0625 0.104861
1 0.188281 0.222222 0.0171875 0.0305556
0 0.294727 0.573611 0.0890625 0.144444
1 0.222656 0.652083 0.0367187 0.0763889
1 0.96875 0.137847 0.0109375 0.028125
0 0.385938 0.890278 0.0125 0.0222222
0 0.251953 0.565625 0.0632813 0.118056
0 0.304102 0.779167 0.00820312 0.0236111
1 0.155078 0.336458 0.0195312 0.0284722
1 0.386328 0.290625 0.03125 0.04375
0 0.451953 0.710417 0.0109375 0.0166667
0 0.0779297 0.214887 0.0867188 0.145226
0 0.0135498 0.725 0.0240723 0.0666667
0 0.0198975 0.830556 0.0336426 0.0527778
0 0.269141 0.552778 0.0457031 0.0958333
1 0.386719 0.883333 0.0109375 0.0222222
0 0.803125 0.0461806 0.0875 0.0907986
1 0.441406 0.884028 0.009375 0.0208333
0 0.867188 0.881944 0.01875 0.0166667
0 0.0146729 0.770139 0.0277832 0.116667
0 0.304102 0.589583 0.0703125 0.0972222
0 0.147461 0.325608 0.0201172 0.0362847
0 0.0103516 0.0152778 0.0205078 0.0305556
0 0.786719 0.0309136 0.0859375 0.0513672
1 0.00424805 0.440972 0.00839844 0.025
1 0.147949 0.35 0.0144531 0.0375
1 0.99375 0.356944 0.009375 0.025
0 0.329883 0.575 0.0191406 0.0347222
0 0.0227295 0.859028 0.0339355 0.1
0 0.239453 0.654861 0.0640625 0.0847222
0 0.0158203 0.772222 0.0237305 0.0611111
0 0.246875 0.936111 0.078125 0.127778
0 0.526563 0.246701 0.0445312 0.0850694
0 0.914062 0.121267 0.115625 0.0918403
0 0.444531 0.451389 0.0507812 0.102778
0 0.441016 0.597569 0.0617188 0.134028
0 0.9375 0.351302 0.115625 0.105729
0 0.403906 0.561111 0.05 0.105556
0 0.331445 0.0643229 0.0535156 0.0470486
0 0.0632324 0.595139 0.0811523 0.0638889
0 0.311719 0.108941 0.0617188 0.0491319
0 0.267578 0.192708 0.0617188 0.05
0 0.247656 0.239931 0.0640625 0.05
0 0.846875 0.402778 0.065625 0.0680556
0 0.223047 0.297743 0.0734375 0.0559028
0 0.371484 0.0156684 0.0578125 0.0313368
0 0.414844 0.263194 0.0484375 0.0784722
0 0.435156 0.188542 0.0515625 0.0784722
0 0.240234 0.569792 0.0421875 0.0986111
0 0.28457 0.520139 0.0464844 0.0618056
0 0.0141357 0.74375 0.026123 0.0583333
0 0.385938 0.290799 0.03125 0.0451389
0 0.222852 0.650694 0.0382813 0.0736111
1 0.142285 0.347917 0.0130859 0.0284722
1 0.407031 0.861111 0.0132813 0.0361111
1 0.150781 0.333681 0.0148437 0.0243056
0 0.0250977 0.831944 0.0244141 0.0388889
0 0.389844 0.296007 0.0398437 0.0520833
0 0.803125 0.0196615 0.053125 0.0391493
0 0.0230713 0.845833 0.029541 0.0694444
0 0.0199707 0.836806 0.0347656 0.0527778
1 0.186133 0.221875 0.0113281 0.0277778
1 0.148047 0.340625 0.0203125 0.0361111
1 0.183984 0.956944 0.0140625 0.0194444
1 0.421484 0.860417 0.0101562 0.0208333
0 0.148633 0.333681 0.0183594 0.0256944
0 0.298828 0.540625 0.0757812 0.0993056
0 0.388379 0.306597 0.0373047 0.0708333
0 0.141797 0.347917 0.0128906 0.0291667
1 0.409766 0.832639 0.0109375 0.0208333
1 0.127148 0.227778 0.0125 0.0229167
0 0.316797 0.559722 0.0484375 0.0722222
0 0.0186768 0.851389 0.0334473 0.0777778
0 0.12627 0.23559 0.0148437 0.0291667
1 0.440625 0.883333 0.009375 0.0208333
1 0.0250977 0.831944 0.0244141 0.0388889
1 0.543359 0.149306 0.00703125 0.0215278
0 0.331836 0.573958 0.0234375 0.0361111
1 0.386719 0.886111 0.009375 0.0222222
0 0.407031 0.861111 0.0132813 0.0361111
1 0.155176 0.336198 0.01875 0.0289931
0 0.123047 0.240451 0.0148437 0.0267361
0 0.325391 0.575347 0.03125 0.0375
1 0.252539 0.128646 0.00898437 0.0208333
0 0.148047 0.340625 0.0203125 0.0361111
0 0.228125 0.660069 0.0492188 0.0881944
1 0.233594 0.0924479 0.0117188 0.0199653
0 0.378516 0.0150391 0.046875 0.0300781
0 0.312695 0.55 0.0664062 0.0888889
0 0.294336 0.525 0.0644531 0.0694444
0 0.0269409 0.858333 0.0336182 0.0805556
0 0.127148 0.227778 0.0125 0.0229167
1 0.422656 0.854861 0.0125 0.0277778
0 0.124805 0.231597 0.015625 0.0298611
1 0.330469 0.574306 0.0210938 0.0347222
0 0.0215576 0.861111 0.032959 0.1
0 0.451562 0.7125 0.0109375 0.0166667
0 0.2875 0.5375 0.0578125 0.0833333
1 0.123047 0.240451 0.0148437 0.0267361
1 0.12627 0.23559 0.0148437 0.0291667
1 0.124805 0.231597 0.015625 0.0298611
0 0.385938 0.891667 0.0109375 0.0194444
0 0.0234375 0.819444 0.0324219 0.0583333
1 0.149707 0.325347 0.01875 0.0347222
1 0.385938 0.891667 0.0109375 0.0194444
1 0.385156 0.290625 0.0296875 0.0444444
0 0.328711 0.580903 0.0265625 0.0493056
1 0.426562 0.852778 0.0109375 0.025
1 0.99375 0.356944 0.009375 0.0263889
0 0.329297 0.565625 0.0292969 0.0506944
0 0.795508 0.0222982 0.0652344 0.0437717
1 0.123145 0.318056 0.0119141 0.0208333
1 0.187109 0.954167 0.0179687 0.025
0 0.0140625 0.725694 0.0246094 0.0680556
1 0.186328 0.231597 0.0164062 0.0388889
0 0.0310547 0.8375 0.0349609 0.05
0 0.283398 0.549653 0.0507812 0.100694
0 0.80293 0.0268663 0.0566406 0.0528646
1 0.190625 0.226389 0.0207031 0.0368056
0 0.303906 0.780556 0.0078125 0.0208333
1 0.105664 0.250694 0.0125 0.0270833
0 0.0827881 0.213542 0.0969238 0.142014
1 0.451562 0.7125 0.0109375 0.0166667
1 0.410156 0.829167 0.0109375 0.0222222
0 0.0121338 0.0161024 0.0239746 0.0320312
1 0.14248 0.359028 0.0144531 0.04375
0 0.246875 0.936111 0.0785156 0.127778
0 0.526563 0.246701 0.0453125 0.0847222
0 0.914062 0.121007 0.115625 0.0920139
0 0.444531 0.451042 0.05 0.102778
0 0.441016 0.597569 0.0617188 0.133333
0 0.403906 0.560764 0.05 0.105556
0 0.9375 0.351042 0.115625 0.105556
0 0.331445 0.0644314 0.0535156 0.0468316
0 0.0634277 0.595139 0.0813477 0.0652778
0 0.267969 0.192708 0.0613281 0.05
0 0.311914 0.109375 0.0621094 0.0489583
0 0.223242 0.297569 0.0738281 0.0555556
0 0.247656 0.239931 0.0640625 0.05
0 0.846875 0.402778 0.065625 0.0666667
0 0.371094 0.0155816 0.0585938 0.0311632
0 0.414844 0.261979 0.0484375 0.0788194
0 0.241406 0.571528 0.0445312 0.102778
0 0.435156 0.189583 0.0515625 0.0805556
0 0.284961 0.520833 0.0472656 0.0638889
0 0.222266 0.648264 0.0382813 0.06875
0 0.0140381 0.743056 0.0262207 0.0583333
0 0.385938 0.291319 0.03125 0.0451389
1 0.142383 0.347569 0.0132813 0.0291667
1 0.150684 0.333247 0.0150391 0.0251736
1 0.407031 0.861111 0.0140625 0.0361111
0 0.0237061 0.834722 0.0275879 0.0472222
0 0.0208496 0.847222 0.0337891 0.0722222
0 0.389746 0.296007 0.0392578 0.053125
0 0.803125 0.0194878 0.053125 0.0388889
1 0.186328 0.222569 0.0109375 0.0305556
0 0.301953 0.544444 0.0804688 0.100694
0 0.3125 0.551736 0.0664062 0.0895833
0 0.318359 0.562847 0.046875 0.0638889
1 0.149121 0.340278 0.0179687 0.0361111
0 0.321875 0.572917 0.040625 0.0430556
1 0.183789 0.956944 0.0148437 0.0194444
0 0.328906 0.573611 0.03125 0.0444444
0 0.388965 0.306597 0.0376953 0.0722222
0 0.0234863 0.858333 0.0367187 0.0861111
0 0.149219 0.332986 0.0175781 0.0263889
0 0.329297 0.580556 0.0285156 0.0513889
1 0.148438 0.325694 0.0175781 0.0347222
0 0.330078 0.575347 0.021875 0.0375
0 0.0143555 0.727778 0.0263672 0.0694444
0 0.141797 0.347917 0.0130859 0.0291667
1 0.421094 0.858333 0.0109375 0.0263889
0 0.329297 0.556944 0.0398437 0.0763889
0 0.297656 0.532292 0.071875 0.0861111
1 0.154883 0.335417 0.0189453 0.0298611
0 0.323438 0.581597 0.0390625 0.0569444
1 0.54375 0.149132 0.0078125 0.0211806
1 0.440625 0.881944 0.0101562 0.0222222
0 0.0176758 0.863889 0.0318359 0.108333
0 0.019043 0.893056 0.0380859 0.169444
0 0.795117 0.0232639 0.0660156 0.0461806
0 0.407031 0.861111 0.0140625 0.0361111
1 0.252344 0.128125 0.009375 0.0208333
1 0.186719 0.230903 0.0164062 0.0416667
0 0.316406 0.585069 0.0515625 0.0694444
0 0.0793945 0.214931 0.0886719 0.146528
1 0.330078 0.575347 0.021875 0.0375
1 0.191016 0.227431 0.0210938 0.0402778
1 0.233594 0.0913194 0.0117188 0.0190972
1 0.187305 0.954167 0.0179687 0.025
0 0.235547 0.65 0.0625 0.0847222
1 0.126758 0.229514 0.0136719 0.0284722
1 0.386719 0.884722 0.009375 0.0222222
0 0.333203 0.583333 0.0351562 0.0597222
0 0.0121338 0.0169162 0.0240234 0.033355
1 0.408594 0.838194 0.0125 0.0263889
1 0.418359 0.855556 0.0164062 0.0305556
1 0.138281 0.347917 0.0171875 0.0333333
0 0.0156738 0.768056 0.0267578 0.0694444
1 0.0248047 0.83125 0.0249023 0.0388889
0 0.274609 0.545139 0.0664062 0.0763889
0 0.330859 0.597917 0.0453125 0.0861111
0 0.0131348 0.769444 0.0235352 0.105556
1 0.385547 0.291146 0.0296875 0.0451389
0 0.0885742 0.199479 0.104883 0.172917
0 0.0657715 0.240451 0.0592773 0.0892361
1 0.123047 0.319097 0.0125 0.0229167
0 0.0182373 0.797222 0.030127 0.102778
0 0.125977 0.234896 0.0160156 0.0329861
0 0.0232666 0.819444 0.0343262 0.0638889
1 0.426562 0.854167 0.0109375 0.025
0 0.327344 0.590278 0.040625 0.0625
0 0.526563 0.246701 0.0453125 0.0847222
0 0.246875 0.936111 0.0785156 0.127778
0 0.914062 0.121181 0.115625 0.0916667
0 0.444531 0.451042 0.0507812 0.102778
0 0.440625 0.597222 0.0609375 0.131944
0 0.938281 0.351476 0.115625 0.105382
0 0.331445 0.0644965 0.0535156 0.0465278
0 0.0634277 0.595486 0.0813477 0.0645833
0 0.404297 0.561111 0.0492188 0.105556
0 0.312109 0.109635 0.0617188 0.0487847
0 0.267969 0.192708 0.0613281 0.0493056
0 0.247656 0.239931 0.0640625 0.0493056
0 0.223047 0.297569 0.0734375 0.0555556
0 0.846875 0.402778 0.065625 0.0680556
0 0.371484 0.0156684 0.0578125 0.0309896
0 0.414844 0.262674 0.0484375 0.0795139
0 0.435156 0.190104 0.0515625 0.0822917
0 0.241211 0.570833 0.0441406 0.101389
0 0.285156 0.520833 0.0476562 0.0652778
0 0.0141113 0.742361 0.0261719 0.0597222
0 0.221875 0.647917 0.0367187 0.0680556
0 0.385938 0.291667 0.03125 0.0472222
1 0.142188 0.347569 0.0128906 0.0291667
1 0.150781 0.33342 0.0150391 0.0248264
1 0.407031 0.861111 0.0132813 0.0361111
0 0.0220703 0.836111 0.0301758 0.05
0 0.0202393 0.847222 0.0343262 0.0722222
0 0.0242676 0.831944 0.0254883 0.0388889
0 0.390234 0.296181 0.0390625 0.0548611
1 0.185937 0.222569 0.0109375 0.0305556
0 0.0197266 0.865278 0.0365234 0.108333
0 0.803125 0.0196398 0.053125 0.0392795
0 0.302148 0.543056 0.08125 0.104167
0 0.311523 0.548958 0.0699219 0.0951389
0 0.389062 0.306597 0.0382813 0.0729167
1 0.149609 0.340278 0.0171875 0.0361111
0 0.317187 0.553472 0.0503906 0.0840278
0 0.321484 0.569792 0.0429688 0.0513889
1 0.183594 0.956944 0.0152344 0.0194444
0 0.330664 0.572917 0.0292969 0.0486111
0 0.38125 0.292014 0.0265625 0.04375
1 0.421484 0.859722 0.0101562 0.025
0 0.149414 0.332726 0.0175781 0.0262153
0 0.329688 0.580556 0.028125 0.0527778
1 0.148633 0.325347 0.0183594 0.0340278
0 0.330859 0.576389 0.021875 0.0402778
0 0.330078 0.558333 0.0382813 0.0763889
0 0.0194824 0.894444 0.0389648 0.177778
0 0.014502 0.729167 0.0264648 0.0708333
0 0.141699 0.347917 0.0128906 0.0291667
1 0.187109 0.230382 0.0164062 0.0420139
1 0.543359 0.149653 0.00703125 0.0211806
0 0.329688 0.548611 0.04375 0.0930556
0 0.324219 0.58125 0.0382813 0.0597222
0 0.0164795 0.781944 0.0289551 0.120833
1 0.441406 0.884028 0.009375 0.0194444
1 0.191211 0.227604 0.0210938 0.040625
1 0.186719 0.954167 0.0195312 0.025
0 0.0137695 0.770833 0.0251953 0.116667
0 0.0151855 0.766667 0.0270508 0.0722222
1 0.154687 0.335503 0.0199219 0.0289931
0 0.407031 0.861111 0.0132813 0.0361111
1 0.386719 0.886111 0.0101562 0.0236111
0 0.332812 0.584028 0.0351562 0.0625
0 0.0771484 0.214757 0.0839844 0.143403
0 0.80293 0.0263455 0.0566406 0.0511285
1 0.385547 0.293056 0.0304688 0.0472222
1 0.431641 0.654167 0.0164062 0.0277778
1 0.138086 0.348611 0.0167969 0.0333333
0 0.33125 0.598958 0.046875 0.0895833
1 0.233594 0.0918403 0.0109375 0.0196181
0 0.0116211 0.0168403 0.0228516 0.0331597
0 0.793945 0.0241536 0.0683594 0.0483073
1 0.408594 0.8375 0.0125 0.025
1 0.126465 0.229167 0.0136719 0.0263889
0 0.0224121 0.819444 0.0360352 0.0666667
1 0.123438 0.319792 0.0126953 0.0236111
0 0.316406 0.583333 0.0515625 0.0722222
0 0.390234 0.323611 0.0390625 0.0888889
1 0.251953 0.128472 0.0101562 0.0215278
1 0.419531 0.856944 0.015625 0.0305556
0 0.235547 0.649306 0.0625 0.0847222
0 0.305859 0.579514 0.0742188 0.10625
1 0.330859 0.576389 0.021875 0.0402778
0 0.108301 0.363889 0.0167969 0.0277778
0 0.0152588 0.877778 0.0305176 0.148611
0 0.290625 0.577083 0.0851562 0.132639
0 0.123633 0.237153 0.0181641 0.0333333
0 0.329297 0.589583 0.0441406 0.0680556
0 0.386328 0.891667 0.0117188 0.0194444
1 0.386328 0.891667 0.0117188 0.0194444
0 0.526563 0.246875 0.0445312 0.0847222
0 0.246875 0.936111 0.0785156 0.127778
0 0.914062 0.121094 0.115625 0.0918403
0 0.444531 0.451389 0.0507812 0.102778
0 0.440625 0.597222 0.0609375 0.131944
0 0.938281 0.351389 0.115625 0.105556
0 0.0634766 0.595486 0.0814453 0.0645833
0 0.331445 0.0644097 0.0539063 0.046875
0 0.404297 0.561111 0.0492188 0.105556
0 0.311914 0.109635 0.0621094 0.0487847
0 0.267969 0.192708 0.0609375 0.05
0 0.247656 0.240104 0.0640625 0.0496528
0 0.223047 0.297569 0.0738281 0.0555556
0 0.846875 0.402778 0.065625 0.0680556
0 0.371484 0.015625 0.0578125 0.0310764
0 0.414844 0.262847 0.0484375 0.0791667
0 0.435156 0.190278 0.0515625 0.0826389
0 0.240625 0.570139 0.04375 0.1
0 0.285156 0.520139 0.0476562 0.0625
0 0.0141846 0.741667 0.0260254 0.0611111
0 0.221484 0.647222 0.0359375 0.0666667
0 0.385938 0.292014 0.0320312 0.0472222
1 0.142383 0.347569 0.0132813 0.0291667
1 0.150586 0.332986 0.0152344 0.025
1 0.407031 0.8625 0.0132813 0.0361111
0 0.022998 0.835417 0.0282227 0.0472222
0 0.0206299 0.848611 0.0336426 0.075
0 0.389746 0.296528 0.0392578 0.0548611
1 0.185937 0.222396 0.0109375 0.0302083
0 0.0199463 0.869444 0.036084 0.116667
0 0.803125 0.0197483 0.053125 0.0393229
1 0.149219 0.340191 0.0177734 0.0362847
0 0.388672 0.306597 0.0390625 0.0722222
0 0.300781 0.541667 0.0789063 0.102778
0 0.310156 0.549306 0.071875 0.0944444
1 0.183594 0.956944 0.0160156 0.0194444
0 0.38125 0.292188 0.0265625 0.0434028
0 0.315234 0.55 0.0523437 0.0902778
0 0.0145264 0.729861 0.0265137 0.0708333
0 0.321094 0.567361 0.0429688 0.0541667
0 0.319141 0.559722 0.05 0.0708333
0 0.149316 0.332292 0.0173828 0.0256944
0 0.330664 0.574653 0.0289063 0.0465278
1 0.421094 0.859722 0.0101562 0.025
1 0.148633 0.325781 0.0183594 0.0345486
1 0.186523 0.230208 0.0152344 0.0409722
0 0.141992 0.347569 0.0132813 0.0284722
0 0.330859 0.576389 0.0210938 0.0388889
0 0.0191162 0.894444 0.0382324 0.175
1 0.440625 0.883333 0.0109375 0.0208333
1 0.386719 0.886806 0.009375 0.0236111
1 0.190625 0.227778 0.0203125 0.0402778
1 0.186719 0.954167 0.0203125 0.025
0 0.407031 0.8625 0.0132813 0.0361111
0 0.0134277 0.768056 0.0249023 0.113889
0 0.0160156 0.779167 0.0279297 0.116667
0 0.80293 0.0264323 0.0566406 0.0513021
0 0.319531 0.541319 0.0820312 0.0930556
1 0.54375 0.149479 0.00625 0.0208333
0 0.330273 0.5625 0.0398437 0.0694444
1 0.233203 0.0927951 0.0109375 0.0196181
1 0.126563 0.228299 0.0130859 0.0256944
0 0.324609 0.58125 0.0375 0.0611111
0 0.290625 0.547222 0.0648438 0.102778
1 0.12373 0.319792 0.0130859 0.0243056
0 0.333789 0.584722 0.0339844 0.0625
1 0.138281 0.348611 0.0175781 0.0333333
1 0.154492 0.335069 0.0203125 0.0291667
0 0.0152832 0.76875 0.0272461 0.0722222
1 0.417969 0.856944 0.0171875 0.0305556
0 0.390625 0.322917 0.040625 0.0861111
0 0.793945 0.0239475 0.0683594 0.0477648
1 0.126563 0.319444 0.0160156 0.0243056
0 0.385938 0.891667 0.0109375 0.0194444
0 0.149219 0.340191 0.0177734 0.0362847
0 0.332422 0.598611 0.0445312 0.0888889
1 0.386035 0.292014 0.0310547 0.0465278
1 0.252344 0.128993 0.0101562 0.0220486
1 0.385938 0.891667 0.0109375 0.0194444
0 0.794531 0.204514 0.154687 0.0701389
1 0.408594 0.840278 0.0125 0.0277778
0 0.769141 0.205903 0.146094 0.0722222
0 0.305859 0.581944 0.0769531 0.104167
0 0.315234 0.58125 0.0539063 0.0791667
0 0.235547 0.650347 0.0632813 0.0840278
0 0.79375 0.160026 0.159375 0.066059
0 0.0111816 0.0163194 0.021875 0.0321181
0 0.125586 0.235417 0.0164062 0.03125
0 0.817969 0.15816 0.154687 0.0690972
0 0.228516 0.659722 0.05 0.0875
0 0.022998 0.819444 0.0364258 0.0666667
0 0.330469 0.548611 0.0476562 0.0916667
0 0.526563 0.246701 0.0445312 0.0847222
0 0.246875 0.936111 0.078125 0.127778
0 0.914062 0.121094 0.115625 0.0921875
0 0.444531 0.451389 0.0507812 0.102778
0 0.441016 0.597222 0.0617188 0.132639
0 0.846875 0.403125 0.065625 0.06875
0 0.938281 0.351476 0.115625 0.105382
0 0.0634766 0.595139 0.0814453 0.0638889
0 0.404297 0.561458 0.0492188 0.105556
0 0.331445 0.0643229 0.0539063 0.046875
0 0.311914 0.109635 0.0617188 0.0486111
0 0.247656 0.240104 0.0640625 0.0496528
0 0.267969 0.192708 0.0609375 0.05
0 0.223047 0.297569 0.0738281 0.0548611
0 0.37168 0.015625 0.0574219 0.0310764
0 0.415234 0.262847 0.0492188 0.0798611
0 0.435156 0.190278 0.0515625 0.0826389
0 0.240625 0.569444 0.0433594 0.0986111
0 0.284961 0.520139 0.0476562 0.0631944
0 0.221484 0.646875 0.0363281 0.0659722
0 0.0141602 0.740278 0.0259766 0.0611111
0 0.386035 0.292014 0.0310547 0.0465278
1 0.142383 0.347917 0.0132813 0.0291667
1 0.150586 0.332726 0.0152344 0.0248264
1 0.407031 0.8625 0.0132813 0.0361111
0 0.389746 0.296181 0.0392578 0.0534722
1 0.185937 0.222569 0.0109375 0.0305556
0 0.023877 0.833333 0.0263672 0.0444444
0 0.0210205 0.847917 0.032959 0.0736111
0 0.0195801 0.838889 0.0349609 0.0541667
0 0.803125 0.0195312 0.053125 0.0386285
0 0.0200195 0.870833 0.0357422 0.119444
1 0.149609 0.340625 0.0167969 0.0354167
0 0.381348 0.292361 0.0263672 0.0430556
1 0.183594 0.956944 0.0160156 0.0194444
1 0.186133 0.230208 0.0144531 0.0409722
0 0.316797 0.553472 0.05 0.0833333
1 0.420312 0.861111 0.0101562 0.025
0 0.321484 0.567361 0.0421875 0.0527778
0 0.3125 0.549653 0.0671875 0.0909722
0 0.149316 0.331944 0.0169922 0.025
0 0.330859 0.574306 0.0285156 0.0444444
1 0.14873 0.324913 0.0177734 0.0335069
1 0.190234 0.227778 0.0191406 0.0395833
0 0.300391 0.540278 0.0765625 0.0972222
0 0.141992 0.347569 0.0132813 0.0284722
1 0.233203 0.0927083 0.0109375 0.0197917
1 0.386719 0.886806 0.009375 0.0236111
1 0.441406 0.883333 0.009375 0.0194444
0 0.294922 0.528472 0.0664062 0.0777778
0 0.392969 0.310069 0.0460938 0.0756944
1 0.186719 0.954167 0.0207031 0.025
0 0.330664 0.580903 0.0246094 0.0513889
0 0.330859 0.575694 0.0195312 0.0375
0 0.80332 0.0266927 0.0589844 0.0517361
1 0.124023 0.320139 0.0134766 0.0243056
1 0.126563 0.228125 0.0128906 0.025
0 0.0190186 0.893056 0.0377441 0.172222
1 0.126563 0.319097 0.0160156 0.0243056
0 0.0143311 0.72066 0.0244629 0.0892361
0 0.321484 0.538889 0.0828125 0.0888889
0 0.407031 0.8625 0.0132813 0.0361111
1 0.138379 0.348611 0.0173828 0.0333333
1 0.154687 0.334809 0.0199219 0.0289931
0 0.33125 0.564583 0.0382813 0.0638889
0 0.324609 0.58125 0.0382813 0.0625
0 0.0129395 0.769444 0.0238281 0.108333
1 0.413672 0.856944 0.0195312 0.0305556
0 0.333984 0.584722 0.034375 0.0625
0 0.288672 0.539583 0.0617188 0.0902778
1 0.196875 0.235764 0.0164062 0.0347222
0 0.792969 0.0233615 0.0671875 0.0459852
1 0.54375 0.149479 0.00625 0.0208333
0 0.125293 0.235764 0.0166016 0.03125
1 0.252344 0.129427 0.009375 0.0222222
1 0.330859 0.575694 0.0195312 0.0375
1 0.385938 0.891667 0.0109375 0.0194444
0 0.385938 0.891667 0.0109375 0.0194444
1 0.408594 0.843056 0.0140625 0.0319444
0 0.795117 0.158507 0.159766 0.0684028
0 0.017041 0.788889 0.0289063 0.108333
0 0.246875 0.936111 0.078125 0.127778
0 0.526563 0.246701 0.0445312 0.0847222
0 0.914062 0.121094 0.115625 0.0921875
0 0.444531 0.451389 0.0507812 0.102778
0 0.441016 0.597569 0.0617188 0.133333
0 0.0634644 0.595139 0.0812744 0.0638889
0 0.938281 0.351042 0.115625 0.105556
0 0.404297 0.561458 0.0492188 0.105556
0 0.33125 0.0644097 0.0539063 0.0472222
0 0.312109 0.109722 0.0617188 0.0486111
0 0.247656 0.240104 0.0640625 0.0496528
0 0.223047 0.297569 0.0734375 0.0548611
0 0.846875 0.403472 0.065625 0.0694444
0 0.267969 0.192708 0.0609375 0.05
0 0.37168 0.015625 0.0574219 0.0311632
0 0.414844 0.262847 0.05 0.0798611
0 0.435156 0.190451 0.0515625 0.0829861
0 0.24082 0.569444 0.04375 0.0979167
0 0.284766 0.520139 0.0476562 0.0638889
0 0.221094 0.646528 0.0359375 0.0652778
0 0.0141357 0.740278 0.0260254 0.0611111
0 0.386035 0.292014 0.0310547 0.0465278
1 0.142383 0.347917 0.0128906 0.0291667
1 0.150586 0.332639 0.0150391 0.025
1 0.407031 0.8625 0.0132813 0.0361111
0 0.389746 0.295833 0.0392578 0.0534722
1 0.185937 0.222917 0.0109375 0.0305556
0 0.0240479 0.833333 0.0259277 0.0430556
0 0.0210693 0.848611 0.032959 0.075
0 0.0210693 0.838889 0.0322754 0.0527778
0 0.803125 0.0194336 0.053125 0.0383898
0 0.389062 0.30625 0.0390625 0.0708333
0 0.0200439 0.872222 0.035498 0.122222
1 0.15 0.340972 0.0160156 0.0347222
0 0.38125 0.292361 0.0265625 0.0430556
1 0.183594 0.956944 0.0164062 0.0194444
1 0.185937 0.230208 0.0140625 0.0409722
0 0.317383 0.554861 0.0480469 0.0805556
0 0.321094 0.566319 0.0421875 0.0548611
0 0.313672 0.551389 0.0640625 0.0888889
1 0.420703 0.860417 0.0101562 0.025
0 0.330469 0.574306 0.028125 0.0444444
1 0.148633 0.325347 0.0175781 0.0333333
0 0.149219 0.332292 0.0167969 0.025
1 0.233203 0.0927083 0.0109375 0.0199653
1 0.190039 0.227431 0.01875 0.0388889
1 0.441016 0.883333 0.0101562 0.0194444
0 0.141992 0.347917 0.0128906 0.0277778
0 0.300391 0.542361 0.0757812 0.0958333
1 0.386719 0.886806 0.009375 0.0236111
0 0.80332 0.0268338 0.0589844 0.0522352
0 0.330469 0.575694 0.0195312 0.0368056
1 0.186328 0.954167 0.0210938 0.0263889
0 0.802344 0.0142795 0.05 0.028559
1 0.126563 0.228299 0.0128906 0.025
1 0.124219 0.320139 0.0136719 0.025
0 0.295703 0.528472 0.0671875 0.0777778
0 0.330273 0.58125 0.0242187 0.0513889
1 0.126563 0.319097 0.0160156 0.0243056
0 0.0188965 0.893056 0.037793 0.169444
0 0.407031 0.8625 0.0132813 0.0361111
1 0.154687 0.335069 0.0199219 0.0284722
0 0.0144287 0.721528 0.0246582 0.0888889
1 0.138379 0.348611 0.0171875 0.0333333
0 0.323047 0.539236 0.0804688 0.0875
0 0.125195 0.236285 0.0167969 0.0309028
1 0.431641 0.652083 0.0164062 0.0319444
0 0.792188 0.0234809 0.0671875 0.0459201
1 0.330469 0.575694 0.0195312 0.0368056
0 0.323828 0.580556 0.0382813 0.0625
0 0.330859 0.564236 0.0386719 0.0631944
1 0.415625 0.856944 0.0179687 0.0305556
0 0.0126953 0.770833 0.0234375 0.105556
0 0.795313 0.15829 0.15625 0.0674479
0 0.750781 0.113802 0.15 0.0727431
0 0.390625 0.322917 0.040625 0.0819444
0 0.123242 0.238889 0.0175781 0.0298611
1 0.196875 0.23559 0.0171875 0.0350694
1 0.0251099 0.831944 0.0234131 0.0388889
1 0.124414 0.231771 0.0152344 0.0291667
0 0.526563 0.246701 0.0445312 0.0847222
0 0.246875 0.936111 0.078125 0.127778
0 0.914062 0.121007 0.115625 0.0923611
0 0.444531 0.451389 0.0507812 0.102778
0 0.441016 0.597222 0.0617188 0.133333
0 0.938281 0.351042 0.115625 0.105556
0 0.404297 0.561458 0.0492188 0.105556
0 0.0634644 0.595139 0.0812744 0.0638889
0 0.33125 0.064388 0.0539063 0.0472656
0 0.247656 0.240104 0.0640625 0.0496528
0 0.312109 0.109722 0.0617188 0.0486111
0 0.267969 0.192708 0.0609375 0.05
0 0.223047 0.297222 0.0734375 0.0548611
0 0.846875 0.403125 0.065625 0.06875
0 0.414844 0.262674 0.05 0.0802083
0 0.371484 0.0157227 0.0578125 0.0312283
0 0.435156 0.190278 0.0515625 0.0826389
0 0.240625 0.56875 0.04375 0.0972222
0 0.284766 0.520139 0.0476562 0.0638889
0 0.221094 0.646528 0.0359375 0.0652778
0 0.0141357 0.740278 0.0260254 0.0611111
0 0.385059 0.29184 0.0298828 0.0461806
1 0.142285 0.347917 0.0128906 0.0291667
1 0.150586 0.332639 0.0150391 0.025
1 0.407031 0.8625 0.0132813 0.0361111
1 0.185937 0.222917 0.0109375 0.0309028
0 0.389746 0.295833 0.0392578 0.0527778
0 0.0244873 0.832639 0.0249512 0.0416667
0 0.0212402 0.848611 0.0326172 0.075
0 0.02146 0.836111 0.0313965 0.05
0 0.803125 0.0191406 0.053125 0.0378472
0 0.388672 0.306597 0.0390625 0.0708333
1 0.150098 0.340972 0.0158203 0.0347222
1 0.185547 0.230382 0.0132813 0.040625
1 0.183398 0.956944 0.0160156 0.0194444
0 0.0200928 0.872222 0.035498 0.119444
0 0.317578 0.55625 0.046875 0.0791667
0 0.320898 0.565972 0.0417969 0.05625
0 0.314063 0.552083 0.0617188 0.0875
0 0.330469 0.574306 0.0273438 0.0430556
1 0.189648 0.226736 0.0179687 0.0385417
1 0.14873 0.325347 0.0171875 0.0333333
1 0.421094 0.860417 0.0109375 0.025
1 0.233203 0.0928819 0.0109375 0.0201389
1 0.441016 0.883333 0.0101562 0.0194444
0 0.802344 0.0270399 0.059375 0.052691
0 0.300781 0.544444 0.075 0.0930556
0 0.330469 0.575694 0.01875 0.0375
0 0.149219 0.331858 0.0164062 0.0251736
0 0.801562 0.0135851 0.0484375 0.0271701
1 0.126367 0.228472 0.0128906 0.025
0 0.141992 0.347917 0.0128906 0.0277778
1 0.124219 0.320139 0.0136719 0.0243056
1 0.386719 0.886806 0.009375 0.0236111
1 0.126563 0.319097 0.015625 0.0243056
1 0.186328 0.954167 0.0214844 0.0263889
0 0.330078 0.58125 0.0234375 0.0513889
1 0.15459 0.334722 0.0199219 0.0284722
0 0.295703 0.528125 0.0671875 0.0763889
1 0.432031 0.654167 0.015625 0.0291667
0 0.323438 0.580556 0.0382813 0.0625
1 0.138477 0.348958 0.0171875 0.0326389
1 0.330469 0.575694 0.01875 0.0375
0 0.407031 0.8625 0.0132813 0.0361111
0 0.125 0.236458 0.0167969 0.0309028
0 0.0191406 0.893056 0.0382813 0.166667
0 0.014502 0.721528 0.0249023 0.0888889
0 0.791406 0.0235243 0.0671875 0.0458333
0 0.323828 0.540278 0.0796875 0.0875
0 0.794531 0.157639 0.153125 0.0663194
0 0.0126953 0.769444 0.0236328 0.105556
0 0.750391 0.113281 0.149219 0.0730903
0 0.330859 0.565278 0.0382813 0.0618056
1 0.124414 0.231597 0.0150391 0.0284722
1 0.0251953 0.831944 0.0230469 0.0388889
0 0.79375 0.105556 0.135937 0.08125
0 0.315234 0.579861 0.0523437 0.0819444
1 0.196484 0.235417 0.0171875 0.0354167
0 0.795313 0.0460178 0.078125 0.08852
1 0.416406 0.856944 0.0171875 0.0305556
1 0.186328 0.236458 0.0132813 0.0444444
0 0.123242 0.239236 0.0171875 0.0298611
0 0.774219 0.11033 0.139062 0.0748264
0 0.0150879 0.772222 0.0262695 0.0666667
0 0.526563 0.246701 0.0445312 0.0847222
0 0.24707 0.936111 0.0785156 0.127778
0 0.914062 0.121007 0.115625 0.0923611
0 0.444531 0.451389 0.0507812 0.102778
0 0.441016 0.597222 0.0617188 0.133333
0 0.0634644 0.595139 0.0812744 0.0638889
0 0.33125 0.064388 0.0539063 0.0472656
0 0.404297 0.561458 0.0492188 0.105556
0 0.938281 0.351042 0.115625 0.105556
0 0.247656 0.240104 0.0640625 0.0496528
0 0.312109 0.109896 0.0617188 0.0486111
0 0.267969 0.192708 0.0609375 0.05
0 0.223047 0.297396 0.0734375 0.0552083
0 0.846875 0.403125 0.065625 0.06875
0 0.414844 0.262847 0.05 0.0805556
0 0.371484 0.0157227 0.0578125 0.0312283
0 0.435156 0.190104 0.0515625 0.0822917
0 0.240625 0.568403 0.04375 0.0965278
0 0.284961 0.520486 0.0480469 0.0638889
0 0.221094 0.646528 0.0359375 0.0652778
0 0.0141357 0.740278 0.0260254 0.0611111
0 0.385156 0.291667 0.0296875 0.0458333
1 0.142285 0.347917 0.0128906 0.0291667
1 0.150586 0.332552 0.0152344 0.0251736
1 0.407031 0.8625 0.0132813 0.0361111
1 0.185937 0.22309 0.0109375 0.0309028
0 0.390234 0.295486 0.0390625 0.0527778
0 0.0246582 0.832639 0.0244141 0.0402778
0 0.0213135 0.848611 0.032373 0.075
0 0.803906 0.0205729 0.053125 0.0411458
0 0.0216064 0.836111 0.0310059 0.05
1 0.150195 0.340972 0.015625 0.0340278
0 0.380371 0.292361 0.0251953 0.0430556
0 0.388672 0.306597 0.0382813 0.0708333
1 0.185937 0.230208 0.0132813 0.040625
1 0.183398 0.956944 0.0160156 0.0194444
0 0.0200928 0.873611 0.0354004 0.122222
0 0.317773 0.556944 0.0464844 0.0777778
0 0.321094 0.566667 0.0414063 0.0555556
0 0.314453 0.552778 0.0609375 0.0861111
0 0.330859 0.574653 0.0261719 0.0423611
1 0.189844 0.227083 0.0179687 0.0388889
1 0.421094 0.860417 0.0109375 0.025
1 0.148828 0.325347 0.0171875 0.0333333
1 0.233203 0.0930556 0.0109375 0.0203125
0 0.802344 0.0268663 0.059375 0.0525174
1 0.441016 0.883333 0.0101562 0.0194444
1 0.126367 0.228472 0.0128906 0.025
0 0.8 0.0130208 0.046875 0.0260417
0 0.330469 0.575694 0.01875 0.0375
0 0.300781 0.544444 0.0742188 0.0916667
0 0.141992 0.347917 0.0128906 0.0284722
0 0.149219 0.332292 0.0164062 0.0256944
0 0.330273 0.58125 0.0226563 0.05
1 0.386719 0.886806 0.009375 0.0236111
1 0.124219 0.320139 0.0136719 0.0243056
1 0.186133 0.954167 0.021875 0.0263889
1 0.126563 0.319444 0.015625 0.0243056
1 0.154492 0.334722 0.0201172 0.0284722
0 0.295898 0.527778 0.0664062 0.075
1 0.330469 0.575694 0.01875 0.0375
0 0.323633 0.580556 0.0375 0.0625
0 0.014502 0.722222 0.0250977 0.0888889
0 0.0191406 0.893056 0.0382813 0.166667
0 0.407031 0.8625 0.0132813 0.0361111
1 0.138477 0.348958 0.0171875 0.0326389
0 0.793555 0.157682 0.153516 0.0665799
0 0.125 0.236458 0.0167969 0.0309028
0 0.323828 0.540278 0.0773437 0.0861111
0 0.0126709 0.769444 0.0237305 0.105556
0 0.79375 0.105382 0.1375 0.0815972
1 0.124414 0.231597 0.0148437 0.0284722
0 0.791406 0.0233507 0.0671875 0.0455729
0 0.75 0.113281 0.15 0.0730903
1 0.380371 0.292361 0.0251953 0.0430556
0 0.817187 0.155946 0.151562 0.0679687
1 0.431641 0.653472 0.015625 0.0305556
1 0.0251953 0.831944 0.0228516 0.0388889
0 0.0150879 0.770833 0.0262695 0.0666667
0 0.33125 0.565972 0.0375 0.0597222
0 0.794531 0.0461046 0.0796875 0.08852
0 0.773438 0.11033 0.142188 0.0751736
0 0.31543 0.579861 0.0515625 0.0805556
0 0.526563 0.246875 0.0445312 0.0847222
0 0.24707 0.936111 0.0785156 0.127778
0 0.914062 0.121007 0.115625 0.0923611
0 0.444531 0.451389 0.0507812 0.102778
0 0.441016 0.597222 0.0617188 0.133333
0 0.404297 0.561806 0.0492188 0.105556
0 0.0634277 0.595139 0.0813477 0.0638889
0 0.33125 0.064388 0.0539063 0.0472656
0 0.846875 0.402778 0.065625 0.0694444
0 0.938281 0.351042 0.115625 0.10625
0 0.247656 0.240104 0.0640625 0.0496528
0 0.312109 0.109896 0.0617188 0.0486111
0 0.267969 0.192708 0.0609375 0.05
0 0.223242 0.297569 0.0738281 0.0548611
0 0.415234 0.262847 0.05 0.0802083
0 0.371484 0.0157227 0.0578125 0.0312283
0 0.435156 0.189931 0.0515625 0.0819444
0 0.240625 0.568056 0.04375 0.0958333
0 0.284961 0.520833 0.0480469 0.0638889
0 0.221094 0.646528 0.0359375 0.0652778
0 0.014209 0.740278 0.0262695 0.0611111
0 0.385254 0.291667 0.0294922 0.0458333
1 0.142285 0.348264 0.0128906 0.0291667
1 0.150586 0.332552 0.0152344 0.0251736
1 0.407031 0.8625 0.0132813 0.0361111
1 0.185937 0.22309 0.0109375 0.0309028
0 0.390234 0.295139 0.0390625 0.0520833
0 0.0247314 0.832639 0.0241699 0.0402778
0 0.0212646 0.848611 0.0324707 0.075
0 0.804688 0.0205295 0.053125 0.041059
0 0.0216797 0.836111 0.0308594 0.0486111
0 0.380371 0.292188 0.0251953 0.0427083
1 0.150195 0.340972 0.015625 0.0333333
0 0.388281 0.306597 0.0382813 0.0701389
1 0.185937 0.230208 0.0132813 0.040625
0 0.317969 0.559028 0.0460938 0.0743056
1 0.183398 0.956944 0.0160156 0.0194444
0 0.321289 0.56875 0.0402344 0.0527778
0 0.0200684 0.873611 0.0355469 0.122222
0 0.314453 0.552778 0.0605469 0.0861111
0 0.330859 0.575347 0.025 0.0416667
1 0.421094 0.859722 0.0101562 0.025
1 0.190039 0.227083 0.0183594 0.0388889
1 0.233203 0.0932292 0.0109375 0.0204861
1 0.148828 0.325347 0.0171875 0.0333333
0 0.802344 0.0268229 0.059375 0.0523437
1 0.440625 0.883333 0.009375 0.0194444
0 0.330469 0.576389 0.01875 0.0375
0 0.8 0.0130208 0.046875 0.0260417
1 0.126367 0.228299 0.0128906 0.0246528
0 0.300586 0.544444 0.0734375 0.0916667
0 0.141992 0.347917 0.0128906 0.0284722
1 0.124219 0.320139 0.0136719 0.0243056
0 0.149219 0.332292 0.0164062 0.0256944
1 0.126563 0.319444 0.015625 0.0243056
1 0.386719 0.886806 0.009375 0.0236111
0 0.393652 0.310937 0.0470703 0.0753472
1 0.185889 0.954167 0.0219727 0.0263889
0 0.324023 0.58125 0.0363281 0.0597222
1 0.330469 0.576389 0.01875 0.0375
1 0.154395 0.335069 0.0203125 0.0284722
0 0.79375 0.106163 0.135937 0.0803819
0 0.793945 0.15816 0.152734 0.0659722
0 0.407031 0.8625 0.0132813 0.0361111
0 0.295703 0.527083 0.0648438 0.0736111
0 0.791406 0.0234375 0.0671875 0.0455729
1 0.124414 0.23125 0.0148437 0.028125
0 0.125 0.236458 0.0167969 0.0309028
0 0.749609 0.113542 0.152344 0.0732639
0 0.0194336 0.892361 0.0386719 0.163889
0 0.0151367 0.770833 0.0263672 0.0666667
1 0.0252075 0.831944 0.0228271 0.0388889
1 0.380371 0.292188 0.0251953 0.0427083
0 0.0126221 0.770833 0.0236816 0.105556
1 0.138477 0.349306 0.0169922 0.0319444
0 0.0144287 0.722222 0.0250488 0.0875
0 0.324609 0.539931 0.0742188 0.0833333
1 0.431641 0.653472 0.015625 0.0298611
0 0.31582 0.580556 0.0507812 0.0777778
0 0.773047 0.110677 0.142969 0.0748264
0 0.793945 0.0461697 0.0808594 0.0882161
0 0.333203 0.584722 0.0328125 0.0611111
0 0.330078 0.591319 0.0472656 0.0638889
1 0.385254 0.291667 0.0294922 0.0458333
0 0.526563 0.246701 0.0445312 0.0850694
0 0.24707 0.936111 0.0785156 0.127778
0 0.444531 0.451042 0.0515625 0.102083
0 0.914062 0.121007 0.115625 0.0923611
0 0.441016 0.597222 0.0617188 0.133333
0 0.0634277 0.595139 0.0813477 0.0638889
0 0.33125 0.0644097 0.0539063 0.0472222
0 0.404297 0.561806 0.0492188 0.105556
0 0.938281 0.351042 0.115625 0.10625
0 0.247656 0.240104 0.0640625 0.0496528
0 0.267969 0.192708 0.0609375 0.05
0 0.312109 0.109896 0.0621094 0.0486111
0 0.223047 0.297569 0.0734375 0.0548611
0 0.846875 0.403125 0.065625 0.06875
0 0.415234 0.262847 0.05 0.0802083
0 0.371484 0.0156684 0.0578125 0.0311632
0 0.435156 0.189931 0.0515625 0.0819444
0 0.240625 0.568056 0.04375 0.0958333
0 0.284961 0.520833 0.0480469 0.0638889
0 0.221289 0.646528 0.0363281 0.0652778
0 0.014209 0.740278 0.0262695 0.0611111
0 0.384766 0.291667 0.0289063 0.0458333
1 0.142188 0.348264 0.0128906 0.0291667
1 0.150586 0.332986 0.0148437 0.025
1 0.407031 0.8625 0.0132813 0.0361111
0 0.390234 0.295139 0.0390625 0.0520833
1 0.185937 0.223264 0.0109375 0.0309028
0 0.0215332 0.848611 0.0319336 0.075
0 0.0249023 0.831944 0.0238281 0.0388889
0 0.804688 0.0205295 0.053125 0.041059
0 0.022168 0.834722 0.0298828 0.0472222
1 0.150195 0.340972 0.015625 0.0340278
1 0.185937 0.230208 0.0132813 0.0409722
0 0.388184 0.30625 0.0376953 0.0701389
1 0.183398 0.956944 0.0160156 0.0194444
0 0.317969 0.561806 0.0453125 0.0708333
0 0.321875 0.570139 0.0386719 0.05
0 0.0202148 0.873611 0.0355469 0.119444
0 0.330859 0.575694 0.0242187 0.0416667
1 0.233203 0.0934028 0.0109375 0.0206597
0 0.314648 0.553125 0.0597656 0.0854167
1 0.190625 0.227431 0.01875 0.0388889
1 0.441406 0.883333 0.009375 0.0194444
1 0.421094 0.860417 0.0101562 0.025
0 0.330469 0.576389 0.0183594 0.0375
1 0.148926 0.325347 0.0171875 0.0333333
0 0.802344 0.0266927 0.059375 0.0519965
1 0.126367 0.228472 0.0128906 0.025
0 0.800781 0.0129774 0.046875 0.0259549
0 0.141992 0.347917 0.0130859 0.0277778
0 0.149414 0.332292 0.0164062 0.025
1 0.124219 0.320139 0.0136719 0.0243056
0 0.300195 0.544444 0.0722656 0.0902778
1 0.185889 0.954167 0.0219727 0.0263889
0 0.324609 0.581944 0.0347656 0.0597222
1 0.330469 0.576389 0.0183594 0.0375
0 0.792969 0.106858 0.139062 0.0807292
0 0.792969 0.158507 0.154687 0.0677083
1 0.386719 0.886111 0.009375 0.025
1 0.126465 0.319444 0.0158203 0.0243056
0 0.39375 0.311111 0.0476562 0.075
0 0.748828 0.113889 0.157031 0.0739583
1 0.154492 0.335069 0.0203125 0.0284722
0 0.771875 0.110937 0.146875 0.0756944
0 0.816406 0.156597 0.151562 0.06875
1 0.0251953 0.83125 0.0227539 0.0375
0 0.407031 0.8625 0.0132813 0.0361111
1 0.124414 0.23125 0.0146484 0.028125
0 0.791406 0.0235677 0.06875 0.0458333
0 0.125098 0.236458 0.0166016 0.03125
0 0.0152588 0.770833 0.0262207 0.0666667
0 0.295703 0.526042 0.0640625 0.0715278
1 0.43125 0.652778 0.015625 0.03125
0 0.333203 0.584722 0.0320312 0.0611111
0 0.330078 0.590972 0.04375 0.0638889
0 0.019873 0.893056 0.0397461 0.163889
0 0.793945 0.0462782 0.0808594 0.0874783
1 0.138477 0.349306 0.0167969 0.0319444
0 0.316016 0.58125 0.05 0.0763889
0 0.444531 0.451042 0.0507812 0.102083
0 0.246875 0.936111 0.0789063 0.127778
0 0.526563 0.246528 0.0453125 0.0847222
0 0.914062 0.12092 0.115625 0.0925347
0 0.441016 0.597222 0.0617188 0.133333
0 0.938281 0.350608 0.115625 0.105729
0 0.0634277 0.595139 0.0813477 0.0638889
0 0.33125 0.064388 0.0539063 0.0472656
0 0.404297 0.561806 0.0492188 0.105556
0 0.247656 0.239931 0.0640625 0.0493056
0 0.267969 0.192708 0.0609375 0.05
0 0.312109 0.109896 0.0621094 0.0486111
0 0.223242 0.297569 0.0738281 0.0548611
0 0.846875 0.403472 0.065625 0.0694444
0 0.415234 0.262847 0.05 0.0805556
0 0.371484 0.0156684 0.0578125 0.0309896
0 0.435156 0.189931 0.0515625 0.0819444
0 0.24082 0.568056 0.04375 0.0958333
0 0.284961 0.520833 0.0480469 0.0638889
0 0.221484 0.646528 0.0367187 0.0652778
0 0.014209 0.740278 0.0262695 0.0611111
0 0.384277 0.291667 0.0283203 0.0458333
1 0.142188 0.348264 0.0126953 0.0291667
1 0.150586 0.332986 0.0148437 0.0256944
1 0.407031 0.8625 0.0132813 0.0361111
1 0.185937 0.223264 0.0109375 0.03125
0 0.390234 0.294965 0.0390625 0.0520833
0 0.803125 0.019401 0.053125 0.0382813
0 0.0214844 0.848611 0.0322266 0.075
0 0.0249023 0.831944 0.0238281 0.0388889
0 0.022168 0.834722 0.0298828 0.0444444
1 0.150195 0.340972 0.0154297 0.0340278
1 0.185937 0.230208 0.0132813 0.0409722
1 0.183398 0.956944 0.0160156 0.0194444
0 0.317969 0.563889 0.0449219 0.0666667
0 0.387598 0.306424 0.0373047 0.0697917
0 0.322266 0.571181 0.0375 0.0486111
0 0.330859 0.576042 0.0242187 0.0416667
0 0.0202393 0.870833 0.035498 0.113889
0 0.314258 0.553472 0.0597656 0.0847222
1 0.233008 0.09375 0.0105469 0.0208333
1 0.441406 0.883333 0.009375 0.0194444
0 0.330469 0.576389 0.0183594 0.0381944
1 0.190234 0.227431 0.01875 0.0388889
0 0.802344 0.0266493 0.059375 0.0516493
1 0.149023 0.325347 0.0169922 0.0333333
1 0.421094 0.860417 0.0101562 0.025
1 0.126465 0.228472 0.0126953 0.025
0 0.802344 0.0142795 0.05 0.028559
0 0.141992 0.348264 0.0128906 0.0284722
0 0.325 0.581944 0.0335938 0.0583333
1 0.124316 0.320312 0.0134766 0.0246528
0 0.792188 0.107205 0.139062 0.0807292
1 0.330469 0.576389 0.0183594 0.0381944
0 0.149414 0.332552 0.0160156 0.0251736
0 0.3 0.544792 0.071875 0.0895833
0 0.792188 0.158681 0.154687 0.0694444
1 0.185986 0.954167 0.0225586 0.0277778
0 0.748047 0.113542 0.160156 0.075
0 0.792188 0.0238281 0.06875 0.0463542
0 0.770703 0.110764 0.147656 0.0763889
1 0.126465 0.319444 0.0158203 0.025
1 0.0251953 0.83125 0.0226563 0.0375
0 0.81582 0.156771 0.152734 0.0704861
1 0.154492 0.335069 0.0203125 0.0284722
1 0.386719 0.886806 0.009375 0.025
0 0.333008 0.584722 0.0316406 0.0611111
0 0.330078 0.590972 0.0414063 0.0638889
1 0.124414 0.23125 0.0144531 0.0277778
0 0.792969 0.0466254 0.08125 0.0876519
0 0.39375 0.311111 0.0476562 0.075
0 0.0199463 0.893056 0.0398926 0.1625
0 0.295898 0.525694 0.0640625 0.0708333
1 0.431641 0.652083 0.0164062 0.0333333
0 0.407031 0.8625 0.0132813 0.0361111
0 0.0153076 0.771528 0.0262207 0.0652778
0 0.316211 0.581944 0.0492188 0.075
0 0.329688 0.597917 0.0363281 0.0847222
1 0.384277 0.291667 0.0283203 0.0458333
0 0.235938 0.649306 0.0632813 0.0791667
0 0.125195 0.236111 0.0164062 0.03125
0 0.24707 0.936111 0.0785156 0.127778
0 0.526563 0.246701 0.0453125 0.0850694
0 0.914062 0.120833 0.115625 0.0923611
0 0.444531 0.451389 0.0507812 0.102778
0 0.441016 0.597222 0.0617188 0.133333
0 0.938281 0.350608 0.115625 0.105729
0 0.33125 0.0642144 0.0539063 0.0469184
0 0.0632324 0.595139 0.0813477 0.0638889
0 0.404297 0.561458 0.0492188 0.10625
0 0.247656 0.239931 0.0640625 0.0493056
0 0.267969 0.192535 0.0609375 0.05
0 0.312109 0.109896 0.0625 0.0486111
0 0.223047 0.297569 0.0738281 0.0548611
0 0.846875 0.403472 0.065625 0.0694444
0 0.415234 0.262847 0.0507812 0.0805556
0 0.371484 0.0157118 0.0578125 0.0309896
0 0.435156 0.189583 0.0515625 0.08125
0 0.24082 0.56875 0.04375 0.0972222
0 0.284766 0.521181 0.0476562 0.0659722
0 0.221484 0.647222 0.0367187 0.0652778
0 0.0142334 0.740278 0.0263184 0.0611111
0 0.384277 0.291667 0.0283203 0.0458333
1 0.142188 0.348264 0.0125 0.0291667
1 0.150684 0.332986 0.0146484 0.0256944
1 0.407031 0.8625 0.0132813 0.0361111
0 0.390234 0.294965 0.0390625 0.0520833
1 0.185937 0.223438 0.0109375 0.03125
0 0.803125 0.0194878 0.053125 0.0383681
0 0.0214111 0.848611 0.0324707 0.075
0 0.0248535 0.831944 0.0239258 0.0388889
0 0.0221436 0.834028 0.0299316 0.0444444
1 0.150195 0.340972 0.0152344 0.0340278
1 0.185937 0.230208 0.0132813 0.0409722
0 0.317969 0.564583 0.0445312 0.0659722
0 0.322266 0.571528 0.0375 0.0486111
1 0.183594 0.956944 0.0164062 0.0194444
0 0.387598 0.30625 0.0373047 0.0694444
0 0.330664 0.576042 0.0242187 0.0416667
0 0.313672 0.554167 0.0601562 0.0847222
0 0.0203125 0.869444 0.0355469 0.111111
1 0.441406 0.883333 0.009375 0.0194444
1 0.233008 0.0939236 0.0105469 0.0208333
1 0.189844 0.227083 0.01875 0.0388889
1 0.149023 0.325347 0.0169922 0.0333333
0 0.80332 0.0266059 0.0589844 0.0513021
1 0.421094 0.860417 0.0109375 0.025
1 0.126465 0.228819 0.0126953 0.025
0 0.325 0.581944 0.0328125 0.0583333
0 0.790625 0.108333 0.140625 0.0791667
0 0.300195 0.544444 0.0726563 0.0916667
1 0.124414 0.320312 0.0136719 0.0246528
0 0.746875 0.113194 0.159375 0.0756944
0 0.790625 0.158681 0.153125 0.0694444
0 0.141992 0.348264 0.0128906 0.0284722
1 0.330469 0.576389 0.01875 0.0388889
1 0.185986 0.954167 0.0225586 0.0277778
0 0.149414 0.332292 0.0160156 0.025
0 0.235742 0.649653 0.0636719 0.0798611
1 0.0251465 0.831944 0.0227539 0.0361111
0 0.814844 0.157248 0.15 0.0702257
0 0.791992 0.0238281 0.0691406 0.0463542
0 0.332812 0.584722 0.0316406 0.0611111
0 0.329492 0.590972 0.0394531 0.0631944
0 0.329297 0.597569 0.0351562 0.0840278
1 0.154492 0.335069 0.0203125 0.0284722
1 0.384277 0.291667 0.0283203 0.0458333
0 0.316406 0.581944 0.0488281 0.0743056
0 0.791406 0.0472982 0.0828125 0.0880425
0 0.296484 0.526389 0.0640625 0.0708333
1 0.386719 0.886806 0.009375 0.025
0 0.770703 0.0664931 0.114844 0.0670139
1 0.124414 0.231076 0.0144531 0.0274306
0 0.39375 0.311111 0.0476562 0.075
0 0.407031 0.8625 0.0132813 0.0361111
0 0.0202148 0.893056 0.0402344 0.161111
0 0.749219 0.0677951 0.125 0.0578125
0 0.125391 0.236111 0.0160156 0.0309028
0 0.24707 0.936111 0.0785156 0.127778
0 0.526563 0.246701 0.0453125 0.0850694
0 0.444531 0.451042 0.0507812 0.102083
0 0.441016 0.597222 0.0617188 0.133333
0 0.914062 0.120833 0.115625 0.0923611
0 0.404297 0.561806 0.0492188 0.105556
0 0.331445 0.0642144 0.0535156 0.0469184
0 0.0632324 0.595139 0.0813477 0.0638889
0 0.938281 0.350608 0.115625 0.105729
0 0.247656 0.239931 0.0640625 0.0493056
0 0.267969 0.192535 0.0609375 0.05
0 0.312109 0.109896 0.0621094 0.0486111
0 0.223047 0.297396 0.0742188 0.0552083
0 0.846875 0.403472 0.065625 0.0694444
0 0.371484 0.0157118 0.0578125 0.0309028
0 0.415234 0.262847 0.0507812 0.0805556
0 0.435156 0.189583 0.0515625 0.08125
0 0.240625 0.569097 0.04375 0.0972222
0 0.284766 0.520833 0.0476562 0.0652778
0 0.22168 0.647222 0.0371094 0.0652778
0 0.0142334 0.740278 0.026416 0.0611111
0 0.384766 0.292361 0.0289063 0.0458333
1 0.142188 0.348264 0.0125 0.0291667
1 0.150684 0.332986 0.0146484 0.0256944
1 0.407031 0.8625 0.0132813 0.0361111
1 0.185937 0.223611 0.0109375 0.03125
0 0.390234 0.294792 0.0390625 0.0520833
0 0.803125 0.0195312 0.053125 0.0384549
0 0.0214844 0.849306 0.0323242 0.075
1 0.150195 0.340972 0.0152344 0.0340278
0 0.0249023 0.831944 0.0238281 0.0388889
1 0.185937 0.230208 0.0132813 0.0409722
0 0.317969 0.565278 0.0445312 0.0652778
0 0.0195312 0.8375 0.0347656 0.0527778
0 0.322656 0.572222 0.0359375 0.0472222
1 0.183594 0.956944 0.0164062 0.0194444
0 0.330664 0.576042 0.0242187 0.0416667
0 0.313477 0.554167 0.0597656 0.0833333
0 0.3875 0.306424 0.0367187 0.0690972
1 0.441406 0.883333 0.009375 0.0194444
1 0.189453 0.22691 0.0179687 0.0381944
1 0.233008 0.0940972 0.0105469 0.0211806
0 0.0203125 0.868056 0.0355469 0.108333
0 0.802344 0.0265625 0.0578125 0.0509549
1 0.149023 0.325347 0.0167969 0.0333333
1 0.126465 0.228819 0.0126953 0.0246528
0 0.325391 0.581944 0.03125 0.0583333
0 0.300391 0.544792 0.0726563 0.0923611
0 0.789844 0.108854 0.139062 0.0788194
0 0.746094 0.112847 0.159375 0.0756944
1 0.124414 0.320486 0.0136719 0.0243056
0 0.789258 0.158333 0.152734 0.0697917
1 0.420312 0.860417 0.0109375 0.0263889
1 0.330273 0.576389 0.01875 0.0388889
0 0.141992 0.348264 0.0128906 0.0284722
0 0.235938 0.65 0.0640625 0.0805556
0 0.814062 0.156944 0.15 0.0708333
1 0.0251465 0.831944 0.0227539 0.0361111
0 0.332617 0.584722 0.03125 0.0611111
0 0.328906 0.597222 0.0335938 0.0833333
0 0.329297 0.590625 0.0375 0.0631944
1 0.185986 0.954167 0.0225586 0.0277778
0 0.149512 0.332292 0.0160156 0.025
0 0.791992 0.0238715 0.0691406 0.0463542
0 0.316602 0.581944 0.0480469 0.0736111
1 0.384375 0.291667 0.0289063 0.0458333
0 0.769531 0.0665799 0.114063 0.0668403
0 0.791406 0.0474935 0.0828125 0.0883464
1 0.154492 0.335069 0.0203125 0.0284722
0 0.296875 0.526736 0.0648438 0.0715278
0 0.74375 0.159201 0.1625 0.0753472
0 0.795117 0.0639106 0.106641 0.0704427
1 0.124414 0.230903 0.0142578 0.0270833
0 0.778125 0.0546007 0.08125 0.0710069
1 0.386719 0.8875 0.0101562 0.025
0 0.748828 0.0678602 0.124219 0.0576823
0 0.325391 0.540972 0.0679687 0.0805556
0 0.24707 0.936111 0.0785156 0.127778
0 0.526563 0.246875 0.0453125 0.0847222
0 0.444531 0.451042 0.0507812 0.102083
0 0.441016 0.597222 0.0617188 0.133333
0 0.914062 0.121007 0.115625 0.0916667
0 0.331445 0.0642144 0.0535156 0.0469184
0 0.0632324 0.595139 0.0813477 0.0638889
0 0.403906 0.561458 0.05 0.10625
0 0.938281 0.350608 0.115625 0.105729
0 0.247656 0.240104 0.0640625 0.0496528
0 0.267969 0.192708 0.0609375 0.05
0 0.312109 0.109896 0.0621094 0.0486111
0 0.223047 0.297396 0.0742188 0.0552083
0 0.846875 0.403472 0.065625 0.0694444
0 0.371484 0.0157227 0.0578125 0.0308811
0 0.415234 0.263021 0.0507812 0.0805556
0 0.435156 0.189583 0.0515625 0.08125
0 0.240625 0.569444 0.04375 0.0972222
0 0.284766 0.520833 0.0476562 0.0652778
0 0.221875 0.647569 0.0375 0.0659722
0 0.0142334 0.740278 0.026416 0.0611111
0 0.384473 0.292188 0.0294922 0.0454861
1 0.141992 0.348264 0.0125 0.0291667
1 0.150684 0.333247 0.0146484 0.0251736
1 0.407031 0.8625 0.0132813 0.0361111
1 0.185937 0.223611 0.0109375 0.03125
0 0.390234 0.294792 0.0390625 0.0520833
0 0.803906 0.0202257 0.053125 0.0403646
0 0.0216309 0.849306 0.0321289 0.075
1 0.150195 0.340972 0.0152344 0.0340278
0 0.0223877 0.833333 0.0294434 0.0416667
1 0.185937 0.230208 0.0132813 0.040625
0 0.317969 0.565278 0.0441406 0.0638889
0 0.0250854 0.831944 0.0226807 0.0361111
0 0.322852 0.572222 0.0355469 0.0472222
0 0.0195068 0.8375 0.0347168 0.0527778
0 0.313281 0.554861 0.059375 0.0833333
0 0.330469 0.576389 0.0242187 0.0416667
1 0.183594 0.956944 0.0164062 0.0194444
1 0.441406 0.883333 0.009375 0.0194444
0 0.387402 0.306424 0.0361328 0.0690972
1 0.189453 0.226562 0.0179687 0.0378472
1 0.232812 0.094184 0.0109375 0.0211806
0 0.0204102 0.868056 0.0355469 0.106944
0 0.300391 0.545139 0.0726563 0.0930556
0 0.325781 0.581944 0.0304688 0.0576389
1 0.149023 0.325347 0.0167969 0.0333333
0 0.802344 0.0264323 0.0578125 0.050434
0 0.789062 0.109462 0.139062 0.0772569
1 0.126563 0.228819 0.0125 0.025
0 0.746094 0.1125 0.157813 0.0753472
0 0.235938 0.650347 0.0640625 0.08125
0 0.788281 0.158333 0.151562 0.0694444
1 0.124512 0.320486 0.0138672 0.025
0 0.328906 0.596875 0.0320312 0.0826389
1 0.330078 0.576389 0.01875 0.0388889
1 0.420312 0.861111 0.0109375 0.025
0 0.141992 0.348264 0.0128906 0.0284722
0 0.813281 0.157118 0.148438 0.0704861
0 0.332422 0.584722 0.0308594 0.0597222
1 0.0250854 0.831944 0.0226807 0.0361111
0 0.149609 0.332639 0.0160156 0.025
0 0.316797 0.582639 0.0476562 0.0736111
1 0.384375 0.291667 0.028125 0.0454861
1 0.186133 0.954167 0.0226563 0.0277778
0 0.742969 0.159418 0.1625 0.0749132
0 0.76875 0.0666667 0.1125 0.0663194
0 0.792188 0.0236003 0.0703125 0.0456814
0 0.297461 0.527083 0.0648438 0.0722222
0 0.791406 0.047309 0.08125 0.0873264
1 0.154395 0.335069 0.0205078 0.0284722
1 0.386719 0.8875 0.0101562 0.025
0 0.793555 0.0642578 0.106641 0.069401
0 0.332227 0.570139 0.0328125 0.0513889
0 0.77832 0.0546007 0.0808594 0.0699653
0 0.325 0.541667 0.065625 0.0805556
0 0.746875 0.0678819 0.126563 0.0590278
1 0.124414 0.230556 0.0140625 0.0267361
0 0.24707 0.936111 0.0785156 0.127778
0 0.526563 0.246875 0.0453125 0.0847222
0 0.444531 0.451042 0.0507812 0.102083
0 0.441016 0.597222 0.0617188 0.133333
0 0.914062 0.120747 0.115625 0.0918403
0 0.331445 0.0643229 0.0535156 0.0470486
0 0.063269 0.595139 0.0812744 0.0638889
0 0.403906 0.561458 0.05 0.10625
0 0.938281 0.350608 0.115625 0.105729
0 0.247656 0.240104 0.0640625 0.0496528
0 0.846875 0.403472 0.065625 0.0701389
0 0.267969 0.192708 0.0609375 0.05
0 0.312109 0.109983 0.0625 0.0486111
0 0.223438 0.297222 0.0742188 0.0555556
0 0.371484 0.015701 0.0578125 0.0307509
0 0.415234 0.263194 0.0507812 0.0805556
0 0.435156 0.18941 0.0515625 0.08125
0 0.24082 0.569444 0.04375 0.0972222
0 0.284766 0.520833 0.0476562 0.0652778
0 0.221875 0.647569 0.0375 0.0659722
0 0.0142334 0.740278 0.026416 0.0597222
0 0.384375 0.292188 0.0289063 0.0454861
1 0.141992 0.348264 0.0125 0.0291667
1 0.150586 0.332986 0.0148437 0.0256944
1 0.407031 0.8625 0.0132813 0.0361111
1 0.185937 0.223611 0.0109375 0.0309028
0 0.390234 0.294792 0.0390625 0.0513889
0 0.803125 0.0194444 0.053125 0.0381944
0 0.0216309 0.849306 0.0321289 0.075
1 0.150195 0.340972 0.0152344 0.0340278
0 0.317969 0.565972 0.04375 0.0638889
0 0.0223633 0.833333 0.0294922 0.0430556
1 0.185937 0.230208 0.0132813 0.0402778
0 0.322656 0.572222 0.0351562 0.0472222
0 0.0250977 0.83125 0.0227539 0.0375
0 0.0194824 0.8375 0.0347656 0.0527778
0 0.313086 0.554861 0.0589844 0.0819444
0 0.330078 0.576389 0.0242187 0.0416667
1 0.183594 0.956944 0.0164062 0.0194444
1 0.441406 0.883333 0.009375 0.0194444
0 0.0144531 0.729167 0.0267578 0.0694444
1 0.189063 0.226389 0.0171875 0.0375
1 0.232812 0.094184 0.0109375 0.0213542
0 0.0205078 0.868056 0.0354492 0.106944
0 0.300781 0.545486 0.0726563 0.0923611
0 0.325781 0.581944 0.0296875 0.0569444
0 0.387109 0.306597 0.0359375 0.06875
0 0.80293 0.0263455 0.0566406 0.0499132
1 0.149023 0.325347 0.0167969 0.0333333
0 0.235742 0.650347 0.0644531 0.08125
0 0.7875 0.109983 0.140625 0.0758681
1 0.126563 0.228472 0.0125 0.0243056
0 0.744922 0.112413 0.158594 0.0751736
0 0.787695 0.158377 0.152734 0.0693576
0 0.328516 0.596528 0.03125 0.0819444
1 0.124512 0.320833 0.0138672 0.025
0 0.332422 0.584722 0.0308594 0.0604167
1 0.330078 0.576736 0.0191406 0.0395833
1 0.0250977 0.83125 0.0227539 0.0375
0 0.8125 0.157292 0.148438 0.0704861
0 0.141992 0.348264 0.0128906 0.0284722
1 0.419531 0.861111 0.0109375 0.0263889
1 0.384375 0.291667 0.028125 0.0451389
0 0.316992 0.582639 0.046875 0.0722222
0 0.149707 0.332292 0.0162109 0.025
1 0.186328 0.953472 0.0226563 0.0277778
0 0.742188 0.159375 0.1625 0.0746528
0 0.767578 0.0667535 0.113281 0.0661458
0 0.791992 0.0233507 0.0691406 0.0451389
1 0.386719 0.8875 0.0101562 0.025
0 0.298047 0.527431 0.0648438 0.0729167
0 0.792383 0.0472982 0.0808594 0.0863064
0 0.79375 0.0644097 0.10625 0.06875
0 0.324219 0.542708 0.0648438 0.0805556
0 0.778125 0.0542969 0.0796875 0.0693576
0 0.744531 0.0678819 0.13125 0.0612847
0 0.7625 0.205208 0.14375 0.0743056
0 0.228906 0.657639 0.0507812 0.0819444
0 0.034082 0.393056 0.0670898 0.0930556
0 0.739062 0.205903 0.157813 0.0798611
1 0.154297 0.335069 0.0205078 0.0284722
0 0.332031 0.570486 0.0328125 0.0513889
0 0.24707 0.936111 0.0785156 0.127778
0 0.526563 0.246875 0.0453125 0.0847222
0 0.444531 0.451042 0.0507812 0.102083
0 0.441016 0.597222 0.0617188 0.133333
0 0.914062 0.120747 0.115625 0.0918403
0 0.331445 0.0643229 0.0535156 0.0470486
0 0.0632324 0.595139 0.0811523 0.0638889
0 0.403906 0.561458 0.05 0.10625
0 0.938281 0.350694 0.115625 0.105556
0 0.247656 0.240104 0.0640625 0.0496528
0 0.267969 0.192708 0.0613281 0.05
0 0.312109 0.109896 0.0625 0.0486111
0 0.223047 0.297396 0.0742188 0.0552083
0 0.846875 0.403472 0.065625 0.0701389
0 0.371484 0.0157552 0.0578125 0.0307292
0 0.415234 0.263194 0.0507812 0.0805556
0 0.435156 0.189236 0.0515625 0.08125
0 0.24082 0.569444 0.04375 0.0972222
0 0.284766 0.520833 0.0476562 0.0652778
0 0.22207 0.647917 0.0378906 0.0666667
0 0.0142578 0.740278 0.0264648 0.0597222
0 0.384375 0.292014 0.0289063 0.0454861
1 0.141992 0.348264 0.0125 0.0291667
1 0.150586 0.332986 0.0146484 0.0256944
1 0.407031 0.8625 0.0132813 0.0361111
1 0.185937 0.223611 0.0109375 0.0305556
0 0.390234 0.294618 0.0390625 0.0513889
0 0.803125 0.0194878 0.053125 0.0381944
0 0.318164 0.566667 0.04375 0.0625
1 0.150195 0.340972 0.0152344 0.0347222
0 0.0216309 0.85 0.0323242 0.075
0 0.0222656 0.833333 0.0296875 0.0444444
0 0.323047 0.572917 0.034375 0.0472222
1 0.185937 0.230208 0.0128906 0.0402778
0 0.0250854 0.83125 0.022876 0.0375
0 0.312891 0.554861 0.059375 0.0819444
0 0.330273 0.576389 0.0238281 0.0416667
1 0.183594 0.956944 0.0164062 0.0194444
1 0.441406 0.883333 0.009375 0.0194444
0 0.0144531 0.729167 0.0267578 0.0694444
1 0.189063 0.226042 0.0171875 0.0368056
1 0.232812 0.094184 0.0109375 0.0213542
0 0.326172 0.581944 0.0289063 0.0569444
0 0.0205322 0.868056 0.035498 0.108333
0 0.300977 0.545139 0.0730469 0.0930556
0 0.235742 0.650694 0.0644531 0.0819444
0 0.80293 0.0262153 0.0566406 0.049566
1 0.149023 0.325347 0.0166016 0.0333333
0 0.328516 0.596528 0.0304688 0.0819444
0 0.74375 0.112326 0.159375 0.0760417
0 0.786719 0.110156 0.142188 0.0762153
0 0.386816 0.306597 0.0357422 0.06875
0 0.785742 0.158333 0.153516 0.0701389
1 0.126563 0.228472 0.0125 0.0243056
0 0.332422 0.584722 0.0304688 0.0597222
1 0.124609 0.321007 0.0140625 0.0253472
0 0.811719 0.157335 0.15 0.071441
1 0.0250854 0.83125 0.022876 0.0375
1 0.330078 0.577083 0.0195312 0.0402778
0 0.317187 0.582639 0.046875 0.0722222
1 0.384277 0.291493 0.0283203 0.0451389
0 0.741797 0.159332 0.163281 0.0750868
0 0.141895 0.348611 0.0128906 0.0277778
0 0.766406 0.0668403 0.114063 0.0668403
1 0.386719 0.8875 0.0101562 0.025
0 0.792969 0.0233941 0.06875 0.0451389
1 0.419141 0.861111 0.0109375 0.0277778
1 0.186328 0.953472 0.0226563 0.0277778
0 0.149805 0.332552 0.0162109 0.0251736
0 0.228906 0.657639 0.0511719 0.0819444
0 0.738281 0.205903 0.157813 0.0798611
0 0.761328 0.204861 0.146094 0.0746528
0 0.742578 0.0678819 0.135156 0.0633681
0 0.792969 0.0646701 0.10625 0.06875
0 0.332031 0.570833 0.0328125 0.0513889
0 0.792188 0.0474067 0.0796875 0.0860894
0 0.298047 0.527778 0.0644531 0.0729167
0 0.324219 0.543403 0.0628906 0.0805556
0 0.717188 0.114844 0.1625 0.0786458
0 0.77793 0.0539497 0.0785156 0.0697049
0 0.789062 0.204514 0.151562 0.0725694
0 0.810156 0.1125 0.134375 0.0774306
0 0.247266 0.936111 0.078125 0.127778
0 0.526563 0.246701 0.0453125 0.0850694
0 0.444531 0.451042 0.0507812 0.102083
0 0.441016 0.597222 0.0617188 0.133333
0 0.914062 0.12092 0.115625 0.0918403
0 0.331445 0.0643229 0.0535156 0.0470486
0 0.0632324 0.595139 0.0811523 0.0638889
0 0.403906 0.561458 0.05 0.10625
0 0.9375 0.350694 0.115625 0.105556
0 0.247656 0.240104 0.0640625 0.0496528
0 0.267969 0.192708 0.0609375 0.05
0 0.312109 0.109983 0.0625 0.0484375
0 0.223047 0.297569 0.0742188 0.0548611
0 0.846875 0.403472 0.065625 0.0701389
0 0.371094 0.0157552 0.0578125 0.0307292
0 0.415234 0.263194 0.0507812 0.0805556
0 0.435156 0.189236 0.0515625 0.08125
0 0.241211 0.570139 0.0449219 0.0986111
0 0.284766 0.520833 0.0476562 0.0652778
0 0.222266 0.647569 0.0382813 0.0659722
0 0.0142578 0.740278 0.0264648 0.0597222
0 0.384277 0.291319 0.0283203 0.0451389
1 0.141992 0.348264 0.0125 0.0291667
1 0.150586 0.333333 0.0146484 0.0256944
1 0.407031 0.8625 0.0132813 0.0361111
1 0.185937 0.223611 0.0109375 0.0305556
0 0.803125 0.0195747 0.053125 0.0381944
0 0.390234 0.294618 0.0390625 0.0510417
0 0.318359 0.567708 0.04375 0.0611111
1 0.150293 0.340625 0.0150391 0.0340278
0 0.323438 0.573611 0.0335938 0.0458333
1 0.185937 0.230208 0.0128906 0.0402778
0 0.0216797 0.85 0.0324219 0.0763889
0 0.0222656 0.833333 0.0297852 0.0444444
0 0.313086 0.555556 0.0585938 0.0819444
0 0.0250122 0.83125 0.0230225 0.0375
0 0.330273 0.576736 0.0238281 0.0416667
1 0.183594 0.956944 0.0164062 0.0194444
1 0.441406 0.883333 0.009375 0.0194444
0 0.326367 0.581944 0.0285156 0.0569444
1 0.188867 0.226042 0.0167969 0.0364583
1 0.233008 0.094184 0.0109375 0.0217014
0 0.014502 0.729167 0.0268555 0.0694444
0 0.301172 0.545833 0.0726563 0.0930556
0 0.235547 0.650694 0.0640625 0.0805556
0 0.0206055 0.86875 0.0355469 0.109722
0 0.328516 0.596181 0.0296875 0.08125
0 0.803125 0.0261719 0.05625 0.0492188
1 0.149023 0.325694 0.0166016 0.0333333
0 0.742969 0.112326 0.159375 0.0763889
0 0.785937 0.110417 0.142188 0.0763889
0 0.786133 0.15816 0.155859 0.0704861
1 0.126563 0.228299 0.0125 0.0239583
0 0.332422 0.584722 0.0296875 0.0597222
0 0.386719 0.306771 0.0351562 0.0684028
1 0.124609 0.321007 0.0138672 0.0253472
0 0.317578 0.582986 0.0460938 0.0708333
1 0.384277 0.291319 0.0283203 0.0451389
0 0.741406 0.159766 0.164062 0.0756076
1 0.0250122 0.83125 0.0230225 0.0375
1 0.330078 0.577083 0.0195312 0.0402778
1 0.386719 0.8875 0.0101562 0.025
0 0.792969 0.023253 0.06875 0.0448134
0 0.765625 0.066862 0.115625 0.0673177
0 0.141895 0.348611 0.0128906 0.0277778
0 0.228906 0.656944 0.0507812 0.0819444
0 0.7375 0.206076 0.159375 0.0802083
1 0.186328 0.953472 0.0222656 0.0277778
1 0.418359 0.861111 0.0117188 0.0277778
0 0.760547 0.204861 0.149219 0.075
0 0.741797 0.0679687 0.138281 0.0649306
0 0.149805 0.332552 0.0160156 0.0251736
0 0.792969 0.0646701 0.10625 0.06875
0 0.716797 0.11467 0.161719 0.0789931
0 0.791992 0.0472656 0.0785156 0.0856771
0 0.331836 0.571181 0.0324219 0.0506944
0 0.779688 0.0530816 0.0796875 0.0707465
0 0.298047 0.527778 0.0640625 0.0722222
0 0.324023 0.54375 0.0617188 0.0805556
1 0.431641 0.649306 0.0164062 0.0375
0 0.788281 0.20434 0.153125 0.0722222
0 0.323047 0.597222 0.0394531 0.0861111
0 0.810156 0.112587 0.134375 0.0776042
0 0.247266 0.936111 0.078125 0.127778
0 0.526563 0.246875 0.0453125 0.0850694
0 0.444531 0.450694 0.0507812 0.102778
0 0.441016 0.597222 0.0617188 0.133333
0 0.914062 0.120747 0.115625 0.0918403
0 0.331445 0.0643229 0.0535156 0.0470486
0 0.063269 0.595139 0.0810791 0.0638889
0 0.403906 0.561458 0.05 0.10625
0 0.247656 0.240104 0.0640625 0.0496528
0 0.9375 0.350694 0.115625 0.105556
0 0.267969 0.192708 0.0613281 0.05
0 0.223047 0.297569 0.0742188 0.0548611
0 0.312109 0.109896 0.0625 0.0482639
0 0.846875 0.403472 0.0671875 0.0701389
0 0.371094 0.0157118 0.0578125 0.0305556
0 0.415234 0.263194 0.0507812 0.0805556
0 0.435156 0.189063 0.0515625 0.0809028
0 0.241211 0.570139 0.0449219 0.0993056
0 0.284766 0.520833 0.0476562 0.0652778
0 0.222266 0.647569 0.0382813 0.0659722
0 0.0143066 0.740278 0.0264648 0.0611111
0 0.383984 0.291319 0.028125 0.0451389
1 0.141992 0.348611 0.0125 0.0291667
1 0.150586 0.333333 0.0146484 0.0256944
1 0.407031 0.8625 0.0132813 0.0347222
1 0.185937 0.223611 0.0109375 0.0305556
0 0.803125 0.0196072 0.053125 0.0380425
0 0.390234 0.294444 0.0390625 0.0506944
0 0.318359 0.568056 0.04375 0.0604167
1 0.150391 0.340625 0.0148437 0.0340278
0 0.323828 0.573611 0.0332031 0.0458333
1 0.185937 0.230208 0.0128906 0.0402778
0 0.0217041 0.85 0.0325684 0.0777778
0 0.0221924 0.834028 0.0299316 0.0444444
0 0.313086 0.555556 0.0582031 0.0819444
0 0.330078 0.576736 0.0242187 0.0416667
0 0.0249512 0.83125 0.0230469 0.0375
0 0.019458 0.8375 0.0348145 0.0541667
0 0.326562 0.581944 0.028125 0.05625
1 0.183594 0.956944 0.0164062 0.0194444
1 0.188672 0.225868 0.0164062 0.0361111
1 0.441406 0.882639 0.009375 0.0194444
0 0.0145264 0.729167 0.027002 0.0694444
0 0.235547 0.650694 0.0640625 0.0819444
0 0.301172 0.545486 0.0726563 0.0930556
1 0.232812 0.0942708 0.0109375 0.021875
0 0.328516 0.595833 0.0296875 0.0805556
0 0.0206299 0.869444 0.035498 0.111111
0 0.801758 0.0261285 0.0589844 0.0484375
1 0.149023 0.325694 0.0164062 0.0333333
0 0.742578 0.1125 0.160156 0.0763889
0 0.785156 0.110937 0.14375 0.0756944
0 0.78418 0.158507 0.156641 0.0704861
0 0.332031 0.584722 0.0296875 0.0597222
1 0.126563 0.228125 0.0125 0.0236111
0 0.317578 0.582986 0.0460938 0.0701389
1 0.383984 0.291319 0.028125 0.0451389
0 0.740625 0.160026 0.165625 0.0750868
1 0.124609 0.321181 0.0140625 0.0256944
0 0.386621 0.306944 0.0345703 0.0680556
0 0.810156 0.157813 0.151562 0.071875
0 0.792969 0.0229601 0.06875 0.044184
1 0.386719 0.8875 0.0101562 0.025
1 0.0249512 0.83125 0.0230469 0.0375
1 0.329883 0.577083 0.0199219 0.0409722
0 0.764844 0.0671875 0.117188 0.0680556
0 0.228906 0.657292 0.0511719 0.0826389
0 0.737109 0.20625 0.160156 0.0798611
0 0.740234 0.0684028 0.141406 0.0663194
0 0.759766 0.204861 0.152344 0.0743056
0 0.141895 0.348611 0.0128906 0.0277778
0 0.716406 0.114757 0.1625 0.0784722
1 0.186328 0.953472 0.0222656 0.0277778
0 0.792188 0.0650174 0.10625 0.0685764
1 0.417188 0.861806 0.0125 0.0277778
0 0.323242 0.597222 0.0390625 0.0861111
0 0.331836 0.571528 0.0324219 0.0506944
0 0.792969 0.0472656 0.0796875 0.0856771
0 0.297852 0.527431 0.0640625 0.0722222
0 0.323633 0.54375 0.0601562 0.0798611
0 0.78125 0.0523437 0.0796875 0.0722222
1 0.431641 0.65 0.015625 0.0361111
0 0.809375 0.113021 0.134375 0.0774306
0 0.149805 0.332639 0.0160156 0.025
0 0.786719 0.204514 0.154687 0.0715278
0 0.247266 0.936111 0.078125 0.127778
0 0.526563 0.246875 0.0453125 0.0850694
0 0.444531 0.450694 0.0507812 0.102083
0 0.441016 0.597222 0.0617188 0.133333
0 0.914062 0.12066 0.115625 0.0916667
0 0.331445 0.0642144 0.0535156 0.0469184
0 0.063269 0.595139 0.0810791 0.0638889
0 0.403906 0.561458 0.05 0.10625
0 0.247656 0.240104 0.0640625 0.0493056
0 0.9375 0.350608 0.115625 0.105729
0 0.267578 0.192708 0.0617188 0.0506944
0 0.223047 0.297396 0.0742188 0.0552083
0 0.312109 0.109896 0.0625 0.0482639
0 0.846875 0.403472 0.0671875 0.0708333
0 0.371289 0.0155816 0.0574219 0.0301215
0 0.415234 0.263542 0.0507812 0.0809028
0 0.435156 0.189063 0.0515625 0.0809028
0 0.241406 0.570139 0.0453125 0.0993056
0 0.284766 0.520833 0.0484375 0.0652778
0 0.222266 0.647569 0.0382813 0.0659722
0 0.0142822 0.739583 0.0265137 0.0597222
0 0.383984 0.291319 0.028125 0.0447917
1 0.141992 0.348611 0.0125 0.0291667
1 0.150586 0.333333 0.0144531 0.0263889
1 0.407031 0.8625 0.0125 0.0347222
0 0.803125 0.0196181 0.053125 0.0380208
1 0.185937 0.223611 0.0113281 0.0305556
0 0.390234 0.294271 0.0390625 0.0506944
0 0.318359 0.568056 0.04375 0.0611111
1 0.150293 0.340625 0.0148437 0.0340278
0 0.323828 0.574306 0.0328125 0.0458333
1 0.185937 0.230208 0.0128906 0.0395833
0 0.313281 0.555903 0.0578125 0.08125
0 0.0220703 0.834028 0.0301758 0.0444444
0 0.0216064 0.85 0.0328613 0.0777778
0 0.329688 0.577083 0.0195312 0.0416667
0 0.0248779 0.83125 0.0231934 0.0375
0 0.326562 0.581944 0.0277344 0.05625
0 0.0194336 0.8375 0.0348633 0.0541667
1 0.188672 0.225694 0.0164062 0.0354167
1 0.183789 0.956944 0.0160156 0.0194444
0 0.235547 0.650694 0.0640625 0.0805556
1 0.441406 0.882639 0.009375 0.0194444
0 0.301172 0.545486 0.0726563 0.0930556
0 0.328516 0.595833 0.0296875 0.0805556
0 0.332422 0.577778 0.0273438 0.0458333
1 0.233008 0.094184 0.0113281 0.0220486
0 0.0206299 0.868056 0.0355957 0.108333
0 0.801562 0.0260417 0.0578125 0.0480903
1 0.149023 0.325694 0.0164062 0.0333333
0 0.742188 0.11276 0.159375 0.0765625
0 0.784375 0.111458 0.145313 0.0756944
0 0.783594 0.158681 0.157813 0.0708333
1 0.126563 0.228125 0.0125 0.0236111
0 0.317578 0.582986 0.0460938 0.0701389
1 0.383984 0.291319 0.028125 0.0447917
0 0.739844 0.160243 0.165625 0.0753472
0 0.792969 0.0226454 0.06875 0.0435981
1 0.124609 0.321354 0.0140625 0.0260417
1 0.386719 0.8875 0.0101562 0.025
0 0.764063 0.0673828 0.11875 0.0687066
0 0.228906 0.656944 0.0511719 0.0819444
0 0.386621 0.306944 0.0345703 0.0680556
0 0.736719 0.206597 0.160938 0.0798611
0 0.739844 0.0686632 0.142188 0.0675347
1 0.0248779 0.83125 0.0231934 0.0375
1 0.329688 0.577083 0.0195312 0.0416667
0 0.716016 0.114757 0.161719 0.0784722
0 0.792188 0.0651259 0.10625 0.0687066
0 0.141992 0.348611 0.0128906 0.0277778
1 0.186328 0.954167 0.021875 0.0277778
0 0.323438 0.596875 0.0382813 0.0854167
1 0.416406 0.861111 0.0125 0.0277778
0 0.793555 0.0473958 0.0785156 0.0855903
0 0.782031 0.0518229 0.0796875 0.0734375
0 0.297656 0.527083 0.0636719 0.0722222
0 0.331836 0.571528 0.0320312 0.0506944
0 0.323633 0.54375 0.0597656 0.0791667
1 0.432031 0.650694 0.015625 0.0347222
0 0.808594 0.113368 0.134375 0.0774306
0 0.247266 0.936111 0.078125 0.127778
0 0.526563 0.246875 0.0453125 0.0850694
0 0.444531 0.450694 0.0507812 0.102083
0 0.441016 0.597222 0.0617188 0.133333
0 0.914062 0.12066 0.115625 0.0916667
0 0.331445 0.0643229 0.0535156 0.0470486
0 0.063269 0.595139 0.0810791 0.0638889
0 0.403906 0.561458 0.05 0.10625
0 0.247656 0.240104 0.0640625 0.0493056
0 0.9375 0.350608 0.115625 0.105729
0 0.267773 0.192708 0.0613281 0.0506944
0 0.223047 0.297396 0.0742188 0.0552083
0 0.312109 0.109896 0.0625 0.0482639
0 0.846875 0.403472 0.0671875 0.0708333
0 0.371289 0.0155816 0.0574219 0.0301215
0 0.415234 0.263542 0.0507812 0.0809028
0 0.435156 0.189063 0.0515625 0.0809028
0 0.241406 0.570139 0.0453125 0.0993056
0 0.284766 0.520833 0.0484375 0.0652778
0 0.222266 0.647569 0.0382813 0.0659722
0 0.0142822 0.739583 0.0265137 0.0597222
0 0.383984 0.291319 0.028125 0.0447917
1 0.141992 0.348611 0.0125 0.0291667
1 0.150586 0.333333 0.0144531 0.0263889
1 0.407031 0.8625 0.0132813 0.0347222
0 0.803125 0.0196181 0.053125 0.0380208
1 0.185937 0.223611 0.0109375 0.0305556
0 0.390234 0.294271 0.0382813 0.0506944
0 0.318359 0.568056 0.04375 0.0611111
1 0.150293 0.340625 0.0148437 0.0340278
0 0.323828 0.574306 0.0328125 0.0458333
1 0.185937 0.230208 0.0128906 0.0395833
0 0.313281 0.555903 0.0578125 0.08125
0 0.0220947 0.834028 0.030127 0.0444444
0 0.0216553 0.85 0.0328613 0.0777778
0 0.329688 0.577083 0.0195312 0.0416667
0 0.0248779 0.83125 0.0231934 0.0375
0 0.326562 0.581944 0.0277344 0.05625
0 0.0194336 0.8375 0.0348633 0.0541667
1 0.188672 0.225521 0.0164062 0.0357639
1 0.183789 0.956944 0.0160156 0.0180556
0 0.235547 0.651042 0.0640625 0.08125
1 0.441406 0.882639 0.009375 0.0194444
0 0.301172 0.545486 0.0726563 0.0930556
0 0.328516 0.595833 0.0296875 0.0805556
0 0.332422 0.577778 0.0273438 0.0458333
1 0.232812 0.094184 0.0109375 0.0220486
0 0.0206543 0.868056 0.0355469 0.108333
0 0.801758 0.0260525 0.0589844 0.0480686
1 0.149023 0.325608 0.0164062 0.0335069
0 0.742188 0.11276 0.159375 0.0765625
0 0.784375 0.111458 0.145313 0.0756944
0 0.783594 0.158724 0.157813 0.0707465
1 0.126563 0.228125 0.0125 0.0236111
0 0.317578 0.582986 0.0460938 0.0701389
1 0.383984 0.291319 0.028125 0.0447917
0 0.739844 0.160243 0.165625 0.0753472
0 0.792969 0.0226454 0.06875 0.0435981
1 0.124707 0.321354 0.0140625 0.0260417
1 0.386719 0.8875 0.0101562 0.025
0 0.764453 0.0674479 0.119531 0.06875
0 0.228906 0.656944 0.0511719 0.0819444
0 0.386621 0.306944 0.0345703 0.0680556
0 0.736719 0.206424 0.160938 0.0798611
1 0.0248779 0.83125 0.0231934 0.0375
0 0.739844 0.06875 0.142188 0.0675347
1 0.329688 0.577083 0.0195312 0.0416667
0 0.716016 0.114757 0.161719 0.0784722
0 0.792188 0.0651259 0.10625 0.0687066
0 0.141992 0.348611 0.0128906 0.0277778
1 0.186328 0.954167 0.021875 0.0277778
0 0.323438 0.596875 0.0382813 0.0854167
1 0.416406 0.861111 0.0125 0.0277778
0 0.793555 0.0474392 0.0785156 0.0856771
0 0.782031 0.0518229 0.0796875 0.0734375
0 0.297656 0.527083 0.0636719 0.0722222
0 0.331836 0.571528 0.0320312 0.0506944
0 0.323633 0.54375 0.0597656 0.0791667
1 0.432031 0.650694 0.015625 0.0347222
0 0.808594 0.113368 0.134375 0.0774306
