3 0.0864258 0.405556 0.0648438 0.0972222
1 0.222266 0.297222 0.0140625 0.0354167
0 0.22207 0.298611 0.0152344 0.0368056
1 0.220313 0.298438 0.0171875 0.040625
0 0.883594 0.700174 0.23125 0.563542
1 0.882812 0.604514 0.028125 0.0541667
1 0.216406 0.025076 0.0148437 0.0345703
0 0.884375 0.604514 0.0265625 0.0527778
0 0.0803711 0.572917 0.160742 0.131944
3 0.087207 0.404861 0.0654297 0.0972222
1 0.222656 0.298785 0.0160156 0.0385417
1 0.21582 0.0252604 0.0128906 0.0349826
0 0.222656 0.298785 0.0160156 0.0385417
1 0.496484 0.526389 0.0078125 0.025
0 0.879687 0.713889 0.0375 0.0694444
1 0.497656 0.522917 0.0109375 0.0333333
3 0.087085 0.405208 0.0648926 0.0958333
1 0.222461 0.296181 0.0144531 0.0340278
1 0.220703 0.297049 0.01875 0.0388889
1 0.457812 0.535417 0.009375 0.01875
0 0.222461 0.297917 0.0152344 0.0368056
1 0.216211 0.0242187 0.0140625 0.0345486
0 0.216211 0.0242187 0.0140625 0.0345486
1 0.316211 0.802778 0.00820312 0.0194444
1 0.496484 0.526042 0.0078125 0.025
1 0.459375 0.530903 0.0101562 0.0229167
1 0.122266 0.586111 0.0121094 0.0305556
1 0.0807617 0.620833 0.0111328 0.0222222
0 0.021582 0.00950521 0.012793 0.0190104
1 0.503906 0.51875 0.0078125 0.0229167
1 0.021582 0.00950521 0.012793 0.0190104
0 0.979688 0.947222 0.034375 0.0611111
3 0.0868164 0.405556 0.0654297 0.0958333
1 0.22207 0.295139 0.0128906 0.0305556
0 0.221875 0.298958 0.0140625 0.0333333
0 0.224219 0.299132 0.015625 0.0315972
1 0.224219 0.299132 0.015625 0.0315972
1 0.219922 0.297569 0.0167969 0.0361111
1 0.316406 0.802778 0.0078125 0.0166667
0 0.21582 0.0242079 0.0128906 0.0312717
1 0.457031 0.534375 0.00625 0.0145833
2 0.0869141 0.405903 0.0652344 0.0951389
0 0.316406 0.802778 0.0078125 0.0166667
1 0.35332 0.801389 0.00859375 0.0111111
3 0.0869141 0.405903 0.0650391 0.0965278
1 0.222266 0.294792 0.0128906 0.0305556
1 0.22168 0.3 0.0132813 0.0326389
1 0.224609 0.295486 0.0148437 0.0326389
0 0.22168 0.3 0.0132813 0.0326389
1 0.219922 0.295486 0.0167969 0.0333333
0 0.222266 0.294792 0.0128906 0.0305556
1 0.316016 0.803472 0.0078125 0.0194444
0 0.224609 0.298264 0.0148437 0.0319444
0 0.219922 0.295486 0.0167969 0.0333333
1 0.35293 0.8 0.009375 0.0125
3 0.0867188 0.405903 0.0650391 0.0965278
1 0.221875 0.293056 0.0117188 0.0277778
1 0.221094 0.306771 0.0117188 0.021875
0 0.221094 0.306771 0.0117188 0.021875
1 0.225 0.293924 0.0140625 0.0302083
1 0.224609 0.301736 0.015625 0.0277778
1 0.219531 0.295486 0.0164062 0.03125
0 0.221875 0.293056 0.0117188 0.0277778
1 0.316211 0.802778 0.0078125 0.0180556
2 0.0869141 0.405556 0.0652344 0.0965278
1 0.215625 0.0250868 0.0125 0.0329861
0 0.219531 0.295486 0.0164062 0.03125
1 0.354297 0.8 0.0101562 0.0111111
0 0.224609 0.301736 0.015625 0.0277778
1 0.457812 0.536458 0.00703125 0.0125
0 0.880469 0.679167 0.239063 0.623611
1 0.0217285 0.0078125 0.0118164 0.015625
0 0.225 0.293924 0.0140625 0.0302083
0 0.0869141 0.405556 0.0652344 0.0965278
1 0.442187 0.670833 0.00625 0.0125
1 0.496484 0.527083 0.00703125 0.0194444
1 0.351562 0.80625 0.00625 0.0138889
3 0.0868164 0.405556 0.0646484 0.0958333
1 0.222266 0.292708 0.0117188 0.0270833
1 0.221094 0.306944 0.0109375 0.0208333
1 0.316016 0.802778 0.0078125 0.0180556
1 0.226367 0.305903 0.0109375 0.0194444
1 0.225 0.294444 0.0140625 0.0305556
1 0.219531 0.296181 0.015625 0.0319444
0 0.221094 0.306944 0.0109375 0.0208333
0 0.222266 0.292708 0.0117188 0.0270833
1 0.352734 0.800694 0.00898437 0.0125
1 0.457812 0.535417 0.00703125 0.0125
1 0.0857422 0.436111 0.0126953 0.0340278
1 0.350391 0.805556 0.00625 0.0138889
0 0.219531 0.296181 0.015625 0.0319444
0 0.982031 0.951389 0.028125 0.05
3 0.0869141 0.405903 0.0654297 0.0958333
1 0.222461 0.293056 0.0121094 0.028125
1 0.220898 0.307292 0.0113281 0.0215278
1 0.316016 0.802778 0.0078125 0.0166667
1 0.224805 0.294271 0.0140625 0.0302083
0 0.220898 0.307292 0.0113281 0.0215278
1 0.225781 0.303125 0.0125 0.0243056
0 0.222461 0.293056 0.0121094 0.028125
1 0.219531 0.298438 0.015625 0.0305556
1 0.35293 0.8 0.00898437 0.0125
1 0.457812 0.536111 0.00625 0.0125
1 0.351172 0.805556 0.0078125 0.0152778
0 0.219531 0.298438 0.015625 0.0305556
0 0.224805 0.294271 0.0140625 0.0302083
1 0.0856445 0.436111 0.0119141 0.0333333
0 0.982813 0.951389 0.025 0.05
0 0.225781 0.303125 0.0125 0.0243056
3 0.0867188 0.405903 0.0652344 0.0965278
1 0.222656 0.293056 0.0125 0.0277778
1 0.221094 0.307813 0.0117188 0.021875
0 0.222656 0.293056 0.0125 0.0277778
0 0.221094 0.307813 0.0117188 0.021875
1 0.316016 0.802778 0.0078125 0.0166667
1 0.219727 0.298611 0.0160156 0.0309028
1 0.352734 0.8 0.009375 0.0111111
1 0.224609 0.302604 0.0140625 0.0260417
1 0.351172 0.805556 0.0078125 0.0138889
0 0.219727 0.298611 0.0160156 0.0309028
0 0.224609 0.302604 0.0140625 0.0260417
1 0.457422 0.536111 0.00703125 0.0125
2 0.0868164 0.405903 0.0652344 0.0965278
1 0.339453 0.832639 0.00703125 0.0125
3 0.0869385 0.40625 0.0651855 0.0958333
1 0.222461 0.293056 0.0128906 0.0277778
1 0.220898 0.307639 0.0121094 0.0222222
1 0.219922 0.298264 0.0164062 0.0319444
1 0.316016 0.802778 0.0078125 0.0166667
1 0.224609 0.293576 0.0148437 0.0291667
1 0.224219 0.301389 0.0148437 0.0284722
0 0.220898 0.307639 0.0121094 0.0222222
1 0.352734 0.8 0.00859375 0.0111111
0 0.222461 0.293056 0.0128906 0.0277778
1 0.350781 0.805556 0.00703125 0.0138889
0 0.219922 0.298264 0.0164062 0.0319444
1 0.339453 0.831944 0.00664063 0.0111111
0 0.224609 0.293576 0.0148437 0.0291667
0 0.224219 0.301389 0.0148437 0.0284722
2 0.0869141 0.405903 0.0650391 0.0965278
1 0.457422 0.536111 0.00703125 0.0138889
1 0.882812 0.593403 0.0125 0.0222222
3 0.0869385 0.40625 0.0651855 0.0958333
1 0.222656 0.293056 0.0128906 0.0277778
1 0.220703 0.307292 0.0117188 0.0229167
1 0.316016 0.802778 0.0078125 0.0166667
1 0.219727 0.297917 0.0160156 0.0319444
1 0.224414 0.300347 0.0152344 0.0295139
1 0.352734 0.8 0.00859375 0.0111111
0 0.220703 0.307292 0.0117188 0.0229167
0 0.222656 0.293056 0.0128906 0.0277778
1 0.351172 0.805556 0.00703125 0.0138889
0 0.219727 0.297917 0.0160156 0.0319444
1 0.339063 0.833333 0.00625 0.0111111
0 0.224414 0.300347 0.0152344 0.0295139
1 0.457812 0.535417 0.0078125 0.0138889
1 0.882031 0.593056 0.0125 0.0208333
3 0.0869385 0.40625 0.0651855 0.0958333
1 0.222656 0.293056 0.0132813 0.0284722
1 0.220703 0.307292 0.0121094 0.0229167
1 0.316016 0.802778 0.0078125 0.0166667
1 0.219922 0.297396 0.0164062 0.0326389
1 0.224219 0.299826 0.015625 0.0302083
0 0.220703 0.307292 0.0121094 0.0229167
1 0.352734 0.8 0.00859375 0.0111111
0 0.222656 0.293056 0.0132813 0.0284722
1 0.351172 0.80625 0.00703125 0.0138889
1 0.457812 0.535417 0.0078125 0.0145833
0 0.219922 0.297396 0.0164062 0.0326389
1 0.339063 0.833333 0.00625 0.0125
0 0.224219 0.299826 0.015625 0.0302083
3 0.0869385 0.405903 0.0651855 0.0965278
1 0.222656 0.293056 0.0132813 0.028125
1 0.220703 0.307292 0.0121094 0.0229167
1 0.316016 0.802778 0.0078125 0.0166667
1 0.219727 0.297222 0.0160156 0.0319444
1 0.224609 0.300694 0.0144531 0.0284722
1 0.352734 0.8 0.00859375 0.0111111
0 0.220703 0.307292 0.0121094 0.0229167
1 0.351172 0.80625 0.00703125 0.0138889
0 0.222656 0.293056 0.0132813 0.028125
1 0.457812 0.535417 0.0078125 0.0152778
1 0.339063 0.833333 0.00625 0.0138889
1 0.882031 0.593056 0.0125 0.0208333
3 0.0868164 0.40625 0.0650391 0.0958333
1 0.222656 0.293056 0.0132813 0.0277778
1 0.220898 0.307118 0.0121094 0.0229167
1 0.316016 0.802778 0.0078125 0.0166667
1 0.224805 0.293576 0.0140625 0.0291667
1 0.219727 0.297222 0.0160156 0.0319444
1 0.224805 0.301215 0.0140625 0.0277778
1 0.352734 0.8 0.00859375 0.0111111
1 0.351172 0.805556 0.00703125 0.0138889
0 0.220898 0.307118 0.0121094 0.0229167
1 0.457812 0.535417 0.0078125 0.0152778
1 0.339063 0.833333 0.00625 0.0138889
0 0.222656 0.293056 0.0132813 0.0277778
3 0.0868896 0.405903 0.0648926 0.0965278
1 0.222656 0.293056 0.0132813 0.0277778
1 0.220703 0.306944 0.0125 0.0236111
1 0.316016 0.802778 0.0078125 0.0166667
1 0.219727 0.296875 0.0160156 0.0326389
1 0.224609 0.301042 0.0140625 0.0284722
1 0.351172 0.80625 0.00703125 0.0138889
1 0.352734 0.8 0.00859375 0.0111111
0 0.220703 0.306944 0.0125 0.0236111
1 0.457812 0.535417 0.0078125 0.0152778
1 0.339063 0.833333 0.00625 0.0138889
3 0.0868896 0.405903 0.0648926 0.0965278
1 0.222656 0.293056 0.0132813 0.028125
1 0.220703 0.306597 0.0125 0.0236111
1 0.316016 0.802778 0.0078125 0.0166667
1 0.219922 0.297049 0.0164062 0.0329861
1 0.224609 0.300347 0.0144531 0.0291667
1 0.352734 0.8 0.00859375 0.0111111
1 0.351172 0.80625 0.00703125 0.0138889
1 0.457812 0.535417 0.0078125 0.0152778
0 0.220703 0.306597 0.0125 0.0236111
1 0.339063 0.833333 0.00625 0.0125
3 0.0868896 0.405903 0.0648926 0.0965278
1 0.222656 0.293056 0.0132813 0.0284722
1 0.220703 0.30625 0.0125 0.0243056
1 0.316016 0.802778 0.0078125 0.0166667
1 0.219922 0.297222 0.0164062 0.0333333
1 0.224609 0.3 0.0140625 0.0298611
1 0.351172 0.806944 0.00703125 0.0138889
1 0.352734 0.8 0.00859375 0.0111111
1 0.457812 0.535764 0.0078125 0.0152778
1 0.339258 0.833333 0.00664063 0.0138889
3 0.0869141 0.405903 0.0650391 0.0965278
1 0.222656 0.293229 0.0132813 0.0284722
1 0.220703 0.30625 0.0125 0.025
1 0.316016 0.802778 0.0078125 0.0166667
1 0.219922 0.297222 0.0164062 0.0333333
1 0.224609 0.299653 0.0140625 0.0305556
1 0.351172 0.806944 0.00703125 0.0138889
1 0.352734 0.8 0.00859375 0.0111111
1 0.457812 0.535764 0.0078125 0.0152778
1 0.339258 0.833333 0.00664063 0.0138889
3 0.0870117 0.405903 0.0648438 0.0965278
1 0.222461 0.293403 0.0132813 0.0284722
1 0.220898 0.30625 0.0125 0.0253472
1 0.224609 0.294097 0.0148437 0.0305556
1 0.316016 0.802778 0.0078125 0.0166667
1 0.219922 0.297222 0.0164062 0.0333333
1 0.225 0.300174 0.0140625 0.0298611
1 0.350977 0.806944 0.00703125 0.0138889
1 0.352734 0.8 0.00859375 0.0111111
1 0.457812 0.536111 0.0078125 0.0152778
1 0.339258 0.833333 0.00664063 0.0138889
3 0.0870117 0.405556 0.0648438 0.0958333
1 0.222461 0.293403 0.0132813 0.0284722
1 0.220898 0.30625 0.0125 0.0256944
1 0.224609 0.294271 0.0148437 0.0305556
1 0.219922 0.297569 0.0164062 0.0333333
1 0.316016 0.803472 0.0078125 0.0166667
1 0.225 0.300521 0.0136719 0.0295139
1 0.350977 0.806944 0.00703125 0.0138889
1 0.352734 0.8 0.00820312 0.0111111
1 0.457812 0.536111 0.0078125 0.0152778
1 0.339258 0.833333 0.00664063 0.0138889
3 0.0870117 0.405903 0.0646484 0.0958333
1 0.222461 0.29375 0.0132813 0.0291667
1 0.220898 0.30625 0.0125 0.0256944
1 0.224609 0.294444 0.0148437 0.0309028
1 0.219922 0.297917 0.0164062 0.0336806
1 0.316016 0.803472 0.0078125 0.0166667
1 0.225 0.3 0.0140625 0.0305556
1 0.350781 0.806944 0.00703125 0.0138889
1 0.352734 0.800694 0.00820312 0.0111111
1 0.457812 0.536111 0.0078125 0.0152778
3 0.0870117 0.405556 0.0646484 0.0958333
1 0.222656 0.293924 0.0132813 0.0295139
1 0.220703 0.305903 0.0125 0.0263889
1 0.219922 0.298264 0.0167969 0.0340278
1 0.224609 0.298958 0.0144531 0.0319444
1 0.316016 0.803472 0.0078125 0.0166667
1 0.350781 0.806944 0.00703125 0.0111111
1 0.352734 0.800694 0.00820312 0.0111111
3 0.0870117 0.405556 0.0646484 0.0958333
1 0.222656 0.294097 0.0132813 0.0298611
1 0.220898 0.305729 0.0128906 0.0270833
1 0.219922 0.298438 0.0167969 0.0347222
1 0.224219 0.298264 0.0148437 0.0333333
1 0.316016 0.803472 0.0078125 0.0166667
1 0.350391 0.806944 0.00703125 0.0111111
1 0.352734 0.800694 0.00820312 0.0111111
3 0.0870117 0.405903 0.0646484 0.0958333
1 0.222656 0.294097 0.0136719 0.0302083
1 0.220898 0.305556 0.0128906 0.0270833
1 0.219922 0.298611 0.0171875 0.0350694
1 0.224219 0.297917 0.0152344 0.0340278
1 0.316016 0.802778 0.0078125 0.0166667
1 0.350391 0.806944 0.00664063 0.0111111
1 0.0864258 0.43125 0.0107422 0.0361111
3 0.0870117 0.405903 0.0646484 0.0958333
1 0.222656 0.294097 0.0136719 0.0305556
1 0.220898 0.305208 0.0132813 0.028125
1 0.220117 0.298958 0.0171875 0.0354167
1 0.224219 0.297569 0.015625 0.034375
1 0.316016 0.802778 0.0078125 0.0166667
1 0.350195 0.806944 0.00664063 0.0111111
1 0.0865234 0.43125 0.0105469 0.0361111
3 0.0870117 0.405903 0.0646484 0.0958333
1 0.222656 0.294097 0.0136719 0.0305556
1 0.220898 0.305208 0.0132813 0.028125
1 0.220117 0.298958 0.0171875 0.0354167
1 0.224219 0.297569 0.015625 0.034375
1 0.316016 0.802778 0.0078125 0.0166667
1 0.350195 0.806944 0.00664063 0.0111111
1 0.0865234 0.43125 0.0105469 0.0361111
