2 0.480469 0.468056 0.0984375 0.154167
1 0.953125 0.290278 0.028125 0.0486111
1 0.9625 0.524306 0.021875 0.0243056
0 0.9625 0.524306 0.021875 0.0243056
0 0.914062 0.225694 0.13125 0.184375
3 0.335938 0.370833 0.0453125 0.0618056
2 0.335938 0.370833 0.0453125 0.0611111
1 0.175 0.691667 0.0191406 0.0194444
1 0.88125 0.264583 0.0125 0.0194444
0 0.955469 0.290625 0.03125 0.0493056
1 0.914062 0.225998 0.13125 0.182031
2 0.488281 0.494444 0.0789063 0.101389
1 0.959375 0.2875 0.040625 0.0534722
2 0.475781 0.518056 0.0375 0.0513889
1 0.957812 0.524653 0.034375 0.0291667
0 0.959375 0.2875 0.040625 0.0534722
0 0.957812 0.524653 0.034375 0.0291667
0 0.949219 0.290278 0.0234375 0.05
1 0.539453 0.018826 0.0109375 0.0272786
1 0.335938 0.370833 0.0453125 0.0611111
0 0.302344 0.139236 0.0484375 0.0815972
2 0.486719 0.513194 0.0625 0.0638889
0 0.299609 0.159332 0.0484375 0.0799479
2 0.480859 0.467708 0.0984375 0.153472
1 0.954687 0.289583 0.028125 0.0520833
1 0.964063 0.523611 0.021875 0.0263889
1 0.174707 0.693056 0.0185547 0.0194444
1 0.95 0.286806 0.03125 0.05625
1 0.959375 0.280903 0.0375 0.0715278
1 0.911719 0.229514 0.129688 0.190972
2 0.904688 0.227951 0.1125 0.178125
1 0.965625 0.282465 0.040625 0.0649306
0 0.95625 0.289583 0.03125 0.0517361
0 0.904688 0.227951 0.1125 0.178125
1 0.879687 0.265278 0.0125 0.0201389
0 0.964063 0.523611 0.021875 0.0263889
2 0.336133 0.370833 0.0453125 0.0638889
0 0.964063 0.284549 0.0453125 0.0684028
1 0.971875 0.282639 0.028125 0.0611111
1 0.539453 0.0191732 0.0132813 0.0291884
1 0.96875 0.524306 0.03125 0.0333333
3 0.904688 0.227951 0.1125 0.178125
1 0.859375 0.161111 0.0203125 0.025
1 0.490625 0.0784722 0.0125 0.0142361
1 0.90625 0.297396 0.140625 0.335069
1 0.484766 0.0465278 0.0125 0.0217014
1 0.957031 0.523958 0.0359375 0.0340278
0 0.96875 0.524306 0.03125 0.0333333
1 0.863281 0.157639 0.0265625 0.0319444
2 0.480469 0.467708 0.0984375 0.151389
1 0.954687 0.290625 0.03125 0.05
1 0.175977 0.690278 0.0175781 0.0138889
1 0.95 0.284375 0.021875 0.0388889
1 0.9625 0.524306 0.0234375 0.025
2 0.336328 0.371181 0.0445312 0.0604167
1 0.336133 0.371181 0.0441406 0.0604167
3 0.335938 0.370833 0.0445312 0.0604167
1 0.341016 0.369792 0.0320312 0.0604167
1 0.88125 0.265104 0.0125 0.01875
0 0.336133 0.371181 0.0441406 0.0604167
0 0.914062 0.229687 0.13125 0.180903
1 0.951563 0.285417 0.034375 0.0604167
0 0.954687 0.292361 0.03125 0.0486111
1 0.00505371 0.483333 0.00756836 0.0166667
3 0.480469 0.466667 0.096875 0.152778
1 0.729688 0.45 0.0140625 0.025
1 0.95625 0.523611 0.034375 0.0319444
1 0.914062 0.229687 0.128125 0.178472
1 0.939062 0.299826 0.025 0.034375
1 0.0833984 0.658333 0.0164062 0.0229167
1 0.0966797 0.627778 0.0105469 0.0291667
1 0.967188 0.285417 0.040625 0.0569444
1 0.929688 0.240278 0.103125 0.15
0 0.951563 0.285417 0.034375 0.0604167
0 0.95625 0.523611 0.034375 0.0319444
2 0.480859 0.46875 0.0984375 0.153472
0 0.911719 0.22691 0.126563 0.183333
1 0.952344 0.291667 0.0296875 0.0472222
1 0.175195 0.693056 0.0183594 0.0166667
1 0.95 0.297396 0.025 0.0378472
1 0.963281 0.524306 0.021875 0.0229167
1 0.95 0.287847 0.0234375 0.0472222
2 0.336328 0.370833 0.04375 0.0597222
0 0.175195 0.693056 0.0183594 0.0166667
1 0.95625 0.29375 0.028125 0.0427083
0 0.9625 0.523958 0.025 0.0256944
3 0.336328 0.370833 0.04375 0.0597222
1 0.335938 0.370486 0.0445312 0.0597222
1 0.960156 0.299653 0.021875 0.0329861
1 0.483984 0.0463542 0.0078125 0.016059
0 0.952344 0.291667 0.0296875 0.0472222
1 0.484375 0.480208 0.0226563 0.0513889
1 0.88125 0.27066 0.015625 0.0267361
1 0.0817383 0.658681 0.0119141 0.0201389
0 0.95 0.297396 0.025 0.0378472
1 0.957812 0.287153 0.034375 0.0569444
2 0.480469 0.467014 0.0984375 0.152083
1 0.9625 0.524306 0.021875 0.0222222
1 0.953125 0.291667 0.0265625 0.04375
1 0.175 0.693056 0.0171875 0.0166667
1 0.95 0.285937 0.021875 0.0420139
1 0.9125 0.227778 0.13125 0.184375
1 0.484375 0.0466146 0.0078125 0.0142361
0 0.9625 0.525 0.021875 0.0236111
0 0.9125 0.229167 0.13125 0.184722
3 0.337109 0.371181 0.0445312 0.0597222
1 0.957031 0.298264 0.028125 0.0368056
1 0.925 0.243056 0.090625 0.147917
0 0.953906 0.294271 0.03125 0.0444444
2 0.336328 0.370139 0.04375 0.0611111
1 0.00439453 0.483333 0.0065918 0.0138889
3 0.480469 0.467014 0.0984375 0.152083
1 0.857813 0.1625 0.01875 0.0236111
0 0.484375 0.0466146 0.0078125 0.0142361
0 0.00439453 0.483333 0.0065918 0.0138889
1 0.88125 0.265625 0.0125 0.0159722
1 0.960938 0.284896 0.04375 0.0614583
1 0.336328 0.370139 0.0445312 0.0597222
1 0.0814453 0.659028 0.0128906 0.0208333
2 0.480859 0.467708 0.0984375 0.152778
1 0.9625 0.524306 0.021875 0.0236111
1 0.953125 0.290278 0.025 0.0430556
1 0.953906 0.295486 0.0296875 0.0423611
1 0.948438 0.297049 0.021875 0.0388889
1 0.946875 0.288194 0.021875 0.0472222
1 0.947656 0.278472 0.0171875 0.0270833
1 0.175586 0.691667 0.0175781 0.0152778
1 0.9625 0.285069 0.0359375 0.0604167
1 0.963281 0.302778 0.015625 0.0270833
1 0.88125 0.265104 0.0125 0.0173611
1 0.859375 0.161111 0.021875 0.0243056
1 0.953125 0.273264 0.0484375 0.0847222
0 0.9625 0.524653 0.021875 0.0243056
1 0.975 0.284549 0.021875 0.059375
1 0.970312 0.284722 0.034375 0.0618056
3 0.336719 0.370833 0.0445312 0.0597222
0 0.953906 0.295486 0.0296875 0.0423611
0 0.903125 0.226215 0.109375 0.181597
2 0.336719 0.370833 0.0445312 0.0597222
1 0.731641 0.447917 0.0101562 0.01875
1 0.8625 0.159028 0.028125 0.0305556
0 0.9625 0.285069 0.0359375 0.0604167
1 0.939062 0.289236 0.040625 0.0527778
1 0.9375 0.304514 0.01875 0.0256944
0 0.950781 0.290799 0.025 0.0489583
1 0.486328 0.470833 0.01875 0.0472222
0 0.948438 0.297049 0.021875 0.0388889
0 0.953125 0.273264 0.0484375 0.0847222
1 0.485156 0.0482639 0.009375 0.0168403
1 0.0962891 0.627083 0.00859375 0.0263889
1 0.0828125 0.659028 0.0134766 0.0208333
0 0.970312 0.284722 0.034375 0.0618056
1 0.857813 0.165799 0.01875 0.0288194
2 0.480469 0.467708 0.0984375 0.152083
1 0.953125 0.290278 0.025 0.0458333
1 0.949219 0.290278 0.021875 0.0486111
1 0.9625 0.524306 0.01875 0.0236111
1 0.948438 0.283333 0.01875 0.0375
1 0.175586 0.691667 0.0183594 0.0166667
2 0.336719 0.370139 0.0441406 0.0597222
1 0.960938 0.288889 0.028125 0.0527778
1 0.9625 0.298611 0.01875 0.0354167
3 0.336719 0.370139 0.0445312 0.0597222
1 0.964063 0.284896 0.04375 0.0621528
1 0.857813 0.161285 0.01875 0.0225694
1 0.974219 0.285764 0.021875 0.059375
1 0.933594 0.231076 0.0984375 0.172569
0 0.953125 0.292708 0.0296875 0.0486111
1 0.88125 0.265278 0.0125 0.0180556
1 0.73125 0.447917 0.009375 0.01875
1 0.861719 0.158854 0.025 0.0291667
1 0.484375 0.0473524 0.00859375 0.0158854
0 0.9125 0.226389 0.13125 0.184028
1 0.916406 0.22678 0.132812 0.183941
0 0.9625 0.524653 0.0203125 0.0243056
0 0.96875 0.28559 0.034375 0.0600694
1 0.9375 0.303819 0.01875 0.0263889
1 0.9375 0.289583 0.0375 0.0527778
2 0.480469 0.467361 0.0984375 0.152083
1 0.951563 0.292014 0.028125 0.0472222
1 0.9625 0.524653 0.01875 0.0236111
1 0.95 0.287847 0.021875 0.0458333
1 0.175439 0.692361 0.0186523 0.0180556
2 0.336719 0.370139 0.0445312 0.0597222
3 0.336719 0.370486 0.0445312 0.0604167
1 0.965625 0.289583 0.025 0.0534722
1 0.967969 0.286111 0.034375 0.0597222
1 0.857813 0.161806 0.01875 0.0243056
1 0.483594 0.0465278 0.0078125 0.0154514
1 0.88125 0.265104 0.0125 0.0173611
1 0.973437 0.286458 0.021875 0.0569444
1 0.95625 0.253819 0.05 0.122222
0 0.952344 0.293056 0.028125 0.0465278
0 0.96875 0.286458 0.03125 0.0579861
3 0.890625 0.373958 0.11875 0.151389
1 0.911719 0.232595 0.135937 0.195226
0 0.483594 0.0465278 0.0078125 0.0154514
0 0.901563 0.229687 0.10625 0.183681
2 0.480469 0.467361 0.0984375 0.152083
1 0.948438 0.290625 0.021875 0.0479167
1 0.9625 0.524653 0.0203125 0.0236111
1 0.953125 0.291319 0.028125 0.0486111
1 0.175391 0.692361 0.0183594 0.0180556
2 0.336523 0.370139 0.0445312 0.0611111
1 0.970312 0.287326 0.028125 0.0569444
3 0.336719 0.370833 0.0445312 0.0611111
1 0.483594 0.0463542 0.0078125 0.0152778
1 0.857813 0.161806 0.01875 0.0229167
1 0.95625 0.245139 0.059375 0.141667
1 0.88125 0.264931 0.0125 0.0166667
3 0.898438 0.384115 0.0875 0.126215
0 0.970312 0.286806 0.028125 0.0569444
0 0.950781 0.292708 0.0265625 0.0472222
0 0.903125 0.229514 0.109375 0.182986
1 0.535156 0.016059 0.0203125 0.0300347
3 0.894531 0.369792 0.109375 0.148611
1 0.73125 0.447917 0.0109375 0.0194444
1 0.91875 0.230382 0.140625 0.187153
2 0.480469 0.466667 0.0984375 0.152778
1 0.948438 0.291319 0.021875 0.0472222
1 0.970312 0.288889 0.028125 0.0527778
1 0.9625 0.525 0.021875 0.0236111
3 0.336328 0.369444 0.0445312 0.0625
1 0.175195 0.692361 0.0183594 0.0180556
2 0.336523 0.370139 0.0445312 0.0611111
0 0.970312 0.287153 0.028125 0.0569444
3 0.901563 0.389583 0.0828125 0.119444
1 0.857813 0.162153 0.01875 0.0222222
1 0.88125 0.264931 0.0125 0.0173611
1 0.483594 0.0463542 0.0078125 0.0157986
0 0.949219 0.292882 0.0234375 0.0465278
1 0.535937 0.0160156 0.01875 0.0297743
3 0.896875 0.372917 0.10625 0.147917
0 0.903125 0.227951 0.110937 0.179514
2 0.480469 0.467361 0.0984375 0.152778
1 0.948438 0.291319 0.021875 0.0472222
1 0.970312 0.288889 0.0265625 0.0520833
1 0.9625 0.525 0.021875 0.0236111
1 0.175195 0.693056 0.0183594 0.0166667
3 0.336328 0.369444 0.0445312 0.0625
0 0.970312 0.287847 0.0265625 0.0555556
1 0.857813 0.161806 0.01875 0.0229167
2 0.336328 0.370139 0.0445312 0.0611111
1 0.483594 0.0464844 0.0078125 0.0157986
3 0.900781 0.386111 0.0859375 0.123611
1 0.88125 0.264931 0.0125 0.0173611
0 0.483594 0.0464844 0.0078125 0.0157986
1 0.535937 0.015842 0.01875 0.0292535
3 0.896875 0.371181 0.107813 0.150694
0 0.948438 0.292708 0.021875 0.0465278
2 0.480469 0.467361 0.0984375 0.152778
1 0.948438 0.291319 0.021875 0.0472222
1 0.970312 0.289236 0.0265625 0.0513889
1 0.9625 0.524653 0.021875 0.0236111
1 0.175391 0.691667 0.0183594 0.0166667
1 0.96875 0.28125 0.028125 0.0652778
0 0.970312 0.287847 0.0265625 0.0548611
3 0.336328 0.370486 0.0445312 0.0618056
1 0.857813 0.161979 0.01875 0.021875
1 0.483594 0.0464844 0.0078125 0.0155382
3 0.898438 0.382552 0.0921875 0.12934
1 0.88125 0.264931 0.0125 0.0177083
2 0.336523 0.370139 0.0441406 0.0611111
0 0.483594 0.0464844 0.0078125 0.0155382
1 0.535937 0.0157878 0.01875 0.0291884
0 0.948438 0.292535 0.021875 0.046875
2 0.480469 0.467361 0.0984375 0.152778
1 0.948438 0.291319 0.021875 0.0472222
1 0.970312 0.289236 0.0265625 0.0513889
1 0.9625 0.525 0.021875 0.0236111
1 0.175391 0.691667 0.0183594 0.0166667
1 0.96875 0.281597 0.028125 0.0645833
1 0.857813 0.161458 0.01875 0.0229167
0 0.970312 0.288194 0.0265625 0.0541667
3 0.336328 0.369444 0.0445312 0.0638889
1 0.483594 0.0465712 0.0078125 0.015191
1 0.88125 0.264757 0.0125 0.0180556
1 0.536719 0.0158095 0.0171875 0.029145
3 0.898438 0.383333 0.09375 0.129861
0 0.483594 0.0465712 0.0078125 0.015191
2 0.336523 0.370139 0.0441406 0.0611111
2 0.480469 0.467361 0.0984375 0.152778
1 0.948438 0.291146 0.021875 0.0472222
1 0.970312 0.289583 0.025 0.0506944
1 0.9625 0.525 0.021875 0.0236111
1 0.175391 0.691667 0.0183594 0.0166667
1 0.857813 0.161806 0.0171875 0.0215278
0 0.970312 0.288194 0.0265625 0.0538194
1 0.96875 0.28125 0.028125 0.0645833
1 0.483594 0.046441 0.0078125 0.0151042
1 0.88125 0.264931 0.0125 0.0180556
3 0.336328 0.369444 0.0445312 0.0638889
1 0.536719 0.0157552 0.0171875 0.0292535
1 0.974219 0.288889 0.0296875 0.0548611
3 0.896875 0.380903 0.096875 0.133333
0 0.483594 0.046441 0.0078125 0.0151042
2 0.480469 0.467361 0.0984375 0.152778
1 0.947656 0.291146 0.0203125 0.0472222
1 0.969531 0.289757 0.0265625 0.05
1 0.9625 0.525 0.021875 0.0236111
1 0.175391 0.691667 0.0183594 0.0166667
1 0.857813 0.161979 0.0171875 0.0208333
0 0.970312 0.288368 0.0265625 0.053125
1 0.483594 0.0466146 0.0078125 0.0151042
1 0.88125 0.264931 0.0125 0.0180556
1 0.967188 0.281076 0.028125 0.0649306
1 0.536719 0.0157878 0.0171875 0.029362
3 0.336328 0.369444 0.0445312 0.0631944
1 0.974219 0.288889 0.0296875 0.0541667
3 0.896094 0.380208 0.096875 0.133333
2 0.480469 0.467361 0.0984375 0.152778
1 0.947656 0.291319 0.0203125 0.046875
1 0.96875 0.290278 0.025 0.0493056
1 0.9625 0.525 0.021875 0.0236111
1 0.175391 0.691667 0.0183594 0.0166667
1 0.857813 0.161979 0.0171875 0.0208333
1 0.88125 0.264931 0.0125 0.01875
0 0.970312 0.288889 0.025 0.0520833
1 0.536719 0.0158854 0.0171875 0.0296007
1 0.483594 0.0467014 0.0078125 0.0152778
1 0.965625 0.280729 0.028125 0.0649306
3 0.336328 0.369444 0.0445312 0.0638889
1 0.974219 0.289236 0.0296875 0.0534722
2 0.480469 0.467361 0.0984375 0.152778
1 0.947656 0.291319 0.0203125 0.0465278
1 0.96875 0.290625 0.025 0.0486111
1 0.9625 0.525 0.021875 0.0229167
1 0.175586 0.691667 0.0183594 0.0166667
1 0.857813 0.161979 0.0171875 0.0208333
1 0.88125 0.264931 0.0125 0.01875
0 0.970312 0.289583 0.025 0.0506944
1 0.536719 0.0158746 0.0171875 0.0295356
1 0.483594 0.0468316 0.0078125 0.0152778
1 0.974219 0.28941 0.0296875 0.0527778
1 0.860937 0.160938 0.025 0.0263889
2 0.480469 0.467361 0.0984375 0.152778
1 0.947656 0.291493 0.0203125 0.0461806
1 0.96875 0.290625 0.025 0.0479167
1 0.946875 0.286632 0.0171875 0.0430556
1 0.9625 0.525 0.021875 0.0229167
1 0.857813 0.161806 0.0171875 0.0208333
1 0.175586 0.691667 0.0183594 0.0166667
1 0.88125 0.264931 0.0125 0.01875
1 0.536719 0.0158854 0.0171875 0.0296875
0 0.969531 0.290278 0.025 0.0493056
1 0.483594 0.0467882 0.0078125 0.0154514
1 0.860937 0.161111 0.025 0.0260417
1 0.882812 0.264931 0.015625 0.0263889
1 0.974219 0.28941 0.0296875 0.0524306
1 0.857813 0.166667 0.01875 0.0263889
2 0.480859 0.466667 0.0984375 0.152778
1 0.947656 0.291667 0.0203125 0.0458333
1 0.96875 0.290972 0.025 0.0472222
1 0.946875 0.285764 0.0171875 0.0409722
1 0.963281 0.525 0.0203125 0.0229167
1 0.857813 0.161458 0.01875 0.0215278
1 0.175586 0.691667 0.01875 0.0166667
1 0.88125 0.264931 0.0125 0.01875
1 0.536719 0.0159722 0.0171875 0.0297743
0 0.96875 0.290451 0.025 0.0486111
1 0.860937 0.161111 0.025 0.0256944
1 0.882812 0.264583 0.015625 0.0256944
1 0.483594 0.0467014 0.0078125 0.015625
1 0.857813 0.166667 0.01875 0.0263889
1 0.974219 0.289583 0.0296875 0.0520833
2 0.480469 0.466667 0.0984375 0.152778
1 0.947656 0.291667 0.0203125 0.0458333
1 0.96875 0.290972 0.025 0.0472222
1 0.946875 0.285069 0.0171875 0.0395833
1 0.963281 0.525 0.0203125 0.0222222
1 0.857813 0.161458 0.01875 0.0215278
1 0.175586 0.691667 0.01875 0.0166667
1 0.88125 0.264931 0.0125 0.01875
1 0.536328 0.0159288 0.0171875 0.0296875
0 0.96875 0.290451 0.025 0.0486111
1 0.860156 0.161285 0.0234375 0.0253472
1 0.882812 0.264583 0.015625 0.0256944
1 0.857813 0.166667 0.01875 0.0263889
1 0.974219 0.289583 0.0296875 0.0517361
2 0.480469 0.466667 0.0984375 0.152778
1 0.947656 0.29184 0.0203125 0.0454861
1 0.967969 0.291319 0.0234375 0.0465278
1 0.946875 0.284375 0.0171875 0.0385417
1 0.971094 0.288542 0.0265625 0.0520833
1 0.963281 0.525 0.0203125 0.0229167
1 0.857813 0.161632 0.01875 0.0211806
1 0.17583 0.691667 0.0186523 0.0166667
1 0.88125 0.264931 0.0125 0.01875
1 0.536328 0.0158854 0.0171875 0.0294271
1 0.882812 0.264583 0.015625 0.0256944
0 0.96875 0.290972 0.025 0.0479167
1 0.860156 0.161458 0.0234375 0.025
1 0.857813 0.166667 0.01875 0.0256944
2 0.480469 0.466667 0.0984375 0.152778
1 0.947656 0.29184 0.0203125 0.0454861
1 0.967969 0.291319 0.0234375 0.0465278
1 0.946875 0.285417 0.0171875 0.0402778
1 0.963281 0.524653 0.0203125 0.0229167
1 0.857813 0.161632 0.01875 0.0211806
1 0.17583 0.691667 0.0186523 0.0166667
1 0.88125 0.265104 0.0125 0.01875
1 0.882812 0.26441 0.015625 0.0256944
1 0.536328 0.0158095 0.0171875 0.029145
1 0.860156 0.161458 0.0234375 0.025
0 0.96875 0.290799 0.025 0.0479167
2 0.480469 0.466667 0.0984375 0.152778
1 0.947656 0.291667 0.0203125 0.0458333
1 0.967188 0.291319 0.021875 0.0465278
1 0.946875 0.286111 0.0171875 0.0416667
1 0.970312 0.288889 0.025 0.0513889
1 0.963281 0.524653 0.0203125 0.0229167
1 0.857813 0.161632 0.01875 0.0211806
1 0.175781 0.691667 0.01875 0.0166667
1 0.88125 0.265104 0.0125 0.01875
1 0.883594 0.264236 0.015625 0.0256944
1 0.860156 0.161458 0.0234375 0.0246528
2 0.480469 0.466667 0.0984375 0.152778
1 0.947656 0.291667 0.0203125 0.0458333
1 0.967188 0.291493 0.021875 0.0461806
1 0.946875 0.286632 0.0171875 0.0427083
1 0.970312 0.289062 0.025 0.0510417
1 0.963281 0.524653 0.0203125 0.0229167
1 0.857813 0.161806 0.01875 0.0211806
1 0.175781 0.692361 0.01875 0.0180556
1 0.88125 0.265278 0.0125 0.01875
1 0.882812 0.264236 0.015625 0.0260417
1 0.860156 0.161458 0.0234375 0.0246528
2 0.480469 0.466667 0.0984375 0.152778
1 0.947656 0.291667 0.0203125 0.0458333
1 0.967188 0.291319 0.021875 0.0458333
1 0.970312 0.289236 0.025 0.0506944
1 0.963281 0.524306 0.0203125 0.0236111
1 0.857813 0.161806 0.01875 0.0215278
1 0.175781 0.692361 0.01875 0.0180556
1 0.88125 0.265278 0.0125 0.01875
1 0.883594 0.264236 0.0171875 0.0263889
2 0.480469 0.466667 0.0984375 0.152778
1 0.947656 0.291667 0.0203125 0.0458333
1 0.967188 0.291319 0.021875 0.0458333
1 0.970312 0.289236 0.025 0.0506944
1 0.963281 0.524653 0.0203125 0.0236111
1 0.857813 0.161806 0.01875 0.0211806
1 0.175781 0.692361 0.01875 0.0180556
1 0.88125 0.265278 0.0125 0.01875
1 0.883594 0.264236 0.0171875 0.0263889
1 0.860156 0.161458 0.0234375 0.0243056
