2 0.438281 0.529514 0.10625 0.175694
1 0.408594 0.503472 0.0140625 0.0472222
2 0.408984 0.5 0.0132813 0.0513889
0 0.966016 0.713889 0.0679687 0.290278
3 0.438672 0.528472 0.105469 0.179167
1 0.388281 0.489236 0.0109375 0.0277778
1 0.392188 0.488542 0.01875 0.0291667
1 0.385547 0.489583 0.0101562 0.01875
1 0.0927734 0.299306 0.0359375 0.0375
1 0.109961 0.474306 0.0171875 0.0166667
1 0.0911133 0.303993 0.0394531 0.053125
1 0.4 0.501389 0.021875 0.0472222
1 0.439453 0.529514 0.103906 0.179861
2 0.490234 0.647917 0.395312 0.495833
2 0.519141 0.6 0.283594 0.373611
0 0.439453 0.529514 0.103906 0.179861
2 0.438281 0.530556 0.10625 0.178472
1 0.408203 0.503819 0.0140625 0.0486111
0 0.965625 0.708333 0.06875 0.293056
1 0.665625 0.114757 0.0125 0.0361111
1 0.399219 0.498611 0.0265625 0.0458333
3 0.439063 0.531597 0.105469 0.180556
1 0.666406 0.105382 0.015625 0.0409722
2 0.408594 0.502083 0.015625 0.0486111
2 0.964844 0.711806 0.0703125 0.280556
0 0.965625 0.786111 0.06875 0.133333
3 0.964844 0.711111 0.0703125 0.276389
1 0.439063 0.531597 0.105469 0.180556
0 0.973437 0.607639 0.053125 0.0680556
1 0.964844 0.711111 0.0703125 0.276389
1 0.400781 0.515972 0.0351562 0.0729167
2 0.438281 0.529861 0.10625 0.177778
1 0.408594 0.503819 0.0140625 0.0493056
0 0.964063 0.713194 0.06875 0.280556
1 0.399609 0.501389 0.0273438 0.05
1 0.110059 0.475347 0.015625 0.0152778
1 0.393359 0.499306 0.0171875 0.0486111
3 0.439063 0.529861 0.104687 0.180556
1 0.0849609 0.294444 0.0193359 0.0277778
1 0.0878906 0.296181 0.025 0.0305556
1 0.401563 0.50625 0.0328125 0.0555556
1 0.965625 0.713194 0.06875 0.280556
1 0.406641 0.534722 0.0203125 0.0513889
2 0.408594 0.502778 0.0132813 0.0472222
1 0.664844 0.113455 0.0078125 0.0397569
1 0.385938 0.488889 0.0109375 0.0201389
1 0.969531 0.615278 0.053125 0.0805556
3 0.901563 0.904167 0.1 0.180556
1 0.439063 0.529861 0.104687 0.180556
1 0.405078 0.467361 0.0148437 0.0486111
2 0.965625 0.713194 0.06875 0.280556
1 0.144824 0.0708333 0.00957031 0.0166667
1 0.0915039 0.299306 0.0333984 0.0354167
1 0.454297 0.451736 0.0203125 0.03125
1 0.724219 0.520139 0.0140625 0.0375
1 0.726562 0.51875 0.0132813 0.0402778
1 0.0431641 0.463194 0.00976562 0.0215278
0 0.439063 0.529861 0.104687 0.180556
2 0.4375 0.530556 0.107813 0.176389
1 0.408594 0.501042 0.0140625 0.0416667
0 0.965625 0.711111 0.06875 0.280556
1 0.400781 0.502778 0.0289063 0.0513889
3 0.437891 0.530208 0.108594 0.177778
1 0.437891 0.530208 0.108594 0.177778
1 0.664062 0.120139 0.00625 0.0260417
0 0.437891 0.530208 0.108594 0.177778
1 0.111816 0.475694 0.015625 0.01875
1 0.403516 0.509028 0.0242187 0.0541667
1 0.392188 0.493056 0.0148437 0.0375
1 0.111133 0.473611 0.0132813 0.0166667
1 0.410156 0.49375 0.021875 0.0708333
0 0.664062 0.120139 0.00625 0.0260417
1 0.965625 0.711806 0.06875 0.283333
1 0.963281 0.595833 0.0390625 0.04375
2 0.965625 0.711806 0.06875 0.283333
2 0.438281 0.530208 0.10625 0.177083
1 0.408594 0.503819 0.0140625 0.0493056
0 0.965625 0.713889 0.06875 0.280556
1 0.400391 0.502778 0.0296875 0.0555556
1 0.439063 0.531944 0.101562 0.168056
3 0.438281 0.528472 0.10625 0.174306
1 0.664453 0.117014 0.0078125 0.0298611
1 0.0851562 0.294618 0.0167969 0.0277778
1 0.398828 0.519792 0.01875 0.0645833
0 0.0250977 0.452083 0.0486328 0.120833
1 0.434375 0.521528 0.0203125 0.0444444
0 0.0248535 0.481944 0.049707 0.179861
2 0.407031 0.549306 0.0421875 0.134722
0 0.664453 0.117014 0.0078125 0.0298611
0 0.0851562 0.294618 0.0167969 0.0277778
0 0.438281 0.528472 0.10625 0.174306
2 0.411328 0.565972 0.0507812 0.101389
1 0.9625 0.590972 0.034375 0.0333333
1 0.0726563 0.354514 0.0119141 0.0159722
2 0.438281 0.530556 0.10625 0.177778
1 0.409375 0.502778 0.015625 0.0486111
1 0.400781 0.503125 0.0296875 0.0541667
1 0.438281 0.530208 0.10625 0.178472
1 0.407031 0.5 0.01875 0.0486111
0 0.965625 0.713889 0.06875 0.280556
0 0.438281 0.530208 0.10625 0.178472
1 0.392969 0.495139 0.0171875 0.0388889
1 0.664062 0.117014 0.0078125 0.0302083
1 0.957812 0.586806 0.0265625 0.0270833
1 0.966406 0.591667 0.04375 0.0361111
1 0.689844 0.759722 0.009375 0.0222222
3 0.438281 0.530556 0.107813 0.178472
1 0.447656 0.538194 0.0125 0.0291667
1 0.434375 0.520139 0.0171875 0.04375
1 0.0854492 0.295833 0.01875 0.0298611
2 0.438281 0.529861 0.10625 0.177778
1 0.408984 0.503472 0.0140625 0.0486111
1 0.407031 0.500694 0.01875 0.0493056
1 0.401172 0.501042 0.0273438 0.05
1 0.410156 0.497917 0.01875 0.0527778
1 0.437891 0.529861 0.107031 0.180556
0 0.437891 0.529861 0.107031 0.180556
0 0.966016 0.716493 0.0679687 0.280903
1 0.740625 0.920833 0.009375 0.0138889
3 0.437891 0.529861 0.107031 0.180556
1 0.391406 0.489583 0.0125 0.0347222
1 0.664844 0.114757 0.009375 0.0350694
1 0.111523 0.474306 0.0105469 0.0131944
1 0.965625 0.592361 0.040625 0.0347222
1 0.666406 0.0951389 0.0140625 0.0177083
1 0.0851562 0.293576 0.0171875 0.0260417
1 0.433594 0.5125 0.015625 0.0555556
2 0.343945 0.306597 0.0476562 0.0631944
1 0.0863281 0.295833 0.0203125 0.0319444
1 0.665625 0.11059 0.0125 0.0427083
2 0.438281 0.530556 0.10625 0.177778
1 0.408594 0.503472 0.0140625 0.0472222
0 0.965625 0.714583 0.06875 0.284722
1 0.438281 0.529861 0.10625 0.180556
1 0.389453 0.490278 0.0101562 0.0319444
1 0.4 0.501389 0.025 0.05
3 0.438281 0.529861 0.10625 0.180556
1 0.396094 0.505903 0.0203125 0.0513889
1 0.410937 0.5 0.0171875 0.0513889
1 0.111426 0.474306 0.0117188 0.0138889
0 0.438281 0.529861 0.10625 0.180556
1 0.665234 0.113194 0.0101562 0.0392361
1 0.96875 0.592708 0.046875 0.0361111
1 0.666406 0.0977431 0.0148437 0.0243056
1 0.666016 0.109809 0.0132813 0.0451389
2 0.438281 0.529861 0.10625 0.179167
1 0.408594 0.503819 0.0140625 0.0472222
0 0.965625 0.713194 0.06875 0.281944
1 0.438281 0.529861 0.10625 0.180556
1 0.4 0.502083 0.025 0.05
3 0.438281 0.529861 0.10625 0.180556
1 0.111328 0.474653 0.0117188 0.0138889
1 0.389844 0.491319 0.0109375 0.0347222
1 0.410937 0.5 0.0171875 0.0513889
1 0.965625 0.591667 0.040625 0.0333333
2 0.438281 0.529861 0.10625 0.178472
1 0.408594 0.503819 0.0140625 0.0472222
0 0.965625 0.717361 0.06875 0.283333
3 0.438672 0.529861 0.105469 0.180556
1 0.438672 0.529861 0.105469 0.180556
1 0.111328 0.475 0.0117188 0.0138889
1 0.4 0.501389 0.025 0.0486111
1 0.389062 0.493056 0.0101562 0.0375
1 0.410937 0.5 0.0171875 0.0506944
1 0.9625 0.591319 0.034375 0.0333333
1 0.965625 0.713715 0.06875 0.280903
0 0.438672 0.529861 0.105469 0.180556
2 0.438281 0.529861 0.10625 0.177778
1 0.408594 0.503819 0.0140625 0.0472222
0 0.965625 0.712674 0.06875 0.280208
3 0.438281 0.529861 0.10625 0.179861
1 0.388281 0.490972 0.009375 0.0319444
1 0.438281 0.529861 0.10625 0.179861
1 0.111328 0.475 0.0119141 0.0138889
1 0.4 0.501042 0.025 0.0493056
1 0.959375 0.590625 0.028125 0.03125
1 0.410937 0.5 0.0171875 0.05
1 0.965625 0.713889 0.06875 0.280556
1 0.939062 0.726389 0.0171875 0.0291667
0 0.438281 0.529861 0.10625 0.179861
2 0.438281 0.529861 0.10625 0.177778
1 0.408594 0.503819 0.0140625 0.0472222
0 0.965625 0.713194 0.06875 0.280556
3 0.438672 0.529861 0.105469 0.179861
1 0.388281 0.490625 0.009375 0.03125
1 0.111328 0.474653 0.0119141 0.0138889
1 0.438672 0.529861 0.105469 0.179861
1 0.4 0.500694 0.025 0.0486111
1 0.958594 0.590278 0.0265625 0.0305556
1 0.434375 0.519444 0.0140625 0.0333333
1 0.410937 0.5 0.0171875 0.05
1 0.965625 0.714583 0.06875 0.280556
1 0.689062 0.759722 0.0109375 0.025
1 0.939062 0.726389 0.015625 0.0277778
1 0.95625 0.585764 0.021875 0.0236111
2 0.438281 0.529861 0.10625 0.177778
1 0.408594 0.503819 0.0140625 0.0472222
0 0.965625 0.715451 0.06875 0.280208
3 0.438672 0.529861 0.105469 0.179167
1 0.111328 0.474653 0.0117188 0.0138889
1 0.388672 0.490625 0.009375 0.0319444
1 0.434766 0.519444 0.0132813 0.0319444
1 0.4 0.500694 0.025 0.05
1 0.957812 0.590278 0.025 0.0305556
1 0.438672 0.529861 0.105469 0.179167
1 0.689062 0.759722 0.0109375 0.025
1 0.410937 0.5 0.0171875 0.05
1 0.965625 0.715104 0.06875 0.280903
1 0.685938 0.758333 0.0148437 0.0277778
1 0.955469 0.585417 0.021875 0.0236111
1 0.939062 0.726389 0.015625 0.0277778
1 0.397656 0.496528 0.0226563 0.0444444
2 0.438281 0.529861 0.10625 0.177778
1 0.408594 0.503819 0.0140625 0.0472222
0 0.965625 0.715972 0.06875 0.279167
1 0.111328 0.475 0.0117188 0.0138889
3 0.438672 0.529861 0.105469 0.179167
1 0.389062 0.490972 0.009375 0.0319444
1 0.434766 0.519444 0.0132813 0.0326389
1 0.4 0.500694 0.025 0.05
1 0.957812 0.589931 0.025 0.0298611
1 0.689062 0.759722 0.0109375 0.025
1 0.438672 0.529861 0.105469 0.179167
1 0.685938 0.758333 0.015625 0.0277778
1 0.95625 0.585417 0.021875 0.0236111
1 0.410937 0.500347 0.0171875 0.0486111
1 0.965625 0.713889 0.06875 0.280556
1 0.397656 0.496528 0.0234375 0.0444444
2 0.438281 0.529861 0.10625 0.177778
1 0.408594 0.503819 0.0140625 0.0472222
0 0.965625 0.715972 0.06875 0.279167
3 0.438281 0.529861 0.10625 0.179167
1 0.111426 0.475 0.0117188 0.0138889
1 0.389062 0.491319 0.0101562 0.0326389
1 0.435156 0.519444 0.0140625 0.0333333
1 0.400391 0.500694 0.0257812 0.05
1 0.957812 0.589931 0.025 0.0298611
1 0.438281 0.529861 0.10625 0.179167
1 0.689062 0.759722 0.0117188 0.025
1 0.685938 0.758333 0.015625 0.0277778
1 0.965625 0.713889 0.06875 0.280556
1 0.410937 0.500347 0.0171875 0.0486111
1 0.95625 0.585417 0.021875 0.0236111
0 0.438281 0.529861 0.10625 0.179167
1 0.398047 0.496528 0.0234375 0.0444444
2 0.438281 0.530208 0.10625 0.177778
1 0.408594 0.504167 0.0140625 0.0472222
0 0.966016 0.715104 0.0679687 0.278125
3 0.438281 0.530208 0.10625 0.179167
1 0.111523 0.474653 0.0117188 0.0138889
1 0.435156 0.520139 0.0140625 0.0333333
1 0.400391 0.501389 0.0257812 0.05
1 0.389453 0.491667 0.0101562 0.0347222
1 0.957812 0.589931 0.0265625 0.0298611
1 0.438281 0.530208 0.10625 0.179167
1 0.685938 0.758333 0.0164062 0.0277778
1 0.410937 0.5 0.0171875 0.0486111
1 0.689062 0.759722 0.0117188 0.025
1 0.95625 0.585417 0.0234375 0.0236111
0 0.438281 0.530208 0.10625 0.179167
1 0.965625 0.713889 0.06875 0.280556
1 0.445703 0.535069 0.0140625 0.0354167
2 0.438281 0.530208 0.10625 0.177778
1 0.408594 0.504167 0.0140625 0.0472222
0 0.966016 0.715278 0.0679687 0.277778
3 0.438281 0.530208 0.10625 0.179167
1 0.435156 0.519444 0.0140625 0.0347222
1 0.111523 0.475 0.0117188 0.0138889
1 0.400781 0.501389 0.0265625 0.05
1 0.389844 0.493056 0.0109375 0.0375
1 0.957812 0.589583 0.0265625 0.0298611
1 0.685938 0.758333 0.0164062 0.0277778
1 0.438281 0.530208 0.10625 0.179167
1 0.666016 0.109201 0.0125 0.046875
1 0.95625 0.585069 0.0234375 0.0229167
1 0.689062 0.759722 0.0125 0.025
1 0.445312 0.535417 0.0140625 0.0361111
2 0.438281 0.530208 0.10625 0.177778
1 0.408594 0.504167 0.0140625 0.0472222
0 0.966016 0.715278 0.0679687 0.277778
3 0.438281 0.530208 0.10625 0.179167
1 0.111523 0.474653 0.0119141 0.0138889
1 0.434766 0.519444 0.0140625 0.0347222
1 0.400781 0.501389 0.0265625 0.05
1 0.666016 0.108854 0.0125 0.0475694
1 0.957812 0.589583 0.0265625 0.0291667
1 0.391016 0.494444 0.0132813 0.0409722
1 0.445312 0.535764 0.0140625 0.0354167
1 0.438281 0.530208 0.10625 0.179167
1 0.685938 0.758333 0.0164062 0.0277778
1 0.689062 0.759722 0.0125 0.025
1 0.95625 0.585417 0.0234375 0.0236111
2 0.438281 0.530208 0.10625 0.177778
1 0.408594 0.504167 0.0140625 0.0472222
3 0.437891 0.530208 0.107031 0.179167
0 0.966016 0.715278 0.0679687 0.276389
1 0.111523 0.474653 0.0121094 0.0138889
1 0.435156 0.519097 0.0140625 0.0347222
1 0.400781 0.501389 0.0257812 0.05
1 0.666016 0.108767 0.0125 0.0477431
1 0.437891 0.530208 0.107031 0.179167
1 0.957812 0.589583 0.0265625 0.0291667
1 0.391406 0.495486 0.015625 0.0430556
1 0.685938 0.758333 0.0164062 0.0277778
1 0.445703 0.536111 0.0140625 0.0354167
1 0.689062 0.759722 0.0125 0.025
1 0.411328 0.499306 0.0171875 0.05
2 0.438281 0.530208 0.10625 0.177778
1 0.408594 0.504167 0.0140625 0.0472222
3 0.437891 0.530556 0.107031 0.179167
1 0.111426 0.474653 0.0121094 0.0138889
1 0.435156 0.519444 0.0140625 0.0347222
0 0.966016 0.714583 0.0679687 0.276389
1 0.400781 0.501389 0.0257812 0.05
1 0.666016 0.108767 0.0125 0.0475694
1 0.410937 0.499306 0.0171875 0.05
1 0.437891 0.530556 0.107031 0.179167
1 0.957812 0.589583 0.025 0.0284722
1 0.445703 0.536806 0.0140625 0.0347222
2 0.438281 0.529861 0.10625 0.179167
1 0.408594 0.504167 0.0140625 0.0472222
3 0.437891 0.530556 0.107031 0.179167
1 0.111328 0.474653 0.0121094 0.0138889
1 0.435156 0.519792 0.0140625 0.0347222
1 0.400781 0.501389 0.025 0.05
1 0.410937 0.499306 0.0171875 0.05
1 0.437891 0.530556 0.107031 0.179167
0 0.966016 0.715104 0.0679687 0.275347
1 0.445312 0.536806 0.0140625 0.0347222
1 0.666016 0.108941 0.0125 0.0472222
1 0.957031 0.589583 0.025 0.0277778
2 0.438281 0.529861 0.10625 0.179167
1 0.408594 0.504167 0.0140625 0.0472222
3 0.437891 0.530556 0.107031 0.179167
1 0.111328 0.474653 0.0121094 0.0138889
1 0.435156 0.520139 0.0132813 0.0347222
1 0.437891 0.530556 0.107031 0.179167
1 0.445312 0.536806 0.0140625 0.0347222
1 0.410937 0.499653 0.0171875 0.0493056
1 0.400781 0.501736 0.025 0.05
0 0.437891 0.530556 0.107031 0.179167
2 0.438281 0.529861 0.10625 0.179167
1 0.408594 0.504167 0.0140625 0.0472222
3 0.437891 0.530556 0.107031 0.179167
1 0.435156 0.520139 0.0132813 0.0347222
1 0.111328 0.474653 0.0121094 0.0138889
1 0.437891 0.530556 0.107031 0.179167
1 0.410937 0.504167 0.0164062 0.0444444
1 0.445312 0.536806 0.0140625 0.0347222
0 0.437891 0.530556 0.107031 0.179167
2 0.438281 0.529861 0.10625 0.179167
1 0.408594 0.504167 0.0140625 0.0472222
3 0.4375 0.530556 0.107813 0.179167
1 0.435156 0.519444 0.0132813 0.0347222
1 0.111426 0.474653 0.0123047 0.0138889
1 0.410937 0.504167 0.0164062 0.0444444
1 0.4375 0.530556 0.107813 0.179167
1 0.445312 0.536806 0.0148437 0.0354167
2 0.438281 0.529861 0.10625 0.179167
1 0.408594 0.503819 0.0140625 0.0472222
3 0.4375 0.530556 0.107813 0.179167
1 0.435156 0.519444 0.0132813 0.0340278
1 0.111328 0.474653 0.0123047 0.0138889
1 0.410937 0.504167 0.0164062 0.0444444
1 0.4375 0.530556 0.107813 0.179167
1 0.445312 0.537153 0.015625 0.0354167
2 0.438281 0.529861 0.10625 0.179167
1 0.408594 0.503819 0.0140625 0.0472222
3 0.4375 0.530556 0.107813 0.179167
1 0.435156 0.519444 0.0132813 0.0340278
1 0.111328 0.474653 0.0123047 0.0138889
1 0.410937 0.504167 0.0164062 0.0444444
1 0.4375 0.530556 0.107813 0.179167
1 0.445312 0.536806 0.015625 0.0347222
