2 0.4875 0.673611 0.071875 0.125
1 0.219922 0.0869792 0.0109375 0.0135417
1 0.194531 0.0729167 0.0121094 0.0243056
0 0.0462036 0.0710069 0.0550537 0.0545139
0 0.0271973 0.146701 0.0380859 0.0322917
0 0.194531 0.0729167 0.0121094 0.0243056
1 0.0239746 0.128125 0.0266602 0.0197917
0 0.0267578 0.133507 0.0314453 0.0236111
1 0.0466797 0.0711806 0.0552734 0.0565972
0 0.0318359 0.138281 0.0463867 0.0512153
0 0.0450073 0.0796007 0.0494385 0.0423611
1 0.195117 0.0786458 0.0136719 0.0270833
1 0.835938 0.533333 0.0125 0.0319444
0 0.219922 0.0869792 0.0109375 0.0135417
1 0.069043 0.117361 0.0232422 0.0302083
1 0.0267578 0.133507 0.0314453 0.0236111
0 0.0434082 0.12474 0.0633789 0.0378472
0 0.0442383 0.133854 0.06875 0.0597222
0 0.195117 0.0786458 0.0136719 0.0270833
0 0.0662598 0.120312 0.0291992 0.0361111
0 0.0465332 0.193403 0.0635742 0.0465278
1 0.0450073 0.0796007 0.0494385 0.0423611
1 0.263867 0.85 0.0132813 0.0194444
1 0.378906 0.188542 0.00859375 0.0277778
1 0.0607422 0.123438 0.0388672 0.04375
0 0.0186035 0.127431 0.0255859 0.0217014
0 0.0607422 0.123438 0.0388672 0.04375
1 0.377734 0.185417 0.0109375 0.03125
1 0.0456543 0.131076 0.0700195 0.059375
0 0.0757812 0.166319 0.034375 0.0381944
0 0.069043 0.117361 0.0232422 0.0302083
0 0.0239746 0.128125 0.0266602 0.0197917
0 0.2125 0.084375 0.0171875 0.0184028
2 0.485938 0.709028 0.0390625 0.0555556
1 0.2125 0.084375 0.0171875 0.0184028
1 0.358398 0.199306 0.0136719 0.0333333
1 0.0271973 0.146701 0.0380859 0.0322917
1 0.840625 0.534028 0.01875 0.0319444
1 0.0186035 0.127431 0.0255859 0.0217014
1 0.019873 0.122049 0.0294922 0.0284722
0 0.0839844 0.163194 0.0271484 0.0284722
1 0.011377 0.11033 0.0196777 0.0220486
1 0.0434082 0.12474 0.0633789 0.0378472
1 0.419531 0.153993 0.0125 0.0211806
0 0.440625 0.13941 0.0109375 0.0190972
0 0.170312 0.0150608 0.0261719 0.0206597
0 0.419531 0.153993 0.0125 0.0211806
1 0.488672 0.112153 0.0078125 0.0239583
1 0.0662598 0.120312 0.0291992 0.0361111
0 0.0178711 0.125347 0.0329102 0.0295139
0 0.0243652 0.138542 0.0432617 0.0489583
1 0.613281 0.0407118 0.0109375 0.0324653
1 0.0383789 0.138108 0.0591797 0.0473958
0 0.835938 0.533333 0.0125 0.0319444
1 0.419531 0.140451 0.0140625 0.0253472
0 0.613281 0.0407118 0.0109375 0.0324653
1 0.571875 0.0483941 0.009375 0.0318576
0 0.419531 0.140451 0.0140625 0.0253472
1 0.840625 0.720139 0.015625 0.0208333
1 0.440625 0.13941 0.0109375 0.0190972
0 0.0709961 0.0738064 0.105469 0.0687066
0 0.436328 0.134028 0.015625 0.0243056
1 0.8375 0.529861 0.028125 0.0472222
1 0.0757812 0.166319 0.034375 0.0381944
1 0.436328 0.134028 0.015625 0.0243056
1 0.653906 0.00907118 0.0140625 0.0181424
0 0.377734 0.185417 0.0109375 0.03125
0 0.011377 0.11033 0.0196777 0.0220486
0 0.0816162 0.168924 0.0391113 0.0371528
0 0.339258 0.409028 0.0449219 0.0652778
0 0.263867 0.85 0.0132813 0.0194444
0 0.349609 0.392361 0.0464844 0.0694444
1 0.212891 0.0869792 0.021875 0.0180556
1 0.572656 0.0549913 0.009375 0.0323785
0 0.455078 0.285243 0.0398437 0.0628472
0 0.613672 0.0457031 0.0132813 0.0388021
0 0.331836 0.410417 0.0445312 0.0625
0 0.653906 0.00907118 0.0140625 0.0181424
0 0.340234 0.394097 0.0449219 0.0645833
0 0.0409668 0.155946 0.0592773 0.0429688
1 0.835938 0.537847 0.01875 0.0409722
0 0.0609375 0.234028 0.0556641 0.0472222
0 0.0672852 0.183854 0.0230469 0.0329861
0 0.426953 0.181944 0.0117188 0.0159722
0 0.378906 0.188542 0.00859375 0.0277778
0 0.8125 0.479167 0.0890625 0.158333
1 0.0839844 0.163194 0.0271484 0.0284722
0 0.418359 0.192014 0.0132813 0.0208333
1 0.613672 0.0457031 0.0132813 0.0388021
1 0.608594 0.0393229 0.0125 0.0323785
0 0.349219 0.407986 0.0492188 0.0680556
0 0.454688 0.305208 0.0390625 0.0611111
0 0.0927979 0.0496528 0.0593262 0.0510417
2 0.488281 0.673611 0.071875 0.123611
1 0.571875 0.0517361 0.0109375 0.0401042
3 0.0688965 0.117795 0.0223633 0.0286458
0 0.0472656 0.074566 0.0554687 0.0505208
1 0.219531 0.0865451 0.0121094 0.0135417
1 0.53125 0.0711806 0.0078125 0.0375
1 0.612109 0.04375 0.0117188 0.0364583
1 0.378223 0.189236 0.00917969 0.0267361
1 0.0459961 0.0751736 0.0542969 0.0480903
1 0.377734 0.185069 0.0109375 0.03125
1 0.503906 0.0980903 0.0078125 0.0256944
1 0.546094 0.0611979 0.0078125 0.0397569
2 0.8125 0.480208 0.0890625 0.152083
1 0.358398 0.203472 0.0125 0.0263889
1 0.500781 0.106424 0.00703125 0.0276042
1 0.609375 0.0419271 0.0132813 0.0347222
1 0.357812 0.200347 0.0101562 0.0309028
1 0.517187 0.0770833 0.0078125 0.0378472
1 0.515234 0.0751736 0.00859375 0.0364583
1 0.534375 0.0702257 0.0109375 0.0355903
1 0.489062 0.110503 0.0078125 0.028125
1 0.835938 0.536111 0.015625 0.0340278
0 0.0436035 0.133681 0.0706055 0.0611111
1 0.0495605 0.0693576 0.0512695 0.0425347
0 0.195312 0.0747396 0.0132813 0.0262153
1 0.195312 0.0747396 0.0132813 0.0262153
1 0.212109 0.0881076 0.0179687 0.0171875
0 0.196289 0.0776042 0.015625 0.0284722
0 0.219531 0.0865451 0.0121094 0.0135417
1 0.517187 0.0850694 0.00859375 0.0335069
1 0.417969 0.154123 0.009375 0.0230035
1 0.435156 0.136111 0.0140625 0.0263889
0 0.8125 0.480208 0.0890625 0.152083
1 0.215234 0.084809 0.01875 0.01875
1 0.264062 0.848611 0.0125 0.0194444
1 0.0253906 0.128125 0.0301758 0.0236111
1 0.490625 0.107813 0.0078125 0.021875
1 0.417969 0.143403 0.009375 0.0284722
1 0.0112793 0.120833 0.0187988 0.021875
1 0.00986328 0.113715 0.0173828 0.0194444
0 0.572656 0.0532552 0.0109375 0.040191
0 0.0112793 0.120833 0.0187988 0.021875
0 0.0272461 0.146701 0.0386719 0.0291667
0 0.0264771 0.131424 0.0318115 0.0248264
0 0.0683594 0.117014 0.0236328 0.0317708
3 0.0437012 0.130556 0.0733398 0.0576389
0 0.212109 0.0881076 0.0179687 0.0171875
1 0.196289 0.0776042 0.015625 0.0284722
0 0.215234 0.084809 0.01875 0.01875
3 0.0472656 0.0749132 0.0543945 0.0526042
1 0.613281 0.0477431 0.0140625 0.0427083
1 0.438281 0.139757 0.0140625 0.0211806
3 0.813281 0.480208 0.0890625 0.152083
0 0.00986328 0.113715 0.0173828 0.0194444
1 0.743359 0.240278 0.0289063 0.0923611
1 0.0432129 0.133333 0.0727539 0.0631944
1 0.262305 0.85 0.0144531 0.0222222
0 0.012207 0.118056 0.0219727 0.0263889
1 0.840625 0.536111 0.01875 0.0333333
0 0.985937 0.498611 0.025 0.145833
1 0.605469 0.0348958 0.0109375 0.0286458
1 0.012207 0.118056 0.0219727 0.0263889
1 0.0798828 0.976389 0.00820312 0.0194444
0 0.00964355 0.0887153 0.0166504 0.0197917
1 0.00964355 0.0887153 0.0166504 0.0197917
1 0.0688965 0.117795 0.0223633 0.0286458
3 0.0663086 0.121788 0.0291016 0.0378472
1 0.4 0.185764 0.00625 0.01875
1 0.357422 0.194792 0.0109375 0.0378472
1 0.375098 0.185417 0.0154297 0.0333333
0 0.612109 0.04375 0.0117188 0.0364583
0 0.0112305 0.0836806 0.0171875 0.0270833
0 0.609375 0.0419271 0.0132813 0.0347222
1 0.652734 0.0116319 0.01875 0.0207465
1 0.567187 0.0513021 0.015625 0.0413194
1 0.438281 0.131424 0.0125 0.0241319
0 0.0311523 0.189931 0.040625 0.0465278
0 0.0165283 0.125868 0.0319824 0.034375
1 0.0272461 0.146701 0.0386719 0.0291667
0 0.0315308 0.0793403 0.0420166 0.0381944
1 0.428125 0.147917 0.0125 0.0305556
1 0.0112305 0.0836806 0.0171875 0.0270833
1 0.0165283 0.125868 0.0319824 0.034375
1 0.747656 0.251736 0.0234375 0.0708333
1 0.812305 0.480556 0.0878906 0.151389
1 0.0315308 0.0793403 0.0420166 0.0381944
0 0.0605469 0.959722 0.0419922 0.0722222
0 0.0798828 0.976389 0.00820312 0.0194444
1 0.0370117 0.0753472 0.0447266 0.0395833
0 0.0438965 0.188889 0.0631836 0.0506944
1 0.329297 0.248611 0.00703125 0.0194444
0 0.199219 0.0776042 0.021875 0.03125
1 0.653906 0.014681 0.015625 0.023763
1 0.985937 0.501389 0.0265625 0.154167
0 0.985156 0.525694 0.028125 0.205556
1 0.439844 0.144358 0.0109375 0.0255208
0 0.0739746 0.16875 0.0426758 0.04375
1 0.611328 0.0419705 0.0195312 0.0490451
0 0.0370117 0.0753472 0.0447266 0.0395833
0 0.605469 0.0348958 0.0109375 0.0286458
1 0.427734 0.182292 0.0101562 0.0159722
0 0.611328 0.0478733 0.0164062 0.0448785
0 0.377734 0.185069 0.0109375 0.03125
1 0.19668 0.0947049 0.0117188 0.0204861
1 0.652344 0.0100043 0.015625 0.0200087
1 0.416406 0.158333 0.0109375 0.0243056
0 0.438281 0.139757 0.0140625 0.0211806
1 0.838281 0.53125 0.0296875 0.0430556
1 0.496484 0.101476 0.0148437 0.0314236
0 0.0201904 0.13724 0.0379395 0.0473958
2 0.0683594 0.117014 0.0236328 0.0317708
2 0.0472656 0.0749132 0.0543945 0.0526042
1 0.575 0.0553819 0.0140625 0.0390625
1 0.492188 0.343056 0.0125 0.0180556
2 0.4875 0.672917 0.0726563 0.123611
1 0.532031 0.0702908 0.009375 0.0396267
0 0.0470703 0.0718967 0.0533203 0.0457899
1 0.517187 0.0773437 0.00859375 0.0380208
1 0.546094 0.0572917 0.0078125 0.0375
1 0.503906 0.0980903 0.00859375 0.0246528
1 0.571875 0.0504774 0.009375 0.0365451
1 0.572656 0.0543837 0.0101562 0.0360243
1 0.194336 0.0739583 0.0113281 0.0255208
1 0.377734 0.184722 0.0117188 0.0322917
0 0.0434448 0.132465 0.0740478 0.0631944
1 0.840625 0.534375 0.021875 0.0305556
1 0.6125 0.0452691 0.0125 0.0389757
0 0.218945 0.0857639 0.0140625 0.0173611
0 0.194336 0.0739583 0.0113281 0.0255208
1 0.0478027 0.0732639 0.0524414 0.0480903
1 0.835938 0.534028 0.015625 0.0305556
0 0.170508 0.0159288 0.0285156 0.0217014
0 0.194727 0.0795139 0.0136719 0.0277778
1 0.419531 0.150174 0.0125 0.0277778
1 0.435547 0.134722 0.015625 0.0232639
1 0.608594 0.0408854 0.0117188 0.0333333
1 0.218945 0.0857639 0.0140625 0.0173611
1 0.503125 0.102778 0.009375 0.0253472
0 0.213281 0.0876736 0.0230469 0.0215278
0 0.214062 0.0834201 0.0210938 0.0184028
1 0.419531 0.144965 0.0117188 0.0277778
1 0.438672 0.138542 0.015625 0.0211806
1 0.746484 0.266493 0.0203125 0.0371528
1 0.533594 0.0669271 0.0109375 0.0387153
1 0.515625 0.0763889 0.009375 0.0364583
1 0.745313 0.239931 0.0226563 0.0916667
0 0.0231201 0.136892 0.0395996 0.0512153
1 0.489844 0.108333 0.00859375 0.0225694
0 0.19375 0.0760417 0.0148437 0.0265625
1 0.488672 0.110417 0.0078125 0.0274306
0 0.0246338 0.148958 0.0344238 0.0291667
1 0.264062 0.85 0.0125 0.0166667
1 0.749219 0.252431 0.01875 0.0701389
1 0.358203 0.198611 0.0117188 0.0340278
1 0.194727 0.0795139 0.0136719 0.0277778
1 0.214062 0.0834201 0.0210938 0.0184028
0 0.0428833 0.121354 0.0751709 0.0482639
1 0.378906 0.595486 0.0328125 0.0493056
1 0.374023 0.184896 0.0121094 0.0315972
3 0.378906 0.594444 0.0335938 0.0486111
1 0.611719 0.0484809 0.015625 0.0450521
2 0.378906 0.595486 0.0328125 0.0493056
0 0.572656 0.0543837 0.0101562 0.0360243
3 0.0424683 0.131944 0.0758057 0.0607639
1 0.84375 0.536111 0.01875 0.0277778
3 0.044043 0.123785 0.0710938 0.0420139
1 0.19375 0.0760417 0.0148437 0.0265625
1 0.0422363 0.131424 0.0780273 0.0670139
1 0.0428833 0.121354 0.0751709 0.0482639
0 0.419531 0.150174 0.0125 0.0277778
1 0.732031 0.271701 0.0140625 0.028125
1 0.429688 0.148785 0.009375 0.0263889
1 0.0802734 0.977778 0.0107422 0.0222222
0 0.059082 0.959028 0.0435547 0.0791667
1 0.4375 0.13316 0.0140625 0.0256944
1 0.740234 0.241667 0.025 0.0868056
0 0.435547 0.134722 0.015625 0.0232639
0 0.438672 0.138542 0.015625 0.0211806
0 0.0379395 0.0937283 0.0710938 0.0809462
1 0.262109 0.85 0.0132813 0.0194444
1 0.213281 0.0876736 0.0230469 0.0215278
1 0.324609 0.236285 0.0171875 0.0357639
1 0.748438 0.273958 0.0234375 0.0333333
1 0.607031 0.0345486 0.0101562 0.0274306
1 0.728125 0.279861 0.0171875 0.0270833
0 0.571875 0.0504774 0.009375 0.0365451
1 0.439844 0.144792 0.0140625 0.0246528
1 0.840625 0.538889 0.025 0.0381944
0 0.0376953 0.15816 0.0583008 0.0444444
0 0.0110352 0.118837 0.0194336 0.0314236
0 0.047644 0.112153 0.05979 0.0461806
1 0.653125 0.00985243 0.015625 0.0197049
0 0.419531 0.144965 0.0117188 0.0277778
3 0.0464844 0.0713542 0.0557617 0.0484375
0 0.503125 0.102778 0.009375 0.0253472
0 0.378906 0.595486 0.0328125 0.0493056
1 0.130664 0.686806 0.0078125 0.0166667
0 0.0503418 0.179167 0.0668945 0.0472222
1 0.820312 0.0741102 0.01875 0.0469184
1 0.427734 0.184375 0.0109375 0.0180556
0 0.813281 0.479861 0.0921875 0.151389
1 0.654688 0.0128906 0.0132813 0.0236111
1 0.828906 0.41875 0.0125 0.0277778
1 0.572656 0.0268338 0.009375 0.0373047
0 0.320703 0.231944 0.0242187 0.0486111
1 0.0231201 0.136892 0.0395996 0.0512153
0 0.0466309 0.151736 0.0770508 0.0659722
1 0.0379395 0.0937283 0.0710938 0.0809462
1 0.0246338 0.148958 0.0344238 0.0291667
0 0.0442871 0.188194 0.0618164 0.0430556
0 0.0308716 0.190278 0.0366943 0.0395833
1 0.205078 0.8 0.0078125 0.0222222
1 0.752344 0.258854 0.0226563 0.0565972
1 0.773438 0.424306 0.0125 0.01875
1 0.790625 0.521528 0.015625 0.0402778
0 0.0617188 0.159722 0.0425781 0.0354167
0 0.745313 0.239583 0.0265625 0.0958333
0 0.152539 0.0648438 0.0292969 0.0331597
1 0.745313 0.271528 0.025 0.0395833
0 0.155469 0.019184 0.0558594 0.0331597
1 0.671875 0.661111 0.0109375 0.0229167
1 0.320703 0.231944 0.0242187 0.0486111
0 0.0713379 0.174306 0.0323242 0.0371528
0 0.0149902 0.521528 0.0294922 0.0916667
0 0.608594 0.0408854 0.0117188 0.0333333
1 0.727344 0.676389 0.0179687 0.0291667
0 0.200391 0.0786458 0.0226563 0.0314236
0 0.6125 0.0452691 0.0125 0.0389757
0 0.0407715 0.0809896 0.0625 0.0517361
1 0.0199219 0.0722222 0.0161133 0.0333333
1 0.195117 0.823611 0.00976562 0.0194444
1 0.0376953 0.15816 0.0583008 0.0444444
1 0.264258 0.164583 0.009375 0.01875
1 0.305078 0.240278 0.0195312 0.0416667
0 0.377734 0.184722 0.0117188 0.0322917
1 0.353516 0.19184 0.0101562 0.0274306
1 0.548437 0.0124566 0.0109375 0.0249132
1 0.047644 0.112153 0.05979 0.0461806
1 0.419141 0.153472 0.0164062 0.0302083
0 0.165137 0.173655 0.0857422 0.0603299
1 0.725 0.280556 0.0171875 0.0243056
0 0.4375 0.13316 0.0140625 0.0256944
1 0.611719 0.0423177 0.01875 0.047309
0 0.155273 0.0487847 0.0242187 0.0319444
0 0.0317383 0.146137 0.0543945 0.0542535
0 0.985937 0.501389 0.0265625 0.161111
0 0.0630371 0.0736111 0.0706055 0.0505208
1 0.839063 0.719444 0.01875 0.025
1 0.840625 0.528125 0.025 0.0444444
1 0.423047 0.186632 0.0125 0.0201389
1 0.399219 0.184375 0.009375 0.0239583
0 0.545313 0.0598958 0.0078125 0.0399306
1 0.701563 0.613889 0.028125 0.0388889
0 0.0664062 0.951389 0.0658203 0.0930556
1 0.508203 0.633333 0.0226563 0.0375
0 0.0802734 0.977778 0.0107422 0.0222222
1 0.542969 0.0696181 0.0109375 0.0447917
1 0.701953 0.624653 0.0304688 0.0569444
1 0.726953 0.274306 0.0226563 0.0291667
0 0.0199219 0.0722222 0.0161133 0.0333333
2 0.4875 0.673611 0.0726563 0.123611
1 0.0470215 0.0723958 0.0540039 0.0543403
0 0.218945 0.0869792 0.0121094 0.0137153
0 0.0470215 0.0723958 0.0540039 0.0543403
1 0.517187 0.0772569 0.0078125 0.034375
1 0.545313 0.0610243 0.0078125 0.0375
1 0.532031 0.0707465 0.00859375 0.0387153
1 0.194531 0.0739583 0.0117188 0.0246528
1 0.8375 0.534722 0.015625 0.0319444
0 0.194531 0.0739583 0.0117188 0.0246528
1 0.546094 0.0578342 0.0078125 0.0346788
1 0.533594 0.0684245 0.009375 0.0378038
1 0.264062 0.850694 0.0117188 0.0166667
0 0.194922 0.0779514 0.0132813 0.0288194
1 0.571875 0.0465278 0.00859375 0.0305556
1 0.218945 0.0869792 0.0121094 0.0137153
0 0.213672 0.087934 0.021875 0.0184028
1 0.572656 0.0555773 0.009375 0.0346788
0 0.572656 0.0555773 0.009375 0.0346788
1 0.840625 0.535417 0.021875 0.0305556
1 0.503516 0.0979167 0.0078125 0.0223958
0 0.213867 0.0848958 0.0199219 0.0177083
1 0.441406 0.138628 0.00859375 0.0175347
1 0.502734 0.102604 0.00859375 0.0225694
0 0.17041 0.0152886 0.0271484 0.0209852
1 0.516016 0.0766493 0.00859375 0.03125
1 0.489062 0.111806 0.00625 0.0239583
1 0.433594 0.131944 0.009375 0.0177083
1 0.377734 0.188194 0.009375 0.0274306
1 0.0263184 0.139757 0.0393555 0.0423611
0 0.0263184 0.139757 0.0393555 0.0423611
1 0.419531 0.153472 0.0078125 0.0190972
1 0.377344 0.184028 0.0109375 0.0319444
0 0.810156 0.479167 0.0859375 0.149306
0 0.0481445 0.126215 0.0662109 0.0479167
1 0.0446777 0.132292 0.071582 0.0579861
1 0.41875 0.140365 0.0078125 0.0196181
1 0.194922 0.0779514 0.0132813 0.0288194
0 0.985937 0.490278 0.028125 0.138889
0 0.0386719 0.137847 0.0662109 0.0479167
1 0.0686523 0.117708 0.0224609 0.0274306
0 0.264062 0.850694 0.0117188 0.0166667
1 0.0386719 0.137847 0.0662109 0.0479167
1 0.0490723 0.126389 0.0641602 0.0458333
0 0.0686523 0.117708 0.0224609 0.0274306
1 0.490625 0.108333 0.0078125 0.0197917
1 0.358203 0.198264 0.0121094 0.034375
0 0.571875 0.0465278 0.00859375 0.0305556
1 0.6125 0.0419271 0.009375 0.0307292
0 0.545313 0.0610243 0.0078125 0.0375
0 0.419531 0.153472 0.0078125 0.0190972
1 0.436328 0.12908 0.009375 0.0164931
0 0.533594 0.0684245 0.009375 0.0378038
0 0.441406 0.138628 0.00859375 0.0175347
1 0.652734 0.0100911 0.0140625 0.0161024
0 0.614062 0.046875 0.0109375 0.0364583
0 0.502734 0.102604 0.00859375 0.0225694
1 0.213867 0.0848958 0.0199219 0.0177083
1 0.607813 0.0411892 0.009375 0.0323785
0 0.607813 0.0411892 0.009375 0.0323785
0 0.0252808 0.131944 0.0424072 0.0506944
1 0.654297 0.0093967 0.0125 0.0187934
0 0.6125 0.0419271 0.009375 0.0307292
0 0.377344 0.184028 0.0109375 0.0319444
1 0.213672 0.087934 0.021875 0.0184028
1 0.7375 0.214236 0.0109375 0.0319444
1 0.429297 0.151345 0.0078125 0.0188368
3 0.0470215 0.0724175 0.0549805 0.0541233
1 0.838281 0.538194 0.0203125 0.0388889
1 0.74375 0.219792 0.0125 0.0381944
0 0.377734 0.188194 0.009375 0.0274306
0 0.532031 0.0707465 0.00859375 0.0387153
0 0.652734 0.0100911 0.0140625 0.0161024
0 0.433594 0.131944 0.009375 0.0177083
0 0.14668 0.0671875 0.0273438 0.0329861
1 0.845312 0.534722 0.025 0.0305556
0 0.137012 0.0713542 0.0373047 0.0402778
1 0.427734 0.180556 0.00859375 0.0118056
3 0.0481445 0.126215 0.0662109 0.0479167
0 0.147461 0.0892361 0.0425781 0.0486111
1 0.614062 0.046875 0.0109375 0.0364583
0 0.517187 0.0798611 0.00859375 0.0368056
0 0.157813 0.0904514 0.0367187 0.0458333
1 0.0795898 0.975 0.00820312 0.0166667
1 0.74375 0.213021 0.0109375 0.0371528
1 0.73125 0.266319 0.0109375 0.0236111
1 0.747266 0.266667 0.0148437 0.0361111
3 0.0386719 0.137847 0.0662109 0.0479167
0 0.200781 0.0770833 0.025 0.0305556
1 0.653906 0.0145399 0.0125 0.0192708
1 0.130664 0.686111 0.00703125 0.0111111
1 0.325781 0.243403 0.0140625 0.0229167
0 0.0817383 0.117708 0.0488281 0.0357639
1 0.374219 0.182639 0.0125 0.0295139
0 0.546094 0.0578342 0.0078125 0.0346788
0 0.41875 0.140365 0.0078125 0.0196181
0 0.319922 0.231944 0.0253906 0.0534722
1 0.614844 0.0526476 0.0109375 0.0323785
0 0.197461 0.0916667 0.0113281 0.021875
1 0.242578 0.0647569 0.00703125 0.0112847
0 0.139453 0.0888889 0.0460938 0.0496528
1 0.774219 0.422917 0.0140625 0.0194444
1 0.832812 0.528472 0.04375 0.0479167
0 0.429297 0.151345 0.0078125 0.0188368
1 0.671484 0.661458 0.0101562 0.0201389
1 0.0252808 0.131944 0.0424072 0.0506944
1 0.733594 0.222222 0.009375 0.0291667
0 0.358203 0.198611 0.0132813 0.0340278
1 0.8125 0.479861 0.084375 0.148611
1 0.54375 0.0689019 0.009375 0.0448351
0 0.614844 0.0526476 0.0109375 0.0323785
0 0.236328 0.033941 0.0078125 0.0151042
0 0.152734 0.0709852 0.028125 0.0354601
0 0.171094 0.0916667 0.0203125 0.0380208
1 0.605469 0.0323351 0.009375 0.0226563
1 0.742969 0.252778 0.025 0.0569444
0 0.242578 0.0647569 0.00703125 0.0112847
1 0.664844 0.0312066 0.0125 0.019184
0 0.654297 0.0093967 0.0125 0.0187934
2 0.4875 0.673611 0.071875 0.123611
0 0.0467773 0.0724826 0.0556641 0.0498264
0 0.0440918 0.132205 0.0739258 0.0630208
1 0.532031 0.0711806 0.0078125 0.0381944
1 0.545313 0.0617839 0.0078125 0.0371962
1 0.571875 0.0480903 0.0078125 0.0321181
1 0.194531 0.0742188 0.0117188 0.0256944
1 0.545703 0.0568576 0.00703125 0.0329861
1 0.502344 0.102431 0.00703125 0.0222222
1 0.516406 0.0751736 0.00625 0.0314236
1 0.572656 0.0550781 0.009375 0.0332465
1 0.503906 0.0979167 0.00625 0.021875
1 0.517187 0.0803819 0.0078125 0.0354167
1 0.835938 0.535417 0.015625 0.0319444
0 0.0245117 0.138455 0.0385742 0.0484375
1 0.60625 0.0375 0.0078125 0.0241319
1 0.41875 0.154861 0.0078125 0.0180556
1 0.378516 0.184028 0.009375 0.0298611
0 0.217969 0.0866319 0.0140625 0.0163194
1 0.417969 0.141059 0.00859375 0.0196181
0 0.194531 0.0742188 0.0117188 0.0256944
0 0.195117 0.0780382 0.0136719 0.0279514
1 0.839063 0.536111 0.021875 0.0305556
0 0.0252441 0.146007 0.0350586 0.0336806
1 0.378027 0.189236 0.00800781 0.0263889
1 0.612891 0.0390191 0.00859375 0.0249132
1 0.433594 0.132292 0.00859375 0.0190972
0 0.572656 0.0550781 0.009375 0.0332465
3 0.0437622 0.131771 0.0753662 0.0607639
1 0.441406 0.13941 0.0078125 0.0184028
1 0.533594 0.0684896 0.0101562 0.0366319
1 0.217969 0.0866319 0.0140625 0.0163194
0 0.214258 0.0850694 0.0203125 0.0201389
1 0.264062 0.85 0.0117188 0.0166667
0 0.213281 0.0881944 0.0234375 0.0208333
1 0.489062 0.111979 0.00625 0.0239583
0 0.0375977 0.1375 0.0664062 0.0541667
1 0.514844 0.0730903 0.00625 0.0277778
1 0.195117 0.0780382 0.0136719 0.0279514
1 0.358008 0.198958 0.0117188 0.0322917
1 0.614844 0.0482639 0.009375 0.0342014
0 0.60625 0.0375 0.0078125 0.0241319
3 0.0464355 0.07398 0.0554687 0.0516927
0 0.571875 0.0480903 0.0078125 0.0321181
0 0.026416 0.131771 0.0454102 0.0548611
0 0.985937 0.503125 0.0265625 0.165972
1 0.436719 0.127604 0.009375 0.0166667
3 0.06875 0.117361 0.0232422 0.0295139
0 0.612891 0.0390191 0.00859375 0.0249132
1 0.214258 0.0850694 0.0203125 0.0201389
1 0.653125 0.00980903 0.0140625 0.0171875
0 0.06875 0.117361 0.0232422 0.0295139
1 0.06875 0.117361 0.0232422 0.0295139
1 0.615625 0.0521267 0.009375 0.0335938
1 0.605469 0.0331597 0.0078125 0.0236111
1 0.490625 0.108333 0.0078125 0.0194444
0 0.170508 0.0152018 0.0265625 0.0202908
1 0.85 0.535417 0.01875 0.0298611
1 0.373828 0.180556 0.0117188 0.0270833
0 0.653125 0.00980903 0.0140625 0.0171875
1 0.0472168 0.0738715 0.0552734 0.0505208
0 0.614844 0.0482639 0.009375 0.0342014
1 0.2625 0.851389 0.0140625 0.0194444
0 0.545313 0.0617839 0.0078125 0.0371962
0 0.441406 0.13941 0.0078125 0.0184028
1 0.840625 0.722917 0.0171875 0.0222222
1 0.428125 0.150868 0.00859375 0.0190972
1 0.842969 0.5375 0.021875 0.025
1 0.179248 0.0952257 0.00869141 0.0256944
1 0.414844 0.159028 0.00859375 0.0180556
0 0.502344 0.102431 0.00703125 0.0222222
1 0.357227 0.19375 0.0113281 0.0340278
0 0.41875 0.154861 0.0078125 0.0180556
1 0.835938 0.538889 0.01875 0.0361111
1 0.491406 0.331597 0.009375 0.0131944
0 0.433594 0.132292 0.00859375 0.0190972
0 0.532031 0.0711806 0.0078125 0.0381944
1 0.235742 0.0334635 0.00625 0.0164062
1 0.653125 0.0136393 0.0132813 0.0230686
0 0.198437 0.0769097 0.0195312 0.0274306
0 0.813867 0.480556 0.0910156 0.151389
0 0.533594 0.0684896 0.0101562 0.0366319
0 0.605469 0.0331597 0.0078125 0.0236111
1 0.490625 0.341319 0.009375 0.0145833
0 0.0638672 0.144444 0.046875 0.0590278
1 0.196094 0.758333 0.0117188 0.0263889
0 0.378516 0.184028 0.009375 0.0298611
1 0.840625 0.539583 0.0296875 0.0361111
0 0.653125 0.0136393 0.0132813 0.0230686
1 0.194922 0.825 0.009375 0.0194444
1 0.0252441 0.146007 0.0350586 0.0336806
1 0.0452637 0.131858 0.0731445 0.0602431
1 0.84375 0.722917 0.01875 0.0208333
0 0.235742 0.0334635 0.00625 0.0164062
1 0.129883 0.686806 0.00761719 0.0138889
1 0.9125 0.444444 0.028125 0.0354167
1 0.774219 0.424306 0.0125 0.0166667
0 0.615625 0.0521267 0.009375 0.0335938
1 0.271484 0.0180556 0.00703125 0.0185764
0 0.489062 0.111979 0.00625 0.0239583
0 0.503906 0.0979167 0.00625 0.021875
0 0.517187 0.0803819 0.0078125 0.0354167
1 0.6625 0.0298611 0.0125 0.0204861
0 0.545703 0.0568576 0.00703125 0.0329861
1 0.233594 0.0385417 0.00585938 0.0173611
0 0.0683594 0.121354 0.0320312 0.0371528
1 0.24375 0.0637153 0.00664063 0.0128472
1 0.327344 0.24566 0.0117188 0.0159722
1 0.809375 0.483333 0.0859375 0.144444
0 0.378027 0.189236 0.00800781 0.0263889
0 0.516406 0.0751736 0.00625 0.0314236
1 0.0245117 0.138455 0.0385742 0.0484375
1 0.213281 0.0881944 0.0234375 0.0208333
0 0.664844 0.028342 0.0164062 0.0235243
2 0.4875 0.673264 0.071875 0.124306
0 0.0464355 0.072309 0.0551758 0.0543403
0 0.0432617 0.131771 0.0738281 0.0614583
1 0.532031 0.071441 0.0078125 0.0388889
1 0.571875 0.0511285 0.00859375 0.0359375
1 0.545313 0.0611111 0.0078125 0.0388889
0 0.217969 0.0871528 0.0128906 0.0138889
1 0.835156 0.535417 0.0140625 0.0277778
1 0.517187 0.0774306 0.0078125 0.0371528
1 0.8375 0.536806 0.01875 0.0263889
1 0.194531 0.0736979 0.0109375 0.0248264
1 0.264062 0.85 0.0117188 0.0152778
0 0.571875 0.0541667 0.009375 0.0352431
0 0.194531 0.0736979 0.0109375 0.0248264
1 0.417969 0.154514 0.0078125 0.01875
1 0.60625 0.0387153 0.00859375 0.0267361
1 0.503516 0.0980903 0.00703125 0.0215278
1 0.377246 0.184896 0.0111328 0.03125
0 0.194922 0.078125 0.0132813 0.0274306
1 0.433984 0.133507 0.009375 0.0201389
1 0.502344 0.100434 0.0078125 0.0189236
1 0.612891 0.0409722 0.00859375 0.0289063
1 0.533594 0.0672743 0.009375 0.0376736
1 0.41875 0.142361 0.009375 0.0222222
0 0.212891 0.0881944 0.021875 0.0197917
1 0.440625 0.138368 0.009375 0.01875
1 0.357422 0.200694 0.0113281 0.0302083
0 0.213281 0.0852431 0.0191406 0.0184028
1 0.217969 0.0871528 0.0128906 0.0138889
1 0.515625 0.0763889 0.0078125 0.0350694
3 0.042981 0.132031 0.0741943 0.0595486
1 0.194922 0.078125 0.0132813 0.0274306
0 0.0225586 0.134809 0.040625 0.0526042
1 0.489062 0.112326 0.00625 0.0232639
0 0.60625 0.0387153 0.00859375 0.0267361
1 0.614844 0.0457031 0.009375 0.0332465
1 0.0469238 0.0727431 0.0549805 0.0532986
1 0.851562 0.535417 0.015625 0.0277778
0 0.0207764 0.130816 0.0305176 0.0456597
1 0.842969 0.536458 0.01875 0.025
0 0.612891 0.0409722 0.00859375 0.0289063
1 0.652344 0.0101345 0.015625 0.0163628
1 0.436719 0.130903 0.0109375 0.0211806
1 0.840625 0.723611 0.015625 0.0194444
1 0.490625 0.108333 0.00703125 0.0184028
1 0.835938 0.540625 0.015625 0.0326389
1 0.653906 0.00967882 0.0140625 0.0193576
0 0.0373047 0.119097 0.0439453 0.0465278
0 0.545313 0.0611111 0.0078125 0.0388889
1 0.042981 0.132031 0.0741943 0.0595486
1 0.428516 0.15191 0.0078125 0.0184028
1 0.671094 0.661458 0.009375 0.01875
1 0.840625 0.719444 0.015625 0.0194444
1 0.375 0.184201 0.0140625 0.0315972
1 0.262305 0.850694 0.0140625 0.0180556
1 0.605469 0.0341146 0.0101562 0.0260417
1 0.653906 0.0131076 0.0140625 0.0225694
1 0.0207764 0.130816 0.0305176 0.0456597
0 0.653906 0.0131076 0.0140625 0.0225694
1 0.839844 0.540625 0.0234375 0.0326389
0 0.653906 0.00967882 0.0140625 0.0193576
0 0.614844 0.0457031 0.009375 0.0332465
1 0.415234 0.158854 0.00859375 0.0180556
1 0.84375 0.721528 0.015625 0.0180556
0 0.652344 0.0101345 0.015625 0.0163628
0 0.532031 0.071441 0.0078125 0.0388889
1 0.615625 0.0506944 0.009375 0.0355903
1 0.0796875 0.977778 0.00878906 0.0208333
1 0.744531 0.215625 0.015625 0.0354167
0 0.170312 0.0149197 0.0273438 0.0212023
1 0.195312 0.757639 0.00859375 0.0222222
3 0.0466797 0.0727214 0.0550781 0.0535156
0 0.440625 0.138368 0.009375 0.01875
0 0.417969 0.154514 0.0078125 0.01875
1 0.194531 0.824306 0.00820312 0.0180556
1 0.357422 0.194097 0.0117188 0.0354167
0 0.517187 0.0791667 0.0078125 0.0388889
1 0.213281 0.0852431 0.0191406 0.0184028
0 0.533594 0.0672743 0.009375 0.0376736
1 0.678516 0.00668403 0.009375 0.0133681
1 0.204297 0.8 0.00703125 0.0222222
0 0.433984 0.133507 0.009375 0.0201389
1 0.776758 0.422569 0.0183594 0.01875
0 0.502344 0.100434 0.0078125 0.0189236
1 0.546094 0.13316 0.00703125 0.0190972
1 0.791406 0.510417 0.0125 0.0194444
1 0.326172 0.244097 0.0132813 0.0194444
1 0.91875 0.225694 0.03125 0.0243056
1 0.774219 0.423958 0.0140625 0.0159722
1 0.742188 0.211458 0.015625 0.0298611
1 0.0373047 0.119097 0.0439453 0.0465278
1 0.0149414 0.0857639 0.0211914 0.0350694
1 0.35293 0.19375 0.0105469 0.0270833
0 0.605469 0.0341146 0.0101562 0.0260417
1 0.74375 0.208333 0.0125 0.0305556
1 0.7875 0.516667 0.009375 0.025
0 0.053418 0.115885 0.0494141 0.0414931
1 0.747656 0.267708 0.015625 0.03125
0 0.0360474 0.155382 0.0323975 0.0423611
1 0.426562 0.182118 0.0109375 0.0138889
2 0.4875 0.673611 0.071875 0.123611
0 0.0469727 0.0736111 0.0548828 0.0527778
0 0.0431152 0.132292 0.074707 0.0600694
1 0.835938 0.535069 0.015625 0.0298611
1 0.545313 0.0657118 0.00703125 0.0303819
1 0.571094 0.0429688 0.0078125 0.0241319
1 0.516797 0.0734375 0.00625 0.0258681
1 0.531641 0.0673611 0.00703125 0.03125
1 0.546094 0.0546441 0.00625 0.0275174
0 0.21875 0.087066 0.0109375 0.0135417
1 0.502734 0.0998264 0.00703125 0.0166667
1 0.417188 0.155556 0.0078125 0.0180556
1 0.264062 0.85 0.0117188 0.0166667
1 0.417969 0.140017 0.0078125 0.0182292
1 0.432813 0.132292 0.0078125 0.0184028
1 0.605469 0.0372396 0.0078125 0.0246528
1 0.572656 0.0594618 0.009375 0.0253472
1 0.611719 0.0378038 0.009375 0.0226563
3 0.0429565 0.132378 0.0756104 0.0588542
3 0.0679199 0.119618 0.0268555 0.0322917
1 0.53125 0.0777778 0.00625 0.0277778
1 0.441406 0.138889 0.0078125 0.0194444
0 0.0241211 0.135417 0.0398437 0.0506944
1 0.516797 0.0837674 0.00703125 0.0298611
1 0.194141 0.0737847 0.0105469 0.0236111
1 0.503516 0.0979167 0.00703125 0.0208333
1 0.21875 0.087066 0.0109375 0.0135417
1 0.514844 0.0728299 0.00625 0.0217014
0 0.0679199 0.119618 0.0268555 0.0322917
1 0.378516 0.191493 0.00703125 0.0204861
1 0.535156 0.0690104 0.009375 0.0293403
1 0.377734 0.182292 0.0101562 0.0284722
0 0.572656 0.0594618 0.009375 0.0253472
1 0.851562 0.536111 0.015625 0.0291667
1 0.357031 0.202083 0.0101562 0.0263889
1 0.436328 0.129774 0.009375 0.0185764
0 0.194141 0.0737847 0.0105469 0.0236111
1 0.489062 0.113802 0.00625 0.0196181
1 0.0679199 0.119618 0.0268555 0.0322917
0 0.214453 0.0854167 0.0195312 0.01875
1 0.847656 0.536111 0.0171875 0.0263889
0 0.194727 0.0786458 0.0125 0.0265625
1 0.614844 0.0471354 0.009375 0.0331597
0 0.2125 0.0887153 0.0207031 0.0190972
1 0.840625 0.723611 0.015625 0.0208333
3 0.0465942 0.0732422 0.0554443 0.0549045
0 0.502734 0.0998264 0.00703125 0.0166667
1 0.84375 0.721528 0.015625 0.0208333
1 0.358008 0.204861 0.0113281 0.0229167
1 0.605469 0.0329861 0.00859375 0.0232639
1 0.194727 0.0786458 0.0125 0.0265625
1 0.414844 0.160764 0.0078125 0.0145833
1 0.773438 0.424306 0.0125 0.0166667
1 0.652344 0.0100694 0.0140625 0.0164062
1 0.0472534 0.0736328 0.0545166 0.0516927
1 0.428125 0.149349 0.00859375 0.0221354
0 0.605469 0.0372396 0.0078125 0.0246528
0 0.170605 0.0148872 0.0259766 0.0210069
1 0.262305 0.851389 0.0136719 0.0180556
1 0.328516 0.246007 0.00859375 0.0145833
1 0.373828 0.18125 0.0109375 0.0263889
0 0.652344 0.0100694 0.0140625 0.0164062
1 0.0431152 0.132639 0.075293 0.0586806
1 0.490625 0.109722 0.0078125 0.0173611
0 0.417188 0.155556 0.0078125 0.0180556
0 0.611719 0.0378038 0.009375 0.0226563
0 0.441406 0.138889 0.0078125 0.0194444
1 0.0202393 0.134722 0.0317871 0.0461806
1 0.775781 0.422569 0.015625 0.0194444
1 0.790625 0.510417 0.0125 0.01875
1 0.356445 0.188889 0.00898437 0.025
1 0.839063 0.539931 0.0234375 0.0340278
1 0.7875 0.514236 0.009375 0.0236111
0 0.571094 0.0429688 0.0078125 0.0241319
1 0.614844 0.0529514 0.009375 0.0302083
1 0.491016 0.329861 0.0101562 0.0152778
1 0.653906 0.0125 0.0125 0.0230903
0 0.545313 0.0657118 0.00703125 0.0303819
1 0.130469 0.686111 0.00742187 0.0138889
0 0.0875244 0.159332 0.0339355 0.034809
1 0.745313 0.216319 0.015625 0.0361111
0 0.0799805 0.119444 0.0453125 0.0371528
0 0.653906 0.0125 0.0125 0.0230903
1 0.671094 0.661458 0.0078125 0.0194444
0 0.432813 0.132292 0.0078125 0.0184028
0 0.0825195 0.161806 0.0248047 0.0263889
1 0.214453 0.0854167 0.0195312 0.01875
0 0.0477051 0.0835069 0.0476562 0.0472222
0 0.535156 0.0690104 0.009375 0.0293403
1 0.427344 0.181771 0.009375 0.0131944
0 0.614844 0.0471354 0.009375 0.0331597
3 0.4875 0.673958 0.071875 0.124306
1 0.242578 0.0637153 0.00703125 0.0107639
1 0.91875 0.2125 0.0375 0.0541667
1 0.0798828 0.977778 0.00820312 0.0222222
1 0.194727 0.824306 0.00859375 0.0180556
1 0.546094 0.133333 0.00625 0.0177083
0 0.489062 0.113802 0.00625 0.0196181
1 0.917188 0.226736 0.03125 0.0256944
2 0.4875 0.673264 0.0726563 0.124306
0 0.0466797 0.072309 0.0548828 0.0536458
0 0.0431152 0.132118 0.0754883 0.0600694
1 0.835938 0.534722 0.015625 0.0305556
1 0.417188 0.155903 0.0078125 0.0184028
1 0.516797 0.0741319 0.00625 0.0270833
1 0.53125 0.0669271 0.00625 0.0302083
1 0.545313 0.064388 0.00625 0.0319878
1 0.571094 0.0421875 0.00625 0.0227431
0 0.0245117 0.138021 0.0414063 0.046875
3 0.0432129 0.132118 0.0756836 0.0572917
3 0.0686035 0.118403 0.0254883 0.0298611
1 0.432813 0.132205 0.00625 0.0182292
1 0.605859 0.037066 0.0078125 0.0222222
1 0.545313 0.0541667 0.00625 0.0269097
1 0.502344 0.0992187 0.00625 0.0161458
1 0.442187 0.139236 0.0078125 0.0190972
1 0.417969 0.141059 0.0078125 0.0196181
3 0.0462036 0.0724826 0.0550537 0.0532986
1 0.264062 0.85 0.0113281 0.0166667
3 0.0518555 0.119618 0.0582031 0.0361111
1 0.611719 0.037934 0.0078125 0.021875
1 0.572656 0.0603299 0.009375 0.0234375
1 0.503906 0.0982639 0.00625 0.0213542
1 0.517187 0.0828125 0.00625 0.0322917
0 0.219141 0.0869792 0.0109375 0.0135417
1 0.531641 0.0776042 0.00625 0.028125
1 0.194531 0.0736111 0.0109375 0.0246528
1 0.0686035 0.118403 0.0254883 0.0298611
1 0.219141 0.0869792 0.0109375 0.0135417
1 0.436719 0.130208 0.0078125 0.0184028
1 0.377734 0.182639 0.009375 0.0263889
1 0.047168 0.0730035 0.0548828 0.0524306
1 0.847656 0.535417 0.0171875 0.0291667
1 0.515625 0.0727431 0.00625 0.0232639
1 0.534375 0.0691189 0.0078125 0.0294705
1 0.378516 0.191319 0.00703125 0.0208333
1 0.840625 0.723611 0.015625 0.0208333
3 0.0259277 0.1375 0.0446289 0.0472222
0 0.0518555 0.119618 0.0582031 0.0361111
1 0.0245117 0.138021 0.0414063 0.046875
0 0.194531 0.0736111 0.0109375 0.0246528
1 0.357227 0.202257 0.00898437 0.0246528
1 0.414453 0.160417 0.0078125 0.0152778
1 0.842188 0.721528 0.015625 0.0208333
1 0.851562 0.536111 0.015625 0.0305556
1 0.614844 0.0480903 0.009375 0.03125
1 0.194922 0.0779514 0.0125 0.0276042
0 0.572656 0.0603299 0.009375 0.0234375
1 0.490625 0.326997 0.009375 0.0154514
1 0.605469 0.0323785 0.0078125 0.021875
1 0.489062 0.1125 0.00625 0.0215278
1 0.428125 0.150043 0.00859375 0.021441
0 0.19375 0.0753472 0.0140625 0.0258681
1 0.651953 0.00998264 0.0117188 0.016059
0 0.502344 0.0992187 0.00625 0.0161458
1 0.773828 0.424306 0.0132813 0.0173611
0 0.0686035 0.118403 0.0254883 0.0298611
1 0.835938 0.538542 0.01875 0.0361111
1 0.358594 0.204861 0.00976562 0.0204861
1 0.0518555 0.119618 0.0582031 0.0361111
0 0.213867 0.0855903 0.0183594 0.01875
1 0.0429199 0.132639 0.0758789 0.059375
0 0.605859 0.037066 0.0078125 0.0222222
0 0.651953 0.00998264 0.0117188 0.016059
1 0.775781 0.423264 0.015625 0.0201389
1 0.262305 0.851389 0.0136719 0.0180556
1 0.373437 0.179167 0.0109375 0.0229167
1 0.490625 0.109028 0.00703125 0.0180556
1 0.328516 0.246181 0.0078125 0.0145833
0 0.212109 0.0881944 0.01875 0.0184028
3 0.072168 0.117188 0.0509766 0.0388889
0 0.611719 0.037934 0.0078125 0.021875
1 0.615625 0.0551215 0.00859375 0.0260417
1 0.427344 0.182292 0.009375 0.0138889
3 0.4875 0.673611 0.071875 0.123611
1 0.35625 0.188715 0.00859375 0.0239583
1 0.213867 0.0855903 0.0183594 0.01875
1 0.531641 0.294444 0.00859375 0.0215278
1 0.745313 0.21441 0.0171875 0.0392361
0 0.442187 0.139236 0.0078125 0.0190972
1 0.790625 0.509722 0.0125 0.0194444
1 0.653516 0.0132813 0.0109375 0.0216146
0 0.517187 0.0828125 0.00625 0.0322917
0 0.571094 0.0421875 0.00625 0.0227431
0 0.516797 0.0741319 0.00625 0.0270833
0 0.417188 0.155903 0.0078125 0.0184028
1 0.91875 0.229167 0.0203125 0.021875
0 0.545313 0.064388 0.00625 0.0319878
1 0.751953 0.273785 0.0148437 0.0246528
1 0.7875 0.514583 0.009375 0.0256944
1 0.490625 0.342361 0.009375 0.0125
0 0.0790039 0.118403 0.0447266 0.0348958
1 0.74375 0.209028 0.0140625 0.0326389
0 0.654297 0.00970052 0.0109375 0.019401
1 0.441016 0.144792 0.0078125 0.0236111
1 0.654297 0.00970052 0.0109375 0.019401
2 0.4875 0.673264 0.0726563 0.124306
0 0.0469605 0.0730686 0.0552979 0.0528212
0 0.0438477 0.132378 0.0736328 0.0595486
1 0.835938 0.534722 0.015625 0.0305556
1 0.571094 0.0421441 0.00625 0.021441
1 0.417188 0.155729 0.0078125 0.01875
0 0.0338379 0.137326 0.0561523 0.0479167
1 0.517187 0.0732639 0.00625 0.0253472
1 0.531641 0.0651042 0.00625 0.0263889
1 0.417969 0.141667 0.0078125 0.0208333
0 0.219141 0.0869792 0.0109375 0.0138889
1 0.194531 0.0737847 0.0117188 0.0253472
1 0.264062 0.850694 0.0117188 0.0166667
1 0.605469 0.0368924 0.0078125 0.0223958
1 0.545703 0.0519965 0.00625 0.0225694
1 0.432813 0.132292 0.00625 0.0177083
1 0.545313 0.0690972 0.00625 0.0239583
1 0.442187 0.139497 0.0078125 0.0189236
1 0.502344 0.0992187 0.00625 0.0164931
1 0.572656 0.0602431 0.009375 0.0234375
1 0.611719 0.0380208 0.0078125 0.0223958
1 0.219141 0.0869792 0.0109375 0.0138889
1 0.503906 0.0980903 0.00625 0.0211806
1 0.531641 0.0793403 0.00625 0.0246528
1 0.377734 0.184201 0.009375 0.0270833
0 0.0626953 0.119618 0.0357422 0.0366319
1 0.517187 0.0861111 0.00625 0.0274306
3 0.0436646 0.132465 0.073999 0.0579861
1 0.378516 0.191146 0.00703125 0.0211806
0 0.194531 0.0737847 0.0117188 0.0253472
1 0.0664062 0.119271 0.0296875 0.0319444
3 0.0664062 0.119271 0.0296875 0.0319444
1 0.357227 0.200347 0.009375 0.0274306
1 0.846875 0.536111 0.015625 0.0277778
0 0.0664062 0.119271 0.0296875 0.0319444
0 0.572656 0.0602431 0.009375 0.0234375
0 0.0240723 0.137587 0.0423828 0.0480903
1 0.0626953 0.119618 0.0357422 0.0366319
1 0.0473633 0.0732639 0.0551758 0.0520833
1 0.840625 0.723611 0.015625 0.0194444
1 0.773438 0.424653 0.0125 0.0166667
1 0.490625 0.328559 0.009375 0.0151042
1 0.851562 0.535417 0.015625 0.0305556
1 0.534375 0.0708333 0.009375 0.0263889
1 0.0338379 0.137326 0.0561523 0.0479167
1 0.414844 0.160069 0.00859375 0.0159722
1 0.515625 0.071875 0.00703125 0.0229167
1 0.652344 0.00967882 0.0109375 0.0147569
1 0.614844 0.0474392 0.009375 0.0309896
1 0.605078 0.0317708 0.00859375 0.0208333
1 0.436719 0.130295 0.0078125 0.01875
1 0.842188 0.720833 0.015625 0.0222222
0 0.0710449 0.118316 0.0301758 0.0314236
1 0.428125 0.151042 0.009375 0.0208333
1 0.489062 0.112326 0.00625 0.0215278
1 0.775781 0.423611 0.015625 0.0194444
0 0.605469 0.0368924 0.0078125 0.0223958
0 0.652344 0.00967882 0.0109375 0.0147569
0 0.213477 0.0857639 0.0183594 0.01875
1 0.0710449 0.118316 0.0301758 0.0314236
1 0.0435425 0.133073 0.0734619 0.0595486
3 0.0467895 0.0722222 0.055249 0.0546875
1 0.790625 0.510069 0.0125 0.0194444
0 0.211523 0.087934 0.01875 0.0196181
1 0.373633 0.179514 0.0105469 0.0229167
1 0.789062 0.513889 0.009375 0.025
1 0.839063 0.539236 0.025 0.0354167
1 0.213477 0.0857639 0.0183594 0.01875
3 0.0626953 0.119618 0.0357422 0.0366319
0 0.611719 0.0380208 0.0078125 0.0223958
0 0.502344 0.0992187 0.00625 0.0164931
0 0.571094 0.0421441 0.00625 0.021441
1 0.35625 0.189236 0.00820312 0.0243056
1 0.490625 0.109028 0.0078125 0.0180556
1 0.615625 0.0554253 0.0078125 0.025434
1 0.427344 0.182465 0.009375 0.0138889
1 0.531641 0.29375 0.00859375 0.0215278
0 0.545313 0.0690972 0.00625 0.0239583
0 0.0510742 0.0986979 0.0398437 0.0375
1 0.653906 0.0130208 0.0109375 0.021441
1 0.655078 0.0093099 0.0101562 0.0186198
1 0.490625 0.340972 0.009375 0.0125
0 0.0784912 0.118576 0.045752 0.0364583
1 0.394531 0.0234375 0.0046875 0.0164931
3 0.0710449 0.118316 0.0301758 0.0314236
1 0.328516 0.246181 0.00859375 0.0145833
3 0.0268555 0.137674 0.0420898 0.0486111
1 0.432813 0.00598958 0.00859375 0.0119792
0 0.531641 0.0651042 0.00625 0.0263889
0 0.985937 0.492361 0.025 0.145833
1 0.0240723 0.137587 0.0423828 0.0480903
2 0.487891 0.673264 0.0726563 0.124306
0 0.0469727 0.0722222 0.0556641 0.0541667
0 0.0435059 0.132986 0.0735352 0.0597222
1 0.835938 0.534722 0.015625 0.0305556
1 0.417188 0.153472 0.0078125 0.0229167
1 0.571094 0.0423611 0.00625 0.0210069
0 0.219141 0.0868056 0.0109375 0.0144097
1 0.605859 0.0369358 0.00859375 0.022309
1 0.417969 0.143056 0.0078125 0.0236111
1 0.516797 0.0725694 0.00625 0.0239583
1 0.263672 0.851389 0.0125 0.0166667
1 0.502344 0.0989583 0.00625 0.0173611
1 0.194727 0.0736979 0.0117188 0.0251736
1 0.432813 0.132465 0.00703125 0.0190972
1 0.572656 0.0590278 0.009375 0.0260417
1 0.441797 0.139757 0.0078125 0.0194444
1 0.219141 0.0868056 0.0109375 0.0144097
1 0.611719 0.0376302 0.00859375 0.0217882
1 0.531641 0.0644314 0.00625 0.0253038
1 0.503906 0.0981771 0.00625 0.0213542
1 0.545313 0.0512587 0.00625 0.0216146
1 0.377734 0.185069 0.009375 0.0291667
0 0.0244873 0.136198 0.035498 0.0442708
1 0.545313 0.0706597 0.00625 0.0225694
1 0.53125 0.0803819 0.00625 0.0227431
1 0.0473633 0.0729384 0.0556641 0.0530816
1 0.846875 0.536111 0.015625 0.0284722
3 0.0437012 0.132465 0.0750977 0.059375
1 0.378223 0.189583 0.00761719 0.0243056
0 0.0638672 0.122222 0.0349609 0.0381944
0 0.572656 0.0590278 0.009375 0.0260417
0 0.194727 0.0736979 0.0117188 0.0251736
1 0.357227 0.2 0.009375 0.0284722
1 0.0638672 0.122222 0.0349609 0.0381944
1 0.517187 0.0863715 0.00625 0.0274306
1 0.194922 0.078125 0.0125 0.0267361
1 0.851562 0.535764 0.015625 0.0298611
1 0.652734 0.00965712 0.0109375 0.0152344
1 0.840625 0.723611 0.015625 0.0208333
3 0.0638672 0.122222 0.0349609 0.0381944
1 0.614844 0.0481771 0.009375 0.0307292
1 0.773438 0.424306 0.0125 0.0166667
1 0.605078 0.0318576 0.00859375 0.0211806
1 0.489062 0.112674 0.00625 0.0208333
0 0.194922 0.078125 0.0125 0.0267361
1 0.534766 0.0734375 0.00859375 0.0229167
1 0.428125 0.150694 0.00859375 0.0215278
1 0.0435059 0.132986 0.0735352 0.0597222
1 0.515625 0.0723958 0.00703125 0.0229167
0 0.605859 0.0369358 0.00859375 0.022309
1 0.414844 0.159028 0.0078125 0.0173611
0 0.652734 0.00965712 0.0109375 0.0152344
0 0.0706543 0.118576 0.0331055 0.0333333
1 0.775781 0.423958 0.015625 0.0194444
1 0.436719 0.130903 0.00859375 0.0201389
1 0.491016 0.328819 0.009375 0.0152778
1 0.358594 0.201736 0.0101562 0.0263889
0 0.0284668 0.136719 0.0449219 0.0505208
1 0.0244873 0.136198 0.035498 0.0442708
0 0.214453 0.0855903 0.0179687 0.01875
1 0.653906 0.0128472 0.0109375 0.021875
3 0.0473633 0.0732639 0.0556641 0.053125
0 0.502344 0.0989583 0.00625 0.0173611
1 0.655078 0.00950521 0.0101562 0.0190104
0 0.571094 0.0423611 0.00625 0.0210069
1 0.790625 0.510417 0.0125 0.0194444
0 0.545313 0.0706597 0.00625 0.0225694
1 0.373437 0.180903 0.0101562 0.0253472
1 0.789062 0.514583 0.009375 0.025
1 0.839063 0.539583 0.025 0.0347222
1 0.615625 0.0559028 0.00859375 0.0248264
0 0.611719 0.0376302 0.00859375 0.0217882
1 0.214453 0.0855903 0.0179687 0.01875
0 0.211133 0.0880208 0.0175781 0.0197917
1 0.0706543 0.118576 0.0331055 0.0333333
1 0.35625 0.189931 0.0078125 0.0263889
1 0.394922 0.0241319 0.0046875 0.016059
0 0.516797 0.0725694 0.00625 0.0239583
1 0.0494629 0.0961806 0.0311523 0.0373264
1 0.490625 0.109201 0.0078125 0.0180556
0 0.653906 0.0128472 0.0109375 0.021875
0 0.417188 0.153472 0.0078125 0.0229167
0 0.531641 0.0644314 0.00625 0.0253038
0 0.07771 0.118837 0.0473145 0.0388889
0 0.517187 0.0863715 0.00625 0.0274306
0 0.0396973 0.147917 0.0584961 0.0482639
1 0.490625 0.340278 0.009375 0.0138889
0 0.0494629 0.0961806 0.0311523 0.0373264
0 0.655078 0.00950521 0.0101562 0.0190104
0 0.53125 0.0803819 0.00625 0.0227431
1 0.432813 0.00611979 0.0078125 0.0122396
2 0.4875 0.673264 0.0726563 0.124306
0 0.0470215 0.0722005 0.0557617 0.0545573
0 0.0432739 0.132726 0.0741943 0.0595486
1 0.835938 0.534722 0.015625 0.0305556
1 0.417188 0.153082 0.0078125 0.0243924
0 0.219336 0.0868056 0.0109375 0.0140625
1 0.263672 0.850694 0.0125 0.0166667
1 0.194727 0.0737847 0.0121094 0.0253472
1 0.571094 0.0425347 0.00625 0.0213542
1 0.502344 0.0986979 0.00625 0.0180556
1 0.219336 0.0868056 0.0109375 0.0140625
1 0.417969 0.143576 0.00859375 0.0246528
1 0.605859 0.0371528 0.00859375 0.0228299
1 0.516797 0.0725694 0.00625 0.0234375
1 0.432813 0.132205 0.0078125 0.0185764
1 0.572656 0.0592014 0.009375 0.0263889
1 0.611719 0.0384549 0.009375 0.0229167
1 0.441797 0.139931 0.0078125 0.0190972
1 0.378125 0.184722 0.009375 0.0291667
1 0.846875 0.536111 0.015625 0.0291667
1 0.503906 0.0982639 0.00625 0.0215278
0 0.194727 0.0737847 0.0121094 0.0253472
1 0.378125 0.189583 0.0078125 0.0243056
1 0.531641 0.064605 0.00625 0.025651
1 0.0473755 0.0729167 0.055835 0.0534722
1 0.194922 0.0782986 0.0132813 0.0265625
1 0.545313 0.0511285 0.00625 0.0215278
3 0.0434448 0.132378 0.0756104 0.0592014
1 0.357422 0.200694 0.009375 0.0277778
1 0.851562 0.535764 0.015625 0.0298611
0 0.0604492 0.125 0.0416016 0.0440972
1 0.53125 0.08125 0.00625 0.0213542
1 0.545313 0.0708333 0.00625 0.0225694
0 0.0233887 0.134635 0.034668 0.0421875
0 0.0426636 0.130382 0.0593994 0.0506944
0 0.194922 0.0782986 0.0132813 0.0265625
1 0.652344 0.00965712 0.0109375 0.0155816
1 0.517187 0.0883681 0.00625 0.0246528
0 0.0262695 0.136806 0.046875 0.0489583
0 0.572656 0.0592014 0.009375 0.0263889
1 0.0604492 0.125 0.0416016 0.0440972
3 0.0604492 0.125 0.0416016 0.0440972
1 0.840625 0.723611 0.015625 0.0208333
1 0.489062 0.112847 0.00625 0.0206597
1 0.614844 0.0482639 0.009375 0.0317708
1 0.428125 0.151215 0.00859375 0.0211806
1 0.491016 0.328472 0.009375 0.0159722
1 0.605078 0.0319444 0.00859375 0.0215278
1 0.773438 0.424306 0.0125 0.0166667
1 0.358789 0.202431 0.00976562 0.025
1 0.775781 0.423611 0.0171875 0.0194444
0 0.605859 0.0371528 0.00859375 0.0228299
1 0.0432739 0.132726 0.0741943 0.0595486
1 0.415625 0.158333 0.009375 0.01875
1 0.790625 0.510417 0.0125 0.0194444
1 0.515625 0.0728299 0.00703125 0.0230903
0 0.0699219 0.11875 0.0347656 0.0340278
1 0.838281 0.539583 0.0234375 0.0347222
1 0.436719 0.130903 0.00859375 0.0201389
1 0.842969 0.722222 0.0171875 0.0222222
1 0.789062 0.514583 0.009375 0.025
0 0.652344 0.00965712 0.0109375 0.0155816
0 0.214453 0.0855903 0.0175781 0.0180556
3 0.0473633 0.0730686 0.0558594 0.0535156
1 0.534375 0.0731771 0.009375 0.0237847
1 0.653516 0.0128581 0.0117188 0.0220269
1 0.0233887 0.134635 0.034668 0.0421875
0 0.210938 0.0883681 0.0171875 0.0194444
1 0.654688 0.00950521 0.0109375 0.0190104
1 0.615625 0.0548611 0.009375 0.0269097
1 0.214453 0.0855903 0.0175781 0.0180556
0 0.502344 0.0986979 0.00625 0.0180556
1 0.35625 0.189931 0.0078125 0.0260417
1 0.373242 0.180382 0.00976562 0.0246528
1 0.0486816 0.0963542 0.0296875 0.0371528
0 0.611719 0.0384549 0.009375 0.0229167
1 0.0699219 0.11875 0.0347656 0.0340278
1 0.0426636 0.130382 0.0593994 0.0506944
0 0.417188 0.153082 0.0078125 0.0243924
0 0.0360229 0.150174 0.0443604 0.0434028
0 0.571094 0.0425347 0.00625 0.0213542
0 0.545313 0.0708333 0.00625 0.0225694
1 0.432813 0.00603299 0.0078125 0.012066
0 0.0486816 0.0963542 0.0296875 0.0371528
0 0.653516 0.0128581 0.0117188 0.0220269
1 0.490625 0.109549 0.00703125 0.0177083
2 0.4875 0.673264 0.0726563 0.124306
0 0.0471191 0.0720703 0.0557617 0.0551649
0 0.0433594 0.132639 0.0742188 0.0597222
1 0.835938 0.534722 0.015625 0.0305556
0 0.219141 0.0869792 0.0109375 0.0138889
1 0.417188 0.153299 0.0078125 0.0243056
1 0.263867 0.851389 0.0121094 0.0166667
1 0.194531 0.0738715 0.0117188 0.0251736
1 0.571094 0.0424479 0.00625 0.0208333
1 0.502344 0.0986979 0.00625 0.0178819
1 0.219141 0.0869792 0.0109375 0.0138889
1 0.417969 0.14375 0.0078125 0.0243056
1 0.605859 0.0373264 0.00859375 0.0232639
0 0.194531 0.0738715 0.0117188 0.0251736
1 0.516797 0.0723958 0.00625 0.0229167
1 0.432813 0.132118 0.0078125 0.0180556
1 0.845312 0.536111 0.015625 0.0291667
1 0.572266 0.0597439 0.00859375 0.0253038
1 0.378125 0.184201 0.00859375 0.028125
1 0.611719 0.0384983 0.009375 0.0232639
1 0.378516 0.190451 0.00703125 0.0225694
1 0.0473633 0.0726563 0.0558594 0.0539931
3 0.0433105 0.132465 0.0758789 0.059375
1 0.441797 0.140104 0.0078125 0.0190972
1 0.194922 0.0784722 0.0132813 0.0260417
0 0.194922 0.0784722 0.0132813 0.0260417
1 0.503906 0.0982639 0.00625 0.0211806
1 0.531641 0.0647786 0.00625 0.0259983
1 0.851562 0.535764 0.015625 0.0291667
1 0.545313 0.0512153 0.00625 0.0215278
1 0.357422 0.201389 0.00898437 0.0270833
1 0.545313 0.0704861 0.00625 0.0232639
1 0.53125 0.0819444 0.00625 0.0203125
1 0.652344 0.00993924 0.0117188 0.0157118
0 0.0581055 0.126215 0.0464844 0.0461806
0 0.0577148 0.119271 0.0431641 0.0395833
1 0.491016 0.328472 0.009375 0.0152778
0 0.041748 0.126476 0.0473633 0.0473958
1 0.517187 0.0892361 0.00625 0.0230903
0 0.572266 0.0597439 0.00859375 0.0253038
1 0.0581055 0.126215 0.0464844 0.0461806
0 0.0224121 0.132292 0.0323242 0.040625
1 0.428125 0.151389 0.00859375 0.0208333
0 0.0266113 0.136285 0.0475586 0.0496528
3 0.0581055 0.126215 0.0464844 0.0461806
1 0.489062 0.113194 0.00546875 0.0201389
1 0.840625 0.723611 0.015625 0.0208333
1 0.0431763 0.132812 0.0747803 0.0590278
1 0.358984 0.203472 0.009375 0.0232639
1 0.614844 0.0483941 0.009375 0.031684
1 0.415234 0.158333 0.00859375 0.01875
1 0.790625 0.510417 0.0125 0.0194444
0 0.605859 0.0373264 0.00859375 0.0232639
1 0.0577148 0.119271 0.0431641 0.0395833
1 0.605078 0.0318576 0.00859375 0.0211806
3 0.0473633 0.0728299 0.0560547 0.0541667
1 0.838281 0.539583 0.0234375 0.0347222
1 0.789062 0.514931 0.009375 0.025
0 0.214453 0.0855903 0.0171875 0.0178819
1 0.515625 0.0728299 0.00703125 0.0229167
1 0.773438 0.424306 0.0125 0.0166667
0 0.652344 0.00993924 0.0117188 0.0157118
1 0.775781 0.423611 0.0171875 0.0194444
1 0.653516 0.0129232 0.0117188 0.0217231
1 0.041748 0.126476 0.0473633 0.0473958
0 0.0691406 0.119097 0.0353516 0.0347222
0 0.502344 0.0986979 0.00625 0.0178819
1 0.436719 0.130642 0.0078125 0.0196181
0 0.211133 0.0885417 0.0171875 0.01875
1 0.842969 0.722222 0.0171875 0.0222222
1 0.0224121 0.132292 0.0323242 0.040625
1 0.0488281 0.096875 0.0257812 0.0350694
1 0.654688 0.00959201 0.0109375 0.019184
1 0.534375 0.0725694 0.009375 0.0246528
1 0.35625 0.189236 0.0078125 0.0246528
1 0.373047 0.179167 0.009375 0.0225694
0 0.611719 0.0384983 0.009375 0.0232639
1 0.615625 0.0550781 0.009375 0.0264757
1 0.0691406 0.119097 0.0353516 0.0347222
1 0.214453 0.0855903 0.0171875 0.0178819
1 0.490625 0.339236 0.009375 0.0159722
3 0.985937 0.493403 0.025 0.141667
0 0.653516 0.0129232 0.0117188 0.0217231
1 0.426953 0.182639 0.0101562 0.0142361
2 0.4875 0.673611 0.0726563 0.123611
0 0.0472534 0.0721354 0.0558838 0.0553819
0 0.0434082 0.132726 0.0741211 0.0598958
1 0.835938 0.535069 0.015625 0.0305556
0 0.219336 0.0868924 0.0109375 0.0138889
1 0.417188 0.153472 0.0078125 0.0243056
1 0.264062 0.851389 0.0117188 0.0166667
1 0.194531 0.0737847 0.0117188 0.0253472
1 0.502344 0.0988715 0.00625 0.0178819
1 0.571094 0.0425347 0.00625 0.0208333
1 0.219336 0.0868924 0.0109375 0.0138889
1 0.417969 0.143924 0.0078125 0.025
0 0.194531 0.0737847 0.0117188 0.0253472
1 0.605859 0.0374132 0.00859375 0.0234375
1 0.432422 0.132118 0.00703125 0.0184028
1 0.846875 0.536111 0.015625 0.0291667
1 0.516797 0.0723958 0.00625 0.0229167
3 0.0433716 0.132465 0.0759521 0.059375
1 0.378516 0.190972 0.00703125 0.0222222
1 0.572266 0.0595703 0.00859375 0.025651
1 0.378125 0.183681 0.00859375 0.028125
1 0.0474487 0.0727431 0.0558838 0.0539931
0 0.194922 0.0784722 0.0132813 0.0260417
1 0.612109 0.0388889 0.00859375 0.0237847
1 0.442187 0.140278 0.0078125 0.0194444
1 0.194922 0.0784722 0.0132813 0.0260417
1 0.503906 0.0982639 0.00625 0.0211806
1 0.851562 0.536111 0.015625 0.0291667
1 0.491016 0.328125 0.009375 0.0152778
1 0.531641 0.0655382 0.00625 0.0270833
1 0.357422 0.201562 0.00859375 0.0263889
1 0.545313 0.0513455 0.00625 0.0217882
1 0.545313 0.0699653 0.00625 0.0239583
1 0.53125 0.0818576 0.00546875 0.0208333
1 0.2625 0.851389 0.0136719 0.0194444
1 0.652344 0.00993924 0.0109375 0.0159722
0 0.0412231 0.125694 0.0456787 0.0472222
1 0.517187 0.0888021 0.00625 0.0237847
1 0.428125 0.151215 0.0078125 0.0211806
1 0.489062 0.113021 0.00546875 0.0201389
0 0.0549805 0.127257 0.0527344 0.0486111
1 0.0432129 0.132899 0.074707 0.0592014
0 0.572266 0.0595703 0.00859375 0.025651
0 0.0265747 0.136285 0.0474365 0.0496528
3 0.0549805 0.127257 0.0527344 0.0486111
0 0.0558594 0.119444 0.0460938 0.0402778
0 0.022583 0.131337 0.032373 0.0401042
1 0.840625 0.723611 0.015625 0.0194444
1 0.0549805 0.127257 0.0527344 0.0486111
3 0.0473633 0.0729384 0.0560547 0.0544705
1 0.790625 0.510764 0.0125 0.0194444
1 0.415234 0.158333 0.00859375 0.0194444
1 0.359375 0.204167 0.00859375 0.021875
1 0.614844 0.0485243 0.009375 0.0314236
0 0.605859 0.0374132 0.00859375 0.0234375
0 0.214844 0.0855903 0.0164062 0.0178819
1 0.789062 0.514583 0.009375 0.0236111
1 0.838281 0.539583 0.0234375 0.0347222
1 0.515625 0.0730035 0.00703125 0.0234375
1 0.605078 0.0318576 0.00859375 0.0211806
1 0.773438 0.424306 0.0125 0.0166667
1 0.503516 0.101215 0.00625 0.021875
1 0.653516 0.0130642 0.0117188 0.0217014
1 0.775781 0.423611 0.0171875 0.0194444
0 0.652344 0.00993924 0.0109375 0.0159722
1 0.0558594 0.119444 0.0460938 0.0402778
1 0.0412231 0.125694 0.0456787 0.0472222
0 0.502344 0.0988715 0.00625 0.0178819
1 0.436719 0.130642 0.0078125 0.0196181
1 0.490625 0.339931 0.009375 0.0145833
0 0.0688477 0.119184 0.0361328 0.0352431
1 0.356055 0.188715 0.00742187 0.0239583
1 0.372852 0.178472 0.00898437 0.0222222
0 0.210938 0.0885417 0.0171875 0.01875
1 0.654688 0.00965712 0.0109375 0.0193142
1 0.0487305 0.0961806 0.0246094 0.034375
1 0.022583 0.131337 0.032373 0.0401042
0 0.985937 0.490278 0.025 0.136111
1 0.615625 0.0552517 0.009375 0.0261285
1 0.214844 0.0855903 0.0164062 0.0178819
1 0.53125 0.293403 0.0078125 0.0201389
1 0.0688477 0.119184 0.0361328 0.0352431
0 0.612109 0.0388889 0.00859375 0.0237847
1 0.534375 0.0722222 0.009375 0.0253472
0 0.653516 0.0130642 0.0117188 0.0217014
1 0.426562 0.182639 0.009375 0.0145833
3 0.9875 0.492361 0.025 0.140278
0 0.571094 0.0425347 0.00625 0.0208333
2 0.4875 0.673611 0.0726563 0.123611
0 0.0472656 0.0722005 0.0558594 0.0552517
0 0.0435059 0.132639 0.0743164 0.0600694
1 0.835938 0.535069 0.015625 0.0305556
0 0.219336 0.0868924 0.0109375 0.0138889
1 0.264062 0.851389 0.0117188 0.0166667
1 0.417188 0.153299 0.0078125 0.0246528
1 0.194531 0.0737847 0.0117188 0.025
3 0.043457 0.132465 0.0759766 0.059375
1 0.571484 0.0425347 0.00703125 0.0208333
1 0.502344 0.0989583 0.00625 0.0180556
1 0.417969 0.144271 0.0078125 0.0253472
0 0.194531 0.0737847 0.0117188 0.025
1 0.219336 0.0868924 0.0109375 0.0138889
1 0.847656 0.536111 0.0140625 0.0291667
1 0.605859 0.0374566 0.00859375 0.0236111
1 0.432422 0.132118 0.00703125 0.01875
1 0.0474609 0.0727214 0.0558594 0.0538628
1 0.378516 0.190972 0.00703125 0.0222222
1 0.516797 0.0723958 0.00625 0.0229167
1 0.378125 0.18316 0.00859375 0.028125
1 0.572656 0.059375 0.009375 0.0262153
1 0.611719 0.0388889 0.009375 0.0237847
0 0.194922 0.0786458 0.0132813 0.0256944
1 0.851562 0.536111 0.015625 0.0291667
1 0.442187 0.140278 0.0078125 0.0194444
1 0.503516 0.0982639 0.00703125 0.0211806
1 0.491016 0.327778 0.009375 0.0152778
1 0.194922 0.0786458 0.0132813 0.0256944
1 0.357422 0.201389 0.00859375 0.0263889
1 0.531641 0.0657118 0.00625 0.0274306
1 0.0432739 0.132812 0.0747803 0.059375
3 0.0535156 0.127951 0.0556641 0.05
1 0.545313 0.0510417 0.00625 0.0213542
1 0.2625 0.851389 0.0136719 0.0194444
1 0.53125 0.0819444 0.00546875 0.0204861
3 0.0474121 0.0729167 0.055957 0.0541667
1 0.545313 0.0698785 0.00625 0.0244792
0 0.0405396 0.126128 0.0450928 0.0470486
1 0.652734 0.00989583 0.0117188 0.0163194
1 0.517187 0.0888889 0.00625 0.0239583
0 0.0262573 0.136458 0.0467041 0.0493056
1 0.428125 0.151345 0.0078125 0.0209201
0 0.572656 0.059375 0.009375 0.0262153
1 0.489062 0.113021 0.00546875 0.0204861
0 0.0229492 0.132118 0.0329102 0.040625
1 0.790625 0.511111 0.0125 0.0194444
1 0.0535156 0.127951 0.0556641 0.05
1 0.359375 0.20434 0.00859375 0.021875
1 0.415234 0.157986 0.00859375 0.0201389
1 0.614844 0.0485677 0.009375 0.0311632
0 0.0535156 0.127951 0.0556641 0.05
1 0.840625 0.723611 0.015625 0.0194444
0 0.0549316 0.119531 0.0479492 0.040625
1 0.789062 0.513889 0.009375 0.0236111
0 0.214844 0.0855903 0.0164062 0.0177083
0 0.605859 0.0374566 0.00859375 0.0236111
1 0.773438 0.424306 0.0125 0.0166667
1 0.838281 0.539583 0.0234375 0.0347222
1 0.775781 0.423958 0.0171875 0.01875
1 0.605078 0.0319444 0.00859375 0.0211806
1 0.0405396 0.126128 0.0450928 0.0470486
1 0.515625 0.0730035 0.00703125 0.0236111
1 0.653516 0.0131076 0.0125 0.021875
1 0.503125 0.101128 0.00625 0.021875
1 0.490625 0.340625 0.009375 0.0138889
1 0.0549316 0.119531 0.0479492 0.040625
1 0.436719 0.130729 0.0078125 0.0197917
1 0.356055 0.188889 0.00742187 0.0243056
0 0.652734 0.00989583 0.0117188 0.0163194
0 0.502344 0.0989583 0.00625 0.0180556
1 0.531641 0.293403 0.0078125 0.0194444
1 0.372656 0.178299 0.00859375 0.0222222
0 0.0686035 0.119271 0.0360352 0.0354167
1 0.0229492 0.132118 0.0329102 0.040625
1 0.0686035 0.119271 0.0360352 0.0354167
3 0.986719 0.491667 0.025 0.138889
0 0.985937 0.490278 0.025 0.136111
1 0.0487305 0.0960069 0.0238281 0.0340278
1 0.654688 0.00980903 0.0109375 0.0196181
1 0.615625 0.0550347 0.009375 0.0265625
0 0.210938 0.0884549 0.0164062 0.0185764
0 0.611719 0.0388889 0.009375 0.0237847
1 0.214844 0.0855903 0.0164062 0.0177083
1 0.426562 0.182812 0.009375 0.0142361
0 0.571484 0.0425347 0.00703125 0.0208333
0 0.653516 0.0131076 0.0125 0.021875
2 0.4875 0.673611 0.0726563 0.123611
0 0.0472656 0.0722222 0.0558594 0.0552083
0 0.0435547 0.132552 0.0744141 0.0598958
1 0.835938 0.535417 0.015625 0.0305556
1 0.264062 0.851389 0.0117188 0.0166667
0 0.219336 0.0868056 0.0109375 0.0140625
1 0.417188 0.152821 0.0078125 0.0256076
3 0.0435059 0.132465 0.0760742 0.059375
1 0.194531 0.0737847 0.0117188 0.025
1 0.571484 0.0425781 0.00703125 0.0210938
1 0.502344 0.0991319 0.00625 0.0184028
1 0.0474609 0.0728299 0.0558594 0.0538194
1 0.417969 0.144444 0.0078125 0.0260417
1 0.848437 0.536111 0.015625 0.0291667
0 0.194531 0.0737847 0.0117188 0.025
1 0.605469 0.0374132 0.009375 0.0237847
1 0.432422 0.132118 0.00703125 0.01875
1 0.219336 0.0868056 0.0109375 0.0140625
1 0.378516 0.190625 0.00703125 0.0222222
1 0.572656 0.0591146 0.009375 0.0267361
1 0.516797 0.0723958 0.00625 0.0229167
1 0.378125 0.183681 0.00859375 0.0284722
1 0.851562 0.536111 0.015625 0.0291667
0 0.195117 0.0786458 0.0128906 0.0256944
1 0.611719 0.0388889 0.009375 0.0241319
1 0.442187 0.140278 0.0078125 0.0194444
1 0.503125 0.0982639 0.00625 0.0211806
1 0.0435547 0.132552 0.0744141 0.0598958
1 0.491016 0.327778 0.009375 0.0152778
3 0.0474121 0.0729167 0.055957 0.0541667
1 0.195117 0.0786458 0.0128906 0.0256944
3 0.0518555 0.128646 0.0591797 0.0513889
1 0.531641 0.0659722 0.00625 0.0279514
1 0.357422 0.201042 0.00859375 0.0270833
1 0.2625 0.851389 0.0136719 0.0194444
1 0.545703 0.0511285 0.00625 0.0213542
1 0.53125 0.0822917 0.00546875 0.0204861
1 0.545313 0.0697917 0.00625 0.025
1 0.790625 0.511111 0.0125 0.0194444
0 0.0260864 0.136458 0.04646 0.0493056
0 0.0401855 0.126042 0.0444336 0.046875
1 0.517187 0.0887153 0.00625 0.0243056
1 0.428125 0.151085 0.0078125 0.021441
1 0.652734 0.00991753 0.0125 0.0165365
1 0.489062 0.112847 0.00546875 0.0206597
0 0.572656 0.0591146 0.009375 0.0267361
1 0.614844 0.0486545 0.009375 0.0311632
1 0.789062 0.513889 0.009375 0.0236111
1 0.840625 0.723611 0.015625 0.0194444
0 0.0223633 0.132205 0.0318359 0.0401042
1 0.359375 0.203993 0.00859375 0.0225694
1 0.0518555 0.128646 0.0591797 0.0513889
1 0.415234 0.157292 0.00859375 0.0208333
0 0.214844 0.0855903 0.0164062 0.0180556
0 0.605469 0.0374132 0.009375 0.0237847
1 0.773438 0.424306 0.0125 0.0166667
1 0.838281 0.539583 0.0234375 0.0347222
0 0.0518555 0.128646 0.0591797 0.0513889
1 0.775781 0.423958 0.0171875 0.01875
0 0.0550781 0.119271 0.0474609 0.040625
1 0.0401855 0.126042 0.0444336 0.046875
1 0.605078 0.0320312 0.00859375 0.0213542
1 0.515625 0.0730035 0.00703125 0.0239583
1 0.653516 0.0131076 0.0125 0.0220486
1 0.436719 0.130816 0.0078125 0.0201389
1 0.490625 0.340972 0.009375 0.0131944
0 0.502344 0.0991319 0.00625 0.0184028
1 0.372656 0.178299 0.00859375 0.0225694
1 0.531641 0.29375 0.0078125 0.0194444
1 0.069043 0.119444 0.0353516 0.0357639
1 0.0550781 0.119271 0.0474609 0.040625
1 0.356055 0.189063 0.00742187 0.0246528
0 0.652734 0.00991753 0.0125 0.0165365
1 0.0223633 0.132205 0.0318359 0.0401042
0 0.069043 0.119444 0.0353516 0.0357639
3 0.986719 0.491667 0.025 0.1375
0 0.985937 0.490278 0.025 0.136111
1 0.615625 0.0546441 0.009375 0.0273438
1 0.654688 0.00989583 0.0109375 0.0197917
1 0.426562 0.182639 0.0101562 0.0145833
1 0.0488281 0.0953125 0.0230469 0.0336806
0 0.210938 0.0883681 0.0164062 0.0189236
1 0.214844 0.0855903 0.0164062 0.0180556
0 0.611719 0.0388889 0.009375 0.0241319
0 0.571484 0.0425781 0.00703125 0.0210938
2 0.487891 0.673611 0.0726563 0.123611
0 0.0473511 0.0721354 0.0560791 0.0555556
0 0.0436401 0.132465 0.0744385 0.0600694
1 0.835938 0.535417 0.015625 0.0305556
3 0.0435425 0.132465 0.0761963 0.059375
1 0.264062 0.851389 0.0117188 0.0166667
0 0.219336 0.0868924 0.0109375 0.0140625
1 0.417188 0.152778 0.0078125 0.0260417
1 0.194531 0.0736111 0.0117188 0.0246528
1 0.571484 0.0426215 0.00703125 0.0210069
1 0.0475586 0.0727648 0.0560547 0.0541233
1 0.502344 0.0991319 0.00625 0.0185764
1 0.848437 0.536111 0.015625 0.0291667
0 0.194531 0.0736111 0.0117188 0.0246528
1 0.417969 0.144618 0.0078125 0.0260417
1 0.219336 0.0868924 0.0109375 0.0140625
1 0.605469 0.0375 0.00859375 0.0239583
1 0.378516 0.190972 0.00703125 0.0222222
1 0.432422 0.132205 0.00703125 0.0189236
1 0.572656 0.0592882 0.009375 0.0265625
1 0.378125 0.183681 0.00859375 0.0284722
1 0.851562 0.536111 0.015625 0.0291667
1 0.516797 0.0722222 0.00625 0.0229167
3 0.0474731 0.0728299 0.0562256 0.0545139
1 0.0436401 0.132465 0.0744385 0.0600694
1 0.611719 0.0386285 0.009375 0.0237847
0 0.194922 0.0787326 0.0125 0.0255208
1 0.442187 0.140104 0.0078125 0.0197917
1 0.503125 0.0981771 0.00625 0.0210069
1 0.491016 0.327778 0.009375 0.0152778
1 0.194922 0.0787326 0.0125 0.0255208
1 0.357422 0.201215 0.00859375 0.0274306
1 0.2625 0.851389 0.0136719 0.0194444
1 0.790625 0.511111 0.0125 0.0194444
1 0.545703 0.0510851 0.00625 0.0212674
1 0.531641 0.066059 0.00625 0.028125
1 0.53125 0.0824653 0.00546875 0.0201389
0 0.0259766 0.136285 0.0461914 0.0496528
1 0.545313 0.0696181 0.00625 0.0253472
1 0.489062 0.112847 0.00546875 0.0208333
0 0.0395508 0.126476 0.0435547 0.0470486
1 0.840625 0.724306 0.015625 0.0194444
1 0.428125 0.151042 0.0078125 0.0215278
1 0.517187 0.0890625 0.00625 0.0239583
0 0.572656 0.0592882 0.009375 0.0265625
1 0.789062 0.513889 0.009375 0.0229167
1 0.652734 0.010026 0.0125 0.0169271
1 0.614844 0.0486111 0.009375 0.03125
1 0.359375 0.204167 0.00859375 0.0222222
1 0.415234 0.157118 0.00859375 0.0215278
0 0.0222656 0.132812 0.0316406 0.0409722
0 0.214844 0.0856771 0.0164062 0.0180556
1 0.773438 0.424306 0.0125 0.0166667
0 0.605469 0.0375 0.00859375 0.0239583
1 0.0395508 0.126476 0.0435547 0.0470486
1 0.775781 0.424306 0.0171875 0.0180556
1 0.839063 0.540278 0.021875 0.0333333
1 0.604688 0.0320312 0.009375 0.0213542
1 0.653516 0.013151 0.0125 0.0222222
1 0.436719 0.131076 0.0078125 0.0204861
1 0.515625 0.0730035 0.00703125 0.0239583
1 0.490625 0.341319 0.009375 0.0131944
1 0.372656 0.178125 0.00859375 0.0225694
0 0.0546875 0.119358 0.0484375 0.0409722
0 0.502344 0.0991319 0.00625 0.0185764
1 0.0222656 0.132812 0.0316406 0.0409722
1 0.0689453 0.119444 0.0361328 0.0361111
1 0.531641 0.29375 0.0078125 0.01875
1 0.356055 0.189063 0.00742187 0.0246528
0 0.0689453 0.119444 0.0361328 0.0361111
1 0.0546875 0.119358 0.0484375 0.0409722
1 0.615625 0.0546007 0.009375 0.0274306
1 0.820312 0.414931 0.015625 0.0270833
0 0.986719 0.490972 0.025 0.136111
0 0.652734 0.010026 0.0125 0.0169271
3 0.986719 0.490972 0.025 0.136111
1 0.654688 0.00998264 0.0109375 0.0199653
1 0.426562 0.182986 0.0101562 0.0145833
3 0.0259766 0.136285 0.0461914 0.0496528
1 0.81875 0.408333 0.009375 0.0180556
0 0.211133 0.0885417 0.0167969 0.0189236
1 0.214844 0.0856771 0.0164062 0.0180556
3 0.0689453 0.119444 0.0361328 0.0361111
2 0.4875 0.673611 0.071875 0.123611
0 0.0473755 0.0719618 0.0562256 0.0559028
0 0.0437012 0.132465 0.0743164 0.0600694
1 0.835156 0.535417 0.0140625 0.0298611
3 0.0435669 0.132465 0.0761475 0.059375
1 0.264062 0.851389 0.0117188 0.0166667
0 0.219336 0.0869792 0.0109375 0.0142361
1 0.417188 0.152821 0.0078125 0.0263021
1 0.194531 0.0736111 0.0117188 0.0243056
1 0.85 0.536458 0.015625 0.0284722
1 0.0475586 0.0725694 0.0560547 0.0545139
1 0.571484 0.0427951 0.00703125 0.0213542
1 0.502344 0.0990451 0.00625 0.0185764
0 0.194531 0.0736111 0.0117188 0.0243056
1 0.417969 0.144444 0.0078125 0.0260417
1 0.432031 0.132118 0.00625 0.01875
1 0.219336 0.0869792 0.0109375 0.0142361
1 0.378516 0.190625 0.00703125 0.0229167
1 0.605469 0.0375868 0.00859375 0.0239583
1 0.572656 0.0591146 0.009375 0.0269097
1 0.378125 0.184375 0.00859375 0.0291667
3 0.0475464 0.0726563 0.0562744 0.0550347
1 0.0437012 0.132465 0.0743164 0.0600694
1 0.516406 0.0721354 0.00625 0.0225694
1 0.442187 0.140017 0.0078125 0.0196181
0 0.194922 0.0786458 0.0125 0.0255208
1 0.611719 0.0385417 0.009375 0.0232639
1 0.491016 0.327778 0.009375 0.0152778
1 0.790625 0.511458 0.0125 0.0194444
1 0.194922 0.0786458 0.0125 0.0255208
1 0.545703 0.0510417 0.00625 0.0210069
1 0.357422 0.200868 0.00859375 0.028125
1 0.2625 0.851389 0.0136719 0.0194444
1 0.531641 0.0661675 0.00625 0.0284288
1 0.835156 0.539583 0.015625 0.0340278
1 0.53125 0.0824653 0.00546875 0.0197917
1 0.545313 0.0692708 0.00625 0.0258681
0 0.0259277 0.136111 0.0460938 0.05
1 0.789062 0.513889 0.009375 0.0222222
1 0.840625 0.725 0.015625 0.0194444
1 0.489062 0.112847 0.00546875 0.0208333
0 0.0395996 0.126476 0.0436523 0.0470486
0 0.572656 0.0591146 0.009375 0.0269097
1 0.517187 0.0892361 0.00625 0.0234375
1 0.428125 0.151215 0.0078125 0.0211806
1 0.773438 0.424306 0.0125 0.0166667
1 0.652734 0.0101562 0.0125 0.0169271
1 0.359375 0.204167 0.00859375 0.0225694
1 0.415234 0.157118 0.00859375 0.0215278
1 0.614844 0.0486111 0.009375 0.0310764
1 0.775781 0.424306 0.0171875 0.0180556
0 0.214844 0.0855903 0.0164062 0.0180556
0 0.0222656 0.132899 0.0316406 0.0411458
1 0.0395996 0.126476 0.0436523 0.0470486
0 0.605469 0.0375868 0.00859375 0.0239583
1 0.490625 0.340972 0.009375 0.0125
1 0.840625 0.720833 0.015625 0.0222222
1 0.436719 0.130903 0.0078125 0.0201389
1 0.842969 0.540972 0.01875 0.03125
1 0.653516 0.0132813 0.0125 0.0220486
1 0.604688 0.0319444 0.009375 0.0211806
1 0.503125 0.101215 0.00625 0.021875
1 0.0685547 0.119618 0.0365234 0.0364583
1 0.372656 0.178472 0.00859375 0.0229167
1 0.0222656 0.132899 0.0316406 0.0411458
0 0.502344 0.0990451 0.00625 0.0185764
1 0.356055 0.189236 0.00742187 0.025
0 0.0546875 0.119531 0.0486328 0.0411458
1 0.820312 0.414583 0.015625 0.0263889
1 0.531641 0.293576 0.0078125 0.01875
1 0.817969 0.408333 0.009375 0.0180556
0 0.0685547 0.119618 0.0365234 0.0364583
1 0.0546875 0.119531 0.0486328 0.0411458
3 0.0685547 0.119618 0.0365234 0.0364583
0 0.986719 0.490972 0.025 0.134722
1 0.426562 0.182812 0.0101562 0.0142361
1 0.615625 0.0549479 0.009375 0.0269097
2 0.4875 0.673611 0.071875 0.123611
0 0.0474121 0.0718967 0.0563477 0.0562066
0 0.04375 0.132378 0.0744141 0.0602431
1 0.835156 0.535417 0.0140625 0.0298611
3 0.0435547 0.132465 0.0761719 0.0597222
1 0.264062 0.851389 0.0117188 0.0166667
1 0.842188 0.536458 0.0171875 0.0277778
0 0.219531 0.0869792 0.0109375 0.0142361
1 0.417188 0.152604 0.0078125 0.0263889
1 0.85 0.536806 0.015625 0.0277778
1 0.194531 0.0735243 0.0109375 0.0241319
1 0.571094 0.0426649 0.0078125 0.0210938
1 0.0475708 0.0725911 0.0562256 0.0548177
1 0.502344 0.0990451 0.00625 0.0184028
1 0.432031 0.132118 0.00625 0.01875
0 0.194531 0.0735243 0.0109375 0.0241319
1 0.417969 0.144271 0.0078125 0.0256944
1 0.219531 0.0869792 0.0109375 0.0142361
1 0.572656 0.0597222 0.009375 0.0260417
1 0.378516 0.190799 0.00703125 0.0225694
1 0.605469 0.0375434 0.00859375 0.0236979
1 0.378223 0.184375 0.00917969 0.0291667
3 0.0475098 0.0726563 0.0563477 0.0553819
1 0.04375 0.132378 0.0744141 0.0602431
1 0.516797 0.0719618 0.00625 0.0220486
1 0.491016 0.327778 0.009375 0.0152778
1 0.442187 0.140017 0.0078125 0.0196181
1 0.790625 0.511806 0.0125 0.0194444
1 0.611719 0.037934 0.009375 0.0223958
0 0.195117 0.0786458 0.0125 0.0256944
1 0.503516 0.0980903 0.00703125 0.0208333
1 0.545703 0.0509983 0.00625 0.0209201
0 0.193164 0.075434 0.0128906 0.0239583
1 0.195117 0.0786458 0.0125 0.0256944
1 0.789062 0.513889 0.009375 0.0222222
1 0.357422 0.201042 0.00859375 0.0277778
1 0.834375 0.539583 0.015625 0.0340278
1 0.840625 0.725 0.015625 0.0194444
1 0.53125 0.0828125 0.00546875 0.0194444
1 0.545313 0.0690972 0.00625 0.0260417
1 0.531641 0.0661675 0.00625 0.0280816
0 0.0259766 0.135937 0.0461914 0.0503472
1 0.2625 0.851389 0.0136719 0.0194444
1 0.773438 0.424306 0.0125 0.0166667
1 0.193164 0.075434 0.0128906 0.0239583
1 0.489062 0.112847 0.00546875 0.0208333
1 0.517187 0.0897569 0.00625 0.0225694
0 0.0391602 0.125694 0.0425781 0.0465278
1 0.775781 0.424306 0.0171875 0.0180556
1 0.428125 0.151389 0.0078125 0.0208333
0 0.572656 0.0597222 0.009375 0.0260417
1 0.652734 0.0102865 0.0125 0.0169271
1 0.359375 0.204167 0.00859375 0.0222222
1 0.415234 0.156944 0.00859375 0.0215278
1 0.614844 0.0488281 0.009375 0.0304688
1 0.490625 0.340972 0.009375 0.0131944
0 0.0219727 0.132812 0.0310547 0.0409722
1 0.0391602 0.125694 0.0425781 0.0465278
0 0.214844 0.0855903 0.0164062 0.0182292
1 0.845312 0.541667 0.015625 0.0305556
1 0.840625 0.720833 0.015625 0.0222222
0 0.605469 0.0375434 0.00859375 0.0236979
1 0.436719 0.130903 0.0078125 0.0204861
1 0.604688 0.0317708 0.009375 0.0207465
1 0.653516 0.0134657 0.0125 0.0218533
1 0.821094 0.414583 0.015625 0.0263889
1 0.503125 0.101215 0.00625 0.021875
1 0.515625 0.0728299 0.00703125 0.0237847
1 0.06875 0.119618 0.0357422 0.0368056
1 0.372656 0.178472 0.00859375 0.0232639
1 0.817969 0.408333 0.009375 0.0180556
1 0.0219727 0.132812 0.0310547 0.0409722
0 0.502344 0.0990451 0.00625 0.0184028
1 0.35625 0.189236 0.0078125 0.0253472
0 0.06875 0.119618 0.0357422 0.0368056
1 0.53125 0.293403 0.0078125 0.01875
0 0.986719 0.490278 0.025 0.134028
0 0.0551758 0.119444 0.0476562 0.0413194
3 0.06875 0.119618 0.0357422 0.0368056
1 0.426562 0.182986 0.0101562 0.0145833
1 0.0551758 0.119444 0.0476562 0.0413194
1 0.615625 0.0554253 0.009375 0.0259549
2 0.4875 0.673611 0.0726563 0.123611
0 0.0474121 0.071875 0.0563477 0.05625
0 0.0437988 0.132292 0.0743164 0.0604167
1 0.835156 0.535417 0.0140625 0.0298611
3 0.0436401 0.132465 0.076001 0.0597222
1 0.845312 0.536806 0.015625 0.0270833
1 0.264062 0.851389 0.0117188 0.0166667
1 0.85 0.536806 0.015625 0.0277778
1 0.417578 0.152257 0.0078125 0.0267361
0 0.219531 0.0869792 0.0109375 0.0142361
1 0.571094 0.0428819 0.0078125 0.0215278
1 0.194531 0.0735243 0.0109375 0.0239583
1 0.0475708 0.0725477 0.0562256 0.0549045
1 0.502344 0.0989583 0.00625 0.0184028
1 0.432031 0.132118 0.00625 0.01875
1 0.417969 0.144271 0.0078125 0.0256944
0 0.194531 0.0735243 0.0109375 0.0239583
1 0.572656 0.0597005 0.009375 0.0260851
3 0.0475098 0.0726563 0.0563477 0.0553819
1 0.605469 0.0375868 0.00859375 0.0238715
1 0.219531 0.0869792 0.0109375 0.0142361
1 0.0437988 0.132292 0.0743164 0.0604167
1 0.378516 0.190799 0.00703125 0.0225694
1 0.378223 0.184201 0.00917969 0.0291667
1 0.516797 0.071875 0.00625 0.0222222
1 0.491016 0.327691 0.009375 0.0154514
1 0.790625 0.511806 0.0125 0.0194444
1 0.441797 0.139931 0.0078125 0.0197917
1 0.611719 0.0375868 0.009375 0.021875
1 0.503516 0.0980035 0.00703125 0.0206597
0 0.194922 0.0786458 0.0125 0.0256944
1 0.545703 0.0510417 0.00625 0.0210069
1 0.789062 0.513889 0.009375 0.0222222
1 0.194922 0.0786458 0.0125 0.0256944
1 0.840625 0.725 0.015625 0.0194444
0 0.192969 0.0753472 0.0125 0.0239583
0 0.0259644 0.135764 0.0463135 0.0510417
1 0.834375 0.539583 0.015625 0.0340278
1 0.357422 0.201042 0.00859375 0.0277778
1 0.53125 0.0828125 0.00546875 0.0194444
1 0.545313 0.0684028 0.00625 0.0272569
1 0.773438 0.424306 0.0125 0.0166667
1 0.531641 0.0663194 0.00625 0.0288194
1 0.2625 0.851389 0.0136719 0.0194444
1 0.192969 0.0753472 0.0125 0.0239583
1 0.775781 0.424306 0.0171875 0.0180556
1 0.517187 0.0897569 0.00625 0.0225694
1 0.489062 0.11276 0.00546875 0.0210069
0 0.038977 0.126215 0.0425537 0.046875
0 0.572656 0.0597005 0.009375 0.0260851
1 0.428125 0.151215 0.0078125 0.0208333
1 0.359375 0.204514 0.00859375 0.0222222
1 0.038977 0.126215 0.0425537 0.046875
1 0.652734 0.0103299 0.0125 0.0169271
1 0.415234 0.156944 0.00859375 0.021875
0 0.0224609 0.132726 0.0318359 0.0414931
1 0.614844 0.0487413 0.009375 0.0304688
1 0.821094 0.414583 0.015625 0.0263889
1 0.490625 0.340278 0.009375 0.0138889
1 0.069043 0.119618 0.0349609 0.0364583
1 0.840625 0.720833 0.015625 0.0222222
1 0.436719 0.131076 0.0078125 0.0206597
1 0.604688 0.031684 0.009375 0.0204861
0 0.605469 0.0375868 0.00859375 0.0238715
1 0.653906 0.0135851 0.0125 0.0217014
1 0.503125 0.101302 0.00625 0.0217014
1 0.515625 0.0727431 0.00703125 0.0239583
0 0.214453 0.0855903 0.0160156 0.0184028
1 0.817969 0.408333 0.009375 0.0180556
1 0.372852 0.178472 0.00898437 0.0232639
1 0.0224609 0.132726 0.0318359 0.0414931
3 0.069043 0.119618 0.0349609 0.0364583
0 0.069043 0.119618 0.0349609 0.0364583
0 0.502344 0.0989583 0.00625 0.0184028
0 0.986719 0.490278 0.025 0.134028
1 0.0553223 0.119705 0.0477539 0.0413194
1 0.850781 0.540972 0.015625 0.0319444
0 0.0553223 0.119705 0.0477539 0.0413194
1 0.35625 0.189236 0.0078125 0.0253472
1 0.53125 0.293229 0.0078125 0.01875
1 0.00830078 0.112326 0.0134766 0.0260417
1 0.426562 0.182986 0.0101562 0.0145833
1 0.74375 0.207639 0.0117188 0.0291667
2 0.4875 0.673611 0.0726563 0.123611
0 0.0473145 0.0717014 0.056543 0.05625
1 0.835156 0.535417 0.0140625 0.0298611
0 0.0439941 0.132292 0.0739258 0.0600694
3 0.0437378 0.132465 0.0756104 0.0597222
1 0.846875 0.537153 0.015625 0.0263889
1 0.264062 0.851389 0.0117188 0.0166667
1 0.85 0.536806 0.015625 0.0277778
1 0.417578 0.152083 0.0078125 0.0270833
1 0.0476074 0.0726563 0.0561523 0.0548611
0 0.219531 0.0871528 0.0109375 0.0142361
1 0.571094 0.0427951 0.0078125 0.0215278
1 0.194531 0.0734375 0.0109375 0.0236111
3 0.0475464 0.0727648 0.0562744 0.0555122
1 0.502344 0.0989583 0.00625 0.0184028
1 0.0439941 0.132292 0.0739258 0.0600694
1 0.432031 0.132118 0.00625 0.01875
1 0.417969 0.144271 0.0078125 0.0256944
1 0.572656 0.0600694 0.009375 0.0253472
0 0.194531 0.0734375 0.0109375 0.0236111
1 0.605469 0.0376736 0.00859375 0.0239583
1 0.219531 0.0871528 0.0109375 0.0142361
1 0.378516 0.190799 0.00703125 0.0225694
1 0.516797 0.071875 0.00625 0.021875
1 0.790625 0.512153 0.0125 0.0194444
1 0.491016 0.327778 0.009375 0.0159722
1 0.377734 0.184375 0.009375 0.0291667
1 0.441797 0.139931 0.0078125 0.0197917
1 0.503516 0.0980903 0.00703125 0.0204861
1 0.611719 0.0375868 0.009375 0.021875
1 0.545703 0.0511285 0.00625 0.0208333
1 0.789062 0.513889 0.009375 0.0215278
0 0.194922 0.0786458 0.0125 0.0253472
1 0.840625 0.725 0.015625 0.0194444
1 0.194922 0.0786458 0.0125 0.0253472
1 0.773438 0.424306 0.0125 0.0166667
1 0.834375 0.539583 0.015625 0.0333333
1 0.53125 0.0830729 0.00546875 0.0192708
0 0.192969 0.0753472 0.0125 0.0236111
1 0.357422 0.201389 0.00859375 0.0274306
0 0.0253418 0.135937 0.0449219 0.0506944
1 0.545313 0.0680339 0.00625 0.0278212
1 0.53125 0.0663194 0.00625 0.0288194
1 0.775781 0.424306 0.0171875 0.0180556
1 0.517187 0.0899306 0.00625 0.0222222
1 0.489062 0.11276 0.00546875 0.0210069
1 0.192969 0.0753472 0.0125 0.0236111
1 0.0396484 0.128472 0.0478516 0.0493056
1 0.359375 0.204861 0.00859375 0.0211806
0 0.0396484 0.128472 0.0478516 0.0493056
1 0.0269043 0.135851 0.040332 0.0515625
1 0.821875 0.414583 0.015625 0.0263889
1 0.428125 0.151042 0.0078125 0.0211806
1 0.846094 0.541667 0.015625 0.0298611
0 0.572656 0.0600694 0.009375 0.0253472
1 0.415234 0.156944 0.00859375 0.0215278
1 0.652734 0.0103082 0.0125 0.0167101
1 0.0692871 0.119531 0.0338867 0.0361111
1 0.490625 0.340278 0.009375 0.0138889
3 0.0692871 0.119531 0.0338867 0.0361111
0 0.0231934 0.134201 0.0325195 0.0427083
1 0.503516 0.101302 0.00625 0.0217014
1 0.614844 0.0486545 0.009375 0.0306424
1 0.817969 0.407986 0.009375 0.0173611
1 0.840625 0.720833 0.015625 0.0222222
1 0.515625 0.0727431 0.00703125 0.0239583
1 0.436719 0.131076 0.0078125 0.0204861
1 0.0231934 0.134201 0.0325195 0.0427083
0 0.605469 0.0376736 0.00859375 0.0239583
1 0.604688 0.0315972 0.009375 0.0203125
1 0.653906 0.0136393 0.0125 0.0216797
0 0.985937 0.490972 0.025 0.134722
0 0.502344 0.0989583 0.00625 0.0184028
0 0.214453 0.0855903 0.015625 0.0184028
1 0.850781 0.540972 0.015625 0.0319444
1 0.372852 0.178472 0.00898437 0.0236111
1 0.0551758 0.120312 0.0484375 0.0414931
3 0.0551758 0.120312 0.0484375 0.0414931
0 0.0692871 0.119531 0.0338867 0.0361111
3 0.0269043 0.135851 0.040332 0.0515625
1 0.35625 0.189063 0.0078125 0.025
1 0.00810547 0.112326 0.0130859 0.0263889
1 0.671875 0.662153 0.0101562 0.0194444
1 0.53125 0.293229 0.0078125 0.0190972
2 0.4875 0.673611 0.0726563 0.123611
0 0.0473145 0.0717882 0.056543 0.0564236
1 0.835156 0.535417 0.0140625 0.0298611
0 0.0440918 0.132292 0.0737305 0.0600694
3 0.0437988 0.132465 0.075293 0.059375
1 0.846875 0.537153 0.015625 0.0263889
1 0.264258 0.851389 0.0117188 0.0166667
1 0.85 0.536806 0.015625 0.0277778
1 0.0475586 0.0727214 0.0560547 0.0549045
1 0.417578 0.15191 0.0078125 0.0274306
3 0.0475464 0.0728299 0.0562744 0.0555556
1 0.0440918 0.132292 0.0737305 0.0600694
1 0.571094 0.0426649 0.00703125 0.0213542
1 0.502344 0.0990451 0.00625 0.0184028
1 0.194336 0.0734375 0.0109375 0.0239583
0 0.219531 0.0871528 0.0109375 0.0144097
1 0.432031 0.132031 0.00625 0.0185764
1 0.790625 0.512153 0.0125 0.0194444
1 0.572656 0.0604167 0.009375 0.0246528
1 0.417969 0.144271 0.0078125 0.0256944
1 0.605469 0.0377604 0.00859375 0.0239583
1 0.516797 0.071875 0.00546875 0.021875
1 0.219531 0.0871528 0.0109375 0.0144097
0 0.194336 0.0734375 0.0109375 0.0239583
1 0.378223 0.190625 0.00761719 0.0229167
1 0.491016 0.327778 0.009375 0.0159722
1 0.377734 0.184375 0.009375 0.0295139
1 0.441797 0.139931 0.0078125 0.0197917
1 0.503516 0.0980035 0.00703125 0.0204861
1 0.789062 0.513889 0.009375 0.0215278
1 0.611328 0.0375 0.00859375 0.0216146
0 0.0268066 0.136024 0.0397461 0.0512153
1 0.545703 0.0513021 0.00625 0.0210069
1 0.840625 0.725 0.015625 0.0194444
1 0.0268066 0.136024 0.0397461 0.0512153
0 0.194922 0.078559 0.0121094 0.0255208
1 0.773438 0.424306 0.0125 0.0166667
1 0.834375 0.539583 0.015625 0.0333333
1 0.194922 0.078559 0.0121094 0.0255208
1 0.53125 0.0833333 0.00546875 0.0190972
1 0.357422 0.201736 0.00859375 0.0270833
1 0.53125 0.0661241 0.00625 0.0285156
1 0.545313 0.0679036 0.00625 0.0284288
1 0.775781 0.424306 0.0171875 0.0180556
0 0.192969 0.0751736 0.0125 0.0239583
1 0.2625 0.852083 0.0132813 0.0180556
1 0.517187 0.0904514 0.00625 0.0213542
1 0.359766 0.204861 0.00859375 0.0208333
1 0.192969 0.0751736 0.0125 0.0239583
1 0.489062 0.112847 0.00546875 0.0208333
1 0.821875 0.414236 0.015625 0.0256944
1 0.0697266 0.119444 0.0332031 0.0357639
1 0.652734 0.0102648 0.0125 0.0166233
1 0.490625 0.339583 0.009375 0.0152778
1 0.415234 0.156944 0.00859375 0.021875
3 0.0697266 0.119444 0.0332031 0.0357639
1 0.817969 0.407986 0.009375 0.0173611
1 0.428125 0.151042 0.0078125 0.0211806
3 0.0544434 0.121181 0.0506836 0.0423611
1 0.503516 0.101389 0.00625 0.0215278
1 0.515625 0.0726563 0.00703125 0.0237847
0 0.572656 0.0604167 0.009375 0.0246528
1 0.614844 0.0485243 0.009375 0.0307292
0 0.985937 0.490972 0.025 0.135417
3 0.0268066 0.136024 0.0397461 0.0512153
1 0.436719 0.130903 0.0078125 0.0201389
1 0.840625 0.720833 0.015625 0.0222222
1 0.604688 0.0315104 0.009375 0.0201389
0 0.605469 0.0377604 0.00859375 0.0239583
1 0.653906 0.0136285 0.0125 0.0216146
1 0.850781 0.540972 0.015625 0.03125
1 0.0544434 0.121181 0.0506836 0.0423611
0 0.0697266 0.119444 0.0332031 0.0357639
1 0.00805664 0.112326 0.0129395 0.0270833
1 0.372852 0.178819 0.00898437 0.0239583
1 0.35625 0.189063 0.0078125 0.025
1 0.53125 0.293056 0.0078125 0.0194444
1 0.671875 0.662153 0.0101562 0.0194444
0 0.502344 0.0990451 0.00625 0.0184028
0 0.214062 0.0855903 0.015625 0.0184028
2 0.4875 0.673264 0.0726563 0.124306
0 0.0473145 0.071875 0.056543 0.0565972
1 0.835156 0.535417 0.0140625 0.0298611
0 0.0437378 0.131771 0.0748291 0.0607639
3 0.0438477 0.132465 0.0751953 0.0597222
1 0.846875 0.5375 0.015625 0.0263889
1 0.264258 0.851389 0.0117188 0.0166667
1 0.85 0.536806 0.015625 0.0277778
1 0.0475098 0.0728299 0.0561523 0.0552083
1 0.0440918 0.132292 0.0735352 0.0600694
3 0.0474609 0.0729384 0.05625 0.0558594
1 0.417578 0.15178 0.0078125 0.027691
1 0.571094 0.0427083 0.00703125 0.0213542
1 0.502344 0.0989583 0.00625 0.0184028
1 0.194531 0.0734375 0.0109375 0.0239583
1 0.790625 0.5125 0.0125 0.0194444
0 0.219531 0.0872396 0.0109375 0.0145833
1 0.572656 0.0605686 0.009375 0.024349
1 0.432031 0.131944 0.00625 0.0184028
1 0.605469 0.0378472 0.00859375 0.0239583
1 0.516797 0.071875 0.00546875 0.0215278
1 0.219531 0.0872396 0.0109375 0.0145833
1 0.417969 0.144271 0.0078125 0.0253472
1 0.491016 0.327865 0.009375 0.0164931
0 0.194531 0.0734375 0.0109375 0.0239583
1 0.378223 0.190451 0.00761719 0.0232639
1 0.377734 0.184201 0.009375 0.0295139
1 0.789062 0.513889 0.009375 0.0215278
0 0.0268677 0.136198 0.039624 0.0512153
1 0.441797 0.139931 0.0078125 0.0197917
1 0.0268677 0.136198 0.039624 0.0512153
1 0.503906 0.0979167 0.00625 0.0204861
1 0.610937 0.0374566 0.009375 0.0215278
1 0.840625 0.725 0.015625 0.0194444
1 0.545703 0.0514323 0.00625 0.0209201
1 0.834375 0.539583 0.015625 0.0333333
1 0.773438 0.424306 0.0125 0.0166667
1 0.53125 0.0836806 0.00546875 0.01875
1 0.194922 0.0784722 0.0121094 0.0256944
1 0.775781 0.424306 0.0171875 0.0180556
0 0.194922 0.0784722 0.0121094 0.0256944
1 0.545313 0.0678819 0.00625 0.0282986
1 0.53125 0.0659505 0.00625 0.0281684
1 0.517187 0.0908854 0.00625 0.0206597
1 0.2625 0.852083 0.0132813 0.0180556
1 0.357422 0.201736 0.00859375 0.0270833
1 0.821875 0.414236 0.015625 0.0256944
1 0.845312 0.541667 0.015625 0.0291667
0 0.192969 0.0751736 0.0125 0.0239583
1 0.192969 0.0751736 0.0125 0.0239583
1 0.359766 0.204861 0.00859375 0.0208333
1 0.0697754 0.119531 0.0333008 0.0361111
1 0.489062 0.112847 0.00546875 0.0208333
1 0.817969 0.407986 0.009375 0.0173611
1 0.490625 0.339583 0.009375 0.0152778
1 0.653125 0.010178 0.0125 0.0163628
3 0.0697754 0.119531 0.0333008 0.0361111
3 0.0537109 0.121701 0.0523437 0.0430556
1 0.503516 0.101389 0.00625 0.0215278
1 0.850781 0.540972 0.015625 0.03125
1 0.515625 0.0725694 0.00703125 0.0236111
3 0.0268677 0.136198 0.039624 0.0512153
1 0.415625 0.156944 0.009375 0.0222222
0 0.985937 0.490972 0.025 0.134722
1 0.427734 0.151042 0.00859375 0.0211806
1 0.614844 0.0483941 0.009375 0.030816
1 0.604688 0.0314236 0.009375 0.0200521
0 0.572656 0.0605686 0.009375 0.024349
1 0.436719 0.130903 0.0078125 0.0201389
1 0.840625 0.720833 0.015625 0.0222222
1 0.653906 0.0136719 0.0125 0.0215278
0 0.605469 0.0378472 0.00859375 0.0239583
1 0.00795898 0.112326 0.012793 0.0274306
1 0.0537109 0.121701 0.0523437 0.0430556
1 0.53125 0.293229 0.0078125 0.0197917
0 0.0697754 0.119531 0.0333008 0.0361111
1 0.671875 0.662153 0.0101562 0.0194444
1 0.828125 0.418403 0.0125 0.0201389
2 0.4875 0.673264 0.0726563 0.124306
0 0.0472656 0.0720269 0.0566406 0.0566406
1 0.835156 0.535417 0.0140625 0.0298611
0 0.0437378 0.131771 0.0748291 0.0607639
3 0.0438477 0.132465 0.0751953 0.0597222
1 0.846875 0.5375 0.015625 0.0263889
1 0.0475098 0.0729167 0.0563477 0.0552083
1 0.264258 0.851389 0.0117188 0.0166667
1 0.0440918 0.132292 0.0735352 0.0600694
1 0.85 0.536806 0.015625 0.0277778
3 0.0474609 0.0730686 0.0564453 0.0559462
1 0.417578 0.151215 0.0078125 0.028125
1 0.571094 0.0425781 0.00703125 0.0210069
1 0.502344 0.0989583 0.00625 0.0180556
1 0.790625 0.5125 0.0125 0.0194444
1 0.194531 0.0734375 0.0109375 0.0243056
1 0.605469 0.0377604 0.0078125 0.0238715
1 0.516797 0.0717014 0.00546875 0.0211806
1 0.572656 0.0609375 0.009375 0.0236111
1 0.432422 0.132031 0.00703125 0.0185764
0 0.219531 0.0873264 0.0109375 0.0149306
1 0.219531 0.0873264 0.0109375 0.0149306
1 0.417969 0.144271 0.0078125 0.0253472
1 0.491016 0.327865 0.009375 0.0164931
0 0.194531 0.0734375 0.0109375 0.0243056
1 0.378125 0.190451 0.0078125 0.0232639
1 0.789062 0.513889 0.0109375 0.0215278
1 0.0267578 0.136111 0.0394531 0.0513889
1 0.441797 0.139931 0.0078125 0.0197917
1 0.377734 0.184028 0.009375 0.0291667
1 0.503906 0.0979167 0.00625 0.0201389
0 0.0267578 0.136111 0.0394531 0.0513889
1 0.610937 0.0371528 0.009375 0.0208333
1 0.840625 0.725 0.015625 0.0180556
1 0.545703 0.0513455 0.00625 0.0205729
1 0.834375 0.539583 0.015625 0.0333333
1 0.773828 0.424306 0.0132813 0.0166667
1 0.776563 0.424306 0.0171875 0.0180556
1 0.53125 0.0840278 0.00546875 0.0184028
1 0.194922 0.0782986 0.0121094 0.0260417
1 0.845312 0.541667 0.015625 0.0291667
1 0.53125 0.0654731 0.00625 0.0273872
1 0.545313 0.0680339 0.00625 0.0278212
1 0.821875 0.414236 0.015625 0.0256944
1 0.517187 0.0914931 0.00625 0.0197917
0 0.194922 0.0782986 0.0121094 0.0260417
1 0.2625 0.852083 0.0132813 0.0180556
1 0.357422 0.201736 0.00898437 0.0270833
1 0.192969 0.075 0.0125 0.0246528
1 0.359766 0.204861 0.00859375 0.0211806
0 0.192969 0.075 0.0125 0.0246528
1 0.817969 0.407986 0.009375 0.0173611
1 0.0696289 0.119618 0.0335938 0.0364583
1 0.489062 0.112847 0.00546875 0.0208333
1 0.850781 0.540972 0.015625 0.0305556
1 0.653125 0.0101562 0.0125 0.0159722
1 0.490625 0.338889 0.009375 0.0152778
0 0.985937 0.490625 0.025 0.134722
1 0.503516 0.101389 0.00625 0.0215278
3 0.052832 0.122049 0.0539063 0.04375
1 0.00786133 0.111979 0.0125977 0.0277778
3 0.0696289 0.119618 0.0335938 0.0364583
1 0.604688 0.0313802 0.009375 0.0198785
1 0.515625 0.0724826 0.00703125 0.0237847
1 0.614844 0.0484375 0.009375 0.0305556
1 0.436719 0.13099 0.0078125 0.0203125
1 0.653516 0.0138129 0.0125 0.0213325
1 0.53125 0.293229 0.0078125 0.0197917
0 0.605469 0.0377604 0.0078125 0.0238715
1 0.427734 0.150868 0.00859375 0.0211806
1 0.840625 0.720833 0.015625 0.0222222
1 0.828906 0.41875 0.0109375 0.0208333
0 0.572656 0.0609375 0.009375 0.0236111
1 0.415625 0.156597 0.009375 0.0222222
3 0.0267578 0.136111 0.0394531 0.0513889
1 0.671875 0.6625 0.0101562 0.0194444
1 0.052832 0.122049 0.0539063 0.04375
1 0.835156 0.527431 0.015625 0.0368056
2 0.4875 0.673264 0.0726563 0.124306
0 0.0472778 0.0721354 0.0568115 0.0567708
1 0.835156 0.535417 0.0140625 0.0291667
0 0.0437378 0.131771 0.0748291 0.0607639
3 0.0438477 0.132465 0.0751953 0.0597222
1 0.846875 0.5375 0.015625 0.0263889
1 0.0475464 0.0730903 0.0564697 0.0552083
1 0.0441406 0.132292 0.0736328 0.0604167
1 0.264258 0.851389 0.0117188 0.0166667
1 0.85 0.537153 0.015625 0.0277778
3 0.0474121 0.0732422 0.056543 0.0559462
1 0.790625 0.5125 0.0125 0.0201389
1 0.571094 0.0424045 0.00703125 0.0205729
1 0.417578 0.151085 0.0078125 0.0283854
1 0.502344 0.0989583 0.00625 0.0180556
1 0.194531 0.0735243 0.0109375 0.0244792
1 0.605469 0.0377604 0.0078125 0.0236111
1 0.516797 0.0715278 0.00546875 0.0210069
1 0.432813 0.132118 0.00625 0.01875
1 0.572266 0.0614366 0.00859375 0.0226128
1 0.417969 0.144097 0.0078125 0.0253472
1 0.490625 0.327865 0.009375 0.0164931
1 0.219531 0.0873264 0.0109375 0.0152778
0 0.219531 0.0873264 0.0109375 0.0152778
1 0.789062 0.513889 0.0109375 0.0222222
1 0.0266113 0.136111 0.0389648 0.0513889
1 0.441797 0.139757 0.0078125 0.0197917
1 0.378125 0.190278 0.0078125 0.0236111
0 0.194531 0.0735243 0.0109375 0.0244792
1 0.503906 0.0979167 0.00625 0.0201389
1 0.377734 0.183681 0.009375 0.0291667
1 0.834375 0.539583 0.015625 0.0333333
1 0.840625 0.725 0.015625 0.0180556
1 0.776563 0.424306 0.0171875 0.01875
1 0.773828 0.424306 0.0132813 0.0166667
1 0.610937 0.0368924 0.009375 0.0201389
1 0.545313 0.0512153 0.00625 0.0201389
0 0.0248779 0.135503 0.0440918 0.0519097
1 0.821875 0.414236 0.015625 0.0256944
1 0.53125 0.0842014 0.00546875 0.0180556
1 0.845312 0.542014 0.015625 0.0291667
1 0.194922 0.0782118 0.0121094 0.0263889
1 0.53125 0.0650174 0.00625 0.0263889
1 0.516797 0.0918403 0.00625 0.0190972
1 0.545313 0.0684896 0.00625 0.0270833
1 0.0226074 0.134809 0.0311523 0.0439236
1 0.2625 0.852083 0.0132813 0.0180556
1 0.817969 0.407986 0.009375 0.0173611
1 0.192969 0.0749132 0.0125 0.0248264
1 0.357422 0.201736 0.00898437 0.0270833
0 0.194922 0.0782118 0.0121094 0.0263889
1 0.0697266 0.119618 0.0333984 0.0364583
1 0.359766 0.204861 0.00859375 0.0211806
1 0.653125 0.0100911 0.0125 0.0157552
1 0.489062 0.112934 0.00546875 0.0206597
1 0.490625 0.338889 0.009375 0.0159722
1 0.00776367 0.111545 0.0124512 0.0282986
0 0.985937 0.490625 0.025 0.134722
0 0.192969 0.0749132 0.0125 0.0248264
1 0.828906 0.41875 0.0109375 0.0201389
1 0.503516 0.101476 0.00625 0.0213542
1 0.53125 0.293403 0.0078125 0.0201389
3 0.0535156 0.121528 0.0521484 0.0434028
1 0.605078 0.03125 0.00859375 0.0196181
0 0.0226074 0.134809 0.0311523 0.0439236
3 0.0697266 0.119618 0.0333984 0.0364583
1 0.436719 0.13099 0.0078125 0.0203125
1 0.515625 0.0723958 0.00703125 0.0236111
1 0.671875 0.6625 0.0101562 0.0194444
1 0.614844 0.0485243 0.009375 0.0303819
1 0.653516 0.0139323 0.0125 0.0210938
0 0.605469 0.0377604 0.0078125 0.0236111
1 0.780469 0.425694 0.0234375 0.0236111
1 0.840625 0.720833 0.015625 0.0222222
1 0.0535156 0.121528 0.0521484 0.0434028
1 0.427734 0.150694 0.00859375 0.0215278
1 0.835938 0.527083 0.015625 0.0361111
2 0.4875 0.673611 0.0726563 0.123611
0 0.0473145 0.0722005 0.0569336 0.0566406
1 0.835156 0.535417 0.0140625 0.0291667
0 0.04375 0.131684 0.0748047 0.0609375
3 0.0438965 0.132465 0.0750977 0.0597222
1 0.846875 0.5375 0.015625 0.0263889
1 0.0475098 0.0731771 0.056543 0.0552083
1 0.0441895 0.132205 0.0735352 0.0602431
1 0.264258 0.851389 0.0117188 0.0166667
1 0.85 0.537153 0.015625 0.0277778
3 0.0473633 0.0731771 0.0568359 0.0567708
1 0.790625 0.5125 0.0125 0.0201389
1 0.502344 0.0989583 0.00625 0.0180556
1 0.571094 0.0422743 0.00703125 0.0201389
1 0.417578 0.150651 0.0078125 0.028559
1 0.194531 0.0735243 0.0109375 0.0246528
1 0.605469 0.037717 0.0078125 0.0233507
1 0.516797 0.071441 0.00546875 0.0206597
1 0.432813 0.132118 0.00625 0.01875
1 0.417969 0.144097 0.0078125 0.025
1 0.490625 0.327865 0.009375 0.0164931
1 0.572266 0.0617839 0.00859375 0.0219184
1 0.219531 0.0873264 0.0109375 0.0152778
1 0.789062 0.513889 0.0109375 0.0222222
0 0.219531 0.0873264 0.0109375 0.0152778
1 0.441797 0.139757 0.0078125 0.0197917
1 0.0265625 0.135937 0.0387695 0.0517361
1 0.776563 0.424306 0.01875 0.01875
1 0.773828 0.424306 0.0132813 0.0166667
1 0.503906 0.0977431 0.00625 0.0201389
1 0.834375 0.539583 0.015625 0.0333333
1 0.840625 0.725 0.015625 0.0180556
1 0.610937 0.0366753 0.0078125 0.0196181
1 0.378125 0.190104 0.0078125 0.0236111
1 0.377734 0.183681 0.009375 0.0291667
1 0.821875 0.414236 0.015625 0.0256944
1 0.545313 0.0511285 0.00625 0.0196181
1 0.0409302 0.130382 0.0577881 0.0534722
0 0.194531 0.0735243 0.0109375 0.0246528
1 0.53125 0.0845486 0.00546875 0.0173611
1 0.846094 0.542014 0.015625 0.0291667
0 0.0248047 0.13533 0.0439453 0.0522569
1 0.194922 0.078125 0.0117188 0.0267361
1 0.516797 0.0921875 0.00625 0.0184028
1 0.53125 0.0644965 0.00625 0.0253472
1 0.545313 0.0689236 0.00625 0.0260417
1 0.0221924 0.134375 0.030127 0.0434028
0 0.0409302 0.130382 0.0577881 0.0534722
1 0.817969 0.408333 0.009375 0.0180556
1 0.2625 0.852083 0.0132813 0.0180556
1 0.357422 0.201736 0.00898437 0.0270833
1 0.069873 0.119444 0.0333008 0.0364583
1 0.829687 0.41875 0.0125 0.0201389
1 0.00761719 0.111111 0.0123047 0.0286458
0 0.194922 0.078125 0.0117188 0.0267361
1 0.653125 0.010026 0.0125 0.0154514
1 0.35957 0.204688 0.00859375 0.0211806
3 0.0409302 0.130382 0.0577881 0.0534722
1 0.53125 0.293229 0.0078125 0.0201389
0 0.985937 0.490972 0.025 0.134722
1 0.489062 0.112934 0.00546875 0.0206597
1 0.490625 0.338542 0.009375 0.0159722
1 0.503516 0.101476 0.00625 0.0213542
1 0.780469 0.425694 0.0234375 0.0243056
3 0.0541992 0.121181 0.0501953 0.0430556
1 0.436719 0.131076 0.0078125 0.0204861
1 0.605078 0.0311632 0.00859375 0.0194444
3 0.069873 0.119444 0.0333008 0.0364583
1 0.671875 0.6625 0.0101562 0.0194444
1 0.515625 0.0723958 0.00703125 0.0232639
1 0.653516 0.0140191 0.0125 0.0209201
1 0.614844 0.0485243 0.009375 0.0300347
0 0.0221924 0.134375 0.030127 0.0434028
1 0.0541992 0.121181 0.0501953 0.0430556
0 0.605469 0.037717 0.0078125 0.0233507
2 0.4875 0.673611 0.0726563 0.123611
0 0.0472656 0.0722005 0.0568359 0.0566406
1 0.835156 0.535417 0.0140625 0.0291667
0 0.04375 0.131771 0.0748047 0.0607639
3 0.0438965 0.132465 0.0750977 0.0597222
1 0.846875 0.5375 0.015625 0.0263889
1 0.0475098 0.0731771 0.056543 0.0553819
1 0.0441895 0.132118 0.0735352 0.0604167
1 0.264258 0.851389 0.0117188 0.0166667
1 0.85 0.537153 0.015625 0.0277778
3 0.0473633 0.0730903 0.0568359 0.0567708
1 0.790625 0.5125 0.0125 0.0201389
1 0.502344 0.0989583 0.00625 0.0180556
1 0.571094 0.0422743 0.00703125 0.0201389
1 0.417578 0.150651 0.0078125 0.028559
1 0.194531 0.0736111 0.0109375 0.0246528
1 0.605859 0.0377604 0.00859375 0.0234375
1 0.516797 0.071441 0.00546875 0.0206597
1 0.432813 0.132118 0.00625 0.01875
1 0.417969 0.144097 0.0078125 0.025
1 0.490625 0.327865 0.009375 0.0164931
1 0.572266 0.0618056 0.00859375 0.021875
1 0.219531 0.0873264 0.0109375 0.0152778
1 0.789062 0.513889 0.0109375 0.0222222
0 0.219531 0.0873264 0.0109375 0.0152778
1 0.441797 0.139757 0.0078125 0.0197917
1 0.0265625 0.135937 0.0386719 0.0517361
1 0.776563 0.424306 0.01875 0.0180556
1 0.773828 0.424306 0.0132813 0.0166667
1 0.503906 0.0977431 0.00625 0.0201389
1 0.834375 0.539583 0.015625 0.0333333
1 0.840625 0.725 0.015625 0.0180556
1 0.610937 0.0366753 0.00859375 0.0196181
1 0.378125 0.190278 0.0078125 0.0236111
1 0.377734 0.183681 0.009375 0.0291667
1 0.545313 0.0511285 0.00625 0.0197917
1 0.821875 0.414236 0.015625 0.0256944
1 0.0408203 0.130208 0.0576172 0.0534722
0 0.194531 0.0736111 0.0109375 0.0246528
1 0.53125 0.0845486 0.00546875 0.0173611
1 0.846094 0.542014 0.015625 0.0291667
0 0.0248047 0.135243 0.0439453 0.0524306
1 0.516797 0.0921875 0.00625 0.0184028
1 0.194922 0.078125 0.0117188 0.0267361
1 0.53125 0.0644965 0.00625 0.0253472
1 0.545313 0.0688368 0.00625 0.0262153
1 0.0221436 0.134375 0.0300293 0.0434028
0 0.0408203 0.130208 0.0576172 0.0534722
1 0.817969 0.408333 0.009375 0.0180556
1 0.2625 0.852083 0.0132813 0.0180556
1 0.357422 0.201736 0.00898437 0.0270833
1 0.0699219 0.119444 0.0332031 0.0364583
1 0.829687 0.41875 0.0125 0.0201389
1 0.0076416 0.111111 0.0123047 0.0284722
0 0.194922 0.078125 0.0117188 0.0267361
1 0.653125 0.010026 0.0125 0.0154514
1 0.35957 0.204688 0.00859375 0.0211806
3 0.0408203 0.130208 0.0576172 0.0534722
1 0.53125 0.293229 0.0078125 0.0201389
0 0.985937 0.490972 0.025 0.134722
1 0.489062 0.112934 0.00546875 0.0206597
1 0.490625 0.338542 0.009375 0.0159722
1 0.503516 0.101476 0.00625 0.0213542
1 0.780469 0.425694 0.0234375 0.0243056
3 0.0542969 0.121181 0.0501953 0.0430556
1 0.436719 0.131163 0.0078125 0.0206597
1 0.605078 0.0311632 0.00859375 0.0194444
3 0.0699219 0.119444 0.0332031 0.0364583
1 0.671875 0.6625 0.0101562 0.0194444
1 0.515625 0.072309 0.00703125 0.0230903
1 0.614844 0.0484809 0.009375 0.0301215
1 0.653516 0.0140191 0.0125 0.0209201
0 0.0221436 0.134375 0.0300293 0.0434028
1 0.0542969 0.121181 0.0501953 0.0430556
0 0.605859 0.0377604 0.00859375 0.0234375
