0 0.0252441 0.0521701 0.0503906 0.101389
0 0.0101807 0.0789063 0.0191895 0.0394097
1 0.00925293 0.0821181 0.016748 0.0371528
0 0.507715 0.683507 0.414258 0.624653
0 0.0116211 0.0777778 0.0200195 0.03125
1 0.0116211 0.0777778 0.0200195 0.03125
1 0.557031 0.104601 0.107813 0.101562
0 0.0111816 0.0736111 0.019873 0.0204861
2 0.576172 0.681944 0.117969 0.154167
0 0.0251953 0.031901 0.0498047 0.062934
0 0.0269653 0.0499132 0.0529053 0.0980903
1 0.00898437 0.0829861 0.0155273 0.0309028
0 0.0259033 0.0496528 0.0518066 0.0993056
0 0.0252441 0.0499132 0.0493164 0.0970486
0 0.00859375 0.0810764 0.015918 0.0354167
0 0.00808105 0.0148437 0.0154785 0.0260417
0 0.00993652 0.0678602 0.019873 0.0604601
1 0.00808105 0.0148437 0.0154785 0.0260417
0 0.0253906 0.0497396 0.0500977 0.0991319
1 0.0253906 0.0497396 0.0500977 0.0991319
1 0.00839844 0.0155382 0.0161133 0.0270833
0 0.00839844 0.0155382 0.0161133 0.0270833
0 0.0254883 0.0497396 0.0501953 0.0980903
1 0.00773926 0.015191 0.0148926 0.0261285
0 0.0164551 0.056684 0.0316406 0.0869792
0 0.00771484 0.0824653 0.0132813 0.0291667
0 0.00773926 0.015191 0.0148926 0.0261285
1 0.00771484 0.0824653 0.0132813 0.0291667
1 0.0164551 0.056684 0.0316406 0.0869792
0 0.0251953 0.0513021 0.0496094 0.1
1 0.00744629 0.0152669 0.0143066 0.0253689
0 0.00766602 0.0815972 0.0135742 0.0315972
0 0.0157715 0.0538954 0.0311523 0.0885634
0 0.00744629 0.0152669 0.0143066 0.0253689
1 0.00766602 0.0815972 0.0135742 0.0315972
0 0.0121582 0.069987 0.0232422 0.0610677
0 0.025293 0.0515625 0.0499023 0.100694
1 0.00742187 0.0151476 0.0138672 0.0250868
0 0.00737305 0.0836806 0.012793 0.028125
0 0.00742187 0.0151476 0.0138672 0.0250868
1 0.00737305 0.0836806 0.012793 0.028125
1 0.0074707 0.0151801 0.0138672 0.0253689
0 0.0255859 0.0520399 0.0505859 0.101823
0 0.0074707 0.0151801 0.0138672 0.0253689
1 0.00759277 0.015408 0.0140625 0.025434
0 0.0256348 0.0526042 0.0507812 0.102951
0 0.00759277 0.015408 0.0140625 0.025434
1 0.00769043 0.0155273 0.0143066 0.0257161
0 0.0255371 0.0525174 0.0505859 0.103299
0 0.00769043 0.0155273 0.0143066 0.0257161
1 0.00791016 0.0156358 0.0145996 0.0258464
0 0.00791016 0.0156358 0.0145996 0.0258464
0 0.0250488 0.0517361 0.0499023 0.0989583
1 0.00805664 0.0156358 0.0147461 0.0258464
0 0.00805664 0.0156358 0.0147461 0.0258464
0 0.024292 0.0476128 0.047998 0.0936632
1 0.00820312 0.0156141 0.0149414 0.0258898
0 0.00820312 0.0156141 0.0149414 0.0258898
0 0.0244629 0.0476997 0.0484375 0.094184
1 0.00805664 0.0155816 0.0146484 0.0257812
0 0.00805664 0.0155816 0.0146484 0.0257812
0 0.0246338 0.0477431 0.0487793 0.0944444
1 0.00793457 0.0154514 0.0144043 0.0256944
0 0.538281 0.8125 0.0484375 0.147222
0 0.00793457 0.0154514 0.0144043 0.0256944
1 0.00795898 0.0153537 0.0144531 0.0257161
0 0.538281 0.811111 0.0484375 0.15
0 0.00795898 0.0153537 0.0144531 0.0257161
1 0.00795898 0.0152886 0.0144531 0.0258464
0 0.537891 0.811111 0.0476562 0.15
1 0.00788574 0.015191 0.0143066 0.0257812
1 0.00786133 0.0151476 0.0143555 0.0256076
1 0.0078125 0.0150933 0.0143555 0.0255425
1 0.0078125 0.0150065 0.0143555 0.0253689
