3 0.492188 0.2125 0.0601562 0.0833333
1 0.233203 0.134028 0.0101562 0.0305556
0 0.0224609 0.0215712 0.0337891 0.0414931
1 0.225977 0.754167 0.0140625 0.025
1 0.0222168 0.0214844 0.0338867 0.0415799
1 0.321094 0.629167 0.0078125 0.0152778
1 0.331836 0.64375 0.00703125 0.0111111
0 0.225977 0.754167 0.0140625 0.025
1 0.803125 0.150694 0.0125 0.0166667
0 0.036438 0.965278 0.0695068 0.0694444
0 0.803125 0.150694 0.0125 0.0166667
0 0.233203 0.134028 0.0101562 0.0305556
1 0.449219 0.614583 0.0125 0.0194444
1 0.321484 0.635417 0.0078125 0.0215278
1 0.483594 0.483681 0.0078125 0.0201389
3 0.707422 0.480903 0.585156 0.961806
1 0.232617 0.138889 0.0125 0.0375
1 0.372266 0.404167 0.0140625 0.0277778
1 0.196875 0.804861 0.0113281 0.0236111
0 0.0298828 0.0217122 0.0365234 0.0412977
3 0.225977 0.754167 0.0140625 0.025
0 0.449219 0.614583 0.0125 0.0194444
1 0.232812 0.128299 0.0125 0.040625
0 0.483594 0.483681 0.0078125 0.0201389
3 0.492188 0.2125 0.059375 0.0826389
1 0.232812 0.132986 0.0125 0.0329861
0 0.0229492 0.0203559 0.0326172 0.0404514
1 0.0223633 0.0202257 0.0329102 0.0401042
1 0.448438 0.614236 0.0140625 0.0236111
1 0.225781 0.754167 0.0140625 0.0263889
1 0.817187 0.119965 0.0140625 0.0177083
1 0.321094 0.629167 0.00898437 0.0166667
1 0.448438 0.611806 0.0179687 0.0291667
1 0.44375 0.613889 0.0203125 0.0236111
1 0.176172 0.0202148 0.0175781 0.0390842
1 0.173828 0.0182183 0.015625 0.0359592
1 0.803125 0.149349 0.0125 0.0207465
1 0.133203 0.068316 0.00976562 0.028125
1 0.236328 0.132812 0.0175781 0.0357639
1 0.37207 0.0387153 0.00898437 0.0213542
0 0.019043 0.024349 0.0321289 0.0469618
1 0.32168 0.634028 0.0105469 0.025
1 0.019043 0.024349 0.0321289 0.0469618
0 0.0356934 0.964583 0.0700195 0.0694444
1 0.441797 0.6125 0.0273438 0.0291667
0 0.232812 0.13316 0.0132813 0.0336806
1 0.254687 0.720833 0.015625 0.0333333
0 0.225781 0.754167 0.0140625 0.0263889
0 0.0288574 0.0212891 0.0353516 0.0425781
0 0.0392578 0.975694 0.0621094 0.0472222
1 0.0165039 0.018967 0.0330078 0.037934
3 0.492188 0.211806 0.059375 0.0826389
1 0.233594 0.134549 0.0113281 0.0315972
1 0.225781 0.754167 0.0140625 0.025
0 0.0219238 0.0202257 0.0358398 0.0400174
1 0.0215332 0.0202365 0.0356445 0.0399089
1 0.371094 0.403472 0.0148437 0.0291667
1 0.321094 0.628125 0.00742187 0.0131944
0 0.0340942 0.963889 0.0669678 0.0722222
1 0.254297 0.722917 0.015625 0.0305556
1 0.252344 0.719444 0.0125 0.0277778
1 0.448438 0.615972 0.0125 0.0180556
1 0.15332 0.790972 0.0103516 0.025
1 0.450781 0.615972 0.0125 0.01875
1 0.75 0.0190213 0.009375 0.0265408
1 0.253906 0.718056 0.0175781 0.0388889
1 0.173633 0.0174045 0.0148437 0.0320312
1 0.372266 0.0378472 0.00859375 0.0189236
1 0.236719 0.134549 0.0167969 0.0319444
1 0.130371 0.829167 0.0125 0.0236111
1 0.251758 0.720833 0.0191406 0.0333333
1 0.130859 0.839583 0.0111328 0.0347222
1 0.321875 0.635417 0.00859375 0.0208333
1 0.138867 0.110417 0.0132813 0.0211806
1 0.196875 0.804861 0.0125 0.0263889
1 0.233594 0.128993 0.0132813 0.0416667
1 0.607422 0.245312 0.015625 0.0243056
1 0.33125 0.640278 0.009375 0.0138889
1 0.176172 0.019184 0.0167969 0.0346354
1 0.145215 0.801389 0.0107422 0.025
1 0.133301 0.0679687 0.0109375 0.0262153
1 0.438281 0.613194 0.009375 0.0166667
1 0.483984 0.485764 0.00703125 0.0166667
0 0.234375 0.134201 0.0121094 0.0322917
1 0.751562 0.0246528 0.0109375 0.0223958
3 0.492188 0.211979 0.059375 0.0822917
1 0.233203 0.134201 0.0101562 0.03125
1 0.0217529 0.0198785 0.0355957 0.0397569
0 0.0217529 0.0198785 0.0355957 0.0397569
1 0.225781 0.754167 0.0140625 0.025
1 0.448828 0.617361 0.0125 0.0180556
1 0.450781 0.616667 0.0125 0.0180556
1 0.321094 0.628472 0.0078125 0.0138889
1 0.233594 0.138542 0.0113281 0.0368056
1 0.371875 0.404861 0.0132813 0.0263889
1 0.333008 0.642361 0.00898437 0.00972222
1 0.133008 0.0708333 0.00898437 0.0201389
0 0.233203 0.134201 0.0101562 0.03125
1 0.139844 0.11059 0.00976562 0.0184028
0 0.0338989 0.965278 0.0665772 0.0694444
1 0.750781 0.0177083 0.0078125 0.0199653
1 0.255078 0.726389 0.0140625 0.0222222
1 0.154297 0.790972 0.00820312 0.0236111
1 0.608594 0.245833 0.0125 0.0229167
1 0.153711 0.786806 0.00898437 0.0208333
1 0.233203 0.128559 0.0109375 0.0387153
1 0.134961 0.0770833 0.00917969 0.0149306
1 0.5125 0.344444 0.009375 0.0180556
0 0.750781 0.0177083 0.0078125 0.0199653
1 0.197266 0.805556 0.0109375 0.025
1 0.138184 0.113368 0.00898437 0.0232639
1 0.439844 0.615278 0.0109375 0.0173611
1 0.321875 0.635764 0.009375 0.0194444
1 0.81875 0.117622 0.009375 0.0164931
1 0.170703 0.0156684 0.009375 0.0289063
1 0.253516 0.722222 0.0101562 0.0166667
1 0.254297 0.718056 0.015625 0.0333333
1 0.236719 0.134635 0.0164062 0.0314236
1 0.452344 0.605208 0.009375 0.0173611
1 0.803125 0.148568 0.009375 0.0181424
1 0.199609 0.100174 0.00859375 0.0182292
1 0.37207 0.0384115 0.00820312 0.0202257
2 0.491406 0.211979 0.059375 0.0822917
1 0.485156 0.211806 0.0140625 0.0416667
1 0.305078 0.632639 0.0128906 0.0111111
3 0.492188 0.212326 0.059375 0.0840278
1 0.233203 0.134115 0.0109375 0.0310764
1 0.01604 0.01875 0.0253418 0.0358507
1 0.0189453 0.0226671 0.0214844 0.0326172
1 0.0249023 0.019184 0.0298828 0.0383681
1 0.448438 0.616319 0.0109375 0.0166667
1 0.225781 0.754167 0.0140625 0.0263889
0 0.0249023 0.019184 0.0298828 0.0383681
1 0.450781 0.615278 0.0125 0.0180556
0 0.0338745 0.964583 0.0662353 0.0694444
1 0.0198242 0.0161024 0.0326172 0.0322049
1 0.132617 0.0701389 0.00898437 0.0229167
0 0.0189453 0.0226671 0.0214844 0.0326172
1 0.0195312 0.0311632 0.0142578 0.0303819
0 0.01604 0.01875 0.0253418 0.0358507
1 0.139453 0.110764 0.0109375 0.01875
0 0.0198242 0.0161024 0.0326172 0.0322049
1 0.134082 0.0727431 0.00957031 0.0180556
1 0.0164795 0.0250868 0.0275879 0.0453125
1 0.750781 0.0197049 0.00859375 0.021875
0 0.0164795 0.0250868 0.0275879 0.0453125
1 0.320898 0.628472 0.00703125 0.0138889
1 0.333008 0.643056 0.00820312 0.00972222
1 0.138477 0.113368 0.0105469 0.0234375
0 0.448438 0.616319 0.0109375 0.0166667
1 0.17207 0.0149306 0.0105469 0.027691
0 0.450781 0.615278 0.0125 0.0180556
0 0.0195312 0.0311632 0.0142578 0.0303819
1 0.371094 0.403819 0.0148437 0.0284722
1 0.751562 0.0250868 0.0109375 0.0229167
1 0.233594 0.138976 0.0117188 0.0352431
1 0.0314453 0.0190538 0.0280273 0.0375868
1 0.37207 0.037934 0.00820312 0.0206597
1 0.748828 0.0265191 0.0109375 0.0207465
1 0.19707 0.805556 0.0105469 0.025
1 0.439844 0.613889 0.009375 0.0152778
1 0.453125 0.605556 0.0078125 0.0138889
0 0.233203 0.134115 0.0109375 0.0310764
1 0.608594 0.246007 0.0140625 0.0253472
2 0.0338745 0.964583 0.0662353 0.0694444
0 0.225781 0.754167 0.0140625 0.0263889
1 0.380469 0.671528 0.0046875 0.0138889
0 0.0314453 0.0190538 0.0280273 0.0375868
1 0.00976562 0.0172743 0.0195312 0.0345486
1 0.81875 0.118056 0.0078125 0.0170139
1 0.198047 0.809028 0.00859375 0.0166667
1 0.232812 0.128733 0.0117188 0.0383681
1 0.392188 0.7 0.0140625 0.0277778
0 0.750781 0.0197049 0.00859375 0.021875
0 0.751562 0.0250868 0.0109375 0.0229167
1 0.237109 0.13559 0.015625 0.0295139
1 0.480859 0.551389 0.0078125 0.0138889
1 0.814062 0.119792 0.00625 0.0138889
1 0.417188 0.629514 0.00625 0.0180556
1 0.25625 0.729167 0.0109375 0.0194444
1 0.13125 0.831944 0.0101562 0.025
1 0.830469 0.0616319 0.0109375 0.0194444
1 0.321484 0.636458 0.00820312 0.0180556
3 0.492188 0.212153 0.059375 0.0836806
1 0.233594 0.134549 0.0109375 0.0302083
0 0.0224609 0.0190538 0.0339844 0.0381076
1 0.225391 0.754167 0.0140625 0.025
1 0.0227051 0.0200955 0.034082 0.0396701
1 0.448438 0.615972 0.0117188 0.0180556
1 0.450781 0.615278 0.0125 0.0194444
1 0.25625 0.729167 0.0101562 0.0166667
1 0.330469 0.642361 0.0101562 0.00972222
1 0.196875 0.806944 0.0109375 0.0222222
1 0.0229004 0.0253906 0.0257812 0.0411458
1 0.133301 0.0699653 0.00957031 0.0225694
0 0.0229004 0.0253906 0.0257812 0.0411458
1 0.750781 0.0202691 0.0078125 0.0238715
1 0.321289 0.628472 0.0078125 0.0138889
1 0.139648 0.110764 0.0105469 0.0178819
0 0.233594 0.134549 0.0109375 0.0302083
1 0.253906 0.715972 0.0132813 0.0305556
1 0.23418 0.138889 0.0121094 0.0354167
1 0.371289 0.404861 0.0152344 0.0277778
0 0.448438 0.615972 0.0117188 0.0180556
1 0.751562 0.0235243 0.0109375 0.0239583
1 0.134375 0.0723958 0.009375 0.0177083
1 0.251953 0.722222 0.0105469 0.0138889
1 0.195703 0.809722 0.0125 0.0305556
1 0.748828 0.0251736 0.0117188 0.0211806
1 0.153418 0.790278 0.0105469 0.025
1 0.172852 0.0163954 0.0109375 0.0307509
1 0.321875 0.636458 0.009375 0.0173611
1 0.138477 0.113194 0.009375 0.0239583
0 0.450781 0.615278 0.0125 0.0194444
1 0.130469 0.827778 0.0121094 0.0194444
0 0.25625 0.729167 0.0101562 0.0166667
2 0.492188 0.212153 0.059375 0.0840278
1 0.608203 0.245833 0.0132813 0.0236111
1 0.130371 0.84375 0.0117188 0.0361111
0 0.139648 0.110764 0.0105469 0.0178819
0 0.0342773 0.965278 0.0675781 0.0666667
0 0.133301 0.0699653 0.00957031 0.0225694
1 0.233008 0.128646 0.0128906 0.0395833
1 0.817969 0.118056 0.0078125 0.0173611
1 0.131641 0.836111 0.0148437 0.0333333
1 0.451562 0.610417 0.0109375 0.0236111
3 0.492188 0.212153 0.0578125 0.0833333
1 0.233594 0.135069 0.0117188 0.03125
1 0.225781 0.754167 0.0140625 0.025
0 0.0231689 0.0194444 0.0336426 0.0388889
1 0.448438 0.616667 0.0109375 0.0180556
1 0.0231689 0.0194444 0.0336426 0.0388889
1 0.450781 0.615625 0.0125 0.01875
1 0.255859 0.730556 0.0101562 0.0166667
1 0.02146 0.0322049 0.0153809 0.028125
1 0.371484 0.404167 0.0148437 0.0277778
1 0.332031 0.645139 0.00859375 0.00833333
1 0.140234 0.111111 0.009375 0.0166667
0 0.0245361 0.025217 0.0291504 0.0426215
1 0.321484 0.629167 0.0078125 0.0138889
1 0.133008 0.0712674 0.00859375 0.0203125
1 0.196875 0.80625 0.0109375 0.025
1 0.134277 0.0748264 0.00859375 0.015625
1 0.253906 0.713889 0.0117188 0.025
1 0.0245361 0.025217 0.0291504 0.0426215
1 0.138281 0.113715 0.00859375 0.0215278
0 0.02146 0.0322049 0.0153809 0.028125
1 0.17168 0.0143989 0.00898437 0.0272786
0 0.0212402 0.0255208 0.0364258 0.0497396
1 0.153516 0.790972 0.00976562 0.025
1 0.438281 0.613889 0.0078125 0.0152778
1 0.197461 0.808333 0.009375 0.0166667
0 0.0289551 0.0196615 0.0323242 0.0392361
1 0.252148 0.724306 0.00976562 0.0138889
0 0.448438 0.616667 0.0109375 0.0180556
1 0.750781 0.0168403 0.0078125 0.0158854
1 0.607813 0.245833 0.0117188 0.0215278
0 0.140234 0.111111 0.009375 0.0166667
1 0.131348 0.829861 0.0109375 0.0222222
1 0.751562 0.0244358 0.0101562 0.0215278
1 0.130566 0.843056 0.0115234 0.0388889
1 0.259375 0.688194 0.00898437 0.0138889
1 0.236719 0.136458 0.0160156 0.03125
0 0.233594 0.135069 0.0117188 0.03125
1 0.321875 0.636111 0.009375 0.0180556
1 0.81875 0.117622 0.00625 0.0168403
3 0.492188 0.212153 0.059375 0.0840278
1 0.233398 0.134722 0.0113281 0.0315972
1 0.0219238 0.0185004 0.0293945 0.0347005
0 0.0231689 0.0186632 0.0337402 0.0373264
1 0.448828 0.616667 0.0117188 0.0166667
1 0.225781 0.754167 0.0136719 0.025
1 0.0170898 0.0252604 0.0183594 0.0302083
1 0.0200195 0.0338542 0.0112305 0.0255208
1 0.450781 0.615278 0.0125 0.0180556
1 0.256055 0.730556 0.00976562 0.0152778
1 0.0213867 0.014974 0.0349609 0.0299479
0 0.0170898 0.0252604 0.0183594 0.0302083
1 0.140332 0.111111 0.00898437 0.0166667
1 0.4375 0.613542 0.0078125 0.0145833
1 0.133008 0.0708333 0.00839844 0.0201389
1 0.321484 0.628819 0.00742187 0.0138889
1 0.332422 0.64375 0.0078125 0.00972222
1 0.371094 0.403819 0.0140625 0.0277778
0 0.0236084 0.0263997 0.0286621 0.0409505
1 0.0236084 0.0263997 0.0286621 0.0409505
1 0.13418 0.0741319 0.00878906 0.0159722
0 0.0200195 0.0338542 0.0112305 0.0255208
1 0.17168 0.0146701 0.00898437 0.0276042
0 0.0189209 0.0256944 0.0321777 0.0472222
1 0.153711 0.791667 0.00898437 0.0222222
1 0.131641 0.826389 0.00917969 0.0166667
1 0.251367 0.723611 0.00859375 0.0152778
1 0.138672 0.113715 0.00820312 0.0208333
1 0.253906 0.713889 0.0113281 0.025
1 0.196484 0.805556 0.0101562 0.0222222
1 0.153613 0.7875 0.00917969 0.0222222
0 0.034082 0.965278 0.0675781 0.0694444
1 0.0189209 0.0256944 0.0321777 0.0472222
0 0.233594 0.134896 0.0117188 0.0322917
1 0.198047 0.809028 0.009375 0.0152778
1 0.485156 0.218403 0.0125 0.0340278
1 0.607813 0.245139 0.0125 0.0222222
1 0.321875 0.636111 0.00859375 0.0180556
0 0.0291016 0.0182726 0.0318359 0.0363715
1 0.130664 0.842361 0.00976562 0.0291667
1 0.751562 0.0246528 0.009375 0.0215278
1 0.48125 0.551389 0.0078125 0.0138889
0 0.140332 0.111111 0.00898437 0.0166667
1 0.750781 0.0184896 0.0078125 0.0190104
3 0.492188 0.2125 0.059375 0.0833333
1 0.233398 0.134896 0.0113281 0.0309028
1 0.448828 0.616319 0.0125 0.0173611
0 0.0225586 0.0184245 0.0348633 0.036849
1 0.0219482 0.0178168 0.0349121 0.0356337
1 0.0185059 0.0243056 0.0239258 0.0326389
1 0.225781 0.754167 0.0136719 0.0263889
1 0.0200439 0.0342882 0.0116699 0.0251736
1 0.450781 0.615625 0.0125 0.01875
0 0.0185059 0.0243056 0.0239258 0.0326389
1 0.25625 0.730556 0.0109375 0.0166667
1 0.332031 0.643403 0.0078125 0.00972222
0 0.0235107 0.0266059 0.0290527 0.0407118
1 0.0235107 0.0266059 0.0290527 0.0407118
1 0.371094 0.404167 0.0140625 0.0277778
1 0.321484 0.628819 0.00742187 0.0138889
1 0.438281 0.614236 0.0078125 0.0145833
0 0.0342285 0.965278 0.0674805 0.0694444
1 0.139941 0.110937 0.00976562 0.0170139
0 0.0200439 0.0342882 0.0116699 0.0251736
1 0.133105 0.0703993 0.00898437 0.0217014
1 0.130859 0.827083 0.00976562 0.0166667
1 0.198047 0.808333 0.0101562 0.0166667
1 0.153711 0.791667 0.00996094 0.025
1 0.196484 0.806944 0.0105469 0.025
1 0.133984 0.0730903 0.009375 0.0180556
1 0.130664 0.842361 0.0105469 0.0333333
1 0.153711 0.7875 0.009375 0.025
0 0.233398 0.134896 0.0113281 0.0309028
1 0.17207 0.0152344 0.0101562 0.0289931
1 0.253906 0.716667 0.0125 0.0277778
0 0.0285278 0.018099 0.0329834 0.0361111
1 0.321875 0.636111 0.00859375 0.0180556
1 0.13877 0.113542 0.00917969 0.021875
1 0.485547 0.218403 0.0109375 0.0340278
1 0.607813 0.244965 0.0125 0.021875
3 0.491797 0.212326 0.0585938 0.0833333
1 0.233398 0.134722 0.0113281 0.0305556
1 0.448438 0.616319 0.0109375 0.0166667
1 0.0218994 0.0190972 0.0347168 0.037934
0 0.0221924 0.0189887 0.0354004 0.0379774
1 0.0177246 0.023622 0.0231445 0.0345269
1 0.225781 0.754167 0.0140625 0.0277778
1 0.0199951 0.0335069 0.0121582 0.0266493
1 0.450781 0.615278 0.0125 0.0180556
0 0.0177246 0.023622 0.0231445 0.0345269
1 0.256445 0.730556 0.0105469 0.0166667
1 0.0230469 0.0261719 0.0297852 0.0415799
1 0.371094 0.404167 0.0140625 0.0277778
1 0.331641 0.64375 0.00742187 0.00972222
0 0.0230469 0.0261719 0.0297852 0.0415799
1 0.437891 0.613542 0.00625 0.0138889
1 0.321484 0.628472 0.00703125 0.0138889
0 0.0340332 0.965278 0.0670898 0.0694444
1 0.133105 0.0700521 0.00917969 0.0222222
1 0.139941 0.110764 0.00976562 0.0173611
1 0.153613 0.791667 0.00996094 0.0222222
1 0.133887 0.0730035 0.00976562 0.0185764
1 0.131055 0.827778 0.009375 0.0166667
1 0.153516 0.7875 0.009375 0.0222222
1 0.197852 0.808333 0.00976562 0.0166667
1 0.130859 0.843056 0.0101562 0.0333333
0 0.0199951 0.0335069 0.0121582 0.0266493
1 0.196484 0.806944 0.0101562 0.025
1 0.17207 0.0153646 0.0105469 0.0294271
1 0.253906 0.716667 0.0125 0.0291667
1 0.486328 0.219618 0.009375 0.034375
1 0.138867 0.113368 0.009375 0.0222222
1 0.321875 0.636111 0.00859375 0.0180556
1 0.607813 0.244792 0.0125 0.0215278
1 0.0167725 0.0177951 0.0335449 0.0355903
3 0.491797 0.2125 0.0585938 0.0833333
1 0.233398 0.134549 0.0113281 0.0305556
1 0.0212402 0.0206163 0.028125 0.0368924
1 0.448047 0.616667 0.0101562 0.0166667
1 0.0170166 0.0252604 0.019873 0.0320312
0 0.0224121 0.0190864 0.034668 0.0378689
1 0.225781 0.753472 0.0140625 0.0263889
1 0.0199707 0.0329861 0.0121094 0.0274306
0 0.0170166 0.0252604 0.019873 0.0320312
1 0.450781 0.615278 0.0109375 0.0180556
1 0.021582 0.0165365 0.0350586 0.0330729
1 0.256641 0.730556 0.0101562 0.0166667
1 0.4375 0.613542 0.00625 0.0131944
1 0.133105 0.0697917 0.00917969 0.0229167
1 0.332031 0.64375 0.00703125 0.00972222
1 0.0230469 0.0264757 0.0286133 0.0412326
0 0.0230469 0.0264757 0.0286133 0.0412326
1 0.321484 0.628472 0.00742187 0.0138889
1 0.371094 0.404167 0.0140625 0.0291667
1 0.139941 0.110764 0.00976562 0.0173611
1 0.133789 0.0723958 0.00976562 0.0201389
0 0.0339355 0.965278 0.0670898 0.0694444
1 0.153516 0.791667 0.0101562 0.0222222
1 0.153418 0.7875 0.00917969 0.0222222
0 0.0199707 0.0329861 0.0121094 0.0274306
1 0.198047 0.808333 0.009375 0.0180556
1 0.196484 0.806944 0.0101562 0.025
1 0.130859 0.827778 0.00976562 0.0166667
1 0.130762 0.843056 0.0101562 0.0333333
1 0.171973 0.0151801 0.0103516 0.0290148
1 0.138867 0.113368 0.009375 0.0225694
1 0.486719 0.21875 0.009375 0.0347222
0 0.0293091 0.0184028 0.0316162 0.0362847
1 0.321875 0.636111 0.00859375 0.0180556
1 0.0164062 0.0174045 0.0328125 0.0347222
1 0.254102 0.716667 0.0121094 0.0277778
1 0.607813 0.244965 0.0125 0.0211806
3 0.491797 0.2125 0.0585938 0.0833333
1 0.233398 0.134635 0.0113281 0.0303819
1 0.0192871 0.0233073 0.0192383 0.0331597
1 0.447656 0.616667 0.009375 0.0159722
1 0.0192383 0.0184028 0.0307617 0.0347222
0 0.0226074 0.0190972 0.0341797 0.0373264
1 0.225781 0.754167 0.0136719 0.0263889
1 0.0198242 0.0319444 0.0124023 0.0291667
0 0.0192871 0.0233073 0.0192383 0.0331597
1 0.0243652 0.0211806 0.0323242 0.0414931
1 0.256641 0.73125 0.0101562 0.0152778
1 0.451562 0.615278 0.0109375 0.0180556
1 0.4375 0.613542 0.00625 0.0131944
1 0.0230957 0.0262587 0.0282227 0.0420139
1 0.133203 0.0696181 0.009375 0.0232639
1 0.332031 0.643403 0.00703125 0.00972222
0 0.0230957 0.0262587 0.0282227 0.0420139
1 0.321484 0.628472 0.0078125 0.0138889
1 0.0181396 0.0256944 0.029541 0.0435764
1 0.139844 0.110764 0.00976562 0.0173611
1 0.371094 0.404167 0.0140625 0.0291667
1 0.153711 0.791667 0.0101562 0.0222222
0 0.0181396 0.0256944 0.029541 0.0435764
0 0.0339844 0.965972 0.0671875 0.0680556
1 0.153516 0.7875 0.00898437 0.0222222
1 0.198047 0.808333 0.00898437 0.0194444
0 0.0198242 0.0319444 0.0124023 0.0291667
1 0.196484 0.806944 0.0101562 0.025
1 0.131055 0.827778 0.009375 0.0166667
1 0.130762 0.844444 0.00996094 0.0319444
1 0.607813 0.244792 0.0125 0.0215278
1 0.485938 0.217708 0.009375 0.0354167
1 0.171973 0.0151042 0.0103516 0.0286458
1 0.13877 0.113281 0.00957031 0.0227431
0 0.03125 0.018099 0.0276367 0.0354167
1 0.253906 0.715972 0.0117188 0.0263889
1 0.251563 0.725694 0.009375 0.0166667
1 0.321875 0.636111 0.00859375 0.0180556
1 0.03125 0.018099 0.0276367 0.0354167
3 0.491797 0.2125 0.0585938 0.0833333
1 0.233203 0.134462 0.0109375 0.0303819
1 0.0190186 0.0242079 0.0174316 0.0317925
1 0.447656 0.616667 0.009375 0.0152778
1 0.0187744 0.0182726 0.029834 0.0342882
0 0.022583 0.0190538 0.0339355 0.0372396
1 0.225781 0.754167 0.0140625 0.0263889
1 0.0197266 0.0319444 0.0125 0.0293403
1 0.256641 0.730556 0.0101562 0.0166667
0 0.0190186 0.0242079 0.0174316 0.0317925
1 0.0243896 0.0212565 0.0321777 0.0415148
1 0.4375 0.613194 0.00625 0.0138889
1 0.451562 0.615278 0.0109375 0.0180556
1 0.133203 0.0695312 0.009375 0.0232639
1 0.022998 0.0263889 0.027832 0.0418403
1 0.331836 0.643056 0.00742187 0.00972222
1 0.321484 0.628472 0.0078125 0.0138889
0 0.022998 0.0263889 0.027832 0.0418403
1 0.0175781 0.0259115 0.0283203 0.0430556
1 0.139844 0.110764 0.00976562 0.0173611
1 0.371094 0.404167 0.0140625 0.0277778
1 0.153809 0.791667 0.0101562 0.0222222
0 0.0175781 0.0259115 0.0283203 0.0430556
1 0.153516 0.7875 0.009375 0.0222222
1 0.198047 0.808333 0.009375 0.0194444
1 0.131055 0.827778 0.009375 0.0166667
1 0.19668 0.806944 0.0101562 0.025
0 0.0197266 0.0319444 0.0125 0.0293403
1 0.607813 0.244965 0.0125 0.0211806
1 0.130859 0.844444 0.0101562 0.0319444
0 0.034668 0.965278 0.0680664 0.0694444
1 0.429297 0.445139 0.00625 0.0208333
1 0.251953 0.725694 0.0101562 0.0166667
1 0.138867 0.113281 0.009375 0.0225694
1 0.254102 0.715278 0.0113281 0.025
0 0.0311523 0.0178711 0.0280273 0.0350911
1 0.321875 0.636111 0.00859375 0.0180556
1 0.0311523 0.0178711 0.0280273 0.0350911
3 0.491797 0.2125 0.0585938 0.0833333
1 0.233203 0.134549 0.0109375 0.0302083
1 0.0193604 0.0229926 0.020459 0.033355
1 0.447656 0.616667 0.009375 0.0152778
1 0.0195801 0.0182726 0.031543 0.0348958
0 0.0223145 0.0195312 0.034668 0.0384549
1 0.0197266 0.0322917 0.0124023 0.0284722
1 0.225781 0.754167 0.0140625 0.0263889
1 0.256641 0.730556 0.0101562 0.0166667
0 0.0193604 0.0229926 0.020459 0.033355
1 0.4375 0.613194 0.00625 0.0131944
1 0.0240723 0.021224 0.0329102 0.0417535
1 0.451172 0.615278 0.0109375 0.0180556
1 0.133203 0.0696181 0.009375 0.0232639
1 0.331836 0.643056 0.00742187 0.00972222
0 0.0228516 0.0259983 0.0290039 0.0423611
1 0.321484 0.628819 0.0078125 0.0138889
1 0.0179443 0.0256185 0.0290527 0.0433811
1 0.139844 0.110764 0.00957031 0.0173611
0 0.0179443 0.0256185 0.0290527 0.0433811
1 0.153906 0.791667 0.0103516 0.0222222
1 0.371094 0.404514 0.0140625 0.0277778
1 0.153711 0.7875 0.009375 0.0222222
1 0.198047 0.806944 0.009375 0.0194444
1 0.429297 0.445139 0.00625 0.0201389
1 0.131152 0.827083 0.00957031 0.0152778
1 0.196875 0.806944 0.0101562 0.025
1 0.607813 0.244965 0.0125 0.0208333
0 0.0197266 0.0322917 0.0124023 0.0284722
1 0.253906 0.713889 0.0109375 0.025
1 0.130859 0.844444 0.00996094 0.0319444
1 0.251953 0.725 0.0101562 0.0166667
1 0.138867 0.113194 0.009375 0.0225694
0 0.0288086 0.0183268 0.0329102 0.036263
0 0.0346558 0.965278 0.0679932 0.0694444
3 0.492188 0.212326 0.059375 0.0836806
1 0.233203 0.134375 0.0109375 0.0302083
1 0.019165 0.0235677 0.0188965 0.0323785
1 0.447656 0.617014 0.009375 0.0152778
0 0.0223633 0.0195747 0.0347656 0.0384549
1 0.0195801 0.018099 0.0317383 0.0344618
1 0.0196777 0.0322049 0.0124023 0.0286458
1 0.4375 0.613194 0.00625 0.0125
1 0.256445 0.730556 0.0101562 0.0166667
1 0.225781 0.754167 0.0140625 0.0263889
0 0.019165 0.0235677 0.0188965 0.0323785
1 0.0241211 0.021224 0.0331055 0.0418403
1 0.451172 0.615278 0.0109375 0.0173611
1 0.133301 0.0696181 0.00957031 0.0232639
0 0.022876 0.0258681 0.029248 0.0425347
1 0.139844 0.110764 0.00957031 0.0173611
1 0.321484 0.628819 0.0078125 0.0138889
1 0.0177734 0.025651 0.0287109 0.0431424
1 0.331641 0.642708 0.0078125 0.00972222
0 0.0177734 0.025651 0.0287109 0.0431424
1 0.371094 0.404861 0.0132813 0.0277778
1 0.153906 0.791667 0.0105469 0.0222222
1 0.153711 0.7875 0.009375 0.0222222
1 0.198047 0.806944 0.009375 0.0194444
1 0.429297 0.445139 0.00625 0.0208333
1 0.253906 0.713889 0.0109375 0.0236111
1 0.131152 0.827778 0.00957031 0.0166667
1 0.196875 0.80625 0.0101562 0.0236111
1 0.607813 0.245139 0.0125 0.0208333
1 0.251953 0.725 0.0101562 0.0166667
0 0.0196777 0.0322049 0.0124023 0.0286458
1 0.138867 0.113194 0.009375 0.0225694
1 0.130859 0.844444 0.00996094 0.0319444
0 0.028418 0.0184028 0.0338867 0.0363715
1 0.171875 0.0147678 0.0101562 0.0281033
0 0.0346191 0.965278 0.0680664 0.0694444
1 0.452344 0.606944 0.00859375 0.0166667
3 0.492188 0.212326 0.059375 0.0836806
1 0.233203 0.134201 0.0113281 0.0302083
1 0.0188965 0.0253364 0.015918 0.0295356
1 0.447656 0.617014 0.009375 0.0152778
1 0.0189941 0.0177517 0.0304688 0.0332465
0 0.0223633 0.018826 0.0345703 0.0370009
1 0.0196289 0.0321615 0.0125977 0.0283854
1 0.437109 0.612847 0.00703125 0.0131944
1 0.25625 0.730556 0.0101562 0.0166667
1 0.225781 0.754167 0.0140625 0.0263889
0 0.0174316 0.0268229 0.019043 0.0296875
1 0.451562 0.615278 0.0109375 0.0173611
1 0.0243408 0.0210938 0.0328613 0.0418403
1 0.133301 0.0697049 0.00957031 0.0234375
1 0.0227051 0.0266927 0.0275391 0.041059
1 0.139844 0.110764 0.00957031 0.0173611
1 0.321484 0.628819 0.0078125 0.0138889
0 0.0227051 0.0266927 0.0275391 0.041059
1 0.0171387 0.0262153 0.0272461 0.0419271
1 0.331445 0.642708 0.0078125 0.00972222
1 0.371094 0.404861 0.0132813 0.0270833
0 0.0171387 0.0262153 0.0272461 0.0419271
1 0.153906 0.791667 0.0105469 0.0222222
1 0.197852 0.806944 0.009375 0.0194444
1 0.153711 0.7875 0.00976562 0.0222222
1 0.196875 0.806944 0.0101562 0.025
1 0.253906 0.713889 0.0117188 0.0236111
1 0.429688 0.445139 0.00625 0.0201389
1 0.13125 0.827778 0.009375 0.0166667
0 0.0196289 0.0321615 0.0125977 0.0283854
1 0.252344 0.726389 0.0105469 0.0166667
1 0.607813 0.244965 0.0125 0.0204861
1 0.138867 0.113194 0.009375 0.0225694
1 0.130859 0.844444 0.00976562 0.0305556
0 0.0282715 0.0178711 0.0341797 0.0352648
1 0.171875 0.0148872 0.0105469 0.0283854
1 0.452344 0.606944 0.0078125 0.0159722
1 0.446094 0.608333 0.0078125 0.0194444
3 0.491797 0.212326 0.0585938 0.0836806
1 0.233203 0.134288 0.0113281 0.0300347
1 0.0189453 0.0262153 0.0152344 0.0282118
1 0.447656 0.617014 0.009375 0.0152778
1 0.0183594 0.0176649 0.0291016 0.0326389
0 0.0224365 0.0177843 0.0341309 0.0350911
1 0.0195312 0.0320747 0.012793 0.0283854
1 0.437109 0.612847 0.00703125 0.0131944
1 0.25625 0.730556 0.0109375 0.0166667
1 0.225977 0.754167 0.0140625 0.0263889
0 0.017334 0.0277778 0.0181641 0.0279514
1 0.451172 0.615278 0.0109375 0.0180556
1 0.133301 0.0697049 0.00957031 0.0234375
1 0.0244873 0.0210503 0.032666 0.0414063
1 0.0212891 0.0146484 0.0347656 0.0292969
1 0.0225586 0.0274414 0.0260742 0.0395616
1 0.371094 0.404861 0.0132813 0.0263889
1 0.321484 0.629167 0.0078125 0.0138889
1 0.139844 0.110764 0.00976562 0.0170139
1 0.331445 0.642361 0.0078125 0.00972222
1 0.0165283 0.0266385 0.0259277 0.0408203
0 0.0225586 0.0274414 0.0260742 0.0395616
0 0.0165283 0.0266385 0.0259277 0.0408203
1 0.153906 0.791667 0.0105469 0.0222222
1 0.253711 0.713889 0.0117188 0.025
1 0.197852 0.806944 0.009375 0.0194444
0 0.0195312 0.0320747 0.012793 0.0283854
1 0.153809 0.7875 0.00976562 0.0222222
1 0.607813 0.245139 0.0125 0.0201389
1 0.252734 0.726389 0.0109375 0.0180556
1 0.429688 0.445139 0.00625 0.0201389
1 0.196875 0.806944 0.0101562 0.025
1 0.131152 0.827778 0.00957031 0.0166667
1 0.138867 0.113194 0.00957031 0.0225694
1 0.130859 0.844444 0.00976562 0.0305556
1 0.171875 0.015115 0.0109375 0.0286241
0 0.0283203 0.017372 0.0341797 0.0343533
1 0.321875 0.636111 0.00859375 0.0180556
1 0.452344 0.607639 0.00859375 0.0173611
1 0.486719 0.215972 0.009375 0.0329861
3 0.491797 0.212326 0.0585938 0.0836806
1 0.233203 0.134201 0.0113281 0.0302083
1 0.019043 0.0267361 0.0150391 0.0277778
1 0.447656 0.616667 0.009375 0.0152778
1 0.0178711 0.0174479 0.0280273 0.0319444
1 0.0194824 0.0319444 0.0128906 0.0284722
1 0.437109 0.612847 0.00703125 0.0131944
1 0.225977 0.754167 0.0140625 0.0263889
1 0.25625 0.730556 0.0109375 0.0166667
0 0.0225342 0.0168837 0.0331543 0.0331597
1 0.451172 0.615278 0.0109375 0.0180556
0 0.0173828 0.0283854 0.0175781 0.0269097
1 0.133301 0.0697917 0.00957031 0.0236111
1 0.371094 0.405208 0.0132813 0.0263889
1 0.0248047 0.0209093 0.0323242 0.0404731
1 0.0210938 0.0141059 0.034375 0.0282118
1 0.0224854 0.0283854 0.0245605 0.0374132
1 0.321484 0.629167 0.0078125 0.0138889
1 0.139844 0.110764 0.00976562 0.0171875
1 0.0161133 0.0269531 0.025 0.0401042
1 0.33125 0.642361 0.0078125 0.0104167
0 0.0161133 0.0269531 0.025 0.0401042
0 0.0224854 0.0283854 0.0245605 0.0374132
1 0.153906 0.791667 0.0109375 0.0222222
1 0.253711 0.713889 0.0121094 0.025
0 0.0194824 0.0319444 0.0128906 0.0284722
1 0.607813 0.245139 0.0125 0.0201389
1 0.25293 0.726389 0.0113281 0.0180556
1 0.153711 0.7875 0.0101562 0.0222222
1 0.197656 0.807639 0.009375 0.0180556
1 0.429297 0.445139 0.00625 0.0194444
1 0.138867 0.113281 0.00976562 0.0227431
1 0.131055 0.827778 0.00976562 0.0166667
1 0.196875 0.806944 0.0105469 0.025
1 0.171875 0.0152669 0.0109375 0.0288411
1 0.130859 0.843056 0.00976562 0.0291667
1 0.32207 0.635764 0.00898437 0.0180556
1 0.486719 0.215625 0.009375 0.0319444
0 0.0286133 0.0167643 0.0336914 0.0333116
1 0.452344 0.607986 0.009375 0.0180556
3 0.491797 0.2125 0.0585938 0.0833333
1 0.233203 0.134288 0.0117188 0.0300347
1 0.0190918 0.0272135 0.0150391 0.0280382
1 0.448047 0.616667 0.0101562 0.0159722
1 0.0194336 0.031901 0.0129883 0.028559
1 0.0174805 0.0171984 0.0270508 0.0314019
1 0.0228027 0.016059 0.0316406 0.0311632
1 0.225977 0.754167 0.0140625 0.0263889
1 0.437109 0.612847 0.00703125 0.0138889
1 0.256055 0.730556 0.0113281 0.0166667
0 0.0228027 0.016059 0.0316406 0.0311632
1 0.450781 0.615278 0.0109375 0.0180556
0 0.0174805 0.0171984 0.0270508 0.0314019
0 0.0173828 0.0286892 0.0171875 0.0265625
1 0.133301 0.0697917 0.00976562 0.0239583
1 0.371094 0.405208 0.0132813 0.0263889
0 0.0251465 0.0209201 0.0317383 0.0394097
1 0.0251465 0.0209201 0.0317383 0.0394097
1 0.0225586 0.0291667 0.0235352 0.0355903
1 0.321484 0.629167 0.0078125 0.0145833
1 0.0158936 0.0273438 0.0242676 0.0393229
1 0.139844 0.110851 0.00976562 0.0173611
0 0.0158936 0.0273438 0.0242676 0.0393229
1 0.330859 0.641667 0.00859375 0.0111111
1 0.253711 0.713889 0.0125 0.025
0 0.0225586 0.0291667 0.0235352 0.0355903
0 0.0194336 0.031901 0.0129883 0.028559
1 0.253125 0.726389 0.0117188 0.0194444
1 0.153906 0.790972 0.0109375 0.0236111
1 0.607813 0.245139 0.0125 0.0201389
1 0.138867 0.113194 0.00976562 0.0229167
1 0.153711 0.7875 0.0101562 0.0222222
1 0.171875 0.0153646 0.0109375 0.0289931
1 0.429297 0.444792 0.00625 0.0201389
1 0.197656 0.807639 0.0101562 0.0180556
1 0.130957 0.827778 0.0101562 0.0166667
1 0.130762 0.843056 0.00976562 0.0277778
1 0.32207 0.635764 0.00898437 0.0180556
1 0.486719 0.215278 0.009375 0.0326389
1 0.196875 0.806944 0.0105469 0.025
3 0.491797 0.2125 0.0585938 0.0833333
1 0.233203 0.134288 0.0117188 0.0303819
1 0.0191406 0.0275174 0.0147461 0.0279514
1 0.448047 0.616667 0.0101562 0.0159722
1 0.0194092 0.031901 0.0129395 0.028559
1 0.0172607 0.0169379 0.0265137 0.0307075
1 0.225977 0.754167 0.0144531 0.0263889
1 0.0229492 0.0159614 0.0311523 0.0307509
1 0.255859 0.73125 0.0109375 0.0166667
1 0.436719 0.613194 0.0078125 0.0138889
1 0.450781 0.615278 0.0109375 0.0180556
0 0.0220459 0.0128472 0.0351074 0.0256944
1 0.371094 0.405208 0.0132813 0.0263889
0 0.0172607 0.0169379 0.0265137 0.0307075
1 0.133301 0.0697917 0.00976562 0.0239583
0 0.0173584 0.0290365 0.0168457 0.0262153
1 0.0253418 0.0209635 0.031543 0.0388889
0 0.0253418 0.0209635 0.031543 0.0388889
1 0.0226318 0.0295139 0.0230957 0.0347222
1 0.321484 0.629167 0.0078125 0.0145833
1 0.139844 0.110937 0.00996094 0.0177083
1 0.0157227 0.0276476 0.0238281 0.0387153
0 0.0157227 0.0276476 0.0238281 0.0387153
1 0.330859 0.642014 0.00859375 0.0111111
1 0.253711 0.713889 0.0125 0.025
1 0.253125 0.727778 0.0117188 0.0194444
0 0.0194092 0.031901 0.0129395 0.028559
0 0.0226318 0.0295139 0.0230957 0.0347222
1 0.153906 0.790972 0.0109375 0.0236111
1 0.138867 0.113194 0.00996094 0.0229167
1 0.171875 0.0154622 0.0109375 0.029145
1 0.607813 0.245139 0.0125 0.0201389
1 0.130957 0.827778 0.0101562 0.0166667
1 0.130664 0.843056 0.00976562 0.0277778
1 0.429297 0.444792 0.00625 0.0201389
1 0.32207 0.636111 0.00898437 0.0180556
1 0.197852 0.807639 0.00976562 0.0180556
1 0.486719 0.215278 0.009375 0.0326389
1 0.196875 0.806944 0.0105469 0.025
3 0.491797 0.2125 0.0585938 0.0833333
1 0.233203 0.134201 0.0117188 0.0302083
1 0.0191406 0.0277778 0.0148437 0.0288194
1 0.448047 0.616667 0.0101562 0.0166667
1 0.0193359 0.0318576 0.0129883 0.0288194
1 0.225977 0.754167 0.0144531 0.0263889
1 0.0168213 0.0169705 0.0254395 0.0304688
1 0.0238037 0.015842 0.0282715 0.0296007
1 0.255859 0.730556 0.0113281 0.0166667
1 0.436719 0.613194 0.0078125 0.0138889
1 0.450781 0.615278 0.0117188 0.0180556
1 0.371094 0.405208 0.0132813 0.0263889
1 0.133301 0.0699653 0.00976562 0.0243056
0 0.022168 0.0125434 0.0348633 0.0250868
0 0.0173828 0.0291233 0.0167969 0.0263889
0 0.0168213 0.0169705 0.0254395 0.0304688
0 0.0238037 0.015842 0.0282715 0.0296007
1 0.0205078 0.0130642 0.0333008 0.0261285
1 0.0258789 0.0210069 0.0305664 0.0378472
1 0.0228027 0.0298611 0.0224609 0.0336806
1 0.321484 0.629167 0.0078125 0.0145833
1 0.139844 0.111111 0.0101562 0.0177083
1 0.0154785 0.0279622 0.0231445 0.0381727
0 0.0258789 0.0210069 0.0305664 0.0378472
0 0.0154785 0.0279622 0.0231445 0.0381727
1 0.253125 0.727778 0.0117188 0.0194444
1 0.330469 0.641667 0.00859375 0.0111111
1 0.253711 0.713889 0.0125 0.025
1 0.138867 0.113194 0.0101562 0.0229167
0 0.0193359 0.0318576 0.0129883 0.0288194
1 0.153906 0.790972 0.0111328 0.0236111
1 0.171875 0.0155816 0.0109375 0.0293403
0 0.0228027 0.0298611 0.0224609 0.0336806
1 0.607813 0.245139 0.0125 0.0208333
1 0.130957 0.828472 0.0103516 0.0180556
1 0.32207 0.635764 0.00898437 0.01875
1 0.130664 0.842361 0.00976562 0.0291667
1 0.486719 0.214931 0.009375 0.0326389
1 0.429297 0.444444 0.00625 0.0194444
1 0.197656 0.808333 0.0101562 0.0166667
3 0.491797 0.2125 0.0585938 0.0833333
1 0.233203 0.134201 0.0117188 0.0302083
1 0.0189697 0.0278646 0.0150879 0.0293403
1 0.448438 0.616667 0.0109375 0.0166667
1 0.0191895 0.0317708 0.0131836 0.0289931
1 0.0164551 0.0170573 0.0245117 0.0303819
1 0.225977 0.754167 0.0144531 0.0277778
1 0.024707 0.0158746 0.0258789 0.0288411
1 0.255859 0.730556 0.0117188 0.0166667
1 0.436719 0.613194 0.0078125 0.0138889
1 0.371094 0.405208 0.0132813 0.0263889
1 0.450781 0.615278 0.0117188 0.01875
1 0.133301 0.0699653 0.00976562 0.0243056
0 0.0222168 0.0123915 0.034668 0.024783
0 0.0173096 0.0292535 0.016748 0.0264757
0 0.0164551 0.0170573 0.0245117 0.0303819
1 0.0201172 0.0128689 0.0324219 0.0257378
0 0.024707 0.0158746 0.0258789 0.0288411
1 0.0262695 0.0210069 0.0300781 0.0372396
1 0.321484 0.629167 0.0078125 0.0145833
1 0.0228516 0.0300347 0.0222656 0.0332465
1 0.0153809 0.0282552 0.0227539 0.0375868
1 0.139844 0.111111 0.0101562 0.0178819
0 0.0262695 0.0210069 0.0300781 0.0372396
1 0.253516 0.727778 0.0125 0.0194444
0 0.0153809 0.0282552 0.0227539 0.0375868
1 0.253906 0.713889 0.0125 0.025
1 0.138867 0.113281 0.0101562 0.0229167
1 0.330469 0.641667 0.00859375 0.0118056
0 0.0191895 0.0317708 0.0131836 0.0289931
1 0.153906 0.790972 0.0113281 0.0236111
1 0.171875 0.0156684 0.0109375 0.0294271
0 0.0228516 0.0300347 0.0222656 0.0332465
1 0.607813 0.245139 0.0125 0.0208333
1 0.32207 0.636111 0.00898437 0.0180556
1 0.130859 0.828472 0.0105469 0.0180556
1 0.130664 0.841667 0.00996094 0.0305556
1 0.487109 0.214931 0.00859375 0.0326389
1 0.429297 0.444444 0.00625 0.0194444
1 0.197656 0.808333 0.0101562 0.0180556
3 0.491797 0.2125 0.0585938 0.0833333
1 0.233203 0.134201 0.0117188 0.0302083
1 0.0188477 0.0279948 0.0152344 0.0297743
1 0.448438 0.616667 0.0109375 0.0166667
1 0.0190918 0.0318142 0.0132813 0.0290799
1 0.0162109 0.0170898 0.0239258 0.0300564
1 0.0253784 0.015842 0.0238525 0.0282118
1 0.226172 0.754167 0.0148437 0.0277778
1 0.255859 0.730556 0.0117188 0.0166667
1 0.371094 0.405208 0.0132813 0.0263889
1 0.437109 0.613542 0.0078125 0.0145833
1 0.450781 0.615278 0.0117188 0.0194444
1 0.133398 0.0699653 0.00976562 0.0246528
0 0.0209229 0.0124566 0.0319824 0.0249132
0 0.017334 0.0294271 0.0166992 0.0265625
0 0.0162109 0.0170898 0.0239258 0.0300564
1 0.019751 0.0126736 0.0315918 0.0253472
0 0.0253784 0.015842 0.0238525 0.0282118
1 0.0267578 0.0209635 0.0291992 0.0364583
1 0.321484 0.629167 0.0078125 0.0152778
1 0.0152832 0.028559 0.0224609 0.0369792
1 0.0229492 0.0302083 0.0220703 0.0328125
1 0.139844 0.111198 0.0101562 0.0180556
1 0.253516 0.727778 0.0125 0.0194444
1 0.253906 0.713889 0.0125 0.025
0 0.0152832 0.028559 0.0224609 0.0369792
1 0.138867 0.113194 0.0101562 0.0229167
0 0.0267578 0.0209635 0.0291992 0.0364583
1 0.330273 0.641319 0.00859375 0.0118056
0 0.0190918 0.0318142 0.0132813 0.0290799
1 0.153906 0.790972 0.0113281 0.0236111
1 0.171875 0.015625 0.0109375 0.0293403
1 0.322266 0.635764 0.009375 0.01875
0 0.0229492 0.0302083 0.0220703 0.0328125
1 0.607813 0.245139 0.0125 0.0208333
1 0.130664 0.841667 0.0101562 0.0305556
1 0.130957 0.829167 0.0105469 0.0194444
1 0.487109 0.214931 0.00859375 0.0326389
1 0.429297 0.444444 0.00625 0.0194444
0 0.0342285 0.965278 0.0674805 0.0694444
3 0.491797 0.2125 0.0585938 0.0833333
1 0.233203 0.134115 0.0117188 0.0300347
1 0.0187988 0.0281684 0.015332 0.0297743
1 0.448438 0.616667 0.0109375 0.0166667
1 0.019043 0.0318576 0.0133789 0.0290799
1 0.0160645 0.0171441 0.0235352 0.0298611
1 0.0256958 0.0159722 0.0232178 0.0280382
1 0.226172 0.754167 0.0148437 0.0277778
1 0.255664 0.730556 0.0117188 0.0180556
1 0.371094 0.404861 0.0132813 0.0263889
1 0.450781 0.615278 0.0117188 0.0194444
1 0.437109 0.613542 0.0078125 0.0145833
1 0.133301 0.0700521 0.00976562 0.0246528
0 0.017334 0.0295139 0.0166016 0.0265625
0 0.0206543 0.0122179 0.0313477 0.0244358
0 0.0160645 0.0171441 0.0235352 0.0298611
1 0.0193848 0.0124783 0.0307617 0.0249566
1 0.0270386 0.0209961 0.0287354 0.0361328
0 0.0256958 0.0159722 0.0232178 0.0280382
1 0.321484 0.629167 0.0078125 0.0152778
1 0.0152832 0.0288194 0.0222656 0.0365451
1 0.0229736 0.0302951 0.0220215 0.0326389
1 0.139844 0.111198 0.0101562 0.0182292
1 0.253516 0.727778 0.0125 0.0194444
0 0.0152832 0.0288194 0.0222656 0.0365451
1 0.253906 0.713889 0.0125 0.025
1 0.138867 0.113281 0.0101562 0.0230903
0 0.0270386 0.0209961 0.0287354 0.0361328
1 0.330469 0.641667 0.00859375 0.0118056
0 0.019043 0.0318576 0.0133789 0.0290799
1 0.153906 0.790972 0.0113281 0.0236111
1 0.171875 0.0155816 0.0105469 0.0292535
1 0.32207 0.636111 0.00898437 0.0180556
0 0.0229736 0.0302951 0.0220215 0.0326389
1 0.130664 0.841667 0.0101562 0.0305556
1 0.607813 0.245139 0.0125 0.0208333
1 0.130859 0.829167 0.0105469 0.0194444
1 0.487109 0.214757 0.00859375 0.0322917
0 0.0342773 0.965278 0.0674805 0.0694444
3 0.492188 0.2125 0.059375 0.0833333
1 0.233203 0.134028 0.0117188 0.0298611
1 0.0187988 0.0282118 0.0152344 0.0298611
1 0.0190186 0.0319444 0.0134277 0.0291667
1 0.448438 0.616667 0.0109375 0.0166667
1 0.0160156 0.0170898 0.0233398 0.0297092
1 0.0261841 0.0162218 0.0218506 0.0277995
1 0.226172 0.754167 0.0148437 0.0277778
1 0.255469 0.730556 0.0117188 0.0180556
1 0.371094 0.405208 0.0125 0.0256944
1 0.450781 0.615278 0.0117188 0.0194444
1 0.437109 0.613889 0.0078125 0.0152778
0 0.0173096 0.0295139 0.0165527 0.0265625
0 0.0203857 0.0120226 0.0307129 0.0240451
1 0.133301 0.0700521 0.00976562 0.0248264
0 0.0160156 0.0170898 0.0233398 0.0297092
1 0.019043 0.0123047 0.0300781 0.0246094
1 0.0272949 0.0209201 0.0283203 0.0359375
1 0.321484 0.629167 0.0078125 0.0152778
1 0.0152344 0.0289497 0.0222656 0.0362847
0 0.0261841 0.0162218 0.0218506 0.0277995
1 0.0230469 0.0302951 0.021875 0.0326389
0 0.0152344 0.0289497 0.0222656 0.0362847
1 0.139746 0.111285 0.0103516 0.0182292
1 0.253516 0.727778 0.0125 0.0208333
1 0.253711 0.713889 0.0128906 0.025
0 0.0272949 0.0209201 0.0283203 0.0359375
1 0.138867 0.113368 0.0103516 0.0229167
0 0.0190186 0.0319444 0.0134277 0.0291667
1 0.330469 0.641667 0.00859375 0.0118056
1 0.153906 0.791667 0.0113281 0.025
1 0.171875 0.0155382 0.0105469 0.0291667
1 0.32207 0.636111 0.00898437 0.0180556
0 0.0230469 0.0302951 0.021875 0.0326389
1 0.487109 0.21441 0.00859375 0.0319444
1 0.130664 0.841667 0.0105469 0.0305556
1 0.607813 0.245139 0.0125 0.0208333
0 0.0342773 0.965278 0.0675781 0.0694444
1 0.130859 0.829167 0.0109375 0.0194444
3 0.491797 0.2125 0.0585938 0.0833333
1 0.233203 0.134028 0.0117188 0.0298611
1 0.0187988 0.0282118 0.0152344 0.0298611
1 0.0190186 0.031901 0.0134277 0.0291667
1 0.448438 0.616667 0.0109375 0.0166667
1 0.01604 0.0170247 0.0233887 0.0296658
1 0.0261841 0.0162218 0.0218506 0.0277995
1 0.226172 0.754167 0.0148437 0.0277778
1 0.255469 0.730556 0.0117188 0.0180556
1 0.371094 0.405208 0.0125 0.0256944
1 0.450781 0.615278 0.0117188 0.0194444
1 0.437109 0.613889 0.0078125 0.0152778
0 0.0173096 0.0295139 0.0165527 0.0265625
0 0.0203857 0.0120226 0.0307129 0.0240451
1 0.133301 0.0700521 0.00976562 0.0248264
0 0.01604 0.0170247 0.0233887 0.0296658
1 0.019043 0.0123047 0.0300781 0.0246094
1 0.0273315 0.0209201 0.0283447 0.0359375
1 0.321484 0.629167 0.0078125 0.0152778
1 0.0152344 0.0289063 0.0222656 0.0363715
0 0.0261841 0.0162218 0.0218506 0.0277995
1 0.0230469 0.0302951 0.021875 0.0326389
0 0.0152344 0.0289063 0.0222656 0.0363715
1 0.139746 0.111285 0.0103516 0.0184028
1 0.253516 0.727778 0.0125 0.0208333
1 0.253711 0.713889 0.0128906 0.025
0 0.0273315 0.0209201 0.0283447 0.0359375
0 0.0190186 0.031901 0.0134277 0.0291667
1 0.138867 0.113368 0.0103516 0.0229167
1 0.330469 0.641667 0.00859375 0.0118056
1 0.153906 0.790972 0.0113281 0.0236111
1 0.171777 0.0155382 0.0107422 0.0291667
1 0.32207 0.635764 0.00898437 0.01875
0 0.0230469 0.0302951 0.021875 0.0326389
1 0.487109 0.214583 0.00859375 0.0319444
1 0.130664 0.841667 0.0105469 0.0305556
1 0.607813 0.244965 0.0125 0.0211806
0 0.0342773 0.965278 0.0675781 0.0694444
1 0.130859 0.829167 0.0109375 0.0194444
