3 0.490234 0.292535 0.0617188 0.0892361
0 0.0142578 0.0663194 0.0283203 0.0779514
1 0.196875 0.239583 0.0117188 0.0263889
1 0.212109 0.877778 0.0140625 0.0263889
1 0.200391 0.241319 0.0144531 0.025
0 0.212695 0.877778 0.0144531 0.025
0 0.196875 0.239583 0.0117188 0.0263889
0 0.12373 0.0146267 0.0332031 0.0292535
1 0.0143799 0.0668403 0.0280762 0.0756944
1 0.482422 0.583333 0.00703125 0.0180556
0 0.117578 0.0519097 0.0296875 0.0326389
1 0.446094 0.726389 0.0109375 0.0222222
0 0.150977 0.0232639 0.0222656 0.0336806
0 0.138379 0.0160482 0.0296875 0.0272786
0 0.14375 0.0230035 0.0386719 0.0367187
0 0.111719 0.050434 0.0304688 0.0314236
0 0.308203 0.224306 0.046875 0.0777778
0 0.151172 0.0283095 0.0261719 0.041645
0 0.319141 0.224306 0.0421875 0.0774306
0 0.319141 0.208854 0.0414063 0.0760417
0 0.610937 0.327431 0.0140625 0.0270833
0 0.134766 0.0376302 0.0554687 0.0518229
0 0.326953 0.207813 0.0425781 0.0760417
0 0.308203 0.210764 0.0445312 0.075
0 0.293359 0.226389 0.0546875 0.0798611
0 0.282031 0.225694 0.0625 0.0868056
0 0.352734 0.188889 0.0429688 0.06875
0 0.352344 0.16441 0.046875 0.0850694
1 0.194531 0.241667 0.0171875 0.0333333
3 0.212109 0.877778 0.0148437 0.0277778
0 0.327539 0.192188 0.0410156 0.0784722
0 0.339844 0.190104 0.0445312 0.0746528
0 0.120898 0.0115885 0.0242187 0.0231771
0 0.292578 0.211806 0.0484375 0.0743056
0 0.327734 0.228125 0.0421875 0.0708333
0 0.280859 0.210243 0.059375 0.0791667
0 0.364062 0.16441 0.0414063 0.0805556
0 0.117383 0.0601562 0.0259766 0.0404514
3 0.701563 0.4875 0.584375 0.975
0 0.319531 0.194965 0.0382813 0.0736111
0 0.363672 0.188194 0.0421875 0.06875
0 0.340625 0.210764 0.0421875 0.0680556
0 0.123242 0.0333767 0.0492188 0.0478299
0 0.482422 0.583333 0.00703125 0.0180556
0 0.116113 0.0185764 0.0375 0.0346354
0 0.110156 0.0614366 0.0355469 0.0437934
3 0.490625 0.292014 0.0609375 0.0881944
0 0.0146484 0.0670356 0.027832 0.0770399
1 0.19707 0.240625 0.0136719 0.0291667
1 0.445312 0.727083 0.0125 0.0236111
3 0.212109 0.877778 0.0148437 0.0277778
1 0.195312 0.240972 0.0179687 0.0347222
1 0.444531 0.723611 0.0148437 0.0291667
1 0.147656 0.0175781 0.01875 0.0280382
1 0.131836 0.0138997 0.0164062 0.0263672
1 0.0145996 0.0664062 0.027832 0.0767361
0 0.0134766 0.0707465 0.0269531 0.075
1 0.149414 0.0213542 0.0191406 0.0323785
1 0.212109 0.877083 0.0144531 0.0277778
1 0.199023 0.237326 0.0191406 0.0364583
1 0.24082 0.8375 0.0183594 0.0472222
0 0.123242 0.0139757 0.0296875 0.0279514
1 0.138086 0.915278 0.0140625 0.0361111
1 0.141406 0.0226997 0.0253906 0.0376736
1 0.75625 0.0920139 0.009375 0.0255208
1 0.839063 0.132031 0.015625 0.0282986
1 0.839063 0.134028 0.0125 0.0246528
1 0.928906 0.242361 0.0140625 0.0194444
1 0.439844 0.722222 0.025 0.0333333
1 0.150391 0.028342 0.0230469 0.0431424
0 0.131836 0.0138997 0.0164062 0.0263672
1 0.447656 0.726389 0.0203125 0.0305556
3 0.490625 0.292014 0.0601562 0.0881944
0 0.0139648 0.0668186 0.0277344 0.0781684
1 0.196875 0.241146 0.0132813 0.0260417
1 0.212109 0.876389 0.0148437 0.0277778
1 0.242578 0.840278 0.01875 0.0444444
1 0.445312 0.727778 0.0125 0.0194444
1 0.757031 0.0922743 0.009375 0.0236111
1 0.150195 0.018674 0.01875 0.0296658
1 0.446875 0.722222 0.0125 0.0194444
1 0.0141357 0.0662326 0.0273926 0.0765625
1 0.239648 0.842361 0.0203125 0.0430556
1 0.610937 0.328125 0.0140625 0.0243056
1 0.194531 0.242361 0.0179687 0.0305556
1 0.444531 0.717361 0.0109375 0.0166667
1 0.151367 0.0226454 0.021875 0.0340495
1 0.15625 0.090625 0.009375 0.0315972
1 0.363672 0.497917 0.0140625 0.0305556
1 0.244922 0.829167 0.0171875 0.0472222
1 0.163672 0.0881944 0.0203125 0.0465278
1 0.385156 0.815278 0.009375 0.0208333
1 0.1875 0.170486 0.0140625 0.0215278
1 0.196484 0.236979 0.0148437 0.0336806
1 0.245898 0.8125 0.0136719 0.0388889
1 0.161719 0.0959201 0.0195312 0.0446181
1 0.135547 0.916667 0.0125 0.0333333
1 0.130273 0.0135417 0.0148437 0.025
0 0.150195 0.018674 0.01875 0.0296658
0 0.212109 0.876389 0.0148437 0.0277778
1 0.482031 0.584028 0.00625 0.0180556
0 0.446875 0.722222 0.0125 0.0194444
1 0.189258 0.171875 0.0132813 0.0208333
1 0.377441 0.79375 0.0107422 0.0166667
0 0.151855 0.0240017 0.0246094 0.0394097
1 0.126563 0.185764 0.0121094 0.0194444
1 0.839844 0.136458 0.0125 0.025
1 0.12002 0.138194 0.0105469 0.0232639
1 0.182764 0.931944 0.0157227 0.0305556
1 0.4125 0.747917 0.009375 0.0166667
2 0.0140137 0.0669922 0.0274414 0.0778212
1 0.758203 0.0897569 0.0117188 0.0315972
1 0.249219 0.0127604 0.00859375 0.0201389
1 0.164844 0.0954861 0.0222656 0.0482639
1 0.369922 0.777778 0.0078125 0.0138889
3 0.491016 0.292708 0.0601562 0.0881944
0 0.0144043 0.066645 0.0280273 0.077474
1 0.196875 0.240625 0.0117188 0.0256944
1 0.444922 0.729167 0.0109375 0.0194444
1 0.212109 0.877083 0.0148437 0.0291667
1 0.446875 0.724306 0.0125 0.0180556
1 0.199219 0.240972 0.015625 0.025
1 0.611328 0.328472 0.0140625 0.0236111
1 0.0144531 0.0669271 0.028125 0.0769097
1 0.444531 0.717361 0.0109375 0.0180556
1 0.187305 0.171181 0.00820312 0.0180556
1 0.364844 0.499306 0.0132813 0.0277778
1 0.756641 0.0920139 0.00859375 0.0246528
1 0.196289 0.236458 0.0125 0.0305556
0 0.119727 0.0127604 0.021875 0.0255208
1 0.239844 0.834722 0.0113281 0.0263889
0 0.196875 0.240625 0.0117188 0.0256944
1 0.482031 0.584028 0.00625 0.01875
1 0.127637 0.184722 0.00878906 0.0180556
1 0.384375 0.815972 0.009375 0.0208333
1 0.136719 0.916667 0.00859375 0.025
0 0.756641 0.0920139 0.00859375 0.0246528
1 0.379687 0.795139 0.0078125 0.0166667
0 0.444922 0.729167 0.0109375 0.0194444
1 0.134961 0.913889 0.00996094 0.025
0 0.212109 0.876389 0.0140625 0.0277778
1 0.194727 0.242708 0.0167969 0.0298611
0 0.446875 0.724306 0.0125 0.0180556
1 0.448438 0.729167 0.0171875 0.0222222
1 0.243164 0.851389 0.0152344 0.025
1 0.369922 0.777778 0.00703125 0.0111111
0 0.15 0.0211806 0.0191406 0.0288194
1 0.120312 0.139931 0.0105469 0.0201389
1 0.485156 0.305903 0.015625 0.0472222
1 0.184766 0.172917 0.0101562 0.0201389
0 0.128125 0.0124349 0.01875 0.0248698
1 0.162891 0.0746528 0.00722656 0.0222222
1 0.150977 0.012576 0.0160156 0.01773
1 0.243359 0.833333 0.0140625 0.0333333
3 0.490625 0.292361 0.0609375 0.0888889
0 0.0141602 0.0666667 0.028125 0.0770833
1 0.196484 0.240625 0.0105469 0.0260417
1 0.444922 0.727778 0.0109375 0.0194444
1 0.447266 0.725 0.0101562 0.0194444
1 0.200195 0.242361 0.0140625 0.0229167
1 0.212109 0.877083 0.0140625 0.0277778
1 0.445312 0.719444 0.00859375 0.0194444
1 0.482031 0.584028 0.00625 0.0166667
1 0.757031 0.0928819 0.0078125 0.0236111
0 0.151562 0.0230035 0.0222656 0.0338542
1 0.1875 0.171181 0.00859375 0.0190972
0 0.444922 0.727778 0.0109375 0.0194444
1 0.196094 0.236806 0.0117188 0.0305556
1 0.239844 0.830556 0.0109375 0.025
0 0.757031 0.0928819 0.0078125 0.0236111
0 0.196484 0.240625 0.0105469 0.0260417
0 0.212305 0.877778 0.0140625 0.0277778
1 0.155859 0.0881944 0.00742187 0.028125
1 0.370117 0.776389 0.00664063 0.00972222
0 0.12041 0.0133247 0.0224609 0.0263889
0 0.447266 0.725 0.0101562 0.0194444
1 0.184766 0.172917 0.0101562 0.0194444
1 0.194141 0.242708 0.015625 0.0298611
1 0.610937 0.328472 0.015625 0.025
1 0.128516 0.0128472 0.0167969 0.0238715
1 0.151953 0.0200955 0.0214844 0.0296007
0 0.128516 0.0128472 0.0167969 0.0238715
1 0.283398 0.0450955 0.00859375 0.030816
1 0.136816 0.914583 0.00898437 0.025
1 0.469531 0.663194 0.0078125 0.0152778
1 0.127148 0.185764 0.00976562 0.01875
0 0.128711 0.0101997 0.01875 0.0203993
3 0.212109 0.877778 0.0148437 0.0277778
1 0.182617 0.933333 0.0121094 0.0305556
1 0.449219 0.726389 0.015625 0.0222222
1 0.120117 0.138889 0.0109375 0.0236111
3 0.490625 0.292535 0.0609375 0.0885417
0 0.0139648 0.0671007 0.0279297 0.0769097
1 0.197266 0.240625 0.0125 0.025
1 0.212109 0.876389 0.0148437 0.0277778
1 0.444531 0.727778 0.009375 0.0194444
1 0.75625 0.0916667 0.009375 0.0246528
1 0.446484 0.724306 0.0101562 0.0166667
1 0.444922 0.719444 0.00859375 0.0222222
1 0.151562 0.0203125 0.021875 0.0315104
0 0.151562 0.0234375 0.0222656 0.0333333
1 0.242578 0.849306 0.0132813 0.0263889
0 0.444531 0.727778 0.009375 0.0194444
1 0.239258 0.836111 0.0121094 0.0361111
0 0.119727 0.0132813 0.021875 0.0265625
0 0.197266 0.240625 0.0125 0.025
1 0.136523 0.914583 0.00976562 0.0277778
1 0.132812 0.0132921 0.0126953 0.0244575
1 0.195312 0.242535 0.0179687 0.0298611
1 0.242773 0.834722 0.0160156 0.0416667
0 0.118457 0.0108507 0.0179687 0.0217014
1 0.197461 0.237153 0.0144531 0.0326389
1 0.182031 0.934722 0.0125 0.0305556
1 0.384375 0.816667 0.0078125 0.0166667
1 0.127539 0.185243 0.00859375 0.0184028
1 0.133887 0.00926649 0.0121094 0.018533
0 0.0429199 0.176563 0.0342773 0.0434028
1 0.283789 0.0443576 0.00859375 0.0286458
1 0.118457 0.0108507 0.0179687 0.0217014
1 0.119727 0.0132813 0.021875 0.0265625
1 0.379687 0.795833 0.0078125 0.0138889
1 0.156738 0.0883681 0.00605469 0.0236111
0 0.212305 0.877083 0.0136719 0.0277778
0 0.145703 0.0230903 0.0287109 0.0368056
1 0.0140869 0.066862 0.0278809 0.0770399
2 0.490625 0.292188 0.0609375 0.0885417
1 0.610547 0.328819 0.0132813 0.025
3 0.490625 0.292361 0.0609375 0.0881944
0 0.0140137 0.0670139 0.0280273 0.0770833
1 0.197266 0.240972 0.0117188 0.0256944
1 0.212109 0.877778 0.0140625 0.0277778
1 0.444922 0.728472 0.0101562 0.0194444
1 0.199414 0.241667 0.0152344 0.025
1 0.482031 0.583681 0.00625 0.01875
1 0.757031 0.0922743 0.009375 0.0243056
1 0.446875 0.725 0.0109375 0.0194444
0 0.212109 0.877083 0.0140625 0.0277778
0 0.119922 0.0128038 0.0226563 0.0256076
1 0.445312 0.720833 0.009375 0.0222222
0 0.15127 0.0235243 0.0216797 0.0325521
1 0.13623 0.916667 0.00917969 0.0263889
0 0.0422363 0.176215 0.0350586 0.04375
0 0.444922 0.728472 0.0101562 0.0194444
1 0.195312 0.242361 0.0179687 0.0298611
1 0.36543 0.497917 0.0128906 0.0326389
1 0.181836 0.934722 0.0121094 0.0305556
1 0.243164 0.848611 0.0144531 0.0263889
1 0.197461 0.2375 0.0148437 0.0326389
1 0.610156 0.329167 0.0117188 0.0229167
1 0.127344 0.185764 0.00957031 0.01875
1 0.12041 0.139583 0.00976562 0.0236111
0 0.0355469 0.174826 0.0484375 0.0548611
1 0.186914 0.171007 0.0113281 0.0201389
1 0.241016 0.836111 0.0140625 0.0333333
0 0.197266 0.240972 0.0117188 0.0256944
1 0.151172 0.0206597 0.0214844 0.0298611
1 0.243359 0.833333 0.015625 0.0361111
1 0.156445 0.0889757 0.00664063 0.0223958
3 0.490625 0.293056 0.0601562 0.0881944
0 0.0140137 0.0669271 0.0279297 0.0776042
1 0.19707 0.240972 0.0117188 0.0263889
1 0.445312 0.728472 0.0109375 0.0194444
1 0.212109 0.877778 0.0140625 0.0277778
1 0.199414 0.241319 0.0152344 0.0263889
1 0.446484 0.723611 0.0101562 0.0166667
0 0.119043 0.0128038 0.0208984 0.0256076
1 0.482031 0.584028 0.00625 0.0180556
1 0.445312 0.719444 0.00859375 0.0194444
0 0.150781 0.0224826 0.0203125 0.0309896
1 0.757031 0.0923611 0.009375 0.0236111
1 0.120508 0.139583 0.009375 0.0215278
1 0.136523 0.915972 0.009375 0.025
1 0.485547 0.309375 0.0140625 0.0340278
0 0.212109 0.877778 0.0132813 0.0277778
1 0.365234 0.497917 0.0125 0.0305556
1 0.194727 0.242014 0.0167969 0.0302083
1 0.197266 0.2375 0.0140625 0.0326389
1 0.469531 0.662153 0.009375 0.0173611
1 0.150977 0.0205729 0.0201172 0.0296875
1 0.238477 0.83125 0.0101562 0.0222222
1 0.156641 0.0894097 0.00625 0.0197917
1 0.610547 0.328385 0.0125 0.0223958
1 0.127539 0.185417 0.00898437 0.0180556
0 0.19707 0.240972 0.0117188 0.0263889
1 0.605469 0.382639 0.0078125 0.0180556
1 0.242969 0.85 0.0128906 0.0236111
1 0.187305 0.170486 0.00976562 0.0173611
3 0.490625 0.293056 0.0609375 0.0881944
0 0.0141602 0.0669271 0.0277344 0.0776042
1 0.19707 0.240972 0.0117188 0.0263889
1 0.445312 0.727778 0.0109375 0.0194444
1 0.212109 0.877778 0.0140625 0.0277778
1 0.199414 0.241319 0.0152344 0.0263889
1 0.446484 0.725 0.0109375 0.0180556
0 0.119922 0.0132595 0.0234375 0.0265191
0 0.150684 0.022819 0.0203125 0.0309245
1 0.444922 0.720139 0.009375 0.0208333
1 0.120508 0.13967 0.00957031 0.0227431
1 0.610937 0.328125 0.0140625 0.0236111
1 0.482422 0.583333 0.00625 0.0166667
1 0.612891 0.330469 0.0140625 0.0223958
1 0.194727 0.242014 0.0171875 0.0302083
1 0.135937 0.916667 0.0117188 0.0263889
1 0.485156 0.309201 0.0125 0.0364583
1 0.127441 0.18559 0.00898437 0.01875
1 0.187109 0.170486 0.009375 0.0173611
1 0.243359 0.85 0.0144531 0.025
1 0.157031 0.0904514 0.00664063 0.0210069
0 0.144531 0.0226997 0.0300781 0.0365451
0 0.124609 0.0136936 0.0296875 0.0273872
0 0.19707 0.240972 0.0117188 0.0263889
3 0.490625 0.292882 0.0609375 0.0885417
0 0.014209 0.0670139 0.0277344 0.0777778
1 0.197266 0.240972 0.0117188 0.0263889
1 0.445312 0.727778 0.0109375 0.0194444
1 0.211914 0.877778 0.0144531 0.0277778
1 0.446484 0.725694 0.0101562 0.0180556
0 0.150684 0.0231771 0.0205078 0.0314236
1 0.482031 0.583333 0.00625 0.0159722
0 0.12041 0.0133898 0.0246094 0.0267795
1 0.444531 0.71875 0.009375 0.0180556
1 0.187109 0.170312 0.009375 0.0173611
1 0.136328 0.916667 0.0105469 0.025
1 0.610937 0.327778 0.0140625 0.0236111
1 0.120508 0.13941 0.00976562 0.0232639
1 0.613281 0.329774 0.0140625 0.0223958
1 0.194727 0.242014 0.0167969 0.0298611
0 0.145215 0.0231337 0.0310547 0.0374132
1 0.157031 0.090625 0.00664063 0.0215278
1 0.994531 0.446181 0.00625 0.0152778
1 0.197266 0.2375 0.0140625 0.0326389
1 0.243359 0.85 0.0136719 0.025
1 0.485938 0.309722 0.0117188 0.0368056
0 0.122266 0.0204861 0.0308594 0.0375
1 0.127344 0.185764 0.00898437 0.01875
1 0.151172 0.0215712 0.0216797 0.0302951
1 0.163086 0.121701 0.00820312 0.0145833
3 0.490625 0.293056 0.0609375 0.0881944
0 0.0142578 0.0671007 0.0277344 0.0779514
1 0.197266 0.240799 0.0125 0.0263889
1 0.444922 0.728472 0.0101562 0.0194444
1 0.211719 0.877778 0.0140625 0.0277778
0 0.150586 0.0233073 0.0203125 0.0313368
1 0.446875 0.725 0.009375 0.0166667
1 0.482031 0.583333 0.00625 0.0159722
1 0.444531 0.718056 0.0078125 0.0166667
0 0.120703 0.013303 0.0248047 0.0266059
1 0.187109 0.170139 0.009375 0.0173611
1 0.136133 0.916667 0.0101562 0.025
1 0.610937 0.327778 0.0140625 0.0236111
1 0.120508 0.139583 0.00976562 0.0236111
1 0.194922 0.242014 0.0171875 0.0298611
1 0.156836 0.0907118 0.00625 0.0211806
1 0.612891 0.330208 0.0132813 0.0215278
0 0.144727 0.0231771 0.0310547 0.0373264
1 0.134766 0.915278 0.0105469 0.0236111
1 0.485938 0.307986 0.0117188 0.0361111
1 0.243359 0.85 0.0132813 0.0222222
1 0.163184 0.121701 0.00800781 0.0140625
1 0.151074 0.0216905 0.0212891 0.03023
0 0.122559 0.0206163 0.0314453 0.0375868
1 0.994531 0.446528 0.00625 0.0145833
1 0.127539 0.185764 0.00898437 0.01875
3 0.490625 0.292882 0.0609375 0.0885417
0 0.0142578 0.0670139 0.027832 0.0779514
1 0.197266 0.240972 0.0125 0.0263889
1 0.444922 0.728472 0.0101562 0.0194444
1 0.211719 0.877083 0.0140625 0.0277778
0 0.150586 0.0234267 0.0207031 0.0312717
1 0.446484 0.725 0.009375 0.0166667
1 0.482031 0.583333 0.00625 0.0166667
1 0.444531 0.718056 0.0078125 0.0166667
1 0.136328 0.916667 0.00957031 0.0236111
0 0.120996 0.0133898 0.0255859 0.0267795
1 0.611328 0.327865 0.0140625 0.0234375
1 0.134766 0.914583 0.00996094 0.0222222
1 0.1875 0.170486 0.009375 0.0173611
1 0.6125 0.330208 0.0140625 0.0222222
1 0.156738 0.090625 0.00644531 0.0215278
0 0.144629 0.0233073 0.0318359 0.0380208
1 0.194922 0.242014 0.0171875 0.0298611
1 0.120508 0.13941 0.00976562 0.0236111
1 0.243359 0.85 0.0125 0.0222222
1 0.485938 0.307292 0.0117188 0.0368056
0 0.119727 0.0112847 0.0214844 0.0225694
1 0.162988 0.121441 0.00800781 0.0142361
0 0.122559 0.0206597 0.0320312 0.037934
0 0.212109 0.877778 0.0132813 0.0277778
1 0.150977 0.0217014 0.0214844 0.0307292
3 0.490625 0.292708 0.0609375 0.0888889
0 0.0142578 0.0670356 0.027832 0.0780816
1 0.197266 0.240972 0.0125 0.0263889
1 0.444922 0.728472 0.009375 0.0180556
1 0.212109 0.877083 0.0140625 0.0277778
1 0.446875 0.725 0.009375 0.0166667
0 0.150586 0.0233941 0.0207031 0.0313368
1 0.482031 0.583333 0.00625 0.0166667
1 0.444922 0.718056 0.0078125 0.0166667
1 0.136328 0.916667 0.009375 0.0236111
1 0.611328 0.327865 0.0140625 0.0234375
0 0.121191 0.0133247 0.0255859 0.0266493
1 0.134863 0.914583 0.00976562 0.0222222
1 0.156641 0.090625 0.00625 0.0211806
0 0.144922 0.0234809 0.0316406 0.0381944
1 0.1875 0.170486 0.0101562 0.0173611
1 0.120508 0.139323 0.00957031 0.0234375
1 0.243359 0.85 0.0125 0.0222222
1 0.194922 0.242014 0.0171875 0.0298611
1 0.162891 0.121354 0.0078125 0.0138889
1 0.238477 0.832639 0.0105469 0.0222222
1 0.485938 0.306771 0.0125 0.0371528
0 0.122461 0.0208442 0.0324219 0.0381727
1 0.151074 0.021875 0.0212891 0.03125
0 0.151074 0.0276042 0.0244141 0.0386285
3 0.490625 0.292708 0.0609375 0.0888889
0 0.0142578 0.0671007 0.0277344 0.0782986
1 0.197266 0.240972 0.0125 0.0263889
1 0.444922 0.728472 0.009375 0.0180556
1 0.212109 0.877083 0.0140625 0.0277778
1 0.446875 0.725 0.00859375 0.0152778
1 0.482031 0.583333 0.00625 0.0166667
0 0.150781 0.0233941 0.0207031 0.0314236
1 0.444922 0.718056 0.0078125 0.0166667
1 0.136328 0.916667 0.00957031 0.025
1 0.611719 0.327865 0.0140625 0.0234375
0 0.121094 0.0132378 0.0255859 0.0264757
1 0.156641 0.0904514 0.00625 0.0211806
1 0.134961 0.914583 0.00976562 0.0222222
1 0.1875 0.170486 0.0101562 0.0173611
1 0.243359 0.850694 0.0132813 0.0222222
0 0.145508 0.0234809 0.0304688 0.0381076
1 0.120508 0.139236 0.009375 0.0232639
1 0.194922 0.242014 0.0171875 0.0298611
1 0.238477 0.831944 0.0105469 0.0222222
1 0.162891 0.121441 0.0078125 0.0140625
0 0.121875 0.0206597 0.0308594 0.0378472
1 0.182031 0.933333 0.0109375 0.0277778
1 0.485938 0.306597 0.0125 0.0368056
1 0.151074 0.0219618 0.0212891 0.0315104
0 0.151172 0.0275608 0.0244141 0.0386285
3 0.490625 0.292708 0.0609375 0.0888889
0 0.0142578 0.0671007 0.0277344 0.0782986
1 0.197266 0.240972 0.0125 0.0263889
1 0.444922 0.729167 0.009375 0.0166667
1 0.212109 0.877778 0.0140625 0.0277778
1 0.446875 0.725 0.00859375 0.0152778
0 0.150781 0.0233941 0.0207031 0.0315104
1 0.482031 0.583333 0.00625 0.0166667
1 0.444531 0.717361 0.0078125 0.0152778
1 0.611719 0.327778 0.0140625 0.0229167
1 0.136426 0.916667 0.00957031 0.025
0 0.121094 0.0132161 0.0255859 0.0264323
1 0.156641 0.0902778 0.00625 0.0211806
1 0.1875 0.170486 0.00976562 0.0173611
1 0.134961 0.914583 0.00976562 0.0222222
1 0.243164 0.85 0.0128906 0.0222222
1 0.120508 0.139149 0.009375 0.0230903
0 0.145996 0.0235677 0.0302734 0.0383681
1 0.194727 0.242014 0.0171875 0.0298611
1 0.238477 0.831944 0.0105469 0.0222222
1 0.162988 0.121354 0.0078125 0.0142361
0 0.12168 0.0205729 0.0300781 0.0376736
1 0.182031 0.933333 0.0109375 0.0277778
1 0.151172 0.0221788 0.0210938 0.0318576
3 0.490625 0.292708 0.0609375 0.0888889
0 0.0142578 0.0670356 0.0277344 0.0780816
1 0.197266 0.240972 0.0125 0.0260417
1 0.444922 0.729167 0.009375 0.0166667
1 0.212109 0.877778 0.0140625 0.0277778
1 0.446875 0.725 0.00859375 0.0138889
1 0.482031 0.583333 0.00625 0.0166667
1 0.444531 0.717361 0.0078125 0.0152778
0 0.150586 0.0233615 0.0207031 0.0314019
1 0.611719 0.328125 0.0140625 0.0229167
1 0.136523 0.916667 0.009375 0.025
0 0.121094 0.0132378 0.0253906 0.0264757
1 0.156641 0.0903646 0.00664063 0.0215278
1 0.1875 0.170486 0.00976562 0.0177083
1 0.243359 0.850694 0.0132813 0.0222222
1 0.135059 0.914583 0.00976562 0.0222222
1 0.120508 0.139236 0.00957031 0.0232639
0 0.145898 0.0234375 0.0304688 0.0383681
1 0.238672 0.831944 0.0109375 0.0222222
1 0.194727 0.242014 0.0171875 0.0298611
1 0.182031 0.933333 0.0109375 0.0263889
1 0.485938 0.306944 0.0125 0.0361111
0 0.12168 0.0204861 0.0296875 0.0377604
1 0.162988 0.121181 0.0078125 0.0147569
3 0.490625 0.292708 0.0609375 0.0888889
0 0.0142578 0.0670356 0.0277344 0.0780816
1 0.197266 0.240972 0.0125 0.0260417
1 0.444922 0.729167 0.009375 0.0166667
1 0.212109 0.877778 0.0144531 0.0277778
1 0.446875 0.724306 0.00859375 0.0138889
1 0.482031 0.583333 0.00625 0.0166667
1 0.444922 0.717361 0.0078125 0.0152778
1 0.611719 0.327691 0.0140625 0.0223958
0 0.150586 0.0233073 0.0207031 0.0311632
0 0.120996 0.0131944 0.0251953 0.0263889
1 0.156836 0.0904514 0.00664063 0.0215278
1 0.136719 0.916667 0.009375 0.025
1 0.243359 0.850694 0.0132813 0.0222222
1 0.187695 0.170486 0.00976562 0.0180556
1 0.120508 0.139236 0.00976562 0.0232639
1 0.135156 0.914583 0.00976562 0.0222222
1 0.194727 0.242188 0.0171875 0.0298611
1 0.182031 0.933333 0.0109375 0.0263889
1 0.485938 0.306597 0.0125 0.0361111
1 0.238867 0.831944 0.0113281 0.0222222
0 0.145898 0.0234375 0.0308594 0.0383681
1 0.151074 0.0217122 0.0208984 0.0312283
3 0.490625 0.292708 0.0609375 0.0888889
0 0.0142578 0.0669271 0.0277344 0.0777778
1 0.197266 0.240972 0.0125 0.0263889
1 0.444922 0.729167 0.009375 0.0166667
1 0.212109 0.877778 0.0144531 0.0277778
1 0.446875 0.724306 0.009375 0.0138889
1 0.482031 0.583333 0.00625 0.0173611
1 0.444922 0.717361 0.0078125 0.0152778
1 0.611719 0.328125 0.0140625 0.0229167
0 0.120898 0.0131076 0.0248047 0.0262153
0 0.150586 0.0233073 0.0207031 0.0310764
1 0.156836 0.0907118 0.00683594 0.021875
1 0.243359 0.850694 0.0132813 0.0222222
1 0.136621 0.916667 0.00976562 0.025
1 0.187891 0.170833 0.0101562 0.01875
1 0.120508 0.13941 0.00976562 0.0232639
1 0.194922 0.242014 0.0171875 0.0298611
1 0.485938 0.306076 0.0117188 0.0357639
1 0.151172 0.021658 0.0207031 0.0310764
1 0.135156 0.915278 0.0101562 0.0222222
1 0.239063 0.83125 0.0117188 0.0222222
1 0.182227 0.933333 0.0109375 0.0263889
3 0.490625 0.292708 0.0609375 0.0888889
0 0.0142822 0.0668403 0.0276855 0.0777778
1 0.197266 0.240972 0.0125 0.0263889
1 0.444922 0.729167 0.009375 0.0166667
1 0.212109 0.877778 0.0148437 0.0277778
1 0.446875 0.724306 0.009375 0.0138889
1 0.482031 0.583333 0.00625 0.0180556
1 0.444922 0.717361 0.0078125 0.0152778
1 0.611719 0.328125 0.0140625 0.0229167
0 0.120801 0.0130859 0.0246094 0.0261719
1 0.156836 0.0907986 0.00703125 0.021875
0 0.150586 0.0232639 0.0207031 0.0311632
1 0.243359 0.850694 0.0136719 0.0222222
1 0.136621 0.916667 0.00996094 0.025
1 0.187891 0.170833 0.0101562 0.01875
1 0.120508 0.13941 0.00976562 0.0232639
1 0.485938 0.305903 0.0109375 0.0361111
1 0.194922 0.242014 0.0171875 0.0298611
1 0.151172 0.0216037 0.0207031 0.0309245
1 0.365039 0.498264 0.0125 0.0298611
3 0.490625 0.292708 0.0609375 0.0888889
0 0.0143066 0.066862 0.0276367 0.0777344
1 0.197461 0.241146 0.0128906 0.0263889
1 0.444922 0.729167 0.009375 0.0166667
1 0.212109 0.877778 0.0148437 0.0277778
1 0.446484 0.723611 0.00859375 0.0138889
1 0.482031 0.583333 0.00625 0.0180556
1 0.444922 0.718056 0.0078125 0.0138889
1 0.611328 0.328125 0.0132813 0.0229167
0 0.120703 0.0131185 0.0242187 0.0261936
1 0.612891 0.329861 0.0132813 0.0222222
1 0.156836 0.0907986 0.00703125 0.021875
0 0.150684 0.0232747 0.0207031 0.0312283
1 0.243359 0.850694 0.0132813 0.0222222
1 0.486328 0.305903 0.0109375 0.0361111
1 0.187891 0.17066 0.0105469 0.0190972
1 0.136621 0.916667 0.00996094 0.025
1 0.120508 0.13941 0.00976562 0.0232639
1 0.194922 0.242014 0.0171875 0.0298611
1 0.365039 0.497917 0.0125 0.0291667
1 0.151172 0.0217122 0.0207031 0.0310547
1 0.125781 0.0129774 0.0230469 0.0249132
3 0.490625 0.292708 0.0609375 0.0888889
0 0.0143066 0.066862 0.0276367 0.0777344
1 0.197461 0.241146 0.0128906 0.0263889
1 0.444922 0.729167 0.009375 0.0166667
1 0.212109 0.877778 0.0148437 0.0277778
1 0.446484 0.723611 0.00859375 0.0138889
1 0.444922 0.718056 0.0078125 0.0138889
1 0.482031 0.583333 0.00625 0.0180556
1 0.611328 0.328125 0.0132813 0.0229167
1 0.243359 0.850694 0.0132813 0.0222222
0 0.120703 0.0131076 0.0242187 0.0262153
1 0.612891 0.329861 0.0132813 0.0229167
0 0.150684 0.0232639 0.0207031 0.0313368
1 0.156836 0.0909722 0.00703125 0.021875
1 0.486719 0.305903 0.0109375 0.0361111
1 0.187891 0.17066 0.0109375 0.0194444
1 0.120508 0.13941 0.0101562 0.0236111
1 0.136719 0.916667 0.0101562 0.0263889
1 0.365039 0.497917 0.0125 0.0291667
1 0.194922 0.242014 0.0171875 0.0298611
1 0.151172 0.021658 0.0207031 0.0310764
1 0.127148 0.0131076 0.0205078 0.0246528
3 0.490625 0.292708 0.0609375 0.0888889
0 0.0143066 0.066862 0.0276367 0.0777344
1 0.197266 0.241146 0.0125 0.0263889
1 0.444922 0.729167 0.009375 0.0166667
1 0.212109 0.877778 0.0148437 0.0291667
1 0.446094 0.723611 0.009375 0.0138889
1 0.444922 0.718056 0.0078125 0.0152778
1 0.611328 0.327865 0.0132813 0.0234375
1 0.482422 0.583333 0.00703125 0.01875
1 0.243555 0.850694 0.0136719 0.0222222
1 0.156836 0.0911458 0.00722656 0.021875
0 0.120703 0.013151 0.0242187 0.0263021
0 0.150684 0.0231662 0.0207031 0.0314453
1 0.612891 0.329861 0.0132813 0.0229167
1 0.486719 0.305556 0.0109375 0.0361111
1 0.365039 0.497917 0.0125 0.0291667
1 0.187891 0.170833 0.0105469 0.0194444
1 0.194922 0.242014 0.0171875 0.0298611
1 0.120508 0.139497 0.0101562 0.0237847
1 0.136816 0.916667 0.0101562 0.025
1 0.151172 0.0215712 0.0205078 0.0309896
1 0.128418 0.0132378 0.0181641 0.0243924
3 0.490625 0.292708 0.0609375 0.0888889
0 0.0143066 0.0669271 0.0276367 0.0776042
1 0.197461 0.241146 0.0128906 0.0263889
1 0.444922 0.729167 0.009375 0.0166667
1 0.212109 0.877778 0.0148437 0.0291667
1 0.446094 0.724306 0.009375 0.0138889
1 0.444922 0.718056 0.0078125 0.0152778
1 0.611328 0.327778 0.0132813 0.0236111
1 0.243555 0.850694 0.0136719 0.0222222
1 0.156934 0.0913194 0.00742187 0.0222222
0 0.120703 0.0132378 0.0242187 0.0263889
1 0.482422 0.583333 0.00703125 0.0194444
0 0.150684 0.0231662 0.0207031 0.0314453
1 0.612891 0.329948 0.0132813 0.0234375
1 0.486719 0.305208 0.0109375 0.0354167
1 0.365039 0.498264 0.0125 0.0291667
1 0.187891 0.17066 0.0109375 0.0197917
1 0.194922 0.242014 0.0171875 0.0298611
1 0.136914 0.916667 0.0105469 0.0277778
1 0.120508 0.139583 0.0101562 0.0239583
1 0.129688 0.0132921 0.015625 0.0241102
1 0.151172 0.021441 0.0203125 0.0305556
3 0.490625 0.292708 0.0609375 0.0888889
0 0.0143555 0.0669271 0.0275391 0.0776042
1 0.197266 0.240972 0.0125 0.0263889
1 0.444922 0.729861 0.009375 0.0166667
1 0.446094 0.725 0.009375 0.0138889
1 0.212109 0.877778 0.0148437 0.0291667
1 0.445312 0.718056 0.0078125 0.0152778
1 0.611328 0.327778 0.0132813 0.0236111
1 0.243359 0.850694 0.0140625 0.0222222
0 0.120703 0.0132921 0.0244141 0.0263672
1 0.156934 0.0914931 0.00742187 0.0222222
1 0.612891 0.329514 0.0132813 0.0236111
0 0.150586 0.0231337 0.0205078 0.0313368
1 0.365039 0.497917 0.0121094 0.0291667
1 0.482422 0.583333 0.00703125 0.0194444
1 0.486719 0.304861 0.0109375 0.0347222
1 0.194922 0.242014 0.0171875 0.0298611
1 0.187891 0.170486 0.0109375 0.0197917
1 0.136914 0.916667 0.0105469 0.0277778
1 0.12998 0.0133681 0.0154297 0.0241319
3 0.490625 0.292708 0.0609375 0.0888889
0 0.0143555 0.0669271 0.0275391 0.0776042
1 0.197461 0.240972 0.0128906 0.0263889
1 0.444922 0.729861 0.009375 0.0166667
1 0.446094 0.725 0.009375 0.0138889
1 0.212109 0.877778 0.0148437 0.0291667
1 0.445312 0.718056 0.0078125 0.0152778
1 0.611328 0.327778 0.0132813 0.0236111
1 0.243359 0.850694 0.0140625 0.0222222
0 0.120703 0.0132378 0.0244141 0.0263021
1 0.156934 0.0914931 0.00761719 0.0225694
1 0.365039 0.497917 0.0121094 0.0291667
1 0.486719 0.30434 0.0101562 0.034375
1 0.612891 0.329514 0.0132813 0.0236111
0 0.150586 0.0231337 0.0207031 0.0313368
1 0.194922 0.242014 0.0171875 0.0298611
1 0.482422 0.583333 0.00703125 0.0194444
1 0.187891 0.170486 0.0109375 0.0201389
1 0.130664 0.0134115 0.0144531 0.0239583
3 0.490625 0.292708 0.0609375 0.0888889
0 0.0143555 0.0669271 0.0275391 0.0776042
1 0.197461 0.240972 0.0128906 0.0263889
1 0.444922 0.729861 0.009375 0.0166667
1 0.446094 0.725 0.009375 0.0138889
1 0.212109 0.877778 0.0148437 0.0291667
1 0.445312 0.718056 0.0078125 0.0152778
1 0.611328 0.327778 0.0132813 0.0236111
1 0.243359 0.850694 0.0140625 0.0222222
0 0.120703 0.0132921 0.0244141 0.0263672
1 0.156934 0.0914931 0.00761719 0.0225694
1 0.365039 0.498264 0.0121094 0.0284722
1 0.486719 0.304514 0.0101562 0.0347222
1 0.612891 0.329514 0.0132813 0.0236111
0 0.150586 0.0231771 0.0207031 0.0314236
1 0.194922 0.242014 0.0171875 0.0298611
1 0.482422 0.583333 0.00703125 0.0194444
1 0.187891 0.170486 0.0109375 0.0201389
1 0.130664 0.0133572 0.0144531 0.02398
