3 0.438542 0.688889 0.120833 0.205556
1 0.523958 0.487037 0.00833333 0.012963
1 0.523958 0.484722 0.00833333 0.0185185
3 0.438542 0.688426 0.120833 0.205556
1 0.523958 0.487037 0.00833333 0.0138889
0 0.75625 0.908796 0.1125 0.182407
1 0.523958 0.482407 0.00833333 0.0203704
1 0.522917 0.486111 0.0104167 0.0185185
2 0.75625 0.908796 0.1125 0.182407
3 0.75625 0.909259 0.1125 0.181481
1 0.523698 0.488889 0.00989583 0.0185185
3 0.413021 0.958333 0.173958 0.0759259
3 0.438542 0.688889 0.119792 0.20463
1 0.523958 0.4875 0.00729167 0.0138889
0 0.75625 0.908796 0.1125 0.182407
1 0.523698 0.488889 0.00885417 0.0166667
3 0.438542 0.688889 0.120833 0.203704
1 0.523958 0.4875 0.00833333 0.0138889
0 0.755729 0.909259 0.110417 0.181481
3 0.438542 0.688889 0.120833 0.205556
1 0.523958 0.4875 0.00833333 0.0138889
0 0.755729 0.909722 0.110417 0.180556
3 0.438542 0.688889 0.120833 0.205556
1 0.523958 0.487963 0.00729167 0.012963
0 0.755729 0.909722 0.110417 0.180556
1 0.523958 0.488889 0.00833333 0.0166667
1 0.522917 0.487037 0.009375 0.0148148
3 0.438281 0.689815 0.120312 0.205556
1 0.523958 0.487963 0.00729167 0.012963
0 0.755208 0.909722 0.110417 0.180556
1 0.523958 0.488889 0.00833333 0.0166667
1 0.522917 0.487037 0.009375 0.0148148
3 0.438542 0.689815 0.119792 0.205556
1 0.523958 0.487963 0.00729167 0.012963
0 0.755208 0.909722 0.110417 0.180556
1 0.523958 0.488889 0.00833333 0.0166667
3 0.438281 0.688889 0.120312 0.20463
1 0.523958 0.487963 0.00833333 0.012963
0 0.755729 0.910185 0.110417 0.17963
3 0.438281 0.688889 0.120312 0.205556
1 0.523958 0.487963 0.00729167 0.012963
0 0.755729 0.910185 0.110417 0.17963
1 0.523958 0.489352 0.00833333 0.0166667
3 0.438281 0.688889 0.120312 0.205556
0 0.755729 0.909722 0.111458 0.180556
1 0.523958 0.487963 0.00833333 0.012963
3 0.438281 0.688889 0.120312 0.205556
0 0.755729 0.909722 0.111458 0.180556
1 0.523958 0.487963 0.00833333 0.012963
<<<<<<< HEAD
3 0.438281 0.688889 0.120312 0.205556
0 0.755729 0.909722 0.111458 0.180556
1 0.523958 0.487963 0.00833333 0.012963
3 0.438281 0.688889 0.120312 0.205556
0 0.755729 0.909722 0.111458 0.180556
1 0.523958 0.4875 0.00833333 0.0138889
3 0.438281 0.688889 0.120312 0.205556
0 0.755729 0.909259 0.111458 0.181481
1 0.523958 0.4875 0.00833333 0.0138889
3 0.438281 0.688889 0.120312 0.205556
0 0.755729 0.909259 0.111458 0.181481
1 0.523958 0.4875 0.00833333 0.0138889
3 0.438281 0.688889 0.120312 0.205556
0 0.755729 0.909259 0.110417 0.181481
1 0.523958 0.4875 0.00833333 0.0138889
3 0.438542 0.688889 0.120833 0.205556
0 0.75625 0.909259 0.1125 0.181481
1 0.523958 0.4875 0.00833333 0.0138889
3 0.438542 0.688889 0.120833 0.205556
0 0.75625 0.909259 0.110417 0.181481
1 0.523958 0.4875 0.00833333 0.0138889
3 0.438542 0.688889 0.120833 0.205556
0 0.75625 0.909259 0.110417 0.181481
1 0.523958 0.4875 0.00833333 0.0138889
3 0.438542 0.688889 0.120833 0.205556
0 0.75625 0.909259 0.110417 0.181481
0 0.6125 0.121875 0.0333333 0.100463
3 0.438542 0.688889 0.120833 0.205556
0 0.75625 0.908796 0.110417 0.182407
0 0.6125 0.122193 0.0333333 0.100521
3 0.438542 0.688889 0.120833 0.205556
0 0.75625 0.909259 0.110417 0.181481
0 0.6125 0.122106 0.0322917 0.100463
3 0.438542 0.688889 0.120833 0.205556
0 0.75625 0.908796 0.110417 0.182407
3 0.438542 0.688889 0.120833 0.205556
0 0.75625 0.908796 0.110417 0.182407
3 0.438542 0.688889 0.120833 0.205556
0 0.75625 0.908796 0.110417 0.182407
=======
>>>>>>> eec1531f690f822f052659bede932c48623278fb
