3 0.622917 0.464815 0.0666667 0.10463
1 0.413021 0.164583 0.009375 0.0375
1 0.413021 0.159954 0.00729167 0.0280093
0 0.413021 0.164583 0.009375 0.0375
0 0.114714 0.649074 0.229427 0.188889
3 0.622917 0.464699 0.0666667 0.103935
1 0.413021 0.164468 0.009375 0.0377315
1 0.413021 0.160185 0.00833333 0.0282407
0 0.413021 0.164583 0.009375 0.0375
1 0.413542 0.167477 0.00729167 0.0324074
1 0.416406 0.165046 0.009375 0.0375
3 0.622917 0.464699 0.0666667 0.103935
1 0.413021 0.164352 0.009375 0.037037
1 0.41276 0.16088 0.0078125 0.0300926
0 0.413021 0.164352 0.009375 0.037037
1 0.413542 0.16875 0.00833333 0.0300926
0 0.197656 0.693519 0.0630208 0.0888889
0 0.75 0.713426 0.0895833 0.137963
1 0.416406 0.164815 0.00989583 0.0372685
3 0.622917 0.464815 0.0666667 0.103704
1 0.41276 0.164352 0.00885417 0.037037
0 0.75 0.714352 0.0895833 0.135185
0 0.413021 0.164352 0.009375 0.0372685
0 0.197135 0.693519 0.0635417 0.0888889
1 0.416667 0.164815 0.009375 0.0375
3 0.622917 0.464699 0.0666667 0.103935
1 0.41276 0.164352 0.00885417 0.0375
0 0.749479 0.714815 0.0885417 0.134259
0 0.413021 0.164352 0.009375 0.0375
0 0.197266 0.693519 0.0632813 0.0888889
1 0.208333 0.725 0.009375 0.0185185
3 0.622917 0.464815 0.0666667 0.103704
1 0.41276 0.164352 0.00885417 0.037037
0 0.75 0.714815 0.0895833 0.133333
0 0.41276 0.164352 0.00885417 0.0372685
0 0.197266 0.693981 0.0632813 0.087963
1 0.414583 0.164468 0.0104167 0.0377315
3 0.622917 0.464699 0.0666667 0.103935
1 0.41276 0.164352 0.00885417 0.0372685
0 0.41276 0.164352 0.00885417 0.0372685
0 0.75 0.714815 0.0895833 0.133333
1 0.414583 0.164468 0.0104167 0.037963
0 0.197396 0.693519 0.0630208 0.087037
1 0.208073 0.725463 0.00911458 0.0185185
1 0.410417 0.164236 0.0114583 0.037963
3 0.622917 0.464815 0.0666667 0.103704
1 0.41276 0.164352 0.00885417 0.0372685
0 0.75 0.714352 0.0895833 0.133333
0 0.41276 0.164352 0.00885417 0.037037
1 0.414583 0.164352 0.0104167 0.037963
1 0.208073 0.725 0.00911458 0.0185185
1 0.410417 0.164352 0.0114583 0.037963
0 0.197396 0.693519 0.0630208 0.087037
3 0.622917 0.464815 0.0666667 0.103704
1 0.41276 0.164352 0.00885417 0.037037
0 0.41276 0.164352 0.00885417 0.037037
0 0.75 0.714352 0.0895833 0.133333
1 0.208073 0.725 0.00911458 0.0185185
3 0.622917 0.464815 0.0666667 0.103704
1 0.41276 0.164352 0.00885417 0.037037
0 0.413021 0.164236 0.00833333 0.037037
1 0.208073 0.725 0.00911458 0.0175926
0 0.75 0.714815 0.0895833 0.133333
3 0.622917 0.464815 0.0666667 0.103704
1 0.41276 0.164352 0.00885417 0.037037
0 0.413021 0.164236 0.00833333 0.037037
1 0.208073 0.725 0.009375 0.0175926
0 0.75 0.713889 0.0895833 0.133333
3 0.622917 0.464815 0.0666667 0.103704
1 0.41276 0.164352 0.00885417 0.037037
0 0.413021 0.164236 0.00833333 0.037037
1 0.208073 0.725 0.009375 0.0166667
0 0.75 0.713889 0.0895833 0.133333
