0 0.182031 0.688889 0.0708333 0.1
0 0.0617839 0.374306 0.055599 0.0837963
0 0.702083 0.427778 0.0354167 0.108333
0 0.138281 0.30463 0.0554687 0.0805556
0 0.101302 0.0925926 0.0598958 0.062963
0 0.115755 0.122222 0.0523437 0.062963
0 0.122656 0.165278 0.0393229 0.0569444
1 0.0307943 0.129514 0.0132813 0.030787
1 0.292188 0.0185836 0.0114583 0.0338976
0 0.652083 0.711111 0.0145833 0.0537037
1 0.715625 0.759259 0.0125 0.0296296
0 0.222656 0.232176 0.0507812 0.0657407
1 0.652083 0.703241 0.0125 0.0361111
1 0.579167 0.00648148 0.00833333 0.0111111
1 0.651042 0.709259 0.0125 0.0305556
0 0.136198 0.162269 0.0674479 0.0643518
0 0.216927 0.241435 0.0619792 0.0851852
1 0.527083 0.00750868 0.00729167 0.0133391
1 0.433333 0.477778 0.0125 0.0388889
0 0.211719 0.251852 0.071875 0.100926
1 0.528646 0.00755208 0.00833333 0.0133102
1 0.652083 0.711111 0.0145833 0.0537037
1 0.652083 0.714815 0.0125 0.037037
0 0.211719 0.224769 0.0710938 0.0518519
1 0.433333 0.472222 0.0125 0.0259259
0 0.230208 0.228009 0.0359375 0.0564815
1 0.65 0.713889 0.0125 0.0388889
0 0.157292 0.148032 0.0273438 0.0377315
0 0.224479 0.493519 0.0203125 0.0259259
0 0.149219 0.155093 0.0432292 0.0523148
0 0.152604 0.150463 0.0364583 0.0430556
1 0.655208 0.705556 0.0145833 0.037037
1 0.71875 0.759259 0.0125 0.0305556
0 0.144824 0.149537 0.0525391 0.0421296
0 0.214583 0.268981 0.0666667 0.0898148
1 0.715625 0.756481 0.0104167 0.0259259
0 0.652083 0.719444 0.0166667 0.0564815
0 0.144661 0.160069 0.0518229 0.0590278
0 0.292188 0.0184896 0.0114583 0.0343171
0 0.652083 0.714815 0.0125 0.037037
1 0.717188 0.756481 0.0104167 0.0277778
1 0.498698 0.00290075 0.00885417 0.0058015
0 0.579687 0.00627894 0.00833333 0.0110532
1 0.7125 0.759259 0.0166667 0.0324074
0 0.0633464 0.199306 0.0751302 0.037037
0 0.0633464 0.211343 0.0753906 0.0398148
1 0.220833 0.548148 0.0138021 0.0148148
0 0.715625 0.759259 0.0125 0.0305556
0 0.201432 0.216319 0.0723958 0.043287
0 0.151823 0.011169 0.0302083 0.0215278
1 0.291146 0.0139178 0.009375 0.025463
0 0.151074 0.142361 0.0530599 0.0435185
0 0.28776 0.583218 0.16875 0.320602
0 0.0631348 0.223669 0.078418 0.0424769
0 0.191536 0.224306 0.0807292 0.0486111
0 0.194661 0.237269 0.0888021 0.0634259
0 0.527083 0.00750868 0.00729167 0.0133391
0 0.423177 0.0491898 0.0635417 0.0983796
1 0.432292 0.468519 0.009375 0.0166667
0 0.182031 0.688889 0.0708333 0.101852
0 0.138411 0.304167 0.0552083 0.0805556
0 0.702083 0.427778 0.0354167 0.109259
0 0.0619629 0.374074 0.0562826 0.0833333
0 0.101172 0.0924769 0.0598958 0.0625
0 0.116081 0.121875 0.0522135 0.0631944
0 0.123177 0.165278 0.0401042 0.0569444
1 0.0307943 0.129398 0.0132813 0.0305556
1 0.292188 0.0185475 0.0114583 0.0344329
0 0.652083 0.711111 0.0145833 0.0537037
1 0.715625 0.759259 0.0114583 0.0296296
0 0.222917 0.231481 0.0505208 0.0657407
1 0.652604 0.705556 0.0125 0.0314815
1 0.579167 0.00625 0.00833333 0.0113426
1 0.653125 0.700926 0.0125 0.0324074
1 0.651563 0.710185 0.0135417 0.0296296
1 0.526563 0.00737847 0.00625 0.0132523
0 0.215885 0.24485 0.0645833 0.0945602
1 0.652083 0.711111 0.0145833 0.0537037
1 0.529167 0.00726273 0.00625 0.0126736
1 0.433333 0.478704 0.0119792 0.0351852
0 0.13776 0.162963 0.0643229 0.0638889
0 0.579167 0.00617766 0.00833333 0.0112558
1 0.798437 0.0387731 0.00729167 0.0106481
1 0.432813 0.471759 0.0104167 0.0222222
1 0.528125 0.00850694 0.009375 0.0149884
0 0.150521 0.157407 0.0403646 0.0550926
0 0.209115 0.257176 0.0776042 0.100463
0 0.155208 0.15081 0.0309896 0.0423611
0 0.0307617 0.129398 0.0133464 0.0300926
1 0.799479 0.0357639 0.009375 0.0167824
0 0.652083 0.714815 0.0125 0.037037
0 0.158594 0.148843 0.0244792 0.037037
0 0.292188 0.0185475 0.0114583 0.0344329
0 0.224219 0.493519 0.0200521 0.0259259
1 0.655208 0.704167 0.0145833 0.037037
1 0.291146 0.0141855 0.00989583 0.0261429
0 0.213932 0.226389 0.0677083 0.0564815
1 0.525911 0.00827546 0.00859375 0.0148727
0 0.309635 0.571296 0.0192708 0.0351852
0 0.715625 0.759259 0.0114583 0.0296296
1 0.498437 0.00300926 0.00885417 0.00601852
1 0.71875 0.759259 0.0125 0.0314815
0 0.154427 0.162384 0.034375 0.0581019
1 0.711458 0.758796 0.0166667 0.0314815
1 0.720833 0.758333 0.0104167 0.0296296
0 0.527604 0.00717593 0.00729167 0.0126736
1 0.240885 0.118287 0.00625 0.0203704
1 0.717188 0.757407 0.0104167 0.0277778
0 0.207031 0.234491 0.0807292 0.0722222
0 0.14987 0.0113426 0.0335938 0.021875
1 0.0197917 0.0931134 0.0100911 0.0234954
0 0.140137 0.152546 0.0613932 0.062963
1 0.222526 0.232407 0.0513021 0.0671296
1 0.435937 0.486111 0.00625 0.0203704
0 0.182031 0.688889 0.0710938 0.100926
0 0.061849 0.374074 0.0558594 0.0842593
0 0.138411 0.304167 0.0554687 0.0805556
0 0.702083 0.427778 0.0354167 0.109259
0 0.101432 0.0925926 0.0601562 0.062963
0 0.116081 0.122483 0.0522135 0.0633681
0 0.122917 0.165509 0.0395833 0.0564815
1 0.0307373 0.12963 0.013265 0.0305556
1 0.291927 0.0183955 0.0114583 0.0347367
0 0.652083 0.711111 0.0145833 0.0527778
1 0.715625 0.759259 0.0104167 0.0296296
0 0.225391 0.228472 0.0455729 0.0592593
1 0.579167 0.00625 0.00833333 0.0114005
1 0.652083 0.70463 0.0125 0.0351852
1 0.653125 0.700926 0.0114583 0.0314815
0 0.136165 0.161921 0.0682943 0.0662037
1 0.526563 0.00734954 0.00625 0.0134259
0 0.217318 0.233854 0.0617188 0.0711806
1 0.651042 0.709259 0.0125 0.0296296
0 0.214583 0.249074 0.0671875 0.101389
1 0.529167 0.0073206 0.00625 0.0130208
1 0.652083 0.711111 0.0145833 0.0527778
1 0.433333 0.478241 0.0114583 0.0361111
0 0.15 0.156366 0.0416667 0.0543981
0 0.155599 0.153241 0.0309896 0.0472222
1 0.652083 0.715741 0.0125 0.0361111
1 0.797917 0.0389468 0.00625 0.0105324
1 0.528125 0.00843461 0.009375 0.0149016
1 0.432813 0.472222 0.0104167 0.0240741
0 0.157682 0.148148 0.0263021 0.0384259
0 0.143717 0.152083 0.0537109 0.05
0 0.579167 0.00619213 0.00833333 0.0111111
1 0.65 0.715278 0.0125 0.037963
0 0.291927 0.0185764 0.0119792 0.0346065
0 0.715625 0.759259 0.0104167 0.0296296
1 0.655208 0.704167 0.0145833 0.0361111
0 0.652083 0.715741 0.0125 0.0361111
0 0.234115 0.226794 0.0286458 0.0556713
1 0.798958 0.0370081 0.00833333 0.0146412
0 0.224349 0.493519 0.0203125 0.0259259
0 0.193229 0.280556 0.0432292 0.0574074
1 0.303125 0.583333 0.00520833 0.0111111
1 0.598958 0.240278 0.00833333 0.024537
0 0.0307617 0.129514 0.0134115 0.0303241
0 0.316927 0.36412 0.0130208 0.0291667
1 0.519792 0.148611 0.00625 0.012037
0 0.309375 0.572222 0.0208333 0.0361111
0 0.154167 0.162037 0.0348958 0.0611111
0 0.315104 0.284722 0.0572917 0.0722222
0 0.526563 0.00734954 0.00625 0.0134259
1 0.290885 0.0142361 0.00989583 0.0265046
1 0.498437 0.0030816 0.00885417 0.00616319
1 0.655208 0.709722 0.015625 0.0481481
1 0.799479 0.0344618 0.009375 0.020081
0 0.150911 0.0111762 0.0325521 0.0216291
1 0.526563 0.00827546 0.00833333 0.0148148
0 0.652083 0.706944 0.0125 0.0351852
0 0.15599 0.144097 0.0341146 0.0425926
0 0.200911 0.250463 0.0929687 0.1
1 0.711458 0.758333 0.0166667 0.0314815
0 0.26556 0.186111 0.0376302 0.0532407
0 0.221354 0.243287 0.0526042 0.075463
0 0.159375 0.157639 0.0296875 0.0555556
1 0.435417 0.480556 0.00729167 0.0314815
0 0.529167 0.0073206 0.00625 0.0130208
0 0.65 0.715278 0.0125 0.037963
0 0.223438 0.253646 0.053125 0.101968
0 0.264062 0.177778 0.0380208 0.0476852
0 0.203646 0.0112847 0.0244792 0.022338
1 0.241146 0.117708 0.00677083 0.0201389
1 0.717188 0.756944 0.0104167 0.0277778
1 0.22526 0.227546 0.0458333 0.0574074
1 0.122526 0.165278 0.0393229 0.0564815
0 0.209375 0.224132 0.0755208 0.0545139
0 0.182031 0.688889 0.0708333 0.100926
0 0.0621094 0.374074 0.0563802 0.0842593
0 0.138542 0.30463 0.05625 0.0814815
0 0.702083 0.427778 0.0354167 0.109259
0 0.101562 0.0929398 0.0604167 0.0634259
0 0.116081 0.122656 0.0522135 0.0630208
0 0.123177 0.165046 0.0403646 0.0569444
1 0.0307292 0.12963 0.0132161 0.0305556
1 0.291927 0.0183449 0.0114583 0.0346065
1 0.715625 0.759259 0.0104167 0.0296296
0 0.652083 0.712037 0.0145833 0.0518519
0 0.224219 0.228704 0.0479167 0.0601852
1 0.652604 0.706019 0.0135417 0.0425926
1 0.579167 0.00625 0.00833333 0.0113426
1 0.526563 0.00726273 0.00625 0.0135417
0 0.13623 0.161806 0.0681641 0.0659722
1 0.652604 0.7 0.0125 0.0333333
1 0.530208 0.0072772 0.00520833 0.012934
1 0.528125 0.00711806 0.00625 0.0130208
1 0.651042 0.708333 0.0125 0.0351852
1 0.797917 0.0385995 0.00625 0.00972222
0 0.21849 0.235648 0.059375 0.074537
1 0.433333 0.478241 0.0114583 0.037037
1 0.529167 0.00846354 0.00833333 0.0148437
0 0.652083 0.715741 0.0125 0.037037
1 0.654688 0.70463 0.0145833 0.0388889
1 0.652083 0.715741 0.0125 0.037037
0 0.216667 0.251852 0.0635417 0.109259
0 0.149479 0.156944 0.0427083 0.0564815
0 0.155859 0.153241 0.0299479 0.0479167
0 0.579167 0.00622106 0.00833333 0.011169
0 0.314583 0.284259 0.0614583 0.0731481
0 0.14222 0.154051 0.0561849 0.0539352
1 0.290625 0.0150174 0.009375 0.0280093
0 0.158854 0.147106 0.0236979 0.0375
0 0.0307373 0.12963 0.013265 0.0305556
0 0.224479 0.493519 0.0205729 0.0259259
1 0.529167 0.00665509 0.00625 0.0133102
0 0.715625 0.759259 0.0104167 0.0296296
0 0.291927 0.0183449 0.0114583 0.0346644
1 0.519792 0.148727 0.00625 0.012037
1 0.126563 0.261111 0.009375 0.0259259
1 0.433333 0.47037 0.0104167 0.0203704
0 0.652083 0.706019 0.0125 0.037963
1 0.526042 0.00823206 0.00833333 0.0149016
1 0.71875 0.759722 0.0125 0.0314815
1 0.798958 0.0371528 0.00833333 0.0123843
1 0.303125 0.583333 0.00520833 0.0111111
1 0.563542 0.00484664 0.00625 0.00801505
0 0.655208 0.711111 0.0166667 0.0527778
1 0.498437 0.00309606 0.009375 0.00619213
1 0.222005 0.229572 0.0520833 0.0612269
1 0.598958 0.240509 0.00833333 0.024537
0 0.317187 0.363426 0.0135417 0.0314815
0 0.526563 0.00726273 0.00625 0.0135417
0 0.0289714 0.0518519 0.0576823 0.099537
0 0.528125 0.00711806 0.00625 0.0130208
0 0.269792 0.190856 0.0416667 0.05625
1 0.711458 0.758333 0.0166667 0.0333333
0 0.153646 0.147222 0.0348958 0.0388889
0 0.225391 0.246759 0.0481771 0.0962963
0 0.207943 0.243519 0.0786458 0.087963
1 0.717188 0.757407 0.0104167 0.0277778
0 0.277865 0.201157 0.053125 0.0666667
1 0.720833 0.758333 0.0125 0.0296296
1 0.122786 0.164815 0.0398437 0.0574074
0 0.208464 0.259664 0.0763021 0.096412
0 0.530208 0.0072772 0.00520833 0.012934
1 0.241146 0.118519 0.00677083 0.0215278
1 0.655208 0.711111 0.0166667 0.0527778
0 0.0255859 0.0561343 0.0110026 0.0201389
0 0.00425618 0.0384549 0.00776367 0.0353588
0 0.213021 0.272917 0.0703125 0.0949074
0 0.0341797 0.0519676 0.0106771 0.0180556
0 0.182031 0.688889 0.0708333 0.100926
0 0.0624837 0.374074 0.0570638 0.0842593
0 0.138835 0.304861 0.0567057 0.0814815
0 0.702083 0.427778 0.0354167 0.109259
0 0.101693 0.0931713 0.0606771 0.0636574
0 0.116081 0.122714 0.052474 0.0633681
0 0.123828 0.165394 0.0416667 0.0581019
1 0.0306559 0.12963 0.0132975 0.0305556
1 0.716146 0.759259 0.0114583 0.0296296
1 0.291927 0.0184028 0.0114583 0.034375
0 0.652083 0.712037 0.0145833 0.0518519
0 0.221745 0.230324 0.0526042 0.0634259
1 0.652604 0.705556 0.0135417 0.0416667
1 0.579167 0.00630787 0.00833333 0.0113426
0 0.107943 0.101157 0.0596354 0.0666667
0 0.136198 0.1625 0.0682292 0.0662037
1 0.526172 0.00734954 0.00598958 0.0134259
1 0.653125 0.7 0.0125 0.0333333
1 0.530208 0.0073206 0.00416667 0.0129051
1 0.651042 0.709259 0.0125 0.0351852
1 0.528125 0.00720486 0.00625 0.0131944
1 0.433333 0.478241 0.0114583 0.0361111
0 0.652083 0.716667 0.0125 0.037037
1 0.526953 0.0083044 0.00651042 0.0145255
0 0.214453 0.249537 0.0674479 0.103241
1 0.529167 0.00843461 0.00729167 0.0147859
1 0.433073 0.473611 0.0104167 0.0259259
1 0.652083 0.716667 0.0125 0.037037
0 0.155729 0.153935 0.0302083 0.049537
0 0.313281 0.284259 0.0640625 0.075463
0 0.148958 0.157639 0.0432292 0.0587963
0 0.579167 0.00639468 0.00833333 0.0115162
1 0.797917 0.0385995 0.00625 0.0100694
0 0.158594 0.146991 0.0239583 0.037963
0 0.652083 0.706481 0.0125 0.037963
0 0.142708 0.151505 0.0554687 0.0527778
0 0.151953 0.150116 0.0377604 0.0444444
1 0.290885 0.0149884 0.00989583 0.0277778
1 0.529167 0.00679977 0.00625 0.0135995
0 0.224479 0.493519 0.0203125 0.0259259
1 0.71875 0.759722 0.0125 0.0314815
0 0.291927 0.0183738 0.0114583 0.0344329
0 0.0306722 0.12963 0.0133952 0.0305556
0 0.716146 0.759259 0.0114583 0.0296296
1 0.126693 0.26088 0.009375 0.0273148
1 0.221615 0.230556 0.053125 0.0634259
1 0.651042 0.701852 0.0145833 0.037037
1 0.598958 0.240741 0.00833333 0.0240741
1 0.563021 0.00489005 0.00520833 0.00833333
0 0.161198 0.150463 0.0192708 0.0416667
0 0.277344 0.200926 0.0536458 0.0675926
0 0.270312 0.190972 0.0442708 0.0564815
0 0.0286458 0.0517506 0.056901 0.101128
0 0.526172 0.00734954 0.00598958 0.0134259
0 0.208464 0.241204 0.0778646 0.0824074
1 0.717188 0.756481 0.0104167 0.0277778
1 0.303125 0.583333 0.00520833 0.0111111
1 0.655208 0.701852 0.0145833 0.037037
1 0.711458 0.758333 0.015625 0.0333333
1 0.241276 0.11875 0.00677083 0.0222222
0 0.1625 0.146296 0.0164062 0.0361111
0 0.528125 0.00720486 0.00625 0.0131944
0 0.530208 0.0073206 0.00416667 0.0129051
0 0.309375 0.570833 0.0208333 0.0361111
0 0.584896 0.236111 0.0927083 0.11713
1 0.519792 0.148611 0.00625 0.012037
1 0.498437 0.00325521 0.00833333 0.00651042
0 0.159505 0.158565 0.0265625 0.0569444
0 0.154167 0.163426 0.0341146 0.0587963
1 0.434896 0.480556 0.0078125 0.0314815
1 0.301042 0.072338 0.009375 0.0321759
1 0.719792 0.766204 0.0104167 0.0277778
0 0.652083 0.723611 0.0145833 0.0462963
1 0.720833 0.758333 0.0135417 0.0296296
0 0.116016 0.122454 0.0526042 0.0636574
0 0.182031 0.688889 0.0708333 0.100926
0 0.0625163 0.374074 0.0572591 0.0842593
0 0.138932 0.30463 0.0567708 0.0814815
0 0.702083 0.428009 0.0354167 0.108796
0 0.101693 0.093287 0.0606771 0.0638889
0 0.124219 0.165509 0.0424479 0.0583333
1 0.0306559 0.12963 0.0134277 0.0305556
1 0.292188 0.0184028 0.0114583 0.034375
1 0.716146 0.759259 0.0114583 0.0296296
0 0.652083 0.712037 0.0145833 0.0518519
0 0.220833 0.230556 0.0541667 0.0638889
1 0.652083 0.705556 0.0125 0.0416667
1 0.579167 0.0062934 0.00833333 0.0112558
1 0.653125 0.700926 0.0125 0.0333333
1 0.526172 0.0073206 0.00598958 0.0134259
0 0.136458 0.162731 0.0669271 0.0666667
1 0.530208 0.0073206 0.00416667 0.012963
1 0.528125 0.0072772 0.00625 0.0130498
0 0.652083 0.716667 0.0125 0.037037
0 0.214583 0.246759 0.0671875 0.0976852
1 0.527083 0.00827546 0.00625 0.0144097
1 0.433073 0.478241 0.0109375 0.0361111
1 0.652083 0.711574 0.0145833 0.0527778
1 0.529167 0.00837674 0.00625 0.0148437
1 0.433073 0.472222 0.0104167 0.0240741
1 0.652083 0.716667 0.0125 0.037037
0 0.579167 0.00636574 0.00833333 0.0114005
0 0.3125 0.284259 0.065625 0.0759259
0 0.155859 0.154051 0.0299479 0.05
0 0.148698 0.158102 0.04375 0.0597222
0 0.652083 0.706019 0.0125 0.037963
0 0.224479 0.493519 0.0203125 0.0259259
0 0.158724 0.146759 0.0239583 0.037963
1 0.220833 0.230613 0.0544271 0.0637731
0 0.716146 0.759259 0.0114583 0.0296296
0 0.0306559 0.129745 0.0134277 0.0305556
1 0.797917 0.0385995 0.00625 0.0100694
0 0.141927 0.150579 0.0572917 0.0553241
1 0.126693 0.261111 0.009375 0.0268519
1 0.654167 0.70787 0.015625 0.0453704
1 0.718229 0.759722 0.0135417 0.0314815
1 0.563021 0.00491898 0.00520833 0.00833333
0 0.152214 0.149884 0.0372396 0.044213
0 0.584896 0.236343 0.09375 0.117593
0 0.292188 0.0183449 0.0114583 0.0344329
1 0.598958 0.240972 0.00833333 0.024537
0 0.270573 0.190046 0.0447917 0.056713
1 0.498437 0.00326968 0.00833333 0.00653935
0 0.0291016 0.0514902 0.0577474 0.101649
1 0.717188 0.756481 0.0104167 0.0277778
0 0.277083 0.200694 0.053125 0.0685185
1 0.711458 0.758333 0.015625 0.0333333
1 0.290625 0.0153646 0.0104167 0.0284144
0 0.526172 0.0073206 0.00598958 0.0134259
1 0.241146 0.11875 0.00677083 0.0224537
0 0.161719 0.150579 0.0182292 0.0414352
1 0.499479 0.00296586 0.00677083 0.00593171
1 0.655208 0.701852 0.0145833 0.037037
0 0.0132324 0.349537 0.0258138 0.0708333
1 0.49974 0.00441262 0.00625 0.00778356
0 0.268685 0.195949 0.0532552 0.06875
0 0.276107 0.188657 0.0509115 0.0486111
1 0.580729 0.0067419 0.0104167 0.0118634
1 0.301042 0.0728009 0.009375 0.0333333
0 0.309375 0.571296 0.0192708 0.0351852
1 0.719792 0.765741 0.0104167 0.0277778
1 0.303125 0.583333 0.00520833 0.0111111
0 0.530208 0.0073206 0.00416667 0.012963
0 0.16276 0.146065 0.0158854 0.0361111
0 0.182031 0.688889 0.0708333 0.100926
0 0.0625651 0.374074 0.0572917 0.0842593
0 0.139095 0.30463 0.0572266 0.0814815
0 0.702083 0.428009 0.0354167 0.108796
0 0.101693 0.0934606 0.0606771 0.0640046
0 0.115951 0.122454 0.0527344 0.0636574
0 0.124219 0.165278 0.0427083 0.0592593
1 0.0305908 0.12963 0.0134277 0.0305556
1 0.292188 0.0183449 0.0114583 0.0344329
1 0.716146 0.759259 0.0114583 0.0296296
0 0.220703 0.231019 0.0549479 0.0643518
0 0.652083 0.712037 0.0145833 0.0518519
1 0.579167 0.00632234 0.00833333 0.0112558
1 0.652083 0.705556 0.0125 0.0425926
1 0.653125 0.700926 0.0114583 0.0333333
1 0.526172 0.0073206 0.00598958 0.0133681
0 0.136426 0.162731 0.0667318 0.0666667
1 0.530208 0.0073206 0.00416667 0.0130208
1 0.651042 0.709259 0.0125 0.0342593
1 0.529167 0.00726273 0.00625 0.0130208
0 0.652083 0.716667 0.0114583 0.037037
1 0.652083 0.711574 0.0145833 0.0527778
1 0.527083 0.00827546 0.00625 0.0144097
1 0.433073 0.478241 0.0109375 0.0361111
1 0.652083 0.716667 0.0114583 0.037037
1 0.433073 0.472222 0.0104167 0.0240741
0 0.579167 0.00636574 0.00833333 0.0113426
0 0.15638 0.154051 0.0289063 0.0502315
0 0.31276 0.284722 0.065625 0.075
0 0.142318 0.150694 0.0565104 0.0555556
0 0.158854 0.146759 0.0234375 0.0381944
0 0.148958 0.158102 0.0434896 0.0597222
0 0.213021 0.255556 0.0703125 0.110185
0 0.716146 0.759259 0.0114583 0.0296296
0 0.153125 0.149769 0.0354167 0.0439815
1 0.797917 0.0385995 0.00625 0.0101852
1 0.718229 0.759722 0.0135417 0.0314815
0 0.0306315 0.12963 0.0134766 0.0305556
0 0.270573 0.190046 0.04375 0.0569444
1 0.498437 0.00328414 0.00833333 0.00656829
0 0.652604 0.706481 0.0125 0.037963
1 0.126823 0.261111 0.009375 0.0268519
0 0.585417 0.236343 0.09375 0.118056
1 0.563021 0.00497685 0.00520833 0.00873843
0 0.224479 0.493519 0.0203125 0.0259259
1 0.711458 0.758333 0.015625 0.0324074
0 0.208594 0.238657 0.0786458 0.0787037
1 0.499479 0.00303819 0.00625 0.00607639
1 0.220833 0.230961 0.0541667 0.0640046
0 0.273698 0.197454 0.0505208 0.0675926
0 0.16276 0.146065 0.015625 0.0361111
1 0.290885 0.0156756 0.00989583 0.0290654
0 0.291927 0.018316 0.0114583 0.0344329
1 0.717188 0.756481 0.0104167 0.0277778
1 0.49974 0.00436921 0.00625 0.0078125
1 0.598958 0.241204 0.00833333 0.0240741
0 0.277669 0.20625 0.0529948 0.0662037
1 0.654167 0.708333 0.015625 0.0462963
0 0.265625 0.185185 0.0520833 0.0587963
0 0.0132161 0.349537 0.0257812 0.0685185
1 0.241146 0.118056 0.00651042 0.0212963
0 0.0288411 0.0512153 0.0573568 0.101273
1 0.580729 0.00677083 0.0104167 0.0118634
0 0.153906 0.164352 0.0354167 0.0597222
1 0.220833 0.548148 0.0140625 0.0148148
0 0.526172 0.0073206 0.00598958 0.0133681
1 0.720312 0.758333 0.0135417 0.0296296
1 0.723437 0.781482 0.00833333 0.0240741
0 0.182031 0.688889 0.0708333 0.100926
0 0.139193 0.30463 0.0572917 0.0814815
0 0.0625651 0.374074 0.0572917 0.0842593
0 0.702083 0.428009 0.0354167 0.108796
0 0.101693 0.0935185 0.0606771 0.0641204
0 0.115885 0.122569 0.053125 0.062963
0 0.124284 0.165394 0.0428385 0.0590278
1 0.0306641 0.12963 0.0134115 0.0303241
1 0.292188 0.018316 0.0114583 0.034375
1 0.716146 0.759259 0.0114583 0.0296296
0 0.220703 0.23125 0.0549479 0.0643518
0 0.652083 0.712037 0.0145833 0.0518519
1 0.579167 0.00632234 0.00833333 0.0113137
1 0.652083 0.705556 0.0125 0.0425926
1 0.653125 0.700926 0.0114583 0.0324074
1 0.526172 0.007364 0.00598958 0.013397
0 0.136426 0.162963 0.0677734 0.0671296
1 0.530208 0.0073206 0.00416667 0.0130787
1 0.651042 0.709259 0.0125 0.0333333
1 0.529167 0.00730613 0.00625 0.012934
1 0.652083 0.711111 0.0145833 0.0518519
0 0.652083 0.716667 0.0114583 0.0351852
1 0.433333 0.477778 0.0114583 0.0351852
1 0.652083 0.716667 0.0114583 0.0351852
1 0.433073 0.474074 0.0104167 0.0259259
0 0.579167 0.00639468 0.00833333 0.0114005
1 0.433333 0.47037 0.0104167 0.0194444
0 0.15651 0.153704 0.0286458 0.0497685
0 0.142708 0.151157 0.0554687 0.0550926
0 0.313021 0.284722 0.065625 0.075
0 0.159115 0.146759 0.0234375 0.0381944
1 0.797917 0.0385995 0.00625 0.0103009
0 0.149219 0.157986 0.0432292 0.0597222
0 0.213021 0.255324 0.0703125 0.110648
1 0.718229 0.759722 0.0135417 0.0314815
0 0.716146 0.759259 0.0114583 0.0296296
0 0.270247 0.190278 0.0438802 0.0574074
0 0.161979 0.145833 0.0171875 0.0365741
0 0.0306722 0.129861 0.0135254 0.0305556
1 0.498437 0.00332755 0.00833333 0.00665509
1 0.499479 0.00305266 0.00625 0.00610532
0 0.208333 0.238657 0.0796875 0.0791667
1 0.654167 0.70463 0.0145833 0.0388889
1 0.563021 0.00497685 0.00520833 0.00873843
0 0.652083 0.706481 0.0125 0.037037
1 0.126823 0.261111 0.009375 0.0268519
0 0.273893 0.197222 0.0501302 0.0680556
1 0.711458 0.758333 0.015625 0.0324074
1 0.290885 0.0159144 0.00989583 0.0296875
1 0.499479 0.00436921 0.00625 0.00787037
1 0.220833 0.230961 0.0541667 0.0640046
0 0.224609 0.493519 0.0200521 0.0259259
0 0.148698 0.14838 0.0447917 0.0430556
1 0.598958 0.241204 0.00833333 0.0240741
1 0.241146 0.11794 0.00651042 0.0210648
0 0.291927 0.0184896 0.0119792 0.0343171
1 0.717188 0.756481 0.0104167 0.0277778
0 0.585417 0.236343 0.09375 0.118056
0 0.277344 0.20625 0.053125 0.0662037
1 0.580729 0.00679977 0.0104167 0.0119213
0 0.27526 0.188426 0.05 0.0472222
0 0.0132813 0.348843 0.0259115 0.0680556
1 0.220964 0.548148 0.0138021 0.0148148
0 0.26569 0.182176 0.0415365 0.0597222
0 0.153906 0.164468 0.0359375 0.0590278
1 0.0299561 0.126389 0.010791 0.0226852
1 0.723437 0.781482 0.00833333 0.0240741
0 0.270573 0.177778 0.05625 0.0516204
0 0.182031 0.688889 0.0708333 0.100926
0 0.139095 0.30463 0.0572266 0.0814815
0 0.0625163 0.374074 0.0572591 0.0842593
0 0.702083 0.428009 0.0354167 0.108796
0 0.101693 0.0935185 0.0606771 0.0638889
0 0.115885 0.122569 0.053125 0.062963
0 0.124609 0.165046 0.0432292 0.0587963
1 0.0306641 0.129745 0.0134115 0.0303241
1 0.291927 0.0182292 0.0114583 0.034375
1 0.715625 0.759259 0.0104167 0.0296296
0 0.652083 0.712037 0.0145833 0.0518519
0 0.220573 0.23125 0.0552083 0.0643518
1 0.579167 0.00633681 0.00833333 0.0112847
1 0.652604 0.703704 0.0125 0.037037
0 0.109635 0.106973 0.0567708 0.0629051
1 0.526172 0.00739294 0.00598958 0.0133391
0 0.136328 0.162847 0.0677083 0.0668981
1 0.530208 0.00734954 0.00416667 0.0130208
1 0.651042 0.709259 0.0125 0.0314815
1 0.652604 0.699074 0.0114583 0.0305556
1 0.529167 0.00737847 0.00625 0.0128472
1 0.652083 0.711111 0.0145833 0.0527778
1 0.433333 0.477778 0.0114583 0.0351852
1 0.652083 0.716667 0.0114583 0.0351852
0 0.652083 0.716667 0.0114583 0.0351852
0 0.579167 0.00639468 0.00833333 0.0114005
0 0.142318 0.151852 0.05625 0.0546296
1 0.433333 0.47037 0.0104167 0.0194444
0 0.15651 0.153588 0.0286458 0.0488426
0 0.652083 0.706481 0.0125 0.0435185
0 0.313021 0.284954 0.065625 0.075
0 0.158984 0.146875 0.0234375 0.037963
0 0.212891 0.255324 0.0705729 0.112037
1 0.797917 0.0385417 0.00625 0.0103009
0 0.149219 0.15787 0.0427083 0.0587963
0 0.0306966 0.129861 0.0134766 0.0305556
0 0.716146 0.759259 0.0114583 0.0296296
0 0.162109 0.145949 0.0169271 0.0363426
0 0.208073 0.238889 0.0802083 0.0805556
1 0.499479 0.00306713 0.00625 0.00613426
1 0.498437 0.00330584 0.00833333 0.00661169
1 0.563021 0.00497685 0.00520833 0.00868056
0 0.270378 0.190509 0.0446615 0.0569444
1 0.126953 0.261111 0.009375 0.0268519
1 0.718229 0.760185 0.0135417 0.0314815
0 0.224479 0.493519 0.0200521 0.0259259
1 0.499479 0.00436921 0.00625 0.00784144
0 0.584896 0.236111 0.0927083 0.117593
1 0.241146 0.118403 0.00651042 0.0215278
1 0.220703 0.230787 0.0544271 0.0643518
1 0.526042 0.00831887 0.00833333 0.0146701
1 0.598958 0.241204 0.00833333 0.024537
0 0.148307 0.14838 0.0453125 0.0430556
0 0.273698 0.197454 0.0505208 0.0675926
0 0.291927 0.0182292 0.0114583 0.034375
1 0.711458 0.758333 0.015625 0.0324074
1 0.580729 0.00679977 0.0104167 0.0119213
1 0.717188 0.756481 0.0104167 0.0277778
1 0.651042 0.700926 0.0145833 0.0351852
0 0.27526 0.187963 0.05 0.0462963
1 0.0299561 0.12662 0.010791 0.0231481
0 0.277148 0.206597 0.0529948 0.0659722
1 0.0302653 0.132639 0.0106934 0.0226852
1 0.220964 0.548148 0.0135417 0.0148148
1 0.722917 0.781482 0.00833333 0.0240741
0 0.526172 0.00739294 0.00598958 0.0133391
0 0.182031 0.688889 0.0708333 0.101852
0 0.139193 0.30463 0.0572917 0.0814815
0 0.0625163 0.374074 0.0572591 0.0842593
0 0.702083 0.428009 0.0354167 0.108796
0 0.101693 0.0935185 0.0606771 0.0638889
0 0.115951 0.122569 0.0529948 0.062963
0 0.124544 0.165046 0.043099 0.0587963
1 0.0306722 0.129745 0.0133952 0.0303241
1 0.291927 0.0182364 0.0114583 0.0343605
1 0.715625 0.759259 0.0104167 0.0296296
0 0.652083 0.712037 0.0145833 0.0518519
0 0.220833 0.231019 0.0541667 0.0648148
1 0.579167 0.00632234 0.00833333 0.0113137
1 0.652604 0.703704 0.0125 0.037037
1 0.526172 0.00737847 0.00598958 0.0133681
0 0.109505 0.105324 0.0570313 0.0627315
1 0.530208 0.007364 0.00416667 0.0130498
0 0.136458 0.162963 0.0674479 0.0666667
1 0.651042 0.709259 0.0125 0.0314815
1 0.652604 0.699074 0.0114583 0.0305556
1 0.529167 0.007364 0.00520833 0.0128762
1 0.652083 0.711111 0.0145833 0.0527778
1 0.433333 0.477778 0.0114583 0.0351852
1 0.652083 0.716667 0.0114583 0.0351852
0 0.652083 0.716667 0.0114583 0.0351852
0 0.652083 0.706481 0.0125 0.0444444
0 0.579167 0.00639468 0.00833333 0.0114583
0 0.313021 0.284954 0.0666667 0.074537
0 0.142741 0.151157 0.0551432 0.0537037
1 0.433333 0.47037 0.0104167 0.0203704
0 0.159375 0.15081 0.0229167 0.043287
0 0.161328 0.146296 0.0184896 0.037037
0 0.211198 0.247627 0.0734375 0.0991898
0 0.0306966 0.129861 0.0134766 0.0305556
1 0.797917 0.0385417 0.00625 0.0101852
0 0.716146 0.759259 0.0114583 0.0296296
0 0.15599 0.147222 0.0294271 0.0393519
0 0.149219 0.15787 0.0432292 0.0587963
1 0.563021 0.00496238 0.00520833 0.00870949
1 0.499479 0.00305266 0.00625 0.00610532
1 0.498437 0.00331308 0.00833333 0.00662616
0 0.224609 0.493519 0.0200521 0.025
0 0.585417 0.236516 0.09375 0.117708
1 0.126823 0.261111 0.009375 0.0268519
1 0.241146 0.118287 0.00651042 0.0212963
0 0.270312 0.190509 0.0442708 0.0564815
1 0.598958 0.241204 0.00833333 0.024537
1 0.49974 0.00436921 0.00625 0.00787037
1 0.718229 0.759722 0.0135417 0.0305556
1 0.220703 0.231019 0.0544271 0.0643518
0 0.292188 0.01841 0.0114583 0.0343605
1 0.580729 0.00679977 0.0104167 0.0119213
0 0.148307 0.148148 0.0453125 0.0425926
0 0.273503 0.197917 0.0509115 0.0675926
0 0.157552 0.159144 0.0291667 0.0576389
1 0.717188 0.756944 0.0104167 0.0277778
1 0.711458 0.758333 0.015625 0.0324074
1 0.220964 0.548148 0.0135417 0.0148148
1 0.0302653 0.132639 0.0106934 0.0226852
1 0.651042 0.700926 0.0145833 0.0351852
1 0.0300049 0.126736 0.0108236 0.0229167
0 0.27526 0.188194 0.05 0.0467593
0 0.277344 0.206713 0.0526042 0.0662037
0 0.182031 0.688889 0.0708333 0.101852
0 0.0625 0.374074 0.0571615 0.0842593
0 0.139095 0.30463 0.0572266 0.0819444
0 0.702083 0.428009 0.0354167 0.108796
0 0.101693 0.0935185 0.0606771 0.0641204
0 0.115951 0.122656 0.0529948 0.0630208
0 0.124479 0.165046 0.0429688 0.0587963
1 0.0306722 0.129745 0.0133952 0.0303241
1 0.291927 0.0182292 0.0114583 0.034375
1 0.715625 0.759259 0.0104167 0.0296296
0 0.652083 0.711574 0.0145833 0.0527778
0 0.220833 0.231076 0.0541667 0.0646991
1 0.579167 0.00633681 0.00833333 0.0114005
1 0.652604 0.703704 0.0125 0.037037
1 0.526172 0.00737847 0.00598958 0.0133681
0 0.110807 0.111806 0.0552083 0.062037
1 0.530208 0.00734954 0.00416667 0.0130787
0 0.136426 0.163079 0.0672526 0.0659722
1 0.651042 0.709722 0.0125 0.0305556
1 0.652604 0.699074 0.0114583 0.0305556
1 0.529167 0.00734954 0.00520833 0.0128472
1 0.652083 0.716667 0.0114583 0.0351852
1 0.652083 0.711111 0.0145833 0.0527778
1 0.433333 0.477778 0.0114583 0.0351852
0 0.652083 0.716667 0.0114583 0.0351852
0 0.31276 0.285185 0.0671875 0.075
0 0.579167 0.00639468 0.00833333 0.0114583
0 0.142676 0.150926 0.0552734 0.0532407
0 0.159375 0.150926 0.0229167 0.0435185
1 0.433333 0.47037 0.00989583 0.0194444
0 0.21276 0.255613 0.0708333 0.113773
0 0.161458 0.146296 0.0182292 0.037037
0 0.0306966 0.129861 0.0134766 0.0305556
1 0.563021 0.00494792 0.00520833 0.00873843
0 0.207943 0.239757 0.0804688 0.0825231
0 0.15612 0.148148 0.0289063 0.0384259
1 0.499479 0.00303819 0.00625 0.00607639
0 0.716146 0.759259 0.0114583 0.0296296
1 0.498437 0.00330584 0.00833333 0.00661169
1 0.797917 0.0385417 0.00625 0.0099537
0 0.149219 0.15787 0.0427083 0.0583333
0 0.224609 0.493519 0.0200521 0.025
1 0.241146 0.118287 0.00651042 0.0212963
1 0.126855 0.261111 0.0093099 0.0268519
0 0.585417 0.236516 0.09375 0.117708
1 0.598958 0.241204 0.00833333 0.024537
1 0.49974 0.00436921 0.00625 0.00792824
1 0.580729 0.00677083 0.0104167 0.0119213
0 0.652083 0.706944 0.0125 0.0351852
0 0.292188 0.0183955 0.0114583 0.0343895
1 0.220573 0.231076 0.0546875 0.0646991
0 0.270052 0.190741 0.04375 0.0560185
1 0.711458 0.758333 0.015625 0.0324074
1 0.718229 0.759722 0.0135417 0.0305556
1 0.717188 0.756944 0.0104167 0.0277778
0 0.273438 0.198148 0.0510417 0.0675926
0 0.148438 0.148148 0.0453125 0.0425926
0 0.157552 0.159144 0.0291667 0.0571759
1 0.220833 0.548148 0.0135417 0.0148148
1 0.0302734 0.132407 0.0107422 0.0231481
0 0.277344 0.206597 0.0526042 0.0668981
0 0.26569 0.18588 0.0540365 0.0592593
0 0.182031 0.688889 0.0708333 0.101852
0 0.139062 0.30463 0.0572917 0.0814815
0 0.0624837 0.374074 0.0570638 0.0842593
0 0.702083 0.428009 0.0354167 0.108796
0 0.101758 0.0935185 0.0605469 0.0641204
0 0.115951 0.122569 0.0529948 0.0631944
0 0.124414 0.165162 0.0428385 0.0585648
1 0.0306966 0.129861 0.0134766 0.0305556
1 0.291927 0.0182002 0.0114583 0.034375
1 0.715625 0.759259 0.0104167 0.0296296
0 0.652083 0.711111 0.0145833 0.0518519
0 0.220573 0.230787 0.0549479 0.0643518
1 0.579167 0.00632234 0.00833333 0.0113715
1 0.653125 0.703704 0.0125 0.037037
1 0.652083 0.707407 0.0125 0.0351852
1 0.652604 0.709259 0.0135417 0.0490741
0 0.111589 0.115625 0.0541667 0.062037
1 0.526172 0.00739294 0.00598958 0.013397
0 0.136426 0.162963 0.0672526 0.0657407
1 0.530208 0.007364 0.00416667 0.0129919
1 0.652604 0.699074 0.0114583 0.0305556
1 0.529167 0.00734954 0.00520833 0.0129051
1 0.433333 0.477778 0.0114583 0.0351852
1 0.652083 0.716667 0.0114583 0.0351852
0 0.3125 0.285185 0.0677083 0.074537
0 0.579167 0.00639468 0.00833333 0.0114583
0 0.652083 0.716667 0.0114583 0.0351852
0 0.142578 0.151157 0.0554687 0.0527778
1 0.433333 0.470833 0.00989583 0.0203704
0 0.159245 0.151157 0.0229167 0.04375
0 0.15612 0.154051 0.0291667 0.0488426
1 0.563021 0.00494792 0.00520833 0.00873843
0 0.2125 0.255787 0.0713542 0.113889
0 0.224479 0.493519 0.0203125 0.0259259
0 0.161458 0.146296 0.0182292 0.037037
1 0.499479 0.00302373 0.00625 0.00604745
0 0.207813 0.239294 0.0807292 0.0815972
0 0.0307292 0.129861 0.0134766 0.0305556
0 0.585417 0.236516 0.09375 0.117708
0 0.715625 0.759259 0.0104167 0.0296296
1 0.498437 0.00332755 0.00833333 0.00665509
1 0.797917 0.0384549 0.00625 0.00989583
0 0.149089 0.157639 0.0432292 0.0578704
1 0.241146 0.118287 0.00651042 0.0210648
1 0.526042 0.0083044 0.00833333 0.0146991
1 0.598958 0.241204 0.00833333 0.0240741
1 0.126953 0.261111 0.009375 0.0268519
1 0.49974 0.00434028 0.00625 0.00792824
1 0.580729 0.0067853 0.0104167 0.0118924
0 0.292188 0.0184028 0.0114583 0.034375
0 0.652083 0.707407 0.0125 0.0351852
1 0.220573 0.230787 0.0546875 0.0643518
0 0.276563 0.200579 0.0520833 0.0664352
0 0.148307 0.148148 0.0450521 0.0421296
1 0.717188 0.756944 0.0104167 0.0277778
1 0.711458 0.758333 0.015625 0.0324074
0 0.270052 0.191088 0.04375 0.055787
1 0.220833 0.548148 0.0135417 0.0148148
1 0.0302734 0.132407 0.0106771 0.0236111
1 0.718229 0.759722 0.0135417 0.0305556
0 0.154948 0.146528 0.0317708 0.037963
