0 0.788542 0.198264 0.1125 0.115509
0 0.416146 0.505556 0.04375 0.106481
0 0.769792 0.537037 0.0645833 0.0962963
0 0.0748861 0.725 0.0918945 0.0907407
0 0.0957682 0.638889 0.078776 0.0740741
0 0.203125 0.277778 0.0716146 0.062963
0 0.11276 0.568981 0.0744792 0.0703704
0 0.847396 0.441898 0.10625 0.145833
0 0.16901 0.377778 0.0645833 0.0611111
0 0.357812 0.798148 0.0494792 0.135185
0 0.311198 0.486574 0.0729167 0.0898148
0 0.945312 0.376389 0.10625 0.113889
0 0.153125 0.441204 0.0736979 0.0675926
0 0.224219 0.216204 0.0703125 0.0583333
0 0.29375 0.582407 0.0625 0.0925926
0 0.248177 0.0523727 0.0567708 0.0517361
0 0.93125 0.165162 0.0864583 0.0828704
0 0.371354 0.0336806 0.0447917 0.0641204
0 0.269531 0.633796 0.0421875 0.0564815
0 0.988542 0.0236111 0.0229167 0.046412
0 0.354167 0.087037 0.0411458 0.087037
0 0.327865 0.943519 0.0510417 0.111111
0 0.171484 0.97037 0.0346354 0.0592593
1 0.328125 0.944444 0.0510417 0.111111
0 0.177604 0.0391782 0.0611979 0.077662
1 0.0179525 0.648148 0.0180664 0.025
0 0.346875 0.0652778 0.0260417 0.0435185
0 0.179167 0.969444 0.0505208 0.0592593
0 0.204688 0.969444 0.102083 0.0611111
0 0.342187 0.0659722 0.028125 0.0456019
1 0.616146 0.0696759 0.00833333 0.03125
0 0.190104 0.97037 0.0729167 0.0592593
0 0.323438 0.10298 0.0489583 0.0824653
0 0.346354 0.0715278 0.0302083 0.0560185
0 0.316146 0.0871528 0.0354167 0.0571759
0 0.42474 0.158796 0.0375 0.0685185
0 0.320312 0.0921296 0.040625 0.0618056
0 0.310937 0.0806134 0.0354167 0.0565972
0 0.351823 0.0686921 0.0354167 0.0508102
0 0.501562 0.104977 0.0166667 0.0393519
0 0.856771 0.0458478 0.203125 0.0772859
0 0.35625 0.099537 0.0364583 0.0625
1 0.171354 0.97037 0.034375 0.0592593
0 0.315104 0.0951968 0.0510417 0.0732639
0 0.867708 0.0581597 0.166667 0.0994213
0 0.839583 0.0557292 0.225 0.111458
0 0.845312 0.0414931 0.153125 0.071412
1 0.419792 0.227083 0.00625 0.025
0 0.162012 0.0434606 0.0905599 0.0861111
0 0.890625 0.0277778 0.0510417 0.0324074
0 0.279687 0.639352 0.0619792 0.0712963
0 0.353906 0.107523 0.0401042 0.0506944
1 0.371354 0.0336227 0.0447917 0.0637731
1 0.617188 0.0612269 0.00729167 0.0263889
0 0.336458 0.0685764 0.0375 0.0508102
1 0.420312 0.225 0.00520833 0.0208333
0 0.616146 0.0700231 0.00833333 0.0321759
0 0.665625 0.0229239 0.0458333 0.0428096
0 0.303906 0.0828704 0.0380208 0.0597222
0 0.222135 0.966667 0.139062 0.062963
0 0.27526 0.65 0.0536458 0.087037
0 0.359896 0.107986 0.0291667 0.0467593
1 0.457292 0.378704 0.00729167 0.0138889
1 0.419271 0.376852 0.00625 0.0203704
0 0.669792 0.10651 0.0572917 0.0689236
1 0.415104 0.231481 0.00625 0.0231481
1 0.616667 0.0701389 0.0104167 0.037037
1 0.357812 0.798148 0.0494792 0.135185
0 0.342187 0.0622106 0.0229167 0.0376157
0 0.310417 0.0701389 0.0375 0.0534722
1 0.346354 0.141898 0.00625 0.0125
0 0.201823 0.94537 0.0984375 0.107407
0 0.017806 0.648148 0.018099 0.025
0 0.334896 0.0617043 0.053125 0.0481192
0 0.340365 0.0756944 0.0536458 0.0662037
0 0.53737 0.019553 0.0335938 0.0373987
0 0.344531 0.053588 0.0208333 0.0302083
0 0.139453 0.041956 0.138802 0.0836806
1 0.945312 0.376389 0.10625 0.114815
0 0.769792 0.537037 0.0645833 0.0953704
0 0.7875 0.198495 0.1125 0.115046
0 0.416146 0.505671 0.0432292 0.107176
0 0.0745443 0.725926 0.0925781 0.0907407
0 0.16901 0.377778 0.0645833 0.0601852
0 0.357292 0.799074 0.05 0.135185
0 0.112695 0.569444 0.074349 0.0703704
0 0.202865 0.278009 0.0713542 0.0625
0 0.0958333 0.638889 0.0789063 0.0740741
0 0.311198 0.487963 0.0734375 0.0925926
0 0.846875 0.442593 0.10625 0.14537
0 0.944792 0.376389 0.10625 0.114815
0 0.224479 0.216898 0.0703125 0.0597222
0 0.152865 0.441204 0.0742188 0.0675926
0 0.327604 0.944676 0.0515625 0.110648
0 0.93125 0.164815 0.0875 0.0833333
0 0.294792 0.582407 0.0635417 0.0925926
0 0.247526 0.052908 0.0549479 0.0522859
0 0.371354 0.034375 0.0447917 0.0657407
0 0.270898 0.635648 0.0457031 0.0601852
0 0.988542 0.024537 0.0229167 0.0483796
0 0.354167 0.0862847 0.0416667 0.0862269
0 0.172656 0.969444 0.0375 0.0592593
0 0.176823 0.0401042 0.0619792 0.0793981
0 0.347396 0.0644097 0.0270833 0.0422454
0 0.840625 0.0538194 0.21875 0.107639
0 0.321354 0.0949074 0.040625 0.0733796
1 0.0179036 0.648148 0.0182292 0.0259259
0 0.841667 0.040162 0.204167 0.0768519
0 0.31849 0.0873843 0.0348958 0.0611111
0 0.204948 0.968518 0.102604 0.062963
0 0.344792 0.0584491 0.021875 0.0305556
0 0.313021 0.0805556 0.0307292 0.0578704
0 0.425 0.158218 0.0375 0.0731481
0 0.190625 0.969444 0.0744792 0.0592593
0 0.30651 0.0778356 0.0390625 0.0649306
0 0.316667 0.0840278 0.046875 0.0671296
1 0.327604 0.944676 0.0520833 0.110648
0 0.273177 0.650463 0.0505208 0.0916667
0 0.327083 0.0989583 0.0520833 0.087037
1 0.616146 0.0684028 0.00729167 0.0282407
0 0.224219 0.965741 0.141667 0.0666667
0 0.341146 0.0652778 0.0260417 0.0444444
0 0.347396 0.0768519 0.03125 0.0673611
1 0.457031 0.378704 0.00729167 0.0138889
0 0.351823 0.0690972 0.0354167 0.0525463
0 0.501042 0.105208 0.0166667 0.0391204
1 0.419792 0.225231 0.00625 0.0212963
0 0.430469 0.155671 0.0494792 0.0821759
1 0.371354 0.0339699 0.0447917 0.0646991
1 0.413802 0.232639 0.00520833 0.0199074
0 0.357812 0.0976273 0.0338542 0.0665509
0 0.16429 0.0471644 0.0860026 0.0943287
0 0.340104 0.0701389 0.0302083 0.0548611
1 0.346354 0.141435 0.00625 0.0127315
0 0.319531 0.102315 0.053125 0.0858796
0 0.311458 0.0895255 0.0479167 0.0700231
0 0.426562 0.139699 0.0416667 0.108333
1 0.357292 0.799074 0.05 0.135185
1 0.616667 0.0681713 0.0104167 0.0328704
0 0.780208 0.0506944 0.341667 0.101389
0 0.66875 0.0233218 0.0416667 0.04375
0 0.615625 0.0690972 0.00729167 0.0291667
0 0.436198 0.14349 0.0609375 0.103762
0 0.210677 0.953472 0.114063 0.0893519
0 0.665625 0.310185 0.0604167 0.0425926
1 0.41849 0.228241 0.00885417 0.0273148
0 0.280469 0.643056 0.0645833 0.0796296
0 0.322917 0.0755787 0.0515625 0.0643518
1 0.270768 0.635185 0.0449219 0.0611111
0 0.338021 0.0734954 0.0526042 0.0645833
0 0.334635 0.0842593 0.05625 0.0833333
0 0.890625 0.0263817 0.0520833 0.0321904
1 0.419271 0.375694 0.00625 0.0175926
1 0.415104 0.230324 0.00833333 0.0240741
1 0.354427 0.0862269 0.0416667 0.0858796
1 0.346354 0.0635417 0.025 0.0405093
1 0.944792 0.376389 0.10625 0.115741
0 0.671354 0.0234954 0.0583333 0.0451389
0 0.301042 0.0822338 0.0390625 0.0646991
0 0.308333 0.0886574 0.0322917 0.0585648
0 0.34401 0.0540365 0.0203125 0.0285012
1 0.172656 0.969444 0.0375 0.0592593
1 0.416927 0.228241 0.00833333 0.0273148
0 0.177474 0.0239005 0.059375 0.0474537
0 0.672396 0.0221354 0.0302083 0.0418403
1 0.152995 0.441204 0.0742188 0.0685185
0 0.314583 0.0935185 0.0328125 0.0657407
0 0.365625 0.0946759 0.0625 0.0979167
0 0.314583 0.0729745 0.028125 0.0545139
0 0.285417 0.662037 0.0755208 0.112963
0 0.361458 0.103501 0.0291667 0.0559606
0 0.788542 0.198495 0.1125 0.115046
0 0.769792 0.537037 0.0645833 0.0953704
0 0.416146 0.506019 0.0427083 0.106481
0 0.11263 0.569907 0.0742188 0.0703704
0 0.0746256 0.725463 0.0921549 0.0898148
0 0.202995 0.278009 0.0713542 0.0625
0 0.16901 0.378241 0.0640625 0.0611111
0 0.0958333 0.638889 0.0786458 0.0740741
0 0.311458 0.4875 0.0729167 0.0916667
0 0.93125 0.163773 0.0854167 0.0844907
0 0.846875 0.442824 0.10625 0.145833
0 0.945833 0.376389 0.10625 0.115741
0 0.357552 0.799074 0.0494792 0.135185
0 0.152995 0.441204 0.0742188 0.0675926
0 0.224479 0.21713 0.0703125 0.0601852
0 0.294531 0.582407 0.0640625 0.0916667
0 0.248437 0.0530093 0.0572917 0.0523148
0 0.328125 0.944676 0.0510417 0.110648
0 0.371354 0.0336227 0.0447917 0.0642361
0 0.270573 0.635648 0.0453125 0.0601852
0 0.988542 0.0241319 0.0229167 0.0476852
0 0.171875 0.969444 0.0354167 0.0592593
0 0.354167 0.086169 0.0421875 0.0859954
0 0.177474 0.036603 0.0609375 0.0727431
0 0.346615 0.0643518 0.0265625 0.0421296
1 0.0178711 0.648148 0.0180339 0.0259259
0 0.425 0.158449 0.0380208 0.0731481
0 0.317187 0.0859375 0.034375 0.0572917
0 0.350521 0.0746528 0.0354167 0.0636574
0 0.344531 0.0595486 0.0213542 0.0325231
0 0.321354 0.0935185 0.0416667 0.0699074
0 0.199479 0.97037 0.0921875 0.0592593
0 0.858333 0.0552228 0.182292 0.10298
0 0.271875 0.655556 0.0479167 0.101852
1 0.328125 0.944676 0.0505208 0.110648
0 0.321354 0.0991898 0.0510417 0.0858796
0 0.501562 0.104861 0.0166667 0.0388889
0 0.822917 0.0608796 0.254167 0.121759
1 0.457031 0.378704 0.00729167 0.0138889
0 0.213802 0.966667 0.121354 0.062963
0 0.429688 0.148495 0.0479167 0.0918982
0 0.357812 0.096875 0.034375 0.06875
0 0.311458 0.0819444 0.03125 0.0553241
1 0.414062 0.23287 0.00572917 0.0203704
1 0.357552 0.799074 0.0494792 0.135185
0 0.341406 0.0646412 0.0244792 0.0429398
0 0.317969 0.0876157 0.0510417 0.0752315
1 0.419792 0.224537 0.00625 0.0203704
0 0.30625 0.0774306 0.0380208 0.0645833
0 0.833333 0.0412616 0.195833 0.081713
0 0.28099 0.653241 0.0661458 0.0981481
1 0.346354 0.141435 0.00729167 0.012963
1 0.172005 0.969444 0.0356771 0.0592593
0 0.272135 0.67963 0.0494792 0.151852
1 0.371354 0.0337095 0.0447917 0.0641782
0 0.361198 0.102344 0.0307292 0.0592014
1 0.616146 0.0683449 0.00729167 0.0274306
1 0.41875 0.228241 0.00833333 0.0273148
1 0.270247 0.636111 0.0449219 0.0611111
1 0.616667 0.0652778 0.00625 0.0222222
0 0.890625 0.0284144 0.0541667 0.0331019
0 0.426042 0.13669 0.0421875 0.115972
1 0.615104 0.0709491 0.00729167 0.0289352
0 0.678125 0.0715278 0.075 0.141204
0 0.615625 0.0696759 0.00625 0.025463
1 0.416667 0.230093 0.0104167 0.0263889
1 0.415104 0.230035 0.00625 0.0241898
0 0.616146 0.0694444 0.00833333 0.0322917
0 0.309375 0.0842593 0.05 0.068287
0 0.31224 0.0751736 0.0276042 0.0540509
1 0.346094 0.0626157 0.0244792 0.0388889
0 0.311458 0.0953125 0.05625 0.0795139
1 0.354167 0.0858796 0.0427083 0.0861111
1 0.945833 0.376389 0.10625 0.115741
0 0.345833 0.0858218 0.0354167 0.084375
0 0.667708 0.107176 0.05 0.0726852
0 0.342187 0.0571759 0.0197917 0.0277778
0 0.333333 0.0854167 0.0604167 0.0861111
0 0.167969 0.0457465 0.0776042 0.0914931
0 0.435417 0.159028 0.0583333 0.0805556
0 0.66875 0.0231554 0.0416667 0.0437355
1 0.414583 0.234954 0.00625 0.025
0 0.309896 0.0906829 0.0354167 0.0637731
0 0.904167 0.0508247 0.090625 0.0793692
1 0.153158 0.441435 0.0744141 0.0680556
0 0.538021 0.0193215 0.0322917 0.0376302
1 0.988542 0.0241392 0.0229167 0.0472078
0 0.296354 0.00302373 0.0125 0.00604745
0 0.354688 0.065842 0.0385417 0.0514178
0 0.316146 0.0747685 0.0552083 0.0643518
1 0.248437 0.053125 0.0572917 0.052662
1 0.846875 0.442824 0.105208 0.145833
0 0.184115 0.97037 0.0604167 0.0592593
1 0.311458 0.486921 0.0729167 0.0909722
1 0.294792 0.582407 0.0635417 0.0916667
0 0.682292 0.0260127 0.0729167 0.0505208
0 0.338021 0.0765625 0.0322917 0.0644676
0 0.365885 0.0815972 0.0588542 0.0956018
0 0.371354 0.107755 0.0458333 0.0550926
1 0.93125 0.163194 0.0854167 0.0856481
0 0.769792 0.537037 0.0645833 0.0953704
0 0.416146 0.506019 0.0427083 0.107407
0 0.0744792 0.725 0.0921875 0.0907407
0 0.788542 0.19838 0.113542 0.115278
0 0.203125 0.278241 0.0713542 0.0625
0 0.11276 0.569907 0.0739583 0.0703704
0 0.311458 0.487963 0.0729167 0.0916667
0 0.0959635 0.638889 0.0783854 0.0740741
0 0.16901 0.378241 0.0640625 0.0611111
0 0.357812 0.799074 0.0489583 0.134259
0 0.945833 0.377315 0.104167 0.115741
0 0.846875 0.443056 0.105208 0.144444
0 0.93125 0.163426 0.0854167 0.0851852
0 0.294792 0.581481 0.0645833 0.0907407
0 0.224609 0.217361 0.0705729 0.0606481
0 0.152897 0.441204 0.0738932 0.0685185
0 0.248437 0.0534144 0.0578125 0.0525463
0 0.328125 0.944676 0.05 0.110648
0 0.371354 0.0342593 0.0447917 0.0657407
0 0.271615 0.636111 0.0473958 0.0611111
0 0.988542 0.0240741 0.0229167 0.0481481
0 0.354688 0.0862269 0.0427083 0.0865741
0 0.171615 0.97037 0.0348958 0.0592593
1 0.0179362 0.648148 0.0180339 0.0259259
0 0.347396 0.0653935 0.0276042 0.0446759
0 0.42474 0.159028 0.0375 0.074537
0 0.176823 0.0370949 0.0617188 0.0731481
0 0.501562 0.104282 0.0161458 0.0386574
0 0.858333 0.0561198 0.1875 0.111603
1 0.414062 0.23287 0.00520833 0.0217593
0 0.346354 0.0756366 0.0291667 0.065162
0 0.188281 0.97037 0.06875 0.0592593
1 0.457031 0.378704 0.00729167 0.0138889
0 0.344792 0.0611111 0.021875 0.0361111
1 0.616146 0.0690972 0.00729167 0.0293981
0 0.325 0.102054 0.05 0.086169
0 0.317187 0.0862269 0.034375 0.0530093
1 0.419792 0.225405 0.00625 0.022338
0 0.430208 0.146759 0.0484375 0.0962963
0 0.351562 0.0684028 0.0354167 0.0513889
0 0.615625 0.0695602 0.00625 0.0300926
1 0.357812 0.799074 0.0489583 0.135185
0 0.359896 0.0982639 0.034375 0.0650463
0 0.667188 0.106366 0.05 0.0736111
0 0.321615 0.0925926 0.0421875 0.0634259
1 0.414323 0.235185 0.00625 0.0268519
1 0.171224 0.97037 0.0341146 0.0592593
0 0.209766 0.966667 0.11224 0.062963
0 0.616146 0.0699074 0.00833333 0.0331019
0 0.272656 0.662963 0.05 0.116667
1 0.371354 0.0345486 0.0447917 0.0657407
1 0.271289 0.636111 0.0470052 0.0611111
0 0.341146 0.0662037 0.0270833 0.0467593
0 0.313542 0.079919 0.0286458 0.0489583
0 0.890625 0.0258102 0.05 0.0284722
1 0.328646 0.944676 0.0494792 0.110648
1 0.346094 0.141204 0.00677083 0.0131944
0 0.433594 0.158102 0.0552083 0.0796296
0 0.823958 0.0596065 0.259375 0.119213
1 0.414844 0.230556 0.00625 0.025463
0 0.280729 0.652778 0.065625 0.0981481
0 0.317969 0.0907407 0.0567708 0.0759259
0 0.669792 0.0229239 0.0375 0.0432726
1 0.988542 0.0238932 0.0229167 0.0471209
0 0.311979 0.0875 0.0333333 0.0560185
0 0.426042 0.133565 0.040625 0.121991
1 0.420312 0.227778 0.00729167 0.0287037
1 0.945312 0.377315 0.105208 0.116204
1 0.419271 0.230556 0.0078125 0.0305556
0 0.305208 0.0768519 0.0395833 0.0597222
1 0.354688 0.0861111 0.0427083 0.0868056
0 0.679167 0.0717593 0.0760417 0.143519
1 0.417708 0.231944 0.0114583 0.0351852
1 0.616146 0.0655093 0.00625 0.0252315
0 0.664062 0.021998 0.0541667 0.0429253
1 0.617188 0.0693287 0.009375 0.0344907
1 0.523958 0.0262731 0.00520833 0.0137153
1 0.846875 0.443056 0.104167 0.144444
1 0.0148437 0.64537 0.0113607 0.0203704
1 0.413542 0.23287 0.00729167 0.025
1 0.153158 0.441204 0.0738932 0.0685185
1 0.311458 0.486921 0.0729167 0.0909722
1 0.345833 0.14213 0.00833333 0.0162037
0 0.672917 0.0221571 0.0270833 0.0417969
0 0.165625 0.0444589 0.0796875 0.0886285
1 0.617708 0.0597222 0.00625 0.0219907
0 0.341667 0.0583333 0.0197917 0.0305556
1 0.294531 0.581944 0.0640625 0.0907407
0 0.906771 0.0533709 0.0854167 0.0860822
0 0.5375 0.0194155 0.0333333 0.0376736
0 0.273698 0.682407 0.053125 0.157407
1 0.346875 0.0652778 0.0270833 0.0444444
0 0.284635 0.668519 0.0744792 0.12963
0 0.311979 0.0727431 0.0291667 0.0446759
0 0.892708 0.035272 0.0552083 0.0478588
0 0.769792 0.0384332 0.0635417 0.0554253
0 0.308854 0.0876736 0.0578125 0.0693287
0 0.34375 0.0556713 0.0197917 0.0321759
1 0.419531 0.373611 0.00572917 0.0138889
0 0.769792 0.537037 0.0645833 0.0962963
0 0.416146 0.506019 0.0427083 0.107407
0 0.0745443 0.725463 0.0920573 0.0898148
0 0.11276 0.57037 0.0739583 0.0703704
0 0.788542 0.198611 0.1125 0.115278
0 0.16901 0.378241 0.0640625 0.0611111
0 0.311458 0.488079 0.0729167 0.0923611
0 0.0958984 0.638889 0.0782552 0.0740741
0 0.202865 0.278472 0.0713542 0.062037
0 0.357812 0.799074 0.0489583 0.135185
0 0.945312 0.377546 0.105208 0.116667
0 0.844792 0.443056 0.102083 0.14537
0 0.152897 0.441435 0.0738932 0.0680556
0 0.294271 0.581944 0.0645833 0.0907407
0 0.224479 0.217708 0.0708333 0.0613426
0 0.930729 0.16331 0.0864583 0.0854167
0 0.248437 0.0537616 0.0578125 0.0533565
0 0.371354 0.0348669 0.0447917 0.0663773
0 0.328125 0.944676 0.0510417 0.110648
0 0.27194 0.636111 0.0477865 0.0611111
0 0.988542 0.0243924 0.0229167 0.0487847
0 0.171745 0.97037 0.0351562 0.0592593
0 0.354427 0.0862847 0.04375 0.0866898
1 0.0179199 0.648148 0.0181315 0.0259259
0 0.347656 0.0650463 0.0286458 0.0439815
0 0.501562 0.104051 0.0161458 0.0388889
0 0.42474 0.159144 0.0375 0.0738426
0 0.176302 0.0385417 0.0625 0.0766204
0 0.859896 0.056713 0.18125 0.113426
1 0.616146 0.0697917 0.00729167 0.030787
1 0.414062 0.23287 0.00520833 0.0231481
0 0.189063 0.97037 0.0708333 0.0592593
0 0.346354 0.0764468 0.0307292 0.0663194
1 0.457031 0.378704 0.00729167 0.0138889
0 0.344792 0.0612847 0.0223958 0.0364583
1 0.419792 0.227373 0.00625 0.027662
0 0.351562 0.0679398 0.0354167 0.05
0 0.208073 0.97037 0.108854 0.0592593
1 0.328125 0.944676 0.05 0.110648
0 0.615625 0.0700231 0.00729167 0.03125
0 0.429948 0.14537 0.0479167 0.0979167
0 0.325781 0.101273 0.0520833 0.0868056
0 0.340625 0.0667245 0.0302083 0.0478009
1 0.414323 0.235185 0.00625 0.0282407
1 0.502865 0.0954861 0.00885417 0.0233796
1 0.357812 0.799074 0.0489583 0.135185
0 0.359375 0.0986111 0.0354167 0.0645833
0 0.890625 0.0256655 0.05 0.0288773
1 0.171354 0.97037 0.034375 0.0592593
0 0.272656 0.662963 0.05 0.116667
0 0.667708 0.106597 0.05 0.0736111
0 0.314844 0.0846065 0.0296875 0.0502315
0 0.432813 0.158449 0.053125 0.0770833
0 0.671875 0.0227431 0.0333333 0.0422454
0 0.165365 0.0435764 0.0822917 0.0871528
1 0.371354 0.0346644 0.0453125 0.0658565
1 0.523958 0.0265336 0.00520833 0.0144097
1 0.417708 0.23235 0.0114583 0.0371528
0 0.313802 0.0773148 0.0276042 0.0409722
0 0.830208 0.0598958 0.239583 0.119792
0 0.341667 0.0630787 0.025 0.0402778
0 0.280469 0.651852 0.0635417 0.0944444
1 0.415104 0.231481 0.00625 0.025
1 0.945312 0.377778 0.105208 0.116667
1 0.271875 0.635185 0.0473958 0.0592593
1 0.420573 0.224306 0.00729167 0.024537
1 0.346354 0.141204 0.00625 0.0131944
1 0.354688 0.0863426 0.04375 0.0865741
0 0.665625 0.0222512 0.046875 0.0432292
0 0.426042 0.133131 0.040625 0.120775
0 0.321875 0.091956 0.0427083 0.0614583
1 0.844792 0.442361 0.102083 0.143981
1 0.988542 0.0238426 0.0229167 0.0476852
0 0.305208 0.0734954 0.0395833 0.0520833
1 0.311458 0.486921 0.0729167 0.0909722
1 0.616667 0.070544 0.0104167 0.0355324
0 0.308073 0.0707176 0.0338542 0.0425926
0 0.904688 0.0543403 0.090625 0.087963
0 0.616667 0.070544 0.0104167 0.0355324
1 0.152995 0.441667 0.0736979 0.0685185
1 0.413542 0.232639 0.00729167 0.025463
1 0.014681 0.64537 0.011263 0.0203704
1 0.617188 0.0609954 0.00625 0.0247685
0 0.5375 0.0192708 0.0333333 0.0375
0 0.333333 0.0740162 0.0604167 0.0642361
0 0.316146 0.0851852 0.0572917 0.0671296
0 0.457292 0.378704 0.0078125 0.0143519
0 0.892708 0.0349537 0.05625 0.0478009
1 0.347135 0.0651042 0.0276042 0.0440972
0 0.303646 0.0648727 0.0385417 0.0459491
0 0.323438 0.0729167 0.05625 0.0574074
0 0.344271 0.0554543 0.0208333 0.0305266
1 0.345833 0.142593 0.00833333 0.0175926
0 0.284831 0.668519 0.0740885 0.127778
0 0.908854 0.0432436 0.08125 0.0655961
1 0.294271 0.581944 0.0645833 0.0907407
1 0.419271 0.374074 0.00520833 0.0148148
0 0.523958 0.0271412 0.00520833 0.0157407
0 0.769792 0.537037 0.0645833 0.0962963
0 0.415885 0.506019 0.0432292 0.106481
0 0.788542 0.198611 0.1125 0.115278
0 0.0744629 0.725463 0.0922201 0.0898148
0 0.112695 0.57037 0.0740885 0.0703704
0 0.0958171 0.639352 0.078418 0.0740741
0 0.16901 0.378241 0.0640625 0.0611111
0 0.311458 0.486921 0.0729167 0.0909722
0 0.202865 0.278472 0.0713542 0.062037
0 0.357812 0.799074 0.0489583 0.135185
0 0.945833 0.377546 0.10625 0.116667
0 0.844792 0.442593 0.102083 0.144444
0 0.152995 0.441204 0.0736979 0.0675926
0 0.930729 0.163194 0.0864583 0.0861111
0 0.224479 0.217824 0.0708333 0.0611111
0 0.294531 0.581944 0.0645833 0.0907407
0 0.248437 0.053805 0.0578125 0.0528067
0 0.371354 0.0347801 0.0447917 0.066088
0 0.328125 0.944676 0.0510417 0.110648
0 0.271875 0.635648 0.0479167 0.0601852
0 0.988542 0.024566 0.0229167 0.0491319
0 0.354688 0.0862847 0.0447917 0.0869213
0 0.171615 0.97037 0.0348958 0.0592593
1 0.0178711 0.648148 0.0181641 0.0259259
0 0.501562 0.103964 0.0166667 0.038831
0 0.347656 0.0646991 0.0291667 0.04375
0 0.176823 0.0384838 0.0614583 0.0765046
0 0.424479 0.159028 0.0375 0.0736111
0 0.860417 0.0566551 0.179167 0.113079
1 0.616146 0.0700231 0.00729167 0.03125
0 0.348958 0.0722801 0.0322917 0.0591435
1 0.457031 0.378704 0.00729167 0.0138889
0 0.190755 0.97037 0.0739583 0.0592593
0 0.344792 0.0605903 0.0234375 0.0355324
1 0.327865 0.944676 0.0510417 0.110648
1 0.414062 0.23287 0.00520833 0.0231481
0 0.208464 0.969444 0.109635 0.0611111
1 0.419792 0.226157 0.00625 0.025463
1 0.502604 0.095544 0.00833333 0.0232639
0 0.890625 0.0255498 0.05 0.0293403
0 0.340625 0.0664352 0.0322917 0.0474537
0 0.615625 0.0700231 0.00833333 0.0314815
0 0.429948 0.147454 0.0479167 0.0944444
1 0.171354 0.97037 0.034375 0.0592593
0 0.326562 0.099537 0.0541667 0.0861111
0 0.359375 0.0987269 0.0364583 0.0643518
1 0.357812 0.799074 0.0489583 0.135185
1 0.414583 0.235185 0.00625 0.0287037
0 0.316667 0.0847222 0.03125 0.0497685
1 0.523958 0.0265625 0.00416667 0.0145833
0 0.341667 0.0626157 0.0265625 0.0399306
0 0.272917 0.663889 0.05 0.118519
0 0.314063 0.0770255 0.028125 0.0416667
0 0.341667 0.0587963 0.0229167 0.0321759
0 0.905729 0.0512587 0.0885417 0.0824363
0 0.667708 0.10651 0.05 0.0735532
1 0.501823 0.096875 0.0109375 0.0226852
1 0.419271 0.229861 0.0078125 0.0305556
0 0.164193 0.0432292 0.0851562 0.0864583
0 0.672396 0.0225405 0.03125 0.041956
0 0.31224 0.0875 0.0333333 0.05625
1 0.371354 0.0345486 0.0447917 0.0653935
0 0.280469 0.651852 0.0635417 0.0944444
1 0.27194 0.635185 0.0477865 0.0592593
1 0.945833 0.377546 0.10625 0.116667
1 0.417969 0.231944 0.0114583 0.037037
1 0.616667 0.0703125 0.0104167 0.0350694
1 0.415104 0.231713 0.00572917 0.025
0 0.308854 0.071412 0.0328125 0.0428241
0 0.80625 0.0362847 0.0708333 0.059838
1 0.354688 0.0863426 0.0442708 0.0868056
0 0.321875 0.0912037 0.0416667 0.0601852
0 0.907292 0.0402778 0.0833333 0.0611111
0 0.271094 0.649537 0.0458333 0.0888889
0 0.334375 0.0746528 0.0625 0.0655093
0 0.893229 0.0344907 0.05625 0.0474537
1 0.311458 0.487037 0.0729167 0.0907407
0 0.316667 0.0837963 0.0541667 0.0634259
0 0.538021 0.0191479 0.0322917 0.0376302
0 0.209766 0.957407 0.11224 0.0833333
1 0.988542 0.0239005 0.0229167 0.0478009
0 0.426302 0.132899 0.0411458 0.122164
1 0.294271 0.581944 0.0640625 0.0907407
1 0.844792 0.442593 0.102083 0.143519
0 0.665625 0.0228299 0.0458333 0.0433449
1 0.152865 0.441204 0.0734375 0.0675926
0 0.523958 0.027228 0.00520833 0.0157407
0 0.32474 0.0730903 0.0567708 0.0577546
1 0.0142904 0.64537 0.0106771 0.0203704
1 0.504427 0.00651042 0.003125 0.0114583
0 0.344271 0.0553819 0.0208333 0.0290509
1 0.617188 0.0612269 0.00729167 0.0256944
1 0.346354 0.141204 0.00625 0.0131944
0 0.457292 0.378704 0.00833333 0.0143519
0 0.30599 0.0799768 0.0385417 0.0511574
0 0.333594 0.0709491 0.0427083 0.0550926
0 0.83125 0.0604745 0.233333 0.120949
0 0.320312 0.106684 0.059375 0.0903356
0 0.303125 0.0738426 0.0416667 0.05625
1 0.501042 0.0975116 0.0130208 0.0290509
0 0.304167 0.065625 0.0385417 0.0462963
0 0.315104 0.0723958 0.05625 0.053588
1 0.504687 0.00694444 0.00416667 0.0127894
1 0.413542 0.232639 0.00729167 0.0259259
1 0.0744954 0.725 0.0921549 0.0907407
0 0.884896 0.0241609 0.0375 0.0259259
0 0.788021 0.19838 0.1125 0.115278
0 0.415885 0.506019 0.0432292 0.106481
0 0.769792 0.537037 0.0645833 0.0962963
0 0.0744792 0.725 0.0921875 0.0907407
0 0.202865 0.278241 0.071875 0.062037
0 0.11263 0.57037 0.0742188 0.0703704
0 0.0958496 0.638889 0.0788737 0.0740741
0 0.16901 0.378241 0.0640625 0.0611111
0 0.311458 0.487037 0.0729167 0.0907407
0 0.357552 0.799537 0.0494792 0.135185
0 0.945833 0.377778 0.10625 0.116667
0 0.844792 0.442593 0.102083 0.144444
0 0.152897 0.441435 0.0738932 0.0680556
0 0.224479 0.217824 0.0708333 0.0611111
0 0.930729 0.163426 0.0864583 0.0856481
0 0.294271 0.581944 0.0645833 0.0907407
0 0.248437 0.0537616 0.0578125 0.0528935
0 0.371354 0.0343171 0.0447917 0.0652778
0 0.27181 0.635185 0.0480469 0.0592593
0 0.328125 0.944676 0.0510417 0.110648
0 0.988542 0.024537 0.0229167 0.0490741
0 0.354688 0.086169 0.0442708 0.0866898
0 0.171484 0.97037 0.0346354 0.0592593
1 0.0178711 0.648148 0.0181641 0.0259259
0 0.501823 0.104051 0.0161458 0.0388889
0 0.347917 0.0648148 0.0296875 0.0439815
0 0.176693 0.0396123 0.0617188 0.0791088
0 0.424479 0.159144 0.0375 0.0729167
0 0.345833 0.0708333 0.03125 0.0564815
1 0.328125 0.944676 0.0510417 0.110648
0 0.861458 0.056713 0.18125 0.111574
0 0.202865 0.968518 0.0984375 0.062963
0 0.190365 0.97037 0.0729167 0.0592593
1 0.615625 0.0698495 0.00833333 0.0311343
1 0.457031 0.378704 0.00729167 0.0138889
0 0.344792 0.0607639 0.0234375 0.0361111
1 0.502604 0.0954282 0.00833333 0.0228009
0 0.35 0.0759259 0.034375 0.0666667
1 0.414062 0.23287 0.00520833 0.0222222
0 0.890625 0.0255498 0.0489583 0.0300347
0 0.326042 0.100926 0.0520833 0.0851852
1 0.419792 0.225926 0.00625 0.025
0 0.208594 0.959259 0.110417 0.0796296
0 0.352083 0.0677083 0.0375 0.0501157
0 0.340365 0.0666667 0.0328125 0.0481481
0 0.615625 0.0698495 0.00833333 0.03125
0 0.316667 0.0849537 0.0322917 0.05
1 0.357812 0.799074 0.05 0.135185
0 0.429427 0.146181 0.046875 0.0974537
1 0.171224 0.97037 0.0341146 0.0592593
0 0.359375 0.0984954 0.0364583 0.0645833
1 0.523958 0.0266204 0.00416667 0.0144676
0 0.314063 0.077662 0.028125 0.0428241
1 0.457292 0.377315 0.00833333 0.0175926
1 0.414583 0.235185 0.00625 0.0287037
0 0.272917 0.664352 0.05 0.119444
0 0.280469 0.650926 0.0630208 0.0944444
1 0.501823 0.0972222 0.0109375 0.0231481
0 0.432813 0.15787 0.053125 0.0759259
1 0.415104 0.231019 0.00729167 0.0263889
0 0.321615 0.0913773 0.0411458 0.0603009
0 0.341667 0.0586806 0.0229167 0.0321759
0 0.667708 0.106453 0.05 0.073669
0 0.162109 0.0429398 0.0898438 0.0858796
1 0.27194 0.635185 0.0477865 0.0592593
0 0.80625 0.0364583 0.06875 0.0592593
0 0.426042 0.133304 0.0395833 0.122743
0 0.271094 0.65 0.0458333 0.0898148
0 0.892708 0.0347295 0.0552083 0.0484809
0 0.672396 0.0224826 0.03125 0.041956
1 0.371354 0.0345197 0.0447917 0.0652199
0 0.317187 0.0850694 0.0520833 0.062037
0 0.308333 0.071412 0.0333333 0.0430556
1 0.354688 0.0863426 0.0447917 0.0868056
1 0.945833 0.377546 0.10625 0.11713
0 0.334896 0.0756944 0.0614583 0.0671296
1 0.153092 0.441435 0.0735026 0.0680556
0 0.523958 0.0272859 0.00520833 0.0156829
1 0.419271 0.229687 0.00833333 0.0304398
1 0.311458 0.487153 0.0729167 0.0905093
0 0.335938 0.063831 0.0375 0.0452546
1 0.844792 0.442593 0.102083 0.144444
0 0.538021 0.0191262 0.0322917 0.0377894
0 0.457292 0.378704 0.00833333 0.0148148
0 0.665625 0.0226563 0.0458333 0.0432292
0 0.904688 0.0537037 0.090625 0.0877315
1 0.417708 0.231713 0.0114583 0.0365741
0 0.325 0.0734954 0.0552083 0.0576389
0 0.147917 0.0349248 0.116927 0.0698495
1 0.988542 0.0239005 0.0229167 0.0478009
1 0.617188 0.0618056 0.00729167 0.0266204
1 0.294271 0.581944 0.0640625 0.0907407
0 0.34401 0.0553241 0.0213542 0.0291667
0 0.333594 0.071412 0.0421875 0.0560185
0 0.30625 0.0792824 0.0375 0.0479167
1 0.346354 0.141204 0.00625 0.0134259
0 0.363281 0.104659 0.0328125 0.0531829
1 0.0142578 0.645833 0.0106771 0.0203704
1 0.504687 0.00653935 0.003125 0.0116898
0 0.306771 0.0845486 0.053125 0.0600694
0 0.310417 0.0925347 0.0333333 0.0603009
0 0.884896 0.0238932 0.0375 0.0255932
0 0.302604 0.0737269 0.0416667 0.0543981
0 0.0860677 0.418519 0.0160156 0.0199074
0 0.303646 0.0664352 0.0385417 0.0459491
0 0.415885 0.506019 0.0432292 0.106481
0 0.202995 0.278241 0.0716146 0.062037
0 0.769792 0.537037 0.0645833 0.0962963
0 0.0744792 0.725463 0.0921875 0.0898148
0 0.788021 0.198495 0.1125 0.115046
0 0.11263 0.57037 0.0742188 0.0703704
0 0.0958171 0.639352 0.0786784 0.075
0 0.16901 0.378241 0.0640625 0.0611111
0 0.224479 0.217824 0.0708333 0.0611111
0 0.357552 0.799074 0.0494792 0.135185
0 0.311458 0.487037 0.0729167 0.0907407
0 0.945833 0.377778 0.10625 0.116667
0 0.845312 0.442824 0.103125 0.144907
0 0.152995 0.441204 0.0739583 0.0675926
0 0.930729 0.163426 0.0864583 0.0856481
0 0.294271 0.582407 0.0645833 0.0907407
0 0.248437 0.0537616 0.0578125 0.0528935
0 0.371354 0.0346065 0.0447917 0.0657407
0 0.328125 0.944676 0.0510417 0.110648
0 0.272135 0.635185 0.0479167 0.0592593
0 0.988542 0.024537 0.0229167 0.0490741
0 0.354688 0.0861111 0.0447917 0.0865741
0 0.171484 0.97037 0.0346354 0.0592593
1 0.0178874 0.648148 0.0181966 0.0259259
0 0.501562 0.104167 0.015625 0.0386574
0 0.347917 0.0648148 0.0302083 0.0439815
0 0.42474 0.159491 0.0375 0.0731481
0 0.176042 0.0405671 0.0625 0.0811343
0 0.345833 0.070544 0.0307292 0.0556713
1 0.328125 0.944676 0.0510417 0.110648
0 0.201953 0.968518 0.0966146 0.062963
1 0.615625 0.0697917 0.00833333 0.0314815
1 0.457031 0.378704 0.00729167 0.0138889
0 0.858854 0.0575087 0.185417 0.111834
0 0.184375 0.969444 0.0604167 0.0592593
0 0.344792 0.0605324 0.0239583 0.0356481
1 0.502865 0.0953125 0.00833333 0.022338
0 0.208594 0.959259 0.109896 0.0796296
0 0.349479 0.0756944 0.0333333 0.0659722
1 0.414062 0.23287 0.00520833 0.0212963
0 0.890625 0.0252894 0.0489583 0.0295139
0 0.326042 0.100203 0.0520833 0.0852431
1 0.419792 0.225463 0.00625 0.0240741
0 0.340104 0.0664352 0.0322917 0.0474537
0 0.352083 0.0678819 0.0375 0.0503472
0 0.316667 0.0846065 0.0322917 0.049537
0 0.429167 0.146528 0.046875 0.0972222
0 0.615625 0.0697917 0.00833333 0.0314815
1 0.357552 0.799074 0.0494792 0.135185
1 0.171354 0.97037 0.0338542 0.0592593
1 0.523958 0.0265914 0.00416667 0.0144676
0 0.359896 0.0987847 0.0354167 0.0637731
1 0.457292 0.377315 0.00833333 0.0175926
0 0.314323 0.0776042 0.0286458 0.0422454
0 0.280143 0.650926 0.0626302 0.0925926
1 0.419271 0.228241 0.0078125 0.0291667
0 0.272982 0.662963 0.0498698 0.116667
0 0.432813 0.158102 0.053125 0.0752315
1 0.501562 0.0975116 0.0104167 0.0232639
0 0.152995 0.0423611 0.106771 0.0847222
0 0.321875 0.0914352 0.0416667 0.0606481
0 0.341667 0.0584491 0.0229167 0.031713
1 0.414583 0.235185 0.00625 0.0277778
1 0.272135 0.635185 0.0473958 0.0592593
0 0.80625 0.0363426 0.0697917 0.0591435
0 0.317187 0.0854167 0.05 0.0613426
0 0.672917 0.0224248 0.03125 0.041956
1 0.415104 0.231019 0.00729167 0.0263889
0 0.425781 0.133767 0.0395833 0.121817
0 0.308333 0.071412 0.034375 0.0428241
0 0.334896 0.0762732 0.0604167 0.0680556
1 0.371354 0.0344907 0.0447917 0.065162
1 0.354688 0.0862847 0.0447917 0.0866898
0 0.665625 0.0225405 0.0458333 0.0431134
0 0.892708 0.0355035 0.05625 0.0499421
0 0.523958 0.0273148 0.00520833 0.015625
0 0.667708 0.106481 0.05 0.0733796
1 0.945833 0.377315 0.10625 0.116667
1 0.153092 0.441435 0.0735026 0.0680556
1 0.311458 0.487153 0.0729167 0.0905093
1 0.844792 0.442824 0.102083 0.143981
0 0.363542 0.104745 0.0328125 0.0525463
1 0.617188 0.0619213 0.00729167 0.0268519
0 0.457292 0.378704 0.00833333 0.0148148
0 0.538021 0.0190394 0.0322917 0.0377894
0 0.333854 0.0711806 0.0427083 0.0553241
0 0.325 0.0737269 0.0552083 0.0576389
0 0.310937 0.0913773 0.0333333 0.0586806
0 0.34401 0.0552083 0.0213542 0.0289352
1 0.501042 0.0975116 0.0125 0.028588
0 0.306771 0.0846065 0.0520833 0.0592593
0 0.30625 0.078588 0.0364583 0.0460648
1 0.294271 0.581944 0.0645833 0.0907407
1 0.988542 0.0239583 0.0229167 0.0479167
1 0.504687 0.00662616 0.003125 0.0118056
0 0.302344 0.0734954 0.0421875 0.0530093
1 0.346354 0.141204 0.00625 0.0134259
0 0.769792 0.537037 0.0645833 0.0962963
0 0.416146 0.506597 0.0432292 0.107176
0 0.0744792 0.725463 0.0921875 0.0898148
0 0.788021 0.198611 0.1125 0.114815
0 0.112565 0.569907 0.074349 0.0703704
0 0.0958333 0.638889 0.0789063 0.0740741
0 0.16901 0.378241 0.0640625 0.0611111
0 0.202865 0.278241 0.0713542 0.062037
0 0.945833 0.377315 0.10625 0.116667
0 0.311458 0.487037 0.0729167 0.0898148
0 0.357292 0.799074 0.05 0.135185
0 0.844792 0.443056 0.102083 0.144444
0 0.153158 0.441204 0.0738932 0.0675926
0 0.224349 0.217824 0.0705729 0.0611111
0 0.930729 0.163657 0.0864583 0.0851852
0 0.294271 0.581944 0.0645833 0.0898148
0 0.248437 0.0537037 0.0578125 0.0527778
0 0.371354 0.0344329 0.0447917 0.0653935
0 0.271875 0.635185 0.0479167 0.0592593
0 0.988542 0.0244213 0.0229167 0.0488426
0 0.327865 0.944676 0.0510417 0.110648
0 0.354688 0.0864583 0.0447917 0.0865741
0 0.171615 0.97037 0.0348958 0.0592593
1 0.0178711 0.648148 0.0182292 0.0259259
0 0.501562 0.104167 0.015625 0.0388889
0 0.347917 0.0648148 0.0296875 0.04375
1 0.327865 0.944676 0.0510417 0.110648
0 0.175 0.0407697 0.0651042 0.0815394
0 0.425 0.159491 0.0380208 0.0731481
0 0.345313 0.0704861 0.0302083 0.0553241
0 0.184505 0.969444 0.0606771 0.0592593
0 0.19987 0.97037 0.0924479 0.0592593
1 0.615625 0.0697917 0.00833333 0.0314815
0 0.859375 0.0572338 0.185417 0.111921
1 0.457031 0.378704 0.00729167 0.0138889
0 0.344271 0.0600694 0.0229167 0.0344907
0 0.207943 0.962037 0.108073 0.0759259
1 0.502865 0.0952546 0.00833333 0.0219907
1 0.414062 0.23287 0.00520833 0.0208333
0 0.890625 0.0252604 0.0479167 0.0289931
0 0.273958 0.650926 0.0515625 0.0925926
0 0.339844 0.0663194 0.0322917 0.0469907
0 0.352083 0.0680556 0.0375 0.050463
1 0.419792 0.225405 0.00625 0.0232639
0 0.326302 0.0997107 0.0526042 0.0855324
1 0.357552 0.799074 0.0494792 0.135185
1 0.171354 0.97037 0.034375 0.0592593
0 0.615625 0.0697917 0.00833333 0.0314815
0 0.341146 0.0623843 0.0270833 0.0393519
1 0.457031 0.377315 0.00833333 0.0175926
0 0.359896 0.0991898 0.0354167 0.0631944
1 0.523958 0.0265914 0.00416667 0.0145255
0 0.429167 0.146557 0.0458333 0.0980903
0 0.316667 0.084375 0.0322917 0.0490741
0 0.153092 0.0423611 0.107357 0.0847222
1 0.502083 0.0974537 0.0104167 0.0229167
0 0.432552 0.156019 0.053125 0.0768519
1 0.419271 0.228241 0.0078125 0.0287037
0 0.341406 0.0579282 0.0223958 0.0304398
0 0.80625 0.0362558 0.06875 0.0587384
0 0.313021 0.073669 0.0291667 0.0402778
0 0.671875 0.0224248 0.0333333 0.041956
1 0.272135 0.634722 0.0473958 0.0583333
1 0.414323 0.235185 0.00625 0.0268519
0 0.28151 0.644907 0.0619792 0.0824074
0 0.334375 0.0759259 0.059375 0.0668981
0 0.321875 0.0915509 0.0416667 0.0608796
0 0.308333 0.0717593 0.0338542 0.0422454
0 0.316927 0.084838 0.05 0.0613426
0 0.665625 0.0218461 0.0479167 0.0433449
1 0.415104 0.231076 0.00729167 0.0258102
0 0.457292 0.378704 0.00833333 0.0148148
1 0.371354 0.0342882 0.0447917 0.0649884
0 0.363542 0.105093 0.0328125 0.0518519
1 0.617188 0.0619213 0.00729167 0.0269676
1 0.354688 0.0863426 0.0442708 0.0865741
0 0.892708 0.0367405 0.0552083 0.0519821
1 0.311458 0.486574 0.0729167 0.0898148
0 0.34375 0.0552083 0.0208333 0.0284722
0 0.333073 0.0712963 0.04375 0.0553241
0 0.523958 0.0273148 0.00520833 0.0155093
0 0.538021 0.0189525 0.0322917 0.0379051
1 0.153092 0.441435 0.0735026 0.0680556
1 0.945833 0.377315 0.10625 0.116667
0 0.32474 0.073669 0.0546875 0.0572917
1 0.501042 0.0976852 0.0125 0.0287037
1 0.844792 0.443056 0.102083 0.144444
0 0.667188 0.106481 0.05 0.0733796
1 0.294271 0.581944 0.0640625 0.0907407
1 0.504687 0.00665509 0.003125 0.012037
0 0.306771 0.0846065 0.0520833 0.0592593
0 0.30625 0.0789931 0.0375 0.0459491
0 0.310417 0.0913773 0.034375 0.058912
0 0.302083 0.0740741 0.0427083 0.0525463
0 0.769792 0.536574 0.0645833 0.0962963
0 0.416146 0.506597 0.0432292 0.107176
0 0.0745443 0.725 0.0920573 0.0907407
0 0.788021 0.198611 0.1125 0.114815
0 0.112565 0.569907 0.074349 0.0703704
0 0.0958496 0.638889 0.0788737 0.0740741
0 0.16901 0.378241 0.0640625 0.0611111
0 0.202995 0.278009 0.0713542 0.062037
0 0.311458 0.4875 0.0729167 0.0907407
0 0.357292 0.799074 0.05 0.135185
0 0.945833 0.377315 0.10625 0.116667
0 0.844792 0.443287 0.102083 0.144907
0 0.152995 0.441204 0.0736979 0.0675926
0 0.224349 0.217824 0.0705729 0.0611111
0 0.930729 0.163657 0.0864583 0.0851852
0 0.29401 0.582407 0.0640625 0.0907407
0 0.248437 0.0536458 0.0578125 0.052662
0 0.371354 0.0344039 0.0447917 0.0654514
0 0.271875 0.635185 0.0479167 0.0592593
0 0.988542 0.0244213 0.0229167 0.0488426
0 0.327604 0.944676 0.0510417 0.110648
0 0.354688 0.0864583 0.04375 0.0865741
0 0.171615 0.97037 0.0348958 0.0592593
1 0.0178711 0.648148 0.0181641 0.025
0 0.501562 0.104196 0.0161458 0.038831
0 0.347917 0.0648148 0.0296875 0.04375
1 0.327604 0.944676 0.0510417 0.110648
0 0.175 0.0407697 0.0651042 0.0815394
0 0.345313 0.070544 0.0302083 0.0552083
0 0.425 0.159606 0.0380208 0.0733796
0 0.184245 0.969444 0.0601562 0.0592593
0 0.198958 0.97037 0.090625 0.0592593
1 0.615625 0.0696759 0.00833333 0.0314815
1 0.457031 0.378704 0.00729167 0.0138889
0 0.859375 0.0572338 0.185417 0.110764
0 0.208333 0.964815 0.109375 0.0685185
0 0.344271 0.0596065 0.0223958 0.0335648
0 0.274414 0.650926 0.0522135 0.0925926
1 0.502604 0.0953704 0.00833333 0.0222222
0 0.890625 0.0252894 0.0479167 0.028588
1 0.414062 0.23287 0.00520833 0.0203704
0 0.352083 0.0680556 0.0375 0.050463
0 0.339583 0.0662037 0.0322917 0.0467593
1 0.419792 0.225231 0.00625 0.0231481
1 0.357552 0.799074 0.0494792 0.135185
1 0.171354 0.97037 0.0341146 0.0592593
0 0.615625 0.0696759 0.00833333 0.0315972
0 0.359896 0.0992477 0.0354167 0.0628472
0 0.340885 0.0622106 0.0270833 0.0390046
0 0.326562 0.0991319 0.0536458 0.0859954
1 0.616667 0.0673611 0.00833333 0.0278935
0 0.428906 0.147714 0.0458333 0.0962384
1 0.523958 0.0265625 0.00416667 0.0144676
0 0.152995 0.0423032 0.107813 0.0846065
1 0.419271 0.228241 0.0078125 0.0282407
0 0.341146 0.0577546 0.021875 0.0298611
1 0.501823 0.0975694 0.0109375 0.0226852
0 0.316667 0.0842593 0.0322917 0.0490741
0 0.433073 0.158796 0.0541667 0.075463
0 0.80625 0.0361979 0.06875 0.058044
0 0.31276 0.0737269 0.0296875 0.0400463
1 0.272135 0.635185 0.0473958 0.0592593
0 0.457292 0.378704 0.00833333 0.0148148
0 0.671875 0.0224537 0.0333333 0.0418981
1 0.414323 0.234722 0.00625 0.0268519
0 0.333854 0.0762153 0.0583333 0.0672454
1 0.414583 0.230961 0.00625 0.0251157
0 0.363281 0.104832 0.0328125 0.0523727
0 0.665625 0.0217303 0.0479167 0.0423032
0 0.311979 0.0866319 0.034375 0.053588
0 0.308073 0.0717593 0.034375 0.0421296
0 0.892708 0.0369864 0.0541667 0.0519531
1 0.371354 0.0342882 0.0447917 0.0649884
0 0.321615 0.0911458 0.0416667 0.059838
1 0.354688 0.0864005 0.0442708 0.0864583
0 0.34401 0.0550347 0.0208333 0.0278935
0 0.316406 0.084838 0.0520833 0.062963
1 0.311458 0.487153 0.0729167 0.0905093
1 0.153092 0.441435 0.0735026 0.0680556
1 0.844792 0.443287 0.102083 0.144907
1 0.504687 0.00665509 0.003125 0.0121528
0 0.332812 0.0712963 0.04375 0.0550926
1 0.184245 0.969444 0.0601562 0.0592593
1 0.945833 0.377315 0.10625 0.116667
0 0.538021 0.0189815 0.0322917 0.037963
0 0.324479 0.0738426 0.0552083 0.0576389
0 0.206771 0.95 0.106771 0.1
0 0.523958 0.0273148 0.00520833 0.0155093
0 0.667708 0.106944 0.0510417 0.0736111
1 0.29401 0.581944 0.0640625 0.0907407
1 0.501042 0.0979167 0.0125 0.0289352
0 0.336458 0.0600694 0.0333333 0.037037
0 0.894792 0.418056 0.20625 0.202778
1 0.346354 0.141204 0.00625 0.0134259
0 0.769792 0.536574 0.0645833 0.0962963
0 0.416146 0.506597 0.04375 0.107176
0 0.0745443 0.725 0.0920573 0.0907407
0 0.788021 0.198727 0.1125 0.115046
0 0.112565 0.569907 0.074349 0.0703704
0 0.0957682 0.639352 0.0785156 0.075
0 0.16901 0.378241 0.0640625 0.0611111
0 0.203125 0.278009 0.0713542 0.062037
0 0.311458 0.4875 0.0729167 0.0907407
0 0.945833 0.377315 0.10625 0.116667
0 0.357552 0.799537 0.0494792 0.135185
0 0.844792 0.443287 0.102083 0.144907
0 0.152995 0.441204 0.0736979 0.0675926
0 0.224479 0.217593 0.0703125 0.0611111
0 0.930729 0.163657 0.0864583 0.0851852
0 0.29401 0.582407 0.0640625 0.0907407
0 0.248437 0.0536458 0.0578125 0.052662
0 0.371354 0.0344039 0.0447917 0.0654514
0 0.271875 0.635185 0.0479167 0.0592593
0 0.988542 0.024537 0.0229167 0.0490741
0 0.327604 0.944676 0.0510417 0.110648
0 0.354688 0.0864583 0.04375 0.0863426
0 0.171615 0.97037 0.0348958 0.0592593
1 0.0178711 0.648148 0.0182292 0.0240741
0 0.501562 0.104282 0.0161458 0.0388889
0 0.347917 0.0649306 0.0296875 0.0439815
1 0.327604 0.944676 0.0515625 0.110648
0 0.17526 0.0405671 0.0645833 0.0811343
0 0.184115 0.969444 0.0598958 0.0592593
0 0.345313 0.0703704 0.0302083 0.0548611
0 0.425 0.159491 0.0385417 0.0731481
1 0.615625 0.0696181 0.00833333 0.0314815
1 0.457031 0.378704 0.00729167 0.0138889
0 0.197917 0.97037 0.0885417 0.0592593
0 0.859375 0.0575231 0.185417 0.109028
0 0.208464 0.965741 0.109635 0.0685185
0 0.344271 0.059375 0.021875 0.0328704
0 0.890625 0.0252025 0.0479167 0.0280671
0 0.274479 0.651389 0.0526042 0.0935185
1 0.414062 0.23287 0.00520833 0.0212963
1 0.357552 0.799074 0.0494792 0.135185
1 0.502604 0.0954861 0.00833333 0.0224537
0 0.352083 0.0679977 0.0375 0.0503472
1 0.171354 0.97037 0.034375 0.0592593
1 0.419792 0.225231 0.00625 0.0226852
0 0.339583 0.0661458 0.0322917 0.0465278
0 0.615625 0.0696759 0.00833333 0.0314815
0 0.359896 0.0993056 0.0354167 0.0625
0 0.340625 0.0620949 0.0270833 0.0387731
1 0.616667 0.0673611 0.00833333 0.0280093
0 0.327083 0.0986111 0.0552083 0.087037
0 0.428906 0.147917 0.0458333 0.0949074
0 0.281771 0.644907 0.0625 0.0824074
0 0.341146 0.0575231 0.021875 0.0295139
0 0.151855 0.0423032 0.110352 0.0846065
1 0.523958 0.0266493 0.00416667 0.0146412
1 0.419271 0.228241 0.0078125 0.0282407
0 0.457292 0.378704 0.00833333 0.0148148
0 0.432813 0.158565 0.0536458 0.075
0 0.892708 0.0373843 0.0541667 0.0523148
1 0.27194 0.635185 0.0477865 0.0592593
0 0.671354 0.0224248 0.0354167 0.041956
1 0.501562 0.0978588 0.0114583 0.0228009
0 0.333854 0.0763889 0.0572917 0.0675926
0 0.80625 0.0362341 0.06875 0.0576244
0 0.316667 0.0842014 0.0322917 0.0489583
1 0.414323 0.234722 0.00625 0.0268519
0 0.363542 0.104861 0.0333333 0.0520833
1 0.184115 0.969444 0.0598958 0.0592593
0 0.3125 0.0735532 0.03125 0.0399306
0 0.663542 0.0214627 0.0541667 0.0420284
1 0.371354 0.0342303 0.0447917 0.0648727
0 0.311458 0.0868634 0.0364583 0.0542824
0 0.229687 0.964815 0.155729 0.0703704
0 0.906771 0.0484809 0.0864583 0.0759549
1 0.354688 0.0863426 0.0442708 0.0863426
0 0.307292 0.0714699 0.0364583 0.0420139
1 0.420833 0.224074 0.00729167 0.0231481
0 0.538021 0.0190683 0.0322917 0.0381366
0 0.332812 0.0711227 0.04375 0.0545139
1 0.311458 0.487153 0.0729167 0.0905093
1 0.153092 0.441435 0.0735026 0.0680556
0 0.321875 0.0907407 0.0416667 0.0590278
0 0.324479 0.0738426 0.05625 0.0581019
0 0.895312 0.416204 0.209375 0.205556
1 0.504687 0.00659722 0.003125 0.0122685
0 0.315625 0.084838 0.0552083 0.0657407
1 0.945833 0.377315 0.10625 0.116667
0 0.336458 0.0600694 0.0333333 0.0368056
1 0.844792 0.443287 0.102083 0.144907
0 0.426042 0.134375 0.040625 0.121528
0 0.20612 0.95 0.105469 0.0981481
1 0.197917 0.97037 0.0885417 0.0592593
1 0.346354 0.141204 0.00625 0.0134259
1 0.29401 0.581944 0.0640625 0.0907407
0 0.282813 0.662963 0.0692708 0.116667
0 0.202865 0.277778 0.0713542 0.062037
0 0.769792 0.536574 0.0645833 0.0962963
0 0.416146 0.506597 0.04375 0.107176
0 0.0745443 0.725 0.0920573 0.0907407
0 0.788021 0.198727 0.1125 0.115046
0 0.11263 0.569907 0.0742188 0.0703704
0 0.0958171 0.638889 0.078418 0.0740741
0 0.16901 0.378241 0.0640625 0.0611111
0 0.311458 0.487037 0.0729167 0.0907407
0 0.945833 0.377546 0.10625 0.116667
0 0.357552 0.799074 0.0494792 0.135185
0 0.844792 0.443519 0.102083 0.144444
0 0.152995 0.441204 0.0736979 0.0675926
0 0.224479 0.217708 0.0703125 0.0608796
0 0.930729 0.163657 0.0864583 0.0849537
0 0.29401 0.582407 0.0640625 0.0907407
0 0.248437 0.0536458 0.0578125 0.052662
0 0.371354 0.0343171 0.0447917 0.0652778
0 0.271875 0.635648 0.0479167 0.0601852
0 0.988542 0.024566 0.0229167 0.0491319
0 0.354688 0.0864583 0.04375 0.0863426
0 0.327604 0.944676 0.0510417 0.110648
0 0.171615 0.97037 0.0348958 0.0592593
1 0.327604 0.944676 0.0510417 0.110648
1 0.0178711 0.648148 0.0182292 0.025
0 0.347917 0.0650463 0.0296875 0.044213
0 0.501562 0.104282 0.0161458 0.0388889
0 0.175 0.0404225 0.065625 0.0808449
0 0.183854 0.969444 0.059375 0.0592593
0 0.345313 0.0702546 0.0302083 0.0546296
1 0.615625 0.0696759 0.00833333 0.0314815
0 0.42526 0.159491 0.0385417 0.0731481
1 0.457031 0.378704 0.00729167 0.0138889
0 0.196615 0.97037 0.0859375 0.0592593
0 0.890625 0.0252315 0.0479167 0.0278935
0 0.208594 0.965741 0.109375 0.0685185
1 0.357552 0.799074 0.0494792 0.135185
0 0.344271 0.059375 0.0223958 0.0328704
0 0.274479 0.651389 0.0526042 0.0935185
0 0.352083 0.0679398 0.0375 0.0502315
1 0.414062 0.23287 0.00520833 0.0208333
1 0.171354 0.97037 0.034375 0.0592593
0 0.859896 0.0576968 0.185417 0.106366
0 0.339583 0.0661458 0.0322917 0.0466435
0 0.615625 0.0696181 0.00833333 0.0314815
1 0.616667 0.0674769 0.00833333 0.0280093
1 0.419792 0.224942 0.00572917 0.022338
1 0.502604 0.0960069 0.00833333 0.0232639
0 0.359896 0.0993056 0.0354167 0.0625
0 0.340625 0.062037 0.0270833 0.0386574
0 0.428906 0.148611 0.0458333 0.0925926
0 0.892708 0.0364005 0.0541667 0.0501157
0 0.281706 0.644907 0.0626302 0.0824074
0 0.15013 0.0421296 0.114063 0.0842593
0 0.327083 0.0974537 0.0552083 0.087037
0 0.457292 0.378704 0.00833333 0.0148148
0 0.341146 0.0575231 0.0223958 0.0293981
1 0.523958 0.0267072 0.00520833 0.0147569
1 0.272135 0.635185 0.0473958 0.0592593
0 0.432813 0.158218 0.053125 0.0743056
0 0.333594 0.0762732 0.0567708 0.0673611
1 0.419271 0.228241 0.0078125 0.0277778
0 0.671354 0.0222801 0.0364583 0.0417824
1 0.183854 0.969444 0.059375 0.0592593
0 0.80625 0.0360243 0.06875 0.0566551
0 0.907292 0.0487124 0.0854167 0.0759549
0 0.363542 0.104832 0.0333333 0.0519097
0 0.316667 0.0841435 0.0328125 0.0490741
1 0.501562 0.0980324 0.0114583 0.0231481
1 0.414323 0.234722 0.00625 0.0263889
1 0.371354 0.0345775 0.0447917 0.0657986
0 0.31224 0.0734954 0.0317708 0.0400463
0 0.663542 0.021412 0.0520833 0.0418981
0 0.23099 0.964815 0.158333 0.0703704
0 0.895312 0.416667 0.209375 0.206481
0 0.311198 0.0869213 0.0380208 0.0541667
0 0.885417 0.0236111 0.0375 0.0236111
1 0.354688 0.0863426 0.04375 0.0863426
0 0.333073 0.0710648 0.0442708 0.0546296
0 0.324479 0.0737269 0.05625 0.0585648
0 0.538021 0.019184 0.0322917 0.0383681
0 0.307292 0.0713542 0.0375 0.0421296
0 0.336198 0.0601852 0.0338542 0.0368056
1 0.504687 0.00656829 0.003125 0.0123264
1 0.196615 0.97037 0.0859375 0.0592593
1 0.311458 0.487153 0.0729167 0.0905093
0 0.315625 0.0842593 0.0557292 0.0662037
0 0.282878 0.662037 0.0686198 0.113889
1 0.945833 0.377315 0.10625 0.116667
1 0.153092 0.441435 0.0735026 0.0680556
0 0.295052 0.00303819 0.0140625 0.00607639
1 0.419271 0.374074 0.00572917 0.0148148
0 0.321875 0.0902778 0.0416667 0.0578704
0 0.207813 0.949074 0.107292 0.1
1 0.294271 0.581944 0.0635417 0.0907407
0 0.272917 0.674074 0.0510417 0.140741
1 0.415104 0.231019 0.00625 0.0231481
