0 0.560938 0.473148 0.0479167 0.0657407
0 0.533203 0.184954 0.0335938 0.074537
0 0.601042 0.15162 0.0354167 0.0715278
0 0.510938 0.107523 0.0302083 0.0615741
0 0.791146 0.180093 0.0427083 0.0601852
0 0.527083 0.42963 0.0479167 0.0638889
0 0.573958 0.0699074 0.0322917 0.0740741
0 0.527604 0.0730324 0.0291667 0.0608796
0 0.033138 0.476042 0.0583333 0.0627315
0 0.717188 0.202778 0.0375 0.049537
0 0.797917 0.234722 0.0302083 0.0402778
0 0.0224447 0.440278 0.036556 0.037963
1 0.694271 0.172685 0.00729167 0.0180556
0 0.948958 0.0868634 0.0260417 0.0357639
0 0.939583 0.531482 0.0208333 0.0259259
0 0.795833 0.101852 0.0270833 0.0456019
0 0.952083 0.0880787 0.0333333 0.0400463
1 0.855208 0.00565683 0.0114583 0.00925926
1 0.694792 0.17037 0.00833333 0.0224537
0 0.967708 0.0770255 0.0645833 0.0765046
0 0.0979167 0.523611 0.039974 0.0296296
0 0.0229329 0.425694 0.0391602 0.0643518
0 0.708333 0.0993634 0.01875 0.0424769
1 0.0821615 0.523148 0.00768229 0.0138889
0 0.85625 0.259722 0.0239583 0.05
0 0.710938 0.0929398 0.0239583 0.0553241
0 0.858333 0.253472 0.0333333 0.0625
0 0.715625 0.100694 0.0333333 0.0407407
0 0.70625 0.101881 0.0145833 0.0365162
0 0.0207845 0.42963 0.034082 0.0388889
0 0.0216797 0.471181 0.0334635 0.0576389
0 0.946354 0.0878472 0.021875 0.0303241
0 0.847396 0.00658275 0.0291667 0.0131076
1 0.694792 0.17581 0.00833333 0.0229167
1 0.797917 0.234954 0.0302083 0.0407407
0 0.0329102 0.436574 0.0583984 0.0638889
1 0.988542 0.676389 0.0208333 0.0231481
0 0.560938 0.472685 0.0479167 0.0666667
0 0.526563 0.42963 0.0479167 0.0638889
0 0.533203 0.184954 0.0335938 0.074537
0 0.601042 0.15162 0.0354167 0.0717593
0 0.791146 0.17963 0.0427083 0.0597222
0 0.573958 0.0700376 0.03125 0.0742766
0 0.510938 0.107407 0.0302083 0.0618056
0 0.527604 0.0729167 0.0291667 0.0608796
0 0.0333984 0.476042 0.0583333 0.0627315
0 0.717188 0.203241 0.0375 0.050463
0 0.797917 0.234491 0.0302083 0.0402778
0 0.0222005 0.439815 0.0360677 0.0388889
1 0.694271 0.172685 0.00729167 0.0185185
0 0.948958 0.0860532 0.025 0.0350694
1 0.182292 0.0774306 0.00416667 0.00925926
1 0.182031 0.078588 0.00416667 0.00787037
0 0.966667 0.0777199 0.0625 0.0748843
0 0.795833 0.102083 0.0270833 0.0460648
1 0.695312 0.169213 0.009375 0.025
0 0.952083 0.0867477 0.0333333 0.0394676
1 0.855208 0.00549769 0.0104167 0.00931713
0 0.939583 0.531482 0.0208333 0.0259259
1 0.0818359 0.523148 0.00690104 0.012963
1 0.622917 0.203472 0.00833333 0.0173611
0 0.0215332 0.432407 0.0355794 0.0490741
0 0.846875 0.00543981 0.0291667 0.0108796
1 0.0826823 0.522685 0.00885417 0.0157407
0 0.0227865 0.421528 0.0388672 0.0736111
1 0.797917 0.234722 0.0291667 0.0407407
0 0.623438 0.203472 0.0104167 0.0175926
0 0.855208 0.00512153 0.0114583 0.00931713
0 0.959375 0.0875579 0.0458333 0.0436343
0 0.0919271 0.522222 0.0273438 0.0240741
0 0.157813 0.539352 0.00598958 0.0175926
0 0.945312 0.0880787 0.01875 0.0275463
0 0.0960286 0.524537 0.0367187 0.0305556
0 0.957812 0.0779514 0.04375 0.0644676
0 0.995833 0.201157 0.00833333 0.0203704
1 0.116536 0.211806 0.00885417 0.0138889
0 0.560938 0.473264 0.0479167 0.0664352
0 0.527214 0.42963 0.0476562 0.0638889
0 0.791146 0.17963 0.0427083 0.0599537
0 0.533203 0.184954 0.0335938 0.074537
0 0.510938 0.107407 0.0302083 0.062037
0 0.601042 0.15162 0.0354167 0.0717593
0 0.573958 0.0699074 0.03125 0.0736111
0 0.527604 0.0728588 0.0291667 0.0605324
0 0.0335856 0.475926 0.0587402 0.062963
0 0.717188 0.203241 0.0375 0.050463
0 0.797917 0.23478 0.0302083 0.040625
0 0.0223958 0.440509 0.0364583 0.0384259
1 0.694271 0.172454 0.00729167 0.0185185
0 0.795833 0.102083 0.0270833 0.0460648
1 0.855208 0.00546875 0.0104167 0.00943287
0 0.939583 0.531482 0.0208333 0.0277778
0 0.623958 0.203588 0.0104167 0.0178241
0 0.947917 0.0864583 0.0229167 0.0326389
1 0.695833 0.168171 0.0104167 0.0270833
1 0.622917 0.203588 0.0104167 0.0175926
0 0.967708 0.078805 0.0625 0.0785012
0 0.715625 0.0996528 0.0333333 0.0439815
0 0.995833 0.200926 0.00833333 0.0199074
0 0.7125 0.0926505 0.0270833 0.0559028
0 0.709375 0.0998843 0.0208333 0.0421296
1 0.988542 0.676389 0.021875 0.0231481
0 0.0991536 0.525463 0.043099 0.0333333
0 0.706771 0.101273 0.015625 0.0391204
1 0.0819661 0.523148 0.00716146 0.0138889
0 0.716667 0.090625 0.0354167 0.0615741
0 0.855208 0.00546875 0.0104167 0.00943287
0 0.952083 0.0876736 0.03125 0.0390046
0 0.0955729 0.523148 0.0348958 0.0277778
0 0.945833 0.0881366 0.01875 0.0269676
1 0.797917 0.234722 0.0291667 0.0407407
0 0.955208 0.0859375 0.0385417 0.0484954
0 0.0915365 0.522685 0.0268229 0.025
0 0.157943 0.538889 0.00625 0.0166667
1 0.693229 0.172222 0.00833333 0.0203704
0 0.930208 0.534259 0.0395833 0.062963
0 0.560938 0.473264 0.0479167 0.0664352
0 0.527214 0.429861 0.0476562 0.0634259
0 0.533203 0.184954 0.0335938 0.074537
0 0.791146 0.17963 0.0427083 0.0597222
0 0.510938 0.107292 0.0302083 0.062037
0 0.601042 0.151157 0.0354167 0.0717593
0 0.573958 0.0699074 0.0322917 0.0733796
0 0.527604 0.0729167 0.0291667 0.0604167
0 0.717188 0.202778 0.0375 0.049537
0 0.0336914 0.475463 0.0591797 0.062963
0 0.797917 0.234201 0.0302083 0.0399306
0 0.0225586 0.440046 0.036849 0.0393519
1 0.69375 0.172454 0.00625 0.0189815
1 0.855208 0.00532407 0.0104167 0.00925926
0 0.939583 0.531482 0.0208333 0.0268519
1 0.694792 0.170602 0.00833333 0.0222222
0 0.795833 0.101852 0.0270833 0.0465278
0 0.622917 0.203472 0.0104167 0.0180556
0 0.709896 0.0998843 0.021875 0.0428241
0 0.715625 0.0998843 0.0322917 0.04375
0 0.711458 0.0936343 0.025 0.0546296
0 0.967969 0.0821181 0.0640625 0.0829861
0 0.930208 0.533333 0.0395833 0.0611111
1 0.695833 0.167593 0.0104167 0.0282407
0 0.716667 0.0905671 0.0354167 0.0623843
0 0.706771 0.101736 0.015625 0.0381944
0 0.444271 0.0810185 0.00625 0.0174769
0 0.445052 0.0819444 0.0078125 0.0207176
1 0.988542 0.676852 0.021875 0.0222222
1 0.116016 0.212384 0.009375 0.0145833
0 0.995833 0.201157 0.00833333 0.0199074
1 0.797917 0.234954 0.0291667 0.0407407
1 0.693229 0.171991 0.00833333 0.0203704
1 0.622917 0.203588 0.0104167 0.0178241
0 0.0995443 0.527778 0.0464844 0.0388889
0 0.988542 0.302546 0.0229167 0.0814815
0 0.927604 0.524074 0.0333333 0.0407407
0 0.0982422 0.524074 0.0417969 0.0296296
1 0.157943 0.538889 0.00625 0.0175926
0 0.914062 0.485069 0.0739583 0.185417
0 0.948958 0.0861111 0.025 0.0347222
0 0.716146 0.106684 0.0333333 0.0375579
0 0.855208 0.0051794 0.0104167 0.00914352
1 0.0818359 0.523148 0.00703125 0.0138889
0 0.966667 0.0907407 0.0604167 0.0513889
1 0.990625 0.675463 0.0166667 0.0203704
0 0.0923177 0.523148 0.0294271 0.0259259
0 0.932292 0.543519 0.0364583 0.0611111
0 0.527214 0.42963 0.0476562 0.0638889
0 0.560938 0.473264 0.0479167 0.0664352
0 0.533203 0.184954 0.0335938 0.074537
0 0.791667 0.179745 0.0416667 0.0599537
0 0.601042 0.151505 0.0354167 0.0722222
0 0.510938 0.107407 0.0302083 0.062037
0 0.573958 0.0700231 0.0322917 0.0738426
0 0.527604 0.0730324 0.0291667 0.0601852
0 0.716667 0.202778 0.0375 0.05
0 0.0337565 0.475463 0.0593099 0.062963
0 0.797917 0.234491 0.0302083 0.0398148
0 0.0228027 0.439815 0.0373372 0.0407407
1 0.69375 0.172222 0.00625 0.0189815
1 0.694792 0.171528 0.00833333 0.0208333
0 0.710417 0.100116 0.0229167 0.0430556
1 0.855208 0.00535301 0.0104167 0.00914352
0 0.715625 0.100463 0.03125 0.043287
0 0.707292 0.100926 0.0166667 0.0414352
0 0.716667 0.0916667 0.0354167 0.0606481
0 0.622917 0.203472 0.0104167 0.0180556
1 0.695312 0.167477 0.0104167 0.0282407
0 0.939583 0.532407 0.0208333 0.0277778
0 0.795833 0.101881 0.0270833 0.0467014
0 0.967969 0.082581 0.0640625 0.0827546
0 0.444271 0.0825231 0.00677083 0.0186343
0 0.930208 0.531482 0.0395833 0.0574074
0 0.711458 0.090625 0.025 0.0594907
1 0.157813 0.538889 0.00625 0.0185185
0 0.715625 0.107176 0.0322917 0.0372685
0 0.098112 0.530093 0.0454427 0.0435185
1 0.693229 0.171759 0.00833333 0.0203704
0 0.0980469 0.525 0.0416667 0.0324074
1 0.798437 0.234954 0.0302083 0.0407407
0 0.914583 0.485648 0.0729167 0.183333
1 0.988542 0.676852 0.021875 0.0203704
0 0.444792 0.0818287 0.00833333 0.0217593
1 0.116146 0.2125 0.009375 0.0143519
0 0.935417 0.546296 0.03125 0.062037
0 0.988542 0.302315 0.0229167 0.0787037
0 0.948958 0.086169 0.025 0.0355324
0 0.157813 0.538889 0.00625 0.0185185
0 0.995833 0.201389 0.00833333 0.0206019
0 0.0939453 0.522685 0.0328125 0.0268519
0 0.719792 0.0981481 0.040625 0.0488426
1 0.993229 0.674537 0.0125 0.0166667
1 0.0816406 0.523148 0.00664063 0.012963
1 0.622917 0.203472 0.009375 0.0178241
0 0.855208 0.00530961 0.0104167 0.00911458
0 0.027474 0.432407 0.0469401 0.0574074
0 0.684375 0.161343 0.0166667 0.0333333
1 0.182031 0.078588 0.0046875 0.00787037
0 0.0239258 0.423611 0.0408203 0.0712963
0 0.805208 0.076794 0.046875 0.0978009
0 0.0573568 0.656482 0.0329427 0.0555556
0 0.0967448 0.538889 0.0523437 0.062037
0 0.527214 0.42963 0.0476562 0.0638889
0 0.560938 0.473264 0.0479167 0.0664352
0 0.533203 0.184954 0.0335938 0.074537
0 0.791667 0.179745 0.0416667 0.0599537
0 0.601042 0.151389 0.0354167 0.0722222
0 0.573958 0.0699074 0.0322917 0.0738426
0 0.510938 0.107407 0.0302083 0.062037
0 0.527604 0.0729745 0.0291667 0.0603009
0 0.716667 0.202778 0.0375 0.049537
0 0.0336914 0.475463 0.0591797 0.0638889
0 0.797917 0.234259 0.0291667 0.0393519
0 0.0227539 0.439815 0.0373047 0.0407407
1 0.69375 0.172222 0.00625 0.0189815
1 0.694792 0.171412 0.00833333 0.0208333
1 0.855208 0.00535301 0.0104167 0.00914352
0 0.710417 0.100231 0.0229167 0.0425926
0 0.715104 0.100579 0.0322917 0.0430556
1 0.695833 0.167361 0.0104167 0.0287037
0 0.939583 0.531944 0.0208333 0.0277778
0 0.707292 0.101852 0.0166667 0.0386574
0 0.622917 0.203241 0.0104167 0.0180556
0 0.967969 0.0827546 0.0640625 0.0840278
0 0.716667 0.0915509 0.0354167 0.0608796
0 0.795833 0.101881 0.0270833 0.0467014
1 0.988542 0.676852 0.021875 0.0222222
0 0.0984375 0.530556 0.0463542 0.0453704
0 0.713542 0.105816 0.028125 0.0383681
0 0.0982422 0.525 0.0423177 0.0333333
0 0.938542 0.537963 0.0229167 0.0407407
0 0.936458 0.546296 0.0291667 0.0611111
1 0.99375 0.675 0.0125 0.0185185
1 0.157813 0.539352 0.00625 0.0185185
0 0.948958 0.0862847 0.025 0.0357639
0 0.915104 0.485648 0.0739583 0.183333
0 0.988021 0.302778 0.0239583 0.0777778
0 0.930208 0.532407 0.0395833 0.0592593
1 0.693229 0.171875 0.00833333 0.0203704
0 0.995833 0.201389 0.00833333 0.0208333
1 0.182031 0.0786458 0.0046875 0.00752315
0 0.0241862 0.424074 0.0413411 0.0703704
0 0.0945313 0.523148 0.0341146 0.0277778
1 0.798437 0.234954 0.0302083 0.0402778
0 0.711458 0.0917824 0.025 0.056713
0 0.855208 0.00535301 0.0104167 0.00914352
0 0.719792 0.0978588 0.040625 0.0494213
0 0.444271 0.0823495 0.00677083 0.0172454
0 0.705208 0.100203 0.0125 0.0394097
0 0.0972005 0.530556 0.0542969 0.0555556
1 0.116276 0.2125 0.009375 0.0143519
1 0.994792 0.673148 0.00833333 0.0148148
1 0.622917 0.203241 0.009375 0.0175926
1 0.0815755 0.523148 0.00651042 0.012963
0 0.0348877 0.433333 0.0616048 0.0592593
0 0.0940755 0.539815 0.049349 0.0611111
0 0.804688 0.0777922 0.046875 0.0958044
0 0.527214 0.429861 0.0476562 0.0634259
0 0.560938 0.473264 0.0479167 0.0664352
0 0.533203 0.184954 0.0335938 0.074537
0 0.791667 0.179745 0.0416667 0.0599537
0 0.601042 0.151389 0.0354167 0.0717593
0 0.573958 0.0698495 0.0322917 0.0734954
0 0.510938 0.107407 0.0302083 0.062037
0 0.527604 0.0730903 0.0291667 0.0603009
0 0.716667 0.202778 0.0375 0.05
0 0.0336914 0.475463 0.0590495 0.0638889
0 0.797917 0.234259 0.0291667 0.0393519
0 0.0227539 0.440046 0.0372396 0.0402778
1 0.69375 0.172222 0.00625 0.0185185
1 0.855208 0.00538194 0.0104167 0.00920139
1 0.694792 0.170139 0.00833333 0.0233796
0 0.710417 0.100347 0.0229167 0.0423611
1 0.695833 0.167361 0.0104167 0.0287037
0 0.707292 0.101389 0.0166667 0.0398148
0 0.714063 0.103472 0.0291667 0.037963
0 0.967969 0.0821759 0.0640625 0.0826389
0 0.715625 0.0970486 0.0333333 0.0494213
0 0.939583 0.531944 0.0208333 0.0277778
0 0.795833 0.101881 0.0270833 0.0467014
0 0.623438 0.203241 0.0104167 0.0175926
0 0.948958 0.0864583 0.0270833 0.0365741
0 0.7125 0.0890625 0.0270833 0.0637731
0 0.0981771 0.531018 0.0460938 0.0462963
0 0.988021 0.303009 0.0239583 0.0791667
1 0.988542 0.676852 0.021875 0.0222222
0 0.0241862 0.424537 0.0412109 0.0703704
1 0.99375 0.675 0.0125 0.0185185
0 0.9375 0.545833 0.025 0.0564815
0 0.915625 0.485648 0.0770833 0.183333
1 0.182031 0.078588 0.00494792 0.00752315
1 0.798437 0.234491 0.0302083 0.0398148
0 0.855208 0.00538194 0.0104167 0.00920139
0 0.0979818 0.525 0.0416667 0.0333333
0 0.704687 0.100116 0.0114583 0.0391204
1 0.157813 0.539815 0.00651042 0.0185185
1 0.693229 0.171991 0.00833333 0.0203704
1 0.991667 0.675463 0.0166667 0.0203704
0 0.0941406 0.523148 0.0333333 0.0277778
0 0.0947917 0.529167 0.0559896 0.0546296
1 0.622917 0.203356 0.009375 0.0173611
0 0.995833 0.201273 0.00833333 0.0208333
0 0.930729 0.537037 0.0385417 0.0648148
0 0.0344727 0.433796 0.0607422 0.0574074
1 0.116276 0.2125 0.009375 0.0148148
0 0.857292 0.359491 0.0333333 0.0662037
0 0.09375 0.539352 0.0502604 0.062037
0 0.804688 0.0769676 0.046875 0.0976852
1 0.995313 0.673148 0.00833333 0.0148148
1 0.0816406 0.523148 0.00651042 0.012963
0 0.527214 0.429861 0.0476562 0.0634259
0 0.560938 0.473264 0.0479167 0.0664352
0 0.533203 0.184954 0.0335938 0.074537
0 0.791667 0.179861 0.0416667 0.0601852
0 0.601042 0.151389 0.0354167 0.0717593
0 0.573958 0.0699653 0.0322917 0.0739583
0 0.510938 0.107407 0.0302083 0.062037
0 0.527604 0.0731481 0.0291667 0.0601852
0 0.716667 0.202778 0.0375 0.05
0 0.0336589 0.475463 0.0589844 0.0638889
0 0.797917 0.234259 0.0291667 0.0393519
0 0.0228353 0.439815 0.0373372 0.0398148
1 0.69375 0.172338 0.00625 0.0185185
1 0.855208 0.00541088 0.0104167 0.00925926
1 0.694792 0.170833 0.00833333 0.0222222
0 0.710417 0.100492 0.0229167 0.0420718
1 0.695833 0.167593 0.0104167 0.0282407
0 0.707292 0.101736 0.0166667 0.0391204
0 0.714063 0.103819 0.0291667 0.0377315
0 0.967969 0.0818287 0.0640625 0.080787
0 0.715625 0.0973958 0.0333333 0.0491898
0 0.939583 0.531482 0.0208333 0.0277778
0 0.795833 0.101852 0.0270833 0.0465278
0 0.948958 0.0865741 0.0270833 0.0361111
0 0.623438 0.203241 0.0104167 0.0175926
0 0.0982422 0.530556 0.0451823 0.0444444
0 0.0241862 0.424537 0.0411458 0.0703704
0 0.988021 0.303704 0.0239583 0.0805556
0 0.938542 0.54537 0.0229167 0.0546296
0 0.7125 0.0894676 0.0270833 0.0634259
1 0.988542 0.676389 0.0229167 0.0222222
0 0.0978516 0.525 0.041276 0.0314815
0 0.0939453 0.522685 0.0328125 0.0268519
0 0.855208 0.00542535 0.0104167 0.00928819
0 0.804688 0.0769821 0.046875 0.0974248
1 0.99375 0.675 0.0125 0.0185185
1 0.798437 0.234491 0.0302083 0.0398148
1 0.622917 0.203356 0.009375 0.0173611
0 0.916667 0.485185 0.0791667 0.184259
1 0.693229 0.171991 0.00833333 0.0203704
0 0.946875 0.0883102 0.0208333 0.0275463
0 0.995833 0.201273 0.00833333 0.0208333
0 0.934375 0.545833 0.0322917 0.062037
1 0.157813 0.539815 0.00625 0.0185185
0 0.0340576 0.433565 0.0598796 0.0578704
0 0.0942708 0.538889 0.0481771 0.0601852
1 0.182031 0.078588 0.00494792 0.00763889
0 0.857292 0.359259 0.0333333 0.0657407
0 0.930729 0.537037 0.0385417 0.0648148
0 0.527214 0.429861 0.0476562 0.0634259
0 0.560938 0.473264 0.0479167 0.0664352
0 0.533203 0.184954 0.0335938 0.074537
0 0.791667 0.179861 0.0416667 0.0601852
0 0.601042 0.151389 0.0354167 0.0717593
0 0.573958 0.0699074 0.0322917 0.0736111
0 0.510938 0.107436 0.0302083 0.0619792
0 0.527604 0.0730903 0.0291667 0.0603009
0 0.716667 0.202778 0.0375 0.05
0 0.0336589 0.47581 0.0589844 0.0631944
0 0.797917 0.234028 0.0291667 0.0393519
0 0.0228353 0.439815 0.0372721 0.0398148
1 0.69375 0.172454 0.00625 0.0185185
1 0.855208 0.00541088 0.0104167 0.00925926
1 0.694792 0.171181 0.00833333 0.0215278
0 0.710417 0.100579 0.0229167 0.0418981
1 0.695833 0.167824 0.0104167 0.0277778
0 0.967969 0.0820602 0.0640625 0.080787
0 0.949479 0.0868056 0.0270833 0.0356481
0 0.713542 0.103935 0.0291667 0.0375
0 0.715625 0.0975694 0.0333333 0.0488426
0 0.939583 0.531482 0.0208333 0.0277778
0 0.795833 0.101852 0.0270833 0.0465278
0 0.707292 0.102546 0.0166667 0.0372685
0 0.0982422 0.52963 0.0453125 0.0435185
0 0.623438 0.203241 0.0104167 0.0175926
0 0.988021 0.303241 0.0239583 0.0805556
0 0.0979167 0.524537 0.0414063 0.0324074
0 0.855208 0.00543981 0.0104167 0.00931713
0 0.938542 0.54537 0.0229167 0.0537037
0 0.0941406 0.522222 0.0330729 0.0277778
1 0.988542 0.676389 0.0229167 0.0222222
0 0.024056 0.423843 0.0408203 0.0717593
1 0.622917 0.203241 0.00833333 0.0171296
0 0.7125 0.0893519 0.0270833 0.0636574
1 0.693229 0.172106 0.00833333 0.0203704
0 0.946875 0.0885417 0.0208333 0.0268519
1 0.99375 0.675 0.0125 0.0185185
0 0.936458 0.546296 0.0291667 0.0611111
1 0.991667 0.675463 0.0145833 0.0203704
0 0.804688 0.0769821 0.046875 0.0974248
1 0.797917 0.234491 0.0291667 0.0398148
0 0.917708 0.485301 0.0791667 0.184954
0 0.995833 0.201273 0.00833333 0.0208333
1 0.157813 0.539352 0.00625 0.0185185
0 0.705208 0.100231 0.0125 0.0388889
0 0.857292 0.359259 0.0333333 0.0657407
0 0.0940104 0.538889 0.0486979 0.0611111
0 0.953646 0.0877315 0.0354167 0.04375
0 0.0337565 0.434259 0.0591797 0.0574074
0 0.527214 0.430093 0.0476562 0.0638889
0 0.560938 0.473264 0.0479167 0.0664352
0 0.533203 0.184954 0.0335938 0.074537
0 0.791146 0.179861 0.0427083 0.0601852
0 0.573958 0.0698929 0.0322917 0.07364
0 0.601042 0.151389 0.0354167 0.0722222
0 0.510938 0.107436 0.0302083 0.0619792
0 0.527604 0.0731481 0.0291667 0.0604167
0 0.716667 0.202778 0.0375 0.05
0 0.0335938 0.47581 0.0588542 0.0631944
0 0.797917 0.234259 0.0291667 0.0393519
0 0.022819 0.439815 0.0373047 0.0398148
1 0.69375 0.172454 0.00625 0.0185185
1 0.855208 0.00543981 0.0104167 0.009375
1 0.694792 0.171296 0.00833333 0.0212963
0 0.710417 0.100492 0.0229167 0.0420718
0 0.967969 0.0819444 0.0640625 0.0810185
1 0.695833 0.16794 0.0104167 0.0277778
0 0.707292 0.101273 0.0166667 0.0402778
0 0.949479 0.0869792 0.0270833 0.0359954
0 0.714063 0.104051 0.0302083 0.0372685
0 0.715625 0.0977431 0.0333333 0.0484954
0 0.795833 0.101852 0.0270833 0.0465278
0 0.939583 0.531482 0.0208333 0.0277778
0 0.988021 0.303241 0.0239583 0.0805556
0 0.0983073 0.52963 0.0450521 0.0425926
0 0.855208 0.00543981 0.0104167 0.009375
0 0.623438 0.203241 0.0104167 0.0175926
1 0.988542 0.676852 0.021875 0.0222222
0 0.0973958 0.523611 0.0397135 0.0296296
1 0.693229 0.172106 0.00833333 0.0203704
1 0.622917 0.203241 0.00833333 0.0171296
0 0.7125 0.0895833 0.0270833 0.0631944
0 0.705208 0.103241 0.0125 0.0342593
0 0.0240885 0.423611 0.0409505 0.0722222
0 0.946875 0.0886574 0.0208333 0.0270833
0 0.938542 0.54537 0.0239583 0.0537037
1 0.99375 0.675 0.0125 0.0185185
0 0.995833 0.201389 0.00833333 0.0212963
1 0.797917 0.234664 0.0291667 0.0399306
1 0.990625 0.675926 0.0166667 0.0203704
0 0.954167 0.0881944 0.0354167 0.0444444
0 0.804688 0.0770833 0.046875 0.0972222
0 0.857292 0.359259 0.0333333 0.0657407
1 0.157813 0.539352 0.00625 0.0185185
0 0.527214 0.430093 0.0476562 0.0638889
0 0.560938 0.473264 0.0479167 0.0664352
0 0.532812 0.184954 0.034375 0.074537
0 0.791146 0.179861 0.0427083 0.0601852
0 0.573958 0.0699219 0.0322917 0.0740451
0 0.601042 0.15162 0.0354167 0.0717593
0 0.510938 0.107407 0.0302083 0.062037
0 0.527604 0.0731481 0.0291667 0.0606481
0 0.716667 0.202778 0.0375 0.05
0 0.0336019 0.47581 0.0588379 0.0631944
0 0.797917 0.234259 0.0291667 0.0393519
0 0.022819 0.439583 0.0373047 0.0402778
1 0.69375 0.172454 0.00625 0.0185185
1 0.855208 0.00543981 0.0104167 0.00943287
1 0.694792 0.171412 0.00833333 0.0210648
0 0.710417 0.100579 0.0229167 0.0418981
1 0.695833 0.168056 0.0104167 0.0277778
0 0.967969 0.081713 0.0640625 0.080787
0 0.707292 0.101418 0.0166667 0.0402199
0 0.949479 0.087037 0.0270833 0.0363426
0 0.715104 0.101505 0.0322917 0.0412037
0 0.795833 0.101881 0.0270833 0.0467014
0 0.713542 0.0944444 0.0291667 0.0537037
0 0.939583 0.531944 0.0208333 0.0277778
0 0.988021 0.303241 0.0239583 0.0805556
1 0.693229 0.171991 0.00833333 0.0203704
0 0.855208 0.00543981 0.0104167 0.00943287
0 0.714583 0.108218 0.03125 0.0351852
0 0.0982422 0.528704 0.0446615 0.0407407
1 0.988542 0.676852 0.021875 0.0222222
0 0.0970703 0.523611 0.0390625 0.0296296
0 0.705208 0.103356 0.0125 0.0340278
0 0.0242513 0.423611 0.0413411 0.0722222
0 0.946875 0.0888889 0.0208333 0.0268519
0 0.623438 0.203241 0.0104167 0.0175926
1 0.622917 0.203241 0.00833333 0.0171296
0 0.955208 0.090162 0.0375 0.0490741
1 0.797917 0.234664 0.0291667 0.0399306
0 0.995833 0.201505 0.00833333 0.0215278
1 0.99375 0.675 0.0125 0.0185185
0 0.938542 0.54537 0.0239583 0.0546296
1 0.157813 0.538889 0.00625 0.0185185
1 0.990625 0.675926 0.0166667 0.0203704
0 0.857292 0.359259 0.0333333 0.0657407
0 0.0973958 0.532407 0.0507812 0.0518519
0 0.527214 0.430093 0.0476562 0.0638889
0 0.533203 0.184954 0.0335938 0.074537
0 0.560938 0.473264 0.0479167 0.0664352
0 0.791146 0.179861 0.0427083 0.0601852
0 0.573958 0.0699219 0.0322917 0.0740451
0 0.510938 0.107407 0.0302083 0.062037
0 0.601042 0.15162 0.0354167 0.0717593
0 0.527604 0.0731481 0.0291667 0.0606481
0 0.716667 0.202778 0.0375 0.05
0 0.0336263 0.47581 0.0587891 0.0631944
0 0.798437 0.234259 0.0302083 0.0393519
0 0.0227865 0.439583 0.0372396 0.0402778
1 0.855208 0.00549769 0.0104167 0.00949074
1 0.69375 0.172338 0.00625 0.01875
1 0.694792 0.171412 0.00833333 0.0212963
0 0.967708 0.0811343 0.0635417 0.0756944
0 0.709896 0.100579 0.021875 0.0418981
1 0.695312 0.167824 0.0104167 0.0277778
0 0.95 0.0872685 0.0270833 0.0365741
0 0.715625 0.10162 0.0333333 0.0409722
0 0.707292 0.102054 0.0166667 0.0380208
0 0.795833 0.101881 0.0270833 0.0467014
0 0.713542 0.0946181 0.0291667 0.0533565
0 0.988021 0.303704 0.0239583 0.0814815
0 0.939583 0.531482 0.0208333 0.0277778
0 0.855208 0.00549769 0.0104167 0.00949074
1 0.693229 0.171991 0.00833333 0.0203704
0 0.0992187 0.527778 0.0458333 0.0388889
0 0.714583 0.108218 0.03125 0.0351852
0 0.955208 0.0901042 0.0385417 0.0487269
1 0.988542 0.676852 0.021875 0.0222222
0 0.096875 0.523611 0.0385417 0.0296296
0 0.705208 0.103472 0.0125 0.0335648
0 0.946875 0.0888889 0.0208333 0.0270833
1 0.622917 0.203241 0.00833333 0.0171296
0 0.995833 0.20162 0.00833333 0.0217593
1 0.99375 0.675 0.0125 0.0185185
1 0.797917 0.234664 0.0291667 0.0399306
0 0.623438 0.203241 0.0104167 0.0175926
1 0.157813 0.538889 0.00625 0.0185185
0 0.0243164 0.422685 0.0414714 0.0731481
0 0.938542 0.543981 0.0229167 0.0518519
0 0.857292 0.359259 0.0333333 0.0657407
0 0.0972005 0.532407 0.0498698 0.0518519
1 0.991146 0.675926 0.0166667 0.0203704
