0 0.259896 0.859259 0.078125 0.148148
0 0.547917 0.208102 0.0458333 0.0819444
0 0.4625 0.398148 0.0510417 0.1
0 0.419271 0.500926 0.0520833 0.101852
0 0.9375 0.11114 0.116667 0.0967014
0 0.291927 0.925463 0.0817708 0.147222
0 0.361198 0.0219618 0.053125 0.0426505
0 0.0908203 0.508333 0.0779948 0.0648148
0 0.948958 0.335417 0.102083 0.101389
0 0.251302 0.23559 0.0713542 0.0528935
0 0.296094 0.138194 0.0598958 0.050463
0 0.8625 0.381944 0.0666667 0.0638889
0 0.276042 0.182176 0.0625 0.0509259
0 0.341667 0.0612847 0.0604167 0.0494213
0 0.027474 0.633333 0.053776 0.0694444
0 0.4375 0.214468 0.0479167 0.0766204
0 0.457292 0.141667 0.0447917 0.0712963
0 0.260938 0.490278 0.0385417 0.0824074
0 0.407292 0.238194 0.0270833 0.0407407
1 0.216667 0.159954 0.0109375 0.0310185
1 0.401042 0.827315 0.0145833 0.0212963
0 0.303125 0.449306 0.040625 0.0578704
1 0.188802 0.25 0.0161458 0.0185185
0 0.239844 0.567593 0.0286458 0.0555556
0 0.245443 0.569444 0.0393229 0.0601852
1 0.182031 0.266898 0.0140625 0.0296296
1 0.183854 0.268287 0.0125 0.0268519
1 0.416667 0.825 0.0114583 0.0296296
1 0.185807 0.268981 0.00833333 0.025
0 0.252344 0.575 0.0526042 0.0722222
1 0.598958 0.131134 0.00625 0.0118056
1 0.399479 0.825926 0.0114583 0.0194444
1 0.180339 0.269444 0.0109375 0.0259259
1 0.18151 0.272222 0.0119792 0.0217593
0 0.203255 0.949074 0.0304688 0.0537037
0 0.048763 0.725 0.0233073 0.0324074
0 0.260417 0.578704 0.06875 0.0796296
0 0.0462891 0.727778 0.0279948 0.0398148
0 0.188281 0.251389 0.0171875 0.0208333
0 0.0305013 0.733333 0.0590495 0.0555556
1 0.179948 0.273611 0.0106771 0.0199074
0 0.408594 0.244676 0.0302083 0.0513889
0 0.0436198 0.732407 0.0364583 0.0481481
0 0.0356771 0.727778 0.0494792 0.0462963
1 0.418229 0.821296 0.0135417 0.037037
1 0.182031 0.2625 0.0130208 0.0305556
0 0.182292 0.26713 0.0145833 0.0296296
0 0.0407471 0.748148 0.0445475 0.0796296
0 0.401042 0.827315 0.0145833 0.0212963
0 0.0321533 0.749074 0.0566569 0.0833333
0 0.25944 0.477315 0.0352865 0.0564815
1 0.0479818 0.724074 0.0229167 0.0296296
0 0.416927 0.823148 0.0114583 0.0324074
0 0.26224 0.994444 0.0140625 0.00740741
0 0.13776 0.291204 0.0197917 0.0305556
0 0.304688 0.468981 0.04375 0.0981481
1 0.188021 0.260185 0.0171875 0.0342593
0 0.479427 0.934259 0.0328125 0.0518519
0 0.315104 0.454167 0.0640625 0.0712963
1 0.41901 0.814815 0.0114583 0.0388889
0 0.0458984 0.740741 0.0316406 0.0648148
1 0.407031 0.238426 0.0270833 0.0407407
1 0.239844 0.567593 0.0286458 0.0574074
1 0.292188 0.925463 0.0817708 0.147222
0 0.319531 0.46713 0.0734375 0.0935185
1 0.421354 0.808796 0.00833333 0.0277778
1 0.185026 0.253009 0.0210938 0.0259259
1 0.0467122 0.720833 0.0192708 0.025
0 0.419271 0.240799 0.0385417 0.0582176
0 0.031901 0.718518 0.0601562 0.062963
1 0.263021 0.0778935 0.00729167 0.018287
0 0.41875 0.819444 0.0145833 0.0416667
0 0.0322266 0.797685 0.0597656 0.178704
1 0.948958 0.335185 0.102083 0.100926
0 0.299479 0.459259 0.0333333 0.0740741
0 0.0927083 0.168287 0.0414063 0.0675926
1 0.18724 0.265741 0.0174479 0.0314815
0 0.261979 0.994444 0.0151042 0.0111111
0 0.375 0.182639 0.0822917 0.037037
1 0.414583 0.825926 0.0125 0.0277778
1 0.182812 0.270833 0.0171875 0.0333333
0 0.268815 0.507407 0.0550781 0.112037
0 0.29375 0.548611 0.0479167 0.0472222
0 0.041276 0.640278 0.0259115 0.0509259
0 0.547917 0.207292 0.0458333 0.0821759
0 0.46224 0.398148 0.0510417 0.1
0 0.259896 0.859259 0.078125 0.148148
0 0.41901 0.50081 0.0526042 0.102083
0 0.292122 0.925463 0.0813802 0.147222
0 0.360938 0.0221137 0.053125 0.0430411
0 0.9375 0.111111 0.116667 0.0960648
0 0.8625 0.382407 0.0666667 0.0648148
0 0.0910319 0.508333 0.0775716 0.0648148
0 0.276042 0.182755 0.0625 0.0518519
0 0.296094 0.138657 0.0598958 0.0509259
0 0.251042 0.23588 0.0713542 0.0532407
0 0.948438 0.336111 0.102083 0.101852
0 0.341406 0.0611111 0.0604167 0.0497685
0 0.0274089 0.634259 0.0539063 0.0722222
0 0.4375 0.214468 0.0489583 0.0784722
0 0.456771 0.142477 0.0447917 0.0738426
0 0.260938 0.492593 0.0385417 0.0861111
1 0.216667 0.160417 0.0109375 0.0310185
0 0.406771 0.238889 0.0270833 0.0421296
0 0.239063 0.566667 0.0265625 0.0555556
0 0.304167 0.450231 0.0427083 0.0597222
1 0.401042 0.827315 0.0145833 0.0222222
1 0.188802 0.25 0.0161458 0.0185185
1 0.181901 0.26713 0.0143229 0.0305556
1 0.416146 0.825926 0.0114583 0.0277778
0 0.408333 0.245602 0.0302083 0.0541667
1 0.184245 0.267593 0.0130208 0.0277778
1 0.598958 0.131134 0.00625 0.012037
1 0.180208 0.268519 0.0109375 0.0277778
1 0.185677 0.266667 0.00963542 0.0231481
0 0.266667 0.503241 0.05 0.106481
1 0.417188 0.819444 0.0125 0.0407407
1 0.399479 0.825926 0.0114583 0.0185185
1 0.180208 0.273843 0.00989583 0.0185185
0 0.248307 0.57037 0.0440104 0.0648148
1 0.239193 0.566667 0.0265625 0.0555556
0 0.0495117 0.725463 0.0219401 0.0333333
0 0.202604 0.948148 0.0302083 0.0518519
1 0.0489583 0.724074 0.0209635 0.0296296
0 0.26224 0.994444 0.0130208 0.00740741
0 0.417188 0.819444 0.0125 0.0407407
1 0.1875 0.258565 0.0182292 0.0337963
0 0.182031 0.266667 0.0140625 0.0300926
0 0.188021 0.251389 0.0166667 0.0212963
0 0.0927734 0.167824 0.041276 0.0685185
0 0.048112 0.731481 0.0235677 0.0462963
1 0.41849 0.815741 0.0125 0.0425926
0 0.299479 0.445833 0.0333333 0.0509259
0 0.0485026 0.744907 0.0244792 0.0722222
1 0.406771 0.238657 0.0260417 0.0416667
0 0.415885 0.244213 0.0432292 0.0634259
0 0.416667 0.824537 0.0114583 0.0305556
0 0.245052 0.580556 0.0385417 0.0833333
0 0.1375 0.290741 0.0203125 0.0314815
0 0.417188 0.231019 0.0479167 0.0805556
0 0.401042 0.827315 0.0145833 0.0222222
0 0.0445964 0.752778 0.0330729 0.087037
0 0.316406 0.454167 0.0661458 0.075
0 0.41849 0.815741 0.0125 0.0425926
0 0.479688 0.933102 0.0333333 0.0486111
0 0.409375 0.255556 0.034375 0.0763889
0 0.261979 0.994444 0.0145833 0.0111111
1 0.0452799 0.72037 0.0133464 0.0240741
0 0.270573 0.515857 0.0588542 0.129398
1 0.415625 0.822222 0.0145833 0.0333333
0 0.259896 0.477778 0.0364583 0.0555556
1 0.292253 0.925463 0.0821615 0.147222
1 0.420833 0.808333 0.00833333 0.0277778
0 0.254297 0.581481 0.0575521 0.0851852
0 0.0404948 0.640741 0.027474 0.0555556
0 0.196615 0.83287 0.0359375 0.0694444
1 0.415104 0.82963 0.0114583 0.0231481
1 0.303646 0.449769 0.0416667 0.0587963
0 0.305469 0.473032 0.0463542 0.105787
0 0.0358073 0.753704 0.0505208 0.0888889
1 0.186458 0.26412 0.0192708 0.0356481
1 0.159635 0.165856 0.00885417 0.0185185
1 0.948958 0.336574 0.102083 0.102778
1 0.185807 0.25463 0.0192708 0.0314815
1 0.26224 0.994444 0.0130208 0.00740741
0 0.104883 0.275231 0.0457031 0.0444444
1 0.263021 0.0783565 0.00729167 0.0180556
1 0.18737 0.261111 0.0247396 0.037963
1 0.863542 0.381944 0.0666667 0.0648148
0 0.216667 0.160185 0.0111979 0.0305556
0 0.465885 0.157176 0.0619792 0.102083
0 0.0489258 0.722685 0.0195964 0.0259259
1 0.048112 0.731481 0.0235677 0.0462963
0 0.452865 0.219213 0.0578125 0.0828704
0 0.259896 0.859259 0.078125 0.148148
0 0.547396 0.207639 0.0458333 0.0828704
0 0.4625 0.39838 0.0510417 0.100463
0 0.41901 0.500926 0.0526042 0.102778
0 0.9375 0.11088 0.116667 0.0965278
0 0.250911 0.236111 0.0716146 0.0537037
0 0.0908203 0.508333 0.0779948 0.0648148
0 0.863021 0.382407 0.0677083 0.0638889
0 0.360938 0.0219256 0.053125 0.0434172
0 0.292253 0.925463 0.0821615 0.147222
0 0.276042 0.182755 0.0625 0.0516204
0 0.295833 0.138657 0.0604167 0.0509259
0 0.948438 0.336574 0.103125 0.102778
0 0.341667 0.0613426 0.0604167 0.0497685
0 0.4375 0.214352 0.0479167 0.0777778
0 0.0273763 0.634259 0.0541016 0.0722222
0 0.260417 0.492593 0.0375 0.0861111
0 0.457292 0.142824 0.0447917 0.0740741
1 0.216536 0.160301 0.0109375 0.0310185
0 0.407292 0.238889 0.028125 0.0421296
1 0.400781 0.827315 0.0145833 0.0222222
0 0.303646 0.449769 0.0416667 0.0587963
0 0.240104 0.566667 0.0286458 0.0555556
1 0.188802 0.250231 0.0161458 0.0180556
0 0.409115 0.246065 0.0317708 0.0560185
0 0.246354 0.569444 0.0416667 0.0611111
1 0.182031 0.266898 0.0145833 0.0310185
1 0.416667 0.825 0.0114583 0.0287037
1 0.183854 0.268056 0.0125 0.0273148
0 0.202865 0.948148 0.0309896 0.0518519
0 0.266732 0.505093 0.0509115 0.109259
1 0.185677 0.268519 0.00885417 0.0259259
0 0.254427 0.573148 0.0572917 0.0685185
1 0.598958 0.13125 0.00625 0.0115741
0 0.262435 0.580093 0.0730469 0.0842593
0 0.0495443 0.725926 0.0217448 0.0333333
1 0.0492839 0.725463 0.0220052 0.0333333
0 0.417188 0.822222 0.0125 0.0333333
1 0.180339 0.272685 0.0101562 0.0203704
0 0.304688 0.460301 0.04375 0.08125
0 0.182031 0.266667 0.0143229 0.0305556
1 0.399219 0.825926 0.0114583 0.0185185
0 0.304688 0.477662 0.0442708 0.116898
1 0.239844 0.567593 0.028125 0.0555556
0 0.247917 0.57963 0.0442708 0.0796296
1 0.418229 0.818519 0.0145833 0.0425926
0 0.188542 0.251852 0.0171875 0.0222222
0 0.418229 0.818519 0.0145833 0.0425926
0 0.409375 0.25978 0.0333333 0.0859954
1 0.407031 0.23912 0.0270833 0.0421296
0 0.400781 0.827315 0.0145833 0.0222222
0 0.0458984 0.74537 0.0295573 0.0740741
1 0.048763 0.722222 0.0191406 0.0259259
0 0.416146 0.251331 0.0453125 0.0704861
0 0.0394857 0.638889 0.0295573 0.0601852
0 0.316667 0.456481 0.0671875 0.0759259
1 0.260417 0.492708 0.0375 0.0868056
0 0.239323 0.576852 0.0309896 0.0740741
1 0.187891 0.259259 0.0171875 0.0347222
0 0.13776 0.290278 0.0203125 0.0300926
0 0.26224 0.994444 0.0135417 0.00740741
0 0.0490885 0.740741 0.0246094 0.0657407
1 0.291927 0.925463 0.0822917 0.147222
1 0.420312 0.810185 0.009375 0.0314815
0 0.0322917 0.744907 0.0566406 0.075
1 0.044987 0.721759 0.0147135 0.025
1 0.360938 0.0216725 0.053125 0.0425347
0 0.0414714 0.752778 0.0394531 0.0888889
0 0.216667 0.160185 0.0114583 0.0310185
1 0.41901 0.814815 0.0109375 0.0388889
0 0.464583 0.15706 0.059375 0.102083
0 0.416406 0.825926 0.0109375 0.0277778
0 0.259635 0.474074 0.0354167 0.0481481
1 0.0273438 0.634259 0.0540365 0.0722222
0 0.271354 0.587037 0.0916667 0.1
1 0.303646 0.449537 0.0416667 0.0583333
0 0.297917 0.464931 0.0395833 0.0886574
0 0.266146 0.563426 0.0765625 0.0907407
1 0.948438 0.336574 0.103125 0.103704
1 0.263021 0.078588 0.00625 0.0178241
0 0.251823 0.594444 0.0526042 0.109259
0 0.288802 0.496296 0.0697917 0.135185
0 0.320573 0.475116 0.0755208 0.109028
0 0.308594 0.494907 0.0541667 0.147222
0 0.198958 0.960185 0.0401042 0.0777778
1 0.414844 0.827778 0.0109375 0.0259259
0 0.261719 0.994444 0.0140625 0.0111111
0 0.41901 0.814815 0.0109375 0.0388889
1 0.184505 0.253704 0.0205729 0.0277778
0 0.0440755 0.730093 0.0308594 0.0444444
1 0.936979 0.110851 0.116667 0.0963542
1 0.0458984 0.74537 0.0295573 0.0740741
1 0.863021 0.382407 0.0677083 0.0648148
0 0.23724 0.571296 0.0244792 0.0574074
0 0.184375 0.268519 0.0109375 0.0268519
1 0.26224 0.994444 0.0130208 0.00925926
0 0.158073 0.248148 0.0171875 0.0203704
0 0.197526 0.807407 0.0395833 0.118519
0 0.275781 0.517593 0.0671875 0.119444
0 0.479688 0.934259 0.0333333 0.05
1 0.421354 0.806481 0.00729167 0.0240741
0 0.260938 0.598148 0.0708333 0.116667
0 0.547917 0.207639 0.0458333 0.0819444
0 0.259896 0.859259 0.078125 0.148148
0 0.461979 0.39838 0.0510417 0.1
0 0.41901 0.50081 0.0526042 0.102083
0 0.360938 0.0219907 0.053125 0.0431713
0 0.0906901 0.50787 0.0779948 0.0638889
0 0.292253 0.925463 0.0821615 0.147222
0 0.936979 0.111458 0.116667 0.0960648
0 0.863021 0.382407 0.0677083 0.0648148
0 0.295833 0.138773 0.0604167 0.0511574
0 0.250911 0.236053 0.0716146 0.0538194
0 0.276042 0.182986 0.0625 0.0523148
0 0.948438 0.336111 0.103125 0.102778
0 0.341406 0.0612269 0.0604167 0.0496528
0 0.436979 0.213889 0.0479167 0.0773148
0 0.0273763 0.634722 0.0539714 0.0712963
0 0.457031 0.142708 0.04375 0.0743056
0 0.260482 0.491667 0.0373698 0.0842593
1 0.216667 0.160417 0.0111979 0.0310185
0 0.407031 0.238426 0.0265625 0.0407407
0 0.303385 0.449769 0.0411458 0.0587963
1 0.401042 0.827778 0.0145833 0.0222222
0 0.240885 0.567593 0.0302083 0.0574074
1 0.189063 0.25 0.0161458 0.0175926
1 0.416667 0.825 0.0114583 0.0296296
0 0.304688 0.460648 0.04375 0.0805556
0 0.246094 0.569444 0.040625 0.062037
0 0.266927 0.50463 0.0505208 0.109259
0 0.409375 0.246354 0.0317708 0.0563657
1 0.184635 0.269213 0.0109375 0.025
0 0.244922 0.581481 0.0382813 0.0851852
1 0.182292 0.266667 0.0148437 0.0314815
0 0.255208 0.574537 0.0588542 0.0722222
0 0.202995 0.947917 0.0307292 0.0523148
1 0.598958 0.131134 0.00625 0.0113426
0 0.416927 0.823148 0.0114583 0.0305556
1 0.049349 0.725926 0.021875 0.0351852
0 0.304688 0.48044 0.0442708 0.122454
1 0.182031 0.271528 0.0119792 0.0231481
1 0.240885 0.567593 0.0302083 0.0574074
0 0.049349 0.725926 0.021875 0.0351852
0 0.265169 0.57963 0.0779948 0.0833333
0 0.103971 0.273843 0.0457031 0.0407407
0 0.415104 0.253704 0.0432292 0.0731481
1 0.180469 0.270139 0.0114583 0.0263889
0 0.409896 0.262558 0.0328125 0.090625
0 0.182031 0.266667 0.0145833 0.0305556
1 0.407292 0.238657 0.0270833 0.0412037
0 0.188932 0.250463 0.0164062 0.0185185
0 0.418229 0.818519 0.0145833 0.0425926
1 0.260482 0.492477 0.0373698 0.0854167
1 0.398698 0.826389 0.0104167 0.0194444
1 0.418229 0.818519 0.0145833 0.0425926
0 0.401042 0.827778 0.0145833 0.0222222
0 0.317708 0.457407 0.0697917 0.0759259
0 0.463021 0.157523 0.0552083 0.104861
0 0.307031 0.496759 0.05 0.152778
1 0.302865 0.449306 0.0401042 0.0578704
0 0.322917 0.481019 0.08125 0.122222
0 0.268815 0.589815 0.0873698 0.106481
0 0.184115 0.268056 0.0114583 0.0268519
1 0.188021 0.260648 0.0171875 0.037963
0 0.267643 0.558796 0.0782552 0.10463
1 0.360938 0.0219329 0.053125 0.0429398
1 0.292253 0.925926 0.0821615 0.146296
1 0.0273438 0.634259 0.0539714 0.0722222
0 0.0471029 0.737963 0.0267578 0.0592593
0 0.262044 0.994444 0.0123698 0.00925926
1 0.0476888 0.721296 0.016862 0.0240741
1 0.420312 0.810185 0.009375 0.0314815
1 0.419271 0.813889 0.0104167 0.037037
0 0.290104 0.496759 0.065625 0.134259
0 0.13776 0.289352 0.0203125 0.0277778
0 0.419531 0.26412 0.0526042 0.0944444
1 0.246094 0.569444 0.040625 0.062037
0 0.157813 0.247917 0.0166667 0.0199074
0 0.093099 0.168287 0.0414063 0.0671296
0 0.216667 0.160185 0.0111979 0.0310185
0 0.423438 0.253472 0.059375 0.0759259
1 0.863021 0.38287 0.0677083 0.0648148
1 0.154167 0.246528 0.00885417 0.0171296
1 0.948438 0.336574 0.103125 0.103704
0 0.180469 0.270139 0.0114583 0.0263889
1 0.0435547 0.72037 0.0110677 0.0222222
0 0.410156 0.276794 0.0369792 0.117708
1 0.414583 0.82963 0.00989583 0.0222222
1 0.263281 0.0783565 0.00625 0.0173611
1 0.4 0.823148 0.0125 0.0222222
0 0.100456 0.271991 0.0386719 0.0328704
0 0.27474 0.514352 0.0671875 0.124074
1 0.936979 0.111574 0.116667 0.0962963
0 0.198047 0.809259 0.0382813 0.114815
1 0.262044 0.994444 0.0123698 0.00925926
0 0.182031 0.271528 0.0119792 0.0231481
0 0.420312 0.810185 0.009375 0.0314815
0 0.185547 0.269676 0.00859375 0.024537
1 0.341667 0.0612269 0.0604167 0.0498843
0 0.419271 0.813889 0.0104167 0.037037
0 0.547917 0.207639 0.0458333 0.0824074
0 0.259896 0.860185 0.078125 0.148148
0 0.461979 0.398611 0.0510417 0.1
0 0.419271 0.500926 0.0520833 0.102778
0 0.360938 0.0220486 0.053125 0.0430556
0 0.9375 0.110995 0.116667 0.0967593
0 0.0907552 0.508333 0.0778646 0.0648148
0 0.291927 0.925463 0.0817708 0.147222
0 0.863021 0.38287 0.0677083 0.0648148
0 0.250911 0.236574 0.0716146 0.0541667
0 0.295833 0.139005 0.0604167 0.0511574
0 0.275977 0.183333 0.0626302 0.0527778
0 0.948438 0.336806 0.103125 0.104167
0 0.436979 0.213889 0.0479167 0.0768519
0 0.341667 0.061169 0.0604167 0.0496528
0 0.456771 0.142593 0.04375 0.0740741
0 0.0273519 0.635185 0.05389 0.0722222
0 0.260156 0.491551 0.0369792 0.0835648
1 0.216667 0.160417 0.0109375 0.0310185
0 0.406771 0.238368 0.0260417 0.0408565
1 0.400781 0.827778 0.0145833 0.0222222
0 0.303646 0.450231 0.0416667 0.0597222
0 0.239583 0.567593 0.0270833 0.0574074
0 0.304688 0.461111 0.04375 0.0805556
0 0.265625 0.503241 0.0479167 0.107407
1 0.189063 0.249537 0.0161458 0.0175926
1 0.184766 0.269444 0.0101562 0.025
1 0.416667 0.825463 0.0114583 0.0287037
0 0.409375 0.246759 0.03125 0.0574074
1 0.182812 0.26713 0.0140625 0.0300926
0 0.24375 0.571296 0.0348958 0.0648148
1 0.598958 0.13125 0.00625 0.0115741
0 0.417188 0.822222 0.0114583 0.0314815
1 0.049349 0.725 0.0213542 0.0333333
1 0.183073 0.270833 0.0125 0.025
0 0.202995 0.947917 0.03125 0.0523148
0 0.0493815 0.725926 0.0218099 0.0351852
0 0.304948 0.479167 0.0447917 0.118519
0 0.249219 0.580093 0.0463542 0.0824074
0 0.25599 0.574537 0.0598958 0.0722222
0 0.415625 0.253009 0.04375 0.0712963
1 0.239583 0.567593 0.0270833 0.0574074
1 0.18776 0.259491 0.0182292 0.0365741
0 0.418229 0.819444 0.0145833 0.0425926
1 0.18099 0.27037 0.0119792 0.0259259
0 0.182812 0.26713 0.0140625 0.0300926
0 0.189063 0.250231 0.0161458 0.0185185
0 0.409635 0.262963 0.0328125 0.0912037
1 0.407031 0.238889 0.0265625 0.0416667
0 0.104167 0.274074 0.0458333 0.0407407
0 0.266667 0.580556 0.08125 0.087037
0 0.317969 0.458333 0.0703125 0.0777778
0 0.24349 0.589815 0.0359375 0.101852
0 0.416146 0.825463 0.0104167 0.0277778
0 0.261914 0.566204 0.0678385 0.0814815
1 0.260156 0.492593 0.0369792 0.0851852
1 0.399219 0.825926 0.0109375 0.0203704
1 0.418229 0.818056 0.0145833 0.0435185
0 0.13737 0.289815 0.0210938 0.0300926
0 0.239714 0.58287 0.0294271 0.087037
0 0.322396 0.478819 0.0802083 0.118287
0 0.400781 0.827778 0.0145833 0.0222222
0 0.0472331 0.735185 0.0263672 0.0555556
0 0.308333 0.497222 0.0520833 0.153704
0 0.183073 0.270833 0.0125 0.025
1 0.303125 0.45 0.040625 0.0592593
0 0.18776 0.259491 0.0182292 0.0365741
0 0.420312 0.263194 0.0541667 0.0921296
0 0.299479 0.466667 0.0359375 0.0916667
0 0.18099 0.27037 0.0119792 0.0259259
1 0.0273438 0.635185 0.0539063 0.0731481
0 0.0936198 0.169213 0.0424479 0.0662037
1 0.047819 0.722222 0.0165365 0.0277778
0 0.269271 0.544907 0.0765625 0.130556
0 0.184896 0.269444 0.009375 0.025
0 0.291146 0.498148 0.0645833 0.132407
0 0.463021 0.157986 0.0552083 0.105787
1 0.420312 0.8125 0.009375 0.0351852
1 0.41875 0.814815 0.0104167 0.0388889
0 0.157813 0.248611 0.0166667 0.0208333
1 0.292253 0.925926 0.0821615 0.146296
1 0.0451823 0.72037 0.0123698 0.0240741
0 0.103776 0.158565 0.0627604 0.0884259
1 0.154427 0.247222 0.00911458 0.0180556
0 0.261914 0.994444 0.0126302 0.00925926
0 0.277669 0.519329 0.0727865 0.133565
0 0.41875 0.814815 0.0104167 0.0388889
1 0.414323 0.82963 0.00989583 0.0212963
1 0.948438 0.336806 0.103125 0.104167
0 0.420312 0.8125 0.009375 0.0351852
1 0.360938 0.0220486 0.053125 0.0430556
0 0.216667 0.160301 0.0111979 0.03125
1 0.863542 0.382639 0.06875 0.0648148
0 0.479427 0.934259 0.0328125 0.05
0 0.485417 0.592593 0.0114583 0.0222222
1 0.24375 0.571296 0.0348958 0.0648148
1 0.561458 0.0673611 0.00520833 0.012037
0 0.701042 0.0592014 0.00520833 0.0111111
0 0.273438 0.493403 0.0567708 0.0965278
0 0.409375 0.276852 0.0375 0.118056
1 0.421354 0.806481 0.00729167 0.0240741
0 0.598958 0.13125 0.00625 0.0115741
1 0.263281 0.078125 0.00625 0.0173611
1 0.261914 0.994444 0.0126302 0.00925926
1 0.879167 0.0197844 0.01875 0.0376302
1 0.044401 0.72963 0.0304688 0.0444444
1 0.259896 0.860185 0.078125 0.148148
0 0.547917 0.207639 0.0458333 0.0824074
0 0.259896 0.860185 0.078125 0.148148
0 0.461979 0.39838 0.0510417 0.1
0 0.419271 0.500926 0.0520833 0.102778
0 0.361198 0.022215 0.053125 0.0434172
0 0.291927 0.925463 0.0817708 0.147222
0 0.936979 0.111343 0.116667 0.0962963
0 0.0907552 0.508333 0.0778646 0.0648148
0 0.863021 0.38287 0.0677083 0.0648148
0 0.250781 0.236516 0.0713542 0.0538194
0 0.295833 0.139005 0.0604167 0.0511574
0 0.947917 0.336806 0.104167 0.104167
0 0.275977 0.183333 0.0626302 0.0527778
0 0.436979 0.213889 0.0473958 0.0773148
0 0.341667 0.0612413 0.0604167 0.0497396
0 0.456771 0.142361 0.0432292 0.0733796
0 0.0273763 0.635185 0.0538411 0.0740741
0 0.260156 0.491667 0.0369792 0.0833333
1 0.216667 0.160417 0.0109375 0.0310185
0 0.406771 0.238426 0.0260417 0.0412037
0 0.303646 0.45 0.0416667 0.0592593
1 0.401042 0.827778 0.0145833 0.0222222
0 0.239453 0.567593 0.0270833 0.0574074
0 0.304427 0.462037 0.04375 0.0824074
1 0.188932 0.250463 0.0161458 0.0185185
0 0.266146 0.502662 0.0489583 0.105787
1 0.184896 0.269444 0.009375 0.025
1 0.183333 0.26875 0.0127604 0.0273148
1 0.416667 0.825 0.0114583 0.0296296
0 0.409375 0.246528 0.0322917 0.0569444
1 0.598958 0.13125 0.00625 0.0115741
0 0.24375 0.572222 0.0348958 0.0666667
0 0.417188 0.821759 0.0119792 0.0342593
0 0.202865 0.949074 0.03125 0.0537037
1 0.181901 0.266204 0.0138021 0.0314815
0 0.304948 0.480671 0.0447917 0.121991
1 0.0494466 0.725 0.0211589 0.0333333
0 0.249219 0.580556 0.0463542 0.0833333
1 0.188021 0.255556 0.0182292 0.0291667
0 0.0496745 0.725 0.0213542 0.0351852
0 0.418229 0.818981 0.0145833 0.0416667
1 0.399479 0.825926 0.0114583 0.0203704
1 0.239453 0.567593 0.0270833 0.0574074
0 0.416406 0.24728 0.0453125 0.0600694
1 0.18112 0.27037 0.0122396 0.0259259
0 0.182812 0.26713 0.0138021 0.0300926
0 0.416146 0.825 0.0104167 0.0277778
0 0.188932 0.250463 0.0161458 0.0185185
0 0.263021 0.580556 0.0729167 0.0851852
1 0.406771 0.238889 0.0260417 0.0416667
0 0.24388 0.587963 0.0361979 0.0981481
0 0.270833 0.521759 0.059375 0.141667
0 0.239583 0.58287 0.0289063 0.087037
0 0.318229 0.458796 0.0708333 0.0777778
0 0.41276 0.262731 0.0385417 0.0907407
1 0.418229 0.816204 0.0125 0.0425926
0 0.25651 0.569444 0.0588542 0.0666667
1 0.259896 0.490741 0.0364583 0.0824074
0 0.188021 0.255556 0.0182292 0.0291667
0 0.306771 0.498148 0.05 0.15463
0 0.13724 0.289815 0.0210938 0.0305556
1 0.18776 0.261343 0.0177083 0.0388889
0 0.322656 0.47963 0.0807292 0.119444
0 0.104232 0.273611 0.0449219 0.0402778
0 0.423177 0.253762 0.059375 0.0730324
0 0.263281 0.553241 0.0692708 0.111111
0 0.401042 0.827778 0.0145833 0.0222222
0 0.18112 0.27037 0.0122396 0.0259259
0 0.24375 0.565741 0.0302083 0.0537037
0 0.184896 0.269444 0.009375 0.025
0 0.290885 0.498032 0.0677083 0.135417
1 0.303125 0.45 0.040625 0.0583333
0 0.2625 0.515625 0.0484375 0.128009
0 0.419792 0.813889 0.0104167 0.037963
1 0.419792 0.813889 0.0104167 0.037963
1 0.0273356 0.635185 0.0537923 0.0722222
1 0.291927 0.925463 0.0822917 0.147222
1 0.154167 0.247222 0.00833333 0.0185185
0 0.0936198 0.168171 0.0424479 0.0678241
1 0.948438 0.336806 0.103125 0.104167
0 0.157552 0.249074 0.0166667 0.0212963
0 0.0477214 0.737037 0.0255208 0.0592593
1 0.0469727 0.722685 0.0149089 0.0268519
0 0.464063 0.158102 0.0572917 0.105556
0 0.270833 0.539815 0.078125 0.146296
1 0.24375 0.572222 0.0348958 0.0666667
1 0.414583 0.828704 0.0104167 0.0240741
1 0.561458 0.0672454 0.00520833 0.0118056
0 0.28444 0.508449 0.0842448 0.136806
0 0.104232 0.158681 0.0636719 0.0877315
1 0.361458 0.0218244 0.0541667 0.0426939
0 0.262044 0.994444 0.0123698 0.00925926
1 0.863542 0.382639 0.06875 0.0648148
0 0.216667 0.160417 0.0114583 0.0310185
0 0.273893 0.492477 0.0584635 0.0965278
1 0.0441406 0.721296 0.0119141 0.0259259
0 0.269727 0.587963 0.0886719 0.101852
0 0.598958 0.13125 0.00625 0.0115741
1 0.259896 0.860185 0.078125 0.148148
0 0.40625 0.261053 0.0333333 0.0853009
1 0.263021 0.078125 0.00625 0.0173611
1 0.421354 0.806481 0.00625 0.0240741
1 0.262044 0.994444 0.0123698 0.00925926
1 0.240495 0.556481 0.0184896 0.0361111
1 0.159766 0.165741 0.00833333 0.0185185
1 0.561458 0.0715856 0.00625 0.021875
0 0.547917 0.207755 0.0458333 0.0826389
0 0.259896 0.860185 0.078125 0.148148
0 0.361198 0.0221571 0.053125 0.0434172
0 0.461979 0.39838 0.0510417 0.1
0 0.419271 0.50081 0.0520833 0.102083
0 0.291927 0.925926 0.0817708 0.146296
0 0.863542 0.38287 0.06875 0.0648148
0 0.9375 0.110995 0.116667 0.0967593
0 0.0907552 0.508333 0.0778646 0.0648148
0 0.947917 0.337037 0.104167 0.103704
0 0.251042 0.236574 0.0713542 0.0541667
0 0.295833 0.139005 0.0604167 0.0511574
0 0.276042 0.183218 0.0625 0.0525463
0 0.436979 0.213889 0.0473958 0.0773148
0 0.341406 0.0613571 0.0604167 0.0499711
0 0.456771 0.142245 0.0427083 0.0733796
0 0.0272135 0.634259 0.0538411 0.0722222
0 0.260482 0.491551 0.0373698 0.0835648
1 0.216667 0.160417 0.0111979 0.0310185
0 0.406771 0.238426 0.0260417 0.0416667
0 0.303906 0.45 0.0421875 0.0592593
1 0.400781 0.827778 0.0140625 0.0222222
0 0.239453 0.567593 0.0270833 0.0574074
0 0.304167 0.462963 0.04375 0.0842593
1 0.188932 0.250231 0.0161458 0.0185185
0 0.266406 0.503819 0.05 0.107176
1 0.183333 0.268519 0.0127604 0.0277778
1 0.184896 0.269444 0.00989583 0.025
0 0.24349 0.575463 0.0348958 0.0731481
0 0.409896 0.246701 0.0322917 0.0575231
1 0.598958 0.13125 0.00625 0.0115741
1 0.416667 0.824537 0.0114583 0.0296296
0 0.202995 0.949074 0.03125 0.0537037
0 0.417188 0.819444 0.0125 0.0388889
0 0.304688 0.481481 0.0447917 0.124074
1 0.18138 0.267361 0.0127604 0.0296296
0 0.416667 0.825 0.0114583 0.0296296
0 0.24974 0.580556 0.0479167 0.0833333
0 0.049707 0.725463 0.0211589 0.0342593
1 0.0494466 0.725 0.0210286 0.0333333
1 0.188151 0.254167 0.0179687 0.0259259
0 0.416146 0.247454 0.0447917 0.0606481
1 0.399479 0.825926 0.0114583 0.0203704
1 0.238932 0.566667 0.0260417 0.0564815
1 0.417188 0.819444 0.0125 0.0388889
0 0.182682 0.26713 0.0140625 0.0305556
0 0.263021 0.580556 0.0729167 0.0851852
0 0.270052 0.520255 0.0583333 0.13912
0 0.188932 0.250231 0.0161458 0.0185185
1 0.406771 0.238831 0.0260417 0.0417824
0 0.4125 0.262037 0.0380208 0.0893519
0 0.239453 0.582407 0.0286458 0.087037
0 0.31875 0.458796 0.071875 0.0777778
0 0.257031 0.569444 0.0598958 0.0666667
1 0.259896 0.491204 0.0364583 0.0824074
1 0.187891 0.261343 0.0177083 0.0388889
0 0.188151 0.254167 0.0179687 0.0259259
0 0.263281 0.556019 0.0697917 0.106481
0 0.401042 0.827778 0.0145833 0.0222222
0 0.419531 0.814815 0.0109375 0.0407407
0 0.293229 0.499074 0.0630208 0.131481
0 0.322396 0.479514 0.0791667 0.11875
0 0.245182 0.565741 0.0325521 0.0537037
0 0.463542 0.157407 0.0552083 0.104167
1 0.303646 0.45 0.0416667 0.0592593
0 0.184896 0.269444 0.00989583 0.025
1 0.419531 0.814815 0.0109375 0.0407407
0 0.423438 0.253762 0.059375 0.0739583
0 0.137109 0.290278 0.0213542 0.0305556
0 0.269727 0.543519 0.0772135 0.140741
1 0.0273112 0.634722 0.0537109 0.0722222
0 0.18099 0.27037 0.0119792 0.0263889
1 0.291927 0.925463 0.0822917 0.147222
0 0.29974 0.498264 0.0588542 0.155324
0 0.284375 0.508218 0.0838542 0.131713
1 0.561458 0.0672454 0.00520833 0.012037
1 0.154167 0.247685 0.00833333 0.0185185
1 0.361198 0.0217665 0.0541667 0.0426939
1 0.0466797 0.722685 0.0144531 0.0268519
1 0.948438 0.336806 0.103125 0.104167
0 0.104427 0.159954 0.0643229 0.0847222
0 0.104167 0.27338 0.0450521 0.0402778
0 0.0936198 0.168056 0.0427083 0.0675926
0 0.0473958 0.738426 0.0259115 0.062037
1 0.414583 0.828704 0.0104167 0.0222222
1 0.863542 0.383102 0.06875 0.0652778
0 0.157552 0.249537 0.0164062 0.0222222
0 0.216667 0.160301 0.0114583 0.03125
1 0.0442383 0.721296 0.0119141 0.0259259
1 0.244271 0.572222 0.0354167 0.0675926
0 0.40625 0.261053 0.0333333 0.0853009
0 0.598958 0.13125 0.00625 0.0115741
0 0.273438 0.493403 0.0578125 0.0965278
1 0.240365 0.556481 0.01875 0.0361111
1 0.561458 0.0712963 0.00625 0.0215278
0 0.262044 0.994444 0.0123698 0.00740741
1 0.259896 0.860185 0.078125 0.148148
0 0.420312 0.818056 0.0177083 0.0481481
1 0.159896 0.165741 0.00833333 0.0185185
0 0.547917 0.207639 0.0458333 0.0828704
0 0.259896 0.860185 0.078125 0.148148
0 0.361198 0.0221065 0.053125 0.0435185
0 0.461979 0.39838 0.0510417 0.099537
0 0.419271 0.50081 0.0520833 0.102083
0 0.291927 0.925926 0.0817708 0.146296
0 0.863542 0.383102 0.06875 0.0652778
0 0.0907552 0.508333 0.0778646 0.0648148
0 0.936979 0.110909 0.116667 0.0967014
0 0.250911 0.236516 0.0716146 0.0538194
0 0.947917 0.337269 0.104167 0.103704
0 0.295833 0.139005 0.0604167 0.0511574
0 0.275977 0.183102 0.0626302 0.0523148
0 0.436979 0.213657 0.0479167 0.0763889
0 0.341406 0.0614005 0.0604167 0.05
0 0.456771 0.142245 0.0427083 0.0733796
0 0.0273438 0.635185 0.053776 0.0722222
0 0.260482 0.491551 0.0373698 0.0835648
1 0.216667 0.160301 0.0111979 0.0310185
0 0.406771 0.238426 0.0260417 0.0412037
0 0.304167 0.450463 0.0427083 0.0592593
1 0.401042 0.827778 0.0145833 0.0222222
0 0.239714 0.567593 0.0276042 0.0574074
1 0.189063 0.250231 0.0161458 0.0185185
0 0.304167 0.4625 0.04375 0.0833333
0 0.266667 0.503704 0.0505208 0.107407
1 0.183333 0.268519 0.0125 0.0273148
1 0.184896 0.269444 0.00963542 0.025
0 0.244271 0.571296 0.0359375 0.0648148
0 0.409896 0.246991 0.0322917 0.0574074
0 0.202995 0.949074 0.03125 0.0537037
1 0.598958 0.13125 0.00625 0.0115741
1 0.416667 0.824537 0.0114583 0.0296296
0 0.304948 0.479745 0.0447917 0.120139
0 0.417448 0.819444 0.0125 0.0388889
1 0.18151 0.26713 0.0130208 0.0296296
0 0.24974 0.578704 0.0473958 0.0796296
1 0.188281 0.25463 0.0177083 0.0273148
0 0.416667 0.825 0.0114583 0.0296296
1 0.0494141 0.725 0.0209635 0.0333333
0 0.0497396 0.725463 0.021224 0.0342593
0 0.415885 0.247917 0.0442708 0.0615741
1 0.238802 0.567593 0.0255208 0.0574074
1 0.417448 0.819444 0.0125 0.0388889
0 0.263021 0.579167 0.0729167 0.0824074
1 0.399479 0.825926 0.0114583 0.0203704
0 0.270052 0.520486 0.0583333 0.138657
0 0.182682 0.26713 0.0140625 0.0305556
0 0.411979 0.26059 0.0364583 0.0862269
0 0.244792 0.585648 0.0375 0.0935185
0 0.239714 0.581481 0.0289063 0.0842593
0 0.189063 0.250231 0.0161458 0.0185185
0 0.257031 0.569444 0.0604167 0.0648148
0 0.318229 0.458796 0.0708333 0.0787037
1 0.406771 0.238426 0.0260417 0.0412037
1 0.260482 0.491551 0.0373698 0.0835648
0 0.263021 0.562037 0.0697917 0.0907407
1 0.188021 0.261111 0.0177083 0.0388889
0 0.188281 0.25463 0.0177083 0.0273148
0 0.419271 0.815278 0.0114583 0.0407407
0 0.29375 0.499074 0.0619792 0.12963
0 0.3 0.456019 0.034375 0.0703704
0 0.320833 0.477662 0.0765625 0.115046
0 0.401042 0.827778 0.0145833 0.0222222
0 0.26849 0.55 0.0770833 0.122222
1 0.419271 0.815278 0.0114583 0.0407407
0 0.463542 0.157176 0.0557292 0.103704
0 0.18112 0.269676 0.0125 0.0273148
0 0.184896 0.269444 0.00963542 0.025
1 0.0273438 0.635185 0.0537109 0.0722222
0 0.423698 0.253472 0.0598958 0.0736111
1 0.303646 0.450463 0.0416667 0.0592593
0 0.300521 0.497685 0.0567708 0.152778
1 0.291927 0.925463 0.0822917 0.147222
0 0.13724 0.290046 0.0208333 0.0300926
0 0.284635 0.50787 0.0828125 0.128704
1 0.561458 0.0671296 0.00520833 0.012037
1 0.419792 0.812037 0.009375 0.0351852
0 0.0474935 0.739815 0.0257161 0.062963
1 0.0466146 0.722685 0.0144531 0.0268519
1 0.361198 0.021752 0.0541667 0.0427228
1 0.0451823 0.72037 0.0122396 0.0240741
1 0.154167 0.247685 0.00885417 0.0185185
1 0.948438 0.337037 0.103125 0.10463
1 0.244271 0.571296 0.0359375 0.0648148
1 0.414583 0.828704 0.0104167 0.0222222
0 0.216667 0.160185 0.0114583 0.0310185
1 0.863542 0.383102 0.06875 0.0652778
0 0.157552 0.249537 0.0164062 0.0222222
0 0.102669 0.1625 0.0613281 0.0787037
0 0.25026 0.568519 0.0447917 0.0574074
0 0.104232 0.273611 0.0449219 0.0398148
0 0.409375 0.27338 0.0385417 0.111111
1 0.259896 0.860185 0.078125 0.148148
0 0.0933594 0.167708 0.0419271 0.0678241
1 0.239844 0.556481 0.0200521 0.0361111
1 0.421354 0.806944 0.00729167 0.0240741
0 0.415625 0.24213 0.0385417 0.0476852
0 0.273698 0.493056 0.0572917 0.0953704
0 0.547917 0.207639 0.0458333 0.0828704
0 0.259896 0.860185 0.078125 0.148148
0 0.361198 0.0221354 0.053125 0.0435764
0 0.461979 0.398611 0.0515625 0.1
0 0.419271 0.500926 0.0520833 0.102778
0 0.863542 0.383102 0.06875 0.0652778
0 0.291927 0.925463 0.0817708 0.147222
0 0.0908203 0.508333 0.0777344 0.0648148
0 0.936979 0.110995 0.116667 0.0965278
0 0.251042 0.236516 0.0713542 0.0538194
0 0.948438 0.337269 0.103125 0.104167
0 0.296094 0.139005 0.0598958 0.0513889
0 0.276042 0.183102 0.0625 0.0525463
0 0.436979 0.213657 0.0479167 0.0763889
0 0.341667 0.0612847 0.0604167 0.05
0 0.456771 0.142361 0.0427083 0.0731481
0 0.0273438 0.635185 0.053776 0.0722222
0 0.260417 0.491782 0.0369792 0.0831019
1 0.216667 0.160417 0.0111979 0.0310185
0 0.406771 0.238426 0.0260417 0.0416667
0 0.304167 0.450694 0.0427083 0.0597222
1 0.401042 0.827778 0.0145833 0.0222222
0 0.239844 0.56713 0.0278646 0.0564815
1 0.189063 0.250231 0.0161458 0.0185185
0 0.304167 0.4625 0.04375 0.0842593
1 0.183333 0.268519 0.0125 0.0277778
0 0.244661 0.570833 0.0367187 0.0638889
0 0.266602 0.503704 0.0501302 0.107407
1 0.184896 0.269444 0.00963542 0.025
0 0.409896 0.247454 0.0328125 0.0583333
1 0.598958 0.13125 0.00625 0.0115741
0 0.202995 0.949074 0.03125 0.0537037
0 0.25 0.573148 0.0479167 0.0703704
1 0.416667 0.824537 0.0114583 0.0296296
0 0.417448 0.818981 0.0125 0.0398148
0 0.304948 0.478704 0.0447917 0.117593
0 0.416927 0.824074 0.0114583 0.0305556
1 0.18151 0.26713 0.0130208 0.0300926
0 0.298958 0.447685 0.0322917 0.0537037
1 0.18724 0.252315 0.0148437 0.0217593
1 0.0493815 0.725 0.0208984 0.0333333
0 0.257161 0.577778 0.0617188 0.0777778
1 0.188281 0.255093 0.0177083 0.0277778
0 0.049707 0.725463 0.0211589 0.0342593
0 0.415365 0.252373 0.0432292 0.0702546
1 0.417448 0.818981 0.0125 0.0398148
1 0.239193 0.566667 0.0265625 0.0555556
0 0.411458 0.26059 0.0364583 0.0862269
0 0.182552 0.266898 0.0140625 0.0305556
1 0.39974 0.825926 0.0114583 0.0203704
0 0.270052 0.521296 0.0588542 0.140741
0 0.244922 0.585185 0.0382813 0.0925926
0 0.239844 0.581481 0.0296875 0.0833333
0 0.318229 0.459259 0.0708333 0.0796296
0 0.189063 0.250231 0.0161458 0.0185185
1 0.406771 0.238426 0.0260417 0.0416667
0 0.262435 0.564815 0.0699219 0.0833333
1 0.260417 0.491782 0.0369792 0.0831019
0 0.419271 0.815741 0.0114583 0.0407407
1 0.188021 0.261111 0.0177083 0.0388889
0 0.320833 0.476736 0.0760417 0.113194
0 0.188281 0.255093 0.0177083 0.0277778
0 0.29375 0.499074 0.0625 0.12963
0 0.18724 0.252315 0.0148437 0.0217593
0 0.267643 0.55463 0.0761719 0.109259
0 0.463542 0.157292 0.05625 0.103935
1 0.24375 0.568519 0.0354167 0.0592593
0 0.183333 0.27037 0.0125 0.0259259
1 0.419271 0.815741 0.0114583 0.0407407
0 0.419531 0.261516 0.0520833 0.0880787
0 0.264648 0.584259 0.0769531 0.0925926
0 0.18125 0.269444 0.0127604 0.0277778
0 0.401042 0.827778 0.0145833 0.0222222
0 0.301042 0.497222 0.0557292 0.151852
0 0.184896 0.269213 0.00963542 0.0259259
1 0.0273763 0.635185 0.0537109 0.0722222
1 0.0451172 0.72037 0.0119792 0.0240741
0 0.0472982 0.740278 0.0261068 0.0657407
0 0.284896 0.507407 0.0822917 0.127778
1 0.291927 0.925463 0.0822917 0.147222
1 0.303646 0.450463 0.0416667 0.0592593
1 0.0468099 0.723148 0.0147135 0.0277778
1 0.419792 0.812037 0.009375 0.0351852
0 0.13724 0.290278 0.0210938 0.0296296
0 0.409375 0.273553 0.0364583 0.111227
1 0.361198 0.0218171 0.0541667 0.0428241
1 0.948438 0.337037 0.103125 0.10463
1 0.561458 0.0671296 0.00520833 0.0122685
1 0.414583 0.828704 0.0104167 0.0240741
1 0.239583 0.556481 0.0203125 0.037037
0 0.103906 0.161574 0.0635417 0.0810185
0 0.415625 0.242535 0.0385417 0.0482639
1 0.863542 0.38287 0.06875 0.0657407
0 0.216667 0.160185 0.0114583 0.0310185
1 0.421615 0.806481 0.00677083 0.0240741
1 0.154167 0.247685 0.00885417 0.0185185
1 0.259896 0.860185 0.078125 0.148148
0 0.420312 0.818519 0.0177083 0.0472222
0 0.422135 0.245833 0.05 0.0680556
0 0.273893 0.492593 0.0574219 0.0935185
0 0.157552 0.249537 0.0164062 0.0222222
0 0.547917 0.207639 0.0458333 0.0828704
0 0.259896 0.860185 0.078125 0.148148
0 0.419271 0.500926 0.0520833 0.102778
0 0.361198 0.0221644 0.053125 0.0436343
0 0.461979 0.398611 0.0510417 0.1
0 0.863542 0.38287 0.06875 0.0648148
0 0.292253 0.925463 0.0821615 0.147222
0 0.9375 0.11088 0.116667 0.0965278
0 0.0907715 0.508333 0.077832 0.0648148
0 0.948438 0.336806 0.103125 0.103704
0 0.251042 0.236343 0.0713542 0.0541667
0 0.296094 0.139005 0.0598958 0.0513889
0 0.276042 0.183102 0.0625 0.0527778
0 0.436979 0.213657 0.0479167 0.0763889
0 0.341406 0.0612124 0.0604167 0.0500289
0 0.45651 0.142361 0.0427083 0.0731481
0 0.0275065 0.635185 0.0539063 0.0722222
0 0.260156 0.491667 0.0369792 0.0824074
1 0.216667 0.160301 0.0111979 0.030787
0 0.406771 0.238426 0.0260417 0.0412037
0 0.304167 0.450694 0.0427083 0.0597222
1 0.401042 0.827778 0.0145833 0.0222222
0 0.239974 0.56713 0.028125 0.0564815
1 0.189063 0.250231 0.0161458 0.0180556
0 0.244531 0.57037 0.0364583 0.062963
0 0.304167 0.4625 0.04375 0.0842593
1 0.182552 0.26713 0.0140625 0.0305556
1 0.184635 0.269907 0.0104167 0.0240741
0 0.266927 0.503704 0.0510417 0.107407
0 0.409896 0.247454 0.0322917 0.0578704
0 0.417448 0.818519 0.0125 0.0407407
0 0.250781 0.572685 0.0489583 0.0685185
1 0.598958 0.13125 0.00625 0.0113426
1 0.416927 0.824537 0.0114583 0.0296296
0 0.416927 0.824074 0.0114583 0.0314815
0 0.202995 0.949074 0.03125 0.0537037
1 0.18724 0.252315 0.0151042 0.0217593
0 0.298958 0.447917 0.0322917 0.0541667
1 0.049349 0.725 0.0208333 0.0333333
0 0.257552 0.576852 0.0625 0.0759259
1 0.188281 0.256481 0.0177083 0.0305556
0 0.0497396 0.725463 0.021224 0.0342593
0 0.304167 0.490741 0.0447917 0.140741
0 0.415104 0.252373 0.0432292 0.0702546
1 0.417448 0.818519 0.0125 0.0407407
1 0.238672 0.567593 0.0252604 0.0574074
0 0.411458 0.260185 0.0359375 0.0847222
1 0.399479 0.825926 0.0114583 0.0203704
0 0.40651 0.253009 0.0270833 0.0689815
0 0.182552 0.26713 0.0140625 0.0305556
0 0.269727 0.522338 0.0595052 0.142361
0 0.26224 0.567593 0.0703125 0.0759259
0 0.318229 0.459722 0.0697917 0.0805556
0 0.419271 0.815741 0.0119792 0.0416667
0 0.245312 0.585185 0.0390625 0.0925926
1 0.406771 0.238426 0.0260417 0.0412037
0 0.189063 0.250231 0.0161458 0.0180556
0 0.240104 0.580556 0.0302083 0.0833333
1 0.260156 0.491667 0.0369792 0.0824074
0 0.320312 0.475926 0.0755208 0.112037
0 0.266406 0.559259 0.0755208 0.0981481
0 0.29375 0.49919 0.0635417 0.129398
0 0.459896 0.15706 0.05 0.103704
0 0.188281 0.256481 0.0177083 0.0305556
0 0.18724 0.252315 0.0151042 0.0217593
0 0.270247 0.579167 0.0876302 0.087037
1 0.419271 0.815741 0.0119792 0.0416667
1 0.24401 0.568519 0.0354167 0.0592593
0 0.183464 0.27037 0.0122396 0.025463
0 0.419271 0.26088 0.0515625 0.0865741
0 0.401042 0.827778 0.0145833 0.0222222
0 0.285156 0.507523 0.0817708 0.127546
1 0.0450521 0.719907 0.011849 0.0231481
0 0.0472005 0.740741 0.0261719 0.0648148
1 0.046875 0.723148 0.0148437 0.0277778
1 0.948438 0.337037 0.103125 0.105556
1 0.0273438 0.635185 0.0537109 0.0722222
1 0.291927 0.925463 0.0822917 0.147222
1 0.419792 0.812037 0.009375 0.0351852
1 0.561458 0.0672454 0.00520833 0.012037
0 0.104102 0.161806 0.0641927 0.0810185
0 0.408854 0.272685 0.0364583 0.109722
1 0.303906 0.450694 0.0421875 0.0597222
1 0.361198 0.0218244 0.0541667 0.0429253
0 0.13724 0.290278 0.0213542 0.0300926
1 0.414583 0.828704 0.0104167 0.0222222
1 0.421354 0.806481 0.00625 0.0240741
0 0.420312 0.818519 0.0177083 0.0472222
1 0.188021 0.264352 0.0166667 0.0342593
1 0.239714 0.556019 0.0195312 0.0351852
0 0.216797 0.160185 0.0114583 0.0310185
1 0.863542 0.38287 0.06875 0.0657407
0 0.298958 0.548148 0.0557292 0.0472222
0 0.104036 0.272685 0.0450521 0.0398148
0 0.422396 0.244907 0.05 0.0694444
0 0.273958 0.492593 0.0583333 0.0935185
1 0.259896 0.860185 0.078125 0.148148
0 0.415625 0.242361 0.0385417 0.0486111
0 0.0936849 0.167593 0.0432292 0.0685185
0 0.466146 0.146065 0.059375 0.0837963
0 0.547917 0.207639 0.0458333 0.0828704
0 0.259896 0.860185 0.078125 0.148148
0 0.361458 0.0221933 0.053125 0.0436921
0 0.461979 0.398611 0.0510417 0.1
0 0.419271 0.500926 0.0520833 0.102778
0 0.291927 0.925463 0.0822917 0.147222
0 0.9375 0.11088 0.116667 0.0965278
0 0.0907715 0.508333 0.077832 0.0648148
0 0.863542 0.38287 0.06875 0.0648148
0 0.948438 0.336574 0.103125 0.103704
0 0.251042 0.236343 0.0713542 0.0541667
0 0.295833 0.139236 0.0598958 0.0516204
0 0.276042 0.183102 0.0625 0.0527778
0 0.436979 0.213657 0.0479167 0.0763889
0 0.341406 0.0612269 0.0604167 0.05
0 0.45651 0.142361 0.0427083 0.0731481
0 0.0273356 0.635185 0.0537923 0.0722222
0 0.260156 0.491204 0.0369792 0.0824074
1 0.216667 0.160185 0.0114583 0.0310185
0 0.406771 0.238426 0.0260417 0.0412037
0 0.304167 0.450926 0.0427083 0.0601852
1 0.401042 0.827778 0.0145833 0.0222222
0 0.239844 0.56713 0.028125 0.0564815
1 0.189063 0.250231 0.0161458 0.0180556
0 0.244661 0.569907 0.0367187 0.062037
1 0.184635 0.269907 0.0104167 0.0240741
1 0.182552 0.26713 0.0140625 0.0305556
0 0.267122 0.503819 0.0511719 0.107176
0 0.305729 0.467477 0.0458333 0.0946759
0 0.409635 0.246991 0.0322917 0.0574074
0 0.251042 0.572222 0.05 0.0675926
0 0.417448 0.818519 0.0125 0.0407407
1 0.416927 0.824537 0.0114583 0.0296296
1 0.598958 0.13125 0.00625 0.0115741
0 0.416927 0.824074 0.0114583 0.0314815
0 0.202995 0.949074 0.03125 0.0537037
1 0.1875 0.252315 0.0151042 0.0217593
0 0.298958 0.448611 0.0322917 0.0555556
1 0.049349 0.724537 0.0208333 0.0324074
0 0.304427 0.490856 0.0447917 0.140509
0 0.0497396 0.725463 0.021224 0.0342593
1 0.188281 0.256481 0.0177083 0.0305556
0 0.26276 0.576852 0.0723958 0.0777778
1 0.417448 0.818519 0.0125 0.0407407
0 0.415104 0.252546 0.0427083 0.0703704
1 0.238672 0.56713 0.0252604 0.0564815
1 0.399479 0.825926 0.0114583 0.0203704
0 0.406771 0.253472 0.0270833 0.0699074
0 0.409375 0.260417 0.0322917 0.0851852
0 0.182552 0.26713 0.0140625 0.0305556
0 0.301042 0.477778 0.0416667 0.113889
0 0.270052 0.522338 0.0598958 0.142361
0 0.317708 0.459722 0.0692708 0.0805556
0 0.419271 0.815741 0.0119792 0.0416667
0 0.189063 0.250231 0.0161458 0.0180556
1 0.406771 0.238426 0.0260417 0.0412037
0 0.245312 0.585185 0.0390625 0.0925926
0 0.265885 0.561574 0.0755208 0.0907407
0 0.320052 0.475463 0.0744792 0.111111
0 0.240104 0.580556 0.0302083 0.0824074
0 0.460156 0.156944 0.05 0.103241
0 0.300521 0.464352 0.0364583 0.0851852
1 0.260156 0.491204 0.0369792 0.0824074
0 0.291927 0.50081 0.0661458 0.126157
0 0.188281 0.256481 0.0177083 0.0305556
1 0.419271 0.815741 0.0119792 0.0416667
0 0.1875 0.252315 0.0151042 0.0217593
0 0.41849 0.26088 0.05 0.0865741
1 0.24401 0.568519 0.0354167 0.0592593
0 0.261458 0.518056 0.05625 0.12963
0 0.183464 0.27037 0.0122396 0.0259259
0 0.401042 0.827778 0.0145833 0.0222222
1 0.0449219 0.719444 0.0115885 0.0222222
1 0.0471354 0.722685 0.0152344 0.0268519
0 0.0467773 0.741204 0.026888 0.0666667
1 0.419792 0.812037 0.009375 0.0351852
1 0.561458 0.0673032 0.00520833 0.0121528
1 0.291927 0.925463 0.0822917 0.147222
0 0.413542 0.271759 0.0416667 0.107407
0 0.416667 0.825926 0.0104167 0.0240741
1 0.0273763 0.635185 0.0537109 0.0722222
0 0.298958 0.548148 0.05625 0.0481481
1 0.421354 0.806481 0.00625 0.0231481
0 0.104036 0.16169 0.0640625 0.08125
0 0.185156 0.269907 0.0104167 0.0240741
1 0.360938 0.0220775 0.053125 0.0433449
1 0.414583 0.828704 0.0104167 0.0240741
1 0.239714 0.555556 0.0195312 0.0351852
1 0.303646 0.450926 0.0427083 0.0601852
0 0.420312 0.818519 0.0171875 0.0472222
0 0.104167 0.272454 0.0453125 0.0393519
1 0.188021 0.264583 0.0166667 0.0342593
0 0.13724 0.290278 0.0213542 0.0305556
0 0.216797 0.160185 0.0114583 0.0310185
0 0.322396 0.496296 0.0822917 0.151852
0 0.273698 0.492593 0.0588542 0.0925926
1 0.863542 0.38287 0.06875 0.0652778
1 0.948438 0.336806 0.103125 0.10463
0 0.290104 0.549074 0.0385417 0.0444444
0 0.466406 0.146065 0.059375 0.0837963
0 0.301042 0.538426 0.059375 0.0787037
0 0.547917 0.207755 0.0458333 0.0826389
0 0.259896 0.860185 0.078125 0.148148
0 0.361198 0.022215 0.053125 0.0436487
0 0.461979 0.398611 0.0510417 0.1
0 0.41901 0.500926 0.0520833 0.102778
0 0.0907715 0.508333 0.077832 0.0648148
0 0.9375 0.11088 0.116667 0.0962963
0 0.291927 0.925463 0.0822917 0.147222
0 0.863542 0.38287 0.06875 0.0648148
0 0.948438 0.337037 0.103125 0.104167
0 0.250781 0.236343 0.0713542 0.0537037
0 0.295833 0.13912 0.0598958 0.0513889
0 0.276042 0.182986 0.0625 0.0525463
0 0.436979 0.213773 0.0479167 0.0766204
0 0.341406 0.0612269 0.0604167 0.0498843
0 0.45651 0.142361 0.0427083 0.0731481
0 0.0273763 0.635185 0.0538411 0.0722222
0 0.260156 0.491204 0.0369792 0.0824074
1 0.216667 0.160185 0.0114583 0.0305556
0 0.406771 0.238484 0.0260417 0.0415509
0 0.304167 0.450694 0.0427083 0.0597222
1 0.401042 0.827778 0.0145833 0.0222222
0 0.239974 0.56713 0.0283854 0.0564815
1 0.189063 0.250231 0.0161458 0.0180556
0 0.244531 0.569444 0.0364583 0.0611111
0 0.305729 0.467593 0.0458333 0.0944444
1 0.184635 0.269907 0.0104167 0.0240741
1 0.182552 0.26713 0.0140625 0.0305556
0 0.267122 0.503819 0.0511719 0.107176
0 0.409635 0.246759 0.0322917 0.0569444
1 0.416667 0.824537 0.0114583 0.0296296
0 0.251172 0.571759 0.0502604 0.0666667
1 0.598958 0.13125 0.00625 0.0115741
0 0.417448 0.818981 0.0125 0.0407407
0 0.203125 0.949074 0.03125 0.0537037
0 0.416927 0.824074 0.0114583 0.0314815
1 0.1875 0.252315 0.015625 0.0217593
1 0.0493815 0.724537 0.0207682 0.0324074
0 0.0498047 0.725 0.021224 0.0333333
1 0.188281 0.256019 0.0177083 0.0296296
0 0.304167 0.489699 0.0447917 0.13912
0 0.298958 0.44838 0.0322917 0.0550926
0 0.262565 0.575926 0.0717448 0.0759259
1 0.417448 0.818981 0.0125 0.0407407
0 0.414844 0.252257 0.0421875 0.0695602
1 0.238672 0.56713 0.0255208 0.0564815
1 0.399479 0.825926 0.0114583 0.0203704
0 0.406771 0.253472 0.028125 0.0699074
0 0.269727 0.520833 0.0595052 0.139815
0 0.182552 0.26713 0.0140625 0.0305556
0 0.317187 0.459259 0.06875 0.0796296
0 0.189063 0.250231 0.0161458 0.0180556
0 0.300521 0.477315 0.0411458 0.112963
0 0.419271 0.815741 0.0125 0.0425926
0 0.265365 0.563889 0.0744792 0.0851852
1 0.406771 0.238484 0.0260417 0.0415509
0 0.245312 0.584722 0.0395833 0.0916667
0 0.319531 0.475 0.0734375 0.109259
0 0.460156 0.156713 0.0494792 0.102778
0 0.240104 0.580093 0.0304688 0.0814815
0 0.300521 0.463889 0.0364583 0.0842593
0 0.1875 0.252315 0.015625 0.0217593
0 0.188281 0.256019 0.0177083 0.0296296
1 0.260156 0.491204 0.0369792 0.0824074
1 0.419271 0.815741 0.0125 0.0425926
0 0.290885 0.50081 0.0677083 0.124306
0 0.417969 0.260185 0.0489583 0.0856481
1 0.24401 0.568056 0.0354167 0.0583333
1 0.0449544 0.719444 0.0115234 0.0222222
1 0.0473958 0.722685 0.0154948 0.0268519
0 0.261198 0.518056 0.0567708 0.12963
0 0.183594 0.270139 0.0119792 0.0259259
0 0.401042 0.827778 0.0145833 0.0222222
0 0.046582 0.740741 0.0272786 0.0657407
1 0.419792 0.812037 0.009375 0.0351852
0 0.40625 0.260648 0.034375 0.0847222
1 0.561458 0.0672454 0.00520833 0.012037
0 0.298958 0.547685 0.05625 0.0472222
0 0.416667 0.825926 0.0104167 0.0240741
0 0.413542 0.271065 0.0416667 0.105556
1 0.421354 0.806481 0.00625 0.0240741
1 0.027417 0.635185 0.0537598 0.0722222
1 0.291927 0.925463 0.0822917 0.147222
0 0.104297 0.272222 0.0450521 0.0388889
1 0.414583 0.828704 0.0104167 0.0240741
0 0.185286 0.269907 0.0104167 0.0240741
0 0.104036 0.161574 0.0643229 0.0814815
1 0.360938 0.0221065 0.053125 0.0434028
1 0.188021 0.264815 0.0164062 0.0342593
1 0.239714 0.555556 0.0192708 0.0351852
1 0.948438 0.337037 0.103125 0.104167
0 0.420312 0.818519 0.0171875 0.0472222
1 0.303646 0.450694 0.0421875 0.0597222
0 0.290104 0.548611 0.0385417 0.0444444
0 0.285417 0.551852 0.034375 0.0481481
0 0.136979 0.290741 0.021875 0.0314815
0 0.216667 0.160185 0.0114583 0.0305556
0 0.301042 0.538889 0.0583333 0.0759259
0 0.273698 0.492593 0.059375 0.0925926
0 0.322135 0.495833 0.0817708 0.150926
1 0.415625 0.821296 0.0135417 0.037037
0 0.466667 0.145949 0.059375 0.0837963
1 0.261719 0.994444 0.0119792 0.00925926
1 0.561458 0.0703704 0.00520833 0.0197917
0 0.280469 0.573148 0.0947917 0.087037
