0 0.399219 0.435648 0.0458333 0.1
0 0.450781 0.26713 0.0427083 0.0935185
0 0.488021 0.373611 0.0458333 0.0972222
0 0.369271 0.329398 0.0395833 0.0824074
0 0.631771 0.440741 0.0614583 0.0972222
0 0.355729 0.861574 0.0947917 0.150926
0 0.920313 0.226852 0.0479167 0.0662037
1 0.0406901 0.152083 0.0216146 0.0305556
0 0.352083 0.0225405 0.034375 0.0434606
1 0.434115 0.548148 0.009375 0.0277778
1 0.439063 0.535648 0.009375 0.0296296
0 0.277083 0.146759 0.021875 0.0243056
0 0.404948 0.918519 0.0697917 0.103704
1 0.801042 0.125231 0.0125 0.0175926
1 0.425521 0.592593 0.0114583 0.0268519
0 0.789583 0.403241 0.0208333 0.0310185
0 0.795833 0.402315 0.0333333 0.0337963
0 0.271875 0.147454 0.0322917 0.0270833
1 0.427604 0.591667 0.00989583 0.0259259
1 0.425 0.597222 0.0114583 0.0240741
0 0.207813 0.166551 0.0713542 0.09375
0 0.8 0.399074 0.0416667 0.0398148
0 0.425521 0.592593 0.0119792 0.0277778
0 0.358073 0.028588 0.025 0.0314815
1 0.277344 0.146759 0.0213542 0.0240741
0 0.277083 0.150926 0.0234375 0.0300926
0 0.792708 0.397685 0.0291667 0.0435185
1 0.0350911 0.147917 0.00989583 0.0208333
1 0.355729 0.861111 0.0942708 0.151852
1 0.761979 0.173843 0.00833333 0.0166667
0 0.803125 0.39537 0.046875 0.05
0 0.811458 0.393519 0.0645833 0.0541667
0 0.220182 0.15787 0.04375 0.0708333
1 0.426823 0.588426 0.00833333 0.0231481
1 0.426042 0.59537 0.0135417 0.0296296
1 0.789062 0.404167 0.0197917 0.0296296
0 0.247917 0.164815 0.156771 0.0972222
0 0.744792 0.225463 0.0604167 0.14537
0 0.23099 0.149884 0.120833 0.050463
1 0.7625 0.172685 0.0104167 0.0201389
0 0.267448 0.146759 0.0416667 0.0314815
1 0.920313 0.226852 0.0479167 0.0671296
1 0.441667 0.535648 0.0104167 0.0305556
0 0.279687 0.147917 0.0166667 0.0212963
0 0.298438 0.166088 0.0109375 0.0224537
0 0.246224 0.146528 0.0877604 0.0402778
0 0.930208 0.859259 0.0572917 0.0944444
0 0.801042 0.125231 0.0125 0.0175926
0 0.630208 0.277083 0.0395833 0.0722222
0 0.27474 0.149074 0.0333333 0.0347222
0 0.278906 0.308333 0.0114583 0.0194444
0 0.785417 0.409722 0.0125 0.0194444
0 0.7875 0.401852 0.0229167 0.037037
0 0.789583 0.39537 0.0208333 0.0435185
0 0.746875 0.0260417 0.0395833 0.0506944
0 0.761458 0.0256872 0.065625 0.0504774
0 0.794792 0.402315 0.0208333 0.0287037
0 0.990625 0.355556 0.01875 0.05
0 0.930208 0.840278 0.0583333 0.141667
0 0.94375 0.878241 0.0854167 0.156481
0 0.948958 0.864815 0.0979167 0.211111
0 0.450521 0.266667 0.0427083 0.0944444
0 0.369271 0.329167 0.040625 0.0824074
0 0.399219 0.435648 0.0453125 0.1
0 0.631771 0.440509 0.0614583 0.0958333
0 0.488021 0.373611 0.0463542 0.0972222
0 0.355729 0.862037 0.09375 0.15
0 0.920313 0.226852 0.0479167 0.0666667
1 0.040625 0.151852 0.0214844 0.0300926
0 0.352083 0.0224465 0.0348958 0.0436487
1 0.433854 0.548148 0.009375 0.0277778
1 0.439583 0.535648 0.009375 0.0296296
0 0.277604 0.146296 0.0208333 0.0236111
0 0.404687 0.918519 0.0697917 0.105556
1 0.425 0.592593 0.0114583 0.0277778
1 0.801042 0.124884 0.0125 0.0173611
0 0.269727 0.146875 0.0365885 0.0270833
0 0.425521 0.592593 0.0114583 0.0277778
0 0.210156 0.166435 0.075 0.0939815
0 0.279948 0.145718 0.015625 0.0217593
0 0.7875 0.403009 0.01875 0.0333333
0 0.239453 0.166319 0.13776 0.0928241
0 0.74375 0.0256655 0.0458333 0.0497106
0 0.230469 0.153472 0.121875 0.0569444
0 0.264648 0.149653 0.0467448 0.0333333
1 0.278125 0.146296 0.0197917 0.0231481
1 0.0352539 0.146528 0.0110677 0.0199074
1 0.427344 0.59213 0.0104167 0.0268519
0 0.260352 0.172222 0.18138 0.099537
0 0.24362 0.146644 0.0908854 0.0446759
0 0.276042 0.151157 0.025 0.0314815
0 0.35625 0.0251085 0.028125 0.0386719
1 0.355729 0.862037 0.09375 0.15
0 0.298438 0.165972 0.0109375 0.0226852
0 0.791667 0.400926 0.025 0.0365741
1 0.439063 0.531482 0.009375 0.0305556
0 0.219141 0.167708 0.0471354 0.0895833
1 0.0362956 0.150231 0.0126302 0.0259259
1 0.920833 0.226852 0.0479167 0.0675926
0 0.801042 0.125231 0.0125 0.0171296
1 0.404687 0.918981 0.0703125 0.10463
1 0.939583 0.543519 0.0104167 0.0203704
1 0.441667 0.535648 0.0104167 0.0305556
1 0.95625 0.537037 0.00625 0.0111111
0 0.628125 0.275 0.0354167 0.0768519
0 0.930208 0.844444 0.0604167 0.153704
0 0.260677 0.151042 0.0546875 0.0456019
1 0.426562 0.588889 0.009375 0.025
0 0.220052 0.157292 0.0359375 0.0708333
0 0.358854 0.0223886 0.04375 0.04307
0 0.226302 0.142795 0.107292 0.137095
1 0.426042 0.595833 0.0145833 0.0342593
1 0.7875 0.405556 0.0166667 0.0277778
1 0.0373047 0.147454 0.0152344 0.0236111
0 0.993229 0.893981 0.0125 0.0537037
0 0.440104 0.536111 0.009375 0.0296296
1 0.518229 0.441204 0.0125 0.0231481
1 0.761458 0.174074 0.00833333 0.0175926
0 0.934375 0.872222 0.0645833 0.12963
3 0.404687 0.918981 0.0703125 0.10463
0 0.355729 0.862037 0.0942708 0.15
0 0.369271 0.329167 0.0401042 0.0828704
0 0.399219 0.435648 0.0453125 0.1
0 0.63125 0.440741 0.0625 0.0962963
0 0.450521 0.266667 0.0427083 0.0944444
0 0.488021 0.373611 0.0458333 0.0972222
0 0.919792 0.227083 0.0479167 0.0671296
0 0.351823 0.0224465 0.0348958 0.0434172
1 0.0406576 0.151968 0.0215495 0.0303241
1 0.433854 0.548148 0.009375 0.0277778
1 0.439583 0.535648 0.009375 0.0296296
0 0.277604 0.146065 0.0208333 0.0233796
0 0.404687 0.918981 0.0697917 0.10463
1 0.801042 0.125 0.0125 0.0168981
1 0.425521 0.592593 0.0114583 0.0277778
0 0.209115 0.16713 0.0731771 0.0939815
0 0.280208 0.146181 0.0151042 0.0217593
1 0.423438 0.596296 0.00833333 0.0212963
1 0.0349609 0.14537 0.0102865 0.0166667
0 0.788542 0.402083 0.01875 0.0361111
0 0.425521 0.592593 0.0119792 0.0277778
0 0.271354 0.146991 0.0328125 0.0282407
0 0.733333 0.269676 0.0322917 0.0578704
1 0.427604 0.592593 0.00989583 0.0277778
1 0.425 0.597222 0.0114583 0.0259259
0 0.930208 0.872222 0.0583333 0.118519
0 0.629687 0.278935 0.0375 0.0717593
1 0.278125 0.146065 0.0197917 0.0226852
0 0.211979 0.150203 0.075 0.120891
0 0.229687 0.16713 0.103646 0.0972222
0 0.298438 0.165741 0.0109375 0.0226852
0 0.79375 0.4 0.0291667 0.0407407
3 0.404687 0.918981 0.0697917 0.10463
0 0.276823 0.150926 0.0239583 0.0319444
0 0.51849 0.440741 0.0130208 0.0240741
0 0.7875 0.406019 0.0166667 0.0277778
0 0.801042 0.125231 0.0125 0.0171296
1 0.422396 0.598148 0.009375 0.0194444
1 0.761458 0.173843 0.00833333 0.0168981
0 0.279687 0.309028 0.0114583 0.0208333
1 0.355729 0.862037 0.09375 0.15
1 0.441667 0.535648 0.0104167 0.0305556
1 0.920313 0.227083 0.0479167 0.0680556
0 0.218359 0.168403 0.0486979 0.0914352
0 0.426562 0.59213 0.00833333 0.0268519
0 0.209896 0.126273 0.0765625 0.171296
1 0.351823 0.0223958 0.034375 0.04375
0 0.218229 0.15463 0.0307292 0.0655093
0 0.626042 0.266435 0.0395833 0.0949074
0 0.439844 0.536111 0.00885417 0.0296296
1 0.336719 0.221065 0.00729167 0.012037
0 0.359375 0.0275463 0.0291667 0.0337963
0 0.265104 0.151157 0.0447917 0.0402778
0 0.797917 0.398611 0.0395833 0.0472222
0 0.789583 0.393519 0.021875 0.0541667
0 0.247917 0.164815 0.150521 0.101389
0 0.929167 0.851852 0.05625 0.0648148
0 0.745833 0.0256944 0.040625 0.0497685
0 0.938021 0.862963 0.075 0.146296
0 0.355729 0.0247685 0.028125 0.0391204
0 0.247786 0.152546 0.0841146 0.062963
1 0.439063 0.531482 0.009375 0.0305556
1 0.940625 0.543519 0.0104167 0.0203704
0 0.224609 0.153704 0.0424479 0.0657407
1 0.95625 0.536574 0.00625 0.0101852
0 0.198047 0.0190104 0.0864583 0.0370949
0 0.990625 0.355556 0.01875 0.0509259
0 0.625 0.281713 0.0291667 0.0671296
1 0.426823 0.588889 0.00833333 0.025
0 0.984896 0.346759 0.0302083 0.0703704
0 0.940625 0.450926 0.05 0.0851852
0 0.230859 0.147222 0.0986979 0.120139
1 0.0363932 0.14838 0.0125 0.0219907
0 0.584375 0.175694 0.0958333 0.118056
0 0.36901 0.328935 0.0401042 0.0828704
0 0.399479 0.43588 0.0458333 0.100463
0 0.63125 0.440509 0.0625 0.0967593
0 0.488021 0.373611 0.0458333 0.0972222
0 0.450521 0.266667 0.0427083 0.0935185
0 0.355729 0.862037 0.09375 0.15
0 0.920833 0.22662 0.0479167 0.0666667
0 0.351562 0.0223958 0.0354167 0.0434028
1 0.0404948 0.152083 0.0217448 0.0305556
1 0.434115 0.548148 0.009375 0.0277778
1 0.439323 0.536111 0.00885417 0.0296296
0 0.277604 0.146065 0.0208333 0.0231481
1 0.801042 0.125231 0.0125 0.0173611
0 0.404687 0.918519 0.06875 0.103704
0 0.209245 0.166782 0.0731771 0.0944444
1 0.425521 0.592593 0.0114583 0.0277778
1 0.426562 0.59213 0.00833333 0.0259259
0 0.788542 0.402315 0.01875 0.0351852
0 0.271615 0.146991 0.0322917 0.0277778
0 0.733333 0.269907 0.0333333 0.0583333
0 0.930208 0.854167 0.0583333 0.156481
1 0.0349284 0.145255 0.0102865 0.0168981
0 0.801042 0.125231 0.0125 0.0173611
0 0.425521 0.592593 0.0114583 0.0277778
0 0.929167 0.849074 0.05625 0.0759259
0 0.794271 0.400463 0.0302083 0.0398148
1 0.351562 0.0222512 0.034375 0.0435764
0 0.51849 0.440741 0.0130208 0.0240741
0 0.628125 0.265046 0.0375 0.099537
0 0.634375 0.275463 0.0479167 0.0810185
1 0.761458 0.174074 0.00833333 0.0162037
0 0.629167 0.278241 0.0354167 0.0740741
1 0.277604 0.146065 0.0208333 0.0231481
1 0.355729 0.862037 0.09375 0.15
0 0.232943 0.167361 0.108594 0.0981481
1 0.920833 0.22691 0.0479167 0.0684028
0 0.280729 0.145139 0.0145833 0.0208333
0 0.277083 0.151157 0.0239583 0.0324074
0 0.439844 0.536111 0.00885417 0.0296296
0 0.298438 0.165856 0.0109375 0.0231481
0 0.222917 0.154861 0.0401042 0.0662037
1 0.441406 0.535648 0.0104167 0.0305556
0 0.798958 0.399074 0.0395833 0.0444444
0 0.990625 0.356944 0.01875 0.0481481
0 0.198437 0.0185475 0.0854167 0.036169
0 0.258854 0.169213 0.172396 0.100463
0 0.746875 0.0256366 0.0395833 0.0498843
0 0.426562 0.59213 0.00833333 0.0259259
0 0.941667 0.857407 0.0833333 0.175926
0 0.433854 0.549074 0.009375 0.0277778
3 0.404687 0.918981 0.0692708 0.10463
0 0.790625 0.393519 0.0229167 0.0527778
0 0.21862 0.168056 0.0486979 0.0912037
1 0.036263 0.14838 0.0121094 0.0217593
1 0.404687 0.918981 0.0692708 0.10463
0 0.24375 0.154282 0.0927083 0.0622685
1 0.422917 0.596759 0.0104167 0.0222222
1 0.436458 0.536111 0.009375 0.0268519
0 0.751042 0.210417 0.0354167 0.0759259
0 0.267122 0.150694 0.0407552 0.037037
0 0.8 0.390278 0.04375 0.0611111
0 0.209635 0.129514 0.0755208 0.163426
0 0.931771 0.894444 0.0604167 0.183333
1 0.336719 0.221065 0.00729167 0.0115741
1 0.518229 0.440741 0.0125 0.0231481
0 0.623958 0.283796 0.0260417 0.0638889
0 0.639063 0.261343 0.0583333 0.10787
1 0.196615 0.0300926 0.00625 0.0165509
1 0.760417 0.174537 0.0114583 0.0194444
0 0.21875 0.153009 0.0291667 0.0611111
0 0.63125 0.289352 0.0395833 0.0537037
0 0.795313 0.39213 0.0322917 0.0574074
1 0.438802 0.531482 0.009375 0.0314815
1 0.192708 0.112731 0.0125 0.0157407
0 0.645833 0.277546 0.0697917 0.0791667
0 0.622917 0.249306 0.0479167 0.131944
1 0.425 0.597222 0.0125 0.0351852
1 0.43776 0.546296 0.0151042 0.0333333
0 0.233854 0.150723 0.0932292 0.114294
0 0.36901 0.329167 0.0401042 0.0824074
0 0.355729 0.862037 0.0942708 0.15
0 0.398958 0.436111 0.0458333 0.1
0 0.488021 0.373611 0.0458333 0.0972222
0 0.450521 0.266667 0.0421875 0.0944444
0 0.63125 0.440741 0.0625 0.0972222
0 0.920833 0.226331 0.0479167 0.0667824
1 0.0404948 0.152083 0.0218099 0.0305556
0 0.351562 0.0224465 0.034375 0.0431858
1 0.434115 0.548148 0.009375 0.0277778
1 0.439323 0.536111 0.00885417 0.0296296
0 0.277604 0.146065 0.0208333 0.0233796
1 0.801042 0.125231 0.0125 0.0175926
0 0.404687 0.918519 0.0697917 0.103704
0 0.209115 0.167593 0.0723958 0.0925926
1 0.425521 0.592593 0.009375 0.0268519
1 0.426823 0.590741 0.00729167 0.0240741
1 0.424479 0.59537 0.009375 0.0222222
0 0.930208 0.853241 0.0583333 0.160185
0 0.788542 0.402315 0.01875 0.0351852
0 0.271354 0.147454 0.0328125 0.0280093
0 0.79375 0.400463 0.0302083 0.0407407
1 0.0351562 0.146296 0.0107422 0.0189815
1 0.351562 0.0221933 0.034375 0.0435764
0 0.801042 0.125231 0.0125 0.0175926
0 0.629167 0.279861 0.0375 0.0712963
0 0.627604 0.264815 0.0395833 0.100463
1 0.761458 0.173843 0.00833333 0.0162037
1 0.278125 0.145949 0.0197917 0.0229167
0 0.634375 0.275 0.0479167 0.0819444
0 0.733333 0.269907 0.0333333 0.0578704
0 0.929167 0.851852 0.0572917 0.0722222
0 0.275 0.152315 0.0260417 0.0356481
0 0.51849 0.440509 0.0130208 0.0236111
0 0.425521 0.592593 0.0104167 0.0277778
0 0.240104 0.16875 0.122917 0.0944444
1 0.427604 0.592593 0.009375 0.0259259
0 0.7875 0.406019 0.0166667 0.0259259
0 0.798958 0.399074 0.0395833 0.0453704
0 0.28125 0.145255 0.0145833 0.0212963
0 0.222656 0.154861 0.0401042 0.0652778
0 0.21901 0.168171 0.0473958 0.0907407
0 0.990625 0.356944 0.01875 0.0472222
1 0.355729 0.862037 0.09375 0.15
0 0.943229 0.855093 0.084375 0.173148
1 0.404687 0.918519 0.0697917 0.105556
1 0.920833 0.22662 0.05 0.0685185
0 0.746875 0.0258681 0.0385417 0.0498843
0 0.239193 0.162731 0.102865 0.075
0 0.434115 0.549074 0.009375 0.0277778
0 0.439844 0.536111 0.00885417 0.0296296
0 0.623958 0.285417 0.0270833 0.0606481
1 0.436719 0.536111 0.009375 0.0277778
0 0.93125 0.880556 0.0604167 0.162963
1 0.441406 0.535648 0.0104167 0.0305556
0 0.790625 0.394444 0.025 0.0527778
0 0.298438 0.165972 0.0109375 0.0236111
0 0.196875 0.0198785 0.0864583 0.0381944
0 0.63125 0.289352 0.040625 0.0537037
0 0.246094 0.152662 0.0869792 0.0581019
1 0.196745 0.0304688 0.00651042 0.015162
0 0.794792 0.393056 0.03125 0.0564815
0 0.279167 0.150926 0.0208333 0.0314815
0 0.639583 0.259259 0.0604167 0.1125
0 0.751042 0.215278 0.0354167 0.0791667
0 0.21849 0.152546 0.0291667 0.0599537
0 0.95 0.88287 0.1 0.213889
0 0.645833 0.278241 0.0697917 0.0777778
1 0.426042 0.594444 0.0135417 0.0314815
1 0.423958 0.593518 0.0125 0.0296296
0 0.621354 0.249016 0.0510417 0.131597
1 0.955729 0.537037 0.00729167 0.0101852
1 0.518229 0.440741 0.0125 0.0231481
0 0.820833 0.0376736 0.0166667 0.0577546
1 0.0763672 0.140741 0.00598958 0.0164352
1 0.940625 0.544444 0.0104167 0.0185185
0 0.267448 0.15162 0.0401042 0.0375
1 0.438542 0.531482 0.009375 0.0305556
0 0.209375 0.0184606 0.0630208 0.0353009
1 0.760417 0.174306 0.0104167 0.0189815
1 0.336719 0.221065 0.00729167 0.0115741
1 0.422917 0.597222 0.0104167 0.0212963
0 0.0405273 0.151852 0.0214844 0.0305556
0 0.279687 0.143519 0.0166667 0.0270833
0 0.36901 0.329167 0.0401042 0.0824074
0 0.399219 0.43588 0.0453125 0.100463
0 0.450521 0.266667 0.0421875 0.0944444
0 0.488021 0.373611 0.0458333 0.0972222
0 0.355729 0.861574 0.09375 0.149074
0 0.63125 0.440741 0.0625 0.0972222
0 0.920833 0.226331 0.0479167 0.0677083
0 0.351302 0.0224537 0.034375 0.0431713
1 0.0404622 0.152083 0.0218099 0.0305556
1 0.434115 0.548148 0.009375 0.0277778
1 0.439583 0.536111 0.009375 0.0305556
0 0.277604 0.146065 0.0208333 0.0231481
1 0.801042 0.125231 0.0125 0.0175926
0 0.404687 0.918519 0.0697917 0.103704
0 0.209115 0.167708 0.0729167 0.0923611
1 0.425521 0.592593 0.00989583 0.0268519
1 0.426562 0.590278 0.00729167 0.0222222
1 0.42474 0.59537 0.00989583 0.0222222
0 0.788542 0.401852 0.0197917 0.0361111
0 0.794271 0.400231 0.03125 0.0421296
0 0.930208 0.865741 0.0583333 0.127778
0 0.271354 0.147222 0.0328125 0.0277778
1 0.434896 0.544444 0.0104167 0.0296296
1 0.351562 0.0221933 0.034375 0.0435764
1 0.0352865 0.146528 0.0110677 0.0194444
0 0.929167 0.850926 0.0572917 0.0759259
1 0.277604 0.146065 0.0208333 0.0231481
0 0.801042 0.125231 0.0125 0.0175926
1 0.355729 0.861574 0.09375 0.149074
0 0.733333 0.269907 0.0333333 0.0578704
0 0.7875 0.405556 0.0177083 0.0277778
0 0.239323 0.168519 0.118229 0.0939815
0 0.626562 0.261979 0.0416667 0.106597
0 0.629167 0.280787 0.0375 0.0699074
1 0.761458 0.173611 0.009375 0.0168981
1 0.427344 0.591667 0.00989583 0.0259259
0 0.222917 0.15463 0.0411458 0.0652778
0 0.798958 0.398611 0.0416667 0.0462963
0 0.425521 0.592593 0.00989583 0.0268519
0 0.277083 0.151157 0.0239583 0.0324074
0 0.51849 0.440741 0.0130208 0.0231481
0 0.634375 0.276389 0.05 0.0800926
0 0.433854 0.549074 0.009375 0.0277778
0 0.439844 0.536574 0.00885417 0.0296296
0 0.197005 0.0197627 0.0867188 0.0378472
0 0.239844 0.162731 0.100521 0.0756944
0 0.941667 0.894444 0.08125 0.198148
0 0.990625 0.356944 0.01875 0.0476852
1 0.436979 0.536111 0.009375 0.0277778
1 0.921354 0.226852 0.05 0.0685185
0 0.95 0.865278 0.0979167 0.184259
0 0.623958 0.286343 0.0270833 0.0592593
0 0.746875 0.0258102 0.0375 0.0497685
0 0.792188 0.393981 0.0270833 0.0537037
1 0.441667 0.535648 0.0104167 0.0305556
1 0.404687 0.918981 0.0697917 0.10463
0 0.246224 0.152315 0.0867188 0.0574074
0 0.21888 0.168287 0.0471354 0.0918982
0 0.751042 0.215046 0.0354167 0.0782407
1 0.518229 0.440741 0.0125 0.0222222
0 0.820312 0.0381944 0.0177083 0.0585648
0 0.217708 0.153704 0.0291667 0.062963
0 0.63125 0.290046 0.0395833 0.0532407
0 0.28125 0.145139 0.0135417 0.0212963
1 0.196745 0.0305266 0.00651042 0.0150463
0 0.640625 0.270833 0.0625 0.0916667
1 0.423698 0.593518 0.0125 0.0287037
1 0.95625 0.537037 0.00625 0.0111111
0 0.266211 0.151389 0.0425781 0.037963
1 0.336719 0.221238 0.00729167 0.0112269
0 0.642708 0.284491 0.0625 0.0657407
0 0.298438 0.165972 0.0109375 0.0236111
0 0.620833 0.251389 0.0520833 0.127315
1 0.438802 0.531482 0.009375 0.0305556
1 0.940625 0.543519 0.0104167 0.0203704
0 0.805208 0.395833 0.0541667 0.0541667
0 0.625 0.271759 0.0333333 0.087037
1 0.423177 0.596296 0.0109375 0.0222222
1 0.426042 0.594444 0.0135417 0.0314815
0 0.0404948 0.151852 0.0214844 0.0305556
0 0.360417 0.0222295 0.040625 0.0430411
0 0.208854 0.0186053 0.0643229 0.0355903
0 0.93125 0.228935 0.0604167 0.0717593
0 0.785417 0.411574 0.0125 0.0157407
0 0.764583 0.0252894 0.0708333 0.0501157
0 0.369271 0.329167 0.0395833 0.0824074
0 0.399479 0.43588 0.0458333 0.100463
0 0.450521 0.266667 0.0421875 0.0939815
0 0.488021 0.373843 0.0458333 0.0967593
0 0.355729 0.862037 0.0947917 0.15
0 0.63125 0.440972 0.0625 0.0967593
0 0.920833 0.22662 0.0489583 0.0671296
1 0.0404297 0.152083 0.0217448 0.0305556
0 0.351302 0.0224609 0.0338542 0.0435041
1 0.434115 0.548611 0.009375 0.0277778
1 0.439323 0.536111 0.00885417 0.0296296
0 0.277604 0.146065 0.0208333 0.0233796
1 0.801042 0.125116 0.0125 0.0173611
0 0.404687 0.918519 0.0697917 0.103704
0 0.208984 0.167477 0.0726563 0.0928241
1 0.425521 0.592593 0.009375 0.0259259
1 0.426562 0.590278 0.00729167 0.0231481
0 0.271094 0.147222 0.0333333 0.0277778
0 0.788542 0.401852 0.01875 0.0361111
0 0.930208 0.865741 0.0583333 0.122222
1 0.351562 0.0222512 0.034375 0.0436921
0 0.79375 0.4 0.0302083 0.0425926
1 0.426042 0.592593 0.0125 0.0277778
0 0.929167 0.850926 0.0572917 0.0777778
1 0.0351888 0.146644 0.0108724 0.0196759
1 0.277604 0.145833 0.0208333 0.0231481
0 0.801042 0.125231 0.0125 0.0175926
0 0.628125 0.264583 0.0395833 0.101852
0 0.627083 0.277546 0.0333333 0.0759259
0 0.7875 0.405556 0.0166667 0.0277778
0 0.2375 0.168056 0.1125 0.0930556
0 0.434115 0.549074 0.009375 0.0277778
0 0.733333 0.269907 0.0333333 0.0583333
0 0.277083 0.151389 0.0244792 0.0326389
0 0.946875 0.889815 0.0916667 0.22037
0 0.425521 0.592593 0.0104167 0.0268519
0 0.51875 0.440741 0.0125 0.0231481
1 0.761458 0.173611 0.00833333 0.0171296
0 0.635417 0.276852 0.0520833 0.0787037
0 0.222786 0.154861 0.0414063 0.0657407
1 0.425 0.596296 0.0109375 0.0268519
1 0.436979 0.536574 0.00989583 0.0287037
1 0.355729 0.862037 0.09375 0.148148
0 0.623438 0.286574 0.0260417 0.0583333
0 0.798958 0.399769 0.0416667 0.0449074
0 0.439844 0.536574 0.00885417 0.0296296
0 0.747917 0.0255787 0.0375 0.0494213
0 0.197656 0.0197627 0.0854167 0.0377315
1 0.441406 0.535648 0.0109375 0.0305556
1 0.517969 0.441204 0.0119792 0.0222222
0 0.63125 0.285185 0.0395833 0.062963
0 0.245052 0.16088 0.0885417 0.0708333
0 0.990625 0.356944 0.01875 0.0481481
0 0.218229 0.168287 0.0484375 0.0925926
0 0.820833 0.0380859 0.0166667 0.0585503
0 0.26556 0.150926 0.0438802 0.0375
1 0.920833 0.22691 0.0489583 0.0674769
0 0.251302 0.151157 0.0755208 0.0541667
1 0.196875 0.0304977 0.00625 0.0150463
1 0.95625 0.537037 0.00625 0.0111111
1 0.404687 0.918981 0.0697917 0.10463
0 0.947917 0.85463 0.09375 0.17037
0 0.789583 0.394907 0.0229167 0.0509259
0 0.801042 0.390278 0.04375 0.062037
0 0.217578 0.153704 0.0291667 0.062963
0 0.360677 0.0223307 0.0416667 0.0434172
1 0.423958 0.593518 0.0125 0.0296296
0 0.642187 0.284722 0.0635417 0.0652778
0 0.630729 0.294676 0.0395833 0.0444444
0 0.0404948 0.151968 0.0214844 0.0305556
1 0.940625 0.543519 0.0104167 0.0203704
0 0.751042 0.213426 0.0354167 0.0796296
1 0.438802 0.531482 0.009375 0.0314815
0 0.298438 0.165972 0.0109375 0.0236111
0 0.929688 0.891667 0.0572917 0.185185
0 0.28125 0.145139 0.0135417 0.0212963
1 0.336719 0.221238 0.00729167 0.0112269
0 0.785937 0.411111 0.0135417 0.0166667
0 0.369271 0.329167 0.0395833 0.0824074
0 0.399479 0.43588 0.0458333 0.100463
0 0.450521 0.266667 0.0427083 0.0939815
0 0.355729 0.862037 0.09375 0.15
0 0.48776 0.373611 0.0453125 0.0972222
0 0.63125 0.440972 0.0625 0.0967593
0 0.920833 0.226331 0.0489583 0.0667824
1 0.0404297 0.152083 0.0217448 0.0305556
0 0.351302 0.0224537 0.0338542 0.0435185
1 0.434115 0.548611 0.009375 0.0277778
1 0.439323 0.536111 0.00885417 0.0296296
0 0.277344 0.146065 0.0213542 0.0236111
1 0.801042 0.125231 0.0125 0.0175926
0 0.404687 0.918519 0.0692708 0.103704
0 0.209115 0.167361 0.0729167 0.093287
1 0.425521 0.592593 0.009375 0.0259259
1 0.426823 0.589815 0.00729167 0.0222222
0 0.270573 0.147222 0.034375 0.0277778
0 0.788542 0.402083 0.01875 0.0356481
0 0.930208 0.861574 0.0583333 0.126852
0 0.794271 0.400231 0.03125 0.0416667
0 0.931771 0.862963 0.0614583 0.174074
1 0.0351237 0.146759 0.0108073 0.0199074
1 0.351562 0.0222512 0.034375 0.0436921
0 0.929167 0.85 0.0572917 0.0777778
1 0.277604 0.145949 0.0208333 0.0231481
1 0.427604 0.591667 0.009375 0.0259259
0 0.277083 0.151389 0.0244792 0.0326389
0 0.7875 0.405556 0.0166667 0.0277778
0 0.434115 0.549074 0.009375 0.0277778
0 0.947396 0.885648 0.0927083 0.228704
0 0.798958 0.397222 0.0395833 0.0481481
0 0.801042 0.125231 0.0125 0.0175926
0 0.425521 0.592593 0.0104167 0.0268519
1 0.425 0.596296 0.0109375 0.0277778
0 0.732813 0.269907 0.0333333 0.0578704
0 0.51875 0.440741 0.0125 0.0231481
0 0.629167 0.267593 0.0395833 0.0958333
0 0.747917 0.0255498 0.0375 0.0493634
0 0.237109 0.168056 0.110677 0.0921296
1 0.436979 0.536574 0.00989583 0.0287037
0 0.629167 0.281019 0.0354167 0.0694444
0 0.222917 0.154861 0.0416667 0.0657407
1 0.761458 0.173611 0.00833333 0.0171296
1 0.517708 0.440972 0.0114583 0.0217593
0 0.439844 0.536111 0.00885417 0.0296296
0 0.635938 0.277778 0.0510417 0.0777778
0 0.197917 0.0197917 0.0846354 0.0377894
0 0.990625 0.356944 0.01875 0.0476852
0 0.264844 0.150926 0.0453125 0.0368056
1 0.441146 0.535648 0.0104167 0.0305556
1 0.95625 0.537037 0.00625 0.0111111
0 0.247656 0.160532 0.0828125 0.0696759
0 0.623438 0.286574 0.0260417 0.0583333
1 0.355729 0.862037 0.09375 0.148148
0 0.801562 0.391435 0.0458333 0.0597222
0 0.820833 0.0373843 0.0166667 0.0579861
0 0.252734 0.150926 0.0726563 0.0532407
1 0.196875 0.0304977 0.00625 0.0151042
0 0.217969 0.168287 0.0484375 0.0925926
1 0.423958 0.593518 0.0125 0.0296296
0 0.948958 0.855556 0.0958333 0.174074
1 0.920833 0.22662 0.05 0.0671296
0 0.360938 0.0224248 0.0416667 0.0433449
0 0.630208 0.291435 0.0395833 0.0509259
0 0.790104 0.39537 0.0229167 0.05
1 0.404687 0.918981 0.0697917 0.10463
0 0.0405273 0.151852 0.0214844 0.0305556
1 0.438802 0.531944 0.009375 0.0314815
0 0.298438 0.165972 0.0104167 0.0236111
1 0.940625 0.543981 0.0104167 0.0194444
0 0.217708 0.153472 0.0286458 0.0625
0 0.786458 0.410648 0.0145833 0.0175926
0 0.763542 0.0250868 0.06875 0.0499421
0 0.28125 0.145139 0.0135417 0.0212963
0 0.933333 0.229167 0.05625 0.0722222
0 0.751042 0.213657 0.0354167 0.0800926
0 0.642187 0.284722 0.0625 0.0652778
0 0.9875 0.35 0.025 0.062037
0 0.271419 0.153125 0.0321615 0.0365741
0 0.279167 0.143287 0.0182292 0.0268519
0 0.36901 0.329167 0.0401042 0.0824074
0 0.399219 0.436111 0.0453125 0.100926
0 0.450521 0.266667 0.0427083 0.0944444
0 0.488021 0.373611 0.0458333 0.0972222
0 0.355729 0.862037 0.0942708 0.15
0 0.63125 0.440741 0.0625 0.0972222
0 0.920833 0.226331 0.0489583 0.0667824
1 0.0404297 0.152083 0.0217448 0.0305556
0 0.351302 0.0224248 0.0338542 0.0434606
1 0.434115 0.548611 0.009375 0.0277778
1 0.439323 0.536111 0.00885417 0.0296296
0 0.277344 0.146065 0.0213542 0.0236111
1 0.801042 0.125231 0.0125 0.0175926
0 0.404687 0.918519 0.0697917 0.103704
0 0.209115 0.167245 0.0729167 0.093287
1 0.426042 0.59213 0.009375 0.0259259
1 0.426823 0.589352 0.00729167 0.0212963
0 0.270378 0.146991 0.0352865 0.0282407
0 0.929688 0.860648 0.0572917 0.126852
0 0.788542 0.402315 0.01875 0.0347222
0 0.79375 0.400231 0.03125 0.0412037
0 0.93125 0.862037 0.0604167 0.172222
1 0.427604 0.591667 0.009375 0.0259259
1 0.0349609 0.146875 0.0105469 0.0201389
0 0.929167 0.849537 0.0572917 0.0796296
1 0.351562 0.0222222 0.0338542 0.04375
0 0.277083 0.151389 0.0239583 0.0328704
1 0.425 0.594907 0.0114583 0.0296296
0 0.7875 0.406481 0.0166667 0.0259259
1 0.277604 0.145949 0.0208333 0.0231481
0 0.433854 0.549074 0.009375 0.0277778
0 0.798437 0.397685 0.0385417 0.0467593
0 0.946875 0.885185 0.0916667 0.22963
0 0.801042 0.125231 0.0125 0.0175926
0 0.42526 0.592593 0.0104167 0.0268519
0 0.236068 0.16794 0.110156 0.0921296
0 0.732813 0.269907 0.0333333 0.0578704
0 0.51875 0.440741 0.0125 0.0231481
1 0.517448 0.441204 0.0109375 0.0212963
0 0.628646 0.281713 0.0354167 0.0689815
0 0.747917 0.0254557 0.0375 0.04932
0 0.629167 0.26875 0.0385417 0.0939815
0 0.264648 0.150463 0.0467448 0.0375
1 0.436979 0.537037 0.0104167 0.0296296
1 0.761458 0.173727 0.00833333 0.0175926
1 0.95625 0.537037 0.00625 0.0111111
0 0.439844 0.536111 0.00885417 0.0296296
0 0.635417 0.278241 0.05 0.0777778
1 0.441146 0.535648 0.0104167 0.0305556
0 0.24974 0.160764 0.078125 0.0689815
0 0.222917 0.154977 0.0416667 0.0655093
0 0.990625 0.356944 0.01875 0.0481481
0 0.623958 0.286574 0.0270833 0.0592593
0 0.801562 0.391667 0.0458333 0.0592593
0 0.197917 0.0199074 0.084375 0.0377315
1 0.196745 0.0304977 0.00625 0.0150463
0 0.253385 0.151505 0.0708333 0.0537037
0 0.820833 0.0372758 0.0166667 0.0582031
1 0.355729 0.862037 0.09375 0.148148
1 0.423438 0.59537 0.0114583 0.0240741
0 0.630208 0.291667 0.0395833 0.0509259
0 0.361198 0.0225116 0.0421875 0.043287
1 0.921354 0.22662 0.05 0.0680556
1 0.404687 0.918981 0.0697917 0.10463
0 0.0405273 0.151852 0.0214844 0.0305556
0 0.271354 0.153125 0.0328125 0.0372685
0 0.785937 0.41088 0.0135417 0.0171296
0 0.28125 0.145255 0.0135417 0.0212963
0 0.790104 0.39537 0.0229167 0.049537
0 0.217578 0.168519 0.0492188 0.0925926
1 0.438802 0.531944 0.009375 0.0314815
1 0.940625 0.543519 0.0104167 0.0203704
0 0.298438 0.165972 0.0104167 0.0236111
0 0.934375 0.229398 0.0552083 0.0726852
0 0.426562 0.591667 0.00833333 0.0240741
0 0.279167 0.143287 0.0177083 0.0268519
0 0.641667 0.284491 0.0614583 0.0662037
0 0.217448 0.153704 0.028125 0.0625
0 0.9875 0.349769 0.025 0.0625
0 0.36901 0.329167 0.0401042 0.0824074
0 0.450521 0.266667 0.0421875 0.0944444
0 0.399219 0.436111 0.0458333 0.100926
0 0.488021 0.373611 0.0458333 0.0972222
0 0.63125 0.440741 0.0625 0.0972222
0 0.355729 0.862037 0.0947917 0.15
0 0.920833 0.226331 0.0489583 0.0667824
1 0.0404297 0.152083 0.0217448 0.0305556
0 0.351302 0.0222222 0.0338542 0.0438657
1 0.434115 0.548611 0.009375 0.0277778
1 0.439323 0.536111 0.00885417 0.0296296
0 0.277344 0.146065 0.0213542 0.0236111
1 0.801042 0.125231 0.0125 0.0175926
0 0.404687 0.918519 0.0692708 0.103704
1 0.426042 0.59213 0.009375 0.0259259
0 0.209115 0.167361 0.0729167 0.0930556
1 0.427083 0.588889 0.00729167 0.0203704
1 0.42474 0.594444 0.00989583 0.0231481
0 0.270312 0.147106 0.0354167 0.0284722
0 0.929688 0.861111 0.0572917 0.125926
0 0.788542 0.402315 0.01875 0.0347222
0 0.79375 0.400463 0.03125 0.0407407
1 0.427604 0.591204 0.009375 0.025
1 0.0348958 0.146759 0.0102865 0.0199074
1 0.351562 0.0221644 0.0338542 0.0436343
1 0.425 0.594907 0.0114583 0.0296296
0 0.275 0.151852 0.0270833 0.0351852
0 0.929167 0.84537 0.05625 0.0851852
0 0.800521 0.399074 0.0447917 0.0453704
0 0.434375 0.549074 0.0104167 0.0277778
0 0.7875 0.406481 0.0166667 0.0259259
1 0.277604 0.145949 0.0208333 0.0231481
0 0.235417 0.167593 0.117188 0.0967593
1 0.036263 0.146296 0.011849 0.0166667
0 0.942708 0.885648 0.0833333 0.228704
1 0.95625 0.537037 0.00625 0.0111111
0 0.628125 0.281481 0.0354167 0.0685185
0 0.629687 0.268981 0.0395833 0.0930556
0 0.801042 0.125231 0.0125 0.0175926
0 0.264323 0.15 0.046875 0.0375
0 0.42526 0.592593 0.0104167 0.0259259
1 0.517187 0.441204 0.0104167 0.0212963
0 0.732813 0.269907 0.0333333 0.0578704
0 0.248698 0.162153 0.0802083 0.0715278
0 0.635938 0.278241 0.0510417 0.0777778
0 0.95 0.8625 0.0989583 0.191667
0 0.51875 0.440741 0.0125 0.0231481
0 0.747917 0.0253762 0.0375 0.0493634
1 0.761458 0.173727 0.00833333 0.0178241
0 0.278646 0.15081 0.021875 0.0321759
0 0.623958 0.286111 0.0270833 0.0592593
1 0.441146 0.535648 0.0104167 0.0305556
0 0.439844 0.536111 0.00885417 0.0296296
0 0.990625 0.356944 0.01875 0.0476852
1 0.196745 0.0304688 0.00625 0.0151042
0 0.223177 0.154861 0.0411458 0.0650463
0 0.252083 0.153356 0.0734375 0.0574074
0 0.197917 0.0199363 0.084375 0.0377315
0 0.0404948 0.151852 0.0214844 0.0305556
0 0.820833 0.0372975 0.0166667 0.0582755
0 0.630208 0.291667 0.0385417 0.0509259
0 0.929167 0.887037 0.05625 0.196296
1 0.355729 0.862037 0.09375 0.15
1 0.404687 0.918981 0.0697917 0.10463
0 0.80625 0.396296 0.0552083 0.0527778
1 0.4375 0.536574 0.0104167 0.0277778
1 0.940104 0.543519 0.0104167 0.0203704
0 0.298438 0.165972 0.0114583 0.0231481
0 0.221354 0.165741 0.0398437 0.0861111
0 0.28125 0.145255 0.0140625 0.0212963
0 0.361198 0.0225188 0.0421875 0.0431568
1 0.921354 0.22662 0.05 0.0680556
0 0.790625 0.395602 0.0229167 0.0490741
1 0.438802 0.531944 0.009375 0.0314815
0 0.785417 0.411111 0.0125 0.0166667
0 0.625 0.274306 0.0291667 0.0810185
0 0.935417 0.229398 0.0541667 0.0726852
0 0.9875 0.349769 0.025 0.0625
0 0.36901 0.329167 0.0401042 0.0824074
0 0.399219 0.436111 0.0453125 0.100926
0 0.450521 0.266667 0.0427083 0.0944444
0 0.488021 0.373611 0.0458333 0.0972222
0 0.63125 0.440741 0.0625 0.0972222
0 0.355729 0.862037 0.09375 0.15
0 0.920833 0.226331 0.0489583 0.0667824
1 0.0404297 0.152083 0.0217448 0.0305556
0 0.351302 0.0221933 0.0338542 0.0438079
1 0.434115 0.548611 0.009375 0.0277778
1 0.439323 0.536111 0.00885417 0.0296296
0 0.277344 0.146065 0.0213542 0.0236111
1 0.801042 0.125 0.0125 0.0175926
0 0.404687 0.918519 0.0692708 0.103704
0 0.208984 0.167361 0.0729167 0.0935185
1 0.426562 0.591667 0.00833333 0.025
1 0.427083 0.588889 0.00729167 0.0203704
1 0.425 0.594907 0.009375 0.0212963
0 0.269792 0.146991 0.0359375 0.0282407
0 0.929688 0.862963 0.0572917 0.123148
0 0.788542 0.402315 0.01875 0.0342593
1 0.425 0.592593 0.0114583 0.0268519
0 0.79375 0.400463 0.03125 0.0407407
1 0.0348307 0.146644 0.0101562 0.0196759
0 0.275 0.151852 0.0270833 0.0351852
0 0.929167 0.84537 0.05625 0.0851852
1 0.351562 0.0221644 0.0338542 0.0436343
0 0.798958 0.398148 0.0395833 0.0462963
0 0.7875 0.406713 0.0166667 0.025
0 0.234766 0.167361 0.116927 0.0967593
0 0.434375 0.549074 0.0104167 0.0277778
1 0.0361328 0.146296 0.0115885 0.0168981
1 0.277604 0.146065 0.0208333 0.0231481
0 0.264062 0.149653 0.0473958 0.0368056
0 0.801042 0.125231 0.0125 0.0175926
1 0.95625 0.537037 0.00625 0.0111111
0 0.9375 0.887037 0.0729167 0.225926
0 0.732813 0.269907 0.0333333 0.0578704
0 0.628646 0.281481 0.0354167 0.0685185
0 0.216927 0.158333 0.0854167 0.105093
0 0.630208 0.269444 0.0395833 0.0916667
0 0.249479 0.162269 0.078125 0.0710648
1 0.761458 0.173727 0.00833333 0.0178241
0 0.51875 0.440741 0.0125 0.0231481
1 0.196745 0.0304688 0.00625 0.0151042
0 0.747917 0.0253472 0.0375 0.0493056
0 0.278385 0.15081 0.021875 0.0319444
0 0.223177 0.154861 0.040625 0.0648148
0 0.949479 0.862037 0.0979167 0.188889
1 0.517187 0.441204 0.0104167 0.0212963
0 0.42526 0.592593 0.0104167 0.0259259
1 0.441146 0.535648 0.0104167 0.0305556
0 0.636458 0.278241 0.0520833 0.0768519
0 0.439844 0.536111 0.00885417 0.0296296
0 0.623438 0.286111 0.0260417 0.0583333
0 0.198177 0.0200304 0.0838542 0.037717
0 0.929167 0.884722 0.05625 0.186111
0 0.990625 0.356944 0.01875 0.0472222
0 0.0404948 0.151852 0.0214844 0.0305556
1 0.423177 0.596759 0.0104167 0.0212963
0 0.805729 0.396296 0.0541667 0.0518519
0 0.221354 0.165625 0.0395833 0.0858796
0 0.298438 0.165972 0.0109375 0.0231481
1 0.4375 0.537037 0.0109375 0.0277778
0 0.820833 0.0372685 0.0166667 0.0583333
0 0.630208 0.291898 0.0395833 0.05
1 0.355729 0.862037 0.09375 0.15
1 0.404687 0.918981 0.0697917 0.10463
0 0.790104 0.395602 0.0229167 0.0486111
0 0.28125 0.14537 0.0145833 0.0212963
1 0.940625 0.543519 0.0104167 0.0203704
0 0.785417 0.411111 0.0125 0.0162037
1 0.921354 0.22662 0.05 0.0680556
1 0.438802 0.531944 0.009375 0.0314815
0 0.217187 0.153935 0.0276042 0.0625
0 0.625 0.274537 0.0291667 0.0805556
0 0.196615 0.0299769 0.00572917 0.0172454
0 0.930208 0.839815 0.0583333 0.148148
3 0.404687 0.918981 0.0697917 0.10463
0 0.369271 0.329167 0.040625 0.0824074
0 0.399219 0.436111 0.0458333 0.100926
0 0.450521 0.266667 0.0427083 0.0944444
0 0.488021 0.373611 0.0458333 0.0972222
0 0.63125 0.440741 0.0625 0.0972222
0 0.355729 0.862037 0.09375 0.15
0 0.920833 0.226331 0.0489583 0.0667824
1 0.0404297 0.152083 0.0216146 0.0305556
0 0.351302 0.0221933 0.0338542 0.0438079
1 0.434115 0.548611 0.009375 0.0277778
1 0.439323 0.536111 0.00885417 0.0296296
0 0.277344 0.146065 0.0213542 0.0236111
1 0.801042 0.125 0.0125 0.0175926
0 0.404687 0.918519 0.0692708 0.103704
0 0.208854 0.166782 0.0729167 0.09375
1 0.427083 0.588426 0.00729167 0.0194444
1 0.426562 0.591667 0.0078125 0.0240741
1 0.425 0.59537 0.009375 0.0203704
1 0.425781 0.592593 0.0104167 0.0259259
0 0.269792 0.146875 0.0359375 0.0282407
0 0.929167 0.863426 0.05625 0.125926
0 0.788542 0.402546 0.01875 0.0342593
0 0.794271 0.400463 0.03125 0.0407407
1 0.0348958 0.146759 0.0102865 0.0199074
0 0.27474 0.151852 0.0270833 0.0351852
0 0.8 0.399074 0.04375 0.0444444
0 0.929167 0.84537 0.05625 0.0851852
1 0.434896 0.54537 0.0104167 0.0314815
1 0.351562 0.0221716 0.0333333 0.0436198
0 0.234375 0.167593 0.115625 0.0962963
0 0.7875 0.406944 0.0166667 0.024537
0 0.263997 0.149306 0.0470052 0.0361111
0 0.434375 0.549074 0.00989583 0.0277778
1 0.277604 0.146065 0.0208333 0.0231481
0 0.217969 0.157986 0.0875 0.105787
0 0.930208 0.840741 0.0583333 0.14537
0 0.933333 0.886574 0.0645833 0.221296
1 0.95625 0.537037 0.00625 0.0111111
0 0.801042 0.125231 0.0125 0.0175926
1 0.761458 0.173727 0.00833333 0.0178241
0 0.628646 0.281481 0.0354167 0.0685185
0 0.732813 0.269907 0.0333333 0.0578704
1 0.196745 0.0304977 0.00625 0.0150463
0 0.630208 0.268981 0.0395833 0.0916667
0 0.223177 0.154861 0.0401042 0.0648148
0 0.251823 0.161343 0.0734375 0.068287
0 0.747917 0.0253762 0.0375 0.0492477
0 0.51875 0.440741 0.0125 0.0231481
1 0.516927 0.441204 0.00989583 0.0212963
0 0.278125 0.150926 0.021875 0.0319444
0 0.948958 0.862037 0.096875 0.188889
1 0.441146 0.535648 0.0104167 0.0305556
0 0.636458 0.278241 0.0520833 0.0768519
0 0.805208 0.396296 0.0541667 0.0518519
0 0.439844 0.536111 0.00885417 0.0296296
0 0.42526 0.592593 0.0104167 0.0259259
0 0.623438 0.286111 0.0260417 0.0583333
1 0.423698 0.594444 0.0119792 0.0268519
0 0.198177 0.0200738 0.0838542 0.0376302
0 0.221615 0.165741 0.0401042 0.0856481
0 0.790625 0.395602 0.0229167 0.0486111
1 0.4375 0.537037 0.0109375 0.0277778
0 0.0404948 0.151852 0.0214844 0.0305556
0 0.990625 0.357176 0.01875 0.0472222
0 0.298438 0.165972 0.0114583 0.0231481
0 0.820833 0.0371021 0.0166667 0.0585503
1 0.422917 0.596759 0.0104167 0.0212963
0 0.28099 0.14537 0.0145833 0.0212963
0 0.630729 0.291667 0.0395833 0.05
1 0.404687 0.918981 0.0697917 0.10463
1 0.355729 0.862037 0.09375 0.15
0 0.785417 0.411111 0.0125 0.0157407
1 0.940625 0.543519 0.0104167 0.0203704
1 0.438802 0.531944 0.009375 0.0314815
0 0.516667 0.441204 0.009375 0.0212963
0 0.426562 0.591667 0.0078125 0.0240741
1 0.920833 0.22662 0.05 0.0680556
0 0.196745 0.0304977 0.00625 0.0150463
3 0.404687 0.918981 0.0697917 0.10463
0 0.217187 0.154167 0.0270833 0.0625
0 0.625 0.274074 0.0291667 0.0814815
