2 0.486719 0.318519 0.0734375 0.111111
1 0.480208 0.300694 0.0130208 0.0314815
1 0.931771 0.04375 0.015625 0.0354167
1 0.929688 0.0490162 0.0114583 0.0258102
1 0.934375 0.0408565 0.0125 0.0299769
1 0.934375 0.0380787 0.0104167 0.0234954
1 0.93125 0.0461227 0.0125 0.0310185
3 0.486719 0.318519 0.0734375 0.111111
1 0.935938 0.0373843 0.00833333 0.0219907
1 0.932292 0.0410301 0.0125 0.0271991
0 0.932292 0.0438657 0.0166667 0.0358796
1 0.477604 0.300463 0.0114583 0.0314815
3 0.817187 0.528588 0.365625 0.674306
2 0.486979 0.318981 0.0739583 0.110185
1 0.480208 0.300926 0.0130208 0.0324074
1 0.932292 0.0435764 0.0166667 0.0353009
1 0.930208 0.0487847 0.0114583 0.0268519
1 0.929167 0.0512876 0.0104167 0.0212674
1 0.934375 0.0383102 0.0104167 0.0237269
1 0.934375 0.041088 0.0125 0.0302083
1 0.935938 0.0401331 0.00833333 0.0276042
1 0.932292 0.0413773 0.0125 0.0275463
3 0.815625 0.530093 0.36875 0.773148
3 0.486979 0.318981 0.0739583 0.110185
0 0.932292 0.0433883 0.0166667 0.0352141
2 0.483854 0.289815 0.040625 0.0509259
0 0.486979 0.31875 0.0734375 0.109722
3 0.808333 0.36875 0.383333 0.7375
2 0.486979 0.319213 0.0739583 0.109722
1 0.480208 0.300463 0.0130208 0.0333333
1 0.932292 0.04375 0.0166667 0.0351852
1 0.936458 0.0375 0.00833333 0.022338
1 0.934375 0.0377894 0.0104167 0.0230324
3 0.8125 0.571296 0.35625 0.633333
1 0.930208 0.0478009 0.0104167 0.0263889
0 0.932292 0.0435041 0.0166667 0.0349826
2 0.419792 0.181597 0.0333333 0.0400463
3 0.486979 0.319213 0.0734375 0.110185
0 0.867188 0.436806 0.0895833 0.184722
1 0.933854 0.0413194 0.0125 0.0300926
1 0.932292 0.0399595 0.0125 0.0252894
2 0.481771 0.289815 0.0458333 0.0509259
0 0.48724 0.318981 0.0734375 0.110185
2 0.486979 0.318981 0.0729167 0.110185
1 0.480208 0.300926 0.0130208 0.0324074
1 0.932292 0.0439236 0.0166667 0.0355324
0 0.865104 0.435417 0.0864583 0.183796
1 0.934375 0.0380208 0.0114583 0.0234954
1 0.936458 0.0387153 0.00833333 0.0247685
0 0.932292 0.0436198 0.0166667 0.0352141
0 0.486979 0.318981 0.0729167 0.110185
1 0.929167 0.0472222 0.0104167 0.0270833
1 0.933854 0.041956 0.0125 0.0314815
1 0.932292 0.0395833 0.0125 0.0255787
3 0.486979 0.318981 0.0729167 0.110185
2 0.486979 0.318981 0.0729167 0.110185
1 0.480208 0.300926 0.0135417 0.0324074
1 0.932292 0.0438657 0.0166667 0.0354167
0 0.865104 0.436111 0.0864583 0.184259
1 0.934896 0.0376447 0.0104167 0.0223958
1 0.936458 0.0383681 0.00833333 0.0239583
3 0.486979 0.318981 0.0729167 0.110185
0 0.932292 0.043533 0.0166667 0.0351562
1 0.929167 0.0471209 0.0104167 0.0275174
1 0.934375 0.041956 0.0125 0.0309028
0 0.486979 0.318981 0.0729167 0.110185
1 0.931771 0.0395833 0.0114583 0.0253472
3 0.816667 0.548148 0.366667 0.651852
1 0.866667 0.167824 0.0125 0.0490741
1 0.486979 0.318981 0.0729167 0.110185
0 0.480469 0.300926 0.0135417 0.0324074
2 0.486979 0.319444 0.0739583 0.108333
1 0.480208 0.300926 0.0135417 0.0324074
1 0.932292 0.0437645 0.0166667 0.0353877
0 0.864583 0.436111 0.0854167 0.184259
1 0.934896 0.037963 0.0104167 0.0226852
3 0.486979 0.318981 0.0734375 0.110185
1 0.934375 0.0419126 0.0125 0.0307581
0 0.932292 0.0434606 0.0166667 0.0350694
1 0.929167 0.0469763 0.0104167 0.0273438
1 0.932292 0.0396991 0.0125 0.025463
1 0.486979 0.318981 0.0734375 0.110185
0 0.486979 0.318981 0.0734375 0.110185
2 0.486979 0.318981 0.0739583 0.110185
1 0.480208 0.300926 0.0135417 0.0324074
1 0.932292 0.04375 0.0166667 0.0353009
0 0.864062 0.436343 0.084375 0.184722
1 0.934375 0.0379051 0.0104167 0.0226852
3 0.486979 0.318981 0.0734375 0.110185
1 0.936458 0.0378762 0.00833333 0.0230903
1 0.929688 0.047092 0.009375 0.0268808
1 0.934375 0.0417824 0.0114583 0.0306713
1 0.486979 0.318981 0.0734375 0.110185
0 0.932292 0.0434028 0.0166667 0.0349537
1 0.932292 0.0395833 0.0125 0.0252315
0 0.486979 0.318981 0.0734375 0.110185
0 0.480469 0.300926 0.0135417 0.0324074
2 0.486979 0.318981 0.0739583 0.110185
1 0.480208 0.300926 0.0135417 0.0324074
1 0.932292 0.0437355 0.0166667 0.0352141
0 0.863542 0.436574 0.0833333 0.185185
1 0.934896 0.0381366 0.0104167 0.0230324
3 0.486979 0.318981 0.0734375 0.110185
1 0.929688 0.047338 0.009375 0.0267361
1 0.934375 0.0418837 0.0114583 0.0305845
1 0.486979 0.318981 0.0734375 0.110185
0 0.932292 0.0434028 0.0166667 0.0349537
1 0.932292 0.0396991 0.0125 0.025463
0 0.486979 0.318981 0.0734375 0.110185
0 0.480469 0.300926 0.0135417 0.0324074
2 0.486979 0.318519 0.0739583 0.110185
1 0.480208 0.300926 0.0135417 0.0324074
1 0.932292 0.0436921 0.0166667 0.0353009
0 0.864583 0.436574 0.0854167 0.185185
1 0.934375 0.0381366 0.0104167 0.0229167
3 0.486979 0.318981 0.0729167 0.110185
1 0.929688 0.0474537 0.009375 0.0266204
1 0.936458 0.0381944 0.00833333 0.0237269
1 0.934375 0.0417969 0.0114583 0.0305266
1 0.486979 0.318981 0.0729167 0.110185
0 0.932292 0.0434028 0.0166667 0.0349537
1 0.932292 0.0398148 0.0125 0.025463
0 0.486979 0.318519 0.0739583 0.110185
1 0.866667 0.168403 0.0114583 0.0493056
1 0.878646 0.19919 0.009375 0.0391204
2 0.486979 0.318981 0.0729167 0.110185
1 0.480208 0.300926 0.0135417 0.0324074
1 0.932292 0.0436198 0.0166667 0.0352141
0 0.864583 0.436574 0.0854167 0.185185
1 0.934375 0.0381366 0.0104167 0.0230324
3 0.486979 0.318981 0.0729167 0.110185
1 0.936458 0.0383391 0.00833333 0.0240162
1 0.930208 0.0474682 0.0104167 0.0268229
1 0.934375 0.0418981 0.0114583 0.030787
1 0.486979 0.318981 0.0729167 0.110185
0 0.932292 0.0434028 0.0166667 0.0349537
1 0.866667 0.168056 0.0114583 0.0483796
1 0.932292 0.0398727 0.0125 0.0256944
0 0.486979 0.318519 0.0739583 0.110185
1 0.878646 0.199306 0.009375 0.0388889
2 0.486979 0.318981 0.0729167 0.110185
1 0.480469 0.300926 0.0130208 0.0319444
1 0.932292 0.0436198 0.0166667 0.0352141
1 0.934375 0.0380208 0.0104167 0.0228009
0 0.864583 0.436574 0.0854167 0.185185
3 0.486979 0.318981 0.0729167 0.110185
1 0.936458 0.0381944 0.00833333 0.0237269
1 0.930208 0.0471644 0.0104167 0.0273148
1 0.934375 0.0417969 0.0114583 0.0307581
1 0.486979 0.318981 0.0729167 0.110185
0 0.932292 0.0434028 0.0166667 0.0349537
1 0.866667 0.16794 0.0114583 0.0479167
0 0.486979 0.31875 0.0739583 0.109722
1 0.932292 0.0398148 0.0125 0.0259259
1 0.878646 0.199421 0.009375 0.0386574
1 0.480208 0.300926 0.0135417 0.0319444
2 0.486979 0.318981 0.0729167 0.110185
1 0.932292 0.0436198 0.0166667 0.0352141
1 0.934375 0.037963 0.0104167 0.0228009
1 0.936458 0.0381944 0.00833333 0.0236111
1 0.930208 0.0468171 0.0104167 0.0277778
3 0.486979 0.318981 0.0729167 0.110185
0 0.864583 0.437037 0.0854167 0.185185
1 0.934375 0.0417245 0.0114583 0.0306713
1 0.866667 0.168056 0.0114583 0.0476852
0 0.932292 0.0434028 0.0166667 0.0349537
0 0.486979 0.31875 0.0739583 0.109722
1 0.486979 0.318981 0.0729167 0.110185
1 0.932292 0.039728 0.0125 0.0258681
1 0.878646 0.199421 0.009375 0.0386574
