0 0.492188 0.209028 0.0354167 0.075463
0 0.467708 0.131019 0.03125 0.0622685
0 0.466146 0.576389 0.0520833 0.0694444
0 0.560417 0.16875 0.0375 0.0726852
0 0.553125 0.398148 0.0479167 0.0675926
0 0.558333 0.476389 0.0520833 0.0731481
0 0.50625 0.126823 0.0333333 0.0708912
0 0.530729 0.087037 0.0333333 0.0740741
0 0.678125 0.213426 0.0395833 0.0541667
0 0.189583 0.805093 0.0432292 0.0666667
1 0.65625 0.179398 0.00833333 0.0185185
1 0.657292 0.177662 0.00833333 0.0215278
0 0.071875 0.988889 0.0200521 0.0222222
1 0.655208 0.177894 0.00833333 0.0215278
0 0.265365 0.784722 0.0390625 0.0277778
0 0.507292 0.54213 0.0375 0.0583333
0 0.909375 0.526852 0.0208333 0.0277778
0 0.763021 0.0759259 0.0447917 0.0990741
0 0.770833 0.0580874 0.0291667 0.0655382
0 0.336979 0.0204933 0.0416667 0.0403791
0 0.182552 0.806019 0.0588542 0.0703704
0 0.504687 0.549074 0.04375 0.0722222
0 0.492188 0.209028 0.0359375 0.075463
0 0.467708 0.130758 0.03125 0.0620949
0 0.465885 0.576389 0.0515625 0.0694444
0 0.560938 0.16875 0.0375 0.0726852
0 0.553125 0.397685 0.0479167 0.0675926
0 0.50625 0.126881 0.0338542 0.0707755
0 0.530729 0.0870949 0.0333333 0.0739583
0 0.558333 0.475926 0.0510417 0.0731481
0 0.678125 0.213657 0.0395833 0.0550926
0 0.189844 0.805556 0.0434896 0.0666667
0 0.182552 0.807407 0.0583333 0.0712963
1 0.65625 0.178819 0.00729167 0.0189815
1 0.65625 0.175463 0.00833333 0.0259259
0 0.6 0.381019 0.0291667 0.0546296
0 0.601562 0.374537 0.034375 0.0675926
1 0.658333 0.177546 0.0104167 0.0226852
1 0.0523112 0.289352 0.00846354 0.0138889
0 0.50625 0.542593 0.0395833 0.0592593
0 0.771354 0.0560764 0.0260417 0.059375
1 0.657292 0.173148 0.0104167 0.0310185
1 0.646354 0.166088 0.009375 0.0206019
1 0.439583 0.0518519 0.00520833 0.00925926
1 0.189844 0.805556 0.0434896 0.0666667
0 0.071875 0.988889 0.0195312 0.0222222
1 0.584375 0.220139 0.00833333 0.0175926
1 0.995833 0.655093 0.00833333 0.012037
1 0.958854 0.142708 0.00729167 0.00925926
0 0.467708 0.130758 0.03125 0.0620949
0 0.492188 0.209028 0.0354167 0.075463
0 0.553125 0.397917 0.0479167 0.0675926
0 0.560938 0.168403 0.0375 0.0733796
0 0.558333 0.476389 0.0510417 0.0731481
0 0.50625 0.126591 0.0333333 0.0704282
0 0.466146 0.576389 0.0520833 0.0694444
0 0.530729 0.0871528 0.0333333 0.0743056
0 0.677604 0.213657 0.0395833 0.0550926
0 0.182812 0.806944 0.0578125 0.0703704
1 0.65625 0.178704 0.00833333 0.0194444
1 0.656771 0.175463 0.009375 0.0266204
1 0.182812 0.806481 0.0578125 0.0703704
0 0.601042 0.381944 0.028125 0.0546296
0 0.604167 0.375 0.0375 0.0680556
1 0.658333 0.17419 0.0114583 0.0284722
0 0.754167 0.102517 0.0270833 0.0449653
0 0.770833 0.0570023 0.0270833 0.0628472
1 0.00804036 0.552778 0.0155599 0.0222222
0 0.50625 0.540741 0.0395833 0.0574074
1 0.644792 0.168056 0.0125 0.025
0 0.596354 0.384259 0.021875 0.05
0 0.00806478 0.552778 0.0157064 0.0222222
0 0.644271 0.170023 0.015625 0.0298611
0 0.909375 0.526852 0.0208333 0.0277778
1 0.184375 0.273611 0.00520833 0.00925926
1 0.00564779 0.553704 0.0109049 0.0203704
0 0.611458 0.371528 0.05 0.075463
0 0.592708 0.385185 0.0208333 0.0481481
0 0.339323 0.0206308 0.0463542 0.0397569
1 0.995833 0.655093 0.00833333 0.012037
0 0.584896 0.220139 0.0104167 0.0185185
0 0.00564779 0.553704 0.0109049 0.0203704
1 0.439844 0.0518519 0.00572917 0.0087963
0 0.982292 0.152546 0.0354167 0.0763889
0 0.647396 0.172917 0.021875 0.0319444
0 0.669271 0.109375 0.0229167 0.0416667
0 0.9 0.525 0.0395833 0.0537037
1 0.120573 0.139583 0.0046875 0.00787037
0 0.492188 0.209028 0.0354167 0.075
0 0.467708 0.130671 0.03125 0.062037
0 0.553125 0.397685 0.0479167 0.0675926
0 0.560417 0.168287 0.0375 0.0731481
0 0.530729 0.0872106 0.0333333 0.0741898
0 0.50625 0.126649 0.0333333 0.0703125
0 0.466146 0.576389 0.0520833 0.0694444
0 0.558333 0.476042 0.0510417 0.0738426
0 0.678125 0.21331 0.0395833 0.0543981
0 0.182552 0.806481 0.0588542 0.0703704
0 0.189844 0.80463 0.04375 0.0657407
1 0.65625 0.178472 0.00833333 0.0199074
1 0.656771 0.174306 0.009375 0.0277778
0 0.668229 0.108536 0.0208333 0.0431134
0 0.754687 0.102431 0.0270833 0.0460648
0 0.770833 0.0571181 0.0270833 0.0627315
0 0.670833 0.10081 0.025 0.0576389
1 0.644792 0.166551 0.0125 0.0224537
1 0.182292 0.806481 0.0588542 0.0703704
0 0.33776 0.0205729 0.0427083 0.039294
0 0.64375 0.169444 0.0145833 0.0287037
1 0.658333 0.173495 0.0125 0.0300926
0 0.673958 0.107292 0.03125 0.0462963
0 0.214583 0.371296 0.0385417 0.0851852
1 0.0513021 0.289815 0.0111979 0.0138889
0 0.601562 0.376157 0.0322917 0.0648148
0 0.607292 0.371528 0.04375 0.074537
0 0.111003 0.620833 0.00690104 0.0166667
0 0.584375 0.219907 0.0104167 0.0185185
0 0.50599 0.543519 0.0401042 0.0611111
0 0.671875 0.0929977 0.0291667 0.0739583
1 0.110937 0.62037 0.00690104 0.0166667
1 0.189844 0.80463 0.04375 0.0657407
1 0.00795898 0.552778 0.0154948 0.0222222
0 0.485417 0.562963 0.0822917 0.101852
0 0.982292 0.151505 0.0354167 0.0793981
0 0.909375 0.526852 0.0208333 0.0277778
1 0.584375 0.219907 0.00833333 0.0180556
0 0.9 0.523148 0.0385417 0.05
1 0.439844 0.0518519 0.00572917 0.00856481
1 0.653646 0.172917 0.0166667 0.0328704
1 0.64375 0.169444 0.0145833 0.0287037
0 0.00361328 0.0728009 0.00654297 0.01875
0 0.0141113 0.090625 0.0277669 0.0576389
0 0.553125 0.397685 0.0479167 0.0675926
0 0.492188 0.209144 0.0354167 0.0756944
0 0.467708 0.130758 0.03125 0.0620949
0 0.560417 0.168519 0.0375 0.0731481
0 0.530729 0.0872685 0.0333333 0.0740741
0 0.466146 0.576852 0.0520833 0.0703704
0 0.50625 0.12662 0.0333333 0.0703704
0 0.558333 0.476042 0.0510417 0.0738426
0 0.677604 0.21331 0.0395833 0.0543981
0 0.189063 0.80463 0.0442708 0.0648148
0 0.182161 0.806481 0.0585938 0.0703704
1 0.65625 0.178704 0.00729167 0.0194444
1 0.65625 0.175116 0.00833333 0.0266204
1 0.657292 0.173148 0.00833333 0.0314815
0 0.668229 0.108362 0.0208333 0.0434606
1 0.645833 0.165278 0.00833333 0.0199074
1 0.0513021 0.289815 0.0108073 0.0138889
0 0.111068 0.620833 0.00716146 0.0166667
0 0.670313 0.102112 0.025 0.0550347
1 0.658333 0.173611 0.0125 0.0300926
0 0.754687 0.102315 0.0270833 0.0460648
1 0.111003 0.620833 0.00716146 0.0166667
0 0.64375 0.169213 0.0145833 0.0282407
0 0.770833 0.0583912 0.028125 0.0645833
1 0.64375 0.169213 0.0145833 0.0277778
0 0.673958 0.107407 0.03125 0.0460648
1 0.655208 0.173032 0.0125 0.0328704
1 0.182161 0.806481 0.0585938 0.0703704
0 0.7625 0.0760561 0.04375 0.100203
0 0.584375 0.219907 0.0104167 0.0180556
0 0.50625 0.544444 0.0395833 0.062963
1 0.189844 0.80463 0.0432292 0.0648148
1 0.439844 0.0518519 0.00572917 0.00856481
1 0.583333 0.219907 0.00833333 0.0175926
0 0.671875 0.092419 0.0291667 0.0753472
0 0.214323 0.371296 0.0385417 0.0851852
0 0.3375 0.0207248 0.0427083 0.0389902
0 0.909375 0.527315 0.0208333 0.0287037
0 0.95625 0.185417 0.0104167 0.0168981
0 0.982292 0.15162 0.0354167 0.0791667
1 0.646875 0.162847 0.00833333 0.0162037
0 0.602604 0.37963 0.0322917 0.0592593
0 0.00364583 0.072338 0.00654297 0.0178241
0 0.9 0.523148 0.0395833 0.05
1 0.995833 0.65463 0.00833333 0.0111111
0 0.607292 0.371296 0.04375 0.075
1 0.00794271 0.552778 0.0154948 0.0222222
1 0.652083 0.177894 0.0104167 0.0215278
0 0.11263 0.622222 0.0110677 0.0203704
1 0.615625 0.215972 0.00833333 0.0259259
0 0.553125 0.397685 0.0479167 0.0675926
0 0.492188 0.209028 0.0359375 0.075463
0 0.467708 0.130758 0.03125 0.0620949
0 0.560417 0.168519 0.0375 0.0731481
0 0.530729 0.0872685 0.0333333 0.0740741
0 0.558333 0.476042 0.0510417 0.0738426
0 0.50625 0.126591 0.0333333 0.0704282
0 0.466146 0.576852 0.0520833 0.0694444
0 0.677604 0.213194 0.0395833 0.0541667
0 0.189063 0.80463 0.0442708 0.0648148
0 0.181771 0.806481 0.0588542 0.0703704
1 0.65625 0.178704 0.00729167 0.0194444
1 0.65625 0.175694 0.00833333 0.025463
1 0.657292 0.172917 0.0104167 0.030787
0 0.668229 0.108565 0.0208333 0.0428241
1 0.646354 0.165046 0.00833333 0.0189815
1 0.0513346 0.289815 0.010612 0.0138889
0 0.754687 0.102344 0.0270833 0.0462384
0 0.669792 0.102894 0.025 0.0530093
0 0.111133 0.620833 0.00755208 0.0166667
1 0.111133 0.620833 0.00755208 0.0166667
0 0.673958 0.107755 0.03125 0.0456019
1 0.189844 0.80463 0.0432292 0.0648148
0 0.7625 0.0760995 0.04375 0.0998843
1 0.439583 0.0519676 0.00520833 0.00856481
0 0.909375 0.527315 0.0208333 0.0287037
0 0.770833 0.0585069 0.0270833 0.0646991
0 0.64375 0.169213 0.0145833 0.0282407
0 0.672917 0.0982639 0.0291667 0.0631944
0 0.982292 0.15162 0.0354167 0.0791667
1 0.181771 0.806481 0.0588542 0.0703704
0 0.3375 0.0206597 0.0427083 0.0392361
0 0.584375 0.21985 0.0104167 0.0177083
1 0.64375 0.169213 0.0145833 0.0282407
1 0.583333 0.219907 0.00833333 0.0175926
1 0.995833 0.655093 0.00833333 0.012037
1 0.646875 0.1625 0.00729167 0.0152778
1 0.654688 0.172917 0.0135417 0.0328704
0 0.9 0.524074 0.0395833 0.0509259
1 0.120312 0.139352 0.0046875 0.00694444
0 0.505729 0.54537 0.040625 0.0666667
0 0.9 0.535185 0.0395833 0.0740741
0 0.670833 0.113397 0.0260417 0.0421875
1 0.984375 0.109259 0.00416667 0.0087963
0 0.00367839 0.0723958 0.00657552 0.0175926
1 0.652083 0.178009 0.0104167 0.0212963
0 0.553125 0.397685 0.0479167 0.0675926
0 0.492188 0.209028 0.0354167 0.075463
0 0.467708 0.130787 0.03125 0.062037
0 0.560417 0.168519 0.0375 0.0731481
0 0.530729 0.0873264 0.0333333 0.0741898
0 0.50625 0.126736 0.0333333 0.0703704
0 0.466146 0.576852 0.0520833 0.0694444
0 0.558333 0.476389 0.0510417 0.0731481
0 0.678125 0.212731 0.0395833 0.0532407
0 0.189193 0.80463 0.04375 0.0648148
1 0.65625 0.178704 0.00729167 0.0194444
0 0.18151 0.806481 0.059375 0.0703704
1 0.65625 0.175347 0.00833333 0.0263889
1 0.657292 0.173032 0.0104167 0.0305556
0 0.667708 0.108594 0.0208333 0.0425347
1 0.051237 0.289815 0.0108073 0.0138889
1 0.646875 0.164815 0.00833333 0.0189815
0 0.669792 0.104282 0.0239583 0.0502315
0 0.754687 0.102315 0.0270833 0.0460648
1 0.439583 0.0519097 0.00520833 0.0087963
0 0.672917 0.108333 0.03125 0.044213
0 0.982292 0.15162 0.0354167 0.0791667
0 0.111068 0.621296 0.00755208 0.0166667
1 0.189844 0.80463 0.0427083 0.0648148
0 0.770312 0.0584346 0.028125 0.0643808
0 0.909375 0.527315 0.0208333 0.0287037
0 0.7625 0.0761574 0.0447917 0.0997685
0 0.671875 0.0990741 0.0291667 0.0613426
1 0.111068 0.621296 0.00755208 0.0166667
1 0.583333 0.219676 0.00729167 0.0171296
1 0.995833 0.655093 0.00833333 0.012037
0 0.584375 0.219907 0.0104167 0.0175926
0 0.665625 0.109028 0.0145833 0.0402778
1 0.984375 0.109259 0.00416667 0.00902778
1 0.120443 0.139352 0.0046875 0.00740741
0 0.64375 0.169213 0.0145833 0.0282407
1 0.646875 0.162269 0.00625 0.0150463
0 0.00367839 0.0723958 0.00657552 0.0174769
0 0.676042 0.0962384 0.0364583 0.0686343
1 0.64375 0.169213 0.0145833 0.0282407
0 0.9 0.525463 0.0395833 0.0518519
1 0.658333 0.175579 0.0104167 0.0261574
0 0.670833 0.113223 0.025 0.0406829
0 0.3375 0.0207465 0.0427083 0.0396412
0 0.50625 0.54537 0.0395833 0.0648148
1 0.514063 0.630556 0.00625 0.00833333
0 0.553125 0.397685 0.0479167 0.0675926
0 0.492188 0.209144 0.0354167 0.0756944
0 0.467708 0.130758 0.03125 0.0620949
0 0.560417 0.16875 0.0375 0.0731481
0 0.530729 0.0874421 0.0333333 0.0744213
0 0.50625 0.12662 0.0333333 0.0706019
0 0.466146 0.576852 0.0520833 0.0694444
0 0.558333 0.475926 0.0510417 0.0731481
0 0.678125 0.213194 0.0395833 0.0541667
0 0.189323 0.80463 0.04375 0.0648148
0 0.181771 0.806481 0.0588542 0.0703704
1 0.65625 0.178704 0.00729167 0.0194444
1 0.65625 0.175463 0.00833333 0.0259259
1 0.657292 0.17338 0.0104167 0.0296296
0 0.668229 0.109028 0.0208333 0.0418981
1 0.0513346 0.289815 0.0107422 0.0138889
0 0.754687 0.102315 0.0270833 0.0458333
1 0.646875 0.164815 0.00833333 0.01875
0 0.669792 0.104398 0.025 0.050463
0 0.981771 0.15162 0.0364583 0.0796296
1 0.439583 0.0519097 0.00520833 0.0087963
0 0.672917 0.108796 0.03125 0.0435185
0 0.7625 0.0761429 0.0447917 0.099566
0 0.909375 0.526852 0.0208333 0.0277778
0 0.111003 0.621296 0.00716146 0.0166667
0 0.770312 0.0582755 0.028125 0.0641204
1 0.583333 0.21985 0.00625 0.0167824
0 0.672396 0.0999421 0.0291667 0.059838
1 0.984375 0.109259 0.00416667 0.0087963
1 0.995833 0.655093 0.00833333 0.012037
1 0.189844 0.80463 0.0427083 0.0648148
0 0.00366211 0.0724537 0.00654297 0.0177083
1 0.111003 0.621296 0.00729167 0.0166667
0 0.665625 0.110069 0.0166667 0.0384259
0 0.9 0.525463 0.0395833 0.0509259
0 0.584375 0.219907 0.009375 0.0175926
0 0.111979 0.621296 0.00963542 0.0185185
1 0.120378 0.139236 0.00481771 0.00740741
1 0.644271 0.168981 0.0145833 0.0277778
1 0.646875 0.162384 0.00625 0.0152778
1 0.658333 0.176157 0.0104167 0.025
1 0.181771 0.806481 0.0588542 0.0703704
0 0.644271 0.170023 0.0145833 0.0293981
1 0.514323 0.630556 0.00677083 0.00833333
0 0.553125 0.397685 0.0479167 0.0675926
0 0.492188 0.209144 0.0354167 0.0756944
0 0.467708 0.130758 0.03125 0.0620949
0 0.560417 0.16875 0.0375 0.0731481
0 0.530729 0.0875 0.0333333 0.074537
0 0.50625 0.126736 0.0333333 0.0703704
0 0.466146 0.576852 0.0520833 0.0694444
0 0.558333 0.475926 0.0510417 0.0731481
0 0.678125 0.212847 0.0395833 0.0534722
0 0.189583 0.80463 0.0432292 0.0657407
1 0.65625 0.178819 0.00729167 0.019213
0 0.181641 0.806481 0.0598958 0.0722222
1 0.65625 0.175579 0.00833333 0.0259259
0 0.668229 0.109057 0.0208333 0.0420718
1 0.657292 0.172917 0.0104167 0.031713
1 0.0513021 0.289815 0.0108073 0.0138889
0 0.754687 0.102315 0.0270833 0.0458333
1 0.646875 0.164815 0.00833333 0.0185185
0 0.981771 0.151389 0.0364583 0.0796296
0 0.669792 0.104196 0.025 0.0508681
1 0.439583 0.0519097 0.00520833 0.00891204
0 0.7625 0.0760995 0.0447917 0.0996528
0 0.111003 0.621296 0.00703125 0.0166667
0 0.909375 0.526852 0.0208333 0.0277778
0 0.673437 0.108912 0.03125 0.043287
1 0.582812 0.219676 0.00625 0.0166667
0 0.770833 0.0585069 0.0270833 0.0648148
0 0.00366211 0.072338 0.00647786 0.0178241
1 0.984375 0.109259 0.00416667 0.00925926
1 0.995833 0.655093 0.00833333 0.012037
0 0.111979 0.621296 0.00950521 0.0185185
1 0.110937 0.621296 0.00729167 0.0166667
1 0.190104 0.80463 0.0421875 0.0648148
1 0.658333 0.17662 0.0104167 0.0240741
1 0.644271 0.168981 0.0145833 0.0277778
0 0.9 0.525926 0.0395833 0.0518519
1 0.120443 0.139236 0.00494792 0.00763889
1 0.646875 0.162269 0.00625 0.0152778
0 0.553125 0.397685 0.0479167 0.0675926
0 0.492188 0.209144 0.0354167 0.0756944
0 0.50625 0.12662 0.0333333 0.0706019
0 0.467708 0.130787 0.03125 0.0622685
0 0.560417 0.16875 0.0375 0.0731481
0 0.530729 0.0872685 0.0333333 0.0740741
0 0.466146 0.576852 0.0520833 0.0694444
0 0.558333 0.475926 0.0510417 0.0731481
0 0.678125 0.212847 0.0395833 0.0534722
0 0.189583 0.80463 0.0432292 0.0657407
1 0.65625 0.178704 0.00729167 0.0194444
0 0.18151 0.806481 0.0588542 0.0712963
1 0.65625 0.175694 0.00833333 0.0259259
1 0.657292 0.173032 0.0104167 0.0314815
0 0.668229 0.109057 0.0208333 0.0420718
1 0.0513672 0.289815 0.0108073 0.0138889
0 0.754687 0.102286 0.0270833 0.0458912
1 0.439583 0.0519676 0.00520833 0.00902778
1 0.646875 0.164583 0.00729167 0.0185185
0 0.669792 0.104282 0.025 0.0509259
0 0.111003 0.621296 0.00703125 0.0166667
0 0.982292 0.151852 0.0354167 0.0791667
0 0.673958 0.108912 0.03125 0.043287
0 0.7625 0.0760995 0.0447917 0.0996528
1 0.582292 0.219676 0.00625 0.0166667
0 0.909375 0.526852 0.0208333 0.0277778
0 0.00366211 0.0723958 0.00641276 0.0177083
0 0.770833 0.0586806 0.0270833 0.0650463
1 0.995833 0.655093 0.00833333 0.012037
0 0.111979 0.621296 0.00950521 0.0185185
1 0.658333 0.176852 0.0104167 0.0240741
1 0.110937 0.621296 0.00716146 0.0166667
1 0.984375 0.109259 0.00416667 0.00949074
1 0.190104 0.80463 0.0421875 0.0657407
0 0.339063 0.0207827 0.0447917 0.0402633
1 0.644792 0.168981 0.0145833 0.0277778
1 0.646875 0.162153 0.00625 0.0148148
0 0.553125 0.397685 0.0479167 0.0675926
0 0.492188 0.209028 0.0359375 0.0759259
0 0.467708 0.130903 0.03125 0.0622685
0 0.560417 0.16875 0.0375 0.0731481
0 0.530729 0.0873843 0.0333333 0.0743056
0 0.50651 0.126736 0.0338542 0.0706019
0 0.466146 0.576852 0.0520833 0.0694444
0 0.558333 0.475926 0.0510417 0.0731481
0 0.678125 0.212847 0.0395833 0.0534722
0 0.189583 0.80463 0.0432292 0.0666667
1 0.65625 0.178704 0.00729167 0.0194444
0 0.181641 0.806481 0.0591146 0.0722222
1 0.65625 0.175579 0.00833333 0.0256944
1 0.657292 0.173032 0.0104167 0.0314815
0 0.668229 0.109144 0.0208333 0.0421296
0 0.754687 0.102286 0.0270833 0.0458912
1 0.0514323 0.289815 0.0109375 0.0138889
1 0.439583 0.0519676 0.00520833 0.00902778
1 0.646875 0.164699 0.00729167 0.01875
0 0.111003 0.621296 0.00703125 0.0166667
0 0.669792 0.104282 0.025 0.0511574
0 0.982292 0.151852 0.0354167 0.0791667
0 0.673958 0.109144 0.0322917 0.0428241
0 0.00364583 0.072338 0.0063151 0.0178241
1 0.582292 0.219676 0.00625 0.0166667
1 0.995833 0.655093 0.00833333 0.012037
0 0.672917 0.100694 0.0291667 0.0587963
0 0.7625 0.0761429 0.0447917 0.099566
1 0.658333 0.176852 0.0104167 0.0236111
0 0.909375 0.526852 0.0208333 0.0277778
1 0.110937 0.621296 0.00729167 0.0166667
0 0.339063 0.0208044 0.0447917 0.0402199
0 0.111979 0.621296 0.00950521 0.0185185
1 0.190104 0.80463 0.0421875 0.0657407
0 0.770833 0.0588976 0.0270833 0.0655382
1 0.984375 0.109259 0.00416667 0.00925926
0 0.00807292 0.546759 0.015625 0.0351852
1 0.514323 0.630556 0.00677083 0.00833333
0 0.553125 0.397685 0.0479167 0.0675926
0 0.492188 0.209028 0.0359375 0.0759259
0 0.467708 0.130816 0.0317708 0.0624421
0 0.560417 0.16875 0.0375 0.0731481
0 0.530729 0.0873843 0.0333333 0.0743056
0 0.50625 0.126823 0.0338542 0.0708912
0 0.466146 0.576852 0.0520833 0.0685185
0 0.558333 0.475926 0.0510417 0.0731481
0 0.678125 0.212847 0.0395833 0.0534722
0 0.189323 0.80463 0.0442708 0.0666667
0 0.182031 0.806481 0.0588542 0.0722222
1 0.65625 0.178704 0.00729167 0.0194444
1 0.65625 0.175579 0.00833333 0.0259259
1 0.657292 0.173032 0.0104167 0.0314815
0 0.668229 0.109259 0.0208333 0.0421296
0 0.754687 0.102286 0.0270833 0.0458912
1 0.439583 0.0519676 0.00520833 0.0087963
1 0.0514323 0.289815 0.0110677 0.0138889
0 0.110937 0.621296 0.00703125 0.0166667
1 0.646875 0.164815 0.00729167 0.0189815
0 0.671875 0.107639 0.0270833 0.0456019
0 0.982292 0.151736 0.0354167 0.0789352
0 0.675 0.105093 0.0354167 0.0509259
0 0.00364583 0.0724537 0.0063151 0.0178241
0 0.00805664 0.546296 0.0156576 0.0351852
1 0.995833 0.655093 0.00833333 0.012037
1 0.582292 0.219676 0.00625 0.0166667
1 0.658333 0.176852 0.0104167 0.0238426
1 0.110937 0.621296 0.00729167 0.0166667
0 0.111914 0.621296 0.00950521 0.0185185
0 0.7625 0.0760995 0.0447917 0.0996528
0 0.339063 0.0208044 0.0447917 0.0402199
1 0.514583 0.630556 0.00729167 0.00833333
0 0.770833 0.0592593 0.0270833 0.0662037
1 0.182031 0.806481 0.0588542 0.0722222
0 0.909375 0.526852 0.0208333 0.0277778
<<<<<<< HEAD
0 0.553125 0.397685 0.0479167 0.0675926
0 0.492188 0.209028 0.0359375 0.0759259
0 0.467708 0.130903 0.0317708 0.0625
0 0.560417 0.16875 0.0375 0.0731481
0 0.530729 0.0873843 0.0333333 0.0743056
0 0.50651 0.126852 0.0338542 0.0710648
0 0.466146 0.576852 0.0520833 0.0685185
0 0.558333 0.475926 0.0510417 0.0731481
0 0.678125 0.212847 0.0395833 0.0534722
0 0.189063 0.80463 0.0445312 0.0666667
1 0.65625 0.178704 0.00729167 0.0194444
0 0.181901 0.806481 0.0596354 0.0722222
1 0.65625 0.175463 0.00833333 0.0259259
1 0.657292 0.173032 0.0104167 0.0314815
0 0.668229 0.109259 0.0208333 0.0418981
0 0.111003 0.621296 0.00716146 0.0166667
1 0.439583 0.0519676 0.00520833 0.0087963
0 0.754687 0.102286 0.0270833 0.0458912
1 0.646875 0.165046 0.00729167 0.0194444
0 0.982292 0.151736 0.0354167 0.0789352
1 0.0513346 0.289815 0.011263 0.0143519
0 0.671875 0.107639 0.0270833 0.0453704
0 0.00806478 0.546296 0.0157064 0.0351852
0 0.675521 0.105208 0.0354167 0.0506944
1 0.658333 0.17662 0.0104167 0.0240741
0 0.111849 0.621296 0.009375 0.0185185
0 0.00362956 0.0724537 0.00634766 0.0180556
1 0.111003 0.621296 0.00729167 0.0166667
1 0.995833 0.655093 0.00833333 0.012037
1 0.582292 0.219676 0.00625 0.0166667
1 0.514583 0.630556 0.00729167 0.00925926
0 0.0139689 0.0912037 0.0272705 0.0583333
1 0.182031 0.806944 0.0588542 0.0712963
0 0.644271 0.170255 0.0145833 0.0300926
0 0.339063 0.0208623 0.0447917 0.0402199
0 0.00788574 0.552315 0.0153809 0.0231481
0 0.553125 0.397685 0.0479167 0.0675926
0 0.492188 0.209028 0.0359375 0.0759259
0 0.467708 0.130903 0.0317708 0.0627315
0 0.560417 0.16875 0.0375 0.0731481
0 0.530729 0.0873843 0.0333333 0.0743056
0 0.50651 0.126736 0.0338542 0.0710648
0 0.466146 0.576852 0.0520833 0.0694444
0 0.558333 0.475926 0.0510417 0.0731481
0 0.678125 0.212963 0.0395833 0.0532407
0 0.188932 0.80463 0.0450521 0.0666667
1 0.65625 0.178704 0.00729167 0.0196759
1 0.65625 0.175463 0.00833333 0.0259259
0 0.182031 0.806481 0.0596354 0.0722222
1 0.657292 0.173148 0.0104167 0.03125
0 0.111068 0.621296 0.00729167 0.0166667
1 0.439583 0.0519676 0.00520833 0.0087963
0 0.754687 0.102286 0.0270833 0.0458912
0 0.668229 0.109288 0.0208333 0.0420718
1 0.646875 0.165046 0.00729167 0.0194444
0 0.982292 0.15162 0.0354167 0.0791667
0 0.00807292 0.546296 0.0157552 0.0351852
0 0.671875 0.107639 0.028125 0.0456019
1 0.111068 0.620833 0.00729167 0.0166667
0 0.111849 0.621296 0.009375 0.0185185
1 0.658333 0.17662 0.0104167 0.0240741
0 0.00362956 0.0725116 0.0063151 0.0184028
1 0.995833 0.655093 0.00833333 0.012037
1 0.514583 0.630556 0.00729167 0.00925926
0 0.0140462 0.0912037 0.0273763 0.0583333
1 0.582812 0.219676 0.00625 0.0166667
0 0.644271 0.170139 0.0145833 0.0300926
1 0.0513021 0.289815 0.0114583 0.0143519
1 0.182292 0.806481 0.0588542 0.0703704
0 0.339063 0.0209201 0.0447917 0.0402199
0 0.00790202 0.552315 0.0153809 0.0222222
0 0.553125 0.397685 0.0479167 0.0675926
0 0.492188 0.209144 0.0359375 0.0756944
0 0.467708 0.130903 0.0317708 0.0622685
0 0.560417 0.16875 0.0375 0.0731481
0 0.530729 0.0875 0.0333333 0.074537
0 0.50651 0.126881 0.0338542 0.0712384
0 0.466146 0.576852 0.0520833 0.0694444
0 0.558333 0.475926 0.0510417 0.0731481
0 0.678125 0.213194 0.0395833 0.0541667
0 0.182292 0.806481 0.0588542 0.0703704
1 0.65625 0.178704 0.00729167 0.0194444
1 0.65625 0.175463 0.00833333 0.0259259
1 0.657292 0.173148 0.0104167 0.03125
0 0.111068 0.621296 0.00729167 0.0166667
1 0.439583 0.0519676 0.00520833 0.0087963
0 0.754687 0.102286 0.0270833 0.0458912
1 0.646875 0.165162 0.00729167 0.0199074
0 0.668229 0.109259 0.0208333 0.0421296
0 0.00808105 0.546296 0.0157389 0.0351852
0 0.982292 0.15162 0.0354167 0.0791667
1 0.111068 0.620833 0.00742187 0.0166667
0 0.00361328 0.0721065 0.0063151 0.0180556
1 0.658333 0.17662 0.0104167 0.0240741
0 0.111849 0.621296 0.009375 0.0185185
0 0.671875 0.107523 0.028125 0.0458333
1 0.995833 0.655093 0.00833333 0.012037
1 0.182292 0.806481 0.0588542 0.0712963
0 0.338542 0.0209491 0.04375 0.040162
0 0.0140788 0.0913773 0.0273763 0.0586806
1 0.514583 0.630556 0.00729167 0.00925926
0 0.00790202 0.552315 0.0153483 0.0222222
0 0.644271 0.170255 0.0145833 0.0303241
1 0.582812 0.219676 0.00625 0.0166667
1 0.00790202 0.552315 0.0153483 0.0222222
0 0.1125 0.623148 0.0111979 0.0212963
0 0.492188 0.209259 0.0359375 0.0759259
0 0.467708 0.130903 0.0317708 0.0622685
0 0.560417 0.16875 0.0375 0.0731481
0 0.50651 0.126736 0.0338542 0.0708333
0 0.530729 0.0875 0.0333333 0.074537
0 0.553125 0.398148 0.0479167 0.0675926
0 0.466146 0.576852 0.0520833 0.0685185
0 0.558333 0.475926 0.0510417 0.0731481
0 0.678125 0.213194 0.0395833 0.0537037
0 0.182552 0.806481 0.0583333 0.0703704
1 0.65625 0.178704 0.00833333 0.0194444
1 0.656771 0.174074 0.009375 0.0284722
1 0.655208 0.176389 0.00833333 0.0243056
0 0.111068 0.621296 0.00729167 0.0166667
0 0.754687 0.102286 0.0270833 0.0458912
0 0.112109 0.621296 0.009375 0.0185185
1 0.646875 0.165278 0.00833333 0.0199074
1 0.439583 0.0519676 0.00520833 0.0087963
0 0.668229 0.109259 0.0208333 0.0421296
0 0.00807292 0.546296 0.0157552 0.0351852
1 0.111068 0.620833 0.00755208 0.0166667
0 0.982292 0.15162 0.0354167 0.0791667
1 0.658333 0.17662 0.0104167 0.0240741
1 0.182422 0.806481 0.0585938 0.0712963
0 0.671875 0.107436 0.028125 0.0462384
0 0.00362956 0.0722222 0.00636393 0.0185185
0 0.3375 0.0207465 0.0416667 0.0398727
0 0.11263 0.623148 0.0111979 0.0222222
0 0.00771484 0.551852 0.0151042 0.0240741
1 0.995833 0.655093 0.00833333 0.012037
0 0.0140951 0.0916088 0.027474 0.0591435
1 0.00791829 0.552778 0.0153483 0.0222222
1 0.514583 0.630556 0.00729167 0.00925926
0 0.644271 0.170255 0.0145833 0.0303241
1 0.120312 0.139352 0.00481771 0.00787037
0 0.492188 0.209144 0.0359375 0.0756944
0 0.467708 0.130758 0.03125 0.0625579
0 0.560417 0.16875 0.0375 0.0731481
0 0.530729 0.0875 0.0333333 0.074537
0 0.50651 0.126881 0.0338542 0.0712384
0 0.553125 0.398148 0.0479167 0.0675926
0 0.466146 0.576852 0.0520833 0.0685185
0 0.558333 0.475926 0.0510417 0.0731481
0 0.678125 0.213194 0.0395833 0.0541667
0 0.182552 0.806481 0.0583333 0.0703704
1 0.65625 0.178588 0.00833333 0.0196759
1 0.656771 0.174306 0.009375 0.0282407
1 0.655208 0.176389 0.00833333 0.0240741
0 0.111133 0.621296 0.00742187 0.0166667
0 0.754687 0.102315 0.0270833 0.0460648
1 0.111068 0.620833 0.00755208 0.0166667
1 0.646875 0.165278 0.00833333 0.0199074
0 0.66875 0.109462 0.0208333 0.0421875
1 0.439583 0.0519676 0.00520833 0.00868056
0 0.00808919 0.546296 0.0158203 0.0351852
0 0.111589 0.622685 0.00911458 0.0203704
0 0.00795898 0.551852 0.0155924 0.0240741
1 0.182422 0.806481 0.0585938 0.0712963
1 0.658333 0.17662 0.0104167 0.0240741
0 0.982292 0.151736 0.0354167 0.0789352
0 0.3375 0.0208623 0.0416667 0.0396991
0 0.674479 0.10923 0.0333333 0.0426505
1 0.00793457 0.552778 0.0153809 0.0222222
0 0.114063 0.622222 0.0139323 0.0194444
0 0.670313 0.103125 0.025 0.0546296
0 0.492188 0.209144 0.0359375 0.0756944
0 0.467708 0.130787 0.0317708 0.0622685
0 0.530729 0.0873264 0.0333333 0.0741898
0 0.560417 0.16875 0.0375 0.0731481
0 0.553125 0.398148 0.0479167 0.0675926
0 0.50651 0.126736 0.0338542 0.0710648
0 0.466146 0.576852 0.0520833 0.0685185
0 0.558333 0.475926 0.0510417 0.0731481
0 0.678125 0.213194 0.0395833 0.0541667
0 0.182552 0.806944 0.0588542 0.0712963
1 0.65625 0.178472 0.00833333 0.0199074
1 0.656771 0.174306 0.009375 0.0282407
1 0.655208 0.176389 0.00833333 0.0240741
1 0.111068 0.620833 0.00755208 0.0166667
0 0.111133 0.621296 0.00755208 0.0166667
0 0.754687 0.102344 0.0270833 0.0462384
1 0.646875 0.165046 0.00833333 0.0196759
0 0.00795898 0.551852 0.015625 0.0240741
0 0.00809733 0.546296 0.0158366 0.0351852
0 0.66875 0.109491 0.0208333 0.0423611
1 0.658333 0.17662 0.0104167 0.0243056
0 0.111589 0.623148 0.00911458 0.0203704
1 0.182422 0.806481 0.0588542 0.0722222
0 0.33724 0.0208261 0.0416667 0.0395978
0 0.982292 0.151852 0.0354167 0.0789352
1 0.439583 0.0519676 0.00520833 0.00868056
1 0.00792643 0.552315 0.0154297 0.0222222
0 0.674479 0.109259 0.0333333 0.0428241
0 0.553125 0.398148 0.0479167 0.0675926
0 0.492188 0.209144 0.0354167 0.0756944
0 0.467708 0.130787 0.03125 0.0622685
0 0.530729 0.0873843 0.0333333 0.0740741
0 0.560417 0.168519 0.0375 0.0731481
0 0.50651 0.126736 0.0338542 0.0710648
0 0.466146 0.576852 0.0520833 0.0685185
0 0.558333 0.475926 0.0510417 0.0731481
0 0.678125 0.213194 0.0395833 0.0541667
0 0.182552 0.806944 0.0588542 0.0712963
1 0.65625 0.178472 0.00729167 0.0199074
1 0.656771 0.174306 0.009375 0.0277778
1 0.655208 0.17662 0.00833333 0.0240741
1 0.111068 0.621296 0.00755208 0.0166667
0 0.3375 0.0209563 0.0427083 0.0400318
0 0.112109 0.621296 0.00963542 0.0185185
0 0.754687 0.102431 0.0270833 0.0460648
0 0.00796712 0.551852 0.0156738 0.0240741
0 0.66875 0.10952 0.021875 0.0429977
0 0.00810547 0.546296 0.0158854 0.0342593
1 0.646875 0.165046 0.00833333 0.0194444
1 0.182422 0.806481 0.0591146 0.0722222
1 0.658333 0.17662 0.0104167 0.0240741
0 0.982292 0.151852 0.0354167 0.0787037
0 0.11263 0.623611 0.0117188 0.0231481
1 0.00795085 0.552315 0.015446 0.0222222
0 0.675 0.109375 0.0333333 0.0428241
1 0.439844 0.0519676 0.00520833 0.00868056
0 0.553125 0.397685 0.0479167 0.0675926
0 0.492188 0.209028 0.0359375 0.075463
0 0.467708 0.130671 0.03125 0.0622685
0 0.466146 0.576852 0.0520833 0.0685185
0 0.530729 0.0873843 0.0333333 0.0740741
0 0.50651 0.126736 0.0338542 0.0710648
0 0.560938 0.16875 0.0375 0.0731481
0 0.558333 0.475926 0.0510417 0.0731481
0 0.678125 0.213426 0.0395833 0.0541667
0 0.182552 0.807407 0.0588542 0.0722222
1 0.65625 0.178588 0.00729167 0.0196759
1 0.656771 0.174537 0.009375 0.0277778
1 0.655208 0.17662 0.00833333 0.0240741
1 0.111133 0.621296 0.00768229 0.0166667
0 0.66875 0.109375 0.0229167 0.043287
0 0.112174 0.621296 0.00976562 0.0185185
0 0.3375 0.0210069 0.0427083 0.040162
0 0.754687 0.102517 0.0270833 0.0458912
0 0.00797526 0.551852 0.0156901 0.0240741
1 0.646875 0.165046 0.00833333 0.0194444
1 0.182422 0.807407 0.059375 0.0722222
0 0.00812174 0.546296 0.015918 0.0342593
1 0.658333 0.176852 0.0104167 0.0240741
0 0.675 0.109375 0.0333333 0.0430556
0 0.112695 0.624074 0.0117188 0.0240741
0 0.670833 0.102749 0.0260417 0.0565394
1 0.00796712 0.552315 0.0154785 0.0222222
0 0.560417 0.168519 0.0375 0.0731481
0 0.553125 0.398148 0.0479167 0.0675926
0 0.492188 0.209144 0.0354167 0.0756944
0 0.466146 0.576852 0.0520833 0.0685185
0 0.530729 0.0873843 0.0333333 0.0740741
0 0.467708 0.130671 0.03125 0.0622685
0 0.50651 0.126736 0.0338542 0.0710648
0 0.558333 0.475926 0.0510417 0.0731481
0 0.678125 0.21331 0.0395833 0.0543981
0 0.182682 0.807407 0.059375 0.0731481
1 0.65625 0.178704 0.00729167 0.0199074
1 0.656771 0.174769 0.009375 0.0273148
1 0.655208 0.17662 0.00833333 0.0240741
0 0.66875 0.109259 0.0229167 0.04375
0 0.3375 0.0210142 0.0427083 0.0402633
1 0.111133 0.621296 0.0078125 0.0166667
0 0.11224 0.621296 0.00989583 0.0185185
0 0.0079834 0.551852 0.0157389 0.0240741
0 0.754687 0.102517 0.0270833 0.0458912
1 0.182552 0.807407 0.0598958 0.0731481
1 0.646875 0.165046 0.00833333 0.0194444
0 0.16224 0.866667 0.101562 0.196296
0 0.672396 0.107147 0.0291667 0.0477431
0 0.00814616 0.546296 0.0159342 0.0333333
1 0.658333 0.176968 0.0104167 0.0238426
0 0.11276 0.624074 0.0119792 0.0240741
1 0.00799154 0.552315 0.0154948 0.0222222
0 0.492188 0.209144 0.0354167 0.0756944
0 0.530729 0.0873843 0.0333333 0.0740741
0 0.553125 0.39838 0.0479167 0.0675926
0 0.467708 0.130556 0.03125 0.0625
0 0.50651 0.126736 0.0338542 0.0710648
0 0.560938 0.16875 0.0375 0.0731481
0 0.466146 0.576852 0.0520833 0.0694444
0 0.558333 0.475926 0.0510417 0.0731481
0 0.678125 0.212963 0.0395833 0.0537037
0 0.182682 0.807407 0.0596354 0.0740741
1 0.65625 0.178588 0.00729167 0.0199074
1 0.656771 0.174769 0.009375 0.0273148
1 0.655208 0.176852 0.00833333 0.0236111
0 0.669792 0.109028 0.0229167 0.044213
0 0.33776 0.0210142 0.0432292 0.0402633
1 0.111198 0.621296 0.0078125 0.0166667
0 0.00799154 0.551852 0.0157552 0.0231481
1 0.182552 0.807407 0.0598958 0.0740741
0 0.11224 0.621296 0.00989583 0.0185185
0 0.754687 0.102662 0.0270833 0.0458333
0 0.162988 0.863889 0.100065 0.190741
1 0.647396 0.165046 0.00729167 0.0194444
1 0.658333 0.177083 0.0104167 0.0238426
0 0.492188 0.209144 0.0354167 0.0756944
0 0.530729 0.0873843 0.0333333 0.0740741
0 0.553125 0.39838 0.0479167 0.0675926
0 0.467708 0.130556 0.03125 0.0625
0 0.466146 0.576852 0.0520833 0.0694444
0 0.50651 0.126736 0.0338542 0.0710648
0 0.560938 0.168519 0.0375 0.0731481
0 0.558333 0.475926 0.0510417 0.0731481
0 0.678125 0.213194 0.0395833 0.0541667
0 0.182682 0.80787 0.0598958 0.0740741
1 0.65625 0.178588 0.00729167 0.0199074
1 0.656771 0.174653 0.009375 0.0275463
1 0.655208 0.176852 0.00833333 0.0240741
0 0.33776 0.0210648 0.04375 0.0402778
1 0.182552 0.807407 0.0604167 0.0740741
0 0.669792 0.108796 0.0229167 0.0446759
0 0.163542 0.862037 0.0992187 0.188889
1 0.111198 0.621296 0.0078125 0.0166667
0 0.00779622 0.552315 0.0155273 0.0222222
0 0.11224 0.621296 0.00989583 0.0185185
0 0.754687 0.102807 0.0270833 0.0457755
0 0.492188 0.209259 0.0354167 0.075463
0 0.53112 0.0873843 0.0335938 0.0740741
0 0.553125 0.398148 0.0479167 0.0675926
0 0.466146 0.576852 0.0520833 0.0694444
0 0.467448 0.130556 0.0317708 0.062037
0 0.50625 0.126736 0.034375 0.0710648
0 0.560938 0.168634 0.0375 0.0729167
0 0.558333 0.475926 0.0510417 0.0731481
0 0.678125 0.213426 0.0395833 0.0546296
0 0.182682 0.80787 0.0601562 0.075
1 0.65625 0.178472 0.00729167 0.0199074
1 0.656771 0.174537 0.009375 0.0277778
1 0.655208 0.176852 0.00833333 0.0240741
0 0.338021 0.0211155 0.04375 0.040408
1 0.182552 0.808333 0.0604167 0.0759259
0 0.16403 0.861111 0.0985026 0.185185
0 0.467448 0.130556 0.0317708 0.062037
0 0.53112 0.0873843 0.0335938 0.0740741
0 0.492188 0.209259 0.0354167 0.075463
0 0.466146 0.576852 0.0520833 0.0694444
0 0.553125 0.398148 0.0479167 0.0675926
0 0.558333 0.476389 0.0510417 0.0731481
0 0.50625 0.126736 0.034375 0.0710648
0 0.560938 0.168634 0.0375 0.0729167
0 0.678125 0.213426 0.0395833 0.0550926
0 0.182682 0.808333 0.0604167 0.0759259
1 0.65625 0.178472 0.00729167 0.0199074
1 0.656771 0.174306 0.009375 0.0282407
1 0.655208 0.176736 0.00833333 0.0240741
0 0.338021 0.0211227 0.04375 0.0403935
1 0.182552 0.808333 0.0606771 0.0759259
0 0.467448 0.130556 0.0317708 0.062037
0 0.492188 0.209028 0.0354167 0.075463
0 0.53112 0.0873843 0.0335938 0.0740741
0 0.466146 0.576852 0.0520833 0.0694444
0 0.553125 0.398148 0.0479167 0.0675926
0 0.558333 0.476042 0.0510417 0.0738426
0 0.50625 0.126736 0.034375 0.0710648
0 0.560938 0.168634 0.0375 0.0729167
0 0.678125 0.213426 0.0395833 0.0550926
0 0.182682 0.808333 0.0604167 0.0759259
1 0.65625 0.178472 0.00729167 0.0199074
1 0.656771 0.174306 0.009375 0.0282407
1 0.655208 0.176736 0.00833333 0.0240741
0 0.338021 0.0211155 0.04375 0.040408
1 0.182552 0.808333 0.0606771 0.0759259
=======
>>>>>>> eec1531f690f822f052659bede932c48623278fb
