0 0.647396 0.603704 0.0541667 0.0768519
0 0.582292 0.663426 0.0604167 0.0861111
0 0.702083 0.538889 0.0604167 0.0759259
0 0.79375 0.653704 0.0583333 0.0814815
0 0.84375 0.391204 0.0552083 0.0722222
0 0.763542 0.474537 0.0583333 0.0842593
0 0.90625 0.326852 0.0520833 0.0675926
0 0.859375 0.580556 0.0604167 0.0759259
0 0.953125 0.278935 0.0479167 0.0638889
0 0.738021 0.713889 0.0572917 0.0796296
0 0.974479 0.453241 0.05 0.0759259
0 0.6125 0.841667 0.0604167 0.0740741
0 0.545833 0.923148 0.0510417 0.0888889
0 0.671875 0.77037 0.0583333 0.0796296
0 0.290625 0.916667 0.0166667 0.0537037
1 0.332292 0.599537 0.00885417 0.0194444
1 0.61875 0.797685 0.009375 0.0212963
0 0.574479 0.00921586 0.0385417 0.0173322
1 0.299479 0.643519 0.00729167 0.0148148
1 0.603125 0.808333 0.0104167 0.0175926
0 0.9875 0.230035 0.025 0.072338
1 0.970833 0.503241 0.0125 0.0166667
1 0.96875 0.502778 0.0166667 0.0185185
0 0.299479 0.643519 0.00729167 0.0148148
1 0.322396 0.831481 0.00833333 0.012037
1 0.970833 0.5 0.0125 0.0185185
0 0.754167 0.0174117 0.01875 0.03057
1 0.329688 0.787963 0.00989583 0.0175926
0 0.944271 0.0385127 0.01875 0.0274884
0 0.784375 0.0731481 0.015625 0.0321759
1 0.291667 0.900926 0.009375 0.0222222
1 0.575 0.00949074 0.0395833 0.0178241
0 0.9875 0.21412 0.025 0.10463
0 0.658333 0.780556 0.03125 0.0574074
1 0.291927 0.90463 0.0119792 0.0259259
0 0.61875 0.798148 0.009375 0.0222222
0 0.620833 0.308796 0.0270833 0.0759259
1 0.605208 0.809259 0.0145833 0.0203704
1 0.603125 0.812963 0.0104167 0.0259259
1 0.899479 0.165741 0.009375 0.0203704
1 0.966667 0.500926 0.01875 0.0222222
1 0.798958 0.430093 0.0125 0.0259259
1 0.966667 0.499074 0.0145833 0.0203704
0 0.797917 0.428241 0.0145833 0.0305556
1 0.973958 0.502778 0.0145833 0.0185185
0 0.785417 0.0696759 0.01875 0.0335648
1 0.61875 0.794444 0.00833333 0.0203704
1 0.797917 0.426389 0.0125 0.0259259
1 0.800521 0.431944 0.0104167 0.0203704
1 0.967708 0.50463 0.01875 0.0240741
1 0.413021 0.00606192 0.0145833 0.0113137
0 0.9875 0.246296 0.025 0.0407407
1 0.6125 0.841667 0.0604167 0.075
1 0.96875 0.496296 0.0125 0.0222222
0 0.332292 0.6 0.00885417 0.0203704
1 0.798958 0.269213 0.0125 0.0175926
1 0.966146 0.493981 0.0135417 0.0231481
0 0.96875 0.502778 0.0166667 0.0185185
1 0.797917 0.268981 0.00833333 0.0143519
0 0.284115 0.964815 0.0182292 0.0259259
0 0.816667 0.142593 0.03125 0.0513889
1 0.601042 0.808796 0.0125 0.0194444
0 0.755208 0.276852 0.0583333 0.0944444
0 0.5375 0.930556 0.0354167 0.0740741
0 0.291667 0.903704 0.0130208 0.0277778
0 0.603125 0.808333 0.0104167 0.0166667
1 0.889583 0.146065 0.00625 0.0111111
1 0.618229 0.80463 0.009375 0.0268519
0 0.815625 0.149769 0.0270833 0.037037
1 0.616667 0.8 0.0125 0.0259259
0 0.322396 0.831481 0.00833333 0.012037
0 0.795833 0.0896991 0.015625 0.030787
1 0.621875 0.798148 0.0145833 0.0240741
1 0.805729 0.262731 0.0114583 0.0152778
0 0.782292 0.0658565 0.0166667 0.0236111
1 0.671354 0.77037 0.0572917 0.0796296
1 0.292188 0.911111 0.0125 0.037037
1 0.545833 0.923148 0.0510417 0.0888889
0 0.991667 0.240972 0.0166667 0.0509259
1 0.970312 0.508333 0.015625 0.0259259
0 0.505729 0.988889 0.0125 0.0185185
0 0.995833 0.250463 0.00833333 0.0342593
0 0.970833 0.503241 0.0125 0.0166667
1 0.410937 0.00701678 0.01875 0.013397
0 0.795833 0.0829861 0.015625 0.0208333
0 0.582292 0.663426 0.0604167 0.0861111
0 0.646875 0.603704 0.0541667 0.0768519
0 0.701042 0.538889 0.0604167 0.0759259
0 0.79375 0.653704 0.0583333 0.0814815
0 0.84375 0.391204 0.0552083 0.0722222
0 0.90625 0.326389 0.0520833 0.0671296
0 0.763542 0.474537 0.0583333 0.0842593
0 0.953125 0.278935 0.0479167 0.0643518
0 0.859375 0.580556 0.0604167 0.0759259
0 0.738021 0.713889 0.0572917 0.0796296
0 0.974479 0.453704 0.05 0.0768519
0 0.6125 0.841204 0.0604167 0.0740741
0 0.545833 0.923148 0.0520833 0.0907407
0 0.671875 0.770833 0.0583333 0.0814815
1 0.332292 0.599537 0.009375 0.0203704
0 0.290885 0.916204 0.0166667 0.0527778
0 0.9875 0.229398 0.025 0.0736111
1 0.61875 0.797685 0.009375 0.0222222
0 0.574479 0.00963542 0.0385417 0.0178241
1 0.299479 0.643519 0.00729167 0.0148148
1 0.603125 0.808333 0.0104167 0.0166667
1 0.970833 0.503241 0.0125 0.0175926
0 0.620833 0.306019 0.0270833 0.0768519
0 0.299479 0.643519 0.00729167 0.0148148
1 0.322396 0.831481 0.00833333 0.012037
0 0.944792 0.038397 0.01875 0.0271412
1 0.329688 0.787963 0.00989583 0.0185185
1 0.967708 0.502778 0.0166667 0.0203704
0 0.986979 0.211574 0.0260417 0.110185
0 0.753646 0.01739 0.01875 0.0303819
1 0.291667 0.902778 0.0104167 0.025
1 0.290885 0.908333 0.0119792 0.0240741
0 0.784375 0.0726273 0.0166667 0.0334491
1 0.970833 0.5 0.0125 0.0185185
0 0.65625 0.784259 0.0270833 0.0518519
0 0.558333 0.902778 0.0270833 0.0481481
1 0.605208 0.808333 0.0145833 0.0203704
1 0.798958 0.42963 0.0125 0.0268519
1 0.61875 0.794907 0.00833333 0.0212963
1 0.798958 0.269444 0.0125 0.0194444
0 0.61875 0.797222 0.009375 0.0222222
1 0.797917 0.268981 0.009375 0.0162037
1 0.898958 0.165972 0.00833333 0.0199074
1 0.6125 0.841667 0.0604167 0.0740741
1 0.671875 0.770833 0.0583333 0.0805556
1 0.967708 0.505556 0.01875 0.0259259
1 0.78125 0.191551 0.0104167 0.0136574
0 0.332292 0.6 0.009375 0.0203704
1 0.970312 0.508333 0.0145833 0.0277778
1 0.574479 0.00946181 0.0385417 0.0176505
1 0.804167 0.261343 0.015625 0.0162037
1 0.973437 0.503241 0.0145833 0.0185185
1 0.8 0.272917 0.0125 0.024537
0 0.864583 0.851852 0.0458333 0.0611111
1 0.603125 0.812963 0.0104167 0.0259259
1 0.700521 0.25787 0.00520833 0.0101852
0 0.658333 0.777778 0.03125 0.0648148
1 0.545833 0.923148 0.0520833 0.0907407
1 0.8 0.431944 0.0125 0.0208333
0 0.535286 0.939815 0.0294271 0.0574074
0 0.797917 0.428241 0.0145833 0.0310185
1 0.616667 0.798148 0.0125 0.0240741
0 0.815625 0.149653 0.0291667 0.0368056
0 0.783333 0.0767361 0.0145833 0.0277778
0 0.817187 0.142477 0.0322917 0.0511574
0 0.665625 0.774537 0.0458333 0.0694444
0 0.759375 0.06875 0.0114583 0.0258102
1 0.290885 0.916204 0.0166667 0.0527778
1 0.289323 0.9125 0.0125 0.0305556
0 0.761979 0.0764468 0.0166667 0.0413194
0 0.764063 0.974074 0.040625 0.0481481
1 0.802083 0.268519 0.0166667 0.0277778
1 0.966667 0.499074 0.0145833 0.0203704
0 0.795833 0.0895255 0.015625 0.0313657
0 0.291927 0.903241 0.0130208 0.0259259
1 0.621875 0.798611 0.0145833 0.025
0 0.619792 0.319907 0.03125 0.0981481
1 0.620833 0.30463 0.0270833 0.0824074
0 0.7875 0.0703704 0.01875 0.0377315
1 0.9625 0.491667 0.0125 0.0240741
0 0.757292 0.300463 0.0697917 0.14537
1 0.804167 0.258102 0.0145833 0.0222222
1 0.959375 0.564815 0.00833333 0.012963
0 0.795833 0.0846644 0.0145833 0.0241898
1 0.600521 0.808333 0.0135417 0.0185185
0 0.582292 0.663426 0.0604167 0.0861111
0 0.701042 0.538889 0.0604167 0.0759259
0 0.646875 0.603704 0.0541667 0.0768519
0 0.953125 0.279167 0.0489583 0.0638889
0 0.90625 0.32662 0.053125 0.0675926
0 0.763542 0.474537 0.0583333 0.0842593
0 0.79375 0.653704 0.0583333 0.0814815
0 0.84375 0.391204 0.0552083 0.0722222
0 0.859375 0.580556 0.0604167 0.0740741
0 0.738021 0.713889 0.0572917 0.0796296
0 0.974479 0.453704 0.05 0.0759259
0 0.613021 0.841667 0.0604167 0.075
0 0.671875 0.770833 0.0583333 0.0814815
0 0.545964 0.922685 0.0518229 0.0898148
0 0.290625 0.915741 0.0166667 0.0537037
1 0.332292 0.6 0.009375 0.0203704
1 0.61875 0.797685 0.009375 0.0222222
0 0.986979 0.228762 0.0260417 0.0739583
0 0.574479 0.00957755 0.0385417 0.0176505
1 0.603125 0.80787 0.0104167 0.0175926
1 0.299479 0.643519 0.00729167 0.0148148
1 0.970833 0.503241 0.0125 0.0175926
1 0.96875 0.502778 0.0145833 0.0185185
0 0.620833 0.302315 0.0270833 0.0833333
1 0.329427 0.787963 0.0104167 0.0185185
0 0.753646 0.017079 0.01875 0.0298466
0 0.944271 0.0385127 0.0177083 0.0273727
1 0.322396 0.831481 0.0078125 0.012037
0 0.299479 0.643519 0.00729167 0.0148148
0 0.784375 0.0731481 0.015625 0.0324074
1 0.292708 0.900926 0.009375 0.0222222
1 0.290885 0.906482 0.0119792 0.0240741
1 0.798437 0.428935 0.0145833 0.0282407
1 0.605208 0.808333 0.0145833 0.0203704
0 0.797917 0.428241 0.0145833 0.0305556
0 0.753125 0.276389 0.0625 0.0944444
1 0.970833 0.50787 0.0135417 0.0277778
1 0.966146 0.5 0.0177083 0.0222222
1 0.545964 0.922685 0.0518229 0.0898148
1 0.3 0.643519 0.009375 0.0166667
1 0.291927 0.903704 0.0125 0.0268519
1 0.328385 0.781482 0.0130208 0.0314815
0 0.786458 0.0702546 0.0208333 0.0372685
0 0.986979 0.208102 0.0260417 0.118056
1 0.898958 0.165972 0.00833333 0.0199074
0 0.332292 0.6 0.009375 0.0203704
1 0.671875 0.770833 0.0583333 0.0814815
1 0.61875 0.794907 0.00833333 0.0212963
0 0.757292 0.303472 0.06875 0.146296
1 0.799479 0.433333 0.0114583 0.0194444
1 0.6125 0.84213 0.0604167 0.075
1 0.700521 0.258102 0.00520833 0.0101852
0 0.814583 0.150694 0.0270833 0.0361111
0 0.658333 0.786111 0.0302083 0.05
1 0.603125 0.8125 0.0104167 0.0259259
0 0.81875 0.148843 0.0354167 0.0402778
1 0.78125 0.191088 0.0104167 0.0122685
0 0.61875 0.797222 0.009375 0.0222222
0 0.795833 0.0896991 0.015625 0.0314815
1 0.574479 0.00940394 0.0385417 0.0177662
1 0.96875 0.508796 0.0166667 0.0314815
0 0.783333 0.0654514 0.0166667 0.0248843
0 0.817187 0.142014 0.0333333 0.0530093
1 0.973958 0.503704 0.0145833 0.0185185
0 0.783333 0.0767361 0.0145833 0.027662
0 0.329427 0.787963 0.0104167 0.0185185
1 0.692187 0.0832176 0.00416667 0.0175926
0 0.761979 0.0759259 0.0166667 0.0418981
1 0.616667 0.798148 0.0125 0.0240741
0 0.723437 0.971296 0.071875 0.0555556
0 0.795833 0.0822338 0.0145833 0.0196759
1 0.797917 0.26875 0.00833333 0.0157407
0 0.782292 0.0703704 0.0145833 0.030787
0 0.764583 0.975 0.0395833 0.0481481
0 0.782292 0.062037 0.0208333 0.030787
0 0.291927 0.903704 0.0125 0.0268519
0 0.667708 0.274537 0.015625 0.0342593
0 0.895312 0.154398 0.0197917 0.0319444
0 0.660417 0.777315 0.0354167 0.0657407
0 0.715104 0.0648727 0.05 0.124884
0 0.621875 0.324537 0.0333333 0.121759
1 0.290885 0.915741 0.0166667 0.0537037
1 0.798958 0.269444 0.0125 0.0203704
0 0.779688 0.0657407 0.015625 0.0224537
0 0.760938 0.0702546 0.0145833 0.0347222
1 0.623438 0.801389 0.0135417 0.0212963
0 0.785937 0.0644676 0.015625 0.0347222
0 0.759375 0.0686343 0.0125 0.0270833
0 0.630729 0.310185 0.0479167 0.0976852
0 0.603125 0.808333 0.0104167 0.0166667
0 0.79375 0.0789931 0.0145833 0.0209491
0 0.898958 0.165972 0.00833333 0.0199074
0 0.284375 0.962963 0.0177083 0.0259259
1 0.29375 0.910185 0.0114583 0.0407407
0 0.290885 0.906482 0.0119792 0.0240741
0 0.970833 0.503241 0.0125 0.0175926
0 0.328385 0.781482 0.0130208 0.0314815
1 0.621875 0.798148 0.0145833 0.0240741
0 0.616667 0.290741 0.0395833 0.099537
0 0.557813 0.901852 0.0270833 0.0462963
0 0.792708 0.0724537 0.0260417 0.037037
1 0.620833 0.301852 0.0270833 0.0842593
0 0.746875 0.00392072 0.0166667 0.00784144
0 0.953125 0.278935 0.0479167 0.0638889
0 0.582292 0.662963 0.0604167 0.087037
0 0.701042 0.538889 0.0604167 0.0759259
0 0.646875 0.603704 0.0541667 0.0768519
0 0.90625 0.326389 0.053125 0.0675926
0 0.763021 0.474884 0.0583333 0.0835648
0 0.79375 0.653704 0.0583333 0.0814815
0 0.84375 0.390972 0.05625 0.0722222
0 0.859375 0.580093 0.0604167 0.0740741
0 0.738542 0.714352 0.0583333 0.0805556
0 0.974479 0.452778 0.05 0.0759259
0 0.6125 0.841667 0.0604167 0.0759259
0 0.671875 0.770833 0.0583333 0.0824074
0 0.546354 0.923148 0.0520833 0.0907407
0 0.290625 0.915741 0.0166667 0.0537037
1 0.332292 0.6 0.009375 0.0203704
0 0.574479 0.00954861 0.0385417 0.0176505
1 0.61875 0.797222 0.009375 0.0222222
1 0.603125 0.808333 0.009375 0.0166667
0 0.986979 0.229167 0.0260417 0.0731481
1 0.299479 0.643519 0.00729167 0.0148148
1 0.970833 0.503704 0.0125 0.0166667
0 0.753646 0.0171224 0.01875 0.0298756
1 0.96875 0.502778 0.0145833 0.0185185
1 0.329167 0.787963 0.0104167 0.0185185
0 0.620833 0.306019 0.0291667 0.0787037
0 0.299479 0.643519 0.00729167 0.0148148
1 0.322396 0.831481 0.0078125 0.0111111
0 0.784375 0.0734954 0.0145833 0.0314815
1 0.291927 0.90463 0.0125 0.0259259
1 0.970833 0.500463 0.0125 0.0194444
1 0.290625 0.907407 0.0125 0.0259259
1 0.292448 0.901852 0.0104167 0.0240741
1 0.328646 0.781482 0.0125 0.0314815
0 0.785417 0.0715278 0.01875 0.0347222
0 0.986979 0.205208 0.0260417 0.12338
0 0.797396 0.428241 0.015625 0.0305556
0 0.944792 0.0383102 0.0166667 0.0260417
0 0.75625 0.302778 0.0635417 0.14537
0 0.754167 0.283565 0.0604167 0.10787
0 0.332292 0.6 0.009375 0.0203704
1 0.692187 0.0833333 0.00416667 0.0178241
1 0.970833 0.508333 0.0145833 0.0287037
1 0.605208 0.808333 0.0145833 0.0203704
1 0.797917 0.428704 0.0145833 0.0287037
1 0.546354 0.922685 0.0520833 0.0898148
1 0.700521 0.258102 0.00520833 0.0101852
1 0.966146 0.500926 0.0177083 0.0203704
1 0.574479 0.00960648 0.0385417 0.0179398
0 0.655729 0.782407 0.0260417 0.0574074
0 0.784375 0.0663194 0.0166667 0.0243056
0 0.61875 0.798148 0.009375 0.0222222
0 0.795833 0.090162 0.0166667 0.0310185
0 0.329167 0.787963 0.0104167 0.0185185
1 0.6125 0.84213 0.0604167 0.0759259
1 0.898958 0.16713 0.00625 0.0175926
0 0.783333 0.0671296 0.0135417 0.0208333
0 0.814062 0.151157 0.0260417 0.0347222
0 0.81875 0.148843 0.0354167 0.0398148
0 0.895833 0.15162 0.01875 0.0275463
0 0.819271 0.140972 0.0375 0.0550926
0 0.328646 0.781482 0.0125 0.0314815
0 0.895312 0.149769 0.0239583 0.0305556
1 0.671875 0.77037 0.0583333 0.0833333
1 0.78125 0.190972 0.0104167 0.0115741
0 0.795833 0.0805556 0.0145833 0.0171296
0 0.603125 0.808333 0.009375 0.0166667
0 0.764583 0.975926 0.0395833 0.0481481
0 0.784375 0.0622685 0.01875 0.0293981
0 0.759375 0.0677662 0.0104167 0.0259259
0 0.621875 0.334954 0.034375 0.135648
1 0.898958 0.165856 0.00833333 0.0201389
0 0.971354 0.503241 0.0114583 0.0175926
0 0.783333 0.0769676 0.0135417 0.0275463
0 0.76875 0.250463 0.0291667 0.0388889
1 0.616667 0.798148 0.0125 0.0240741
1 0.797917 0.269444 0.00833333 0.0175926
0 0.619271 0.287963 0.0333333 0.108333
1 0.603125 0.812963 0.0104167 0.0259259
0 0.757812 0.0675926 0.00729167 0.0240741
0 0.129948 0.212963 0.00885417 0.0152778
0 0.78125 0.0615162 0.0208333 0.0292824
1 0.967708 0.506481 0.01875 0.0277778
1 0.290885 0.915741 0.0166667 0.0537037
0 0.724479 0.0927662 0.03125 0.0704861
0 0.267773 0.776852 0.0759115 0.118519
0 0.780208 0.0657986 0.0166667 0.021875
1 0.8 0.431481 0.0125 0.0212963
0 0.9875 0.217824 0.025 0.0981481
0 0.760417 0.0695602 0.0145833 0.030787
1 0.973958 0.503704 0.0145833 0.0185185
1 0.322656 0.831481 0.009375 0.0148148
0 0.691667 0.0820023 0.00625 0.0211806
1 0.796875 0.425463 0.0125 0.0259259
1 0.289062 0.9125 0.0125 0.0314815
1 0.621875 0.798148 0.0145833 0.0240741
0 0.745833 0.00471643 0.0166667 0.00896991
0 0.79375 0.0725116 0.0270833 0.0350694
1 0.691667 0.0820023 0.00625 0.0211806
0 0.692187 0.0833333 0.00416667 0.0178241
0 0.797396 0.0852431 0.0177083 0.0267361
0 0.814583 0.14375 0.0291667 0.0486111
1 0.974479 0.453241 0.05 0.0759259
0 0.627083 0.327315 0.04375 0.114815
1 0.7 0.259028 0.00416667 0.0115741
0 0.284375 0.962963 0.0177083 0.0259259
1 0.798437 0.272222 0.0114583 0.0240741
0 0.96875 0.502778 0.0145833 0.0185185
1 0.620313 0.303704 0.028125 0.0861111
0 0.559375 0.902778 0.025 0.05
0 0.953125 0.279167 0.0479167 0.0638889
0 0.582292 0.663426 0.0604167 0.0861111
0 0.646875 0.603704 0.0541667 0.0768519
0 0.701563 0.538889 0.0604167 0.0759259
0 0.90625 0.326852 0.053125 0.0675926
0 0.79375 0.653704 0.0583333 0.0814815
0 0.763021 0.474884 0.0583333 0.0835648
0 0.84375 0.391204 0.05625 0.0722222
0 0.859375 0.580093 0.0604167 0.0740741
0 0.738542 0.714352 0.0583333 0.0805556
0 0.974479 0.452778 0.05 0.0759259
0 0.6125 0.841667 0.0604167 0.0759259
0 0.671875 0.77037 0.0583333 0.0833333
0 0.546745 0.922685 0.0523437 0.0898148
0 0.290885 0.916667 0.0166667 0.0537037
1 0.332292 0.599537 0.009375 0.0203704
0 0.575 0.00972222 0.0395833 0.0178241
1 0.61875 0.797222 0.009375 0.0222222
1 0.299479 0.643519 0.00729167 0.0148148
0 0.9875 0.229225 0.025 0.0730324
1 0.603125 0.808333 0.0104167 0.0166667
1 0.970833 0.503241 0.0125 0.0166667
0 0.753646 0.0173032 0.01875 0.0302662
1 0.329167 0.785185 0.0114583 0.0240741
0 0.299479 0.643519 0.00729167 0.0148148
1 0.329167 0.787963 0.0104167 0.0185185
1 0.969271 0.503704 0.015625 0.0203704
0 0.620313 0.305093 0.028125 0.0805556
1 0.322396 0.831481 0.0078125 0.0111111
0 0.783854 0.0739583 0.0145833 0.0305556
1 0.328385 0.781482 0.0125 0.0314815
1 0.290365 0.906482 0.0114583 0.0240741
1 0.291927 0.90463 0.0119792 0.025
0 0.986979 0.208565 0.0260417 0.116204
0 0.797917 0.428241 0.0145833 0.0296296
0 0.655208 0.781482 0.025 0.0592593
0 0.944792 0.038397 0.0166667 0.026331
0 0.754687 0.281019 0.059375 0.103241
0 0.785417 0.0719907 0.01875 0.0344907
0 0.763542 0.975926 0.0395833 0.0481481
0 0.332292 0.6 0.009375 0.0203704
0 0.61875 0.798148 0.009375 0.0222222
1 0.797917 0.428704 0.0145833 0.0287037
1 0.692187 0.0833333 0.00416667 0.0179398
0 0.754167 0.301852 0.0604167 0.144444
0 0.783333 0.0690394 0.0145833 0.0237269
1 0.546745 0.923148 0.0523437 0.0907407
1 0.605208 0.808333 0.0145833 0.0203704
0 0.795833 0.0902778 0.0166667 0.0310185
0 0.895833 0.151736 0.01875 0.0270833
1 0.575 0.00963542 0.0395833 0.0178241
0 0.822917 0.140278 0.04375 0.0560185
1 0.966667 0.500926 0.01875 0.0203704
0 0.328906 0.785185 0.0114583 0.0240741
1 0.700521 0.25787 0.00520833 0.0101852
1 0.78125 0.190972 0.0104167 0.0115741
1 0.970833 0.508333 0.0145833 0.0296296
0 0.81875 0.148264 0.0354167 0.0400463
0 0.971354 0.502778 0.0114583 0.0166667
0 0.813542 0.151157 0.025 0.0342593
0 0.782292 0.0662037 0.0166667 0.0219907
1 0.671875 0.77037 0.0583333 0.0833333
0 0.328125 0.781482 0.0125 0.0314815
0 0.795833 0.0806134 0.0145833 0.0174769
1 0.6125 0.84213 0.0604167 0.0759259
1 0.897917 0.168866 0.00625 0.0138889
1 0.293229 0.905093 0.0119792 0.0296296
0 0.329167 0.787963 0.0104167 0.0185185
0 0.603125 0.808333 0.0104167 0.0166667
1 0.797917 0.269213 0.00833333 0.0171296
0 0.969271 0.502315 0.015625 0.0175926
0 0.758854 0.0678819 0.009375 0.0258102
0 0.894792 0.148843 0.025 0.0300926
0 0.794792 0.0927083 0.0135417 0.0256944
1 0.899479 0.165741 0.00833333 0.0199074
0 0.267708 0.777315 0.0760417 0.119444
0 0.76875 0.250463 0.0291667 0.0388889
1 0.290885 0.915741 0.0166667 0.0537037
0 0.621875 0.294676 0.0354167 0.103704
0 0.783333 0.0622685 0.0208333 0.0293981
1 0.805208 0.261574 0.0125 0.0138889
0 0.621875 0.333565 0.0354167 0.132407
1 0.900521 0.162731 0.00729167 0.0134259
0 0.779167 0.0652778 0.0166667 0.0229167
1 0.691667 0.0818866 0.00625 0.0216435
1 0.289062 0.912037 0.0125 0.0324074
0 0.815625 0.141204 0.03125 0.0537037
1 0.616667 0.797685 0.0114583 0.025
0 0.760938 0.0697338 0.0135417 0.0300926
0 0.723958 0.0928241 0.03125 0.0699074
0 0.795833 0.42963 0.0166667 0.0328704
1 0.322917 0.831944 0.009375 0.0138889
1 0.292448 0.912037 0.0125 0.0333333
0 0.691667 0.0818866 0.00625 0.0216435
0 0.557292 0.90463 0.0291667 0.0518519
1 0.974479 0.452778 0.05 0.0759259
1 0.798437 0.272222 0.0114583 0.0240741
1 0.967708 0.506481 0.01875 0.0277778
0 0.746354 0.00407986 0.015625 0.00815972
0 0.797396 0.0832176 0.0177083 0.0231481
1 0.796875 0.425694 0.0125 0.0259259
1 0.799479 0.268519 0.0125 0.0212963
1 0.973958 0.503704 0.0145833 0.0185185
0 0.692187 0.0833333 0.00416667 0.0179398
0 0.658854 0.777778 0.0322917 0.0666667
0 0.9875 0.217824 0.025 0.0976852
1 0.8 0.431019 0.0125 0.0222222
0 0.780208 0.0612269 0.0208333 0.0291667
0 0.81875 0.130671 0.0395833 0.0747685
0 0.291927 0.90463 0.0119792 0.025
1 0.738542 0.714352 0.0583333 0.0805556
0 0.284375 0.963889 0.0177083 0.0240741
0 0.794271 0.0731481 0.0270833 0.0335648
1 0.610417 0.80463 0.0208333 0.0287037
0 0.90625 0.326852 0.0520833 0.0675926
0 0.953125 0.279167 0.0479167 0.0638889
0 0.582292 0.663426 0.0604167 0.0861111
0 0.646875 0.603704 0.0541667 0.0768519
0 0.701563 0.538889 0.0604167 0.0759259
0 0.79375 0.653704 0.059375 0.0814815
0 0.84375 0.391204 0.05625 0.0722222
0 0.859375 0.580093 0.0604167 0.0740741
0 0.763021 0.475 0.0583333 0.0833333
0 0.738021 0.713889 0.0572917 0.0796296
0 0.974479 0.452778 0.05 0.0759259
0 0.6125 0.841667 0.0604167 0.0759259
0 0.671875 0.77037 0.0583333 0.0833333
0 0.546354 0.922685 0.053125 0.0898148
0 0.290885 0.916667 0.0166667 0.0537037
1 0.332292 0.599537 0.009375 0.0203704
1 0.61875 0.797222 0.009375 0.0222222
0 0.575 0.00963542 0.0395833 0.0178241
1 0.299479 0.643519 0.00729167 0.0148148
1 0.603125 0.80787 0.0104167 0.0175926
0 0.9875 0.229167 0.025 0.0731481
1 0.970833 0.503241 0.0125 0.0166667
0 0.753646 0.0173683 0.01875 0.0303096
1 0.96875 0.502315 0.0166667 0.0175926
1 0.328906 0.783796 0.0114583 0.0268519
1 0.329167 0.7875 0.0109375 0.0194444
0 0.299479 0.643519 0.00729167 0.0148148
1 0.322396 0.831481 0.0078125 0.0111111
0 0.797396 0.428241 0.0145833 0.0296296
0 0.98724 0.208796 0.0255208 0.116204
0 0.783333 0.0740741 0.0145833 0.0302083
0 0.944792 0.038397 0.0166667 0.0262153
0 0.620313 0.30463 0.028125 0.0828704
0 0.754687 0.280093 0.059375 0.100926
1 0.292448 0.902778 0.0109375 0.0259259
1 0.290365 0.906482 0.0114583 0.025
0 0.655729 0.781482 0.0260417 0.0592593
0 0.785417 0.0722222 0.0166667 0.0337963
1 0.546354 0.922222 0.053125 0.0907407
0 0.61875 0.798148 0.009375 0.0222222
0 0.332292 0.6 0.009375 0.0203704
1 0.605208 0.808333 0.0145833 0.0203704
1 0.797917 0.428704 0.0145833 0.0287037
1 0.692187 0.0834491 0.00416667 0.0177083
0 0.783333 0.0700231 0.0125 0.024537
1 0.966667 0.500926 0.01875 0.0203704
1 0.575 0.00953414 0.0395833 0.0177373
0 0.795833 0.0899884 0.0166667 0.0320602
1 0.78125 0.191088 0.0104167 0.012037
0 0.764583 0.975926 0.0375 0.0481481
0 0.328906 0.783796 0.0114583 0.0268519
0 0.895833 0.15162 0.01875 0.0273148
0 0.971354 0.502778 0.0114583 0.0166667
0 0.783333 0.0671875 0.0166667 0.0241898
0 0.81875 0.140278 0.0375 0.0555556
0 0.782812 0.0774306 0.0125 0.0261574
1 0.700521 0.25787 0.00520833 0.0101852
0 0.754687 0.303704 0.0625 0.149074
1 0.970833 0.50787 0.0135417 0.0277778
0 0.7875 0.0706019 0.0229167 0.0361111
1 0.671875 0.77037 0.0583333 0.0833333
1 0.6125 0.84213 0.0604167 0.0759259
0 0.815625 0.14838 0.0302083 0.0393519
0 0.329167 0.7875 0.0109375 0.0194444
1 0.797396 0.268981 0.00833333 0.0166667
1 0.805208 0.261574 0.0125 0.0138889
1 0.897917 0.169213 0.00625 0.012963
0 0.795833 0.0808449 0.0145833 0.0178241
0 0.794792 0.0927662 0.0125 0.0255787
0 0.96875 0.502315 0.0166667 0.0175926
0 0.603125 0.80787 0.0104167 0.0175926
0 0.894792 0.149074 0.0239583 0.0305556
0 0.758854 0.0680556 0.009375 0.0253472
0 0.76875 0.25 0.0291667 0.037963
0 0.267643 0.777778 0.0761719 0.122222
0 0.780208 0.0663194 0.0145833 0.0204861
1 0.804167 0.260185 0.0145833 0.0180556
1 0.974479 0.453009 0.05 0.075463
1 0.290885 0.915741 0.0166667 0.0537037
1 0.691667 0.0816551 0.00625 0.0221065
1 0.9 0.162037 0.00625 0.012037
1 0.799479 0.268981 0.0135417 0.0217593
1 0.616667 0.798148 0.0114583 0.0240741
0 0.0259847 0.103935 0.0396973 0.0546296
0 0.619792 0.321065 0.0260417 0.0472222
1 0.899479 0.165625 0.00833333 0.0201389
0 0.724479 0.0928241 0.03125 0.0699074
1 0.322917 0.831481 0.009375 0.0148148
0 0.784375 0.0623843 0.01875 0.0298611
0 0.9875 0.218576 0.025 0.0961806
1 0.798958 0.272222 0.0114583 0.0240741
1 0.807292 0.262269 0.00833333 0.0143519
0 0.760417 0.0703704 0.0125 0.0293981
0 0.797917 0.0834491 0.01875 0.0243056
1 0.967188 0.505556 0.0197917 0.0259259
1 0.289062 0.912037 0.0125 0.0333333
1 0.973958 0.503704 0.0145833 0.0185185
1 0.610417 0.80463 0.0208333 0.0296296
0 0.794792 0.0841435 0.0135417 0.0238426
0 0.745833 0.00428241 0.0166667 0.00856481
1 0.897917 0.165741 0.00833333 0.0203704
0 0.535547 0.935185 0.0309896 0.0666667
1 0.738542 0.713889 0.0583333 0.0796296
0 0.620833 0.291667 0.03125 0.0972222
0 0.953125 0.279167 0.0479167 0.0638889
0 0.582292 0.663426 0.0604167 0.0861111
0 0.90625 0.326852 0.0520833 0.0666667
0 0.646875 0.603704 0.0541667 0.0768519
0 0.701042 0.538889 0.0604167 0.0759259
0 0.79375 0.653704 0.059375 0.0814815
0 0.763021 0.475116 0.0583333 0.0831019
0 0.859375 0.580093 0.0604167 0.0740741
0 0.84375 0.391204 0.05625 0.0722222
0 0.738542 0.713889 0.0583333 0.0796296
0 0.974479 0.452778 0.05 0.0759259
0 0.6125 0.84213 0.0604167 0.0759259
0 0.671875 0.77037 0.0583333 0.0824074
0 0.546354 0.922685 0.053125 0.0898148
0 0.290885 0.916667 0.0166667 0.0537037
1 0.332292 0.599537 0.009375 0.0203704
1 0.61875 0.797222 0.009375 0.0222222
0 0.575 0.00962095 0.0395833 0.017853
1 0.299479 0.643519 0.00729167 0.0148148
0 0.9875 0.228935 0.025 0.0740741
1 0.603125 0.80787 0.0104167 0.0175926
1 0.970833 0.502778 0.0125 0.0166667
0 0.753646 0.0173683 0.01875 0.0303096
1 0.328646 0.782407 0.0119792 0.0296296
1 0.969271 0.503704 0.015625 0.0203704
1 0.329167 0.7875 0.0109375 0.0194444
0 0.797396 0.428241 0.0145833 0.0287037
0 0.299479 0.643519 0.00729167 0.0148148
1 0.322396 0.831481 0.0078125 0.0111111
0 0.98724 0.208912 0.0255208 0.115972
0 0.783333 0.0741319 0.0135417 0.0299769
0 0.944792 0.0383102 0.0166667 0.0262731
0 0.620313 0.30463 0.028125 0.0814815
1 0.292448 0.902778 0.0109375 0.0259259
0 0.754687 0.280093 0.059375 0.101852
1 0.546354 0.922222 0.053125 0.0907407
1 0.290625 0.906482 0.0114583 0.025
0 0.65625 0.781482 0.0270833 0.0592593
1 0.797917 0.428704 0.0145833 0.0277778
0 0.785417 0.072338 0.0166667 0.0333333
1 0.605208 0.808333 0.0145833 0.0203704
1 0.78125 0.191088 0.0104167 0.0122685
0 0.332292 0.6 0.009375 0.0203704
0 0.61875 0.797685 0.00833333 0.0222222
0 0.795833 0.0899306 0.0166667 0.0319444
1 0.692187 0.0834491 0.00416667 0.0175926
1 0.966667 0.500926 0.01875 0.0203704
1 0.575 0.00951968 0.0395833 0.0177083
0 0.81875 0.140046 0.0354167 0.0555556
0 0.0260742 0.103964 0.0396484 0.0545718
1 0.805208 0.261343 0.0125 0.0143519
0 0.782292 0.0677083 0.0125 0.0197917
1 0.797917 0.26875 0.00833333 0.0162037
0 0.783333 0.0675926 0.015625 0.0243056
0 0.970833 0.502778 0.0125 0.0166667
0 0.328906 0.783333 0.0114583 0.0277778
1 0.671875 0.77037 0.0583333 0.0824074
0 0.816146 0.146644 0.03125 0.0425926
1 0.804167 0.259722 0.0145833 0.0185185
0 0.794271 0.0929977 0.0125 0.0251157
0 0.755208 0.303704 0.0625 0.149074
0 0.7875 0.0707176 0.0229167 0.0358796
1 0.6125 0.84213 0.0604167 0.0759259
0 0.895833 0.151968 0.01875 0.0273148
1 0.970833 0.508333 0.0135417 0.0277778
0 0.795833 0.0813657 0.0145833 0.0189815
1 0.898438 0.168287 0.00625 0.0152778
1 0.798958 0.26875 0.0125 0.0208333
1 0.700521 0.25787 0.00520833 0.0101852
1 0.975 0.453009 0.05 0.075463
0 0.813542 0.151042 0.025 0.0340278
0 0.329167 0.7875 0.0109375 0.0194444
0 0.582292 0.00924479 0.0520833 0.0169271
0 0.758854 0.0681134 0.009375 0.0251157
0 0.764583 0.975926 0.0375 0.0481481
1 0.806771 0.262037 0.009375 0.0148148
0 0.795313 0.42963 0.015625 0.0324074
1 0.9 0.163426 0.00729167 0.0148148
1 0.616667 0.798148 0.0114583 0.0240741
0 0.603125 0.80787 0.0104167 0.0175926
1 0.798958 0.272222 0.0114583 0.0236111
0 0.967708 0.502778 0.01875 0.0185185
0 0.780208 0.0662037 0.0145833 0.0203704
1 0.9 0.165741 0.00833333 0.0203704
0 0.76875 0.25 0.0291667 0.037963
0 0.98724 0.219676 0.0255208 0.0935185
0 0.745833 0.00425347 0.0166667 0.00850694
0 0.797917 0.0849537 0.01875 0.0277778
1 0.691667 0.0814815 0.00625 0.0225694
1 0.973437 0.503704 0.015625 0.0185185
1 0.322917 0.831944 0.009375 0.0138889
1 0.967188 0.505556 0.0197917 0.0259259
0 0.760938 0.0701389 0.0135417 0.0300926
0 0.794792 0.0853009 0.0145833 0.0261574
0 0.724479 0.0928241 0.03125 0.0699074
0 0.894792 0.149306 0.0229167 0.0300926
0 0.784375 0.0623843 0.01875 0.0298611
1 0.290885 0.915741 0.0166667 0.0537037
1 0.738542 0.713889 0.0583333 0.0796296
0 0.267643 0.777315 0.0761719 0.118519
1 0.621875 0.798148 0.015625 0.0259259
1 0.289062 0.912037 0.0125 0.0333333
0 0.953125 0.279167 0.0479167 0.0638889
0 0.582292 0.662963 0.0604167 0.087037
0 0.646875 0.603704 0.0541667 0.0768519
0 0.701042 0.538889 0.0604167 0.0759259
0 0.79375 0.653704 0.059375 0.0814815
0 0.90625 0.326852 0.053125 0.0675926
0 0.763021 0.475116 0.0583333 0.0831019
0 0.859375 0.580093 0.0604167 0.0740741
0 0.84375 0.391204 0.05625 0.0722222
0 0.738542 0.713889 0.0583333 0.0796296
0 0.974479 0.452778 0.05 0.0759259
0 0.6125 0.84213 0.0604167 0.0759259
0 0.671875 0.77037 0.0583333 0.0833333
0 0.546354 0.922685 0.0520833 0.0898148
0 0.290885 0.916667 0.0166667 0.0537037
1 0.332292 0.6 0.009375 0.0203704
0 0.575 0.00962095 0.0395833 0.0179109
1 0.61875 0.797222 0.009375 0.0222222
1 0.299479 0.643519 0.00729167 0.0148148
0 0.9875 0.228009 0.025 0.075463
1 0.603125 0.80787 0.0104167 0.0175926
1 0.970833 0.502778 0.0125 0.0166667
0 0.753646 0.01739 0.01875 0.0302662
1 0.328646 0.781944 0.0119792 0.0305556
1 0.329167 0.787037 0.0114583 0.0203704
1 0.96875 0.503704 0.0166667 0.0203704
0 0.98724 0.209375 0.0255208 0.115046
1 0.322396 0.831481 0.0078125 0.0111111
0 0.299479 0.643519 0.00729167 0.0148148
0 0.797396 0.428241 0.0145833 0.0287037
0 0.783333 0.0741898 0.0135417 0.0300926
1 0.546354 0.922222 0.053125 0.0907407
1 0.291667 0.903241 0.0109375 0.0268519
0 0.754167 0.27963 0.0604167 0.101852
1 0.78125 0.191204 0.0104167 0.0125
0 0.944792 0.0381944 0.0166667 0.0261574
1 0.290625 0.906482 0.0114583 0.0259259
0 0.65625 0.780556 0.0270833 0.0611111
1 0.797917 0.428704 0.0145833 0.0277778
0 0.620833 0.30463 0.0270833 0.0796296
1 0.605208 0.808796 0.0145833 0.0212963
1 0.966667 0.500926 0.01875 0.0203704
0 0.785417 0.0719907 0.01875 0.0344907
0 0.0260742 0.103964 0.0396484 0.0545718
0 0.61875 0.798148 0.009375 0.0222222
0 0.795833 0.0898148 0.0166667 0.0321759
1 0.692187 0.0835648 0.00416667 0.0175926
0 0.332292 0.6 0.009375 0.0203704
1 0.805208 0.261343 0.0125 0.0143519
1 0.575 0.00951968 0.0395833 0.0177662
0 0.328906 0.78287 0.0119792 0.0287037
1 0.797917 0.268519 0.00833333 0.0162037
0 0.782292 0.0678241 0.0125 0.0199074
0 0.81875 0.140046 0.0354167 0.0555556
1 0.804167 0.259722 0.0145833 0.0194444
0 0.970833 0.503241 0.0125 0.0166667
0 0.783333 0.0677083 0.015625 0.024537
1 0.671875 0.77037 0.0583333 0.0824074
0 0.754167 0.303241 0.0625 0.148148
1 0.6125 0.84213 0.0604167 0.0759259
0 0.794271 0.0935185 0.0125 0.0240741
1 0.970833 0.508333 0.0145833 0.0277778
1 0.898958 0.167245 0.00625 0.0173611
1 0.798958 0.26875 0.0125 0.0208333
0 0.815625 0.148495 0.0291667 0.0388889
0 0.895833 0.152083 0.01875 0.0273148
1 0.974479 0.453009 0.05 0.075463
0 0.745833 0.00426794 0.0166667 0.00853588
0 0.329167 0.787037 0.0114583 0.0203704
0 0.795833 0.0820602 0.0145833 0.0201389
0 0.986979 0.218924 0.0260417 0.0945602
0 0.7875 0.0690972 0.021875 0.0368056
0 0.96875 0.502315 0.0166667 0.0175926
1 0.806771 0.262037 0.009375 0.0148148
1 0.293229 0.905556 0.0125 0.0305556
1 0.616667 0.797685 0.0114583 0.0240741
1 0.700521 0.25787 0.00520833 0.0101852
0 0.758854 0.0681713 0.009375 0.025
1 0.9 0.164468 0.00729167 0.0171296
1 0.972917 0.503704 0.0145833 0.0185185
0 0.603125 0.80787 0.0104167 0.0175926
1 0.798958 0.272222 0.0114583 0.0240741
0 0.797917 0.0856481 0.0197917 0.0293981
0 0.582292 0.00911458 0.0520833 0.0168981
0 0.794792 0.0792824 0.0135417 0.0201389
1 0.967708 0.505556 0.0208333 0.0259259
0 0.764063 0.975926 0.0385417 0.0481481
0 0.780208 0.0659722 0.0145833 0.0206019
1 0.289062 0.9125 0.0125 0.0324074
0 0.619792 0.313426 0.025 0.0592593
1 0.738542 0.713889 0.0583333 0.0796296
0 0.760938 0.0706019 0.0135417 0.030787
0 0.795313 0.42963 0.015625 0.0324074
1 0.322917 0.831944 0.009375 0.0138889
0 0.76875 0.25 0.0291667 0.037963
1 0.899479 0.165972 0.009375 0.0203704
0 0.784375 0.0623843 0.01875 0.0298611
1 0.691667 0.0813657 0.00625 0.0229167
1 0.621875 0.798611 0.015625 0.0259259
1 0.8 0.430787 0.0114583 0.0226852
0 0.724479 0.0928819 0.03125 0.0700231
1 0.298958 0.647222 0.00833333 0.0222222
0 0.953125 0.279167 0.0479167 0.0638889
0 0.582292 0.662963 0.0604167 0.087037
0 0.646875 0.603704 0.0541667 0.0768519
0 0.701042 0.538889 0.0604167 0.0759259
0 0.79375 0.653704 0.059375 0.0814815
0 0.90625 0.326852 0.053125 0.0671296
0 0.84375 0.391204 0.05625 0.0722222
0 0.763021 0.475116 0.0583333 0.0831019
0 0.859375 0.580093 0.0604167 0.0740741
0 0.738542 0.713889 0.0583333 0.0796296
0 0.974479 0.452778 0.05 0.0759259
0 0.6125 0.84213 0.0604167 0.0759259
0 0.671875 0.77037 0.0583333 0.0824074
0 0.546354 0.922685 0.0520833 0.0898148
0 0.290885 0.916667 0.0166667 0.0537037
1 0.332292 0.6 0.009375 0.0203704
0 0.575 0.00960648 0.0395833 0.0179398
1 0.61875 0.797222 0.009375 0.0222222
1 0.299479 0.643519 0.00729167 0.0148148
0 0.9875 0.227546 0.025 0.0763889
1 0.603125 0.808333 0.0104167 0.0185185
1 0.970833 0.502778 0.0125 0.0166667
0 0.753646 0.017419 0.01875 0.0302662
1 0.328646 0.781944 0.0119792 0.0305556
1 0.329167 0.787037 0.0114583 0.0203704
1 0.96875 0.503704 0.0166667 0.0203704
0 0.98724 0.209259 0.0255208 0.114815
0 0.797396 0.428241 0.0145833 0.0291667
0 0.299479 0.643519 0.00729167 0.0148148
1 0.322396 0.831481 0.0078125 0.0111111
0 0.783333 0.0740741 0.0135417 0.0303241
1 0.546354 0.922222 0.053125 0.0907407
1 0.292708 0.903241 0.0114583 0.0268519
0 0.754167 0.27963 0.0604167 0.100926
1 0.966667 0.501389 0.01875 0.0194444
1 0.78125 0.191204 0.0104167 0.0125
1 0.290625 0.906482 0.0114583 0.0259259
1 0.797917 0.428704 0.0145833 0.0277778
0 0.65625 0.781018 0.0270833 0.0601852
0 0.61875 0.798148 0.009375 0.0231481
1 0.605208 0.809259 0.0145833 0.0203704
1 0.805208 0.261111 0.0125 0.0148148
0 0.785417 0.0719329 0.01875 0.0342593
0 0.796354 0.0898148 0.0166667 0.0321759
1 0.804167 0.259722 0.0145833 0.0194444
0 0.0261068 0.103819 0.0395833 0.0546296
0 0.620833 0.303704 0.0270833 0.0796296
0 0.944792 0.0381944 0.0166667 0.0262731
1 0.692187 0.0834491 0.00416667 0.0178241
0 0.332292 0.6 0.009375 0.0203704
0 0.328906 0.783333 0.0119792 0.0277778
1 0.797917 0.268519 0.00833333 0.0166667
0 0.794792 0.0918982 0.0145833 0.0268519
1 0.575 0.00951968 0.0395833 0.0177662
1 0.798958 0.269213 0.0125 0.0217593
0 0.783333 0.0674769 0.015625 0.0243056
1 0.970833 0.508333 0.0145833 0.0277778
1 0.671875 0.77037 0.0583333 0.0824074
0 0.782812 0.0677083 0.0125 0.0199074
0 0.745833 0.00420284 0.0166667 0.00840567
0 0.970833 0.503241 0.0125 0.0166667
1 0.613021 0.842593 0.0604167 0.0759259
0 0.818229 0.140509 0.0364583 0.0546296
1 0.806771 0.262037 0.009375 0.0148148
1 0.974479 0.453009 0.05 0.075463
0 0.895833 0.152083 0.0197917 0.0268519
1 0.898958 0.167361 0.00625 0.0173611
0 0.754167 0.303241 0.0645833 0.148148
0 0.814583 0.149306 0.0291667 0.037037
0 0.796354 0.0831597 0.015625 0.022338
1 0.972917 0.503704 0.0145833 0.0185185
1 0.616667 0.797685 0.0114583 0.0240741
0 0.764063 0.975926 0.0395833 0.0462963
1 0.967188 0.505556 0.0197917 0.0259259
0 0.9875 0.218519 0.025 0.0953704
0 0.758854 0.0681713 0.009375 0.0252315
1 0.9 0.16412 0.00729167 0.0166667
1 0.8 0.273148 0.0125 0.0240741
1 0.700521 0.25787 0.00520833 0.0101852
0 0.797917 0.0862269 0.0208333 0.030787
0 0.96875 0.502315 0.0166667 0.0175926
0 0.603125 0.80787 0.0104167 0.0175926
1 0.603125 0.8125 0.0114583 0.0259259
0 0.582292 0.00914352 0.0520833 0.0168981
1 0.738542 0.713889 0.0583333 0.0796296
0 0.794792 0.0792824 0.0145833 0.0203704
0 0.780208 0.0659144 0.0145833 0.0208333
0 0.784375 0.0623843 0.01875 0.0296296
1 0.289062 0.912963 0.0125 0.0333333
0 0.760938 0.0707176 0.0135417 0.03125
0 0.53763 0.927778 0.0351562 0.0796296
1 0.603125 0.805556 0.0114583 0.0222222
1 0.8 0.431019 0.0114583 0.0222222
1 0.691667 0.08125 0.00625 0.0231481
1 0.290885 0.915741 0.0166667 0.0537037
1 0.899479 0.165972 0.009375 0.0203704
1 0.298958 0.647222 0.00833333 0.0222222
1 0.966667 0.499074 0.0145833 0.0203704
0 0.953125 0.279167 0.0479167 0.0638889
0 0.582292 0.662963 0.0604167 0.087037
0 0.646875 0.603704 0.0541667 0.0768519
0 0.701042 0.538889 0.0604167 0.0759259
0 0.79375 0.653704 0.059375 0.0814815
0 0.90625 0.326852 0.053125 0.0675926
0 0.84375 0.391204 0.0552083 0.0722222
0 0.763021 0.475116 0.0583333 0.0831019
0 0.859375 0.580556 0.0604167 0.0740741
0 0.738542 0.713889 0.0583333 0.0796296
0 0.974479 0.453009 0.05 0.075463
0 0.6125 0.842593 0.0604167 0.0759259
0 0.671875 0.77037 0.0583333 0.0833333
0 0.546354 0.922685 0.0520833 0.0898148
0 0.290885 0.916667 0.0166667 0.0537037
1 0.332292 0.6 0.009375 0.0203704
0 0.575 0.00957755 0.0395833 0.0179398
1 0.61875 0.797685 0.009375 0.0222222
1 0.299479 0.643519 0.00729167 0.0148148
0 0.9875 0.227546 0.025 0.0768519
1 0.603125 0.808333 0.0104167 0.0185185
1 0.970833 0.502778 0.0125 0.0166667
0 0.754167 0.0174117 0.01875 0.0302228
1 0.328646 0.783333 0.0119792 0.0277778
1 0.329167 0.7875 0.0114583 0.0194444
1 0.96875 0.503704 0.0166667 0.0203704
0 0.98724 0.209028 0.0255208 0.115741
0 0.299479 0.643519 0.00729167 0.0148148
0 0.797396 0.428241 0.0145833 0.0291667
0 0.783333 0.0741898 0.0125 0.0302083
1 0.322396 0.831481 0.0078125 0.0111111
1 0.546354 0.922222 0.053125 0.0907407
1 0.291667 0.901852 0.0104167 0.0240741
0 0.754167 0.279167 0.0604167 0.100926
1 0.78125 0.191319 0.0104167 0.0127315
1 0.966667 0.501389 0.01875 0.0194444
0 0.61875 0.798148 0.009375 0.0231481
0 0.784896 0.0725694 0.0166667 0.0328704
1 0.290625 0.906482 0.0119792 0.0259259
1 0.805208 0.261574 0.0125 0.0148148
0 0.65625 0.781018 0.0270833 0.0611111
1 0.605208 0.809259 0.0145833 0.0203704
1 0.797917 0.428704 0.0145833 0.0277778
1 0.804167 0.259722 0.0145833 0.0189815
1 0.692187 0.0835648 0.00416667 0.0175926
0 0.796354 0.0898148 0.0166667 0.0319444
0 0.620833 0.30463 0.0270833 0.0791667
1 0.797917 0.268519 0.00833333 0.0166667
1 0.798958 0.269676 0.0125 0.0222222
0 0.794792 0.0925347 0.0135417 0.0255787
1 0.575 0.00951968 0.0395833 0.0177662
0 0.332292 0.6 0.009375 0.0203704
0 0.329167 0.783796 0.0114583 0.0268519
0 0.745833 0.00416667 0.0166667 0.00833333
1 0.970833 0.50787 0.0145833 0.0287037
0 0.783333 0.0673611 0.015625 0.0236111
0 0.782292 0.0675926 0.0125 0.0199074
0 0.0260986 0.103964 0.0394694 0.0545718
0 0.817708 0.140741 0.0354167 0.0543981
1 0.974479 0.453241 0.05 0.075
0 0.944792 0.0381366 0.0166667 0.0262731
1 0.671875 0.77037 0.0583333 0.0814815
0 0.970833 0.503241 0.0125 0.0166667
0 0.814583 0.149653 0.028125 0.0365741
1 0.613021 0.842593 0.0604167 0.0759259
0 0.895833 0.152083 0.0197917 0.0268519
0 0.7875 0.0710648 0.021875 0.0347222
0 0.79375 0.0947917 0.0114583 0.0212963
1 0.972917 0.503241 0.0145833 0.0185185
1 0.898958 0.167477 0.00625 0.0171296
0 0.795833 0.0832176 0.0145833 0.0224537
0 0.754167 0.303241 0.0645833 0.148611
1 0.616667 0.797685 0.0114583 0.0240741
1 0.966667 0.505556 0.0208333 0.0259259
1 0.700521 0.25787 0.00520833 0.0101852
0 0.98724 0.218287 0.0255208 0.0958333
1 0.8 0.273148 0.0125 0.0236111
1 0.603125 0.812963 0.0114583 0.0259259
1 0.293229 0.90463 0.0114583 0.0287037
0 0.796875 0.0798032 0.0166667 0.0204861
0 0.797917 0.0859375 0.0208333 0.0304398
1 0.9 0.163773 0.00833333 0.0157407
0 0.780208 0.066088 0.0145833 0.0206019
0 0.758333 0.068287 0.00833333 0.024537
0 0.603125 0.80787 0.0104167 0.0175926
1 0.691667 0.0813657 0.00625 0.0229167
1 0.899479 0.165741 0.009375 0.0206019
0 0.96875 0.502315 0.0166667 0.0175926
0 0.764063 0.975926 0.040625 0.0462963
0 0.582292 0.00912905 0.0520833 0.0168113
0 0.784375 0.0623264 0.01875 0.0292824
1 0.290885 0.915741 0.0166667 0.0537037
1 0.289062 0.912963 0.0125 0.0333333
1 0.738542 0.713889 0.0583333 0.0796296
1 0.78125 0.193171 0.0114583 0.0173611
1 0.966667 0.499074 0.0145833 0.0203704
0 0.53763 0.927315 0.0351562 0.0805556
1 0.298958 0.647222 0.00833333 0.0222222
1 0.8 0.264352 0.009375 0.0166667
0 0.760938 0.0708333 0.0135417 0.030787
0 0.953125 0.278935 0.0479167 0.0638889
0 0.582292 0.663426 0.0604167 0.0861111
0 0.646875 0.603704 0.0541667 0.0768519
0 0.701042 0.538889 0.0604167 0.0759259
0 0.79375 0.653704 0.059375 0.0814815
0 0.763021 0.475116 0.0583333 0.0831019
0 0.84375 0.391204 0.0552083 0.0722222
0 0.90625 0.326852 0.053125 0.0675926
0 0.859375 0.580556 0.0604167 0.0740741
0 0.738542 0.713889 0.0583333 0.0796296
0 0.974479 0.453009 0.05 0.075463
0 0.6125 0.842593 0.0604167 0.0759259
0 0.671875 0.77037 0.0583333 0.0833333
0 0.546354 0.922685 0.0520833 0.0898148
0 0.290885 0.916667 0.0166667 0.0537037
1 0.332292 0.6 0.009375 0.0203704
0 0.575 0.00956308 0.0395833 0.0179687
1 0.61875 0.797685 0.009375 0.0222222
1 0.299479 0.643519 0.00729167 0.0148148
0 0.9875 0.227373 0.025 0.0767361
1 0.603125 0.808333 0.0104167 0.0185185
1 0.970833 0.502778 0.0125 0.0166667
0 0.754167 0.0174117 0.01875 0.0302228
1 0.328646 0.783333 0.0119792 0.0277778
1 0.329167 0.787963 0.0114583 0.0185185
1 0.96875 0.503704 0.0166667 0.0203704
0 0.98724 0.208912 0.0255208 0.115509
0 0.797917 0.428241 0.0145833 0.0300926
0 0.299479 0.643519 0.00729167 0.0148148
0 0.783333 0.0741898 0.0125 0.0302083
1 0.546354 0.922222 0.0520833 0.0907407
1 0.322396 0.831481 0.0078125 0.0111111
0 0.754167 0.27963 0.0604167 0.101852
1 0.966667 0.501852 0.01875 0.0185185
1 0.291667 0.901852 0.0104167 0.0240741
1 0.78125 0.191319 0.0104167 0.012963
0 0.61875 0.798148 0.009375 0.0231481
1 0.805208 0.261574 0.0125 0.0148148
0 0.784896 0.0726852 0.0166667 0.0326389
0 0.65625 0.781018 0.0270833 0.0611111
1 0.290625 0.906482 0.0125 0.0259259
1 0.605208 0.809259 0.0145833 0.0203704
1 0.804167 0.259722 0.0145833 0.0185185
1 0.692187 0.0835069 0.00416667 0.0175926
1 0.797917 0.428704 0.0145833 0.0277778
0 0.796354 0.0898148 0.0166667 0.031713
0 0.620833 0.305093 0.0270833 0.0787037
1 0.797917 0.268519 0.00833333 0.0166667
1 0.798958 0.269676 0.0125 0.0222222
0 0.745833 0.00407986 0.0166667 0.00815972
0 0.794792 0.0928819 0.0135417 0.0246528
1 0.575 0.00951968 0.0395833 0.0177662
0 0.332292 0.6 0.009375 0.0203704
0 0.329167 0.784259 0.0114583 0.0259259
0 0.783333 0.0674769 0.0145833 0.0236111
1 0.970833 0.50787 0.0145833 0.0287037
0 0.817708 0.140741 0.0354167 0.0541667
0 0.328125 0.781482 0.0125 0.0314815
1 0.972917 0.503241 0.0145833 0.0185185
1 0.671875 0.77037 0.0583333 0.0814815
0 0.944792 0.0381655 0.0166667 0.0262153
0 0.814062 0.15 0.0270833 0.0356481
0 0.895833 0.152315 0.01875 0.0268519
0 0.7875 0.0710648 0.021875 0.0342593
0 0.754167 0.303009 0.0645833 0.148611
0 0.969271 0.502778 0.015625 0.0175926
1 0.603125 0.812963 0.0114583 0.0259259
1 0.616667 0.797685 0.0114583 0.0240741
0 0.795833 0.0831597 0.0145833 0.0225694
1 0.898958 0.167477 0.00625 0.0171296
0 0.79375 0.0954861 0.0104167 0.0199074
0 0.98724 0.218403 0.0255208 0.0956018
1 0.613021 0.842593 0.0604167 0.0759259
1 0.700521 0.25787 0.00520833 0.0101852
1 0.966667 0.505556 0.0208333 0.0259259
1 0.8 0.273148 0.0125 0.0231481
0 0.796875 0.0797454 0.0166667 0.0201389
1 0.29349 0.90463 0.0114583 0.0277778
0 0.797917 0.0859954 0.0208333 0.0305556
0 0.603125 0.80787 0.0104167 0.0175926
1 0.9 0.163773 0.00833333 0.0157407
1 0.691667 0.0813079 0.00625 0.0228009
1 0.289323 0.912963 0.0125 0.0333333
1 0.899479 0.165741 0.009375 0.0208333
0 0.780208 0.0659722 0.0145833 0.0208333
1 0.290885 0.916667 0.0166667 0.0537037
0 0.758333 0.0684028 0.00833333 0.0241898
1 0.966667 0.499074 0.0145833 0.0203704
0 0.581771 0.00905671 0.0510417 0.0166667
0 0.0261637 0.104051 0.0394694 0.0541667
1 0.292708 0.912037 0.0125 0.0351852
1 0.8 0.264352 0.009375 0.0166667
0 0.784375 0.0622685 0.01875 0.0291667
1 0.889583 0.146644 0.00625 0.0127315
1 0.78125 0.193171 0.0114583 0.0173611
0 0.53763 0.927315 0.0351562 0.0805556
0 0.819792 0.147106 0.0364583 0.0423611
0 0.691667 0.0813079 0.00625 0.0228009
0 0.953125 0.278935 0.0479167 0.0638889
0 0.646875 0.603704 0.0541667 0.0777778
0 0.582292 0.663426 0.0604167 0.0861111
0 0.701042 0.538889 0.0604167 0.0759259
0 0.79375 0.653704 0.059375 0.0814815
0 0.763021 0.475116 0.0583333 0.0831019
0 0.84375 0.391204 0.0552083 0.0722222
0 0.90625 0.326852 0.053125 0.0675926
0 0.859375 0.580556 0.0604167 0.0740741
0 0.738542 0.713889 0.0583333 0.0796296
0 0.974479 0.453009 0.05 0.075463
0 0.6125 0.842593 0.0604167 0.0759259
0 0.671875 0.77037 0.0583333 0.0824074
0 0.546354 0.922222 0.0520833 0.0888889
0 0.291146 0.916667 0.0166667 0.0537037
1 0.332292 0.6 0.009375 0.0203704
1 0.61875 0.797685 0.009375 0.0222222
0 0.575 0.00956308 0.0395833 0.0179687
1 0.299479 0.643519 0.00729167 0.0148148
0 0.9875 0.227546 0.025 0.0763889
1 0.603125 0.808333 0.0104167 0.0185185
1 0.970312 0.502778 0.0135417 0.0166667
0 0.754167 0.017419 0.01875 0.0302083
1 0.328646 0.783796 0.0125 0.0268519
1 0.329167 0.787963 0.0109375 0.0185185
1 0.971875 0.504167 0.0125 0.0194444
1 0.96875 0.503704 0.0166667 0.0203704
0 0.98724 0.208796 0.0255208 0.115741
0 0.797917 0.428241 0.0145833 0.0296296
0 0.783333 0.0741898 0.0125 0.0303241
1 0.546354 0.922222 0.0520833 0.0907407
0 0.299479 0.643519 0.00729167 0.0148148
1 0.322396 0.831481 0.0078125 0.0111111
1 0.292188 0.905556 0.0119792 0.0259259
1 0.966667 0.501852 0.0197917 0.0185185
1 0.291667 0.901852 0.0104167 0.0231481
0 0.65625 0.781018 0.0270833 0.0601852
0 0.754167 0.279398 0.0604167 0.101389
1 0.78125 0.191319 0.0104167 0.012963
0 0.784896 0.0726852 0.0166667 0.0324074
1 0.805208 0.261343 0.0125 0.0148148
0 0.61875 0.798148 0.009375 0.0231481
1 0.605208 0.809259 0.0145833 0.0203704
1 0.804167 0.259722 0.0145833 0.0189815
1 0.692187 0.0835648 0.00416667 0.0175926
0 0.795833 0.0898148 0.0166667 0.0314815
0 0.745833 0.00403646 0.0166667 0.00807292
1 0.797917 0.428935 0.0145833 0.0273148
1 0.797917 0.268519 0.00833333 0.0166667
1 0.798958 0.269907 0.0125 0.0222222
0 0.620833 0.305093 0.028125 0.0787037
0 0.794792 0.0927662 0.0135417 0.0248843
0 0.329167 0.784722 0.0114583 0.025
1 0.575 0.00954861 0.0395833 0.0178241
0 0.783333 0.0674769 0.0145833 0.0233796
0 0.332292 0.6 0.009375 0.0203704
1 0.806771 0.262037 0.009375 0.0148148
0 0.328385 0.781482 0.0130208 0.0314815
1 0.970833 0.507407 0.0145833 0.0277778
0 0.944792 0.0381944 0.0166667 0.0261574
1 0.603125 0.8125 0.0104167 0.025
0 0.7875 0.0711806 0.021875 0.0342593
1 0.671875 0.77037 0.0583333 0.0814815
0 0.813542 0.150231 0.0270833 0.0351852
0 0.795833 0.0840278 0.0145833 0.0243056
1 0.616667 0.798148 0.0114583 0.0240741
0 0.818229 0.140972 0.0364583 0.0541667
0 0.969271 0.502778 0.015625 0.0175926
0 0.9875 0.21875 0.025 0.0944444
0 0.79375 0.0954861 0.0104167 0.0196759
0 0.895833 0.152315 0.01875 0.0268519
1 0.700521 0.25787 0.00520833 0.0101852
0 0.754167 0.302778 0.0645833 0.147685
1 0.898958 0.167593 0.00625 0.0166667
0 0.797917 0.0868056 0.0208333 0.0319444
0 0.796354 0.0798611 0.015625 0.0199074
1 0.289323 0.912963 0.0125 0.0333333
1 0.6125 0.842593 0.0604167 0.0759259
1 0.8 0.273148 0.0125 0.0236111
1 0.29375 0.904167 0.0114583 0.0268519
0 0.53737 0.927778 0.0335938 0.0796296
1 0.691667 0.0813657 0.00625 0.0225694
0 0.603125 0.80787 0.0104167 0.0175926
0 0.780208 0.0659722 0.0145833 0.0208333
1 0.9 0.163889 0.00833333 0.0157407
1 0.292708 0.912037 0.0125 0.0342593
1 0.8 0.26412 0.009375 0.0166667
0 0.784375 0.0622106 0.0177083 0.0291667
1 0.290885 0.916667 0.0166667 0.0537037
1 0.966667 0.499537 0.0145833 0.0212963
0 0.758333 0.0684028 0.00833333 0.0243056
1 0.899479 0.165856 0.009375 0.0206019
0 0.691667 0.0813657 0.00625 0.0225694
0 0.78125 0.0619213 0.01875 0.0287037
1 0.889583 0.146528 0.00625 0.0125
1 0.298958 0.646759 0.00833333 0.0222222
0 0.582292 0.00896991 0.0520833 0.0165509
1 0.78125 0.193171 0.0114583 0.0173611
