0 0.225911 0.816667 0.178385 0.325926
0 0.479167 0.675926 0.0682292 0.115741
0 0.357812 0.514352 0.071875 0.110185
1 0.408854 0.33287 0.00885417 0.0328704
1 0.139062 0.331944 0.0135417 0.0342593
0 0.026888 0.429167 0.0255208 0.0453704
1 0.61875 0.339352 0.00833333 0.0333333
1 0.30625 0.456366 0.0151042 0.031713
1 0.111198 0.859259 0.0184896 0.0296296
1 0.026888 0.429398 0.0259115 0.0444444
1 0.688542 0.225694 0.0104167 0.0162037
1 0.308333 0.462037 0.0109375 0.0194444
0 0.111198 0.859259 0.0184896 0.0296296
1 0.0238281 0.422685 0.0166667 0.0296296
1 0.00263672 0.236111 0.00501302 0.0203704
1 0.0248698 0.42662 0.0171224 0.0333333
1 0.688542 0.230556 0.0125 0.0263889
1 0.370573 0.343056 0.00677083 0.0185185
1 0.00358887 0.236574 0.00683594 0.0222222
1 0.141276 0.332407 0.0125 0.0342593
1 0.0206055 0.425 0.0195312 0.0388889
1 0.0193359 0.42037 0.0169922 0.0305556
1 0.11276 0.857407 0.0139323 0.0240741
0 0.0282552 0.433333 0.0203125 0.0333333
1 0.619271 0.335185 0.009375 0.0287037
1 0.00287272 0.232639 0.00545247 0.0291667
1 0.308854 0.456944 0.0145833 0.0305556
1 0.0222331 0.418519 0.0200521 0.0277778
1 0.620313 0.340741 0.009375 0.0333333
0 0.0298747 0.436806 0.0212402 0.0305556
1 0.0282552 0.433333 0.0203125 0.0333333
1 0.369792 0.344213 0.009375 0.0236111
1 0.0182617 0.415972 0.012793 0.0226852
1 0.13737 0.330556 0.0109375 0.0314815
1 0.00323893 0.240278 0.00605469 0.0287037
0 0.61875 0.339352 0.00833333 0.0342593
1 0.111068 0.855556 0.0153646 0.0222222
1 0.621875 0.339352 0.0135417 0.0361111
0 0.688542 0.226157 0.0104167 0.0171296
1 0.108464 0.858333 0.0127604 0.0277778
1 0.304688 0.453704 0.0119792 0.0305556
0 0.307031 0.459375 0.0140625 0.0256944
1 0.0163737 0.413426 0.0122396 0.0203704
1 0.134896 0.330556 0.0119792 0.0333333
0 0.0325602 0.439815 0.0178223 0.0259259
1 0.625 0.331019 0.00833333 0.0194444
1 0.00450846 0.240046 0.00846354 0.0310185
1 0.0274658 0.424537 0.0221517 0.0361111
0 0.688542 0.230498 0.0125 0.0260417
1 0.686458 0.228472 0.0125 0.0231481
1 0.6875 0.233565 0.0114583 0.0282407
0 0.139193 0.331944 0.0130208 0.0342593
1 0.308333 0.465278 0.0114583 0.0203704
0 0.22526 0.815741 0.178646 0.325926
0 0.479167 0.675463 0.06875 0.115741
0 0.357552 0.514352 0.0723958 0.110185
0 0.0263021 0.428935 0.0274089 0.0467593
1 0.61875 0.338889 0.00833333 0.0342593
1 0.408854 0.33287 0.00885417 0.0333333
1 0.30625 0.45544 0.015625 0.031713
1 0.139323 0.331944 0.0125 0.0342593
1 0.111133 0.859259 0.0186198 0.0296296
1 0.688542 0.225405 0.0104167 0.0158565
1 0.0262044 0.428704 0.0275391 0.0472222
1 0.0235514 0.422222 0.0181315 0.0310185
1 0.306771 0.460185 0.0145833 0.0240741
1 0.307813 0.461921 0.0114583 0.0206019
1 0.688542 0.230324 0.0125 0.0259259
1 0.0247559 0.426852 0.0181966 0.0324074
1 0.0027181 0.236574 0.00533854 0.0203704
1 0.140885 0.334259 0.00989583 0.0305556
0 0.111133 0.859259 0.0186198 0.0296296
0 0.619271 0.341435 0.00729167 0.0319444
1 0.0202637 0.422222 0.0187174 0.0342593
1 0.027596 0.422222 0.0207194 0.0333333
1 0.370573 0.343519 0.0078125 0.0203704
1 0.021224 0.426389 0.0210938 0.0435185
1 0.1375 0.331019 0.0114583 0.0324074
1 0.619792 0.340972 0.00833333 0.0328704
1 0.00366211 0.237037 0.00712891 0.0231481
0 0.619271 0.339583 0.009375 0.0347222
1 0.308333 0.456944 0.0119792 0.0277778
0 0.688542 0.230324 0.0125 0.0259259
1 0.690104 0.226447 0.0145833 0.0202546
0 0.0294271 0.435648 0.021875 0.0333333
1 0.688542 0.234028 0.0104167 0.0273148
0 0.688542 0.225694 0.0104167 0.0166667
1 0.113802 0.859259 0.0127604 0.025
1 0.111068 0.855556 0.0164062 0.0222222
1 0.141927 0.332407 0.0145833 0.0342593
1 0.626042 0.326852 0.00625 0.012963
0 0.304688 0.110648 0.134896 0.221296
1 0.688542 0.223611 0.0125 0.0199074
1 0.309375 0.460185 0.0130208 0.0240741
1 0.0276693 0.433333 0.0183594 0.0314815
1 0.00313314 0.240278 0.00626628 0.0287037
1 0.621875 0.33912 0.0135417 0.037037
1 0.0175781 0.417824 0.0145833 0.0282407
0 0.334115 0.0744213 0.0625 0.0465278
1 0.134635 0.330556 0.0101562 0.0328704
0 0.369792 0.346296 0.00989583 0.0268519
1 0.00302734 0.232465 0.00602214 0.0304398
1 0.139323 0.326852 0.0143229 0.0416667
0 0.00268555 0.236574 0.00524089 0.0203704
1 0.369792 0.346296 0.00989583 0.0268519
1 0.0915365 0.951852 0.00755208 0.0111111
0 0.370313 0.343981 0.00833333 0.0217593
1 0.00449219 0.239815 0.00875651 0.0314815
1 0.632292 0.411574 0.00833333 0.0138889
1 0.120964 0.392593 0.00768229 0.012963
1 0.686458 0.227373 0.0145833 0.0202546
0 0.408854 0.33287 0.00885417 0.0333333
0 0.30599 0.456366 0.015625 0.031713
0 0.357812 0.514352 0.071875 0.110185
0 0.479167 0.675926 0.0682292 0.116667
0 0.225781 0.816667 0.177604 0.333333
0 0.0266602 0.429167 0.0270182 0.0462963
1 0.61875 0.339352 0.00833333 0.0342593
1 0.139193 0.331944 0.0132813 0.0342593
1 0.408854 0.33287 0.00833333 0.0324074
1 0.111263 0.859259 0.0184896 0.0296296
1 0.30625 0.455556 0.015625 0.0333333
1 0.688542 0.225463 0.0104167 0.0157407
1 0.0232747 0.422222 0.0174479 0.0305556
1 0.0265625 0.429167 0.027474 0.0453704
1 0.0249023 0.426852 0.0195964 0.0324074
1 0.306771 0.460185 0.0145833 0.0240741
1 0.00265299 0.236574 0.00525716 0.0194444
1 0.308333 0.462963 0.0114583 0.0185185
1 0.688542 0.231424 0.0125 0.0278935
0 0.619271 0.341435 0.00729167 0.0314815
0 0.111198 0.859259 0.0182292 0.0296296
1 0.141406 0.334722 0.00885417 0.0296296
1 0.0211751 0.425463 0.0206706 0.0412037
1 0.370833 0.343519 0.00729167 0.0194444
1 0.0199219 0.420833 0.0177083 0.0314815
1 0.00349528 0.237037 0.00699056 0.0212963
1 0.0269613 0.423148 0.0227702 0.0342593
0 0.619271 0.339352 0.009375 0.0342593
1 0.619271 0.334491 0.00833333 0.0273148
0 0.688542 0.231424 0.0125 0.0278935
1 0.0244303 0.42037 0.0226237 0.0324074
1 0.626042 0.326389 0.00416667 0.0125
1 0.0274414 0.431944 0.0177734 0.0296296
0 0.688542 0.225984 0.0114583 0.0165509
1 0.1375 0.32963 0.0109375 0.0287037
1 0.141406 0.332176 0.0114583 0.0333333
1 0.309375 0.460185 0.0130208 0.0240741
1 0.6875 0.234259 0.0104167 0.0277778
0 0.0287191 0.435185 0.0236816 0.0333333
1 0.631771 0.411343 0.00729167 0.0134259
1 0.308333 0.456597 0.0125 0.0293981
1 0.0168945 0.416667 0.0130208 0.0259259
1 0.370313 0.345602 0.00833333 0.025463
1 0.625521 0.32963 0.00729167 0.0194444
0 0.408854 0.33287 0.00833333 0.0324074
0 0.00265299 0.236574 0.00520833 0.0194444
1 0.00464681 0.239815 0.00916341 0.0305556
0 0.30599 0.456019 0.0161458 0.0324074
1 0.00298258 0.232407 0.00596517 0.0296296
0 0.370313 0.343981 0.00729167 0.0208333
1 0.626042 0.323148 0.00625 0.0185185
1 0.10944 0.856481 0.0143229 0.0240741
1 0.621875 0.338426 0.0135417 0.037963
1 0.114063 0.859259 0.0122396 0.0240741
1 0.686458 0.227083 0.0145833 0.0212963
1 0.139062 0.325463 0.0135417 0.0407407
1 0.0916667 0.951852 0.00716146 0.0111111
1 0.121094 0.393519 0.00755208 0.012963
3 0.225781 0.816667 0.177604 0.333333
1 0.690104 0.22691 0.0145833 0.0202546
0 0.432813 0.1125 0.0135417 0.0712963
1 0.771354 0.627315 0.00625 0.0111111
0 0.369792 0.345833 0.009375 0.0259259
1 0.226302 0.81713 0.177083 0.326852
1 0.134635 0.330556 0.00989583 0.0333333
0 0.357812 0.513889 0.071875 0.111111
0 0.479167 0.675926 0.0682292 0.116667
0 0.0268555 0.429167 0.0269531 0.0462963
0 0.226562 0.818056 0.179167 0.330556
1 0.61875 0.339583 0.00833333 0.0342593
1 0.139193 0.331944 0.0132813 0.0342593
1 0.408854 0.333333 0.00833333 0.0324074
1 0.111328 0.859259 0.0184896 0.0296296
1 0.30625 0.455671 0.015625 0.0331019
1 0.026766 0.429167 0.0273275 0.0458333
1 0.688542 0.225463 0.0104167 0.0157407
1 0.0231771 0.422685 0.0179687 0.0314815
0 0.111328 0.859259 0.0184896 0.0296296
1 0.0251302 0.427083 0.0186198 0.0324074
1 0.00262044 0.236343 0.00524089 0.0199074
1 0.688542 0.231713 0.0125 0.0287037
1 0.308594 0.4625 0.0104167 0.0185185
0 0.619271 0.340741 0.00833333 0.0333333
1 0.688021 0.227778 0.0114583 0.0212963
1 0.0219401 0.419907 0.0151042 0.025
1 0.0205729 0.424769 0.0196615 0.0402778
1 0.141406 0.334722 0.00911458 0.0296296
1 0.370833 0.343519 0.00729167 0.0194444
1 0.141276 0.332407 0.0117188 0.0333333
1 0.0034668 0.236574 0.00693359 0.0212963
1 0.0192057 0.418981 0.0165365 0.0287037
1 0.136979 0.328704 0.00989583 0.0263889
1 0.309375 0.460185 0.0135417 0.0240741
1 0.110937 0.855556 0.0166667 0.0240741
0 0.688542 0.231713 0.0125 0.0287037
0 0.156543 0.947222 0.123893 0.105556
1 0.0278971 0.431481 0.0160156 0.0296296
1 0.137891 0.328241 0.0114583 0.0333333
0 0.0289714 0.434491 0.0234375 0.0351852
1 0.626042 0.325694 0.00625 0.0125
0 0.30625 0.455556 0.0161458 0.0333333
1 0.479167 0.675463 0.0682292 0.116667
1 0.0244954 0.420139 0.0233398 0.0337963
1 0.0301432 0.431944 0.0190104 0.0333333
0 0.408854 0.333333 0.00833333 0.0324074
0 0.00263672 0.236574 0.00524089 0.0194444
1 0.136458 0.331481 0.0132813 0.0351852
0 0.688542 0.225694 0.0104167 0.0166667
1 0.0163249 0.415278 0.0116211 0.0231481
1 0.304427 0.459722 0.0125 0.025
1 0.631771 0.411343 0.00729167 0.0134259
1 0.10918 0.858796 0.0136719 0.0277778
1 0.621875 0.338889 0.0135417 0.037963
0 0.592708 0.162616 0.0520833 0.043287
1 0.686458 0.226331 0.0145833 0.0195602
1 0.61875 0.333796 0.00833333 0.0268519
1 0.771354 0.627778 0.00625 0.0111111
1 0.139062 0.325463 0.0138021 0.0407407
0 0.370833 0.343519 0.00729167 0.0203704
1 0.028418 0.427778 0.023112 0.0361111
1 0.226042 0.817593 0.178646 0.325926
0 0.139062 0.331481 0.0135417 0.0342593
1 0.134115 0.32963 0.00859375 0.0305556
1 0.00290934 0.23287 0.00581869 0.0282407
1 0.689062 0.223669 0.0125 0.0221065
3 0.226953 0.818981 0.177344 0.332407
1 0.308854 0.456944 0.0161458 0.0305556
1 0.690625 0.227546 0.0145833 0.0217593
1 0.626042 0.322685 0.00625 0.0185185
0 0.0249837 0.431481 0.0207357 0.0407407
1 0.370313 0.34537 0.00833333 0.025463
1 0.00454102 0.239352 0.00891927 0.0305556
1 0.114974 0.858796 0.0104167 0.0231481
0 0.357812 0.514352 0.071875 0.110185
0 0.479167 0.675463 0.0682292 0.115741
0 0.026888 0.429167 0.0269531 0.0462963
0 0.226432 0.818519 0.179427 0.333333
1 0.61875 0.339352 0.00833333 0.0342593
1 0.139323 0.331944 0.0130208 0.0342593
1 0.111328 0.859259 0.0183594 0.0305556
1 0.408854 0.333333 0.00833333 0.0324074
1 0.30625 0.456019 0.015625 0.0324074
1 0.0268229 0.429398 0.0271484 0.0458333
1 0.688542 0.225521 0.0104167 0.015625
1 0.0232585 0.422917 0.0181966 0.0314815
1 0.0250651 0.42662 0.0179036 0.0319444
0 0.111328 0.859259 0.0184896 0.0296296
1 0.00262858 0.236574 0.00525716 0.0194444
1 0.308594 0.4625 0.00989583 0.0185185
1 0.688542 0.231019 0.0125 0.0273148
0 0.619271 0.341435 0.00729167 0.0319444
1 0.0219727 0.42037 0.0149089 0.025
1 0.370833 0.343519 0.00729167 0.0199074
1 0.141667 0.335185 0.00885417 0.0282407
1 0.00347493 0.236806 0.00694987 0.0212963
1 0.0205729 0.425463 0.0196615 0.0407407
0 0.619271 0.339352 0.009375 0.0342593
1 0.0193685 0.42037 0.0167318 0.0305556
1 0.137109 0.328935 0.0101562 0.0268519
1 0.309115 0.460069 0.0135417 0.0243056
1 0.136589 0.33125 0.0132813 0.0347222
1 0.626042 0.325463 0.00625 0.012963
1 0.0246094 0.419907 0.0233724 0.0333333
1 0.479167 0.675926 0.0682292 0.116667
0 0.30625 0.455556 0.015625 0.0333333
1 0.631771 0.411343 0.00729167 0.0134259
1 0.688542 0.223611 0.0114583 0.0203704
0 0.688542 0.231019 0.0125 0.0273148
0 0.408854 0.333333 0.00833333 0.0324074
1 0.108984 0.858796 0.0132813 0.0277778
1 0.61875 0.333796 0.00833333 0.0268519
1 0.771354 0.627778 0.00625 0.0111111
1 0.6875 0.234722 0.0104167 0.0259259
1 0.626042 0.322454 0.00625 0.0185185
1 0.0279297 0.431019 0.0158203 0.0300926
0 0.688542 0.225694 0.0104167 0.0162037
0 0.00264486 0.236574 0.00525716 0.0194444
1 0.030013 0.430556 0.0194661 0.0347222
1 0.304167 0.460185 0.0114583 0.0240741
1 0.134115 0.329167 0.00833333 0.0296296
1 0.01639 0.416435 0.0116862 0.025463
1 0.621875 0.338426 0.0135417 0.037963
0 0.139062 0.331481 0.0135417 0.0342593
1 0.686458 0.227546 0.0145833 0.0217593
1 0.141927 0.332407 0.0145833 0.0337963
1 0.046875 0.292593 0.00976562 0.0180556
1 0.308854 0.456597 0.015625 0.03125
1 0.138802 0.325926 0.0130208 0.0388889
1 0.623958 0.334722 0.0104167 0.0314815
1 0.690625 0.226389 0.0145833 0.0189815
0 0.370833 0.343519 0.00729167 0.0199074
0 0.027832 0.433333 0.0190104 0.0351852
0 0.0307292 0.434722 0.0201172 0.0351852
1 0.091862 0.951852 0.00664063 0.0111111
1 0.115625 0.859259 0.0125 0.0277778
1 0.370313 0.34537 0.00885417 0.025463
1 0.00303548 0.23287 0.00607096 0.0277778
0 0.433333 0.113426 0.0135417 0.074537
0 0.592708 0.162731 0.0520833 0.0435185
1 0.226953 0.818981 0.179427 0.330556
1 0.357812 0.514815 0.071875 0.111111
0 0.357812 0.514352 0.071875 0.110185
0 0.479167 0.675926 0.0682292 0.116667
0 0.0267904 0.428935 0.026888 0.0458333
0 0.226172 0.818981 0.178906 0.336111
1 0.61875 0.339352 0.00833333 0.0342593
1 0.139193 0.331713 0.0132813 0.0337963
1 0.111328 0.859259 0.0184896 0.0305556
1 0.30625 0.455671 0.015625 0.0331019
1 0.408854 0.333102 0.00833333 0.0324074
1 0.0267578 0.429167 0.0269531 0.0453704
1 0.688542 0.225694 0.0104167 0.0157407
1 0.0237142 0.422917 0.0163737 0.0282407
1 0.0250081 0.426389 0.0178223 0.0324074
1 0.00266113 0.236574 0.00532227 0.0194444
1 0.0217611 0.423148 0.0167643 0.0333333
1 0.308594 0.4625 0.00989583 0.0185185
1 0.688542 0.231424 0.0125 0.0278935
0 0.111458 0.859259 0.0183594 0.0296296
0 0.619271 0.340741 0.00729167 0.0324074
1 0.0220052 0.420833 0.0147786 0.0259259
1 0.370833 0.343519 0.00729167 0.0194444
1 0.00348307 0.236806 0.00696615 0.0212963
1 0.0206055 0.425463 0.0199219 0.0407407
1 0.0223958 0.419444 0.0205078 0.0305556
1 0.0191732 0.419907 0.0163411 0.0296296
1 0.141667 0.335185 0.00885417 0.0287037
1 0.308854 0.460069 0.0135417 0.0243056
1 0.137109 0.328704 0.0101562 0.0259259
1 0.626042 0.325231 0.00625 0.0134259
1 0.479167 0.675926 0.0682292 0.116667
0 0.30625 0.455556 0.015625 0.0333333
1 0.136719 0.33125 0.0140625 0.0347222
0 0.408854 0.333102 0.00833333 0.0324074
1 0.626042 0.322222 0.00625 0.0189815
1 0.108854 0.858796 0.0130208 0.0277778
1 0.631771 0.411574 0.00729167 0.0138889
0 0.688542 0.231424 0.0125 0.0278935
1 0.771354 0.627778 0.00625 0.0111111
1 0.688542 0.223553 0.0114583 0.0204861
1 0.0469401 0.292593 0.010026 0.0175926
1 0.621875 0.338657 0.0135417 0.037963
0 0.139062 0.331481 0.0135417 0.0342593
1 0.0280924 0.431019 0.0158203 0.0305556
1 0.134375 0.32963 0.00885417 0.0305556
1 0.0164714 0.416204 0.011849 0.025
1 0.303906 0.460301 0.0109375 0.0238426
0 0.00266927 0.236806 0.00530599 0.0194444
1 0.030013 0.430093 0.0196615 0.0361111
0 0.688542 0.225984 0.0104167 0.0165509
1 0.623958 0.336574 0.0104167 0.0342593
1 0.141927 0.331944 0.0151042 0.0347222
0 0.370833 0.343519 0.00729167 0.0194444
1 0.686458 0.228299 0.0145833 0.0239583
1 0.308854 0.456481 0.015625 0.0314815
1 0.00310059 0.23287 0.00620117 0.0287037
0 0.0278646 0.433333 0.0192708 0.0361111
1 0.690625 0.22662 0.0145833 0.0199074
0 0.0308024 0.434722 0.0199056 0.0351852
1 0.625521 0.323611 0.00833333 0.0212963
1 0.138932 0.325463 0.0130208 0.0398148
1 0.0919271 0.951852 0.00625 0.0111111
1 0.0278646 0.433333 0.0192708 0.0361111
1 0.115625 0.859259 0.0122396 0.0277778
1 0.357552 0.514352 0.071875 0.111111
1 0.121094 0.393056 0.00755208 0.012037
1 0.226953 0.82037 0.178906 0.333333
1 0.370313 0.34537 0.00833333 0.025
0 0.357812 0.514352 0.071875 0.110185
0 0.479167 0.675926 0.0682292 0.116667
0 0.0266846 0.428704 0.0269694 0.0462963
0 0.226172 0.819444 0.178906 0.335185
1 0.61875 0.339352 0.00833333 0.0342593
1 0.139062 0.331481 0.0135417 0.0342593
1 0.111328 0.859259 0.0184896 0.0305556
1 0.30625 0.456019 0.015625 0.0324074
1 0.408854 0.333102 0.00833333 0.0324074
1 0.0266276 0.429167 0.0270833 0.0453704
1 0.307292 0.459375 0.0135417 0.0256944
1 0.688542 0.225405 0.0104167 0.0158565
1 0.0236003 0.422685 0.0164714 0.0277778
1 0.025 0.426389 0.0178385 0.0324074
1 0.688542 0.231713 0.0125 0.0287037
1 0.0218099 0.423148 0.0172526 0.0337963
1 0.308854 0.4625 0.0104167 0.0185185
1 0.00268555 0.236574 0.00537109 0.0194444
0 0.111263 0.859259 0.0183594 0.0296296
0 0.61875 0.340741 0.00833333 0.0328704
1 0.688021 0.227836 0.0114583 0.0211806
1 0.370833 0.343519 0.00729167 0.0194444
1 0.0207357 0.425463 0.0202474 0.0412037
1 0.0224935 0.419444 0.0207031 0.0310185
1 0.0193034 0.42037 0.0166016 0.0305556
1 0.00361328 0.237269 0.0070638 0.0217593
1 0.309375 0.460648 0.0125 0.0231481
1 0.137109 0.328704 0.0101562 0.0263889
1 0.626042 0.325 0.00625 0.0138889
0 0.30625 0.455556 0.015625 0.0333333
1 0.139323 0.334259 0.0109375 0.0287037
1 0.141667 0.334954 0.00885417 0.0287037
0 0.408854 0.333102 0.00833333 0.0324074
0 0.688542 0.231481 0.0125 0.0287037
1 0.108984 0.858796 0.013151 0.0277778
1 0.479167 0.675926 0.06875 0.116667
1 0.631771 0.411343 0.00729167 0.0138889
1 0.0469401 0.292593 0.010026 0.0175926
1 0.771354 0.627778 0.00625 0.0111111
1 0.621875 0.338657 0.0135417 0.037963
0 0.139062 0.331481 0.0135417 0.0342593
1 0.688542 0.223843 0.0114583 0.0208333
1 0.134375 0.330093 0.00885417 0.0314815
1 0.0300781 0.430093 0.0192708 0.0361111
1 0.0166341 0.416204 0.0121745 0.025
1 0.0282633 0.43125 0.0158691 0.0305556
0 0.370833 0.343519 0.00729167 0.0194444
1 0.304167 0.460648 0.0114583 0.0231481
1 0.091862 0.951852 0.00625 0.0111111
0 0.00268555 0.236574 0.00535482 0.0194444
0 0.688542 0.225868 0.0104167 0.0167824
1 0.686458 0.229225 0.0145833 0.0258102
1 0.0030599 0.23287 0.00611979 0.0287037
0 0.0278971 0.433102 0.0191406 0.0361111
1 0.136198 0.331019 0.0145833 0.0361111
1 0.11569 0.859259 0.0122396 0.0277778
1 0.690625 0.227083 0.0145833 0.0208333
1 0.625 0.323611 0.00833333 0.0212963
0 0.0309896 0.434722 0.0191406 0.0351852
1 0.141927 0.331481 0.0151042 0.0351852
0 0.307292 0.459375 0.0135417 0.0256944
1 0.370313 0.34537 0.00833333 0.025
1 0.357812 0.514352 0.071875 0.111111
0 0.357812 0.513889 0.071875 0.111111
0 0.479167 0.675926 0.0682292 0.116667
0 0.226172 0.819444 0.178906 0.335185
0 0.0265951 0.428704 0.0269531 0.0462963
1 0.61875 0.339352 0.00833333 0.0342593
1 0.139062 0.331481 0.0135417 0.0342593
1 0.111263 0.859259 0.0183594 0.0305556
1 0.30625 0.455671 0.015625 0.0331019
1 0.408854 0.33287 0.00833333 0.0324074
1 0.0265951 0.429167 0.0270182 0.0453704
1 0.307292 0.458796 0.0135417 0.0259259
1 0.688542 0.225405 0.0104167 0.0158565
1 0.0232747 0.423148 0.0182943 0.0324074
1 0.025057 0.426389 0.0177246 0.0319444
1 0.688542 0.231713 0.0114583 0.0287037
1 0.308854 0.4625 0.0104167 0.0185185
1 0.00270182 0.236574 0.00540365 0.0194444
0 0.111458 0.859259 0.0184896 0.0296296
0 0.61875 0.340741 0.00833333 0.0324074
1 0.6875 0.228009 0.0104167 0.0217593
1 0.0221029 0.420833 0.0153646 0.0268519
1 0.370833 0.343519 0.00729167 0.0194444
1 0.0207682 0.425463 0.0201823 0.0416667
1 0.0193685 0.420833 0.0167318 0.0314815
1 0.00361328 0.237269 0.0069987 0.0217593
1 0.309115 0.460648 0.0125 0.0231481
1 0.139323 0.334028 0.0109375 0.0291667
1 0.0246745 0.419907 0.0233073 0.0342593
1 0.626042 0.325 0.00625 0.0138889
1 0.619271 0.334491 0.00833333 0.0277778
0 0.30599 0.455556 0.0161458 0.0333333
1 0.136979 0.328935 0.00989583 0.0268519
1 0.479427 0.675926 0.0682292 0.116667
1 0.109115 0.858796 0.0132813 0.0277778
0 0.408854 0.33287 0.00833333 0.0324074
1 0.141667 0.334954 0.00885417 0.0287037
0 0.688542 0.231713 0.0114583 0.0287037
1 0.631771 0.411343 0.00729167 0.0138889
1 0.626042 0.321991 0.00625 0.0189815
1 0.0300049 0.430324 0.0191569 0.0361111
1 0.134375 0.330556 0.00989583 0.0328704
1 0.688542 0.223843 0.0114583 0.0208333
1 0.141536 0.332639 0.0109375 0.0319444
1 0.621875 0.338889 0.0125 0.037963
1 0.771354 0.627778 0.00625 0.0111111
0 0.139193 0.331944 0.0130208 0.0333333
1 0.0469401 0.292593 0.010026 0.0175926
1 0.303906 0.460648 0.0114583 0.0231481
0 0.370833 0.343519 0.00729167 0.0194444
1 0.0166667 0.416667 0.0122396 0.0259259
1 0.136198 0.331019 0.0145833 0.0361111
0 0.028068 0.433333 0.0187337 0.0361111
1 0.115755 0.859259 0.0121094 0.0277778
1 0.00305176 0.23287 0.00610352 0.0287037
1 0.686458 0.22963 0.0145833 0.0263889
0 0.0312419 0.434954 0.0183757 0.0342593
1 0.690625 0.227315 0.0145833 0.0212963
0 0.688542 0.226157 0.0104167 0.0171296
0 0.0027181 0.236574 0.00537109 0.0194444
1 0.028068 0.433333 0.0187337 0.0361111
0 0.307292 0.458796 0.0135417 0.0259259
1 0.625 0.323843 0.00833333 0.0212963
1 0.141927 0.331481 0.0151042 0.0356481
1 0.357812 0.514352 0.071875 0.111111
1 0.0917969 0.951852 0.00598958 0.0111111
1 0.370313 0.34537 0.00885417 0.025
0 0.357812 0.513889 0.071875 0.111111
0 0.479167 0.675926 0.0682292 0.116667
0 0.226302 0.819444 0.178646 0.335185
0 0.0264974 0.428704 0.0270182 0.0462963
1 0.61875 0.339352 0.00833333 0.0342593
1 0.139062 0.331481 0.0135417 0.0342593
1 0.111328 0.859259 0.0184896 0.0305556
1 0.408854 0.333102 0.00833333 0.0324074
1 0.30599 0.455671 0.0161458 0.0331019
1 0.0265299 0.428704 0.0270182 0.0462963
1 0.688542 0.225463 0.0104167 0.0157407
1 0.307813 0.460185 0.0125 0.0231481
1 0.0231934 0.423148 0.0183268 0.0324074
1 0.0250651 0.426389 0.017513 0.0319444
1 0.308854 0.461921 0.0104167 0.01875
1 0.688542 0.231713 0.0114583 0.0287037
1 0.00270182 0.236574 0.00540365 0.0194444
0 0.111458 0.859259 0.0184896 0.0296296
0 0.61875 0.340741 0.00833333 0.0328704
1 0.6875 0.228241 0.0104167 0.0217593
1 0.0220866 0.421296 0.0154622 0.0268519
1 0.370833 0.343519 0.00729167 0.0194444
1 0.141146 0.332176 0.0119792 0.0333333
1 0.0193359 0.420833 0.0165365 0.0314815
1 0.0207682 0.425463 0.0201823 0.0416667
1 0.110872 0.856481 0.016276 0.0240741
1 0.00358887 0.237269 0.00688477 0.0212963
1 0.0246094 0.420139 0.023112 0.0337963
1 0.626042 0.325 0.00625 0.0138889
1 0.139323 0.334259 0.0104167 0.0277778
1 0.619271 0.334259 0.00833333 0.0277778
1 0.141667 0.335185 0.00885417 0.0277778
0 0.408854 0.33287 0.00833333 0.0324074
1 0.13724 0.329167 0.0104167 0.0277778
0 0.30599 0.455556 0.0161458 0.0333333
1 0.479427 0.675926 0.0682292 0.115741
0 0.688542 0.231713 0.0114583 0.0291667
1 0.134635 0.330787 0.0104167 0.0337963
1 0.626042 0.321759 0.00625 0.0194444
1 0.631771 0.411111 0.00729167 0.0138889
1 0.0298096 0.430093 0.0192871 0.0361111
1 0.621875 0.338889 0.0125 0.0375
1 0.0469401 0.292593 0.010026 0.0175926
1 0.136198 0.331019 0.0145833 0.0361111
1 0.688542 0.223553 0.0114583 0.0204861
1 0.304167 0.460648 0.0114583 0.0231481
0 0.139062 0.331481 0.0135417 0.0347222
1 0.115755 0.859259 0.0121094 0.0277778
1 0.0167969 0.416667 0.0123698 0.0259259
1 0.771354 0.627778 0.00625 0.0111111
0 0.370833 0.343519 0.00729167 0.0194444
1 0.00300293 0.23287 0.00600586 0.0287037
0 0.0279378 0.43287 0.0186035 0.0361111
1 0.686458 0.229687 0.0145833 0.0267361
1 0.690625 0.227257 0.0145833 0.021412
1 0.625 0.323611 0.00833333 0.0212963
0 0.0027181 0.236574 0.00535482 0.0194444
0 0.688542 0.226157 0.0104167 0.0171296
1 0.357812 0.514352 0.071875 0.111111
0 0.0313232 0.434954 0.0180827 0.0347222
1 0.226953 0.819907 0.178385 0.334259
0 0.357812 0.514352 0.071875 0.111111
0 0.479167 0.675926 0.0682292 0.116667
0 0.226302 0.819444 0.178646 0.335185
0 0.0264974 0.428704 0.0269531 0.0462963
1 0.61875 0.339352 0.00833333 0.0342593
1 0.139193 0.331481 0.0132813 0.0342593
1 0.111328 0.859259 0.0184896 0.0305556
1 0.408854 0.33287 0.00833333 0.0324074
1 0.30599 0.455671 0.0161458 0.0331019
1 0.0265706 0.428472 0.0269368 0.0458333
1 0.688542 0.225463 0.0104167 0.0157407
1 0.307813 0.460648 0.0125 0.0222222
1 0.0231934 0.423148 0.0182617 0.0324074
1 0.00268555 0.236574 0.00537109 0.0194444
1 0.0250732 0.426389 0.0174316 0.0314815
1 0.688542 0.231713 0.0114583 0.0287037
0 0.111523 0.858796 0.0184896 0.0305556
1 0.308594 0.462963 0.0104167 0.0175926
0 0.61875 0.340741 0.00833333 0.0333333
1 0.370833 0.343519 0.00729167 0.0194444
1 0.307813 0.456944 0.0135417 0.0287037
1 0.0193197 0.418519 0.0146159 0.0277778
1 0.00358073 0.237269 0.00686849 0.0212963
1 0.110937 0.856481 0.0161458 0.0240741
1 0.0207682 0.425463 0.0201172 0.0416667
1 0.0245443 0.420139 0.0229818 0.0337963
1 0.626042 0.324769 0.00625 0.0134259
1 0.0201172 0.421296 0.0178385 0.0296296
1 0.141667 0.335185 0.00885417 0.0277778
0 0.30599 0.455324 0.0161458 0.0337963
1 0.479167 0.675926 0.06875 0.116667
0 0.408854 0.333102 0.00833333 0.0324074
1 0.134896 0.331019 0.0109375 0.0342593
0 0.688542 0.231887 0.0114583 0.0288194
1 0.626042 0.321759 0.00625 0.0189815
1 0.631771 0.411111 0.00729167 0.0134259
1 0.0469401 0.292593 0.010026 0.0175926
1 0.0298258 0.430324 0.0192546 0.0356481
1 0.622917 0.338426 0.0125 0.037037
1 0.142057 0.331481 0.0151042 0.0356481
1 0.619792 0.334259 0.009375 0.0277778
1 0.13776 0.329398 0.0111979 0.0273148
0 0.139062 0.331481 0.0135417 0.0347222
1 0.115625 0.859259 0.0125 0.0277778
0 0.0492188 0.774537 0.0984375 0.307407
1 0.139323 0.334954 0.0101562 0.0273148
1 0.016862 0.416667 0.0125 0.0259259
0 0.0277913 0.43287 0.0186361 0.0361111
0 0.370833 0.343519 0.00729167 0.0194444
1 0.304688 0.460648 0.0125 0.0231481
1 0.0029541 0.233333 0.0059082 0.0277778
1 0.686458 0.229861 0.0145833 0.0268519
1 0.771875 0.627778 0.00625 0.0111111
1 0.625 0.32338 0.00833333 0.0208333
0 0.0027181 0.236806 0.00533854 0.0189815
1 0.357812 0.514352 0.071875 0.111111
1 0.226953 0.819907 0.178385 0.334259
1 0.690625 0.227546 0.0145833 0.0217593
0 0.357812 0.514352 0.071875 0.111111
0 0.479167 0.675926 0.0682292 0.116667
0 0.226302 0.819444 0.178646 0.335185
0 0.0264648 0.428704 0.0268229 0.0462963
1 0.61875 0.339352 0.00833333 0.0342593
1 0.111328 0.859259 0.0184896 0.0296296
1 0.139193 0.331944 0.0132813 0.0342593
1 0.408854 0.33287 0.00885417 0.0328704
1 0.30599 0.455556 0.0161458 0.0324074
1 0.0264974 0.428472 0.0266927 0.0458333
1 0.688542 0.225463 0.0104167 0.0157407
1 0.307813 0.460185 0.0125 0.0231481
1 0.0229818 0.422685 0.0175781 0.0319444
1 0.0249512 0.426157 0.0174805 0.0319444
1 0.00269369 0.236574 0.00538737 0.0194444
1 0.308854 0.462037 0.0104167 0.0194444
1 0.688542 0.231713 0.0114583 0.0287037
0 0.111523 0.858796 0.0184896 0.0305556
0 0.61875 0.339352 0.00833333 0.0342593
1 0.688542 0.228009 0.0114583 0.0199074
1 0.370833 0.343519 0.00729167 0.0194444
1 0.0193034 0.418519 0.014388 0.0277778
1 0.0206055 0.425463 0.0198568 0.0407407
1 0.141276 0.332176 0.0114583 0.0333333
1 0.00337321 0.236574 0.00674642 0.0175926
1 0.0243164 0.420139 0.022526 0.0333333
1 0.0201497 0.421296 0.0177734 0.0296296
1 0.479427 0.675926 0.0682292 0.116667
1 0.626042 0.325 0.00625 0.012963
0 0.30599 0.455324 0.0161458 0.0337963
1 0.141406 0.335185 0.009375 0.0287037
0 0.408854 0.33287 0.00833333 0.0324074
1 0.134896 0.331019 0.0114583 0.0342593
1 0.0297201 0.430093 0.0192708 0.0351852
1 0.626042 0.321759 0.00625 0.0185185
1 0.138281 0.328241 0.0114583 0.0328704
1 0.108659 0.856944 0.0127604 0.025
0 0.688542 0.231713 0.0114583 0.0291667
1 0.621875 0.338889 0.0135417 0.037037
1 0.631771 0.411111 0.00729167 0.0138889
1 0.046875 0.292593 0.00976562 0.0175926
1 0.115495 0.859259 0.0127604 0.0287037
0 0.139062 0.331481 0.0135417 0.0347222
1 0.0275309 0.43287 0.0188965 0.037037
1 0.0168783 0.416435 0.0124349 0.025463
1 0.619792 0.334259 0.009375 0.0277778
1 0.142578 0.330556 0.0148437 0.037963
0 0.0275309 0.43287 0.0188965 0.037037
1 0.00293376 0.233333 0.00586751 0.0277778
0 0.0490885 0.774074 0.0981771 0.309259
1 0.00331217 0.240278 0.00652669 0.0277778
1 0.304688 0.460648 0.0125 0.0231481
1 0.139323 0.335185 0.0101562 0.0268519
1 0.686458 0.22963 0.0145833 0.0263889
0 0.370833 0.343519 0.00729167 0.0203704
1 0.226693 0.819444 0.178385 0.335185
0 0.0027181 0.236574 0.00537109 0.0194444
0 0.357812 0.514815 0.071875 0.111111
0 0.479167 0.675926 0.0682292 0.116667
0 0.226302 0.819444 0.178646 0.335185
0 0.0263672 0.428241 0.0268229 0.0462963
1 0.61875 0.339352 0.00833333 0.0342593
1 0.111328 0.859259 0.0184896 0.0296296
1 0.139193 0.331944 0.0132813 0.0342593
1 0.408854 0.33287 0.00885417 0.0328704
1 0.30599 0.455556 0.0161458 0.0324074
1 0.0263672 0.428241 0.0267578 0.0458333
1 0.688542 0.225463 0.0104167 0.0157407
1 0.307813 0.460185 0.0125 0.0231481
1 0.0238607 0.423148 0.0167969 0.0296296
1 0.0217448 0.422917 0.0167969 0.0333333
1 0.0027181 0.236574 0.00541992 0.0194444
1 0.308854 0.462037 0.0104167 0.0194444
1 0.688542 0.231539 0.0114583 0.028588
0 0.111523 0.858796 0.0184896 0.0305556
0 0.61875 0.339352 0.00833333 0.0342593
1 0.0192708 0.41875 0.0143229 0.0282407
1 0.370833 0.343519 0.00729167 0.0194444
1 0.0207031 0.425231 0.019987 0.0412037
1 0.0241211 0.420139 0.0222656 0.0333333
1 0.141406 0.332407 0.0114583 0.0333333
1 0.00358073 0.237269 0.00686849 0.0212963
1 0.479427 0.675926 0.0682292 0.116667
1 0.626042 0.324769 0.00625 0.012963
0 0.30599 0.455324 0.0161458 0.0337963
0 0.408854 0.33287 0.00833333 0.0324074
1 0.135026 0.331019 0.0114583 0.0342593
1 0.0295898 0.42963 0.0193359 0.0351852
1 0.108724 0.857407 0.0130208 0.0259259
1 0.626042 0.321759 0.00625 0.0185185
1 0.0169271 0.416667 0.0124349 0.0259259
1 0.115495 0.859259 0.0130208 0.0296296
1 0.631771 0.41088 0.00729167 0.0134259
1 0.0273438 0.432639 0.0190755 0.0375
1 0.142448 0.330556 0.0145833 0.037963
1 0.046875 0.292593 0.00976562 0.0175926
1 0.622917 0.338426 0.0125 0.037037
0 0.688542 0.231713 0.0114583 0.0287037
0 0.139062 0.331481 0.0135417 0.0347222
1 0.1375 0.329167 0.0109375 0.0277778
1 0.139323 0.335185 0.0101562 0.0268519
1 0.619792 0.334259 0.009375 0.0277778
0 0.0273438 0.432639 0.0190755 0.0375
0 0.0489258 0.775926 0.0978516 0.311111
1 0.00293783 0.233333 0.00587565 0.0277778
1 0.304688 0.460648 0.0125 0.0231481
1 0.0268311 0.423148 0.0236816 0.0361111
1 0.686458 0.22963 0.0145833 0.0263889
0 0.370833 0.343519 0.00729167 0.0203704
0 0.00274251 0.236574 0.00540365 0.0194444
1 0.0222982 0.428472 0.0158203 0.0310185
