0 0.772917 0.215741 0.1125 0.119444
0 0.0557943 0.801852 0.0950521 0.0981481
0 0.761458 0.562037 0.0645833 0.0981481
0 0.402865 0.551852 0.0432292 0.111111
0 0.8375 0.461111 0.10625 0.150926
0 0.180859 0.328704 0.0736979 0.0615741
0 0.0764974 0.710185 0.0811198 0.0814815
0 0.348698 0.859259 0.0489583 0.138889
0 0.0925944 0.637037 0.0767904 0.0768519
0 0.147428 0.434722 0.0666016 0.0648148
0 0.295573 0.540741 0.0755208 0.0925926
0 0.938021 0.388889 0.114583 0.12037
0 0.201823 0.263426 0.0729167 0.0601852
0 0.975 0.087963 0.05 0.0657407
0 0.131999 0.500926 0.0761068 0.0722222
0 0.223698 0.0936343 0.0588542 0.0539352
0 0.279753 0.638889 0.0654948 0.0925926
0 0.252604 0.0197338 0.0609375 0.0383681
0 0.914583 0.174537 0.0854167 0.0796296
0 0.153385 0.0587963 0.0643229 0.114815
0 0.348437 0.0652778 0.0458333 0.0636574
0 0.257422 0.693519 0.0466146 0.0574074
0 0.331771 0.122454 0.0442708 0.0877315
0 0.326562 0.977778 0.0385417 0.0444444
1 0.326562 0.977778 0.0385417 0.0444444
0 0.323438 0.100579 0.0270833 0.043287
0 0.9 0.00917245 0.0541667 0.0165509
1 0.597396 0.0925926 0.00729167 0.0287037
0 0.338542 0.143056 0.0302083 0.0486111
0 0.321354 0.0953704 0.0229167 0.0326389
1 0.597396 0.0973958 0.00833333 0.0383102
0 0.131803 0.00869502 0.0353516 0.0162905
0 0.341667 0.150231 0.0270833 0.0356481
0 0.335156 0.138194 0.0369792 0.0560185
0 0.347917 0.148032 0.034375 0.0405093
0 0.334896 0.146875 0.0364583 0.0416667
0 0.40625 0.198495 0.0395833 0.0668981
0 0.351302 0.145486 0.0421875 0.0497685
0 0.344271 0.142361 0.0322917 0.05
0 0.329167 0.103241 0.0364583 0.049537
0 0.842708 0.0515046 0.183333 0.0849537
1 0.00297852 0.730556 0.00555013 0.0157407
0 0.720833 0.032581 0.0520833 0.049537
0 0.135156 0.0124494 0.0458333 0.0240596
0 0.340104 0.13588 0.0322917 0.0611111
0 0.729167 0.0345486 0.0416667 0.0438657
1 0.00318197 0.724537 0.00620117 0.0287037
1 0.131478 0.0087963 0.0333984 0.0161458
0 0.710938 0.0312789 0.0729167 0.0560764
0 0.321875 0.0905093 0.0208333 0.0273148
0 0.269271 0.697222 0.06875 0.0722222
0 0.317187 0.100955 0.0322917 0.0448495
0 0.596875 0.0935764 0.00833333 0.0299769
0 0.141667 0.00856481 0.05625 0.0171296
1 0.323438 0.100579 0.0270833 0.043287
0 0.719271 0.0277199 0.0625 0.0519676
0 0.651042 0.126591 0.0520833 0.0695023
0 0.719792 0.0366319 0.065625 0.059375
0 0.731771 0.0292245 0.034375 0.0454861
0 0.152604 0.10923 0.0184896 0.0324653
0 0.340625 0.141667 0.04375 0.0532407
0 0.265885 0.708333 0.0630208 0.0861111
0 0.320833 0.107523 0.03125 0.0555556
0 0.329427 0.141204 0.0463542 0.0527778
1 0.9375 0.38912 0.114583 0.12037
1 0.348698 0.859259 0.0489583 0.138889
0 0.409896 0.190278 0.046875 0.087037
0 0.342187 0.152315 0.0479167 0.0416667
0 0.725521 0.0402778 0.046875 0.0418981
0 0.772396 0.215972 0.110417 0.118981
0 0.761458 0.561574 0.0645833 0.0981481
0 0.0555339 0.802778 0.0954427 0.0981481
0 0.402865 0.552778 0.0432292 0.111111
0 0.180729 0.328935 0.0734375 0.0615741
0 0.295573 0.541667 0.0760417 0.0962963
0 0.147526 0.434722 0.0664062 0.0648148
0 0.0927083 0.6375 0.0768229 0.0759259
0 0.0765625 0.710648 0.08125 0.0814815
0 0.348437 0.859259 0.0489583 0.140741
0 0.836979 0.461574 0.10625 0.150926
0 0.9375 0.388889 0.114583 0.12037
0 0.202083 0.263889 0.0723958 0.0611111
0 0.132161 0.500926 0.0757812 0.0740741
0 0.975 0.0880787 0.05 0.0662037
0 0.223698 0.0936921 0.0588542 0.0533565
0 0.252734 0.0194734 0.0606771 0.0387153
0 0.914583 0.174306 0.0854167 0.0777778
0 0.281836 0.638889 0.0686198 0.0925926
0 0.348437 0.0658565 0.0458333 0.0645833
0 0.258073 0.694444 0.0484375 0.0592593
0 0.153385 0.0585793 0.0640625 0.11386
0 0.326562 0.976852 0.0395833 0.0444444
0 0.331771 0.122685 0.04375 0.0895833
0 0.323958 0.101389 0.0270833 0.0451389
0 0.901042 0.00921586 0.0520833 0.01739
1 0.326562 0.976852 0.0395833 0.0444444
0 0.821354 0.0528935 0.221875 0.103704
1 0.597396 0.0918982 0.00729167 0.0268519
0 0.40599 0.19537 0.0401042 0.0763889
0 0.834375 0.0460214 0.191667 0.0831887
0 0.753646 0.0530093 0.357292 0.106019
0 0.351823 0.149421 0.0421875 0.0497685
0 0.338542 0.1375 0.0302083 0.0608796
0 0.321354 0.0956018 0.0223958 0.0333333
0 0.258203 0.713426 0.0497396 0.1
0 0.132422 0.010489 0.0388021 0.0197049
0 0.130208 0.00846354 0.0320312 0.0158275
1 0.596875 0.097338 0.00833333 0.0372685
0 0.342708 0.152546 0.0270833 0.0337963
0 0.342187 0.14537 0.0260417 0.0458333
0 0.351562 0.141782 0.0458333 0.0578704
0 0.272135 0.701389 0.0760417 0.0842593
0 0.139714 0.0083044 0.0505208 0.0164352
0 0.597396 0.0920139 0.00729167 0.0270833
0 0.721875 0.0340278 0.0520833 0.0523148
0 0.792708 0.0447338 0.18125 0.0803241
0 0.406771 0.180556 0.0416667 0.102778
0 0.350781 0.139236 0.053125 0.0719907
1 0.597917 0.0928241 0.009375 0.0298611
1 0.901042 0.00914352 0.0520833 0.0175347
0 0.348698 0.154051 0.0546875 0.0638889
1 0.348437 0.859722 0.0489583 0.139815
0 0.727083 0.0298611 0.0416667 0.0489583
0 0.347135 0.133681 0.0395833 0.0680556
1 0.323958 0.101389 0.0270833 0.0451389
0 0.816667 0.0489583 0.127083 0.0793981
0 0.328646 0.103588 0.0348958 0.0506944
1 0.252604 0.0196832 0.0609375 0.0388744
1 0.9375 0.388889 0.114583 0.12037
0 0.267643 0.72037 0.0688802 0.114815
0 0.349219 0.123582 0.0609375 0.0935764
1 0.403646 0.415509 0.00729167 0.0157407
0 0.14401 0.0098669 0.0611979 0.0185764
0 0.900521 0.00596065 0.053125 0.0119213
0 0.398958 0.268981 0.0125 0.0361111
0 0.119792 0.00912905 0.0520833 0.0175058
0 0.482292 0.133796 0.015625 0.0388889
1 0.335938 0.157292 0.00833333 0.0217593
1 0.403646 0.418056 0.00833333 0.0217593
0 0.141797 0.0135127 0.0638021 0.0269676
0 0.321615 0.090625 0.0208333 0.0277778
0 0.315625 0.102662 0.0322917 0.0490741
0 0.334375 0.142564 0.0614583 0.103762
0 0.27526 0.685648 0.0739583 0.0916667
1 0.348177 0.0657986 0.0447917 0.0648148
1 0.281771 0.638889 0.06875 0.0925926
1 0.398438 0.27037 0.009375 0.0337963
1 0.325 0.180556 0.00729167 0.012963
1 0.720833 0.208102 0.00833333 0.0231481
0 0.419792 0.18287 0.0677083 0.102315
1 0.00288086 0.730556 0.00540365 0.0148148
0 0.772917 0.215856 0.110417 0.119676
0 0.761458 0.562037 0.0645833 0.0981481
0 0.147656 0.434722 0.0661458 0.0648148
0 0.18099 0.329167 0.0734375 0.062037
0 0.0557292 0.802315 0.0949219 0.0981481
0 0.402865 0.552315 0.0432292 0.111111
0 0.0764974 0.710185 0.0808594 0.0814815
0 0.0927083 0.637963 0.0765625 0.0759259
0 0.836458 0.462037 0.10625 0.151852
0 0.295833 0.541667 0.0760417 0.0944444
0 0.914583 0.17419 0.0854167 0.0784722
0 0.9375 0.388889 0.113542 0.119444
0 0.132161 0.500926 0.0757812 0.0740741
0 0.975 0.0883102 0.05 0.0668981
0 0.348437 0.859722 0.0489583 0.139815
0 0.202083 0.264352 0.0723958 0.0615741
0 0.223958 0.0939236 0.0591146 0.0542824
0 0.252604 0.0197627 0.0609375 0.0383102
0 0.281315 0.638889 0.0686198 0.0925926
0 0.348437 0.0664931 0.0458333 0.0659722
0 0.153158 0.0583189 0.0645182 0.113918
0 0.258333 0.694444 0.0484375 0.0592593
0 0.331771 0.122338 0.0447917 0.0886574
0 0.326823 0.976852 0.0395833 0.0444444
0 0.323958 0.101736 0.028125 0.0460648
0 0.900521 0.0094184 0.0520833 0.0177951
1 0.326823 0.976852 0.0395833 0.0444444
0 0.40599 0.195023 0.0395833 0.0775463
0 0.340104 0.137269 0.0291667 0.0615741
1 0.596875 0.0916667 0.00625 0.0263889
0 0.334375 0.134028 0.0385417 0.0675926
0 0.341667 0.147685 0.0260417 0.0416667
0 0.40625 0.177083 0.040625 0.109722
1 0.596875 0.0933449 0.00833333 0.0292824
1 0.348437 0.859722 0.0489583 0.139815
0 0.327083 0.112616 0.0354167 0.06875
1 0.597917 0.0914352 0.00625 0.0256944
0 0.73125 0.0344907 0.0479167 0.0497685
0 0.596875 0.0917824 0.00625 0.0261574
1 0.00286458 0.731019 0.00537109 0.012963
0 0.258333 0.715741 0.05 0.105556
0 0.130208 0.00778356 0.0317708 0.0143519
0 0.349219 0.147454 0.0390625 0.0458333
0 0.133464 0.0105179 0.0414063 0.0194734
0 0.723958 0.0297743 0.0489583 0.0534144
0 0.482292 0.133333 0.015625 0.0388889
0 0.727083 0.0329861 0.0645833 0.0641204
0 0.714583 0.0333623 0.0770833 0.0647569
0 0.350521 0.140394 0.0447917 0.0578704
0 0.836458 0.0495949 0.191667 0.0923611
1 0.396875 0.275463 0.00625 0.025
0 0.321354 0.0965278 0.0229167 0.0351852
0 0.343229 0.152662 0.0260417 0.0340278
0 0.596875 0.0954861 0.00833333 0.0321759
0 0.788542 0.0448495 0.170833 0.0862269
0 0.797917 0.0604745 0.266667 0.120949
0 0.138672 0.0073206 0.0479167 0.0133681
0 0.7375 0.0313947 0.05 0.0530671
0 0.351562 0.134057 0.0552083 0.0744792
1 0.003125 0.724074 0.00605469 0.0277778
0 0.417188 0.183218 0.0625 0.0979167
0 0.721354 0.0373843 0.0510417 0.0513889
1 0.323438 0.100579 0.0270833 0.0435185
0 0.258854 0.737037 0.0510417 0.146296
0 0.26569 0.725463 0.0634115 0.124074
0 0.727604 0.0409144 0.053125 0.0510417
1 0.32474 0.179977 0.00729167 0.0136574
1 0.252604 0.0199002 0.0614583 0.0385561
1 0.900521 0.0094184 0.0520833 0.0177951
0 0.273698 0.712037 0.0765625 0.1
1 0.28151 0.638426 0.06875 0.0925926
0 0.343229 0.131742 0.0364583 0.0712384
0 0.648958 0.12662 0.05 0.0722222
1 0.0625 0.557407 0.00924479 0.0157407
1 0.258333 0.694907 0.0484375 0.0601852
1 0.442708 0.418056 0.00729167 0.0138889
1 0.9375 0.388657 0.114583 0.12037
0 0.736979 0.0425926 0.0677083 0.0780093
0 0.353125 0.152894 0.0427083 0.0532407
0 0.351823 0.153009 0.0536458 0.0615741
0 0.320833 0.107639 0.0302083 0.0571759
0 0.597917 0.0914352 0.00625 0.0256944
0 0.272461 0.699537 0.0696615 0.0824074
1 0.398177 0.270602 0.00989583 0.0347222
1 0.336458 0.157176 0.0104167 0.0222222
0 0.728125 0.026454 0.0375 0.0504485
1 0.331771 0.122338 0.0447917 0.0886574
1 0.152995 0.0581597 0.0651042 0.113079
1 0.295573 0.541667 0.0760417 0.0944444
1 0.836458 0.462037 0.10625 0.151852
1 0.348437 0.0664931 0.0458333 0.066088
0 0.786979 0.0539352 0.1 0.0821759
1 0.00354818 0.730093 0.00662435 0.0157407
1 0.404167 0.415972 0.00729167 0.0171296
0 0.561458 0.121962 0.0375 0.0570023
0 0.140755 0.0149595 0.0585938 0.0288773
1 0.00399577 0.723148 0.0078125 0.0333333
0 0.14401 0.00772569 0.0630208 0.0149306
0 0.710417 0.0440972 0.0854167 0.0851852
0 0.794271 0.049783 0.0760417 0.0738137
1 0.598958 0.0920139 0.00833333 0.0284722
1 0.132324 0.500926 0.0759766 0.0740741
1 0.720833 0.20787 0.00833333 0.0217593
1 0.975 0.0881944 0.05 0.0668981
1 0.0557943 0.802315 0.0947917 0.0981481
0 0.761458 0.561574 0.0645833 0.0990741
0 0.402604 0.552778 0.04375 0.111111
0 0.0557292 0.801852 0.0947917 0.0981481
0 0.147689 0.434722 0.0660807 0.0648148
0 0.0765625 0.710185 0.0807292 0.0814815
0 0.0927734 0.637963 0.0764323 0.0759259
0 0.772917 0.215856 0.1125 0.119676
0 0.180729 0.329167 0.0734375 0.0615741
0 0.295833 0.540741 0.0760417 0.0944444
0 0.348437 0.859722 0.0489583 0.139815
0 0.836458 0.462037 0.10625 0.150926
0 0.9375 0.389815 0.1125 0.12037
0 0.975 0.0885417 0.05 0.0664352
0 0.132259 0.500463 0.0755859 0.0731481
0 0.223958 0.0944444 0.059375 0.0550926
0 0.914583 0.173264 0.0854167 0.0793981
0 0.201823 0.265278 0.0723958 0.062037
0 0.28099 0.638426 0.0682292 0.0916667
0 0.252734 0.0198495 0.0606771 0.0384259
0 0.348437 0.0670139 0.0458333 0.0673611
0 0.258594 0.694444 0.0489583 0.0592593
0 0.153092 0.0586806 0.0646484 0.11412
0 0.326562 0.976852 0.0395833 0.0444444
0 0.332031 0.122454 0.0453125 0.0895833
0 0.324479 0.103009 0.0291667 0.0486111
0 0.9 0.00912905 0.0541667 0.0182581
1 0.597396 0.0918982 0.00729167 0.0280093
0 0.40625 0.19537 0.0401042 0.0782407
1 0.326562 0.976852 0.0395833 0.0444444
0 0.338802 0.136806 0.0328125 0.062963
0 0.482292 0.133218 0.015625 0.0391204
0 0.898958 0.00920139 0.05625 0.0184028
0 0.340885 0.143519 0.0296875 0.05
1 0.00288086 0.731019 0.00537109 0.012963
0 0.129948 0.0083478 0.0307292 0.0153646
0 0.597396 0.0920139 0.00729167 0.0277778
1 0.396875 0.274074 0.00625 0.0287037
1 0.596875 0.0975694 0.00833333 0.037037
0 0.735417 0.0354745 0.0583333 0.0533565
0 0.407031 0.17662 0.0416667 0.116204
0 0.720833 0.0333623 0.0541667 0.0545718
1 0.442708 0.417593 0.00729167 0.0138889
0 0.725 0.0343171 0.075 0.0670139
1 0.325 0.180093 0.00729167 0.0134259
0 0.834375 0.0579282 0.19375 0.114699
0 0.134505 0.010026 0.0414063 0.0183738
1 0.348437 0.859722 0.0489583 0.139815
0 0.341927 0.151968 0.0260417 0.0335648
0 0.35 0.144676 0.04375 0.0490741
0 0.794792 0.0600116 0.272917 0.120023
0 0.334115 0.144444 0.0385417 0.0472222
0 0.727604 0.0380208 0.05625 0.0508102
1 0.00299479 0.724074 0.00585938 0.0277778
0 0.561979 0.122917 0.0395833 0.05625
0 0.65 0.127199 0.05 0.0719907
0 0.713542 0.0315394 0.0791667 0.0616898
1 0.598958 0.0921296 0.00833333 0.0303241
1 0.348958 0.0670718 0.0458333 0.0672454
1 0.258073 0.693981 0.0494792 0.0583333
1 0.482812 0.129745 0.0114583 0.0321759
0 0.795833 0.0465567 0.20625 0.0931134
0 0.325521 0.110185 0.0328125 0.0641204
0 0.596875 0.0975694 0.00833333 0.037037
0 0.741667 0.0304326 0.053125 0.0546441
0 0.41875 0.183681 0.0651042 0.107176
1 0.9375 0.389352 0.1125 0.121296
1 0.152865 0.0590278 0.0651042 0.114815
0 0.735417 0.046412 0.0770833 0.0880787
1 0.28099 0.638426 0.0677083 0.0916667
0 0.735417 0.0274016 0.046875 0.0502894
0 0.717188 0.0433449 0.084375 0.0834491
0 0.744792 0.0387153 0.075 0.0752315
1 0.325 0.103733 0.0302083 0.0504051
0 0.134505 0.0144676 0.0466146 0.0278935
0 0.321354 0.0969907 0.0234375 0.0365741
1 0.404167 0.416667 0.00729167 0.0185185
1 0.295898 0.540741 0.0759115 0.0925926
0 0.557292 0.118056 0.0375 0.0571759
1 0.397396 0.277546 0.00833333 0.0365741
0 0.146745 0.00837674 0.0671875 0.0167535
1 0.252734 0.0198206 0.0606771 0.038831
1 0.131999 0.500926 0.0755859 0.0740741
1 0.9 0.00912905 0.0541667 0.0182581
1 0.720833 0.208333 0.00729167 0.0222222
0 0.348698 0.131134 0.0598958 0.0784722
0 0.140495 0.082581 0.0901042 0.159606
1 0.332292 0.122656 0.0458333 0.0898727
0 0.5625 0.131597 0.0385417 0.0388889
0 0.263802 0.711111 0.0583333 0.0962963
1 0.404167 0.418981 0.00833333 0.0240741
0 0.341406 0.154514 0.0213542 0.0280093
1 0.336458 0.156944 0.009375 0.0222222
1 0.836458 0.462037 0.10625 0.15
1 0.130469 0.00908565 0.0309896 0.0167245
1 0.975 0.0883102 0.05 0.0659722
0 0.411458 0.170486 0.0510417 0.13588
1 0.00385742 0.722222 0.00761719 0.0351852
1 0.324479 0.179398 0.0104167 0.0152778
0 0.483073 0.130324 0.0125 0.0335648
1 0.224219 0.0945602 0.059375 0.0553241
0 0.713542 0.0305266 0.05625 0.0495949
0 0.761458 0.561574 0.0645833 0.0990741
0 0.0556641 0.801852 0.0946615 0.0981481
0 0.402604 0.552778 0.0432292 0.111111
0 0.147656 0.434954 0.0658854 0.0643518
0 0.0930339 0.6375 0.0766927 0.0768519
0 0.201823 0.265509 0.0723958 0.0625
0 0.975 0.0886574 0.05 0.0662037
0 0.180729 0.32963 0.0734375 0.0611111
0 0.0764323 0.710648 0.0809896 0.0814815
0 0.295833 0.541204 0.0755208 0.0935185
0 0.772917 0.215972 0.1125 0.119907
0 0.348437 0.859722 0.0489583 0.139815
0 0.836458 0.4625 0.10625 0.15
0 0.132161 0.500926 0.0755208 0.0740741
0 0.9375 0.390278 0.1125 0.121296
0 0.224219 0.0947917 0.0598958 0.0560185
0 0.914583 0.173148 0.0854167 0.0796296
0 0.280794 0.638889 0.0675781 0.0925926
0 0.252734 0.0199074 0.0606771 0.0387731
0 0.348958 0.0671441 0.0458333 0.0675637
0 0.258594 0.694444 0.0494792 0.0592593
0 0.153125 0.059592 0.0645833 0.116464
0 0.332031 0.122801 0.0458333 0.0900463
0 0.326302 0.976852 0.0401042 0.0444444
0 0.324479 0.102894 0.0291667 0.0486111
0 0.9 0.00930266 0.0541667 0.0186053
0 0.898958 0.00928819 0.05625 0.0185764
1 0.597396 0.0922454 0.00729167 0.0284722
1 0.326042 0.976852 0.040625 0.0444444
0 0.482292 0.13287 0.0151042 0.0393519
0 0.40625 0.195833 0.0395833 0.0768519
0 0.340104 0.13912 0.0322917 0.0583333
1 0.596875 0.0975116 0.00833333 0.0371528
0 0.342708 0.145949 0.03125 0.0456019
0 0.13151 0.0100984 0.0348958 0.0185185
1 0.00289714 0.731481 0.00537109 0.012963
1 0.396875 0.274074 0.00625 0.0296296
1 0.482812 0.127083 0.009375 0.0277778
0 0.597396 0.0922454 0.00729167 0.0284722
1 0.442708 0.417593 0.00729167 0.0138889
1 0.348437 0.859722 0.0489583 0.139815
1 0.00284017 0.728704 0.00541992 0.0175926
0 0.836458 0.0585648 0.191667 0.11713
0 0.407292 0.175 0.0416667 0.116204
0 0.349479 0.145139 0.0432292 0.0476852
0 0.134505 0.00807292 0.0401042 0.0153935
0 0.720833 0.0346644 0.0541667 0.0520833
0 0.333854 0.134722 0.0427083 0.0668981
0 0.342187 0.15162 0.0260417 0.0347222
0 0.90625 0.00947627 0.0416667 0.0170428
0 0.5625 0.123958 0.040625 0.056713
0 0.334896 0.14537 0.0375 0.0458333
0 0.731771 0.0367187 0.0458333 0.0475116
0 0.596875 0.0975116 0.00833333 0.0371528
1 0.00297038 0.724074 0.00579427 0.0259259
1 0.325 0.180093 0.00729167 0.0134259
1 0.9375 0.390046 0.1125 0.121759
0 0.73125 0.0338542 0.0354167 0.0412037
0 0.32526 0.111372 0.0328125 0.0670718
0 0.65 0.127749 0.05 0.0722801
0 0.5625 0.1375 0.0395833 0.0314815
0 0.13304 0.0130787 0.0427734 0.0252894
0 0.417188 0.185069 0.0619792 0.100694
0 0.348437 0.129196 0.0604167 0.0809606
1 0.280469 0.638889 0.0671875 0.0925926
0 0.350521 0.141782 0.0541667 0.0578704
1 0.397135 0.277315 0.00833333 0.0361111
1 0.295833 0.540741 0.0755208 0.0925926
1 0.348958 0.0673032 0.0458333 0.0677083
0 0.564583 0.13287 0.04375 0.0425926
0 0.263542 0.711111 0.0578125 0.0962963
0 0.145605 0.00859375 0.0645182 0.0171875
1 0.152897 0.0603154 0.0650391 0.117795
1 0.132031 0.500926 0.0757812 0.0740741
0 0.139876 0.0837963 0.0916016 0.164352
1 0.720833 0.208565 0.00729167 0.0231481
0 0.725 0.0344329 0.0708333 0.0667824
0 0.129948 0.00772569 0.0296875 0.0154514
0 0.741667 0.0327546 0.05 0.0489583
0 0.556771 0.118519 0.0385417 0.0553241
1 0.836458 0.4625 0.10625 0.15
1 0.252865 0.0199363 0.0604167 0.0389468
0 0.739583 0.0396701 0.05625 0.0515625
0 0.711458 0.035272 0.0770833 0.0671875
0 0.734375 0.0300926 0.0625 0.0601852
1 0.324479 0.103819 0.0302083 0.0506944
0 0.321875 0.0938079 0.0229167 0.034375
1 0.332031 0.122801 0.0458333 0.0900463
1 0.404167 0.416667 0.00729167 0.0185185
1 0.258333 0.693981 0.0494792 0.0583333
0 0.258854 0.725 0.0505208 0.12037
1 0.209635 0.0389468 0.00572917 0.0144676
1 0.336719 0.156829 0.00989583 0.0231481
0 0.571354 0.120949 0.0572917 0.0650463
0 0.836458 0.462037 0.10625 0.15
0 0.055599 0.801852 0.0947917 0.0981481
0 0.761458 0.561111 0.0645833 0.1
0 0.147656 0.434954 0.0658854 0.0643518
0 0.0764323 0.711111 0.0811198 0.0814815
0 0.402604 0.552778 0.04375 0.111111
0 0.0928223 0.6375 0.0765951 0.0768519
0 0.975 0.0887153 0.05 0.0663194
0 0.180729 0.32963 0.0734375 0.0611111
0 0.772917 0.215972 0.1125 0.119907
0 0.295833 0.540741 0.0755208 0.0925926
0 0.348437 0.860185 0.0489583 0.138889
0 0.936979 0.390278 0.1125 0.121296
0 0.132031 0.500926 0.0755208 0.0722222
0 0.914583 0.173148 0.0854167 0.0796296
0 0.280729 0.638889 0.0677083 0.0925926
0 0.201823 0.265741 0.0726563 0.062963
0 0.224219 0.0949074 0.0598958 0.0560185
0 0.348958 0.0670718 0.0458333 0.0674769
0 0.252734 0.0199942 0.0606771 0.038831
0 0.258854 0.694444 0.0494792 0.0592593
0 0.153092 0.0593605 0.0641276 0.116001
0 0.332031 0.122801 0.0463542 0.0900463
0 0.326302 0.976852 0.0401042 0.0444444
0 0.898438 0.00924479 0.0583333 0.0184896
0 0.324479 0.103125 0.0302083 0.0490741
0 0.897917 0.00907118 0.0583333 0.0181424
1 0.597396 0.0923611 0.00729167 0.0289352
0 0.482292 0.13287 0.0151042 0.0388889
0 0.40625 0.195833 0.0395833 0.0773148
1 0.326042 0.976852 0.040625 0.0444444
0 0.341146 0.139583 0.03125 0.0574074
0 0.343229 0.145833 0.0302083 0.0458333
1 0.596875 0.0975116 0.00833333 0.0373843
0 0.13112 0.0100984 0.0341146 0.0184606
1 0.482812 0.126852 0.009375 0.0268519
0 0.905729 0.00975116 0.0427083 0.0171296
0 0.336198 0.136806 0.0390625 0.062963
1 0.442708 0.417824 0.00729167 0.0138889
1 0.396875 0.273843 0.00625 0.0296296
1 0.00291341 0.731481 0.00533854 0.012963
1 0.348698 0.859722 0.0484375 0.139815
0 0.134342 0.00827546 0.0396484 0.0155671
0 0.597396 0.0923611 0.00729167 0.0289352
0 0.342708 0.15162 0.0260417 0.0347222
0 0.407031 0.174306 0.0421875 0.118056
0 0.35 0.141551 0.0447917 0.0541667
0 0.5625 0.12338 0.0416667 0.0587963
0 0.720833 0.0337674 0.0552083 0.0539931
0 0.8375 0.0581019 0.190625 0.116204
0 0.563021 0.137269 0.040625 0.0328704
0 0.133333 0.0125579 0.04375 0.0242477
0 0.334896 0.145602 0.0369792 0.0453704
0 0.351042 0.129601 0.05625 0.0796875
0 0.65 0.128935 0.05 0.0738426
0 0.263281 0.710185 0.0572917 0.0944444
1 0.9375 0.390046 0.1125 0.121759
0 0.596875 0.0975116 0.00833333 0.0373843
1 0.325 0.180093 0.00729167 0.0134259
0 0.564583 0.132755 0.0447917 0.044213
1 0.00303548 0.724074 0.00585938 0.0277778
1 0.295833 0.540741 0.0755208 0.0925926
0 0.728125 0.0326389 0.0416667 0.0425926
1 0.153092 0.0600116 0.0646484 0.117245
1 0.720833 0.208218 0.00729167 0.0229167
0 0.343229 0.131742 0.0385417 0.0721643
0 0.145964 0.00859375 0.0648438 0.0171875
1 0.397135 0.277315 0.00833333 0.0361111
1 0.131999 0.500926 0.0755859 0.0740741
1 0.836458 0.462037 0.10625 0.15
1 0.280469 0.638889 0.0671875 0.0916667
0 0.130078 0.0077691 0.0302083 0.0155382
0 0.557292 0.118634 0.0385417 0.0576389
1 0.348958 0.0670718 0.0458333 0.0672454
0 0.727604 0.0381944 0.0510417 0.0508102
0 0.734375 0.0362269 0.04375 0.0478009
0 0.341406 0.154051 0.0213542 0.0296296
0 0.13877 0.083912 0.0938151 0.164583
1 0.482812 0.123148 0.00729167 0.0217593
0 0.417188 0.184375 0.0619792 0.0979167
1 0.332031 0.122685 0.0463542 0.0902778
0 0.260156 0.726852 0.0536458 0.125926
1 0.252734 0.0199942 0.0606771 0.038831
0 0.572917 0.129398 0.059375 0.0550926
0 0.713542 0.0347222 0.0791667 0.06875
1 0.258398 0.693981 0.0498698 0.0583333
0 0.121354 0.0168113 0.0734375 0.0336227
0 0.321875 0.094213 0.0239583 0.0344907
0 0.577083 0.118721 0.0666667 0.0695023
1 0.926562 0.0702546 0.00520833 0.018287
0 0.273958 0.712037 0.078125 0.0990741
1 0.130469 0.00943287 0.0309896 0.0173611
0 0.741667 0.0312572 0.05 0.0505642
0 0.115755 0.0349537 0.0289063 0.0685185
1 0.761458 0.561111 0.0645833 0.1
1 0.0557292 0.801852 0.0947917 0.0981481
0 0.0556641 0.801852 0.0947917 0.0981481
0 0.761458 0.561111 0.0645833 0.1
0 0.0764323 0.711111 0.08125 0.0814815
0 0.147656 0.434954 0.0658854 0.0643518
0 0.402604 0.552778 0.04375 0.111111
0 0.975 0.0887153 0.05 0.0663194
0 0.0927734 0.6375 0.0766927 0.0768519
0 0.772917 0.215972 0.1125 0.119907
0 0.180729 0.32963 0.0734375 0.0611111
0 0.295833 0.540741 0.0755208 0.0925926
0 0.9375 0.390278 0.1125 0.121296
0 0.836458 0.462037 0.10625 0.15
0 0.132031 0.500926 0.0757812 0.0722222
0 0.348437 0.860185 0.0489583 0.138889
0 0.201823 0.265741 0.0723958 0.0625
0 0.914062 0.173148 0.0864583 0.0796296
0 0.224219 0.0949074 0.0598958 0.0560185
0 0.280469 0.638889 0.0671875 0.0916667
0 0.348958 0.0671875 0.0463542 0.0679398
0 0.252604 0.0199725 0.0609375 0.0388744
0 0.258854 0.694444 0.0494792 0.0592593
0 0.153255 0.0598958 0.0640625 0.117245
0 0.332031 0.122801 0.0463542 0.0900463
0 0.326302 0.977778 0.040625 0.0444444
0 0.898958 0.00923032 0.0583333 0.0184606
0 0.897917 0.00910012 0.0583333 0.0182002
0 0.324479 0.104282 0.03125 0.0520833
1 0.597396 0.0918982 0.00729167 0.0284722
0 0.482292 0.13287 0.0151042 0.0393519
1 0.326042 0.976852 0.040625 0.0444444
0 0.40625 0.195949 0.0395833 0.0770833
0 0.341146 0.139352 0.03125 0.0578704
0 0.343229 0.145602 0.0296875 0.0462963
1 0.482812 0.126273 0.00833333 0.0252315
0 0.130729 0.0101273 0.0338542 0.0185764
0 0.905729 0.00969329 0.0427083 0.0173611
1 0.596875 0.0974537 0.00833333 0.0375
1 0.442708 0.417824 0.00729167 0.0143519
0 0.336198 0.13669 0.0390625 0.0631944
1 0.348698 0.860185 0.0484375 0.140741
1 0.00292969 0.731481 0.00535482 0.012963
1 0.597917 0.093287 0.009375 0.0326389
0 0.597396 0.0920139 0.00729167 0.0282407
0 0.406771 0.174537 0.0416667 0.11713
1 0.396875 0.273611 0.00625 0.0291667
0 0.14974 0.0772569 0.0726563 0.151505
0 0.349479 0.141435 0.0427083 0.0541667
0 0.342708 0.151852 0.0260417 0.0342593
0 0.561458 0.120949 0.0447917 0.0625
0 0.720833 0.0336227 0.05625 0.056713
0 0.566667 0.127286 0.05 0.0551505
0 0.326042 0.113889 0.0354167 0.0722222
0 0.5625 0.136806 0.0395833 0.0333333
0 0.133333 0.0128183 0.0447917 0.0248264
0 0.838542 0.0578704 0.189583 0.115741
0 0.65 0.128964 0.05 0.0740162
0 0.350521 0.128212 0.0578125 0.0820023
0 0.263281 0.709722 0.0572917 0.0925926
1 0.483333 0.128241 0.0114583 0.0259259
0 0.342969 0.131134 0.0369792 0.0738426
0 0.351823 0.139352 0.0546875 0.0611111
0 0.334896 0.145602 0.0354167 0.0456019
1 0.153125 0.0603009 0.0645833 0.117824
1 0.482812 0.123148 0.00729167 0.0222222
0 0.136751 0.0861111 0.0983724 0.169907
1 0.295833 0.540741 0.0755208 0.0925926
1 0.325 0.180093 0.00729167 0.0134259
1 0.9375 0.390278 0.113542 0.122222
1 0.280143 0.638889 0.0667969 0.0916667
0 0.729167 0.0323495 0.0395833 0.0420139
1 0.258398 0.693981 0.0498698 0.0583333
1 0.132161 0.500926 0.0755208 0.0740741
1 0.00307617 0.724537 0.00589193 0.0268519
1 0.332031 0.122685 0.0463542 0.0902778
0 0.115625 0.0350694 0.0289063 0.06875
0 0.322135 0.0945602 0.0244792 0.0351852
1 0.252734 0.0200231 0.0606771 0.0389468
1 0.720833 0.208565 0.00833333 0.0236111
0 0.572917 0.120804 0.0604167 0.0676505
0 0.130078 0.00789931 0.0307292 0.0157986
0 0.145703 0.00842014 0.0640625 0.0168403
0 0.596875 0.0974537 0.00833333 0.0375
1 0.348958 0.0672454 0.0463542 0.0678241
0 0.260156 0.726389 0.0536458 0.125926
0 0.727083 0.0383681 0.05 0.0505787
0 0.733333 0.0365162 0.0395833 0.0467593
1 0.397396 0.277315 0.00833333 0.0361111
0 0.417188 0.183565 0.0614583 0.0967593
0 0.710417 0.0349826 0.0770833 0.0696181
1 0.483073 0.121528 0.0104167 0.0296296
0 0.320312 0.112731 0.0333333 0.068287
0 0.351042 0.110388 0.0541667 0.111632
1 0.836458 0.462153 0.10625 0.149769
0 0.125651 0.0186632 0.0643229 0.0373264
1 0.48125 0.128704 0.0114583 0.0328704
1 0.926562 0.0702546 0.00520833 0.0180556
0 0.836458 0.462037 0.10625 0.15
0 0.975 0.0887153 0.05 0.0665509
0 0.0557292 0.801852 0.0947917 0.0972222
0 0.761458 0.561111 0.0645833 0.1
0 0.076416 0.711111 0.0812825 0.0814815
0 0.147689 0.434954 0.0660807 0.0643518
0 0.0927246 0.6375 0.0767904 0.0768519
0 0.402604 0.552778 0.04375 0.111111
0 0.773438 0.215972 0.113542 0.119907
0 0.180729 0.32963 0.0734375 0.0611111
0 0.295833 0.540741 0.0755208 0.0925926
0 0.9375 0.390278 0.113542 0.121296
0 0.348437 0.859722 0.0489583 0.139815
0 0.132161 0.500926 0.0757812 0.0722222
0 0.201823 0.265741 0.0723958 0.062037
0 0.914062 0.17338 0.0864583 0.0791667
0 0.224219 0.0949653 0.0598958 0.0559028
0 0.280469 0.638889 0.0671875 0.0925926
0 0.348958 0.0673032 0.0463542 0.0681713
0 0.252734 0.0199942 0.0606771 0.038831
0 0.258854 0.694444 0.0494792 0.0592593
0 0.153385 0.0596644 0.0640625 0.116782
0 0.331771 0.122888 0.0458333 0.0898727
0 0.326042 0.977778 0.040625 0.0444444
0 0.898958 0.00920139 0.0583333 0.0184028
0 0.32474 0.103038 0.0307292 0.0490162
1 0.597396 0.0918982 0.00729167 0.0284722
0 0.482292 0.133218 0.0145833 0.0386574
0 0.40625 0.196296 0.0401042 0.0768519
1 0.326042 0.976852 0.040625 0.0444444
0 0.341146 0.139468 0.03125 0.0576389
1 0.482812 0.126042 0.00833333 0.024537
0 0.342187 0.147917 0.0270833 0.0416667
0 0.130859 0.0105035 0.0335938 0.0195023
1 0.442708 0.417824 0.00729167 0.0143519
0 0.905729 0.00964988 0.0427083 0.0175058
1 0.596875 0.0976273 0.00833333 0.0373843
0 0.347917 0.144907 0.0385417 0.0476852
1 0.597917 0.0931713 0.009375 0.0324074
0 0.597396 0.0918982 0.00729167 0.0282407
1 0.396875 0.273611 0.00625 0.0287037
0 0.130599 0.0078125 0.0315104 0.0153356
1 0.00292969 0.731481 0.00537109 0.012963
0 0.14974 0.0783565 0.0726563 0.153704
1 0.348958 0.860185 0.0489583 0.140741
0 0.406771 0.174074 0.0411458 0.118519
0 0.336458 0.13669 0.0385417 0.062963
0 0.561458 0.121181 0.0458333 0.0627315
0 0.263477 0.708796 0.0574219 0.0907407
0 0.719792 0.0336878 0.0583333 0.0580874
0 0.838542 0.0578125 0.191667 0.115625
0 0.567708 0.127431 0.0520833 0.0560185
0 0.132422 0.0137731 0.0442708 0.0265625
0 0.321875 0.0982639 0.0265625 0.0398148
1 0.483333 0.128472 0.0114583 0.0261574
0 0.326042 0.11412 0.0359375 0.0726852
0 0.136849 0.0860532 0.0979167 0.170023
0 0.9 0.00962095 0.0552083 0.0192419
0 0.35 0.12827 0.0583333 0.0823495
0 0.65 0.128704 0.05 0.0736111
0 0.5625 0.136806 0.0395833 0.0333333
0 0.351562 0.139236 0.0552083 0.0615741
0 0.342708 0.131019 0.0364583 0.0740741
1 0.153125 0.0600116 0.0645833 0.117014
1 0.295833 0.540278 0.0755208 0.0916667
0 0.334896 0.145602 0.0354167 0.0456019
0 0.115234 0.0348958 0.0294271 0.068287
1 0.258398 0.693981 0.0498698 0.0583333
1 0.252734 0.0199942 0.0606771 0.0388889
0 0.320573 0.112037 0.0328125 0.0666667
1 0.9375 0.390278 0.113542 0.122222
0 0.728125 0.0316262 0.0416667 0.0453125
0 0.710417 0.0350984 0.0770833 0.0696181
1 0.325 0.179977 0.00729167 0.0134259
1 0.332031 0.122801 0.0463542 0.0900463
1 0.132161 0.500926 0.0755208 0.0740741
0 0.572917 0.121528 0.0604167 0.0671296
1 0.836458 0.462037 0.10625 0.15
1 0.280143 0.638889 0.0667969 0.0916667
0 0.596875 0.0976273 0.00833333 0.0373843
0 0.564583 0.13287 0.0458333 0.0435185
1 0.0030599 0.724074 0.00592448 0.0259259
0 0.260156 0.725 0.0536458 0.122222
0 0.127474 0.0272569 0.0492188 0.052662
0 0.341667 0.153935 0.021875 0.0300926
1 0.397135 0.277083 0.00833333 0.0351852
1 0.348958 0.0673611 0.0463542 0.0680556
0 0.27181 0.699537 0.0667969 0.0759259
0 0.733333 0.0366319 0.0416667 0.0480324
0 0.351302 0.109838 0.0541667 0.112731
0 0.416667 0.184491 0.0604167 0.0939815
0 0.127311 0.0216146 0.0578776 0.0432292
0 0.145833 0.00807292 0.0645833 0.0161458
1 0.48099 0.128472 0.0114583 0.0324074
0 0.975 0.0886574 0.05 0.0659722
0 0.0557292 0.801852 0.0949219 0.0981481
0 0.761458 0.561111 0.0645833 0.1
0 0.0763672 0.711111 0.0813802 0.0814815
0 0.147656 0.435185 0.0661458 0.0648148
0 0.0927734 0.637963 0.0769531 0.0768519
0 0.402604 0.552778 0.04375 0.111111
0 0.773438 0.215972 0.113542 0.119907
0 0.180729 0.32963 0.0734375 0.0611111
0 0.836458 0.462037 0.10625 0.15
0 0.348437 0.859722 0.0489583 0.139815
0 0.295898 0.540741 0.0759115 0.0925926
0 0.132161 0.500926 0.0755208 0.0731481
0 0.9375 0.390278 0.113542 0.121296
0 0.201823 0.265741 0.0723958 0.062037
0 0.914062 0.173495 0.0864583 0.0789352
0 0.224089 0.0949074 0.0596354 0.055787
0 0.280208 0.638889 0.0671875 0.0925926
0 0.348958 0.0671875 0.0463542 0.0679398
0 0.252734 0.0200231 0.0606771 0.0388889
0 0.258854 0.694444 0.0494792 0.0592593
0 0.153353 0.059838 0.0641276 0.11713
0 0.332031 0.122917 0.0458333 0.0898148
0 0.326042 0.977778 0.040625 0.0444444
0 0.898958 0.00920139 0.0572917 0.0184028
0 0.324479 0.102662 0.0302083 0.0483796
0 0.899479 0.00923032 0.0552083 0.0184606
1 0.597396 0.0917824 0.00729167 0.0282407
0 0.482292 0.133218 0.0151042 0.0388889
1 0.326042 0.976852 0.040625 0.0444444
0 0.40625 0.196412 0.040625 0.0766204
0 0.341146 0.139699 0.03125 0.0571759
1 0.482812 0.125694 0.00833333 0.0238426
0 0.343229 0.145602 0.0296875 0.0462963
1 0.442708 0.417593 0.00729167 0.0138889
0 0.130729 0.0105324 0.0335938 0.0195023
0 0.905208 0.00964988 0.04375 0.0175637
1 0.481771 0.127315 0.009375 0.0236111
1 0.597917 0.095081 0.009375 0.0364583
1 0.348958 0.860185 0.0489583 0.140741
1 0.396875 0.273843 0.00625 0.0277778
0 0.148438 0.0814236 0.075 0.160069
0 0.321615 0.0980903 0.0255208 0.0394676
0 0.597396 0.0918982 0.00729167 0.0282407
1 0.00293783 0.731481 0.00537109 0.012963
0 0.130501 0.00766782 0.0311849 0.0148727
0 0.336458 0.137037 0.0380208 0.062037
0 0.406771 0.173843 0.040625 0.119444
0 0.325781 0.114005 0.0354167 0.0722222
0 0.349479 0.141667 0.0427083 0.0537037
0 0.342708 0.152083 0.0260417 0.0342593
0 0.264062 0.709259 0.0583333 0.0907407
0 0.839063 0.0578704 0.189583 0.115741
0 0.134505 0.0895833 0.102604 0.177315
0 0.320312 0.111806 0.0328125 0.0659722
1 0.483333 0.128241 0.0114583 0.025463
0 0.561979 0.121412 0.0458333 0.0631944
0 0.719792 0.0336227 0.0604167 0.0584491
0 0.567708 0.128241 0.0520833 0.0555556
0 0.35 0.128125 0.059375 0.0821759
0 0.132422 0.0142867 0.0447917 0.027445
1 0.596354 0.0980324 0.009375 0.0386574
0 0.5625 0.136921 0.0395833 0.0337963
0 0.351302 0.139352 0.0567708 0.0615741
0 0.329688 0.104427 0.0395833 0.051794
0 0.342708 0.131221 0.0375 0.073669
0 0.649479 0.12798 0.0510417 0.0722801
0 0.334896 0.145833 0.0354167 0.0453704
1 0.153125 0.0601273 0.0645833 0.117014
0 0.710417 0.0348958 0.0760417 0.0689815
1 0.295833 0.540278 0.0755208 0.0916667
1 0.252734 0.0200304 0.0606771 0.0388744
1 0.258398 0.693981 0.0498698 0.0583333
0 0.727604 0.0306134 0.04375 0.0488426
1 0.325 0.179977 0.00729167 0.0134259
0 0.315625 0.102778 0.034375 0.049537
1 0.332031 0.122888 0.0463542 0.0898727
1 0.397135 0.277083 0.0078125 0.0333333
1 0.0030599 0.724074 0.00592448 0.0268519
1 0.280273 0.638889 0.0665365 0.0916667
0 0.260417 0.724074 0.0536458 0.12037
1 0.9375 0.390278 0.114583 0.122222
1 0.403906 0.416898 0.00729167 0.0189815
0 0.115104 0.0346354 0.0296875 0.0675347
1 0.132259 0.500926 0.0755859 0.0740741
0 0.572917 0.121991 0.0604167 0.0666667
0 0.127116 0.0272569 0.0499349 0.052662
0 0.888021 0.00943287 0.0802083 0.0188657
0 0.564583 0.133333 0.0458333 0.043287
1 0.348958 0.0672454 0.0458333 0.0678241
0 0.351302 0.109057 0.0546875 0.113831
0 0.145833 0.00771123 0.0645833 0.0154225
0 0.272396 0.699074 0.0661458 0.075
1 0.48125 0.128472 0.0114583 0.0321759
0 0.732813 0.0361111 0.0427083 0.0488426
1 0.836458 0.462037 0.10625 0.15
0 0.596875 0.0975116 0.00833333 0.0371528
1 0.209766 0.0385706 0.00546875 0.0135995
0 0.869792 0.00989583 0.122917 0.0197917
0 0.975 0.0887153 0.05 0.0665509
0 0.402604 0.552778 0.04375 0.111111
0 0.0557292 0.801852 0.0947917 0.0981481
0 0.761458 0.561111 0.0645833 0.1
0 0.348698 0.859722 0.0484375 0.139815
0 0.0763672 0.710648 0.0813802 0.0814815
0 0.147656 0.435185 0.0661458 0.0648148
0 0.0927734 0.637963 0.0769531 0.0768519
0 0.773438 0.215972 0.113542 0.119907
0 0.180729 0.329398 0.0734375 0.0611111
0 0.295898 0.540741 0.0759115 0.0925926
0 0.836458 0.462037 0.10625 0.15
0 0.9375 0.390278 0.113542 0.121296
0 0.132161 0.500926 0.0757812 0.0731481
0 0.201823 0.265741 0.0723958 0.062037
0 0.224089 0.0948495 0.0596354 0.0554398
0 0.914062 0.173611 0.0864583 0.0787037
0 0.280208 0.638889 0.0671875 0.0925926
0 0.348958 0.0671875 0.0463542 0.0679398
0 0.252734 0.0199725 0.0606771 0.0388744
0 0.258854 0.694444 0.0494792 0.0592593
0 0.332031 0.122917 0.0458333 0.0895833
0 0.153255 0.059621 0.0643229 0.116406
0 0.326042 0.977778 0.040625 0.0444444
0 0.898958 0.00917245 0.0572917 0.0183449
0 0.324479 0.102431 0.0302083 0.0479167
1 0.597396 0.0917824 0.00729167 0.0284722
0 0.482292 0.133333 0.015625 0.0388889
1 0.326042 0.977778 0.040625 0.0444444
0 0.40625 0.196528 0.0401042 0.0768519
0 0.341146 0.139699 0.0307292 0.0571759
1 0.442708 0.417593 0.00729167 0.0138889
1 0.482812 0.125694 0.00833333 0.0238426
0 0.342187 0.148148 0.0270833 0.0412037
0 0.130599 0.0105035 0.0330729 0.0195023
1 0.348698 0.860185 0.0484375 0.140741
1 0.396875 0.273843 0.00625 0.0273148
1 0.597917 0.0947917 0.009375 0.0358796
0 0.347396 0.144676 0.0380208 0.0481481
0 0.905208 0.00963542 0.04375 0.0175926
1 0.596875 0.0973958 0.00833333 0.0371528
0 0.145866 0.0869213 0.0801432 0.171065
1 0.00292969 0.731481 0.00537109 0.012963
0 0.321354 0.0978588 0.025 0.0390046
0 0.406771 0.174306 0.040625 0.119444
0 0.597396 0.0918982 0.00729167 0.0282407
0 0.130241 0.00746528 0.0306641 0.0144097
0 0.325521 0.113773 0.034375 0.0715278
0 0.264583 0.708796 0.0588542 0.0907407
0 0.320312 0.111574 0.0322917 0.0652778
0 0.132943 0.0946759 0.10599 0.1875
1 0.598958 0.0917824 0.00833333 0.0305556
0 0.334635 0.140509 0.0401042 0.055787
0 0.839063 0.0576968 0.189583 0.115394
0 0.5625 0.121412 0.0458333 0.0641204
0 0.35026 0.128212 0.0588542 0.0820023
0 0.567708 0.128241 0.0520833 0.0564815
1 0.483333 0.128241 0.0114583 0.025463
0 0.329688 0.104514 0.0395833 0.0518519
0 0.719792 0.0337891 0.0604167 0.0571904
0 0.5625 0.136806 0.0395833 0.0342593
0 0.342708 0.131279 0.0375 0.0735532
0 0.131803 0.0144748 0.0431641 0.0276476
0 0.709896 0.0348958 0.075 0.0684028
0 0.352083 0.140972 0.046875 0.0560185
1 0.153125 0.059838 0.0645833 0.116435
0 0.649479 0.128009 0.0510417 0.0722222
1 0.258398 0.693981 0.0498698 0.0583333
0 0.9 0.00954861 0.0552083 0.0190972
1 0.396875 0.277083 0.00729167 0.0328704
1 0.403906 0.416667 0.00729167 0.0185185
1 0.295833 0.540741 0.0755208 0.0925926
1 0.325 0.179861 0.00729167 0.0134259
1 0.252734 0.0200231 0.0606771 0.0388889
0 0.315625 0.102575 0.034375 0.0490162
1 0.0030599 0.724074 0.00592448 0.0259259
0 0.341406 0.154167 0.021875 0.0296296
0 0.272135 0.699537 0.0661458 0.0759259
0 0.727604 0.030447 0.0427083 0.0483652
0 0.260417 0.723148 0.0541667 0.118519
0 0.351042 0.109288 0.0552083 0.113368
0 0.564583 0.133102 0.0447917 0.0439815
1 0.280273 0.638889 0.0665365 0.0916667
0 0.114909 0.0346065 0.0300781 0.0673611
1 0.332031 0.122917 0.0463542 0.0898148
1 0.348958 0.0673032 0.0463542 0.0684028
1 0.132259 0.500926 0.0755859 0.0740741
1 0.130078 0.00930266 0.0304688 0.0171586
1 0.209766 0.0385995 0.00546875 0.0135417
1 0.9375 0.390278 0.114583 0.122222
0 0.415365 0.185301 0.0583333 0.0951389
0 0.86875 0.00992477 0.125 0.0198495
0 0.556771 0.118866 0.0385417 0.0583333
1 0.836458 0.462037 0.10625 0.15
0 0.126855 0.0269025 0.0488932 0.0519821
1 0.926042 0.0702546 0.00416667 0.0175926
1 0.403646 0.41875 0.00833333 0.0231481
0 0.0763021 0.711111 0.0815104 0.0814815
0 0.975 0.0886574 0.05 0.0662037
0 0.761458 0.561111 0.0645833 0.1
0 0.0557292 0.801852 0.0947917 0.0981481
0 0.147656 0.435185 0.0661458 0.0648148
0 0.402604 0.552778 0.04375 0.111111
0 0.0927734 0.637963 0.0769531 0.0768519
0 0.773438 0.216204 0.113542 0.12037
0 0.180729 0.329167 0.0734375 0.0611111
0 0.295898 0.540741 0.0759115 0.0925926
0 0.348698 0.859722 0.0484375 0.139815
0 0.836458 0.462037 0.10625 0.15
0 0.9375 0.390278 0.113542 0.121296
0 0.132031 0.500926 0.0757812 0.0731481
0 0.201823 0.265741 0.0726563 0.062037
0 0.914062 0.173495 0.0864583 0.0789352
0 0.224089 0.0947917 0.0596354 0.0553241
0 0.280208 0.638889 0.0671875 0.0925926
0 0.348958 0.0671875 0.0458333 0.0679398
0 0.252734 0.0199942 0.0606771 0.0388889
0 0.258854 0.694444 0.0494792 0.0592593
0 0.332031 0.122888 0.0458333 0.0894097
0 0.153125 0.0593171 0.0645833 0.115625
0 0.326302 0.977778 0.040625 0.0444444
0 0.898958 0.00914352 0.0583333 0.018287
0 0.324479 0.102431 0.0302083 0.0476852
1 0.597396 0.0917824 0.00729167 0.0282407
0 0.482292 0.133333 0.015625 0.0388889
0 0.898958 0.00920139 0.05625 0.0184028
0 0.40625 0.196528 0.040625 0.0768519
1 0.326042 0.976852 0.040625 0.0444444
0 0.341406 0.140046 0.0307292 0.0564815
1 0.442708 0.417593 0.00729167 0.0138889
0 0.34375 0.145602 0.0302083 0.0458333
1 0.482552 0.125694 0.00833333 0.0236111
1 0.396875 0.274074 0.00625 0.0268519
0 0.130469 0.0105179 0.0330729 0.0195891
1 0.348698 0.860185 0.0484375 0.140741
0 0.145866 0.0722801 0.0796224 0.141551
1 0.597917 0.0945023 0.009375 0.0353009
0 0.904688 0.00960648 0.0447917 0.0175926
0 0.321354 0.0974537 0.025 0.0381944
0 0.406771 0.17419 0.040625 0.119676
1 0.596875 0.0972801 0.00833333 0.0371528
1 0.482292 0.127894 0.0104167 0.0243056
0 0.597396 0.0918982 0.00729167 0.0282407
1 0.00292969 0.731481 0.00533854 0.012963
0 0.325521 0.11331 0.034375 0.0706019
0 0.130208 0.0072772 0.0304688 0.0140336
0 0.336719 0.137616 0.0369792 0.0611111
0 0.349479 0.141435 0.0427083 0.0541667
0 0.342708 0.152315 0.0260417 0.0333333
0 0.264844 0.709259 0.059375 0.0907407
0 0.320312 0.110995 0.0317708 0.0641204
0 0.132031 0.096412 0.107813 0.190741
1 0.598958 0.0917824 0.00833333 0.0303241
0 0.350521 0.128125 0.0583333 0.0821759
0 0.329688 0.104601 0.0395833 0.0519097
0 0.839583 0.0575231 0.189583 0.115046
0 0.566667 0.122251 0.0510417 0.0652199
0 0.5625 0.136574 0.0395833 0.0342593
0 0.343229 0.13125 0.0375 0.0731481
0 0.13151 0.0153067 0.0432292 0.0291667
0 0.559375 0.119792 0.0395833 0.0622685
0 0.709896 0.0347222 0.0739583 0.0677083
1 0.258398 0.693981 0.0498698 0.0583333
1 0.403906 0.416667 0.00729167 0.0180556
0 0.334896 0.146181 0.0354167 0.0446759
0 0.719271 0.033912 0.059375 0.0560185
1 0.153092 0.0596065 0.0646484 0.115972
0 0.355208 0.140625 0.0578125 0.0597222
1 0.325 0.179861 0.00729167 0.0136574
0 0.572917 0.130093 0.0604167 0.0564815
0 0.649479 0.128038 0.0510417 0.0721643
0 0.351042 0.108796 0.0552083 0.11412
0 0.259115 0.722222 0.0515625 0.116667
1 0.130078 0.00934607 0.0304688 0.0173032
0 0.315104 0.102112 0.034375 0.0480903
0 0.414583 0.185069 0.05625 0.0956018
1 0.295833 0.540741 0.0755208 0.0925926
0 0.86875 0.00979456 0.122917 0.0195891
0 0.564583 0.133102 0.0447917 0.0435185
1 0.0030599 0.724074 0.00592448 0.0259259
1 0.348958 0.0671296 0.0458333 0.0680556
0 0.272396 0.699074 0.065625 0.0759259
1 0.252734 0.0200521 0.0606771 0.0388889
0 0.114844 0.0345486 0.0304688 0.0671296
0 0.126823 0.027228 0.0492188 0.0527199
0 0.347656 0.151389 0.0322917 0.0375
0 0.727604 0.0301215 0.040625 0.0467014
1 0.398958 0.27037 0.0104167 0.0333333
1 0.403646 0.418519 0.00833333 0.0226852
1 0.209896 0.0385995 0.00520833 0.0135417
1 0.332031 0.122917 0.0463542 0.0895833
1 0.280273 0.638889 0.0665365 0.0916667
1 0.926042 0.0701968 0.00416667 0.0175926
1 0.396875 0.276852 0.009375 0.0351852
1 0.132161 0.500926 0.0757812 0.0731481
0 0.144922 0.00726273 0.0630208 0.0145255
1 0.9375 0.390046 0.114583 0.121759
0 0.975 0.0885995 0.05 0.066088
0 0.0764323 0.710648 0.08125 0.0814815
0 0.761458 0.561111 0.0645833 0.1
0 0.0557292 0.801852 0.0947917 0.0981481
0 0.402604 0.552315 0.04375 0.111111
0 0.147656 0.435185 0.0661458 0.0648148
0 0.0927734 0.637963 0.0769531 0.0768519
0 0.772917 0.216204 0.1125 0.119907
0 0.180729 0.329167 0.0734375 0.0611111
0 0.836458 0.462037 0.10625 0.15
0 0.295898 0.540741 0.0759115 0.0925926
0 0.132031 0.500926 0.0757812 0.0731481
0 0.9375 0.390278 0.113542 0.121296
0 0.348698 0.859722 0.0484375 0.139815
0 0.201823 0.265741 0.0723958 0.062037
0 0.914062 0.173495 0.0864583 0.0787037
0 0.224089 0.0946759 0.0596354 0.0550926
0 0.280208 0.638889 0.0671875 0.0925926
0 0.348958 0.0670718 0.0458333 0.0677083
0 0.252604 0.0200231 0.0609375 0.038831
0 0.258919 0.694444 0.0498698 0.0592593
0 0.331771 0.122888 0.0458333 0.0894097
0 0.153125 0.0588542 0.0645833 0.114699
0 0.326302 0.977778 0.040625 0.0444444
0 0.898438 0.00911458 0.0572917 0.0182292
0 0.324479 0.102315 0.0302083 0.0474537
1 0.597396 0.0917824 0.00729167 0.0284722
0 0.898958 0.00917245 0.05625 0.0183449
0 0.482292 0.133449 0.015625 0.0391204
0 0.40625 0.196528 0.040625 0.0768519
1 0.326042 0.977778 0.0411458 0.0444444
0 0.341146 0.140278 0.0302083 0.055787
1 0.442708 0.417593 0.00729167 0.0138889
0 0.34375 0.145833 0.0302083 0.0453704
1 0.348437 0.860185 0.0489583 0.140741
1 0.396875 0.274074 0.00625 0.0268519
0 0.130469 0.0105035 0.0330729 0.0196181
1 0.482292 0.125926 0.00833333 0.0240741
0 0.14554 0.0717593 0.0802734 0.140278
0 0.904167 0.00960648 0.0458333 0.0175926
1 0.597917 0.0943287 0.009375 0.0349537
0 0.406771 0.173611 0.040625 0.12037
1 0.483594 0.126852 0.0104167 0.0263889
1 0.596875 0.0972222 0.00833333 0.037037
0 0.325521 0.112963 0.034375 0.0699074
0 0.321094 0.0972222 0.0244792 0.0375
0 0.596875 0.0918403 0.00833333 0.0283565
0 0.130078 0.007364 0.0304688 0.0139757
1 0.00292969 0.731481 0.00535482 0.012963
0 0.349479 0.141435 0.0432292 0.0541667
0 0.329948 0.104514 0.0401042 0.0518519
0 0.342708 0.152778 0.0260417 0.0328704
0 0.265104 0.709259 0.059375 0.0907407
0 0.320312 0.11088 0.0317708 0.0636574
0 0.334375 0.140741 0.0401042 0.0550926
0 0.131999 0.0949074 0.107878 0.1875
1 0.598958 0.0917824 0.00833333 0.0303241
0 0.350521 0.128443 0.0583333 0.0815394
0 0.352083 0.139352 0.05625 0.0615741
0 0.566667 0.122251 0.0510417 0.0647569
0 0.340625 0.148843 0.0255208 0.0393519
0 0.563021 0.132176 0.0416667 0.0409722
0 0.338542 0.133565 0.034375 0.068287
1 0.396875 0.276852 0.0078125 0.0324074
1 0.403906 0.416667 0.00729167 0.0180556
1 0.258398 0.693981 0.0498698 0.0583333
0 0.13151 0.0155961 0.0440104 0.0298032
0 0.840625 0.0573495 0.1875 0.114699
0 0.709896 0.0343171 0.0739583 0.0667824
0 0.559375 0.119676 0.040625 0.0615741
0 0.572917 0.129977 0.0583333 0.0564815
0 0.414062 0.184954 0.0552083 0.0953704
0 0.719792 0.0338469 0.0583333 0.0547598
0 0.259115 0.721296 0.0515625 0.114815
0 0.347917 0.15162 0.0322917 0.037037
1 0.325 0.179861 0.00729167 0.0136574
1 0.130078 0.00949074 0.0304688 0.0175926
0 0.315104 0.101881 0.034375 0.0476273
1 0.153125 0.0590856 0.0645833 0.114699
0 0.351042 0.108825 0.0552083 0.113368
0 0.114714 0.0345486 0.0304688 0.0670139
0 0.272656 0.699074 0.065625 0.0759259
1 0.295833 0.540741 0.0755208 0.0925926
1 0.252734 0.0200738 0.0606771 0.0387876
1 0.398958 0.27037 0.00989583 0.0333333
0 0.5625 0.141435 0.0395833 0.0351852
1 0.00307617 0.724074 0.00595703 0.0259259
0 0.126693 0.0274016 0.0492188 0.0530671
0 0.648958 0.128009 0.0520833 0.0719907
1 0.348958 0.0671296 0.0458333 0.0680556
0 0.869271 0.00962095 0.122917 0.0192419
0 0.728125 0.0298683 0.0395833 0.0437355
1 0.331771 0.122917 0.0458333 0.0895833
0 0.144564 0.00729167 0.0624349 0.0145833
1 0.279948 0.638889 0.0661458 0.0925926
1 0.209896 0.0385995 0.00520833 0.0134259
